chrM	0	13920	16571	0.840022
chrM	1	2272	16571	0.137107
chrM	2	359	16571	0.0216644
chrM	3	20	16571	0.00120693
chr1	0	246206981	249250621	0.987789
chr1	1	3019592	249250621	0.0121147
chr1	2	21787	249250621	8.741e-05
chr1	3	537	249250621	2.15446e-06
chr1	4	240	249250621	9.62886e-07
chr1	5	194	249250621	7.78333e-07
chr1	6	125	249250621	5.01503e-07
chr1	7	69	249250621	2.7683e-07
chr1	8	43	249250621	1.72517e-07
chr1	9	66	249250621	2.64794e-07
chr1	10	54	249250621	2.16649e-07
chr1	11	59	249250621	2.3671e-07
chr1	12	84	249250621	3.3701e-07
chr1	13	79	249250621	3.1695e-07
chr1	14	74	249250621	2.9689e-07
chr1	15	58	249250621	2.32698e-07
chr1	16	58	249250621	2.32698e-07
chr1	17	50	249250621	2.00601e-07
chr1	18	46	249250621	1.84553e-07
chr1	19	56	249250621	2.24673e-07
chr1	20	29	249250621	1.16349e-07
chr1	21	39	249250621	1.56469e-07
chr1	22	25	249250621	1.00301e-07
chr1	23	41	249250621	1.64493e-07
chr1	24	17	249250621	6.82044e-08
chr1	25	20	249250621	8.02405e-08
chr1	26	34	249250621	1.36409e-07
chr1	27	23	249250621	9.22766e-08
chr1	28	23	249250621	9.22766e-08
chr1	29	13	249250621	5.21563e-08
chr1	30	19	249250621	7.62285e-08
chr1	31	16	249250621	6.41924e-08
chr1	32	21	249250621	8.42525e-08
chr1	33	21	249250621	8.42525e-08
chr1	34	18	249250621	7.22165e-08
chr1	35	7	249250621	2.80842e-08
chr1	36	3	249250621	1.20361e-08
chr2	0	239335733	243199373	0.984113
chr2	1	3817823	243199373	0.0156983
chr2	2	37366	243199373	0.000153643
chr2	3	3491	243199373	1.43545e-05
chr2	4	1858	243199373	7.63982e-06
chr2	5	1305	243199373	5.36597e-06
chr2	6	777	243199373	3.19491e-06
chr2	7	490	243199373	2.01481e-06
chr2	8	319	243199373	1.31168e-06
chr2	9	131	243199373	5.38653e-07
chr2	10	42	243199373	1.72698e-07
chr2	11	9	243199373	3.70067e-08
chr2	13	7	243199373	2.8783e-08
chr2	14	7	243199373	2.8783e-08
chr2	15	6	243199373	2.46711e-08
chr2	16	9	243199373	3.70067e-08
chr3	0	195599520	198022430	0.987764
chr3	1	2409071	198022430	0.0121656
chr3	2	13630	198022430	6.88306e-05
chr3	3	99	198022430	4.99943e-07
chr3	4	5	198022430	2.52497e-08
chr3	5	6	198022430	3.02996e-08
chr3	6	3	198022430	1.51498e-08
chr3	7	2	198022430	1.00999e-08
chr3	8	7	198022430	3.53495e-08
chr3	10	7	198022430	3.53495e-08
chr3	11	13	198022430	6.56491e-08
chr3	12	2	198022430	1.00999e-08
chr3	13	6	198022430	3.02996e-08
chr3	14	2	198022430	1.00999e-08
chr3	15	6	198022430	3.02996e-08
chr3	16	2	198022430	1.00999e-08
chr3	17	6	198022430	3.02996e-08
chr3	18	3	198022430	1.51498e-08
chr3	19	8	198022430	4.03995e-08
chr3	20	15	198022430	7.5749e-08
chr3	21	13	198022430	6.56491e-08
chr3	22	4	198022430	2.01997e-08
chr4	0	188867837	191154276	0.988039
chr4	1	2269588	191154276	0.0118731
chr4	2	15941	191154276	8.33934e-05
chr4	3	481	191154276	2.51629e-06
chr4	4	306	191154276	1.6008e-06
chr4	5	79	191154276	4.13279e-07
chr4	6	4	191154276	2.09255e-08
chr4	7	14	191154276	7.32393e-08
chr4	8	5	191154276	2.61569e-08
chr4	9	4	191154276	2.09255e-08
chr4	10	17	191154276	8.89334e-08
chr5	0	178900103	180915260	0.988861
chr5	1	2002343	180915260	0.0110678
chr5	2	12652	180915260	6.99333e-05
chr5	3	65	180915260	3.59284e-07
chr5	4	18	180915260	9.94941e-08
chr5	5	38	180915260	2.10043e-07
chr5	6	41	180915260	2.26625e-07
chr6	0	168443490	171115067	0.984387
chr6	1	2644747	171115067	0.015456
chr6	2	22617	171115067	0.000132174
chr6	3	585	171115067	3.41875e-06
chr6	4	284	171115067	1.6597e-06
chr6	5	184	171115067	1.0753e-06
chr6	6	261	171115067	1.52529e-06
chr6	7	280	171115067	1.63633e-06
chr6	8	290	171115067	1.69477e-06
chr6	9	303	171115067	1.77074e-06
chr6	10	308	171115067	1.79996e-06
chr6	11	279	171115067	1.63048e-06
chr6	12	328	171115067	1.91684e-06
chr6	13	288	171115067	1.68308e-06
chr6	14	208	171115067	1.21556e-06
chr6	15	169	171115067	9.8764e-07
chr6	16	176	171115067	1.02855e-06
chr6	17	121	171115067	7.07127e-07
chr6	18	62	171115067	3.62329e-07
chr6	19	37	171115067	2.16229e-07
chr6	20	34	171115067	1.98697e-07
chr6	21	15	171115067	8.76603e-08
chr6	22	1	171115067	5.84402e-09
chr7	0	155596432	159138663	0.977741
chr7	1	3494847	159138663	0.021961
chr7	2	43741	159138663	0.000274861
chr7	3	1282	159138663	8.05587e-06
chr7	4	440	159138663	2.76488e-06
chr7	5	334	159138663	2.0988e-06
chr7	6	437	159138663	2.74603e-06
chr7	7	208	159138663	1.30704e-06
chr7	8	209	159138663	1.31332e-06
chr7	9	170	159138663	1.06825e-06
chr7	10	187	159138663	1.17508e-06
chr7	11	99	159138663	6.22099e-07
chr7	12	72	159138663	4.52436e-07
chr7	13	59	159138663	3.70746e-07
chr7	14	72	159138663	4.52436e-07
chr7	15	39	159138663	2.45069e-07
chr7	16	17	159138663	1.06825e-07
chr7	17	14	159138663	8.79736e-08
chr7	18	4	159138663	2.51353e-08
chr8	0	144049197	146364022	0.984185
chr8	1	2287519	146364022	0.015629
chr8	2	22394	146364022	0.000153002
chr8	3	2801	146364022	1.91372e-05
chr8	4	1215	146364022	8.30122e-06
chr8	5	427	146364022	2.91738e-06
chr8	6	198	146364022	1.35279e-06
chr8	7	128	146364022	8.74532e-07
chr8	8	86	146364022	5.87576e-07
chr8	9	15	146364022	1.02484e-07
chr8	10	24	146364022	1.63975e-07
chr8	11	18	146364022	1.22981e-07
chr9	0	140116017	141213431	0.992229
chr9	1	1091187	141213431	0.00772722
chr9	2	5486	141213431	3.8849e-05
chr9	3	364	141213431	2.57766e-06
chr9	4	195	141213431	1.38089e-06
chr9	5	66	141213431	4.67378e-07
chr9	6	76	141213431	5.38192e-07
chr9	7	37	141213431	2.62015e-07
chr9	8	3	141213431	2.12444e-08
chr10	0	132691897	135534747	0.979025
chr10	1	2796236	135534747	0.0206311
chr10	2	34022	135534747	0.00025102
chr10	3	2570	135534747	1.89619e-05
chr10	4	1894	135534747	1.39743e-05
chr10	5	1199	135534747	8.84644e-06
chr10	6	850	135534747	6.27145e-06
chr10	7	707	135534747	5.21637e-06
chr10	8	790	135534747	5.82876e-06
chr10	9	651	135534747	4.8032e-06
chr10	10	576	135534747	4.24983e-06
chr10	11	372	135534747	2.74468e-06
chr10	12	417	135534747	3.0767e-06
chr10	13	381	135534747	2.81109e-06
chr10	14	391	135534747	2.88487e-06
chr10	15	296	135534747	2.18394e-06
chr10	16	224	135534747	1.65271e-06
chr10	17	277	135534747	2.04376e-06
chr10	18	198	135534747	1.46088e-06
chr10	19	160	135534747	1.18051e-06
chr10	20	121	135534747	8.9276e-07
chr10	21	120	135534747	8.85382e-07
chr10	22	86	135534747	6.34524e-07
chr10	23	65	135534747	4.79582e-07
chr10	24	48	135534747	3.54153e-07
chr10	25	62	135534747	4.57447e-07
chr10	26	40	135534747	2.95127e-07
chr10	27	30	135534747	2.21345e-07
chr10	28	28	135534747	2.06589e-07
chr10	29	17	135534747	1.25429e-07
chr10	30	6	135534747	4.42691e-08
chr10	31	9	135534747	6.64036e-08
chr10	32	5	135534747	3.68909e-08
chr10	33	2	135534747	1.47564e-08
chr11	0	133391141	135006516	0.988035
chr11	1	1603919	135006516	0.0118803
chr11	2	9526	135006516	7.05596e-05
chr11	3	617	135006516	4.57015e-06
chr11	4	227	135006516	1.6814e-06
chr11	5	296	135006516	2.19249e-06
chr11	6	196	135006516	1.45178e-06
chr11	7	87	135006516	6.44413e-07
chr11	8	114	135006516	8.44404e-07
chr11	9	119	135006516	8.81439e-07
chr11	10	111	135006516	8.22183e-07
chr11	11	82	135006516	6.07378e-07
chr11	12	50	135006516	3.70352e-07
chr11	13	24	135006516	1.77769e-07
chr11	14	7	135006516	5.18494e-08
chr12	0	132190988	133851895	0.987592
chr12	1	1648196	133851895	0.0123136
chr12	2	12529	133851895	9.36035e-05
chr12	3	182	133851895	1.35971e-06
chr13	0	114382183	115169878	0.993161
chr13	1	785099	115169878	0.00681688
chr13	2	2587	115169878	2.24625e-05
chr13	3	9	115169878	7.81454e-08
chr14	0	106021561	107349540	0.987629
chr14	1	1318099	107349540	0.0122786
chr14	2	9789	107349540	9.11881e-05
chr14	3	91	107349540	8.47698e-07
chr15	0	101832418	102531392	0.993183
chr15	1	696498	102531392	0.00679302
chr15	2	2476	102531392	2.41487e-05
chr16	0	89209625	90354753	0.987326
chr16	1	1112997	90354753	0.0123181
chr16	2	16212	90354753	0.000179426
chr16	3	6244	90354753	6.91054e-05
chr16	4	4027	90354753	4.45688e-05
chr16	5	2619	90354753	2.89857e-05
chr16	6	1455	90354753	1.61032e-05
chr16	7	681	90354753	7.53696e-06
chr16	8	394	90354753	4.36059e-06
chr16	9	241	90354753	2.66726e-06
chr16	10	155	90354753	1.71546e-06
chr16	11	53	90354753	5.86577e-07
chr16	12	15	90354753	1.66012e-07
chr16	13	28	90354753	3.0989e-07
chr16	14	6	90354753	6.64049e-08
chr16	15	1	90354753	1.10675e-08
chr17	0	80527630	81195210	0.991778
chr17	1	662834	81195210	0.00816346
chr17	2	3979	81195210	4.90054e-05
chr17	3	388	81195210	4.77861e-06
chr17	4	173	81195210	2.13067e-06
chr17	5	140	81195210	1.72424e-06
chr17	6	35	81195210	4.3106e-07
chr17	7	8	81195210	9.8528e-08
chr17	8	21	81195210	2.58636e-07
chr17	9	2	81195210	2.4632e-08
chr18	0	77165088	78077248	0.988317
chr18	1	905710	78077248	0.0116002
chr18	2	5555	78077248	7.11475e-05
chr18	3	368	78077248	4.71328e-06
chr18	4	197	78077248	2.52314e-06
chr18	5	134	78077248	1.71625e-06
chr18	6	109	78077248	1.39605e-06
chr18	7	23	78077248	2.9458e-07
chr18	8	16	78077248	2.04925e-07
chr18	9	3	78077248	3.84235e-08
chr18	10	2	78077248	2.56157e-08
chr18	11	10	78077248	1.28078e-07
chr18	12	6	78077248	7.6847e-08
chr18	13	8	78077248	1.02463e-07
chr18	14	3	78077248	3.84235e-08
chr18	15	6	78077248	7.6847e-08
chr18	16	10	78077248	1.28078e-07
chr19	0	58495244	59128983	0.989282
chr19	1	627457	59128983	0.0106117
chr19	2	4360	59128983	7.37371e-05
chr19	3	396	59128983	6.69722e-06
chr19	4	334	59128983	5.64867e-06
chr19	5	248	59128983	4.19422e-06
chr19	6	190	59128983	3.21331e-06
chr19	7	161	59128983	2.72286e-06
chr19	8	126	59128983	2.13093e-06
chr19	9	52	59128983	8.79433e-07
chr19	10	47	59128983	7.94872e-07
chr19	11	72	59128983	1.21768e-06
chr19	12	27	59128983	4.56629e-07
chr19	13	35	59128983	5.91926e-07
chr19	14	24	59128983	4.05892e-07
chr19	15	63	59128983	1.06547e-06
chr19	16	26	59128983	4.39717e-07
chr19	17	28	59128983	4.73541e-07
chr19	18	23	59128983	3.8898e-07
chr19	19	24	59128983	4.05892e-07
chr19	20	34	59128983	5.75014e-07
chr19	21	12	59128983	2.02946e-07
chr20	0	62051588	63025520	0.984547
chr20	1	966328	63025520	0.0153323
chr20	2	7590	63025520	0.000120427
chr20	3	14	63025520	2.22132e-07
chr21	0	47685676	48129895	0.99077
chr21	1	440688	48129895	0.00915622
chr21	2	3332	48129895	6.92293e-05
chr21	3	117	48129895	2.43092e-06
chr21	4	35	48129895	7.27199e-07
chr21	5	2	48129895	4.15542e-08
chr21	6	5	48129895	1.03886e-07
chr21	7	3	48129895	6.23313e-08
chr21	8	37	48129895	7.68753e-07
chr22	0	50993228	51304566	0.993932
chr22	1	310136	51304566	0.006045
chr22	2	1142	51304566	2.22592e-05
chr22	3	6	51304566	1.16949e-07
chr22	4	3	51304566	5.84743e-08
chr22	5	2	51304566	3.89829e-08
chr22	6	3	51304566	5.84743e-08
chr22	7	6	51304566	1.16949e-07
chr22	8	2	51304566	3.89829e-08
chr22	9	16	51304566	3.11863e-07
chr22	10	22	51304566	4.28812e-07
chrX	0	153636282	155270560	0.989475
chrX	1	1616607	155270560	0.0104115
chrX	2	14571	155270560	9.38426e-05
chrX	3	2092	155270560	1.34733e-05
chrX	4	672	155270560	4.32793e-06
chrX	5	200	155270560	1.28807e-06
chrX	6	59	155270560	3.79982e-07
chrX	7	42	155270560	2.70496e-07
chrX	8	26	155270560	1.6745e-07
chrX	9	9	155270560	5.79633e-08
chrY	0	59308222	59373566	0.998899
chrY	1	62770	59373566	0.0010572
chrY	2	2015	59373566	3.39377e-05
chrY	3	279	59373566	4.69906e-06
chrY	4	153	59373566	2.5769e-06
chrY	5	70	59373566	1.17898e-06
chrY	6	48	59373566	8.08441e-07
chrY	7	9	59373566	1.51583e-07
chr1_gl000191_random	0	105497	106433	0.991206
chr1_gl000191_random	1	922	106433	0.00866273
chr1_gl000191_random	2	14	106433	0.000131538
chr1_gl000192_random	0	536340	547496	0.979624
chr1_gl000192_random	1	11062	547496	0.0202047
chr1_gl000192_random	2	94	547496	0.000171691
chr4_ctg9_hap1	0	586715	590426	0.993715
chr4_ctg9_hap1	1	3672	590426	0.00621924
chr4_ctg9_hap1	2	39	590426	6.6054e-05
chr4_gl000193_random	0	184449	189789	0.971864
chr4_gl000193_random	1	5180	189789	0.0272935
chr4_gl000193_random	2	160	189789	0.000843041
chr4_gl000194_random	0	187069	191469	0.97702
chr4_gl000194_random	1	4400	191469	0.0229802
chr6_apd_hap1	0	4616373	4622290	0.99872
chr6_apd_hap1	1	5884	4622290	0.00127296
chr6_apd_hap1	2	33	4622290	7.13932e-06
chr6_cox_hap2	0	4779505	4795371	0.996691
chr6_cox_hap2	1	15782	4795371	0.00329109
chr6_cox_hap2	2	84	4795371	1.75169e-05
chr6_dbb_hap3	0	4597788	4610396	0.997265
chr6_dbb_hap3	1	12566	4610396	0.00272558
chr6_dbb_hap3	2	42	4610396	9.10985e-06
chr6_mann_hap4	0	4667457	4683263	0.996625
chr6_mann_hap4	1	15762	4683263	0.0033656
chr6_mann_hap4	2	44	4683263	9.39516e-06
chr6_mcf_hap5	0	4821862	4833398	0.997613
chr6_mcf_hap5	1	11522	4833398	0.00238383
chr6_mcf_hap5	2	14	4833398	2.89651e-06
chr6_qbl_hap6	0	4600484	4611984	0.997506
chr6_qbl_hap6	1	11500	4611984	0.0024935
chr6_ssto_hap7	0	4914169	4928567	0.997079
chr6_ssto_hap7	1	14346	4928567	0.00291079
chr6_ssto_hap7	2	52	4928567	1.05507e-05
chr7_gl000195_random	0	178514	182896	0.976041
chr7_gl000195_random	1	4364	182896	0.0238606
chr7_gl000195_random	2	18	182896	9.84166e-05
chr8_gl000196_random	0	38664	38914	0.993576
chr8_gl000196_random	1	250	38914	0.00642442
chr8_gl000197_random	0	36425	37175	0.979825
chr8_gl000197_random	1	750	37175	0.0201748
chr9_gl000198_random	0	87985	90085	0.976689
chr9_gl000198_random	1	2100	90085	0.0233113
chr9_gl000199_random	0	140758	169874	0.828602
chr9_gl000199_random	1	22616	169874	0.133134
chr9_gl000199_random	2	4446	169874	0.0261723
chr9_gl000199_random	3	959	169874	0.00564536
chr9_gl000199_random	4	382	169874	0.00224873
chr9_gl000199_random	5	339	169874	0.0019956
chr9_gl000199_random	6	149	169874	0.000877121
chr9_gl000199_random	7	25	169874	0.000147168
chr9_gl000199_random	8	59	169874	0.000347316
chr9_gl000199_random	9	92	169874	0.000541578
chr9_gl000199_random	10	14	169874	8.2414e-05
chr9_gl000199_random	11	5	169874	2.94336e-05
chr9_gl000199_random	12	4	169874	2.35469e-05
chr9_gl000199_random	13	3	169874	1.76601e-05
chr9_gl000199_random	14	4	169874	2.35469e-05
chr9_gl000199_random	15	19	169874	0.000111848
chr9_gl000200_random	0	186035	187035	0.994653
chr9_gl000200_random	1	1000	187035	0.00534659
chr9_gl000201_random	0	36048	36148	0.997234
chr9_gl000201_random	1	100	36148	0.0027664
chr11_gl000202_random	0	39553	40103	0.986285
chr11_gl000202_random	1	550	40103	0.0137147
chr17_ctg5_hap1	0	1671685	1680828	0.99456
chr17_ctg5_hap1	1	9036	1680828	0.00537592
chr17_ctg5_hap1	2	107	1680828	6.36591e-05
chr17_gl000203_random	0	37248	37498	0.993333
chr17_gl000203_random	1	250	37498	0.00666702
chr17_gl000204_random	0	80560	81310	0.990776
chr17_gl000204_random	1	750	81310	0.00922396
chr17_gl000205_random	0	169360	174588	0.970055
chr17_gl000205_random	1	5106	174588	0.029246
chr17_gl000205_random	2	122	174588	0.000698788
chr17_gl000206_random	0	40901	41001	0.997561
chr17_gl000206_random	1	100	41001	0.00243896
chr19_gl000208_random	0	88076	92689	0.950231
chr19_gl000208_random	1	3623	92689	0.0390877
chr19_gl000208_random	2	798	92689	0.00860944
chr19_gl000208_random	3	110	92689	0.00118676
chr19_gl000208_random	4	59	92689	0.000636537
chr19_gl000208_random	5	23	92689	0.000248142
chr19_gl000209_random	0	157969	159169	0.992461
chr19_gl000209_random	1	1200	159169	0.00753916
chr21_gl000210_random	0	27432	27682	0.990969
chr21_gl000210_random	1	250	27682	0.00903114
chrUn_gl000211	0	163644	166566	0.982457
chrUn_gl000211	1	2844	166566	0.0170743
chrUn_gl000211	2	78	166566	0.000468283
chrUn_gl000212	0	183492	186858	0.981986
chrUn_gl000212	1	3282	186858	0.0175641
chrUn_gl000212	2	84	186858	0.000449539
chrUn_gl000213	0	163139	164239	0.993302
chrUn_gl000213	1	1100	164239	0.00669756
chrUn_gl000214	0	129056	137718	0.937103
chrUn_gl000214	1	7218	137718	0.0524114
chrUn_gl000214	2	719	137718	0.00522081
chrUn_gl000214	3	379	137718	0.002752
chrUn_gl000214	4	169	137718	0.00122715
chrUn_gl000214	5	78	137718	0.000566375
chrUn_gl000214	6	66	137718	0.00047924
chrUn_gl000214	7	19	137718	0.000137963
chrUn_gl000214	8	14	137718	0.000101657
chrUn_gl000215	0	171495	172545	0.993915
chrUn_gl000215	1	1050	172545	0.00608537
chrUn_gl000216	0	161980	172294	0.940137
chrUn_gl000216	1	9075	172294	0.0526716
chrUn_gl000216	2	951	172294	0.00551964
chrUn_gl000216	3	234	172294	0.00135814
chrUn_gl000216	4	49	172294	0.000284398
chrUn_gl000216	5	5	172294	2.90202e-05
chrUn_gl000217	0	169838	172149	0.986576
chrUn_gl000217	1	2272	172149	0.0131979
chrUn_gl000217	2	39	172149	0.000226548
chrUn_gl000218	0	156647	161147	0.972075
chrUn_gl000218	1	4500	161147	0.0279248
chrUn_gl000219	0	175421	179198	0.978923
chrUn_gl000219	1	3570	179198	0.0199221
chrUn_gl000219	2	191	179198	0.00106586
chrUn_gl000219	3	16	179198	8.92867e-05
chrUn_gl000220	0	131427	161802	0.812271
chrUn_gl000220	1	21565	161802	0.13328
chrUn_gl000220	2	6324	161802	0.0390848
chrUn_gl000220	3	2024	161802	0.0125091
chrUn_gl000220	4	395	161802	0.00244126
chrUn_gl000220	5	67	161802	0.000414086
chrUn_gl000221	0	151660	155397	0.975952
chrUn_gl000221	1	3624	155397	0.0233209
chrUn_gl000221	2	113	155397	0.00072717
chrUn_gl000222	0	184098	186861	0.985214
chrUn_gl000222	1	2676	186861	0.0143208
chrUn_gl000222	2	87	186861	0.000465587
chrUn_gl000223	0	179605	180455	0.99529
chrUn_gl000223	1	850	180455	0.00471032
chrUn_gl000224	0	171232	179693	0.952914
chrUn_gl000224	1	7553	179693	0.0420328
chrUn_gl000224	2	727	179693	0.00404579
chrUn_gl000224	3	181	179693	0.00100727
chrUn_gl000225	0	195363	211173	0.925132
chrUn_gl000225	1	13258	211173	0.0627826
chrUn_gl000225	2	2096	211173	0.00992551
chrUn_gl000225	3	310	211173	0.00146799
chrUn_gl000225	4	110	211173	0.0005209
chrUn_gl000225	5	36	211173	0.000170476
chrUn_gl000226	0	1265	15008	0.0842884
chrUn_gl000226	1	1782	15008	0.118737
chrUn_gl000226	2	2199	15008	0.146522
chrUn_gl000226	3	2023	15008	0.134795
chrUn_gl000226	4	2109	15008	0.140525
chrUn_gl000226	5	2110	15008	0.140592
chrUn_gl000226	6	1515	15008	0.100946
chrUn_gl000226	7	1022	15008	0.068097
chrUn_gl000226	8	433	15008	0.0288513
chrUn_gl000226	9	280	15008	0.0186567
chrUn_gl000226	10	138	15008	0.0091951
chrUn_gl000226	11	49	15008	0.00326493
chrUn_gl000226	12	34	15008	0.00226546
chrUn_gl000226	13	29	15008	0.0019323
chrUn_gl000226	14	17	15008	0.00113273
chrUn_gl000226	15	3	15008	0.000199893
chrUn_gl000227	0	127074	128374	0.989873
chrUn_gl000227	1	1300	128374	0.0101267
chrUn_gl000228	0	126045	129120	0.976185
chrUn_gl000228	1	2950	129120	0.022847
chrUn_gl000228	2	125	129120	0.000968092
chrUn_gl000229	0	19663	19913	0.987445
chrUn_gl000229	1	250	19913	0.0125546
chrUn_gl000230	0	42883	43691	0.981506
chrUn_gl000230	1	766	43691	0.0175322
chrUn_gl000230	2	42	43691	0.000961296
chrUn_gl000231	0	26259	27386	0.958848
chrUn_gl000231	1	1054	27386	0.0384868
chrUn_gl000231	2	73	27386	0.0026656
chrUn_gl000232	0	38918	40652	0.957345
chrUn_gl000232	1	1668	40652	0.0410312
chrUn_gl000232	2	66	40652	0.00162354
chrUn_gl000233	0	44588	45941	0.970549
chrUn_gl000233	1	1306	45941	0.0284278
chrUn_gl000233	2	47	45941	0.00102305
chrUn_gl000234	0	39181	40531	0.966692
chrUn_gl000234	1	1350	40531	0.0333078
chrUn_gl000235	0	33174	34474	0.96229
chrUn_gl000235	1	1300	34474	0.0377096
chrUn_gl000236	0	41234	41934	0.983307
chrUn_gl000236	1	700	41934	0.0166929
chrUn_gl000237	0	44667	45867	0.973837
chrUn_gl000237	1	1200	45867	0.0261626
chrUn_gl000238	0	39689	39939	0.99374
chrUn_gl000238	1	250	39939	0.00625955
chrUn_gl000239	0	32726	33824	0.967538
chrUn_gl000239	1	1096	33824	0.032403
chrUn_gl000239	2	2	33824	5.91296e-05
chrUn_gl000240	0	41233	41933	0.983307
chrUn_gl000240	1	700	41933	0.0166933
chrUn_gl000241	0	40196	42152	0.953597
chrUn_gl000241	1	1912	42152	0.0453597
chrUn_gl000241	2	44	42152	0.00104384
chrUn_gl000242	0	43423	43523	0.997702
chrUn_gl000242	1	100	43523	0.00229764
chrUn_gl000243	0	42091	43341	0.971159
chrUn_gl000243	1	1250	43341	0.0288411
chrUn_gl000244	0	39249	39929	0.98297
chrUn_gl000244	1	660	39929	0.0165293
chrUn_gl000244	2	20	39929	0.000500889
chrUn_gl000245	0	35651	36651	0.972716
chrUn_gl000245	1	1000	36651	0.0272844
chrUn_gl000246	0	37954	38154	0.994758
chrUn_gl000246	1	200	38154	0.00524191
chrUn_gl000247	0	35822	36422	0.983526
chrUn_gl000247	1	600	36422	0.0164736
chrUn_gl000248	0	39636	39786	0.99623
chrUn_gl000248	1	150	39786	0.00377017
chrUn_gl000249	0	38452	38502	0.998701
chrUn_gl000249	1	50	38502	0.00129863
chr18_gl000207_random	0	4262	4262	1
genome	0	3097870354	3137161264	0.987476
genome	1	38865237	3137161264	0.0123887
genome	2	345752	3137161264	0.000110212
genome	3	29334	3137161264	9.35049e-06
genome	4	15549	3137161264	4.95639e-06
genome	5	10201	3137161264	3.25167e-06
genome	6	6602	3137161264	2.10445e-06
genome	7	4021	3137161264	1.28173e-06
genome	8	2994	3137161264	9.54366e-07
genome	9	2154	3137161264	6.86608e-07
genome	10	1704	3137161264	5.43166e-07
genome	11	1120	3137161264	3.57011e-07
genome	12	1039	3137161264	3.31191e-07
genome	13	947	3137161264	3.01865e-07
genome	14	815	3137161264	2.59789e-07
genome	15	666	3137161264	2.12294e-07
genome	16	522	3137161264	1.66392e-07
genome	17	496	3137161264	1.58105e-07
genome	18	336	3137161264	1.07103e-07
genome	19	285	3137161264	9.08465e-08
genome	20	233	3137161264	7.4271e-08
genome	21	199	3137161264	6.34331e-08
genome	22	116	3137161264	3.69761e-08
genome	23	106	3137161264	3.37885e-08
genome	24	65	3137161264	2.07194e-08
genome	25	82	3137161264	2.61383e-08
genome	26	74	3137161264	2.35882e-08
genome	27	53	3137161264	1.68943e-08
genome	28	51	3137161264	1.62567e-08
genome	29	30	3137161264	9.56279e-09
genome	30	25	3137161264	7.96899e-09
genome	31	25	3137161264	7.96899e-09
genome	32	26	3137161264	8.28775e-09
genome	33	23	3137161264	7.33147e-09
genome	34	18	3137161264	5.73767e-09
genome	35	7	3137161264	2.23132e-09
genome	36	3	3137161264	9.56279e-10
