chrM	0	13122	16571	0.791865
chrM	1	3031	16571	0.18291
chrM	2	385	16571	0.0232334
chrM	3	33	16571	0.00199143
chr1	0	244970939	249250621	0.98283
chr1	1	4233782	249250621	0.016986
chr1	2	43747	249250621	0.000175514
chr1	3	673	249250621	2.70009e-06
chr1	4	159	249250621	6.37912e-07
chr1	5	155	249250621	6.21864e-07
chr1	6	48	249250621	1.92577e-07
chr1	7	51	249250621	2.04613e-07
chr1	8	104	249250621	4.17251e-07
chr1	9	92	249250621	3.69106e-07
chr1	10	72	249250621	2.88866e-07
chr1	11	81	249250621	3.24974e-07
chr1	12	99	249250621	3.97191e-07
chr1	13	79	249250621	3.1695e-07
chr1	14	105	249250621	4.21263e-07
chr1	15	47	249250621	1.88565e-07
chr1	16	36	249250621	1.44433e-07
chr1	17	38	249250621	1.52457e-07
chr1	18	30	249250621	1.20361e-07
chr1	19	24	249250621	9.62886e-08
chr1	20	40	249250621	1.60481e-07
chr1	21	29	249250621	1.16349e-07
chr1	22	16	249250621	6.41924e-08
chr1	23	20	249250621	8.02405e-08
chr1	24	7	249250621	2.80842e-08
chr1	25	9	249250621	3.61082e-08
chr1	26	7	249250621	2.80842e-08
chr1	27	10	249250621	4.01203e-08
chr1	28	8	249250621	3.20962e-08
chr1	29	3	249250621	1.20361e-08
chr1	30	7	249250621	2.80842e-08
chr1	31	5	249250621	2.00601e-08
chr1	32	13	249250621	5.21563e-08
chr1	33	19	249250621	7.62285e-08
chr1	34	31	249250621	1.24373e-07
chr1	35	20	249250621	8.02405e-08
chr1	36	11	249250621	4.41323e-08
chr1	37	5	249250621	2.00601e-08
chr2	0	240059185	243199373	0.987088
chr2	1	3104663	243199373	0.0127659
chr2	2	27861	243199373	0.00011456
chr2	3	3612	243199373	1.4852e-05
chr2	4	1874	243199373	7.70561e-06
chr2	5	914	243199373	3.75823e-06
chr2	6	499	243199373	2.05181e-06
chr2	7	316	243199373	1.29935e-06
chr2	8	176	243199373	7.23686e-07
chr2	9	89	243199373	3.65955e-07
chr2	10	106	243199373	4.35856e-07
chr2	11	53	243199373	2.17928e-07
chr2	12	20	243199373	8.22371e-08
chr2	13	5	243199373	2.05593e-08
chr3	0	195993428	198022430	0.989754
chr3	1	2019736	198022430	0.0101995
chr3	2	9101	198022430	4.59594e-05
chr3	3	4	198022430	2.01997e-08
chr3	4	15	198022430	7.5749e-08
chr3	5	43	198022430	2.17147e-07
chr3	6	3	198022430	1.51498e-08
chr3	7	6	198022430	3.02996e-08
chr3	8	3	198022430	1.51498e-08
chr3	9	3	198022430	1.51498e-08
chr3	10	2	198022430	1.00999e-08
chr3	11	2	198022430	1.00999e-08
chr3	12	4	198022430	2.01997e-08
chr3	13	1	198022430	5.04993e-09
chr3	14	8	198022430	4.03995e-08
chr3	15	3	198022430	1.51498e-08
chr3	16	3	198022430	1.51498e-08
chr3	17	4	198022430	2.01997e-08
chr3	18	1	198022430	5.04993e-09
chr3	19	3	198022430	1.51498e-08
chr3	20	10	198022430	5.04993e-08
chr3	21	6	198022430	3.02996e-08
chr3	22	2	198022430	1.00999e-08
chr3	23	5	198022430	2.52497e-08
chr3	24	6	198022430	3.02996e-08
chr3	25	3	198022430	1.51498e-08
chr3	26	1	198022430	5.04993e-09
chr3	27	7	198022430	3.53495e-08
chr3	28	6	198022430	3.02996e-08
chr3	29	4	198022430	2.01997e-08
chr3	30	7	198022430	3.53495e-08
chr4	0	188876640	191154276	0.988085
chr4	1	2259050	191154276	0.0118179
chr4	2	16892	191154276	8.83684e-05
chr4	3	1136	191154276	5.94284e-06
chr4	4	404	191154276	2.11348e-06
chr4	5	106	191154276	5.54526e-07
chr4	6	4	191154276	2.09255e-08
chr4	7	1	191154276	5.23138e-09
chr4	8	6	191154276	3.13883e-08
chr4	9	37	191154276	1.93561e-07
chr5	0	178880146	180915260	0.988751
chr5	1	2023303	180915260	0.0111837
chr5	2	11468	180915260	6.33888e-05
chr5	3	311	180915260	1.71904e-06
chr5	4	32	180915260	1.76878e-07
chr6	0	168397308	171115067	0.984117
chr6	1	2693437	171115067	0.0157405
chr6	2	20321	171115067	0.000118756
chr6	3	504	171115067	2.94539e-06
chr6	4	314	171115067	1.83502e-06
chr6	5	296	171115067	1.72983e-06
chr6	6	307	171115067	1.79411e-06
chr6	7	277	171115067	1.61879e-06
chr6	8	386	171115067	2.25579e-06
chr6	9	402	171115067	2.3493e-06
chr6	10	345	171115067	2.01619e-06
chr6	11	275	171115067	1.60711e-06
chr6	12	272	171115067	1.58957e-06
chr6	13	210	171115067	1.22724e-06
chr6	14	128	171115067	7.48035e-07
chr6	15	110	171115067	6.42842e-07
chr6	16	66	171115067	3.85705e-07
chr6	17	39	171115067	2.27917e-07
chr6	18	36	171115067	2.10385e-07
chr6	19	22	171115067	1.28568e-07
chr6	20	12	171115067	7.01282e-08
chr7	0	155919454	159138663	0.979771
chr7	1	3180200	159138663	0.0199838
chr7	2	35567	159138663	0.000223497
chr7	3	1171	159138663	7.35836e-06
chr7	4	441	159138663	2.77117e-06
chr7	5	317	159138663	1.99197e-06
chr7	6	366	159138663	2.29988e-06
chr7	7	206	159138663	1.29447e-06
chr7	8	182	159138663	1.14366e-06
chr7	9	100	159138663	6.28383e-07
chr7	10	117	159138663	7.35208e-07
chr7	11	132	159138663	8.29465e-07
chr7	12	104	159138663	6.53518e-07
chr7	13	70	159138663	4.39868e-07
chr7	14	44	159138663	2.76488e-07
chr7	15	52	159138663	3.26759e-07
chr7	16	53	159138663	3.33043e-07
chr7	17	46	159138663	2.89056e-07
chr7	18	26	159138663	1.6338e-07
chr7	19	14	159138663	8.79736e-08
chr7	20	1	159138663	6.28383e-09
chr8	0	144018142	146364022	0.983972
chr8	1	2317246	146364022	0.0158321
chr8	2	23394	146364022	0.000159834
chr8	3	2760	146364022	1.88571e-05
chr8	4	1270	146364022	8.677e-06
chr8	5	579	146364022	3.95589e-06
chr8	6	287	146364022	1.96086e-06
chr8	7	188	146364022	1.28447e-06
chr8	8	79	146364022	5.3975e-07
chr8	9	56	146364022	3.82608e-07
chr8	10	5	146364022	3.41614e-08
chr8	11	6	146364022	4.09937e-08
chr8	12	9	146364022	6.14905e-08
chr8	13	1	146364022	6.83228e-09
chr9	0	140027878	141213431	0.991605
chr9	1	1178572	141213431	0.00834603
chr9	2	6378	141213431	4.51657e-05
chr9	3	251	141213431	1.77745e-06
chr9	4	88	141213431	6.2317e-07
chr9	5	80	141213431	5.66518e-07
chr9	6	50	141213431	3.54074e-07
chr9	7	35	141213431	2.47852e-07
chr9	8	47	141213431	3.3283e-07
chr9	9	24	141213431	1.69956e-07
chr9	10	28	141213431	1.98281e-07
chr10	0	133264945	135534747	0.983253
chr10	1	2234712	135534747	0.0164881
chr10	2	22738	135534747	0.000167765
chr10	3	2653	135534747	1.95743e-05
chr10	4	1428	135534747	1.0536e-05
chr10	5	1064	135534747	7.85039e-06
chr10	6	1021	135534747	7.53312e-06
chr10	7	905	135534747	6.67725e-06
chr10	8	636	135534747	4.69252e-06
chr10	9	562	135534747	4.14654e-06
chr10	10	516	135534747	3.80714e-06
chr10	11	497	135534747	3.66696e-06
chr10	12	451	135534747	3.32756e-06
chr10	13	348	135534747	2.56761e-06
chr10	14	320	135534747	2.36102e-06
chr10	15	299	135534747	2.20608e-06
chr10	16	279	135534747	2.05851e-06
chr10	17	243	135534747	1.7929e-06
chr10	18	213	135534747	1.57155e-06
chr10	19	169	135534747	1.24691e-06
chr10	20	190	135534747	1.40185e-06
chr10	21	102	135534747	7.52575e-07
chr10	22	99	135534747	7.3044e-07
chr10	23	68	135534747	5.01716e-07
chr10	24	85	135534747	6.27145e-07
chr10	25	50	135534747	3.68909e-07
chr10	26	43	135534747	3.17262e-07
chr10	27	22	135534747	1.6232e-07
chr10	28	31	135534747	2.28724e-07
chr10	29	15	135534747	1.10673e-07
chr10	30	15	135534747	1.10673e-07
chr10	31	12	135534747	8.85382e-08
chr10	32	3	135534747	2.21345e-08
chr10	33	6	135534747	4.42691e-08
chr10	34	4	135534747	2.95127e-08
chr10	35	3	135534747	2.21345e-08
chr11	0	132895433	135006516	0.984363
chr11	1	2093272	135006516	0.015505
chr11	2	16045	135006516	0.000118846
chr11	3	503	135006516	3.72575e-06
chr11	4	360	135006516	2.66654e-06
chr11	5	282	135006516	2.08879e-06
chr11	6	201	135006516	1.48882e-06
chr11	7	125	135006516	9.25881e-07
chr11	8	60	135006516	4.44423e-07
chr11	9	100	135006516	7.40705e-07
chr11	10	37	135006516	2.74061e-07
chr11	11	46	135006516	3.40724e-07
chr11	12	34	135006516	2.5184e-07
chr11	13	18	135006516	1.33327e-07
chr12	0	132163844	133851895	0.987389
chr12	1	1673486	133851895	0.0125025
chr12	2	14232	133851895	0.000106326
chr12	3	254	133851895	1.89762e-06
chr12	4	57	133851895	4.25844e-07
chr12	5	22	133851895	1.64361e-07
chr13	0	114373426	115169878	0.993084
chr13	1	794104	115169878	0.00689507
chr13	2	2348	115169878	2.03873e-05
chr14	0	106070044	107349540	0.988081
chr14	1	1271542	107349540	0.0118449
chr14	2	7954	107349540	7.40944e-05
chr15	0	101820511	102531392	0.993067
chr15	1	708762	102531392	0.00691263
chr15	2	2119	102531392	2.06668e-05
chr16	0	89307586	90354753	0.98841
chr16	1	1017364	90354753	0.0112597
chr16	2	13900	90354753	0.000153838
chr16	3	6003	90354753	6.64381e-05
chr16	4	4018	90354753	4.44692e-05
chr16	5	2701	90354753	2.98933e-05
chr16	6	1529	90354753	1.69222e-05
chr16	7	740	90354753	8.18994e-06
chr16	8	366	90354753	4.0507e-06
chr16	9	263	90354753	2.91075e-06
chr16	10	118	90354753	1.30596e-06
chr16	11	99	90354753	1.09568e-06
chr16	12	34	90354753	3.76295e-07
chr16	13	24	90354753	2.6562e-07
chr16	14	8	90354753	8.85399e-08
chr17	0	80527173	81195210	0.991773
chr17	1	663921	81195210	0.00817685
chr17	2	3578	81195210	4.40666e-05
chr17	3	147	81195210	1.81045e-06
chr17	4	168	81195210	2.06909e-06
chr17	5	74	81195210	9.11384e-07
chr17	6	39	81195210	4.80324e-07
chr17	7	43	81195210	5.29588e-07
chr17	8	52	81195210	6.40432e-07
chr17	9	11	81195210	1.35476e-07
chr17	10	4	81195210	4.9264e-08
chr18	0	77001298	78077248	0.986219
chr18	1	1066526	78077248	0.0136599
chr18	2	8594	78077248	0.00011007
chr18	3	343	78077248	4.39308e-06
chr18	4	198	78077248	2.53595e-06
chr18	5	123	78077248	1.57536e-06
chr18	6	59	78077248	7.55662e-07
chr18	7	27	78077248	3.45811e-07
chr18	8	29	78077248	3.71427e-07
chr18	9	16	78077248	2.04925e-07
chr18	10	3	78077248	3.84235e-08
chr18	11	3	78077248	3.84235e-08
chr18	12	10	78077248	1.28078e-07
chr18	13	18	78077248	2.30541e-07
chr18	14	1	78077248	1.28078e-08
chr19	0	58145775	59128983	0.983372
chr19	1	971232	59128983	0.0164257
chr19	2	9886	59128983	0.000167194
chr19	3	607	59128983	1.02657e-05
chr19	4	353	59128983	5.97e-06
chr19	5	248	59128983	4.19422e-06
chr19	6	264	59128983	4.46482e-06
chr19	7	177	59128983	2.99346e-06
chr19	8	94	59128983	1.58974e-06
chr19	9	120	59128983	2.02946e-06
chr19	10	54	59128983	9.13258e-07
chr19	11	32	59128983	5.4119e-07
chr19	12	10	59128983	1.69122e-07
chr19	13	22	59128983	3.72068e-07
chr19	14	13	59128983	2.19858e-07
chr19	15	36	59128983	6.08838e-07
chr19	16	36	59128983	6.08838e-07
chr19	17	14	59128983	2.36771e-07
chr19	18	6	59128983	1.01473e-07
chr19	19	4	59128983	6.76487e-08
chr20	0	62048644	63025520	0.9845
chr20	1	968875	63025520	0.0153727
chr20	2	7752	63025520	0.000122998
chr20	3	225	63025520	3.56998e-06
chr20	4	24	63025520	3.80798e-07
chr21	0	47671959	48129895	0.990485
chr21	1	454482	48129895	0.00944282
chr21	2	3205	48129895	6.65906e-05
chr21	3	69	48129895	1.43362e-06
chr21	4	37	48129895	7.68753e-07
chr21	5	55	48129895	1.14274e-06
chr21	6	16	48129895	3.32434e-07
chr21	7	36	48129895	7.47976e-07
chr21	8	9	48129895	1.86994e-07
chr21	9	12	48129895	2.49325e-07
chr21	10	15	48129895	3.11657e-07
chr22	0	50997390	51304566	0.994013
chr22	1	305360	51304566	0.00595191
chr22	2	1753	51304566	3.41685e-05
chr22	3	7	51304566	1.3644e-07
chr22	4	1	51304566	1.94914e-08
chr22	5	5	51304566	9.74572e-08
chr22	6	5	51304566	9.74572e-08
chr22	7	1	51304566	1.94914e-08
chr22	8	7	51304566	1.3644e-07
chr22	9	6	51304566	1.16949e-07
chr22	10	4	51304566	7.79658e-08
chr22	11	27	51304566	5.26269e-07
chrX	0	153958250	155270560	0.991548
chrX	1	1297909	155270560	0.00835901
chrX	2	11354	155270560	7.3124e-05
chrX	3	2005	155270560	1.29129e-05
chrX	4	754	155270560	4.85604e-06
chrX	5	149	155270560	9.59615e-07
chrX	6	80	155270560	5.1523e-07
chrX	7	12	155270560	7.72845e-08
chrX	8	3	155270560	1.93211e-08
chrX	9	11	155270560	7.08441e-08
chrX	10	12	155270560	7.72845e-08
chrX	11	9	155270560	5.79633e-08
chrX	12	5	155270560	3.22019e-08
chrX	13	7	155270560	4.50826e-08
chrY	0	59311859	59373566	0.998961
chrY	1	58593	59373566	0.000986853
chrY	2	2247	59373566	3.78451e-05
chrY	3	543	59373566	9.14548e-06
chrY	4	204	59373566	3.43587e-06
chrY	5	102	59373566	1.71794e-06
chrY	6	18	59373566	3.03165e-07
chr1_gl000191_random	0	105483	106433	0.991074
chr1_gl000191_random	1	950	106433	0.0089258
chr1_gl000192_random	0	532806	547496	0.973169
chr1_gl000192_random	1	14380	547496	0.026265
chr1_gl000192_random	2	310	547496	0.000566214
chr4_ctg9_hap1	0	587126	590426	0.994411
chr4_ctg9_hap1	1	3300	590426	0.00558918
chr4_gl000193_random	0	184624	189789	0.972786
chr4_gl000193_random	1	5014	189789	0.0264188
chr4_gl000193_random	2	117	189789	0.000616474
chr4_gl000193_random	3	34	189789	0.000179146
chr4_gl000194_random	0	187319	191469	0.978325
chr4_gl000194_random	1	4150	191469	0.0216745
chr6_apd_hap1	0	4615580	4622290	0.998548
chr6_apd_hap1	1	6670	4622290	0.00144301
chr6_apd_hap1	2	40	4622290	8.65372e-06
chr6_cox_hap2	0	4781021	4795371	0.997008
chr6_cox_hap2	1	14350	4795371	0.00299247
chr6_dbb_hap3	0	4598551	4610396	0.997431
chr6_dbb_hap3	1	11740	4610396	0.00254642
chr6_dbb_hap3	2	105	4610396	2.27746e-05
chr6_mann_hap4	0	4667050	4683263	0.996538
chr6_mann_hap4	1	16176	4683263	0.003454
chr6_mann_hap4	2	37	4683263	7.90047e-06
chr6_mcf_hap5	0	4822735	4833398	0.997794
chr6_mcf_hap5	1	10626	4833398	0.00219845
chr6_mcf_hap5	2	37	4833398	7.65507e-06
chr6_qbl_hap6	0	4599034	4611984	0.997192
chr6_qbl_hap6	1	12950	4611984	0.0028079
chr6_ssto_hap7	0	4916688	4928567	0.99759
chr6_ssto_hap7	1	11808	4928567	0.00239583
chr6_ssto_hap7	2	71	4928567	1.44058e-05
chr7_gl000195_random	0	178499	182896	0.975959
chr7_gl000195_random	1	4394	182896	0.0240246
chr7_gl000195_random	2	3	182896	1.64028e-05
chr8_gl000196_random	0	38514	38914	0.989721
chr8_gl000196_random	1	400	38914	0.0102791
chr8_gl000197_random	0	36625	37175	0.985205
chr8_gl000197_random	1	550	37175	0.0147949
chr9_gl000198_random	0	87793	90085	0.974557
chr9_gl000198_random	1	2184	90085	0.0242438
chr9_gl000198_random	2	108	90085	0.00119887
chr9_gl000199_random	0	134852	169874	0.793835
chr9_gl000199_random	1	26832	169874	0.157952
chr9_gl000199_random	2	5595	169874	0.0329362
chr9_gl000199_random	3	1409	169874	0.00829438
chr9_gl000199_random	4	495	169874	0.00291392
chr9_gl000199_random	5	347	169874	0.00204269
chr9_gl000199_random	6	137	169874	0.00080648
chr9_gl000199_random	7	111	169874	0.000653425
chr9_gl000199_random	8	27	169874	0.000158941
chr9_gl000199_random	9	36	169874	0.000211922
chr9_gl000199_random	10	6	169874	3.53203e-05
chr9_gl000199_random	11	4	169874	2.35469e-05
chr9_gl000199_random	12	10	169874	5.88672e-05
chr9_gl000199_random	13	9	169874	5.29804e-05
chr9_gl000199_random	14	4	169874	2.35469e-05
chr9_gl000200_random	0	186235	187035	0.995723
chr9_gl000200_random	1	800	187035	0.00427727
chr9_gl000201_random	0	36048	36148	0.997234
chr9_gl000201_random	1	100	36148	0.0027664
chr11_gl000202_random	0	39953	40103	0.99626
chr11_gl000202_random	1	150	40103	0.00374037
chr17_ctg5_hap1	0	1671782	1680828	0.994618
chr17_ctg5_hap1	1	9042	1680828	0.00537949
chr17_ctg5_hap1	2	4	1680828	2.37978e-06
chr17_gl000203_random	0	37248	37498	0.993333
chr17_gl000203_random	1	250	37498	0.00666702
chr17_gl000204_random	0	80810	81310	0.993851
chr17_gl000204_random	1	500	81310	0.00614931
chr17_gl000205_random	0	170641	174588	0.977392
chr17_gl000205_random	1	3844	174588	0.0220175
chr17_gl000205_random	2	103	174588	0.00058996
chr17_gl000206_random	0	40751	41001	0.993903
chr17_gl000206_random	1	250	41001	0.00609741
chr18_gl000207_random	0	4062	4262	0.953074
chr18_gl000207_random	1	200	4262	0.0469263
chr19_gl000208_random	0	86730	92689	0.93571
chr19_gl000208_random	1	4835	92689	0.0521637
chr19_gl000208_random	2	830	92689	0.00895468
chr19_gl000208_random	3	247	92689	0.00266483
chr19_gl000208_random	4	26	92689	0.000280508
chr19_gl000208_random	5	16	92689	0.00017262
chr19_gl000208_random	6	5	92689	5.39438e-05
chr19_gl000209_random	0	157588	159169	0.990067
chr19_gl000209_random	1	1531	159169	0.00961871
chr19_gl000209_random	2	31	159169	0.000194762
chr19_gl000209_random	3	19	159169	0.00011937
chr21_gl000210_random	0	27632	27682	0.998194
chr21_gl000210_random	1	50	27682	0.00180623
chrUn_gl000211	0	164016	166566	0.984691
chrUn_gl000211	1	2550	166566	0.0153092
chrUn_gl000212	0	184253	186858	0.986059
chrUn_gl000212	1	2510	186858	0.0134327
chrUn_gl000212	2	95	186858	0.000508407
chrUn_gl000213	0	162889	164239	0.99178
chrUn_gl000213	1	1350	164239	0.00821973
chrUn_gl000214	0	127634	137718	0.926778
chrUn_gl000214	1	8654	137718	0.0628386
chrUn_gl000214	2	1191	137718	0.00864811
chrUn_gl000214	3	193	137718	0.00140141
chrUn_gl000214	4	45	137718	0.000326755
chrUn_gl000214	5	1	137718	7.26122e-06
chrUn_gl000215	0	171564	172545	0.994315
chrUn_gl000215	1	962	172545	0.00557536
chrUn_gl000215	2	19	172545	0.000110116
chrUn_gl000216	0	159358	172294	0.924919
chrUn_gl000216	1	11325	172294	0.0657307
chrUn_gl000216	2	1052	172294	0.00610584
chrUn_gl000216	3	298	172294	0.0017296
chrUn_gl000216	4	147	172294	0.000853193
chrUn_gl000216	5	52	172294	0.00030181
chrUn_gl000216	6	18	172294	0.000104473
chrUn_gl000216	7	31	172294	0.000179925
chrUn_gl000216	8	13	172294	7.54524e-05
chrUn_gl000217	0	169726	172149	0.985925
chrUn_gl000217	1	2346	172149	0.0136277
chrUn_gl000217	2	77	172149	0.000447287
chrUn_gl000218	0	157938	161147	0.980087
chrUn_gl000218	1	3168	161147	0.0196591
chrUn_gl000218	2	41	161147	0.000254426
chrUn_gl000219	0	175361	179198	0.978588
chrUn_gl000219	1	3724	179198	0.0207815
chrUn_gl000219	2	113	179198	0.000630587
chrUn_gl000220	0	130537	161802	0.80677
chrUn_gl000220	1	21471	161802	0.132699
chrUn_gl000220	2	6988	161802	0.0431886
chrUn_gl000220	3	2166	161802	0.0133867
chrUn_gl000220	4	455	161802	0.00281208
chrUn_gl000220	5	134	161802	0.000828173
chrUn_gl000220	6	42	161802	0.000259577
chrUn_gl000220	7	9	161802	5.56235e-05
chrUn_gl000221	0	151353	155397	0.973976
chrUn_gl000221	1	3948	155397	0.0254059
chrUn_gl000221	2	86	155397	0.000553421
chrUn_gl000221	3	10	155397	6.43513e-05
chrUn_gl000222	0	185000	186861	0.990041
chrUn_gl000222	1	1822	186861	0.00975056
chrUn_gl000222	2	39	186861	0.000208711
chrUn_gl000223	0	179355	180455	0.993904
chrUn_gl000223	1	1100	180455	0.0060957
chrUn_gl000224	0	171252	179693	0.953025
chrUn_gl000224	1	7662	179693	0.0426394
chrUn_gl000224	2	674	179693	0.00375084
chrUn_gl000224	3	82	179693	0.000456334
chrUn_gl000224	4	21	179693	0.000116866
chrUn_gl000224	5	2	179693	1.11301e-05
chrUn_gl000225	0	192517	211173	0.911655
chrUn_gl000225	1	15942	211173	0.0754926
chrUn_gl000225	2	2054	211173	0.00972662
chrUn_gl000225	3	442	211173	0.00209307
chrUn_gl000225	4	165	211173	0.00078135
chrUn_gl000225	5	8	211173	3.78836e-05
chrUn_gl000225	6	41	211173	0.000194154
chrUn_gl000225	7	4	211173	1.89418e-05
chrUn_gl000226	0	1488	15008	0.0991471
chrUn_gl000226	1	1888	15008	0.1258
chrUn_gl000226	2	2334	15008	0.155517
chrUn_gl000226	3	2414	15008	0.160848
chrUn_gl000226	4	2164	15008	0.14419
chrUn_gl000226	5	1907	15008	0.127066
chrUn_gl000226	6	1133	15008	0.0754931
chrUn_gl000226	7	794	15008	0.0529051
chrUn_gl000226	8	414	15008	0.0275853
chrUn_gl000226	9	226	15008	0.0150586
chrUn_gl000226	10	133	15008	0.00886194
chrUn_gl000226	11	53	15008	0.00353145
chrUn_gl000226	12	25	15008	0.00166578
chrUn_gl000226	13	15	15008	0.000999467
chrUn_gl000226	14	7	15008	0.000466418
chrUn_gl000226	15	8	15008	0.000533049
chrUn_gl000226	16	2	15008	0.000133262
chrUn_gl000226	17	3	15008	0.000199893
chrUn_gl000227	0	126724	128374	0.987147
chrUn_gl000227	1	1650	128374	0.0128531
chrUn_gl000228	0	126490	129120	0.979631
chrUn_gl000228	1	2272	129120	0.017596
chrUn_gl000228	2	258	129120	0.00199814
chrUn_gl000228	3	88	129120	0.000681537
chrUn_gl000228	4	12	129120	9.29368e-05
chrUn_gl000229	0	19093	19913	0.958821
chrUn_gl000229	1	790	19913	0.0396726
chrUn_gl000229	2	30	19913	0.00150655
chrUn_gl000230	0	42168	43691	0.965142
chrUn_gl000230	1	1496	43691	0.0342405
chrUn_gl000230	2	27	43691	0.000617976
chrUn_gl000231	0	26336	27386	0.961659
chrUn_gl000231	1	1050	27386	0.0383408
chrUn_gl000232	0	38663	40652	0.951073
chrUn_gl000232	1	1978	40652	0.0486569
chrUn_gl000232	2	11	40652	0.000270589
chrUn_gl000233	0	44541	45941	0.969526
chrUn_gl000233	1	1400	45941	0.0304739
chrUn_gl000234	0	38778	40531	0.956749
chrUn_gl000234	1	1706	40531	0.0420912
chrUn_gl000234	2	47	40531	0.00115961
chrUn_gl000235	0	33174	34474	0.96229
chrUn_gl000235	1	1300	34474	0.0377096
chrUn_gl000236	0	41384	41934	0.986884
chrUn_gl000236	1	550	41934	0.0131158
chrUn_gl000237	0	45017	45867	0.981468
chrUn_gl000237	1	850	45867	0.0185318
chrUn_gl000238	0	39689	39939	0.99374
chrUn_gl000238	1	250	39939	0.00625955
chrUn_gl000239	0	33124	33824	0.979305
chrUn_gl000239	1	700	33824	0.0206954
chrUn_gl000240	0	41083	41933	0.97973
chrUn_gl000240	1	850	41933	0.0202704
chrUn_gl000241	0	39751	42152	0.943039
chrUn_gl000241	1	2352	42152	0.0557981
chrUn_gl000241	2	49	42152	0.00116246
chrUn_gl000242	0	43423	43523	0.997702
chrUn_gl000242	1	100	43523	0.00229764
chrUn_gl000243	0	41925	43341	0.967329
chrUn_gl000243	1	1332	43341	0.030733
chrUn_gl000243	2	84	43341	0.00193812
chrUn_gl000244	0	39379	39929	0.986226
chrUn_gl000244	1	550	39929	0.0137744
chrUn_gl000245	0	35601	36651	0.971351
chrUn_gl000245	1	1050	36651	0.0286486
chrUn_gl000246	0	37854	38154	0.992137
chrUn_gl000246	1	300	38154	0.00786287
chrUn_gl000247	0	35872	36422	0.984899
chrUn_gl000247	1	550	36422	0.0151008
chrUn_gl000248	0	39536	39786	0.993716
chrUn_gl000248	1	250	39786	0.00628362
chrUn_gl000249	0	38352	38502	0.996104
chrUn_gl000249	1	150	38502	0.0038959
genome	0	3097860357	3137161264	0.987472
genome	1	38875084	3137161264	0.0123918
genome	2	345479	3137161264	0.000110125
genome	3	31216	3137161264	9.9504e-06
genome	4	15729	3137161264	5.01377e-06
genome	5	9782	3137161264	3.11811e-06
genome	6	6172	3137161264	1.96738e-06
genome	7	4095	3137161264	1.30532e-06
genome	8	2693	3137161264	8.58419e-07
genome	9	2166	3137161264	6.90433e-07
genome	10	1577	3137161264	5.02684e-07
genome	11	1319	3137161264	4.20444e-07
genome	12	1087	3137161264	3.46492e-07
genome	13	827	3137161264	2.63614e-07
genome	14	638	3137161264	2.03369e-07
genome	15	555	3137161264	1.76912e-07
genome	16	475	3137161264	1.51411e-07
genome	17	387	3137161264	1.2336e-07
genome	18	312	3137161264	9.9453e-08
genome	19	236	3137161264	7.52272e-08
genome	20	253	3137161264	8.06462e-08
genome	21	137	3137161264	4.36701e-08
genome	22	117	3137161264	3.72949e-08
genome	23	93	3137161264	2.96446e-08
genome	24	98	3137161264	3.12384e-08
genome	25	62	3137161264	1.97631e-08
genome	26	51	3137161264	1.62567e-08
genome	27	39	3137161264	1.24316e-08
genome	28	45	3137161264	1.43442e-08
genome	29	22	3137161264	7.01271e-09
genome	30	29	3137161264	9.24403e-09
genome	31	17	3137161264	5.41891e-09
genome	32	16	3137161264	5.10015e-09
genome	33	25	3137161264	7.96899e-09
genome	34	35	3137161264	1.11566e-08
genome	35	23	3137161264	7.33147e-09
genome	36	11	3137161264	3.50635e-09
genome	37	5	3137161264	1.5938e-09
