chrM	0	12702	16571	0.76652
chrM	1	3175	16571	0.1916
chrM	2	657	16571	0.0396476
chrM	3	37	16571	0.00223282
chr1	0	245139047	249250621	0.983504
chr1	1	4067124	249250621	0.0163174
chr1	2	42305	249250621	0.000169729
chr1	3	766	249250621	3.07321e-06
chr1	4	129	249250621	5.17551e-07
chr1	5	67	249250621	2.68806e-07
chr1	6	62	249250621	2.48746e-07
chr1	7	31	249250621	1.24373e-07
chr1	8	73	249250621	2.92878e-07
chr1	9	28	249250621	1.12337e-07
chr1	10	24	249250621	9.62886e-08
chr1	11	54	249250621	2.16649e-07
chr1	12	78	249250621	3.12938e-07
chr1	13	90	249250621	3.61082e-07
chr1	14	70	249250621	2.80842e-07
chr1	15	83	249250621	3.32998e-07
chr1	16	92	249250621	3.69106e-07
chr1	17	72	249250621	2.88866e-07
chr1	18	57	249250621	2.28685e-07
chr1	19	46	249250621	1.84553e-07
chr1	20	42	249250621	1.68505e-07
chr1	21	34	249250621	1.36409e-07
chr1	22	19	249250621	7.62285e-08
chr1	23	22	249250621	8.82646e-08
chr1	24	19	249250621	7.62285e-08
chr1	25	10	249250621	4.01203e-08
chr1	26	7	249250621	2.80842e-08
chr1	27	8	249250621	3.20962e-08
chr1	28	12	249250621	4.81443e-08
chr1	29	11	249250621	4.41323e-08
chr1	30	14	249250621	5.61684e-08
chr1	31	15	249250621	6.01804e-08
chr1	32	18	249250621	7.22165e-08
chr1	33	13	249250621	5.21563e-08
chr1	34	25	249250621	1.00301e-07
chr1	35	17	249250621	6.82044e-08
chr1	36	19	249250621	7.62285e-08
chr1	37	11	249250621	4.41323e-08
chr1	38	5	249250621	2.00601e-08
chr1	39	2	249250621	8.02405e-09
chr2	0	240102930	243199373	0.987268
chr2	1	3063543	243199373	0.0125968
chr2	2	25768	243199373	0.000105954
chr2	3	3049	243199373	1.2537e-05
chr2	4	1911	243199373	7.85775e-06
chr2	5	885	243199373	3.63899e-06
chr2	6	525	243199373	2.15872e-06
chr2	7	362	243199373	1.48849e-06
chr2	8	124	243199373	5.0987e-07
chr2	9	109	243199373	4.48192e-07
chr2	10	52	243199373	2.13816e-07
chr2	11	65	243199373	2.6727e-07
chr2	12	37	243199373	1.52139e-07
chr2	13	13	243199373	5.34541e-08
chr3	0	195977082	198022430	0.989671
chr3	1	2035111	198022430	0.0102772
chr3	2	10072	198022430	5.08629e-05
chr3	3	21	198022430	1.06049e-07
chr3	4	5	198022430	2.52497e-08
chr3	5	36	198022430	1.81798e-07
chr3	6	3	198022430	1.51498e-08
chr3	7	5	198022430	2.52497e-08
chr3	8	3	198022430	1.51498e-08
chr3	9	7	198022430	3.53495e-08
chr3	10	9	198022430	4.54494e-08
chr3	11	4	198022430	2.01997e-08
chr3	12	4	198022430	2.01997e-08
chr3	13	4	198022430	2.01997e-08
chr3	14	6	198022430	3.02996e-08
chr3	15	3	198022430	1.51498e-08
chr3	16	2	198022430	1.00999e-08
chr3	17	2	198022430	1.00999e-08
chr3	18	2	198022430	1.00999e-08
chr3	19	3	198022430	1.51498e-08
chr3	20	2	198022430	1.00999e-08
chr3	21	6	198022430	3.02996e-08
chr3	22	6	198022430	3.02996e-08
chr3	23	9	198022430	4.54494e-08
chr3	24	13	198022430	6.56491e-08
chr3	25	7	198022430	3.53495e-08
chr3	26	3	198022430	1.51498e-08
chr4	0	188350612	191154276	0.985333
chr4	1	2776600	191154276	0.0145254
chr4	2	24888	191154276	0.000130199
chr4	3	1344	191154276	7.03097e-06
chr4	4	454	191154276	2.37504e-06
chr4	5	173	191154276	9.05028e-07
chr4	6	82	191154276	4.28973e-07
chr4	7	118	191154276	6.17302e-07
chr4	8	2	191154276	1.04628e-08
chr4	9	3	191154276	1.56941e-08
chr5	0	178889356	180915260	0.988802
chr5	1	2013290	180915260	0.0111284
chr5	2	12231	180915260	6.76062e-05
chr5	3	334	180915260	1.84617e-06
chr5	4	49	180915260	2.70845e-07
chr6	0	168422664	171115067	0.984265
chr6	1	2666924	171115067	0.0155856
chr6	2	21453	171115067	0.000125372
chr6	3	413	171115067	2.41358e-06
chr6	4	188	171115067	1.09868e-06
chr6	5	250	171115067	1.46101e-06
chr6	6	321	171115067	1.87593e-06
chr6	7	350	171115067	2.04541e-06
chr6	8	250	171115067	1.46101e-06
chr6	9	287	171115067	1.67723e-06
chr6	10	350	171115067	2.04541e-06
chr6	11	373	171115067	2.17982e-06
chr6	12	344	171115067	2.01034e-06
chr6	13	298	171115067	1.74152e-06
chr6	14	226	171115067	1.32075e-06
chr6	15	126	171115067	7.36347e-07
chr6	16	127	171115067	7.42191e-07
chr6	17	67	171115067	3.91549e-07
chr6	18	28	171115067	1.63633e-07
chr6	19	6	171115067	3.50641e-08
chr6	20	5	171115067	2.92201e-08
chr6	21	6	171115067	3.50641e-08
chr6	22	7	171115067	4.09081e-08
chr6	23	4	171115067	2.33761e-08
chr7	0	155663513	159138663	0.978163
chr7	1	3428772	159138663	0.0215458
chr7	2	42293	159138663	0.000265762
chr7	3	1318	159138663	8.28209e-06
chr7	4	797	159138663	5.00821e-06
chr7	5	345	159138663	2.16792e-06
chr7	6	376	159138663	2.36272e-06
chr7	7	165	159138663	1.03683e-06
chr7	8	204	159138663	1.2819e-06
chr7	9	162	159138663	1.01798e-06
chr7	10	141	159138663	8.8602e-07
chr7	11	97	159138663	6.09531e-07
chr7	12	90	159138663	5.65545e-07
chr7	13	76	159138663	4.77571e-07
chr7	14	55	159138663	3.45611e-07
chr7	15	68	159138663	4.273e-07
chr7	16	79	159138663	4.96422e-07
chr7	17	51	159138663	3.20475e-07
chr7	18	19	159138663	1.19393e-07
chr7	19	26	159138663	1.6338e-07
chr7	20	14	159138663	8.79736e-08
chr7	21	2	159138663	1.25677e-08
chr8	0	144059632	146364022	0.984256
chr8	1	2274288	146364022	0.0155386
chr8	2	24156	146364022	0.000165041
chr8	3	3122	146364022	2.13304e-05
chr8	4	1810	146364022	1.23664e-05
chr8	5	723	146364022	4.93974e-06
chr8	6	177	146364022	1.20931e-06
chr8	7	63	146364022	4.30434e-07
chr8	8	33	146364022	2.25465e-07
chr8	9	18	146364022	1.22981e-07
chr9	0	140057717	141213431	0.991816
chr9	1	1148354	141213431	0.00813205
chr9	2	6666	141213431	4.72051e-05
chr9	3	297	141213431	2.1032e-06
chr9	4	190	141213431	1.34548e-06
chr9	5	38	141213431	2.69096e-07
chr9	6	30	141213431	2.12444e-07
chr9	7	68	141213431	4.81541e-07
chr9	8	38	141213431	2.69096e-07
chr9	9	17	141213431	1.20385e-07
chr9	10	16	141213431	1.13304e-07
chr10	0	133343874	135534747	0.983835
chr10	1	2156089	135534747	0.015908
chr10	2	21701	135534747	0.000160114
chr10	3	2432	135534747	1.79437e-05
chr10	4	1662	135534747	1.22625e-05
chr10	5	1600	135534747	1.18051e-05
chr10	6	937	135534747	6.91336e-06
chr10	7	870	135534747	6.41902e-06
chr10	8	617	135534747	4.55234e-06
chr10	9	566	135534747	4.17605e-06
chr10	10	553	135534747	4.08013e-06
chr10	11	496	135534747	3.65958e-06
chr10	12	454	135534747	3.34969e-06
chr10	13	400	135534747	2.95127e-06
chr10	14	317	135534747	2.33888e-06
chr10	15	210	135534747	1.54942e-06
chr10	16	218	135534747	1.60844e-06
chr10	17	190	135534747	1.40185e-06
chr10	18	214	135534747	1.57893e-06
chr10	19	169	135534747	1.24691e-06
chr10	20	147	135534747	1.08459e-06
chr10	21	192	135534747	1.41661e-06
chr10	22	147	135534747	1.08459e-06
chr10	23	144	135534747	1.06246e-06
chr10	24	137	135534747	1.01081e-06
chr10	25	69	135534747	5.09095e-07
chr10	26	72	135534747	5.31229e-07
chr10	27	50	135534747	3.68909e-07
chr10	28	44	135534747	3.2464e-07
chr10	29	34	135534747	2.50858e-07
chr10	30	32	135534747	2.36102e-07
chr10	31	22	135534747	1.6232e-07
chr10	32	14	135534747	1.03295e-07
chr10	33	36	135534747	2.65615e-07
chr10	34	22	135534747	1.6232e-07
chr10	35	8	135534747	5.90255e-08
chr10	36	4	135534747	2.95127e-08
chr10	37	3	135534747	2.21345e-08
chr10	38	1	135534747	7.37818e-09
chr11	0	132916035	135006516	0.984516
chr11	1	2072780	135006516	0.0153532
chr11	2	15581	135006516	0.000115409
chr11	3	687	135006516	5.08864e-06
chr11	4	298	135006516	2.2073e-06
chr11	5	278	135006516	2.05916e-06
chr11	6	156	135006516	1.1555e-06
chr11	7	141	135006516	1.04439e-06
chr11	8	133	135006516	9.85138e-07
chr11	9	85	135006516	6.29599e-07
chr11	10	80	135006516	5.92564e-07
chr11	11	67	135006516	4.96272e-07
chr11	12	35	135006516	2.59247e-07
chr11	13	80	135006516	5.92564e-07
chr11	14	39	135006516	2.88875e-07
chr11	15	36	135006516	2.66654e-07
chr11	16	5	135006516	3.70352e-08
chr12	0	132175991	133851895	0.987479
chr12	1	1660666	133851895	0.0124067
chr12	2	14851	133851895	0.000110951
chr12	3	265	133851895	1.9798e-06
chr12	4	45	133851895	3.36192e-07
chr12	5	34	133851895	2.54012e-07
chr12	6	14	133851895	1.04593e-07
chr12	7	29	133851895	2.16657e-07
chr13	0	114397573	115169878	0.993294
chr13	1	770160	115169878	0.00668717
chr13	2	2145	115169878	1.86247e-05
chr14	0	106067153	107349540	0.988054
chr14	1	1273868	107349540	0.0118665
chr14	2	8475	107349540	7.89477e-05
chr14	3	44	107349540	4.09876e-07
chr15	0	101840728	102531392	0.993264
chr15	1	688472	102531392	0.00671474
chr15	2	2148	102531392	2.09497e-05
chr15	3	44	102531392	4.29137e-07
chr16	0	89353906	90354753	0.988923
chr16	1	971093	90354753	0.0107476
chr16	2	13641	90354753	0.000150972
chr16	3	6037	90354753	6.68144e-05
chr16	4	4295	90354753	4.75349e-05
chr16	5	2424	90354753	2.68276e-05
chr16	6	1531	90354753	1.69443e-05
chr16	7	929	90354753	1.02817e-05
chr16	8	476	90354753	5.26812e-06
chr16	9	248	90354753	2.74474e-06
chr16	10	122	90354753	1.35023e-06
chr16	11	47	90354753	5.20172e-07
chr16	12	4	90354753	4.42699e-08
chr17	0	80548387	81195210	0.992034
chr17	1	642378	81195210	0.00791153
chr17	2	3826	81195210	4.7121e-05
chr17	3	520	81195210	6.40432e-06
chr17	4	51	81195210	6.28116e-07
chr17	5	14	81195210	1.72424e-07
chr17	6	12	81195210	1.47792e-07
chr17	7	12	81195210	1.47792e-07
chr17	8	10	81195210	1.2316e-07
chr18	0	77005886	78077248	0.986278
chr18	1	1061564	78077248	0.0135963
chr18	2	8536	78077248	0.000109328
chr18	3	536	78077248	6.865e-06
chr18	4	285	78077248	3.65023e-06
chr18	5	108	78077248	1.38325e-06
chr18	6	105	78077248	1.34482e-06
chr18	7	74	78077248	9.47779e-07
chr18	8	71	78077248	9.09356e-07
chr18	9	54	78077248	6.91623e-07
chr18	10	9	78077248	1.1527e-07
chr18	11	6	78077248	7.6847e-08
chr18	12	14	78077248	1.7931e-07
chr19	0	58379227	59128983	0.98732
chr19	1	741263	59128983	0.0125364
chr19	2	6273	59128983	0.00010609
chr19	3	599	59128983	1.01304e-05
chr19	4	399	59128983	6.74796e-06
chr19	5	231	59128983	3.90671e-06
chr19	6	168	59128983	2.84125e-06
chr19	7	141	59128983	2.38462e-06
chr19	8	124	59128983	2.09711e-06
chr19	9	71	59128983	1.20076e-06
chr19	10	107	59128983	1.8096e-06
chr19	11	36	59128983	6.08838e-07
chr19	12	33	59128983	5.58102e-07
chr19	13	28	59128983	4.73541e-07
chr19	14	36	59128983	6.08838e-07
chr19	15	44	59128983	7.44136e-07
chr19	16	53	59128983	8.96346e-07
chr19	17	46	59128983	7.7796e-07
chr19	18	18	59128983	3.04419e-07
chr19	19	10	59128983	1.69122e-07
chr19	20	10	59128983	1.69122e-07
chr19	21	17	59128983	2.87507e-07
chr19	22	11	59128983	1.86034e-07
chr19	23	7	59128983	1.18385e-07
chr19	24	6	59128983	1.01473e-07
chr19	25	3	59128983	5.07365e-08
chr19	26	5	59128983	8.45609e-08
chr19	27	9	59128983	1.5221e-07
chr19	28	4	59128983	6.76487e-08
chr19	29	1	59128983	1.69122e-08
chr19	30	3	59128983	5.07365e-08
chr20	0	62070688	63025520	0.98485
chr20	1	948428	63025520	0.0150483
chr20	2	6288	63025520	9.97691e-05
chr20	3	28	63025520	4.44264e-07
chr20	4	46	63025520	7.29863e-07
chr20	5	24	63025520	3.80798e-07
chr20	6	18	63025520	2.85599e-07
chr21	0	47695891	48129895	0.990983
chr21	1	430268	48129895	0.00893972
chr21	2	3433	48129895	7.13278e-05
chr21	3	138	48129895	2.86724e-06
chr21	4	29	48129895	6.02536e-07
chr21	5	45	48129895	9.3497e-07
chr21	6	19	48129895	3.94765e-07
chr21	7	11	48129895	2.28548e-07
chr21	8	29	48129895	6.02536e-07
chr21	9	32	48129895	6.64867e-07
chr22	0	51017634	51304566	0.994407
chr22	1	285648	51304566	0.00556769
chr22	2	1233	51304566	2.40329e-05
chr22	3	2	51304566	3.89829e-08
chr22	4	4	51304566	7.79658e-08
chr22	5	6	51304566	1.16949e-07
chr22	6	39	51304566	7.60166e-07
chrX	0	153944339	155270560	0.991459
chrX	1	1310810	155270560	0.0084421
chrX	2	12137	155270560	7.81668e-05
chrX	3	2302	155270560	1.48257e-05
chrX	4	633	155270560	4.07675e-06
chrX	5	237	155270560	1.52637e-06
chrX	6	71	155270560	4.57266e-07
chrX	7	31	155270560	1.99651e-07
chrY	0	59313107	59373566	0.998982
chrY	1	57449	59373566	0.000967585
chrY	2	2219	59373566	3.73735e-05
chrY	3	578	59373566	9.73497e-06
chrY	4	91	59373566	1.53267e-06
chrY	5	43	59373566	7.24228e-07
chrY	6	44	59373566	7.4107e-07
chrY	7	6	59373566	1.01055e-07
chrY	8	22	59373566	3.70535e-07
chrY	9	2	59373566	3.3685e-08
chrY	10	5	59373566	8.42126e-08
chr1_gl000191_random	0	105733	106433	0.993423
chr1_gl000191_random	1	700	106433	0.00657691
chr1_gl000192_random	0	535244	547496	0.977622
chr1_gl000192_random	1	12154	547496	0.0221992
chr1_gl000192_random	2	98	547496	0.000178997
chr4_ctg9_hap1	0	585776	590426	0.992124
chr4_ctg9_hap1	1	4650	590426	0.00787567
chr4_gl000193_random	0	184653	189789	0.972938
chr4_gl000193_random	1	5047	189789	0.0265927
chr4_gl000193_random	2	64	189789	0.000337217
chr4_gl000193_random	3	25	189789	0.000131725
chr4_gl000194_random	0	188169	191469	0.982765
chr4_gl000194_random	1	3300	191469	0.0172352
chr6_apd_hap1	0	4616190	4622290	0.99868
chr6_apd_hap1	1	6100	4622290	0.00131969
chr6_cox_hap2	0	4780193	4795371	0.996835
chr6_cox_hap2	1	15056	4795371	0.00313969
chr6_cox_hap2	2	122	4795371	2.54412e-05
chr6_dbb_hap3	0	4599416	4610396	0.997618
chr6_dbb_hap3	1	10960	4610396	0.00237724
chr6_dbb_hap3	2	20	4610396	4.33802e-06
chr6_mann_hap4	0	4668712	4683263	0.996893
chr6_mann_hap4	1	14502	4683263	0.00309656
chr6_mann_hap4	2	49	4683263	1.04628e-05
chr6_mcf_hap5	0	4822084	4833398	0.997659
chr6_mcf_hap5	1	11278	4833398	0.00233335
chr6_mcf_hap5	2	36	4833398	7.44818e-06
chr6_qbl_hap6	0	4600607	4611984	0.997533
chr6_qbl_hap6	1	11304	4611984	0.00245101
chr6_qbl_hap6	2	73	4611984	1.58283e-05
chr6_ssto_hap7	0	4915405	4928567	0.997329
chr6_ssto_hap7	1	13074	4928567	0.0026527
chr6_ssto_hap7	2	88	4928567	1.78551e-05
chr7_gl000195_random	0	177564	182896	0.970847
chr7_gl000195_random	1	5264	182896	0.0287814
chr7_gl000195_random	2	68	182896	0.000371796
chr8_gl000196_random	0	38514	38914	0.989721
chr8_gl000196_random	1	400	38914	0.0102791
chr8_gl000197_random	0	36725	37175	0.987895
chr8_gl000197_random	1	450	37175	0.0121049
chr9_gl000198_random	0	88490	90085	0.982294
chr9_gl000198_random	1	1540	90085	0.017095
chr9_gl000198_random	2	55	90085	0.000610535
chr9_gl000199_random	0	134421	169874	0.791298
chr9_gl000199_random	1	25767	169874	0.151683
chr9_gl000199_random	2	6736	169874	0.0396529
chr9_gl000199_random	3	1532	169874	0.00901845
chr9_gl000199_random	4	635	169874	0.00373806
chr9_gl000199_random	5	363	169874	0.00213688
chr9_gl000199_random	6	196	169874	0.0011538
chr9_gl000199_random	7	117	169874	0.000688746
chr9_gl000199_random	8	54	169874	0.000317883
chr9_gl000199_random	9	12	169874	7.06406e-05
chr9_gl000199_random	10	11	169874	6.47539e-05
chr9_gl000199_random	11	2	169874	1.17734e-05
chr9_gl000199_random	12	21	169874	0.000123621
chr9_gl000199_random	13	7	169874	4.1207e-05
chr9_gl000200_random	0	186285	187035	0.99599
chr9_gl000200_random	1	750	187035	0.00400994
chr9_gl000201_random	0	35948	36148	0.994467
chr9_gl000201_random	1	200	36148	0.00553281
chr11_gl000202_random	0	39653	40103	0.988779
chr11_gl000202_random	1	450	40103	0.0112211
chr17_ctg5_hap1	0	1671362	1680828	0.994368
chr17_ctg5_hap1	1	9432	1680828	0.00561152
chr17_ctg5_hap1	2	34	1680828	2.02281e-05
chr17_gl000203_random	0	37198	37498	0.992
chr17_gl000203_random	1	300	37498	0.00800043
chr17_gl000204_random	0	81010	81310	0.99631
chr17_gl000204_random	1	300	81310	0.00368958
chr17_gl000205_random	0	169324	174588	0.969849
chr17_gl000205_random	1	5178	174588	0.0296584
chr17_gl000205_random	2	86	174588	0.000492588
chr17_gl000206_random	0	40951	41001	0.99878
chr17_gl000206_random	1	50	41001	0.00121948
chr18_gl000207_random	0	4062	4262	0.953074
chr18_gl000207_random	1	200	4262	0.0469263
chr19_gl000208_random	0	87320	92689	0.942075
chr19_gl000208_random	1	4527	92689	0.0488407
chr19_gl000208_random	2	753	92689	0.00812394
chr19_gl000208_random	3	89	92689	0.0009602
chr19_gl000209_random	0	157719	159169	0.99089
chr19_gl000209_random	1	1450	159169	0.00910981
chr21_gl000210_random	0	27482	27682	0.992775
chr21_gl000210_random	1	200	27682	0.00722491
chrUn_gl000211	0	164716	166566	0.988893
chrUn_gl000211	1	1850	166566	0.0111067
chrUn_gl000212	0	184948	186858	0.989778
chrUn_gl000212	1	1870	186858	0.0100076
chrUn_gl000212	2	40	186858	0.000214066
chrUn_gl000213	0	163189	164239	0.993607
chrUn_gl000213	1	1050	164239	0.00639312
chrUn_gl000214	0	128317	137718	0.931737
chrUn_gl000214	1	8177	137718	0.059375
chrUn_gl000214	2	965	137718	0.00700707
chrUn_gl000214	3	157	137718	0.00114001
chrUn_gl000214	4	26	137718	0.000188792
chrUn_gl000214	5	38	137718	0.000275926
chrUn_gl000214	6	38	137718	0.000275926
chrUn_gl000215	0	171085	172545	0.991538
chrUn_gl000215	1	1420	172545	0.00822974
chrUn_gl000215	2	40	172545	0.000231824
chrUn_gl000216	0	160366	172294	0.93077
chrUn_gl000216	1	10522	172294	0.06107
chrUn_gl000216	2	1002	172294	0.00581564
chrUn_gl000216	3	248	172294	0.0014394
chrUn_gl000216	4	26	172294	0.000150905
chrUn_gl000216	5	64	172294	0.000371458
chrUn_gl000216	6	56	172294	0.000325026
chrUn_gl000216	7	10	172294	5.80403e-05
chrUn_gl000217	0	169349	172149	0.983735
chrUn_gl000217	1	2750	172149	0.0159745
chrUn_gl000217	2	50	172149	0.000290446
chrUn_gl000218	0	157697	161147	0.978591
chrUn_gl000218	1	3450	161147	0.021409
chrUn_gl000219	0	175294	179198	0.978214
chrUn_gl000219	1	3808	179198	0.0212502
chrUn_gl000219	2	96	179198	0.00053572
chrUn_gl000220	0	133885	161802	0.827462
chrUn_gl000220	1	19774	161802	0.122211
chrUn_gl000220	2	5408	161802	0.0334236
chrUn_gl000220	3	2066	161802	0.0127687
chrUn_gl000220	4	489	161802	0.00302221
chrUn_gl000220	5	174	161802	0.00107539
chrUn_gl000220	6	6	161802	3.70824e-05
chrUn_gl000221	0	151253	155397	0.973333
chrUn_gl000221	1	4138	155397	0.0266286
chrUn_gl000221	2	6	155397	3.86108e-05
chrUn_gl000222	0	185028	186861	0.990191
chrUn_gl000222	1	1775	186861	0.00949904
chrUn_gl000222	2	49	186861	0.000262227
chrUn_gl000222	3	9	186861	4.81641e-05
chrUn_gl000223	0	179455	180455	0.994458
chrUn_gl000223	1	1000	180455	0.00554155
chrUn_gl000224	0	171243	179693	0.952975
chrUn_gl000224	1	7570	179693	0.0421274
chrUn_gl000224	2	716	179693	0.00398457
chrUn_gl000224	3	122	179693	0.000678936
chrUn_gl000224	4	28	179693	0.000155821
chrUn_gl000224	5	14	179693	7.79107e-05
chrUn_gl000225	0	192792	211173	0.912958
chrUn_gl000225	1	16060	211173	0.0760514
chrUn_gl000225	2	1780	211173	0.00842911
chrUn_gl000225	3	343	211173	0.00162426
chrUn_gl000225	4	89	211173	0.000421455
chrUn_gl000225	5	18	211173	8.52382e-05
chrUn_gl000225	6	18	211173	8.52382e-05
chrUn_gl000225	7	13	211173	6.15609e-05
chrUn_gl000225	8	41	211173	0.000194154
chrUn_gl000225	9	12	211173	5.68254e-05
chrUn_gl000225	10	7	211173	3.31482e-05
chrUn_gl000226	0	1110	15008	0.0739606
chrUn_gl000226	1	1736	15008	0.115672
chrUn_gl000226	2	2206	15008	0.146988
chrUn_gl000226	3	2326	15008	0.154984
chrUn_gl000226	4	2372	15008	0.158049
chrUn_gl000226	5	1799	15008	0.119869
chrUn_gl000226	6	1303	15008	0.0868204
chrUn_gl000226	7	975	15008	0.0649654
chrUn_gl000226	8	597	15008	0.0397788
chrUn_gl000226	9	295	15008	0.0196562
chrUn_gl000226	10	145	15008	0.00966151
chrUn_gl000226	11	74	15008	0.0049307
chrUn_gl000226	12	24	15008	0.00159915
chrUn_gl000226	13	20	15008	0.00133262
chrUn_gl000226	14	5	15008	0.000333156
chrUn_gl000226	15	11	15008	0.000732942
chrUn_gl000226	16	3	15008	0.000199893
chrUn_gl000226	17	4	15008	0.000266525
chrUn_gl000226	18	3	15008	0.000199893
chrUn_gl000227	0	127174	128374	0.990652
chrUn_gl000227	1	1200	128374	0.00934769
chrUn_gl000228	0	126243	129120	0.977718
chrUn_gl000228	1	2649	129120	0.0205158
chrUn_gl000228	2	183	129120	0.00141729
chrUn_gl000228	3	45	129120	0.000348513
chrUn_gl000229	0	19363	19913	0.97238
chrUn_gl000229	1	550	19913	0.0276201
chrUn_gl000230	0	42440	43691	0.971367
chrUn_gl000230	1	1202	43691	0.0275114
chrUn_gl000230	2	49	43691	0.00112151
chrUn_gl000231	0	26336	27386	0.961659
chrUn_gl000231	1	1050	27386	0.0383408
chrUn_gl000232	0	38985	40652	0.958993
chrUn_gl000232	1	1634	40652	0.0401948
chrUn_gl000232	2	33	40652	0.000811768
chrUn_gl000233	0	44358	45941	0.965543
chrUn_gl000233	1	1566	45941	0.0340872
chrUn_gl000233	2	17	45941	0.00037004
chrUn_gl000234	0	39031	40531	0.962991
chrUn_gl000234	1	1500	40531	0.0370087
chrUn_gl000235	0	33033	34474	0.9582
chrUn_gl000235	1	1332	34474	0.0386378
chrUn_gl000235	2	109	34474	0.0031618
chrUn_gl000236	0	41634	41934	0.992846
chrUn_gl000236	1	300	41934	0.0071541
chrUn_gl000237	0	44617	45867	0.972747
chrUn_gl000237	1	1250	45867	0.0272527
chrUn_gl000238	0	39839	39939	0.997496
chrUn_gl000238	1	100	39939	0.00250382
chrUn_gl000239	0	33574	33824	0.992609
chrUn_gl000239	1	250	33824	0.0073912
chrUn_gl000240	0	40933	41933	0.976152
chrUn_gl000240	1	1000	41933	0.0238476
chrUn_gl000241	0	40652	42152	0.964414
chrUn_gl000241	1	1500	42152	0.0355855
chrUn_gl000242	0	43223	43523	0.993107
chrUn_gl000242	1	300	43523	0.00689291
chrUn_gl000243	0	41601	43341	0.959853
chrUn_gl000243	1	1630	43341	0.0376087
chrUn_gl000243	2	110	43341	0.00253801
chrUn_gl000244	0	39579	39929	0.991234
chrUn_gl000244	1	350	39929	0.00876556
chrUn_gl000245	0	35779	36651	0.976208
chrUn_gl000245	1	822	36651	0.0224278
chrUn_gl000245	2	22	36651	0.000600256
chrUn_gl000245	3	28	36651	0.000763963
chrUn_gl000246	0	38054	38154	0.997379
chrUn_gl000246	1	100	38154	0.00262096
chrUn_gl000247	0	35472	36422	0.973917
chrUn_gl000247	1	950	36422	0.0260831
chrUn_gl000248	0	39736	39786	0.998743
chrUn_gl000248	1	50	39786	0.00125672
chrUn_gl000249	0	38302	38502	0.994805
chrUn_gl000249	1	200	38502	0.00519454
genome	0	3097901569	3137161264	0.987486
genome	1	38821135	3137161264	0.0123746
genome	2	354139	3137161264	0.000112885
genome	3	31903	3137161264	1.01694e-05
genome	4	17036	3137161264	5.43039e-06
genome	5	10031	3137161264	3.19748e-06
genome	6	6307	3137161264	2.01042e-06
genome	7	4521	3137161264	1.44111e-06
genome	8	2901	3137161264	9.24721e-07
genome	9	2008	3137161264	6.40069e-07
genome	10	1631	3137161264	5.19897e-07
genome	11	1321	3137161264	4.21081e-07
genome	12	1138	3137161264	3.62748e-07
genome	13	1016	3137161264	3.2386e-07
genome	14	754	3137161264	2.40345e-07
genome	15	581	3137161264	1.85199e-07
genome	16	579	3137161264	1.84562e-07
genome	17	432	3137161264	1.37704e-07
genome	18	341	3137161264	1.08697e-07
genome	19	260	3137161264	8.28775e-08
genome	20	220	3137161264	7.01271e-08
genome	21	257	3137161264	8.19212e-08
genome	22	190	3137161264	6.05643e-08
genome	23	186	3137161264	5.92893e-08
genome	24	175	3137161264	5.57829e-08
genome	25	89	3137161264	2.83696e-08
genome	26	87	3137161264	2.77321e-08
genome	27	67	3137161264	2.13569e-08
genome	28	60	3137161264	1.91256e-08
genome	29	46	3137161264	1.46629e-08
genome	30	49	3137161264	1.56192e-08
genome	31	37	3137161264	1.17941e-08
genome	32	32	3137161264	1.02003e-08
genome	33	49	3137161264	1.56192e-08
genome	34	47	3137161264	1.49817e-08
genome	35	25	3137161264	7.96899e-09
genome	36	23	3137161264	7.33147e-09
genome	37	14	3137161264	4.46263e-09
genome	38	6	3137161264	1.91256e-09
genome	39	2	3137161264	6.37519e-10
