chrM	0	10299	16571	0.621507
chrM	1	4810	16571	0.290266
chrM	2	1302	16571	0.078571
chrM	3	154	16571	0.00929334
chrM	4	6	16571	0.000362078
chr1	0	245128668	249250621	0.983463
chr1	1	4079027	249250621	0.0163652
chr1	2	40729	249250621	0.000163406
chr1	3	699	249250621	2.80441e-06
chr1	4	237	249250621	9.5085e-07
chr1	5	73	249250621	2.92878e-07
chr1	6	102	249250621	4.09227e-07
chr1	7	32	249250621	1.28385e-07
chr1	8	31	249250621	1.24373e-07
chr1	9	64	249250621	2.5677e-07
chr1	10	36	249250621	1.44433e-07
chr1	11	75	249250621	3.00902e-07
chr1	12	104	249250621	4.17251e-07
chr1	13	98	249250621	3.93179e-07
chr1	14	81	249250621	3.24974e-07
chr1	15	80	249250621	3.20962e-07
chr1	16	47	249250621	1.88565e-07
chr1	17	48	249250621	1.92577e-07
chr1	18	27	249250621	1.08325e-07
chr1	19	16	249250621	6.41924e-08
chr1	20	34	249250621	1.36409e-07
chr1	21	24	249250621	9.62886e-08
chr1	22	24	249250621	9.62886e-08
chr1	23	31	249250621	1.24373e-07
chr1	24	12	249250621	4.81443e-08
chr1	25	27	249250621	1.08325e-07
chr1	26	23	249250621	9.22766e-08
chr1	27	28	249250621	1.12337e-07
chr1	28	14	249250621	5.61684e-08
chr1	29	13	249250621	5.21563e-08
chr1	30	14	249250621	5.61684e-08
chr1	31	15	249250621	6.01804e-08
chr1	32	14	249250621	5.61684e-08
chr1	33	11	249250621	4.41323e-08
chr1	34	6	249250621	2.40722e-08
chr1	35	8	249250621	3.20962e-08
chr1	36	5	249250621	2.00601e-08
chr1	37	8	249250621	3.20962e-08
chr1	38	11	249250621	4.41323e-08
chr1	39	9	249250621	3.61082e-08
chr1	40	5	249250621	2.00601e-08
chr1	41	5	249250621	2.00601e-08
chr1	42	3	249250621	1.20361e-08
chr1	43	3	249250621	1.20361e-08
chr2	0	240124293	243199373	0.987356
chr2	1	3043324	243199373	0.0125137
chr2	2	24884	243199373	0.000102319
chr2	3	3059	243199373	1.25782e-05
chr2	4	1670	243199373	6.86679e-06
chr2	5	981	243199373	4.03373e-06
chr2	6	473	243199373	1.94491e-06
chr2	7	245	243199373	1.0074e-06
chr2	8	201	243199373	8.26482e-07
chr2	9	108	243199373	4.4408e-07
chr2	10	78	243199373	3.20724e-07
chr2	11	51	243199373	2.09704e-07
chr2	12	6	243199373	2.46711e-08
chr3	0	195995956	198022430	0.989766
chr3	1	2016548	198022430	0.0101834
chr3	2	9635	198022430	4.86561e-05
chr3	3	175	198022430	8.83738e-07
chr3	4	2	198022430	1.00999e-08
chr3	5	5	198022430	2.52497e-08
chr3	6	3	198022430	1.51498e-08
chr3	7	3	198022430	1.51498e-08
chr3	8	4	198022430	2.01997e-08
chr3	9	2	198022430	1.00999e-08
chr3	10	3	198022430	1.51498e-08
chr3	11	4	198022430	2.01997e-08
chr3	12	5	198022430	2.52497e-08
chr3	13	1	198022430	5.04993e-09
chr3	14	4	198022430	2.01997e-08
chr3	15	3	198022430	1.51498e-08
chr3	16	5	198022430	2.52497e-08
chr3	17	8	198022430	4.03995e-08
chr3	18	4	198022430	2.01997e-08
chr3	19	1	198022430	5.04993e-09
chr3	20	3	198022430	1.51498e-08
chr3	21	2	198022430	1.00999e-08
chr3	22	3	198022430	1.51498e-08
chr3	23	4	198022430	2.01997e-08
chr3	24	3	198022430	1.51498e-08
chr3	25	3	198022430	1.51498e-08
chr3	26	2	198022430	1.00999e-08
chr3	27	2	198022430	1.00999e-08
chr3	28	11	198022430	5.55493e-08
chr3	29	4	198022430	2.01997e-08
chr3	30	3	198022430	1.51498e-08
chr3	31	10	198022430	5.04993e-08
chr3	32	4	198022430	2.01997e-08
chr3	33	5	198022430	2.52497e-08
chr4	0	188388622	191154276	0.985532
chr4	1	2738458	191154276	0.0143259
chr4	2	24533	191154276	0.000128341
chr4	3	1705	191154276	8.9195e-06
chr4	4	447	191154276	2.33843e-06
chr4	5	393	191154276	2.05593e-06
chr4	6	118	191154276	6.17302e-07
chr5	0	178920785	180915260	0.988976
chr5	1	1981331	180915260	0.0109517
chr5	2	12849	180915260	7.10222e-05
chr5	3	203	180915260	1.12207e-06
chr5	4	10	180915260	5.52745e-08
chr5	5	37	180915260	2.04516e-07
chr5	6	28	180915260	1.54769e-07
chr5	7	17	180915260	9.39666e-08
chr6	0	168422066	171115067	0.984262
chr6	1	2668878	171115067	0.015597
chr6	2	20119	171115067	0.000117576
chr6	3	436	171115067	2.54799e-06
chr6	4	230	171115067	1.34412e-06
chr6	5	255	171115067	1.49023e-06
chr6	6	328	171115067	1.91684e-06
chr6	7	316	171115067	1.84671e-06
chr6	8	363	171115067	2.12138e-06
chr6	9	431	171115067	2.51877e-06
chr6	10	442	171115067	2.58306e-06
chr6	11	306	171115067	1.78827e-06
chr6	12	286	171115067	1.67139e-06
chr6	13	238	171115067	1.39088e-06
chr6	14	172	171115067	1.00517e-06
chr6	15	129	171115067	7.53879e-07
chr6	16	35	171115067	2.04541e-07
chr6	17	23	171115067	1.34412e-07
chr6	18	6	171115067	3.50641e-08
chr6	19	6	171115067	3.50641e-08
chr6	20	2	171115067	1.1688e-08
chr7	0	155681833	159138663	0.978278
chr7	1	3412116	159138663	0.0214412
chr7	2	41063	159138663	0.000258033
chr7	3	1151	159138663	7.23269e-06
chr7	4	735	159138663	4.61861e-06
chr7	5	292	159138663	1.83488e-06
chr7	6	315	159138663	1.97941e-06
chr7	7	243	159138663	1.52697e-06
chr7	8	169	159138663	1.06197e-06
chr7	9	140	159138663	8.79736e-07
chr7	10	123	159138663	7.72911e-07
chr7	11	118	159138663	7.41492e-07
chr7	12	77	159138663	4.83855e-07
chr7	13	43	159138663	2.70205e-07
chr7	14	53	159138663	3.33043e-07
chr7	15	58	159138663	3.64462e-07
chr7	16	47	159138663	2.9534e-07
chr7	17	33	159138663	2.07366e-07
chr7	18	17	159138663	1.06825e-07
chr7	19	8	159138663	5.02706e-08
chr7	20	5	159138663	3.14191e-08
chr7	21	4	159138663	2.51353e-08
chr7	22	2	159138663	1.25677e-08
chr7	23	7	159138663	4.39868e-08
chr7	24	7	159138663	4.39868e-08
chr7	25	3	159138663	1.88515e-08
chr7	26	1	159138663	6.28383e-09
chr8	0	144063906	146364022	0.984285
chr8	1	2272220	146364022	0.0155244
chr8	2	22916	146364022	0.000156569
chr8	3	2989	146364022	2.04217e-05
chr8	4	1247	146364022	8.51985e-06
chr8	5	463	146364022	3.16335e-06
chr8	6	170	146364022	1.16149e-06
chr8	7	73	146364022	4.98756e-07
chr8	8	11	146364022	7.51551e-08
chr8	9	11	146364022	7.51551e-08
chr8	10	16	146364022	1.09316e-07
chr9	0	140037361	141213431	0.991672
chr9	1	1169161	141213431	0.00827939
chr9	2	6225	141213431	4.40822e-05
chr9	3	269	141213431	1.90492e-06
chr9	4	144	141213431	1.01973e-06
chr9	5	178	141213431	1.2605e-06
chr9	6	48	141213431	3.39911e-07
chr9	7	32	141213431	2.26607e-07
chr9	8	13	141213431	9.20592e-08
chr10	0	133281324	135534747	0.983374
chr10	1	2218938	135534747	0.0163717
chr10	2	22074	135534747	0.000162866
chr10	3	2250	135534747	1.66009e-05
chr10	4	1814	135534747	1.3384e-05
chr10	5	1462	135534747	1.07869e-05
chr10	6	993	135534747	7.32653e-06
chr10	7	775	135534747	5.71809e-06
chr10	8	753	135534747	5.55577e-06
chr10	9	542	135534747	3.99897e-06
chr10	10	465	135534747	3.43085e-06
chr10	11	405	135534747	2.98816e-06
chr10	12	435	135534747	3.20951e-06
chr10	13	385	135534747	2.8406e-06
chr10	14	273	135534747	2.01424e-06
chr10	15	288	135534747	2.12492e-06
chr10	16	209	135534747	1.54204e-06
chr10	17	193	135534747	1.42399e-06
chr10	18	176	135534747	1.29856e-06
chr10	19	193	135534747	1.42399e-06
chr10	20	155	135534747	1.14362e-06
chr10	21	160	135534747	1.18051e-06
chr10	22	121	135534747	8.9276e-07
chr10	23	84	135534747	6.19767e-07
chr10	24	77	135534747	5.6812e-07
chr10	25	78	135534747	5.75498e-07
chr10	26	43	135534747	3.17262e-07
chr10	27	21	135534747	1.54942e-07
chr10	28	23	135534747	1.69698e-07
chr10	29	8	135534747	5.90255e-08
chr10	30	16	135534747	1.18051e-07
chr10	31	11	135534747	8.116e-08
chr10	32	2	135534747	1.47564e-08
chr10	33	1	135534747	7.37818e-09
chr11	0	132920198	135006516	0.984547
chr11	1	2067849	135006516	0.0153167
chr11	2	16601	135006516	0.000122964
chr11	3	790	135006516	5.85157e-06
chr11	4	196	135006516	1.45178e-06
chr11	5	148	135006516	1.09624e-06
chr11	6	190	135006516	1.40734e-06
chr11	7	114	135006516	8.44404e-07
chr11	8	77	135006516	5.70343e-07
chr11	9	86	135006516	6.37006e-07
chr11	10	95	135006516	7.0367e-07
chr11	11	79	135006516	5.85157e-07
chr11	12	56	135006516	4.14795e-07
chr11	13	32	135006516	2.37026e-07
chr11	14	5	135006516	3.70352e-08
chr12	0	132188401	133851895	0.987572
chr12	1	1649634	133851895	0.0123243
chr12	2	13627	133851895	0.000101807
chr12	3	187	133851895	1.39707e-06
chr12	4	6	133851895	4.48257e-08
chr12	5	13	133851895	9.71223e-08
chr12	6	27	133851895	2.01715e-07
chr13	0	114395310	115169878	0.993275
chr13	1	771495	115169878	0.00669876
chr13	2	3064	115169878	2.66042e-05
chr13	3	9	115169878	7.81454e-08
chr14	0	106044440	107349540	0.987843
chr14	1	1295685	107349540	0.0120698
chr14	2	9380	107349540	8.73781e-05
chr14	3	35	107349540	3.26038e-07
chr15	0	101839576	102531392	0.993253
chr15	1	689182	102531392	0.00672167
chr15	2	2634	102531392	2.56897e-05
chr16	0	89351975	90354753	0.988902
chr16	1	974526	90354753	0.0107856
chr16	2	14258	90354753	0.0001578
chr16	3	5622	90354753	6.22214e-05
chr16	4	3716	90354753	4.11268e-05
chr16	5	2419	90354753	2.67722e-05
chr16	6	1025	90354753	1.13442e-05
chr16	7	648	90354753	7.17173e-06
chr16	8	370	90354753	4.09497e-06
chr16	9	130	90354753	1.43877e-06
chr16	10	22	90354753	2.43485e-07
chr16	11	21	90354753	2.32417e-07
chr16	12	10	90354753	1.10675e-07
chr16	13	8	90354753	8.85399e-08
chr16	14	3	90354753	3.32025e-08
chr17	0	80529606	81195210	0.991802
chr17	1	661525	81195210	0.00814734
chr17	2	3633	81195210	4.4744e-05
chr17	3	214	81195210	2.63562e-06
chr17	4	82	81195210	1.00991e-06
chr17	5	55	81195210	6.7738e-07
chr17	6	35	81195210	4.3106e-07
chr17	7	16	81195210	1.97056e-07
chr17	8	6	81195210	7.3896e-08
chr17	9	8	81195210	9.8528e-08
chr17	10	16	81195210	1.97056e-07
chr17	11	6	81195210	7.3896e-08
chr17	12	8	81195210	9.8528e-08
chr18	0	76991211	78077248	0.98609
chr18	1	1076669	78077248	0.0137898
chr18	2	8466	78077248	0.000108431
chr18	3	397	78077248	5.08471e-06
chr18	4	216	78077248	2.76649e-06
chr18	5	132	78077248	1.69063e-06
chr18	6	63	78077248	8.06893e-07
chr18	7	60	78077248	7.6847e-07
chr18	8	22	78077248	2.81772e-07
chr18	9	10	78077248	1.28078e-07
chr18	10	2	78077248	2.56157e-08
chr19	0	58348187	59128983	0.986795
chr19	1	772379	59128983	0.0130626
chr19	2	6194	59128983	0.000104754
chr19	3	724	59128983	1.22444e-05
chr19	4	259	59128983	4.38025e-06
chr19	5	232	59128983	3.92363e-06
chr19	6	194	59128983	3.28096e-06
chr19	7	156	59128983	2.6383e-06
chr19	8	107	59128983	1.8096e-06
chr19	9	144	59128983	2.43535e-06
chr19	10	57	59128983	9.63994e-07
chr19	11	74	59128983	1.2515e-06
chr19	12	23	59128983	3.8898e-07
chr19	13	36	59128983	6.08838e-07
chr19	14	38	59128983	6.42663e-07
chr19	15	35	59128983	5.91926e-07
chr19	16	25	59128983	4.22805e-07
chr19	17	26	59128983	4.39717e-07
chr19	18	24	59128983	4.05892e-07
chr19	19	19	59128983	3.21331e-07
chr19	20	10	59128983	1.69122e-07
chr19	21	7	59128983	1.18385e-07
chr19	22	21	59128983	3.55156e-07
chr19	23	10	59128983	1.69122e-07
chr19	24	2	59128983	3.38244e-08
chr20	0	62063249	63025520	0.984732
chr20	1	954591	63025520	0.0151461
chr20	2	7632	63025520	0.000121094
chr20	3	47	63025520	7.4573e-07
chr20	4	1	63025520	1.58666e-08
chr21	0	47691479	48129895	0.990891
chr21	1	434205	48129895	0.00902152
chr21	2	3926	48129895	8.15709e-05
chr21	3	126	48129895	2.61792e-06
chr21	4	11	48129895	2.28548e-07
chr21	5	51	48129895	1.05963e-06
chr21	6	7	48129895	1.4544e-07
chr21	7	12	48129895	2.49325e-07
chr21	8	16	48129895	3.32434e-07
chr21	9	27	48129895	5.60982e-07
chr21	10	16	48129895	3.32434e-07
chr21	11	19	48129895	3.94765e-07
chr22	0	51010827	51304566	0.994275
chr22	1	292556	51304566	0.00570234
chr22	2	1119	51304566	2.18109e-05
chr22	3	11	51304566	2.14406e-07
chr22	4	2	51304566	3.89829e-08
chr22	5	2	51304566	3.89829e-08
chr22	6	2	51304566	3.89829e-08
chr22	7	3	51304566	5.84743e-08
chr22	8	5	51304566	9.74572e-08
chr22	9	8	51304566	1.55932e-07
chr22	10	31	51304566	6.04235e-07
chrX	0	153959496	155270560	0.991556
chrX	1	1296561	155270560	0.00835033
chrX	2	11420	155270560	7.3549e-05
chrX	3	2204	155270560	1.41946e-05
chrX	4	501	155270560	3.22663e-06
chrX	5	230	155270560	1.48129e-06
chrX	6	95	155270560	6.11835e-07
chrX	7	20	155270560	1.28807e-07
chrX	8	24	155270560	1.54569e-07
chrX	9	9	155270560	5.79633e-08
chrY	0	59312823	59373566	0.998977
chrY	1	58399	59373566	0.000983586
chrY	2	1823	59373566	3.07039e-05
chrY	3	408	59373566	6.87174e-06
chrY	4	65	59373566	1.09476e-06
chrY	5	8	59373566	1.3474e-07
chrY	6	14	59373566	2.35795e-07
chrY	7	11	59373566	1.85268e-07
chrY	8	15	59373566	2.52638e-07
chr1_gl000191_random	0	105233	106433	0.988725
chr1_gl000191_random	1	1200	106433	0.0112747
chr1_gl000192_random	0	535836	547496	0.978703
chr1_gl000192_random	1	11470	547496	0.0209499
chr1_gl000192_random	2	190	547496	0.000347035
chr4_ctg9_hap1	0	585976	590426	0.992463
chr4_ctg9_hap1	1	4450	590426	0.00753693
chr4_gl000193_random	0	184701	189789	0.973191
chr4_gl000193_random	1	4976	189789	0.0262186
chr4_gl000193_random	2	112	189789	0.000590129
chr4_gl000194_random	0	187478	191469	0.979156
chr4_gl000194_random	1	3932	191469	0.020536
chr4_gl000194_random	2	59	191469	0.000308144
chr6_apd_hap1	0	4615119	4622290	0.998449
chr6_apd_hap1	1	7142	4622290	0.00154512
chr6_apd_hap1	2	29	4622290	6.27395e-06
chr6_cox_hap2	0	4780019	4795371	0.996799
chr6_cox_hap2	1	15304	4795371	0.00319141
chr6_cox_hap2	2	48	4795371	1.00097e-05
chr6_dbb_hap3	0	4598346	4610396	0.997386
chr6_dbb_hap3	1	12050	4610396	0.00261366
chr6_mann_hap4	0	4669257	4683263	0.997009
chr6_mann_hap4	1	13962	4683263	0.00298125
chr6_mann_hap4	2	44	4683263	9.39516e-06
chr6_mcf_hap5	0	4822900	4833398	0.997828
chr6_mcf_hap5	1	10496	4833398	0.00217156
chr6_mcf_hap5	2	2	4833398	4.13788e-07
chr6_qbl_hap6	0	4599274	4611984	0.997244
chr6_qbl_hap6	1	12670	4611984	0.00274719
chr6_qbl_hap6	2	40	4611984	8.67306e-06
chr6_ssto_hap7	0	4915817	4928567	0.997413
chr6_ssto_hap7	1	12750	4928567	0.00258696
chr7_gl000195_random	0	178110	182896	0.973832
chr7_gl000195_random	1	4722	182896	0.025818
chr7_gl000195_random	2	64	182896	0.000349926
chr8_gl000196_random	0	38414	38914	0.987151
chr8_gl000196_random	1	500	38914	0.0128488
chr8_gl000197_random	0	36675	37175	0.98655
chr8_gl000197_random	1	500	37175	0.0134499
chr9_gl000198_random	0	88078	90085	0.977721
chr9_gl000198_random	1	1964	90085	0.0218016
chr9_gl000198_random	2	43	90085	0.000477327
chr9_gl000199_random	0	134418	169874	0.791281
chr9_gl000199_random	1	26736	169874	0.157387
chr9_gl000199_random	2	6316	169874	0.0371805
chr9_gl000199_random	3	1407	169874	0.00828261
chr9_gl000199_random	4	518	169874	0.00304932
chr9_gl000199_random	5	223	169874	0.00131274
chr9_gl000199_random	6	97	169874	0.000571011
chr9_gl000199_random	7	19	169874	0.000111848
chr9_gl000199_random	8	16	169874	9.41875e-05
chr9_gl000199_random	9	18	169874	0.000105961
chr9_gl000199_random	10	28	169874	0.000164828
chr9_gl000199_random	11	23	169874	0.000135394
chr9_gl000199_random	12	20	169874	0.000117734
chr9_gl000199_random	13	10	169874	5.88672e-05
chr9_gl000199_random	14	9	169874	5.29804e-05
chr9_gl000199_random	15	16	169874	9.41875e-05
chr9_gl000200_random	0	186485	187035	0.997059
chr9_gl000200_random	1	550	187035	0.00294063
chr9_gl000201_random	0	35848	36148	0.991701
chr9_gl000201_random	1	300	36148	0.00829921
chr11_gl000202_random	0	39503	40103	0.985039
chr11_gl000202_random	1	600	40103	0.0149615
chr17_ctg5_hap1	0	1670327	1680828	0.993752
chr17_ctg5_hap1	1	10452	1680828	0.00621836
chr17_ctg5_hap1	2	49	1680828	2.91523e-05
chr17_gl000203_random	0	37148	37498	0.990666
chr17_gl000203_random	1	350	37498	0.00933383
chr17_gl000204_random	0	80910	81310	0.995081
chr17_gl000204_random	1	400	81310	0.00491944
chr17_gl000205_random	0	170288	174588	0.975371
chr17_gl000205_random	1	4300	174588	0.0246294
chr17_gl000206_random	0	40651	41001	0.991464
chr17_gl000206_random	1	350	41001	0.00853638
chr19_gl000208_random	0	88138	92689	0.9509
chr19_gl000208_random	1	3843	92689	0.0414612
chr19_gl000208_random	2	509	92689	0.00549148
chr19_gl000208_random	3	167	92689	0.00180172
chr19_gl000208_random	4	22	92689	0.000237353
chr19_gl000208_random	5	10	92689	0.000107888
chr19_gl000209_random	0	157519	159169	0.989634
chr19_gl000209_random	1	1650	159169	0.0103663
chr21_gl000210_random	0	27632	27682	0.998194
chr21_gl000210_random	1	50	27682	0.00180623
chrUn_gl000211	0	163666	166566	0.982589
chrUn_gl000211	1	2900	166566	0.0174105
chrUn_gl000212	0	184610	186858	0.987969
chrUn_gl000212	1	2196	186858	0.0117522
chrUn_gl000212	2	52	186858	0.000278286
chrUn_gl000213	0	163289	164239	0.994216
chrUn_gl000213	1	950	164239	0.00578425
chrUn_gl000214	0	129025	137718	0.936878
chrUn_gl000214	1	7559	137718	0.0548875
chrUn_gl000214	2	839	137718	0.00609216
chrUn_gl000214	3	164	137718	0.00119084
chrUn_gl000214	4	69	137718	0.000501024
chrUn_gl000214	5	35	137718	0.000254143
chrUn_gl000214	6	19	137718	0.000137963
chrUn_gl000214	7	8	137718	5.80897e-05
chrUn_gl000215	0	171645	172545	0.994784
chrUn_gl000215	1	900	172545	0.00521603
chrUn_gl000216	0	159579	172294	0.926202
chrUn_gl000216	1	10992	172294	0.0637979
chrUn_gl000216	2	1280	172294	0.00742916
chrUn_gl000216	3	265	172294	0.00153807
chrUn_gl000216	4	99	172294	0.000574599
chrUn_gl000216	5	34	172294	0.000197337
chrUn_gl000216	6	5	172294	2.90202e-05
chrUn_gl000216	7	13	172294	7.54524e-05
chrUn_gl000216	8	27	172294	0.000156709
chrUn_gl000217	0	169077	172149	0.982155
chrUn_gl000217	1	3044	172149	0.0176824
chrUn_gl000217	2	28	172149	0.00016265
chrUn_gl000218	0	158033	161147	0.980676
chrUn_gl000218	1	3078	161147	0.0191006
chrUn_gl000218	2	36	161147	0.000223399
chrUn_gl000219	0	175243	179198	0.977929
chrUn_gl000219	1	3860	179198	0.0215404
chrUn_gl000219	2	95	179198	0.00053014
chrUn_gl000220	0	132253	161802	0.817376
chrUn_gl000220	1	21067	161802	0.130202
chrUn_gl000220	2	6301	161802	0.0389427
chrUn_gl000220	3	1610	161802	0.00995043
chrUn_gl000220	4	461	161802	0.00284916
chrUn_gl000220	5	103	161802	0.000636581
chrUn_gl000220	6	7	161802	4.32628e-05
chrUn_gl000221	0	151322	155397	0.973777
chrUn_gl000221	1	4050	155397	0.0260623
chrUn_gl000221	2	25	155397	0.000160878
chrUn_gl000222	0	184561	186861	0.987691
chrUn_gl000222	1	2300	186861	0.0123086
chrUn_gl000223	0	180055	180455	0.997783
chrUn_gl000223	1	400	180455	0.00221662
chrUn_gl000224	0	171976	179693	0.957055
chrUn_gl000224	1	6643	179693	0.0369686
chrUn_gl000224	2	888	179693	0.00494176
chrUn_gl000224	3	163	179693	0.000907103
chrUn_gl000224	4	23	179693	0.000127996
chrUn_gl000225	0	194213	211173	0.919687
chrUn_gl000225	1	14579	211173	0.0690382
chrUn_gl000225	2	1845	211173	0.00873691
chrUn_gl000225	3	385	211173	0.00182315
chrUn_gl000225	4	79	211173	0.000374101
chrUn_gl000225	5	72	211173	0.000340953
chrUn_gl000226	0	1347	15008	0.0897521
chrUn_gl000226	1	1827	15008	0.121735
chrUn_gl000226	2	2392	15008	0.159382
chrUn_gl000226	3	2872	15008	0.191365
chrUn_gl000226	4	2148	15008	0.143124
chrUn_gl000226	5	1607	15008	0.107076
chrUn_gl000226	6	990	15008	0.0659648
chrUn_gl000226	7	680	15008	0.0453092
chrUn_gl000226	8	521	15008	0.0347148
chrUn_gl000226	9	302	15008	0.0201226
chrUn_gl000226	10	218	15008	0.0145256
chrUn_gl000226	11	75	15008	0.00499733
chrUn_gl000226	12	22	15008	0.00146588
chrUn_gl000226	13	7	15008	0.000466418
chrUn_gl000227	0	127224	128374	0.991042
chrUn_gl000227	1	1150	128374	0.0089582
chrUn_gl000228	0	126162	129120	0.977091
chrUn_gl000228	1	2600	129120	0.0201363
chrUn_gl000228	2	266	129120	0.0020601
chrUn_gl000228	3	28	129120	0.000216853
chrUn_gl000228	4	13	129120	0.000100682
chrUn_gl000228	5	7	129120	5.42131e-05
chrUn_gl000228	6	15	129120	0.000116171
chrUn_gl000228	7	25	129120	0.000193618
chrUn_gl000228	8	4	129120	3.09789e-05
chrUn_gl000229	0	19128	19913	0.960579
chrUn_gl000229	1	770	19913	0.0386682
chrUn_gl000229	2	15	19913	0.000753277
chrUn_gl000230	0	42491	43691	0.972534
chrUn_gl000230	1	1200	43691	0.0274656
chrUn_gl000231	0	26386	27386	0.963485
chrUn_gl000231	1	1000	27386	0.036515
chrUn_gl000232	0	38668	40652	0.951196
chrUn_gl000232	1	1968	40652	0.0484109
chrUn_gl000232	2	16	40652	0.000393585
chrUn_gl000233	0	44613	45941	0.971093
chrUn_gl000233	1	1306	45941	0.0284278
chrUn_gl000233	2	22	45941	0.000478875
chrUn_gl000234	0	39381	40531	0.971627
chrUn_gl000234	1	1150	40531	0.0283733
chrUn_gl000235	0	33274	34474	0.965191
chrUn_gl000235	1	1150	34474	0.0333585
chrUn_gl000235	2	50	34474	0.00145037
chrUn_gl000236	0	41384	41934	0.986884
chrUn_gl000236	1	550	41934	0.0131158
chrUn_gl000237	0	45117	45867	0.983648
chrUn_gl000237	1	750	45867	0.0163516
chrUn_gl000238	0	39739	39939	0.994992
chrUn_gl000238	1	200	39939	0.00500764
chrUn_gl000239	0	33124	33824	0.979305
chrUn_gl000239	1	700	33824	0.0206954
chrUn_gl000240	0	41483	41933	0.989269
chrUn_gl000240	1	450	41933	0.0107314
chrUn_gl000241	0	40172	42152	0.953027
chrUn_gl000241	1	1860	42152	0.044126
chrUn_gl000241	2	120	42152	0.00284684
chrUn_gl000242	0	43273	43523	0.994256
chrUn_gl000242	1	250	43523	0.00574409
chrUn_gl000243	0	41922	43341	0.96726
chrUn_gl000243	1	1338	43341	0.0308715
chrUn_gl000243	2	81	43341	0.0018689
chrUn_gl000244	0	39729	39929	0.994991
chrUn_gl000244	1	200	39929	0.00500889
chrUn_gl000245	0	35951	36651	0.980901
chrUn_gl000245	1	700	36651	0.0190991
chrUn_gl000246	0	37904	38154	0.993448
chrUn_gl000246	1	250	38154	0.00655239
chrUn_gl000247	0	35972	36422	0.987645
chrUn_gl000247	1	450	36422	0.0123552
chrUn_gl000248	0	39686	39786	0.997487
chrUn_gl000248	1	100	39786	0.00251345
chr18_gl000207_random	0	4262	4262	1
chrUn_gl000249	0	38502	38502	1
genome	0	3097857432	3137161264	0.987472
genome	1	38874173	3137161264	0.0123915
genome	2	351962	3137161264	0.000112191
genome	3	30925	3137161264	9.85764e-06
genome	4	15029	3137161264	4.79064e-06
genome	5	9520	3137161264	3.03459e-06
genome	6	5363	3137161264	1.70951e-06
genome	7	3521	3137161264	1.12235e-06
genome	8	2755	3137161264	8.78182e-07
genome	9	2040	3137161264	6.50269e-07
genome	10	1648	3137161264	5.25316e-07
genome	11	1256	3137161264	4.00362e-07
genome	12	1052	3137161264	3.35335e-07
genome	13	858	3137161264	2.73496e-07
genome	14	638	3137161264	2.03369e-07
genome	15	609	3137161264	1.94125e-07
genome	16	368	3137161264	1.17304e-07
genome	17	331	3137161264	1.05509e-07
genome	18	254	3137161264	8.09649e-08
genome	19	243	3137161264	7.74586e-08
genome	20	209	3137161264	6.66207e-08
genome	21	197	3137161264	6.27956e-08
genome	22	171	3137161264	5.45079e-08
genome	23	136	3137161264	4.33513e-08
genome	24	101	3137161264	3.21947e-08
genome	25	111	3137161264	3.53823e-08
genome	26	69	3137161264	2.19944e-08
genome	27	51	3137161264	1.62567e-08
genome	28	48	3137161264	1.53005e-08
genome	29	25	3137161264	7.96899e-09
genome	30	33	3137161264	1.05191e-08
genome	31	36	3137161264	1.14753e-08
genome	32	20	3137161264	6.37519e-09
genome	33	17	3137161264	5.41891e-09
genome	34	6	3137161264	1.91256e-09
genome	35	8	3137161264	2.55008e-09
genome	36	5	3137161264	1.5938e-09
genome	37	8	3137161264	2.55008e-09
genome	38	11	3137161264	3.50635e-09
genome	39	9	3137161264	2.86884e-09
genome	40	5	3137161264	1.5938e-09
genome	41	5	3137161264	1.5938e-09
genome	42	3	3137161264	9.56279e-10
genome	43	3	3137161264	9.56279e-10
