chrM	0	4142	16571	0.249955
chrM	1	5492	16571	0.331422
chrM	2	3950	16571	0.238368
chrM	3	1930	16571	0.116469
chrM	4	800	16571	0.0482771
chrM	5	224	16571	0.0135176
chrM	6	33	16571	0.00199143
chr1	0	246204723	249250621	0.98778
chr1	1	3020834	249250621	0.0121197
chr1	2	23065	249250621	9.25374e-05
chr1	3	483	249250621	1.93781e-06
chr1	4	161	249250621	6.45936e-07
chr1	5	129	249250621	5.17551e-07
chr1	6	78	249250621	3.12938e-07
chr1	7	32	249250621	1.28385e-07
chr1	8	37	249250621	1.48445e-07
chr1	9	49	249250621	1.96589e-07
chr1	10	19	249250621	7.62285e-08
chr1	11	38	249250621	1.52457e-07
chr1	12	55	249250621	2.20661e-07
chr1	13	79	249250621	3.1695e-07
chr1	14	81	249250621	3.24974e-07
chr1	15	86	249250621	3.45034e-07
chr1	16	76	249250621	3.04914e-07
chr1	17	74	249250621	2.9689e-07
chr1	18	68	249250621	2.72818e-07
chr1	19	36	249250621	1.44433e-07
chr1	20	55	249250621	2.20661e-07
chr1	21	43	249250621	1.72517e-07
chr1	22	32	249250621	1.28385e-07
chr1	23	22	249250621	8.82646e-08
chr1	24	17	249250621	6.82044e-08
chr1	25	14	249250621	5.61684e-08
chr1	26	16	249250621	6.41924e-08
chr1	27	31	249250621	1.24373e-07
chr1	28	36	249250621	1.44433e-07
chr1	29	29	249250621	1.16349e-07
chr1	30	14	249250621	5.61684e-08
chr1	31	10	249250621	4.01203e-08
chr1	32	11	249250621	4.41323e-08
chr1	33	9	249250621	3.61082e-08
chr1	34	8	249250621	3.20962e-08
chr1	35	4	249250621	1.60481e-08
chr1	36	8	249250621	3.20962e-08
chr1	37	5	249250621	2.00601e-08
chr1	38	5	249250621	2.00601e-08
chr1	39	3	249250621	1.20361e-08
chr1	40	4	249250621	1.60481e-08
chr1	41	3	249250621	1.20361e-08
chr1	42	1	249250621	4.01203e-09
chr1	43	6	249250621	2.40722e-08
chr1	44	12	249250621	4.81443e-08
chr1	45	11	249250621	4.41323e-08
chr1	46	6	249250621	2.40722e-08
chr1	47	2	249250621	8.02405e-09
chr1	48	1	249250621	4.01203e-09
chr2	0	239329107	243199373	0.984086
chr2	1	3824069	243199373	0.015724
chr2	2	37089	243199373	0.000152505
chr2	3	3392	243199373	1.39474e-05
chr2	4	2406	243199373	9.89312e-06
chr2	5	1304	243199373	5.36186e-06
chr2	6	871	243199373	3.58142e-06
chr2	7	535	243199373	2.19984e-06
chr2	8	243	243199373	9.9918e-07
chr2	9	147	243199373	6.04442e-07
chr2	10	63	243199373	2.59047e-07
chr2	11	29	243199373	1.19244e-07
chr2	12	53	243199373	2.17928e-07
chr2	13	28	243199373	1.15132e-07
chr2	14	17	243199373	6.99015e-08
chr2	15	14	243199373	5.75659e-08
chr2	16	4	243199373	1.64474e-08
chr2	17	2	243199373	8.22371e-09
chr3	0	195589346	198022430	0.987713
chr3	1	2419951	198022430	0.0122206
chr3	2	12971	198022430	6.55027e-05
chr3	3	37	198022430	1.86848e-07
chr3	4	4	198022430	2.01997e-08
chr3	5	12	198022430	6.05992e-08
chr3	6	3	198022430	1.51498e-08
chr3	7	3	198022430	1.51498e-08
chr3	8	9	198022430	4.54494e-08
chr3	9	5	198022430	2.52497e-08
chr3	10	2	198022430	1.00999e-08
chr3	11	2	198022430	1.00999e-08
chr3	12	3	198022430	1.51498e-08
chr3	13	4	198022430	2.01997e-08
chr3	14	4	198022430	2.01997e-08
chr3	15	5	198022430	2.52497e-08
chr3	16	2	198022430	1.00999e-08
chr3	17	4	198022430	2.01997e-08
chr3	18	2	198022430	1.00999e-08
chr3	19	8	198022430	4.03995e-08
chr3	20	2	198022430	1.00999e-08
chr3	21	2	198022430	1.00999e-08
chr3	22	2	198022430	1.00999e-08
chr3	23	6	198022430	3.02996e-08
chr3	24	5	198022430	2.52497e-08
chr3	25	3	198022430	1.51498e-08
chr3	27	4	198022430	2.01997e-08
chr3	28	7	198022430	3.53495e-08
chr3	29	13	198022430	6.56491e-08
chr3	30	4	198022430	2.01997e-08
chr3	31	5	198022430	2.52497e-08
chr4	0	188829515	191154276	0.987838
chr4	1	2305999	191154276	0.0120635
chr4	2	16902	191154276	8.84207e-05
chr4	3	1399	191154276	7.3187e-06
chr4	4	345	191154276	1.80482e-06
chr4	5	76	191154276	3.97585e-07
chr4	6	40	191154276	2.09255e-07
chr5	0	178882030	180915260	0.988761
chr5	1	2020344	180915260	0.0111673
chr5	2	12554	180915260	6.93916e-05
chr5	3	212	180915260	1.17182e-06
chr5	4	76	180915260	4.20086e-07
chr5	5	6	180915260	3.31647e-08
chr5	6	38	180915260	2.10043e-07
chr6	0	168417944	171115067	0.984238
chr6	1	2667353	171115067	0.0155881
chr6	2	25780	171115067	0.000150659
chr6	3	537	171115067	3.13824e-06
chr6	4	223	171115067	1.30322e-06
chr6	5	165	171115067	9.64263e-07
chr6	6	246	171115067	1.43763e-06
chr6	7	223	171115067	1.30322e-06
chr6	8	298	171115067	1.74152e-06
chr6	9	232	171115067	1.35581e-06
chr6	10	295	171115067	1.72399e-06
chr6	11	313	171115067	1.82918e-06
chr6	12	343	171115067	2.0045e-06
chr6	13	294	171115067	1.71814e-06
chr6	14	251	171115067	1.46685e-06
chr6	15	214	171115067	1.25062e-06
chr6	16	115	171115067	6.72062e-07
chr6	17	82	171115067	4.7921e-07
chr6	18	80	171115067	4.67522e-07
chr6	19	34	171115067	1.98697e-07
chr6	20	28	171115067	1.63633e-07
chr6	21	12	171115067	7.01282e-08
chr6	22	3	171115067	1.75321e-08
chr6	23	1	171115067	5.84402e-09
chr6	24	1	171115067	5.84402e-09
chr7	0	155574016	159138663	0.9776
chr7	1	3516258	159138663	0.0220956
chr7	2	44914	159138663	0.000282232
chr7	3	1023	159138663	6.42836e-06
chr7	4	513	159138663	3.2236e-06
chr7	5	357	159138663	2.24333e-06
chr7	6	268	159138663	1.68407e-06
chr7	7	213	159138663	1.33846e-06
chr7	8	124	159138663	7.79195e-07
chr7	9	136	159138663	8.54601e-07
chr7	10	166	159138663	1.04312e-06
chr7	11	185	159138663	1.16251e-06
chr7	12	99	159138663	6.22099e-07
chr7	13	92	159138663	5.78112e-07
chr7	14	67	159138663	4.21016e-07
chr7	15	34	159138663	2.1365e-07
chr7	16	17	159138663	1.06825e-07
chr7	17	30	159138663	1.88515e-07
chr7	18	44	159138663	2.76488e-07
chr7	19	34	159138663	2.1365e-07
chr7	20	14	159138663	8.79736e-08
chr7	21	17	159138663	1.06825e-07
chr7	22	24	159138663	1.50812e-07
chr7	23	9	159138663	5.65545e-08
chr7	24	2	159138663	1.25677e-08
chr7	25	6	159138663	3.7703e-08
chr7	26	1	159138663	6.28383e-09
chr8	0	144029279	146364022	0.984048
chr8	1	2305810	146364022	0.0157539
chr8	2	22858	146364022	0.000156172
chr8	3	3272	146364022	2.23552e-05
chr8	4	1420	146364022	9.70184e-06
chr8	5	760	146364022	5.19253e-06
chr8	6	387	146364022	2.64409e-06
chr8	7	123	146364022	8.4037e-07
chr8	8	80	146364022	5.46582e-07
chr8	9	25	146364022	1.70807e-07
chr8	10	8	146364022	5.46582e-08
chr9	0	140130420	141213431	0.992331
chr9	1	1076615	141213431	0.00762403
chr9	2	5570	141213431	3.94438e-05
chr9	3	446	141213431	3.15834e-06
chr9	4	222	141213431	1.57209e-06
chr9	5	129	141213431	9.13511e-07
chr9	6	29	141213431	2.05363e-07
chr10	0	132573618	135534747	0.978152
chr10	1	2910050	135534747	0.0214709
chr10	2	38106	135534747	0.000281153
chr10	3	2884	135534747	2.12787e-05
chr10	4	1597	135534747	1.1783e-05
chr10	5	1166	135534747	8.60296e-06
chr10	6	878	135534747	6.47804e-06
chr10	7	833	135534747	6.14603e-06
chr10	8	658	135534747	4.85484e-06
chr10	9	637	135534747	4.6999e-06
chr10	10	525	135534747	3.87355e-06
chr10	11	456	135534747	3.36445e-06
chr10	12	388	135534747	2.86273e-06
chr10	13	382	135534747	2.81847e-06
chr10	14	317	135534747	2.33888e-06
chr10	15	272	135534747	2.00687e-06
chr10	16	249	135534747	1.83717e-06
chr10	17	223	135534747	1.64533e-06
chr10	18	187	135534747	1.37972e-06
chr10	19	180	135534747	1.32807e-06
chr10	20	191	135534747	1.40923e-06
chr10	21	160	135534747	1.18051e-06
chr10	22	149	135534747	1.09935e-06
chr10	23	148	135534747	1.09197e-06
chr10	24	117	135534747	8.63247e-07
chr10	25	87	135534747	6.41902e-07
chr10	26	73	135534747	5.38607e-07
chr10	27	84	135534747	6.19767e-07
chr10	28	49	135534747	3.61531e-07
chr10	29	41	135534747	3.02505e-07
chr10	30	23	135534747	1.69698e-07
chr10	31	15	135534747	1.10673e-07
chr10	32	4	135534747	2.95127e-08
chr11	0	133418036	135006516	0.988234
chr11	1	1578051	135006516	0.0116887
chr11	2	8695	135006516	6.44043e-05
chr11	3	435	135006516	3.22207e-06
chr11	4	316	135006516	2.34063e-06
chr11	5	181	135006516	1.34068e-06
chr11	6	253	135006516	1.87398e-06
chr11	7	195	135006516	1.44437e-06
chr11	8	68	135006516	5.03679e-07
chr11	9	60	135006516	4.44423e-07
chr11	10	61	135006516	4.5183e-07
chr11	11	53	135006516	3.92574e-07
chr11	12	55	135006516	4.07388e-07
chr11	13	22	135006516	1.62955e-07
chr11	14	14	135006516	1.03699e-07
chr11	15	9	135006516	6.66635e-08
chr11	16	6	135006516	4.44423e-08
chr11	17	6	135006516	4.44423e-08
chr12	0	132196622	133851895	0.987634
chr12	1	1642598	133851895	0.0122718
chr12	2	12423	133851895	9.28115e-05
chr12	3	252	133851895	1.88268e-06
chr13	0	114386531	115169878	0.993198
chr13	1	780494	115169878	0.00677689
chr13	2	2853	115169878	2.47721e-05
chr14	0	106030644	107349540	0.987714
chr14	1	1307983	107349540	0.0121843
chr14	2	10872	107349540	0.000101277
chr14	3	41	107349540	3.8193e-07
chr15	0	101855246	102531392	0.993406
chr15	1	673392	102531392	0.00656767
chr15	2	2754	102531392	2.68601e-05
chr16	0	89369674	90354753	0.989098
chr16	1	954870	90354753	0.010568
chr16	2	13654	90354753	0.000151115
chr16	3	6224	90354753	6.8884e-05
chr16	4	4245	90354753	4.69815e-05
chr16	5	2444	90354753	2.70489e-05
chr16	6	1566	90354753	1.73317e-05
chr16	7	871	90354753	9.63978e-06
chr16	8	578	90354753	6.39701e-06
chr16	9	313	90354753	3.46412e-06
chr16	10	137	90354753	1.51625e-06
chr16	11	101	90354753	1.11782e-06
chr16	12	60	90354753	6.64049e-07
chr16	13	9	90354753	9.96074e-08
chr16	14	7	90354753	7.74724e-08
chr17	0	80553673	81195210	0.992099
chr17	1	636467	81195210	0.00783873
chr17	2	4425	81195210	5.44983e-05
chr17	3	458	81195210	5.64073e-06
chr17	4	91	81195210	1.12076e-06
chr17	5	45	81195210	5.5422e-07
chr17	6	37	81195210	4.55692e-07
chr17	7	14	81195210	1.72424e-07
chr18	0	77161226	78077248	0.988268
chr18	1	909969	78077248	0.0116547
chr18	2	4885	78077248	6.25662e-05
chr18	3	446	78077248	5.71229e-06
chr18	4	268	78077248	3.4325e-06
chr18	5	161	78077248	2.06206e-06
chr18	6	144	78077248	1.84433e-06
chr18	7	69	78077248	8.8374e-07
chr18	8	12	78077248	1.53694e-07
chr18	9	20	78077248	2.56157e-07
chr18	10	20	78077248	2.56157e-07
chr18	11	13	78077248	1.66502e-07
chr18	12	15	78077248	1.92117e-07
chr19	0	58520750	59128983	0.989713
chr19	1	601034	59128983	0.0101648
chr19	2	5165	59128983	8.73514e-05
chr19	3	550	59128983	9.3017e-06
chr19	4	313	59128983	5.29351e-06
chr19	5	249	59128983	4.21113e-06
chr19	6	132	59128983	2.23241e-06
chr19	7	108	59128983	1.82652e-06
chr19	8	92	59128983	1.55592e-06
chr19	9	84	59128983	1.42062e-06
chr19	10	142	59128983	2.40153e-06
chr19	11	69	59128983	1.16694e-06
chr19	12	63	59128983	1.06547e-06
chr19	13	45	59128983	7.61048e-07
chr19	14	13	59128983	2.19858e-07
chr19	15	22	59128983	3.72068e-07
chr19	16	39	59128983	6.59575e-07
chr19	17	32	59128983	5.4119e-07
chr19	18	42	59128983	7.10312e-07
chr19	19	37	59128983	6.25751e-07
chr19	20	2	59128983	3.38244e-08
chr20	0	62073450	63025520	0.984894
chr20	1	944997	63025520	0.0149939
chr20	2	6898	63025520	0.000109448
chr20	3	131	63025520	2.07852e-06
chr20	4	6	63025520	9.51995e-08
chr20	5	38	63025520	6.0293e-07
chr21	0	47685399	48129895	0.990765
chr21	1	440749	48129895	0.00915749
chr21	2	3549	48129895	7.3738e-05
chr21	3	70	48129895	1.4544e-06
chr21	4	24	48129895	4.98651e-07
chr21	5	48	48129895	9.97301e-07
chr21	6	35	48129895	7.27199e-07
chr21	7	21	48129895	4.36319e-07
chr22	0	51016196	51304566	0.994379
chr22	1	287053	51304566	0.00559508
chr22	2	1162	51304566	2.26491e-05
chr22	3	56	51304566	1.09152e-06
chr22	4	44	51304566	8.57623e-07
chr22	5	1	51304566	1.94914e-08
chr22	6	2	51304566	3.89829e-08
chr22	7	4	51304566	7.79658e-08
chr22	8	2	51304566	3.89829e-08
chr22	9	1	51304566	1.94914e-08
chr22	10	1	51304566	1.94914e-08
chr22	11	2	51304566	3.89829e-08
chr22	12	3	51304566	5.84743e-08
chr22	13	5	51304566	9.74572e-08
chr22	14	34	51304566	6.62709e-07
chrX	0	153608956	155270560	0.989299
chrX	1	1643368	155270560	0.0105839
chrX	2	14868	155270560	9.57554e-05
chrX	3	2251	155270560	1.44973e-05
chrX	4	829	155270560	5.33907e-06
chrX	5	137	155270560	8.82331e-07
chrX	6	78	155270560	5.02349e-07
chrX	7	20	155270560	1.28807e-07
chrX	8	43	155270560	2.76936e-07
chrX	9	10	155270560	6.44037e-08
chrY	0	59305606	59373566	0.998855
chrY	1	65607	59373566	0.00110499
chrY	2	1779	59373566	2.99628e-05
chrY	3	445	59373566	7.49492e-06
chrY	4	70	59373566	1.17898e-06
chrY	5	35	59373566	5.89488e-07
chrY	6	23	59373566	3.87378e-07
chrY	7	1	59373566	1.68425e-08
chr1_gl000191_random	0	105733	106433	0.993423
chr1_gl000191_random	1	700	106433	0.00657691
chr1_gl000192_random	0	536522	547496	0.979956
chr1_gl000192_random	1	10898	547496	0.0199052
chr1_gl000192_random	2	76	547496	0.000138814
chr4_ctg9_hap1	0	585776	590426	0.992124
chr4_ctg9_hap1	1	4650	590426	0.00787567
chr4_gl000193_random	0	183552	189789	0.967137
chr4_gl000193_random	1	5986	189789	0.0315403
chr4_gl000193_random	2	239	189789	0.00125929
chr4_gl000193_random	3	12	189789	6.32281e-05
chr4_gl000194_random	0	187877	191469	0.98124
chr4_gl000194_random	1	3484	191469	0.0181962
chr4_gl000194_random	2	108	191469	0.00056406
chr6_apd_hap1	0	4616171	4622290	0.998676
chr6_apd_hap1	1	6088	4622290	0.0013171
chr6_apd_hap1	2	31	4622290	6.70663e-06
chr6_cox_hap2	0	4780933	4795371	0.996989
chr6_cox_hap2	1	14376	4795371	0.00299789
chr6_cox_hap2	2	62	4795371	1.29291e-05
chr6_dbb_hap3	0	4598987	4610396	0.997525
chr6_dbb_hap3	1	11368	4610396	0.00246573
chr6_dbb_hap3	2	41	4610396	8.89295e-06
chr6_mann_hap4	0	4666549	4683263	0.996431
chr6_mann_hap4	1	16678	4683263	0.00356119
chr6_mann_hap4	2	36	4683263	7.68695e-06
chr6_mcf_hap5	0	4821505	4833398	0.997539
chr6_mcf_hap5	1	11886	4833398	0.00245914
chr6_mcf_hap5	2	7	4833398	1.44826e-06
chr6_qbl_hap6	0	4599794	4611984	0.997357
chr6_qbl_hap6	1	12080	4611984	0.00261926
chr6_qbl_hap6	2	110	4611984	2.38509e-05
chr6_ssto_hap7	0	4916234	4928567	0.997498
chr6_ssto_hap7	1	12316	4928567	0.0024989
chr6_ssto_hap7	2	17	4928567	3.44928e-06
chr7_gl000195_random	0	178200	182896	0.974324
chr7_gl000195_random	1	4542	182896	0.0248338
chr7_gl000195_random	2	154	182896	0.000842009
chr8_gl000196_random	0	38564	38914	0.991006
chr8_gl000196_random	1	350	38914	0.00899419
chr8_gl000197_random	0	36975	37175	0.99462
chr8_gl000197_random	1	200	37175	0.00537996
chr9_gl000198_random	0	88485	90085	0.982239
chr9_gl000198_random	1	1600	90085	0.017761
chr9_gl000199_random	0	143358	169874	0.843908
chr9_gl000199_random	1	20740	169874	0.12209
chr9_gl000199_random	2	3921	169874	0.0230818
chr9_gl000199_random	3	1054	169874	0.0062046
chr9_gl000199_random	4	374	169874	0.00220163
chr9_gl000199_random	5	169	169874	0.000994855
chr9_gl000199_random	6	65	169874	0.000382637
chr9_gl000199_random	7	35	169874	0.000206035
chr9_gl000199_random	8	54	169874	0.000317883
chr9_gl000199_random	9	53	169874	0.000311996
chr9_gl000199_random	10	2	169874	1.17734e-05
chr9_gl000199_random	11	2	169874	1.17734e-05
chr9_gl000199_random	12	10	169874	5.88672e-05
chr9_gl000199_random	13	1	169874	5.88672e-06
chr9_gl000199_random	14	3	169874	1.76601e-05
chr9_gl000199_random	15	7	169874	4.1207e-05
chr9_gl000199_random	16	8	169874	4.70937e-05
chr9_gl000199_random	17	6	169874	3.53203e-05
chr9_gl000199_random	18	9	169874	5.29804e-05
chr9_gl000199_random	19	3	169874	1.76601e-05
chr9_gl000200_random	0	186285	187035	0.99599
chr9_gl000200_random	1	750	187035	0.00400994
chr9_gl000201_random	0	36048	36148	0.997234
chr9_gl000201_random	1	100	36148	0.0027664
chr11_gl000202_random	0	39753	40103	0.991272
chr11_gl000202_random	1	350	40103	0.00872753
chr17_ctg5_hap1	0	1670763	1680828	0.994012
chr17_ctg5_hap1	1	9980	1680828	0.00593755
chr17_ctg5_hap1	2	85	1680828	5.05703e-05
chr17_gl000203_random	0	36998	37498	0.986666
chr17_gl000203_random	1	500	37498	0.013334
chr17_gl000204_random	0	80610	81310	0.991391
chr17_gl000204_random	1	700	81310	0.00860903
chr17_gl000205_random	0	171498	174588	0.982301
chr17_gl000205_random	1	2980	174588	0.0170688
chr17_gl000205_random	2	110	174588	0.000630055
chr17_gl000206_random	0	40951	41001	0.99878
chr17_gl000206_random	1	50	41001	0.00121948
chr18_gl000207_random	0	4212	4262	0.988268
chr18_gl000207_random	1	50	4262	0.0117316
chr19_gl000208_random	0	88383	92689	0.953544
chr19_gl000208_random	1	3798	92689	0.0409757
chr19_gl000208_random	2	335	92689	0.00361424
chr19_gl000208_random	3	112	92689	0.00120834
chr19_gl000208_random	4	59	92689	0.000636537
chr19_gl000208_random	5	2	92689	2.15775e-05
chr19_gl000209_random	0	158419	159169	0.995288
chr19_gl000209_random	1	750	159169	0.00471197
chrUn_gl000211	0	162988	166566	0.978519
chrUn_gl000211	1	3556	166566	0.0213489
chrUn_gl000211	2	22	166566	0.00013208
chrUn_gl000212	0	184219	186858	0.985877
chrUn_gl000212	1	2628	186858	0.0140642
chrUn_gl000212	2	11	186858	5.88682e-05
chrUn_gl000213	0	163389	164239	0.994825
chrUn_gl000213	1	850	164239	0.00517538
chrUn_gl000214	0	128899	137718	0.935963
chrUn_gl000214	1	7637	137718	0.0554539
chrUn_gl000214	2	949	137718	0.00689089
chrUn_gl000214	3	135	137718	0.000980264
chrUn_gl000214	4	80	137718	0.000580897
chrUn_gl000214	5	18	137718	0.000130702
chrUn_gl000215	0	171345	172545	0.993045
chrUn_gl000215	1	1200	172545	0.00695471
chrUn_gl000216	0	159835	172294	0.927688
chrUn_gl000216	1	10862	172294	0.0630434
chrUn_gl000216	2	1320	172294	0.00766132
chrUn_gl000216	3	207	172294	0.00120143
chrUn_gl000216	4	20	172294	0.000116081
chrUn_gl000216	5	20	172294	0.000116081
chrUn_gl000216	6	20	172294	0.000116081
chrUn_gl000216	7	5	172294	2.90202e-05
chrUn_gl000216	8	3	172294	1.74121e-05
chrUn_gl000216	9	2	172294	1.16081e-05
chrUn_gl000217	0	169981	172149	0.987406
chrUn_gl000217	1	2136	172149	0.0124079
chrUn_gl000217	2	32	172149	0.000185885
chrUn_gl000218	0	157538	161147	0.977604
chrUn_gl000218	1	3568	161147	0.0221413
chrUn_gl000218	2	41	161147	0.000254426
chrUn_gl000219	0	174832	179198	0.975636
chrUn_gl000219	1	4282	179198	0.0238954
chrUn_gl000219	2	84	179198	0.000468755
chrUn_gl000220	0	133385	161802	0.824372
chrUn_gl000220	1	20938	161802	0.129405
chrUn_gl000220	2	5559	161802	0.0343568
chrUn_gl000220	3	1408	161802	0.00870199
chrUn_gl000220	4	414	161802	0.00255868
chrUn_gl000220	5	74	161802	0.000457349
chrUn_gl000220	6	24	161802	0.000148329
chrUn_gl000221	0	150914	155397	0.971151
chrUn_gl000221	1	4416	155397	0.0284175
chrUn_gl000221	2	67	155397	0.000431154
chrUn_gl000222	0	185411	186861	0.99224
chrUn_gl000222	1	1450	186861	0.00775978
chrUn_gl000223	0	179655	180455	0.995567
chrUn_gl000223	1	800	180455	0.00443324
chrUn_gl000224	0	171818	179693	0.956175
chrUn_gl000224	1	6852	179693	0.0381317
chrUn_gl000224	2	873	179693	0.00485829
chrUn_gl000224	3	148	179693	0.000823627
chrUn_gl000224	4	2	179693	1.11301e-05
chrUn_gl000225	0	194205	211173	0.919649
chrUn_gl000225	1	14240	211173	0.0674329
chrUn_gl000225	2	2029	211173	0.00960824
chrUn_gl000225	3	458	211173	0.00216884
chrUn_gl000225	4	90	211173	0.000426191
chrUn_gl000225	5	57	211173	0.000269921
chrUn_gl000225	6	51	211173	0.000241508
chrUn_gl000225	7	2	211173	9.47091e-06
chrUn_gl000225	8	6	211173	2.84127e-05
chrUn_gl000225	9	35	211173	0.000165741
chrUn_gl000226	0	1224	15008	0.0815565
chrUn_gl000226	1	1678	15008	0.111807
chrUn_gl000226	2	1878	15008	0.125133
chrUn_gl000226	3	2570	15008	0.171242
chrUn_gl000226	4	2218	15008	0.147788
chrUn_gl000226	5	1865	15008	0.124267
chrUn_gl000226	6	1494	15008	0.0995469
chrUn_gl000226	7	998	15008	0.0664979
chrUn_gl000226	8	467	15008	0.0311167
chrUn_gl000226	9	259	15008	0.0172575
chrUn_gl000226	10	187	15008	0.01246
chrUn_gl000226	11	103	15008	0.00686301
chrUn_gl000226	12	35	15008	0.00233209
chrUn_gl000226	13	29	15008	0.0019323
chrUn_gl000226	14	3	15008	0.000199893
chrUn_gl000227	0	127174	128374	0.990652
chrUn_gl000227	1	1200	128374	0.00934769
chrUn_gl000228	0	125811	129120	0.974373
chrUn_gl000228	1	3029	129120	0.0234588
chrUn_gl000228	2	169	129120	0.00130886
chrUn_gl000228	3	75	129120	0.000580855
chrUn_gl000228	4	22	129120	0.000170384
chrUn_gl000228	5	14	129120	0.000108426
chrUn_gl000229	0	19563	19913	0.982424
chrUn_gl000229	1	350	19913	0.0175765
chrUn_gl000230	0	42591	43691	0.974823
chrUn_gl000230	1	1100	43691	0.0251768
chrUn_gl000231	0	26586	27386	0.970788
chrUn_gl000231	1	800	27386	0.029212
chrUn_gl000232	0	38809	40652	0.954664
chrUn_gl000232	1	1786	40652	0.0439339
chrUn_gl000232	2	57	40652	0.00140215
chrUn_gl000233	0	44777	45941	0.974663
chrUn_gl000233	1	1078	45941	0.0234649
chrUn_gl000233	2	86	45941	0.00187197
chrUn_gl000234	0	39182	40531	0.966717
chrUn_gl000234	1	1348	40531	0.0332585
chrUn_gl000234	2	1	40531	2.46725e-05
chrUn_gl000235	0	32970	34474	0.956373
chrUn_gl000235	1	1458	34474	0.0422927
chrUn_gl000235	2	46	34474	0.00133434
chrUn_gl000236	0	41634	41934	0.992846
chrUn_gl000236	1	300	41934	0.0071541
chrUn_gl000237	0	45167	45867	0.984738
chrUn_gl000237	1	700	45867	0.0152615
chrUn_gl000238	0	39539	39939	0.989985
chrUn_gl000238	1	400	39939	0.0100153
chrUn_gl000239	0	33302	33824	0.984567
chrUn_gl000239	1	494	33824	0.014605
chrUn_gl000239	2	28	33824	0.000827815
chrUn_gl000240	0	41260	41933	0.983951
chrUn_gl000240	1	646	41933	0.0154055
chrUn_gl000240	2	27	41933	0.000643884
chrUn_gl000241	0	40362	42152	0.957535
chrUn_gl000241	1	1730	42152	0.0410419
chrUn_gl000241	2	60	42152	0.00142342
chrUn_gl000242	0	43423	43523	0.997702
chrUn_gl000242	1	100	43523	0.00229764
chrUn_gl000243	0	42089	43341	0.971113
chrUn_gl000243	1	1204	43341	0.0277797
chrUn_gl000243	2	48	43341	0.0011075
chrUn_gl000244	0	39529	39929	0.989982
chrUn_gl000244	1	400	39929	0.0100178
chrUn_gl000245	0	35646	36651	0.972579
chrUn_gl000245	1	960	36651	0.026193
chrUn_gl000245	2	45	36651	0.0012278
chrUn_gl000246	0	37904	38154	0.993448
chrUn_gl000246	1	250	38154	0.00655239
chrUn_gl000247	0	35772	36422	0.982154
chrUn_gl000247	1	650	36422	0.0178464
chrUn_gl000248	0	39586	39786	0.994973
chrUn_gl000248	1	200	39786	0.00502689
chrUn_gl000249	0	38052	38502	0.988312
chrUn_gl000249	1	450	38502	0.0116877
chr21_gl000210_random	0	27682	27682	1
genome	0	3097913332	3137161264	0.987489
genome	1	38805083	3137161264	0.0123695
genome	2	356505	3137161264	0.000113639
genome	3	33153	3137161264	1.05678e-05
genome	4	17252	3137161264	5.49924e-06
genome	5	9886	3137161264	3.15126e-06
genome	6	6795	3137161264	2.16597e-06
genome	7	4305	3137161264	1.37226e-06
genome	8	2774	3137161264	8.84239e-07
genome	9	2068	3137161264	6.59195e-07
genome	10	1628	3137161264	5.18941e-07
genome	11	1366	3137161264	4.35426e-07
genome	12	1182	3137161264	3.76774e-07
genome	13	990	3137161264	3.15572e-07
genome	14	811	3137161264	2.58514e-07
genome	15	663	3137161264	2.11338e-07
genome	16	516	3137161264	1.6448e-07
genome	17	459	3137161264	1.46311e-07
genome	18	432	3137161264	1.37704e-07
genome	19	332	3137161264	1.05828e-07
genome	20	292	3137161264	9.30778e-08
genome	21	234	3137161264	7.45897e-08
genome	22	210	3137161264	6.69395e-08
genome	23	186	3137161264	5.92893e-08
genome	24	142	3137161264	4.52639e-08
genome	25	110	3137161264	3.50635e-08
genome	26	90	3137161264	2.86884e-08
genome	27	119	3137161264	3.79324e-08
genome	28	92	3137161264	2.93259e-08
genome	29	83	3137161264	2.6457e-08
genome	30	41	3137161264	1.30691e-08
genome	31	30	3137161264	9.56279e-09
genome	32	15	3137161264	4.78139e-09
genome	33	9	3137161264	2.86884e-09
genome	34	8	3137161264	2.55008e-09
genome	35	4	3137161264	1.27504e-09
genome	36	8	3137161264	2.55008e-09
genome	37	5	3137161264	1.5938e-09
genome	38	5	3137161264	1.5938e-09
genome	39	3	3137161264	9.56279e-10
genome	40	4	3137161264	1.27504e-09
genome	41	3	3137161264	9.56279e-10
genome	42	1	3137161264	3.1876e-10
genome	43	6	3137161264	1.91256e-09
genome	44	12	3137161264	3.82511e-09
genome	45	11	3137161264	3.50635e-09
genome	46	6	3137161264	1.91256e-09
genome	47	2	3137161264	6.37519e-10
genome	48	1	3137161264	3.1876e-10
