chrM	0	13045	16571	0.787219
chrM	1	3261	16571	0.19679
chrM	2	256	16571	0.0154487
chrM	3	9	16571	0.000543118
chr1	0	246257905	249250621	0.987993
chr1	1	2966443	249250621	0.0119014
chr1	2	24218	249250621	9.71632e-05
chr1	3	585	249250621	2.34704e-06
chr1	4	196	249250621	7.86357e-07
chr1	5	120	249250621	4.81443e-07
chr1	6	55	249250621	2.20661e-07
chr1	7	42	249250621	1.68505e-07
chr1	8	71	249250621	2.84854e-07
chr1	9	49	249250621	1.96589e-07
chr1	10	63	249250621	2.52758e-07
chr1	11	64	249250621	2.5677e-07
chr1	12	71	249250621	2.84854e-07
chr1	13	56	249250621	2.24673e-07
chr1	14	68	249250621	2.72818e-07
chr1	15	64	249250621	2.5677e-07
chr1	16	68	249250621	2.72818e-07
chr1	17	42	249250621	1.68505e-07
chr1	18	45	249250621	1.80541e-07
chr1	19	39	249250621	1.56469e-07
chr1	20	22	249250621	8.82646e-08
chr1	21	23	249250621	9.22766e-08
chr1	22	34	249250621	1.36409e-07
chr1	23	23	249250621	9.22766e-08
chr1	24	20	249250621	8.02405e-08
chr1	25	25	249250621	1.00301e-07
chr1	26	19	249250621	7.62285e-08
chr1	27	12	249250621	4.81443e-08
chr1	28	12	249250621	4.81443e-08
chr1	29	7	249250621	2.80842e-08
chr1	30	8	249250621	3.20962e-08
chr1	31	14	249250621	5.61684e-08
chr1	32	11	249250621	4.41323e-08
chr1	33	9	249250621	3.61082e-08
chr1	34	12	249250621	4.81443e-08
chr1	35	30	249250621	1.20361e-07
chr1	36	32	249250621	1.28385e-07
chr1	37	15	249250621	6.01804e-08
chr1	38	16	249250621	6.41924e-08
chr1	39	9	249250621	3.61082e-08
chr1	40	3	249250621	1.20361e-08
chr1	41	1	249250621	4.01203e-09
chr2	0	239444348	243199373	0.98456
chr2	1	3707156	243199373	0.0152433
chr2	2	39325	243199373	0.000161699
chr2	3	3052	243199373	1.25494e-05
chr2	4	2367	243199373	9.73276e-06
chr2	5	1423	243199373	5.85117e-06
chr2	6	790	243199373	3.24836e-06
chr2	7	308	243199373	1.26645e-06
chr2	8	248	243199373	1.01974e-06
chr2	9	150	243199373	6.16778e-07
chr2	10	111	243199373	4.56416e-07
chr2	11	41	243199373	1.68586e-07
chr2	12	40	243199373	1.64474e-07
chr2	13	12	243199373	4.93422e-08
chr2	14	2	243199373	8.22371e-09
chr3	0	195642955	198022430	0.987984
chr3	1	2363299	198022430	0.0119345
chr3	2	15826	198022430	7.99202e-05
chr3	3	159	198022430	8.02939e-07
chr3	4	78	198022430	3.93895e-07
chr3	5	4	198022430	2.01997e-08
chr3	6	8	198022430	4.03995e-08
chr3	7	3	198022430	1.51498e-08
chr3	8	1	198022430	5.04993e-09
chr3	9	5	198022430	2.52497e-08
chr3	10	7	198022430	3.53495e-08
chr3	11	3	198022430	1.51498e-08
chr3	12	3	198022430	1.51498e-08
chr3	13	4	198022430	2.01997e-08
chr3	14	2	198022430	1.00999e-08
chr3	15	3	198022430	1.51498e-08
chr3	16	4	198022430	2.01997e-08
chr3	17	5	198022430	2.52497e-08
chr3	18	3	198022430	1.51498e-08
chr3	19	4	198022430	2.01997e-08
chr3	20	4	198022430	2.01997e-08
chr3	22	4	198022430	2.01997e-08
chr3	23	4	198022430	2.01997e-08
chr3	24	3	198022430	1.51498e-08
chr3	25	10	198022430	5.04993e-08
chr3	26	2	198022430	1.00999e-08
chr3	27	6	198022430	3.02996e-08
chr3	28	4	198022430	2.01997e-08
chr3	29	5	198022430	2.52497e-08
chr3	30	5	198022430	2.52497e-08
chr3	31	3	198022430	1.51498e-08
chr3	32	3	198022430	1.51498e-08
chr3	33	1	198022430	5.04993e-09
chr4	0	188370416	191154276	0.985437
chr4	1	2757435	191154276	0.0144252
chr4	2	24365	191154276	0.000127462
chr4	3	1021	191154276	5.34124e-06
chr4	4	514	191154276	2.68893e-06
chr4	5	211	191154276	1.10382e-06
chr4	6	160	191154276	8.3702e-07
chr4	7	99	191154276	5.17906e-07
chr4	8	37	191154276	1.93561e-07
chr4	9	18	191154276	9.41648e-08
chr5	0	178954220	180915260	0.98916
chr5	1	1948826	180915260	0.010772
chr5	2	12158	180915260	6.72027e-05
chr5	3	16	180915260	8.84392e-08
chr5	4	40	180915260	2.21098e-07
chr6	0	168493916	171115067	0.984682
chr6	1	2594980	171115067	0.0151651
chr6	2	22208	171115067	0.000129784
chr6	3	293	171115067	1.7123e-06
chr6	4	212	171115067	1.23893e-06
chr6	5	251	171115067	1.46685e-06
chr6	6	275	171115067	1.60711e-06
chr6	7	300	171115067	1.75321e-06
chr6	8	340	171115067	1.98697e-06
chr6	9	364	171115067	2.12722e-06
chr6	10	356	171115067	2.08047e-06
chr6	11	254	171115067	1.48438e-06
chr6	12	230	171115067	1.34412e-06
chr6	13	284	171115067	1.6597e-06
chr6	14	234	171115067	1.3675e-06
chr6	15	168	171115067	9.81795e-07
chr6	16	174	171115067	1.01686e-06
chr6	17	86	171115067	5.02586e-07
chr6	18	62	171115067	3.62329e-07
chr6	19	37	171115067	2.16229e-07
chr6	20	11	171115067	6.42842e-08
chr6	21	17	171115067	9.93483e-08
chr6	22	13	171115067	7.59723e-08
chr6	23	2	171115067	1.1688e-08
chr7	0	155655026	159138663	0.978109
chr7	1	3436776	159138663	0.0215961
chr7	2	43115	159138663	0.000270927
chr7	3	1217	159138663	7.64742e-06
chr7	4	588	159138663	3.69489e-06
chr7	5	564	159138663	3.54408e-06
chr7	6	244	159138663	1.53325e-06
chr7	7	242	159138663	1.52069e-06
chr7	8	186	159138663	1.16879e-06
chr7	9	139	159138663	8.73452e-07
chr7	10	96	159138663	6.03248e-07
chr7	11	66	159138663	4.14733e-07
chr7	12	73	159138663	4.58719e-07
chr7	13	77	159138663	4.83855e-07
chr7	14	60	159138663	3.7703e-07
chr7	15	63	159138663	3.95881e-07
chr7	16	55	159138663	3.45611e-07
chr7	17	35	159138663	2.19934e-07
chr7	18	28	159138663	1.75947e-07
chr7	19	13	159138663	8.16898e-08
chr8	0	144094987	146364022	0.984497
chr8	1	2241374	146364022	0.0153137
chr8	2	22163	146364022	0.000151424
chr8	3	3177	146364022	2.17062e-05
chr8	4	1331	146364022	9.09377e-06
chr8	5	651	146364022	4.44781e-06
chr8	6	153	146364022	1.04534e-06
chr8	7	100	146364022	6.83228e-07
chr8	8	22	146364022	1.5031e-07
chr8	9	8	146364022	5.46582e-08
chr8	10	42	146364022	2.86956e-07
chr8	11	14	146364022	9.56519e-08
chr9	0	139990215	141213431	0.991338
chr9	1	1215062	141213431	0.00860444
chr9	2	7506	141213431	5.31536e-05
chr9	3	376	141213431	2.66264e-06
chr9	4	96	141213431	6.79822e-07
chr9	5	80	141213431	5.66518e-07
chr9	6	21	141213431	1.48711e-07
chr9	7	41	141213431	2.90341e-07
chr9	8	14	141213431	9.91407e-08
chr9	9	11	141213431	7.78963e-08
chr9	10	9	141213431	6.37333e-08
chr10	0	132441825	135534747	0.97718
chr10	1	3041608	135534747	0.0224415
chr10	2	37948	135534747	0.000279987
chr10	3	2460	135534747	1.81503e-05
chr10	4	1773	135534747	1.30815e-05
chr10	5	1294	135534747	9.54737e-06
chr10	6	1230	135534747	9.07516e-06
chr10	7	968	135534747	7.14208e-06
chr10	8	645	135534747	4.75893e-06
chr10	9	543	135534747	4.00635e-06
chr10	10	619	135534747	4.56709e-06
chr10	11	495	135534747	3.6522e-06
chr10	12	514	135534747	3.79239e-06
chr10	13	425	135534747	3.13573e-06
chr10	14	355	135534747	2.61925e-06
chr10	15	257	135534747	1.89619e-06
chr10	16	247	135534747	1.82241e-06
chr10	17	206	135534747	1.51991e-06
chr10	18	259	135534747	1.91095e-06
chr10	19	219	135534747	1.61582e-06
chr10	20	163	135534747	1.20264e-06
chr10	21	152	135534747	1.12148e-06
chr10	22	109	135534747	8.04222e-07
chr10	23	108	135534747	7.96844e-07
chr10	24	84	135534747	6.19767e-07
chr10	25	51	135534747	3.76287e-07
chr10	26	46	135534747	3.39396e-07
chr10	27	48	135534747	3.54153e-07
chr10	28	23	135534747	1.69698e-07
chr10	29	13	135534747	9.59164e-08
chr10	30	2	135534747	1.47564e-08
chr10	31	11	135534747	8.116e-08
chr10	32	5	135534747	3.68909e-08
chr10	33	22	135534747	1.6232e-07
chr10	34	11	135534747	8.116e-08
chr10	35	4	135534747	2.95127e-08
chr10	36	3	135534747	2.21345e-08
chr10	37	2	135534747	1.47564e-08
chr11	0	133435347	135006516	0.988362
chr11	1	1559983	135006516	0.0115549
chr11	2	9555	135006516	7.07744e-05
chr11	3	365	135006516	2.70357e-06
chr11	4	319	135006516	2.36285e-06
chr11	5	307	135006516	2.27396e-06
chr11	6	114	135006516	8.44404e-07
chr11	7	144	135006516	1.06662e-06
chr11	8	114	135006516	8.44404e-07
chr11	9	81	135006516	5.99971e-07
chr11	10	48	135006516	3.55538e-07
chr11	11	24	135006516	1.77769e-07
chr11	12	46	135006516	3.40724e-07
chr11	13	18	135006516	1.33327e-07
chr11	14	27	135006516	1.9999e-07
chr11	15	24	135006516	1.77769e-07
chr12	0	132225737	133851895	0.987851
chr12	1	1612587	133851895	0.0120475
chr12	2	13250	133851895	9.899e-05
chr12	3	321	133851895	2.39817e-06
chr13	0	114394043	115169878	0.993264
chr13	1	773270	115169878	0.00671417
chr13	2	2565	115169878	2.22714e-05
chr14	0	106062463	107349540	0.98801
chr14	1	1277988	107349540	0.0119049
chr14	2	9024	107349540	8.40618e-05
chr14	3	25	107349540	2.32884e-07
chr14	4	11	107349540	1.02469e-07
chr14	5	29	107349540	2.70146e-07
chr15	0	101873566	102531392	0.993584
chr15	1	655361	102531392	0.00639181
chr15	2	2456	102531392	2.39536e-05
chr15	3	9	102531392	8.7778e-08
chr16	0	89266490	90354753	0.987956
chr16	1	1056256	90354753	0.0116901
chr16	2	15627	90354753	0.000172952
chr16	3	5860	90354753	6.48555e-05
chr16	4	4136	90354753	4.57751e-05
chr16	5	2819	90354753	3.11992e-05
chr16	6	1716	90354753	1.89918e-05
chr16	7	798	90354753	8.83185e-06
chr16	8	487	90354753	5.38987e-06
chr16	9	234	90354753	2.58979e-06
chr16	10	135	90354753	1.49411e-06
chr16	11	45	90354753	4.98037e-07
chr16	12	27	90354753	2.98822e-07
chr16	13	29	90354753	3.20957e-07
chr16	14	33	90354753	3.65227e-07
chr16	15	29	90354753	3.20957e-07
chr16	16	11	90354753	1.21742e-07
chr16	17	11	90354753	1.21742e-07
chr16	18	9	90354753	9.96074e-08
chr16	19	1	90354753	1.10675e-08
chr17	0	80568530	81195210	0.992282
chr17	1	623045	81195210	0.00767342
chr17	2	2807	81195210	3.4571e-05
chr17	3	482	81195210	5.93631e-06
chr17	4	141	81195210	1.73656e-06
chr17	5	86	81195210	1.05918e-06
chr17	6	45	81195210	5.5422e-07
chr17	7	27	81195210	3.32532e-07
chr17	8	31	81195210	3.81796e-07
chr17	9	16	81195210	1.97056e-07
chr18	0	77184482	78077248	0.988566
chr18	1	886225	78077248	0.0113506
chr18	2	5653	78077248	7.24027e-05
chr18	3	387	78077248	4.95663e-06
chr18	4	208	78077248	2.66403e-06
chr18	5	126	78077248	1.61379e-06
chr18	6	59	78077248	7.55662e-07
chr18	7	12	78077248	1.53694e-07
chr18	8	19	78077248	2.43349e-07
chr18	9	19	78077248	2.43349e-07
chr18	10	8	78077248	1.02463e-07
chr18	11	13	78077248	1.66502e-07
chr18	12	24	78077248	3.07388e-07
chr18	13	8	78077248	1.02463e-07
chr18	14	5	78077248	6.40391e-08
chr19	0	58541048	59128983	0.990057
chr19	1	581853	59128983	0.0098404
chr19	2	4061	59128983	6.86804e-05
chr19	3	535	59128983	9.04802e-06
chr19	4	324	59128983	5.47955e-06
chr19	5	156	59128983	2.6383e-06
chr19	6	178	59128983	3.01037e-06
chr19	7	180	59128983	3.04419e-06
chr19	8	139	59128983	2.35079e-06
chr19	9	83	59128983	1.40371e-06
chr19	10	70	59128983	1.18385e-06
chr19	11	92	59128983	1.55592e-06
chr19	12	61	59128983	1.03164e-06
chr19	13	33	59128983	5.58102e-07
chr19	14	29	59128983	4.90453e-07
chr19	15	25	59128983	4.22805e-07
chr19	16	22	59128983	3.72068e-07
chr19	17	25	59128983	4.22805e-07
chr19	18	26	59128983	4.39717e-07
chr19	19	20	59128983	3.38244e-07
chr19	20	8	59128983	1.35297e-07
chr19	21	12	59128983	2.02946e-07
chr19	22	3	59128983	5.07365e-08
chr20	0	62115200	63025520	0.985556
chr20	1	902986	63025520	0.0143273
chr20	2	7091	63025520	0.00011251
chr20	3	240	63025520	3.80798e-06
chr20	4	3	63025520	4.75998e-08
chr21	0	47692980	48129895	0.990922
chr21	1	432875	48129895	0.00899389
chr21	2	3807	48129895	7.90984e-05
chr21	3	83	48129895	1.7245e-06
chr21	4	25	48129895	5.19428e-07
chr21	5	39	48129895	8.10307e-07
chr21	6	11	48129895	2.28548e-07
chr21	7	49	48129895	1.01808e-06
chr21	8	26	48129895	5.40205e-07
chr22	0	51025651	51304566	0.994564
chr22	1	277762	51304566	0.00541398
chr22	2	1082	51304566	2.10897e-05
chr22	3	12	51304566	2.33897e-07
chr22	4	2	51304566	3.89829e-08
chr22	5	6	51304566	1.16949e-07
chr22	6	2	51304566	3.89829e-08
chr22	7	6	51304566	1.16949e-07
chr22	8	2	51304566	3.89829e-08
chr22	9	2	51304566	3.89829e-08
chr22	11	6	51304566	1.16949e-07
chr22	12	33	51304566	6.43218e-07
chrX	0	153674096	155270560	0.989718
chrX	1	1579265	155270560	0.0101711
chrX	2	14455	155270560	9.30956e-05
chrX	3	1667	155270560	1.07361e-05
chrX	4	617	155270560	3.97371e-06
chrX	5	287	155270560	1.84839e-06
chrX	6	143	155270560	9.20973e-07
chrX	7	3	155270560	1.93211e-08
chrX	8	4	155270560	2.57615e-08
chrX	9	20	155270560	1.28807e-07
chrX	10	3	155270560	1.93211e-08
chrY	0	59311465	59373566	0.998954
chrY	1	59753	59373566	0.00100639
chrY	2	1941	59373566	3.26913e-05
chrY	3	259	59373566	4.36221e-06
chrY	4	67	59373566	1.12845e-06
chrY	5	32	59373566	5.3896e-07
chrY	6	19	59373566	3.20008e-07
chrY	7	8	59373566	1.3474e-07
chrY	8	8	59373566	1.3474e-07
chrY	9	14	59373566	2.35795e-07
chr1_gl000191_random	0	105633	106433	0.992484
chr1_gl000191_random	1	800	106433	0.00751647
chr1_gl000192_random	0	537013	547496	0.980853
chr1_gl000192_random	1	10416	547496	0.0190248
chr1_gl000192_random	2	67	547496	0.000122375
chr4_ctg9_hap1	0	585441	590426	0.991557
chr4_ctg9_hap1	1	4970	590426	0.00841765
chr4_ctg9_hap1	2	15	590426	2.54054e-05
chr4_gl000193_random	0	184176	189789	0.970425
chr4_gl000193_random	1	5351	189789	0.0281945
chr4_gl000193_random	2	237	189789	0.00124876
chr4_gl000193_random	3	25	189789	0.000131725
chr4_gl000194_random	0	188059	191469	0.98219
chr4_gl000194_random	1	3370	191469	0.0176008
chr4_gl000194_random	2	40	191469	0.000208911
chr6_apd_hap1	0	4616740	4622290	0.998799
chr6_apd_hap1	1	5550	4622290	0.0012007
chr6_cox_hap2	0	4781191	4795371	0.997043
chr6_cox_hap2	1	14160	4795371	0.00295285
chr6_cox_hap2	2	20	4795371	4.17069e-06
chr6_dbb_hap3	0	4598006	4610396	0.997313
chr6_dbb_hap3	1	12280	4610396	0.00266355
chr6_dbb_hap3	2	110	4610396	2.38591e-05
chr6_mann_hap4	0	4667437	4683263	0.996621
chr6_mann_hap4	1	15702	4683263	0.00335279
chr6_mann_hap4	2	124	4683263	2.64773e-05
chr6_mcf_hap5	0	4822748	4833398	0.997797
chr6_mcf_hap5	1	10650	4833398	0.00220342
chr6_qbl_hap6	0	4600215	4611984	0.997448
chr6_qbl_hap6	1	11738	4611984	0.00254511
chr6_qbl_hap6	2	31	4611984	6.72162e-06
chr6_ssto_hap7	0	4916017	4928567	0.997454
chr6_ssto_hap7	1	12550	4928567	0.00254638
chr7_gl000195_random	0	178718	182896	0.977156
chr7_gl000195_random	1	4106	182896	0.0224499
chr7_gl000195_random	2	72	182896	0.000393666
chr8_gl000196_random	0	38864	38914	0.998715
chr8_gl000196_random	1	50	38914	0.00128488
chr8_gl000197_random	0	37025	37175	0.995965
chr8_gl000197_random	1	150	37175	0.00403497
chr9_gl000198_random	0	87959	90085	0.9764
chr9_gl000198_random	1	2052	90085	0.0227785
chr9_gl000198_random	2	74	90085	0.000821446
chr9_gl000199_random	0	135298	169874	0.796461
chr9_gl000199_random	1	25868	169874	0.152278
chr9_gl000199_random	2	6450	169874	0.0379693
chr9_gl000199_random	3	1360	169874	0.00800593
chr9_gl000199_random	4	348	169874	0.00204858
chr9_gl000199_random	5	246	169874	0.00144813
chr9_gl000199_random	6	125	169874	0.000735839
chr9_gl000199_random	7	58	169874	0.00034143
chr9_gl000199_random	8	37	169874	0.000217808
chr9_gl000199_random	9	38	169874	0.000223695
chr9_gl000199_random	10	12	169874	7.06406e-05
chr9_gl000199_random	11	5	169874	2.94336e-05
chr9_gl000199_random	12	16	169874	9.41875e-05
chr9_gl000199_random	13	13	169874	7.65273e-05
chr9_gl000200_random	0	185996	187035	0.994445
chr9_gl000200_random	1	1028	187035	0.0054963
chr9_gl000200_random	2	11	187035	5.88125e-05
chr9_gl000201_random	0	36098	36148	0.998617
chr9_gl000201_random	1	50	36148	0.0013832
chr11_gl000202_random	0	39703	40103	0.990026
chr11_gl000202_random	1	400	40103	0.00997432
chr17_ctg5_hap1	0	1671425	1680828	0.994406
chr17_ctg5_hap1	1	9356	1680828	0.0055663
chr17_ctg5_hap1	2	47	1680828	2.79624e-05
chr17_gl000203_random	0	37198	37498	0.992
chr17_gl000203_random	1	300	37498	0.00800043
chr17_gl000204_random	0	80710	81310	0.992621
chr17_gl000204_random	1	600	81310	0.00737917
chr17_gl000205_random	0	170446	174588	0.976276
chr17_gl000205_random	1	4134	174588	0.0236786
chr17_gl000205_random	2	8	174588	4.58222e-05
chr17_gl000206_random	0	40751	41001	0.993903
chr17_gl000206_random	1	250	41001	0.00609741
chr18_gl000207_random	0	4212	4262	0.988268
chr18_gl000207_random	1	50	4262	0.0117316
chr19_gl000208_random	0	88636	92689	0.956273
chr19_gl000208_random	1	3600	92689	0.0388396
chr19_gl000208_random	2	302	92689	0.00325821
chr19_gl000208_random	3	108	92689	0.00116519
chr19_gl000208_random	4	43	92689	0.000463917
chr19_gl000209_random	0	158269	159169	0.994346
chr19_gl000209_random	1	900	159169	0.00565437
chr21_gl000210_random	0	27532	27682	0.994581
chr21_gl000210_random	1	150	27682	0.00541868
chrUn_gl000211	0	163319	166566	0.980506
chrUn_gl000211	1	3194	166566	0.0191756
chrUn_gl000211	2	53	166566	0.000318192
chrUn_gl000212	0	184043	186858	0.984935
chrUn_gl000212	1	2780	186858	0.0148776
chrUn_gl000212	2	35	186858	0.000187308
chrUn_gl000213	0	163589	164239	0.996042
chrUn_gl000213	1	650	164239	0.00395765
chrUn_gl000214	0	128581	137718	0.933654
chrUn_gl000214	1	8210	137718	0.0596146
chrUn_gl000214	2	662	137718	0.00480692
chrUn_gl000214	3	140	137718	0.00101657
chrUn_gl000214	4	56	137718	0.000406628
chrUn_gl000214	5	42	137718	0.000304971
chrUn_gl000214	6	27	137718	0.000196053
chrUn_gl000215	0	171295	172545	0.992756
chrUn_gl000215	1	1250	172545	0.00724449
chrUn_gl000216	0	160112	172294	0.929295
chrUn_gl000216	1	10687	172294	0.0620277
chrUn_gl000216	2	1057	172294	0.00613486
chrUn_gl000216	3	285	172294	0.00165415
chrUn_gl000216	4	131	172294	0.000760328
chrUn_gl000216	5	12	172294	6.96484e-05
chrUn_gl000216	6	10	172294	5.80403e-05
chrUn_gl000217	0	169649	172149	0.985478
chrUn_gl000217	1	2500	172149	0.0145223
chrUn_gl000218	0	156616	161147	0.971883
chrUn_gl000218	1	4462	161147	0.027689
chrUn_gl000218	2	69	161147	0.00042818
chrUn_gl000219	0	175877	179198	0.981467
chrUn_gl000219	1	3242	179198	0.0180917
chrUn_gl000219	2	79	179198	0.000440853
chrUn_gl000220	0	135359	161802	0.836572
chrUn_gl000220	1	19781	161802	0.122254
chrUn_gl000220	2	5264	161802	0.0325336
chrUn_gl000220	3	1178	161802	0.0072805
chrUn_gl000220	4	193	161802	0.00119282
chrUn_gl000220	5	27	161802	0.000166871
chrUn_gl000221	0	151491	155397	0.974864
chrUn_gl000221	1	3862	155397	0.0248525
chrUn_gl000221	2	44	155397	0.000283146
chrUn_gl000222	0	184961	186861	0.989832
chrUn_gl000222	1	1900	186861	0.010168
chrUn_gl000223	0	179905	180455	0.996952
chrUn_gl000223	1	550	180455	0.00304785
chrUn_gl000224	0	172245	179693	0.958552
chrUn_gl000224	1	6883	179693	0.0383042
chrUn_gl000224	2	528	179693	0.00293834
chrUn_gl000224	3	37	179693	0.000205907
chrUn_gl000225	0	197062	211173	0.933178
chrUn_gl000225	1	12273	211173	0.0581182
chrUn_gl000225	2	1220	211173	0.00577725
chrUn_gl000225	3	342	211173	0.00161953
chrUn_gl000225	4	159	211173	0.000752937
chrUn_gl000225	5	77	211173	0.00036463
chrUn_gl000225	6	40	211173	0.000189418
chrUn_gl000226	0	1492	15008	0.0994136
chrUn_gl000226	1	2041	15008	0.135994
chrUn_gl000226	2	2195	15008	0.146255
chrUn_gl000226	3	2288	15008	0.152452
chrUn_gl000226	4	2137	15008	0.142391
chrUn_gl000226	5	1695	15008	0.11294
chrUn_gl000226	6	1261	15008	0.0840219
chrUn_gl000226	7	721	15008	0.048041
chrUn_gl000226	8	564	15008	0.03758
chrUn_gl000226	9	327	15008	0.0217884
chrUn_gl000226	10	152	15008	0.0101279
chrUn_gl000226	11	90	15008	0.0059968
chrUn_gl000226	12	35	15008	0.00233209
chrUn_gl000226	13	6	15008	0.000399787
chrUn_gl000226	14	4	15008	0.000266525
chrUn_gl000227	0	127674	128374	0.994547
chrUn_gl000227	1	700	128374	0.00545282
chrUn_gl000228	0	125856	129120	0.974721
chrUn_gl000228	1	3051	129120	0.0236292
chrUn_gl000228	2	149	129120	0.00115397
chrUn_gl000228	3	55	129120	0.00042596
chrUn_gl000228	4	9	129120	6.97026e-05
chrUn_gl000229	0	19367	19913	0.972581
chrUn_gl000229	1	492	19913	0.0247075
chrUn_gl000229	2	54	19913	0.0027118
chrUn_gl000230	0	42891	43691	0.98169
chrUn_gl000230	1	800	43691	0.0183104
chrUn_gl000231	0	26486	27386	0.967137
chrUn_gl000231	1	900	27386	0.0328635
chrUn_gl000232	0	38552	40652	0.948342
chrUn_gl000232	1	2100	40652	0.051658
chrUn_gl000233	0	45091	45941	0.981498
chrUn_gl000233	1	850	45941	0.018502
chrUn_gl000234	0	39641	40531	0.978041
chrUn_gl000234	1	830	40531	0.0204782
chrUn_gl000234	2	60	40531	0.00148035
chrUn_gl000235	0	33374	34474	0.968092
chrUn_gl000235	1	1100	34474	0.0319081
chrUn_gl000236	0	41384	41934	0.986884
chrUn_gl000236	1	550	41934	0.0131158
chrUn_gl000237	0	44817	45867	0.977108
chrUn_gl000237	1	1050	45867	0.0228923
chrUn_gl000238	0	39789	39939	0.996244
chrUn_gl000238	1	150	39939	0.00375573
chrUn_gl000239	0	32924	33824	0.973392
chrUn_gl000239	1	900	33824	0.0266083
chrUn_gl000240	0	40883	41933	0.97496
chrUn_gl000240	1	1050	41933	0.0250399
chrUn_gl000241	0	40798	42152	0.967878
chrUn_gl000241	1	1308	42152	0.0310306
chrUn_gl000241	2	46	42152	0.00109129
chrUn_gl000242	0	43273	43523	0.994256
chrUn_gl000242	1	250	43523	0.00574409
chrUn_gl000243	0	41641	43341	0.960776
chrUn_gl000243	1	1700	43341	0.0392238
chrUn_gl000244	0	39579	39929	0.991234
chrUn_gl000244	1	350	39929	0.00876556
chrUn_gl000245	0	35845	36651	0.978009
chrUn_gl000245	1	762	36651	0.0207907
chrUn_gl000245	2	44	36651	0.00120051
chrUn_gl000246	0	37804	38154	0.990827
chrUn_gl000246	1	350	38154	0.00917335
chrUn_gl000247	0	36069	36422	0.990308
chrUn_gl000247	1	306	36422	0.00840152
chrUn_gl000247	2	47	36422	0.00129043
chrUn_gl000248	0	39586	39786	0.994973
chrUn_gl000248	1	200	39786	0.00502689
chrUn_gl000249	0	38302	38502	0.994805
chrUn_gl000249	1	200	38502	0.00519454
genome	0	3097898694	3137161264	0.987485
genome	1	38820224	3137161264	0.0123743
genome	2	361676	3137161264	0.000115288
genome	3	28428	3137161264	9.0617e-06
genome	4	16124	3137161264	5.13968e-06
genome	5	10584	3137161264	3.37375e-06
genome	6	6686	3137161264	2.13123e-06
genome	7	4109	3137161264	1.30978e-06
genome	8	2995	3137161264	9.54685e-07
genome	9	2121	3137161264	6.76089e-07
genome	10	1731	3137161264	5.51773e-07
genome	11	1212	3137161264	3.86337e-07
genome	12	1173	3137161264	3.73905e-07
genome	13	965	3137161264	3.07603e-07
genome	14	819	3137161264	2.61064e-07
genome	15	633	3137161264	2.01775e-07
genome	16	581	3137161264	1.85199e-07
genome	17	410	3137161264	1.30691e-07
genome	18	432	3137161264	1.37704e-07
genome	19	333	3137161264	1.06147e-07
genome	20	208	3137161264	6.6302e-08
genome	21	204	3137161264	6.50269e-08
genome	22	163	3137161264	5.19578e-08
genome	23	137	3137161264	4.36701e-08
genome	24	107	3137161264	3.41073e-08
genome	25	86	3137161264	2.74133e-08
genome	26	67	3137161264	2.13569e-08
genome	27	66	3137161264	2.10381e-08
genome	28	39	3137161264	1.24316e-08
genome	29	25	3137161264	7.96899e-09
genome	30	15	3137161264	4.78139e-09
genome	31	28	3137161264	8.92527e-09
genome	32	19	3137161264	6.05643e-09
genome	33	32	3137161264	1.02003e-08
genome	34	23	3137161264	7.33147e-09
genome	35	34	3137161264	1.08378e-08
genome	36	35	3137161264	1.11566e-08
genome	37	17	3137161264	5.41891e-09
genome	38	16	3137161264	5.10015e-09
genome	39	9	3137161264	2.86884e-09
genome	40	3	3137161264	9.56279e-10
genome	41	1	3137161264	3.1876e-10
