chrM	0	11663	16571	0.70382
chrM	1	4029	16571	0.243136
chrM	2	771	16571	0.0465271
chrM	3	103	16571	0.00621568
chrM	4	5	16571	0.000301732
chr1	0	245843350	249250621	0.98633
chr1	1	3374148	249250621	0.0135372
chr1	2	30609	249250621	0.000122804
chr1	3	990	249250621	3.97191e-06
chr1	4	248	249250621	9.94982e-07
chr1	5	66	249250621	2.64794e-07
chr1	6	58	249250621	2.32698e-07
chr1	7	65	249250621	2.60782e-07
chr1	8	60	249250621	2.40722e-07
chr1	9	51	249250621	2.04613e-07
chr1	10	38	249250621	1.52457e-07
chr1	11	77	249250621	3.08926e-07
chr1	12	81	249250621	3.24974e-07
chr1	13	85	249250621	3.41022e-07
chr1	14	55	249250621	2.20661e-07
chr1	15	58	249250621	2.32698e-07
chr1	16	37	249250621	1.48445e-07
chr1	17	71	249250621	2.84854e-07
chr1	18	47	249250621	1.88565e-07
chr1	19	57	249250621	2.28685e-07
chr1	20	43	249250621	1.72517e-07
chr1	21	38	249250621	1.52457e-07
chr1	22	26	249250621	1.04313e-07
chr1	23	29	249250621	1.16349e-07
chr1	24	29	249250621	1.16349e-07
chr1	25	13	249250621	5.21563e-08
chr1	26	18	249250621	7.22165e-08
chr1	27	28	249250621	1.12337e-07
chr1	28	50	249250621	2.00601e-07
chr1	29	56	249250621	2.24673e-07
chr1	30	30	249250621	1.20361e-07
chr1	31	8	249250621	3.20962e-08
chr1	32	2	249250621	8.02405e-09
chr2	0	239458581	243199373	0.984618
chr2	1	3696990	243199373	0.0152015
chr2	2	35483	243199373	0.000145901
chr2	3	3381	243199373	1.39022e-05
chr2	4	2203	243199373	9.05841e-06
chr2	5	1149	243199373	4.72452e-06
chr2	6	642	243199373	2.63981e-06
chr2	7	432	243199373	1.77632e-06
chr2	8	250	243199373	1.02796e-06
chr2	9	114	243199373	4.68751e-07
chr2	10	73	243199373	3.00165e-07
chr2	11	38	243199373	1.5625e-07
chr2	12	37	243199373	1.52139e-07
chr3	0	195640980	198022430	0.987974
chr3	1	2366632	198022430	0.0119513
chr3	2	14573	198022430	7.35927e-05
chr3	3	108	198022430	5.45393e-07
chr3	4	2	198022430	1.00999e-08
chr3	5	13	198022430	6.56491e-08
chr3	6	15	198022430	7.5749e-08
chr3	7	2	198022430	1.00999e-08
chr3	8	2	198022430	1.00999e-08
chr3	9	5	198022430	2.52497e-08
chr3	10	6	198022430	3.02996e-08
chr3	11	3	198022430	1.51498e-08
chr3	12	6	198022430	3.02996e-08
chr3	13	12	198022430	6.05992e-08
chr3	14	14	198022430	7.06991e-08
chr3	15	1	198022430	5.04993e-09
chr3	16	2	198022430	1.00999e-08
chr3	17	3	198022430	1.51498e-08
chr3	18	3	198022430	1.51498e-08
chr3	19	3	198022430	1.51498e-08
chr3	20	2	198022430	1.00999e-08
chr3	21	3	198022430	1.51498e-08
chr3	22	11	198022430	5.55493e-08
chr3	23	14	198022430	7.06991e-08
chr3	24	8	198022430	4.03995e-08
chr3	25	7	198022430	3.53495e-08
chr4	0	189048842	191154276	0.988986
chr4	1	2089697	191154276	0.010932
chr4	2	14248	191154276	7.45367e-05
chr4	3	1008	191154276	5.27323e-06
chr4	4	304	191154276	1.59034e-06
chr4	5	83	191154276	4.34204e-07
chr4	6	5	191154276	2.61569e-08
chr4	7	52	191154276	2.72032e-07
chr4	8	5	191154276	2.61569e-08
chr4	9	7	191154276	3.66196e-08
chr4	10	20	191154276	1.04628e-07
chr4	11	5	191154276	2.61569e-08
chr5	0	178967378	180915260	0.989233
chr5	1	1935336	180915260	0.0106975
chr5	2	12110	180915260	6.69374e-05
chr5	3	342	180915260	1.89039e-06
chr5	4	52	180915260	2.87427e-07
chr5	5	42	180915260	2.32153e-07
chr6	0	168508393	171115067	0.984767
chr6	1	2578457	171115067	0.0150686
chr6	2	24004	171115067	0.00014028
chr6	3	611	171115067	3.5707e-06
chr6	4	271	171115067	1.58373e-06
chr6	5	297	171115067	1.73567e-06
chr6	6	317	171115067	1.85255e-06
chr6	7	316	171115067	1.84671e-06
chr6	8	344	171115067	2.01034e-06
chr6	9	340	171115067	1.98697e-06
chr6	10	350	171115067	2.04541e-06
chr6	11	320	171115067	1.87009e-06
chr6	12	302	171115067	1.76489e-06
chr6	13	267	171115067	1.56035e-06
chr6	14	183	171115067	1.06946e-06
chr6	15	121	171115067	7.07127e-07
chr6	16	121	171115067	7.07127e-07
chr6	17	35	171115067	2.04541e-07
chr6	18	9	171115067	5.25962e-08
chr6	19	8	171115067	4.67522e-08
chr6	20	1	171115067	5.84402e-09
chr7	0	155674829	159138663	0.978234
chr7	1	3419109	159138663	0.0214851
chr7	2	41542	159138663	0.000261043
chr7	3	947	159138663	5.95079e-06
chr7	4	504	159138663	3.16705e-06
chr7	5	420	159138663	2.63921e-06
chr7	6	220	159138663	1.38244e-06
chr7	7	184	159138663	1.15622e-06
chr7	8	192	159138663	1.2065e-06
chr7	9	140	159138663	8.79736e-07
chr7	10	71	159138663	4.46152e-07
chr7	11	85	159138663	5.34125e-07
chr7	12	107	159138663	6.7237e-07
chr7	13	95	159138663	5.96964e-07
chr7	14	69	159138663	4.33584e-07
chr7	15	50	159138663	3.14191e-07
chr7	16	20	159138663	1.25677e-07
chr7	17	27	159138663	1.69663e-07
chr7	18	13	159138663	8.16898e-08
chr7	19	2	159138663	1.25677e-08
chr7	20	16	159138663	1.00541e-07
chr7	21	17	159138663	1.06825e-07
chr7	22	4	159138663	2.51353e-08
chr8	0	144148304	146364022	0.984862
chr8	1	2189043	146364022	0.0149562
chr8	2	21336	146364022	0.000145774
chr8	3	2793	146364022	1.90826e-05
chr8	4	1193	146364022	8.15091e-06
chr8	5	755	146364022	5.15837e-06
chr8	6	322	146364022	2.19999e-06
chr8	7	173	146364022	1.18198e-06
chr8	8	68	146364022	4.64595e-07
chr8	9	28	146364022	1.91304e-07
chr8	10	7	146364022	4.7826e-08
chr9	0	140000454	141213431	0.99141
chr9	1	1205443	141213431	0.00853632
chr9	2	6732	141213431	4.76725e-05
chr9	3	413	141213431	2.92465e-06
chr9	4	168	141213431	1.18969e-06
chr9	5	109	141213431	7.71881e-07
chr9	6	52	141213431	3.68237e-07
chr9	7	55	141213431	3.89481e-07
chr9	8	5	141213431	3.54074e-08
chr10	0	132718727	135534747	0.979223
chr10	1	2769117	135534747	0.020431
chr10	2	33672	135534747	0.000248438
chr10	3	2835	135534747	2.09171e-05
chr10	4	1763	135534747	1.30077e-05
chr10	5	1067	135534747	7.87252e-06
chr10	6	1255	135534747	9.25962e-06
chr10	7	1106	135534747	8.16027e-06
chr10	8	743	135534747	5.48199e-06
chr10	9	611	135534747	4.50807e-06
chr10	10	517	135534747	3.81452e-06
chr10	11	490	135534747	3.61531e-06
chr10	12	416	135534747	3.06932e-06
chr10	13	311	135534747	2.29461e-06
chr10	14	256	135534747	1.88881e-06
chr10	15	217	135534747	1.60107e-06
chr10	16	161	135534747	1.18789e-06
chr10	17	181	135534747	1.33545e-06
chr10	18	163	135534747	1.20264e-06
chr10	19	194	135534747	1.43137e-06
chr10	20	153	135534747	1.12886e-06
chr10	21	132	135534747	9.7392e-07
chr10	22	124	135534747	9.14894e-07
chr10	23	89	135534747	6.56658e-07
chr10	24	90	135534747	6.64036e-07
chr10	25	67	135534747	4.94338e-07
chr10	26	72	135534747	5.31229e-07
chr10	27	58	135534747	4.27935e-07
chr10	28	39	135534747	2.87749e-07
chr10	29	20	135534747	1.47564e-07
chr10	30	30	135534747	2.21345e-07
chr10	31	26	135534747	1.91833e-07
chr10	32	30	135534747	2.21345e-07
chr10	33	9	135534747	6.64036e-08
chr10	34	3	135534747	2.21345e-08
chr10	36	3	135534747	2.21345e-08
chr11	0	133406958	135006516	0.988152
chr11	1	1588161	135006516	0.0117636
chr11	2	9777	135006516	7.24187e-05
chr11	3	474	135006516	3.51094e-06
chr11	4	258	135006516	1.91102e-06
chr11	5	205	135006516	1.51845e-06
chr11	6	171	135006516	1.26661e-06
chr11	7	180	135006516	1.33327e-06
chr11	8	83	135006516	6.14785e-07
chr11	9	63	135006516	4.66644e-07
chr11	10	44	135006516	3.2591e-07
chr11	11	81	135006516	5.99971e-07
chr11	12	42	135006516	3.11096e-07
chr11	13	14	135006516	1.03699e-07
chr11	14	3	135006516	2.22212e-08
chr11	15	2	135006516	1.48141e-08
chr12	0	132239564	133851895	0.987954
chr12	1	1598575	133851895	0.0119429
chr12	2	13643	133851895	0.000101926
chr12	3	113	133851895	8.44217e-07
chr13	0	114078334	115169878	0.990522
chr13	1	1086599	115169878	0.00943475
chr13	2	4934	115169878	4.28411e-05
chr13	3	11	115169878	9.55111e-08
chr14	0	106036195	107349540	0.987766
chr14	1	1304158	107349540	0.0121487
chr14	2	9169	107349540	8.54126e-05
chr14	3	18	107349540	1.67677e-07
chr15	0	101844053	102531392	0.993296
chr15	1	685178	102531392	0.00668262
chr15	2	2161	102531392	2.10765e-05
chr16	0	89218046	90354753	0.98742
chr16	1	1105346	90354753	0.0122334
chr16	2	15104	90354753	0.000167163
chr16	3	5677	90354753	6.28301e-05
chr16	4	4068	90354753	4.50225e-05
chr16	5	2927	90354753	3.23945e-05
chr16	6	1654	90354753	1.83056e-05
chr16	7	1023	90354753	1.1322e-05
chr16	8	508	90354753	5.62228e-06
chr16	9	202	90354753	2.23563e-06
chr16	10	82	90354753	9.07534e-07
chr16	11	54	90354753	5.97644e-07
chr16	12	37	90354753	4.09497e-07
chr16	13	17	90354753	1.88147e-07
chr16	14	8	90354753	8.85399e-08
chr17	0	80512137	81195210	0.991587
chr17	1	678429	81195210	0.00835553
chr17	2	3935	81195210	4.84635e-05
chr17	3	434	81195210	5.34514e-06
chr17	4	155	81195210	1.90898e-06
chr17	5	25	81195210	3.079e-07
chr17	6	27	81195210	3.32532e-07
chr17	7	17	81195210	2.09372e-07
chr17	8	2	81195210	2.4632e-08
chr17	9	7	81195210	8.6212e-08
chr17	10	4	81195210	4.9264e-08
chr17	11	2	81195210	2.4632e-08
chr17	12	6	81195210	7.3896e-08
chr17	13	14	81195210	1.72424e-07
chr17	14	12	81195210	1.47792e-07
chr17	15	4	81195210	4.9264e-08
chr18	0	77172338	78077248	0.98841
chr18	1	897858	78077248	0.0114996
chr18	2	5999	78077248	7.68342e-05
chr18	3	448	78077248	5.73791e-06
chr18	4	200	78077248	2.56157e-06
chr18	5	125	78077248	1.60098e-06
chr18	6	107	78077248	1.37044e-06
chr18	7	16	78077248	2.04925e-07
chr18	8	47	78077248	6.01968e-07
chr18	9	39	78077248	4.99505e-07
chr18	10	26	78077248	3.33004e-07
chr18	11	28	78077248	3.58619e-07
chr18	12	2	78077248	2.56157e-08
chr18	13	8	78077248	1.02463e-07
chr18	14	7	78077248	8.96548e-08
chr19	0	58474347	59128983	0.988929
chr19	1	647470	59128983	0.0109501
chr19	2	5139	59128983	8.69117e-05
chr19	3	543	59128983	9.18331e-06
chr19	4	352	59128983	5.95309e-06
chr19	5	359	59128983	6.07147e-06
chr19	6	145	59128983	2.45227e-06
chr19	7	90	59128983	1.5221e-06
chr19	8	123	59128983	2.0802e-06
chr19	9	75	59128983	1.26841e-06
chr19	10	53	59128983	8.96346e-07
chr19	11	66	59128983	1.1162e-06
chr19	12	36	59128983	6.08838e-07
chr19	13	12	59128983	2.02946e-07
chr19	14	26	59128983	4.39717e-07
chr19	15	42	59128983	7.10312e-07
chr19	16	54	59128983	9.13258e-07
chr19	17	21	59128983	3.55156e-07
chr19	18	19	59128983	3.21331e-07
chr19	19	10	59128983	1.69122e-07
chr19	20	1	59128983	1.69122e-08
chr20	0	62039161	63025520	0.98435
chr20	1	978326	63025520	0.0155227
chr20	2	7912	63025520	0.000125536
chr20	3	84	63025520	1.33279e-06
chr20	4	37	63025520	5.87064e-07
chr21	0	47694400	48129895	0.990952
chr21	1	431926	48129895	0.00897417
chr21	2	3359	48129895	6.97903e-05
chr21	3	76	48129895	1.57906e-06
chr21	4	55	48129895	1.14274e-06
chr21	5	66	48129895	1.37129e-06
chr21	6	13	48129895	2.70102e-07
chr22	0	51000534	51304566	0.994074
chr22	1	302702	51304566	0.0059001
chr22	2	1254	51304566	2.44423e-05
chr22	3	22	51304566	4.28812e-07
chr22	4	1	51304566	1.94914e-08
chr22	5	2	51304566	3.89829e-08
chr22	6	2	51304566	3.89829e-08
chr22	7	2	51304566	3.89829e-08
chr22	8	1	51304566	1.94914e-08
chr22	9	5	51304566	9.74572e-08
chr22	10	3	51304566	5.84743e-08
chr22	11	5	51304566	9.74572e-08
chr22	12	33	51304566	6.43218e-07
chrX	0	153683341	155270560	0.989778
chrX	1	1571258	155270560	0.0101195
chrX	2	12962	155270560	8.34801e-05
chrX	3	2004	155270560	1.29065e-05
chrX	4	679	155270560	4.37301e-06
chrX	5	189	155270560	1.21723e-06
chrX	6	94	155270560	6.05395e-07
chrX	7	33	155270560	2.12532e-07
chrY	0	59311116	59373566	0.998948
chrY	1	59736	59373566	0.0010061
chrY	2	2019	59373566	3.4005e-05
chrY	3	467	59373566	7.86545e-06
chrY	4	140	59373566	2.35795e-06
chrY	5	42	59373566	7.07385e-07
chrY	6	12	59373566	2.0211e-07
chrY	7	5	59373566	8.42126e-08
chrY	8	13	59373566	2.18953e-07
chrY	9	16	59373566	2.6948e-07
chr1_gl000191_random	0	105683	106433	0.992953
chr1_gl000191_random	1	750	106433	0.00704669
chr1_gl000192_random	0	535409	547496	0.977923
chr1_gl000192_random	1	11874	547496	0.0216878
chr1_gl000192_random	2	213	547496	0.000389044
chr4_ctg9_hap1	0	586526	590426	0.993395
chr4_ctg9_hap1	1	3900	590426	0.0066054
chr4_gl000193_random	0	184749	189789	0.973444
chr4_gl000193_random	1	4830	189789	0.0254493
chr4_gl000193_random	2	210	189789	0.00110649
chr4_gl000194_random	0	187515	191469	0.979349
chr4_gl000194_random	1	3908	191469	0.0204106
chr4_gl000194_random	2	46	191469	0.000240248
chr6_apd_hap1	0	4615990	4622290	0.998637
chr6_apd_hap1	1	6300	4622290	0.00136296
chr6_cox_hap2	0	4779671	4795371	0.996726
chr6_cox_hap2	1	15700	4795371	0.00327399
chr6_dbb_hap3	0	4597096	4610396	0.997115
chr6_dbb_hap3	1	13300	4610396	0.00288478
chr6_mann_hap4	0	4669340	4683263	0.997027
chr6_mann_hap4	1	13846	4683263	0.00295649
chr6_mann_hap4	2	77	4683263	1.64415e-05
chr6_mcf_hap5	0	4820498	4833398	0.997331
chr6_mcf_hap5	1	12900	4833398	0.00266893
chr6_qbl_hap6	0	4599718	4611984	0.99734
chr6_qbl_hap6	1	12182	4611984	0.00264138
chr6_qbl_hap6	2	84	4611984	1.82134e-05
chr6_ssto_hap7	0	4915554	4928567	0.99736
chr6_ssto_hap7	1	12976	4928567	0.00263281
chr6_ssto_hap7	2	37	4928567	7.50725e-06
chr7_gl000195_random	0	178503	182896	0.975981
chr7_gl000195_random	1	4336	182896	0.0237075
chr7_gl000195_random	2	57	182896	0.000311653
chr8_gl000196_random	0	38814	38914	0.99743
chr8_gl000196_random	1	100	38914	0.00256977
chr8_gl000197_random	0	36875	37175	0.99193
chr8_gl000197_random	1	300	37175	0.00806994
chr9_gl000198_random	0	87842	90085	0.975101
chr9_gl000198_random	1	2086	90085	0.0231559
chr9_gl000198_random	2	157	90085	0.0017428
chr9_gl000199_random	0	135990	169874	0.800534
chr9_gl000199_random	1	25450	169874	0.149817
chr9_gl000199_random	2	5874	169874	0.0345786
chr9_gl000199_random	3	1455	169874	0.00856517
chr9_gl000199_random	4	460	169874	0.00270789
chr9_gl000199_random	5	177	169874	0.00104195
chr9_gl000199_random	6	182	169874	0.00107138
chr9_gl000199_random	7	64	169874	0.00037675
chr9_gl000199_random	8	103	169874	0.000606332
chr9_gl000199_random	9	29	169874	0.000170715
chr9_gl000199_random	10	13	169874	7.65273e-05
chr9_gl000199_random	11	14	169874	8.2414e-05
chr9_gl000199_random	12	35	169874	0.000206035
chr9_gl000199_random	13	16	169874	9.41875e-05
chr9_gl000199_random	14	7	169874	4.1207e-05
chr9_gl000199_random	15	3	169874	1.76601e-05
chr9_gl000199_random	16	2	169874	1.17734e-05
chr9_gl000200_random	0	186135	187035	0.995188
chr9_gl000200_random	1	900	187035	0.00481193
chr9_gl000201_random	0	36048	36148	0.997234
chr9_gl000201_random	1	100	36148	0.0027664
chr11_gl000202_random	0	39653	40103	0.988779
chr11_gl000202_random	1	450	40103	0.0112211
chr17_ctg5_hap1	0	1670809	1680828	0.994039
chr17_ctg5_hap1	1	9988	1680828	0.00594231
chr17_ctg5_hap1	2	31	1680828	1.84433e-05
chr17_gl000203_random	0	37148	37498	0.990666
chr17_gl000203_random	1	350	37498	0.00933383
chr17_gl000204_random	0	80710	81310	0.992621
chr17_gl000204_random	1	600	81310	0.00737917
chr17_gl000205_random	0	170578	174588	0.977032
chr17_gl000205_random	1	3970	174588	0.0227392
chr17_gl000205_random	2	40	174588	0.000229111
chr17_gl000206_random	0	40801	41001	0.995122
chr17_gl000206_random	1	200	41001	0.00487793
chr18_gl000207_random	0	4162	4262	0.976537
chr18_gl000207_random	1	100	4262	0.0234632
chr19_gl000208_random	0	87867	92689	0.947977
chr19_gl000208_random	1	4065	92689	0.0438563
chr19_gl000208_random	2	585	92689	0.00631143
chr19_gl000208_random	3	90	92689	0.000970989
chr19_gl000208_random	4	42	92689	0.000453128
chr19_gl000208_random	5	13	92689	0.000140254
chr19_gl000208_random	6	27	92689	0.000291297
chr19_gl000209_random	0	158319	159169	0.99466
chr19_gl000209_random	1	850	159169	0.00534024
chr21_gl000210_random	0	27432	27682	0.990969
chr21_gl000210_random	1	250	27682	0.00903114
chrUn_gl000211	0	163916	166566	0.98409
chrUn_gl000211	1	2650	166566	0.0159096
chrUn_gl000212	0	183916	186858	0.984255
chrUn_gl000212	1	2934	186858	0.0157018
chrUn_gl000212	2	8	186858	4.28133e-05
chrUn_gl000213	0	163139	164239	0.993302
chrUn_gl000213	1	1100	164239	0.00669756
chrUn_gl000214	0	129781	137718	0.942368
chrUn_gl000214	1	6508	137718	0.047256
chrUn_gl000214	2	900	137718	0.00653509
chrUn_gl000214	3	232	137718	0.0016846
chrUn_gl000214	4	168	137718	0.00121988
chrUn_gl000214	5	100	137718	0.000726121
chrUn_gl000214	6	29	137718	0.000210575
chrUn_gl000215	0	171145	172545	0.991886
chrUn_gl000215	1	1400	172545	0.00811383
chrUn_gl000216	0	161178	172294	0.935482
chrUn_gl000216	1	9732	172294	0.0564848
chrUn_gl000216	2	838	172294	0.00486378
chrUn_gl000216	3	250	172294	0.00145101
chrUn_gl000216	4	107	172294	0.000621032
chrUn_gl000216	5	93	172294	0.000539775
chrUn_gl000216	6	33	172294	0.000191533
chrUn_gl000216	7	16	172294	9.28645e-05
chrUn_gl000216	8	34	172294	0.000197337
chrUn_gl000216	9	13	172294	7.54524e-05
chrUn_gl000217	0	169729	172149	0.985942
chrUn_gl000217	1	2340	172149	0.0135929
chrUn_gl000217	2	80	172149	0.000464714
chrUn_gl000218	0	157691	161147	0.978554
chrUn_gl000218	1	3412	161147	0.0211732
chrUn_gl000218	2	44	161147	0.000273043
chrUn_gl000219	0	175456	179198	0.979118
chrUn_gl000219	1	3634	179198	0.0202792
chrUn_gl000219	2	108	179198	0.000602685
chrUn_gl000220	0	131018	161802	0.809743
chrUn_gl000220	1	21803	161802	0.134751
chrUn_gl000220	2	6541	161802	0.040426
chrUn_gl000220	3	1867	161802	0.0115388
chrUn_gl000220	4	413	161802	0.0025525
chrUn_gl000220	5	148	161802	0.000914698
chrUn_gl000220	6	12	161802	7.41647e-05
chrUn_gl000221	0	150749	155397	0.970089
chrUn_gl000221	1	4596	155397	0.0295759
chrUn_gl000221	2	52	155397	0.000334627
chrUn_gl000222	0	185607	186861	0.993289
chrUn_gl000222	1	1208	186861	0.0064647
chrUn_gl000222	2	46	186861	0.000246172
chrUn_gl000223	0	178955	180455	0.991688
chrUn_gl000223	1	1500	180455	0.00831232
chrUn_gl000224	0	171542	179693	0.954639
chrUn_gl000224	1	6840	179693	0.0380649
chrUn_gl000224	2	1045	179693	0.00581547
chrUn_gl000224	3	179	179693	0.000996143
chrUn_gl000224	4	57	179693	0.000317208
chrUn_gl000224	5	25	179693	0.000139126
chrUn_gl000224	6	5	179693	2.78252e-05
chrUn_gl000225	0	193593	211173	0.916751
chrUn_gl000225	1	14889	211173	0.0705062
chrUn_gl000225	2	2232	211173	0.0105695
chrUn_gl000225	3	349	211173	0.00165267
chrUn_gl000225	4	49	211173	0.000232037
chrUn_gl000225	5	28	211173	0.000132593
chrUn_gl000225	6	17	211173	8.05027e-05
chrUn_gl000225	7	16	211173	7.57673e-05
chrUn_gl000226	0	1155	15008	0.076959
chrUn_gl000226	1	1930	15008	0.128598
chrUn_gl000226	2	2163	15008	0.144123
chrUn_gl000226	3	2466	15008	0.164312
chrUn_gl000226	4	2149	15008	0.14319
chrUn_gl000226	5	1934	15008	0.128865
chrUn_gl000226	6	1298	15008	0.0864872
chrUn_gl000226	7	795	15008	0.0529717
chrUn_gl000226	8	587	15008	0.0391125
chrUn_gl000226	9	242	15008	0.0161247
chrUn_gl000226	10	134	15008	0.00892857
chrUn_gl000226	11	70	15008	0.00466418
chrUn_gl000226	12	33	15008	0.00219883
chrUn_gl000226	13	33	15008	0.00219883
chrUn_gl000226	14	17	15008	0.00113273
chrUn_gl000226	15	2	15008	0.000133262
chrUn_gl000227	0	126924	128374	0.988705
chrUn_gl000227	1	1450	128374	0.0112951
chrUn_gl000228	0	125917	129120	0.975194
chrUn_gl000228	1	3083	129120	0.023877
chrUn_gl000228	2	47	129120	0.000364002
chrUn_gl000228	3	69	129120	0.000534387
chrUn_gl000228	4	4	129120	3.09789e-05
chrUn_gl000229	0	18813	19913	0.94476
chrUn_gl000229	1	1100	19913	0.0552403
chrUn_gl000230	0	42838	43691	0.980476
chrUn_gl000230	1	806	43691	0.0184477
chrUn_gl000230	2	47	43691	0.00107574
chrUn_gl000231	0	26661	27386	0.973527
chrUn_gl000231	1	700	27386	0.0255605
chrUn_gl000231	2	25	27386	0.000912875
chrUn_gl000232	0	38766	40652	0.953606
chrUn_gl000232	1	1872	40652	0.0460494
chrUn_gl000232	2	14	40652	0.000344386
chrUn_gl000233	0	44474	45941	0.968068
chrUn_gl000233	1	1434	45941	0.0312139
chrUn_gl000233	2	33	45941	0.000718313
chrUn_gl000234	0	39424	40531	0.972688
chrUn_gl000234	1	1064	40531	0.0262515
chrUn_gl000234	2	43	40531	0.00106092
chrUn_gl000235	0	32983	34474	0.95675
chrUn_gl000235	1	1482	34474	0.0429889
chrUn_gl000235	2	9	34474	0.000261066
chrUn_gl000236	0	41584	41934	0.991654
chrUn_gl000236	1	350	41934	0.00834645
chrUn_gl000237	0	44567	45867	0.971657
chrUn_gl000237	1	1300	45867	0.0283428
chrUn_gl000238	0	39589	39939	0.991237
chrUn_gl000238	1	350	39939	0.00876336
chrUn_gl000239	0	32924	33824	0.973392
chrUn_gl000239	1	900	33824	0.0266083
chrUn_gl000240	0	41383	41933	0.986884
chrUn_gl000240	1	550	41933	0.0131162
chrUn_gl000241	0	40395	42152	0.958318
chrUn_gl000241	1	1714	42152	0.0406624
chrUn_gl000241	2	43	42152	0.00102012
chrUn_gl000242	0	43461	43523	0.998575
chrUn_gl000242	1	24	43523	0.000551433
chrUn_gl000242	2	38	43523	0.000873102
chrUn_gl000243	0	42263	43341	0.975127
chrUn_gl000243	1	909	43341	0.0209732
chrUn_gl000243	2	166	43341	0.00383009
chrUn_gl000243	3	3	43341	6.92185e-05
chrUn_gl000244	0	39579	39929	0.991234
chrUn_gl000244	1	350	39929	0.00876556
chrUn_gl000245	0	35238	36651	0.961447
chrUn_gl000245	1	1376	36651	0.0375433
chrUn_gl000245	2	37	36651	0.00100952
chrUn_gl000246	0	37854	38154	0.992137
chrUn_gl000246	1	300	38154	0.00786287
chrUn_gl000247	0	35922	36422	0.986272
chrUn_gl000247	1	500	36422	0.013728
chrUn_gl000248	0	39586	39786	0.994973
chrUn_gl000248	1	200	39786	0.00502689
chrUn_gl000249	0	38452	38502	0.998701
chrUn_gl000249	1	50	38502	0.00129863
genome	0	3097885627	3137161264	0.987481
genome	1	38838624	3137161264	0.0123802
genome	2	354417	3137161264	0.000112974
genome	3	30862	3137161264	9.83756e-06
genome	4	16107	3137161264	5.13426e-06
genome	5	10459	3137161264	3.33391e-06
genome	6	6714	3137161264	2.14015e-06
genome	7	4642	3137161264	1.47968e-06
genome	8	3170	3137161264	1.01047e-06
genome	9	1987	3137161264	6.33375e-07
genome	10	1441	3137161264	4.59332e-07
genome	11	1338	3137161264	4.265e-07
genome	12	1173	3137161264	3.73905e-07
genome	13	884	3137161264	2.81783e-07
genome	14	657	3137161264	2.09425e-07
genome	15	500	3137161264	1.5938e-07
genome	16	397	3137161264	1.26548e-07
genome	17	338	3137161264	1.07741e-07
genome	18	254	3137161264	8.09649e-08
genome	19	274	3137161264	8.73401e-08
genome	20	216	3137161264	6.88521e-08
genome	21	190	3137161264	6.05643e-08
genome	22	165	3137161264	5.25953e-08
genome	23	132	3137161264	4.20763e-08
genome	24	127	3137161264	4.04825e-08
genome	25	87	3137161264	2.77321e-08
genome	26	90	3137161264	2.86884e-08
genome	27	86	3137161264	2.74133e-08
genome	28	89	3137161264	2.83696e-08
genome	29	76	3137161264	2.42257e-08
genome	30	60	3137161264	1.91256e-08
genome	31	34	3137161264	1.08378e-08
genome	32	32	3137161264	1.02003e-08
genome	33	9	3137161264	2.86884e-09
genome	34	3	3137161264	9.56279e-10
genome	36	3	3137161264	9.56279e-10
