chrM	0	15921	16571	0.960775
chrM	1	650	16571	0.0392252
chr1	0	246229948	249250621	0.987881
chr1	1	2996465	249250621	0.0120219
chr1	2	21810	249250621	8.75023e-05
chr1	3	925	249250621	3.71112e-06
chr1	4	214	249250621	8.58574e-07
chr1	5	135	249250621	5.41624e-07
chr1	6	68	249250621	2.72818e-07
chr1	7	78	249250621	3.12938e-07
chr1	8	50	249250621	2.00601e-07
chr1	9	61	249250621	2.44734e-07
chr1	10	105	249250621	4.21263e-07
chr1	11	84	249250621	3.3701e-07
chr1	12	66	249250621	2.64794e-07
chr1	13	73	249250621	2.92878e-07
chr1	14	62	249250621	2.48746e-07
chr1	15	34	249250621	1.36409e-07
chr1	16	53	249250621	2.12637e-07
chr1	17	45	249250621	1.80541e-07
chr1	18	41	249250621	1.64493e-07
chr1	19	26	249250621	1.04313e-07
chr1	20	41	249250621	1.64493e-07
chr1	21	21	249250621	8.42525e-08
chr1	22	16	249250621	6.41924e-08
chr1	23	14	249250621	5.61684e-08
chr1	24	24	249250621	9.62886e-08
chr1	25	12	249250621	4.81443e-08
chr1	26	7	249250621	2.80842e-08
chr1	27	17	249250621	6.82044e-08
chr1	28	28	249250621	1.12337e-07
chr1	29	31	249250621	1.24373e-07
chr1	30	26	249250621	1.04313e-07
chr1	31	23	249250621	9.22766e-08
chr1	32	8	249250621	3.20962e-08
chr1	33	7	249250621	2.80842e-08
chr1	34	2	249250621	8.02405e-09
chr1	35	1	249250621	4.01203e-09
chr2	0	239351875	243199373	0.98418
chr2	1	3799795	243199373	0.0156242
chr2	2	38846	243199373	0.000159729
chr2	3	3623	243199373	1.48972e-05
chr2	4	2165	243199373	8.90216e-06
chr2	5	1274	243199373	5.2385e-06
chr2	6	843	243199373	3.46629e-06
chr2	7	388	243199373	1.5954e-06
chr2	8	255	243199373	1.04852e-06
chr2	9	132	243199373	5.42765e-07
chr2	10	104	243199373	4.27633e-07
chr2	11	42	243199373	1.72698e-07
chr2	12	5	243199373	2.05593e-08
chr2	13	2	243199373	8.22371e-09
chr2	14	7	243199373	2.8783e-08
chr2	15	4	243199373	1.64474e-08
chr2	16	5	243199373	2.05593e-08
chr2	17	8	243199373	3.28948e-08
chr3	0	195589125	198022430	0.987712
chr3	1	2418976	198022430	0.0122157
chr3	2	14155	198022430	7.14818e-05
chr3	3	68	198022430	3.43395e-07
chr3	4	2	198022430	1.00999e-08
chr3	5	5	198022430	2.52497e-08
chr3	6	3	198022430	1.51498e-08
chr3	7	7	198022430	3.53495e-08
chr3	8	6	198022430	3.02996e-08
chr3	9	1	198022430	5.04993e-09
chr3	10	5	198022430	2.52497e-08
chr3	11	3	198022430	1.51498e-08
chr3	12	4	198022430	2.01997e-08
chr3	13	3	198022430	1.51498e-08
chr3	14	5	198022430	2.52497e-08
chr3	15	4	198022430	2.01997e-08
chr3	16	7	198022430	3.53495e-08
chr3	17	2	198022430	1.00999e-08
chr3	18	11	198022430	5.55493e-08
chr3	19	6	198022430	3.02996e-08
chr3	20	1	198022430	5.04993e-09
chr3	21	3	198022430	1.51498e-08
chr3	22	3	198022430	1.51498e-08
chr3	23	10	198022430	5.04993e-08
chr3	24	9	198022430	4.54494e-08
chr3	25	6	198022430	3.02996e-08
chr4	0	188832308	191154276	0.987853
chr4	1	2303221	191154276	0.012049
chr4	2	16942	191154276	8.863e-05
chr4	3	1150	191154276	6.01608e-06
chr4	4	378	191154276	1.97746e-06
chr4	5	230	191154276	1.20322e-06
chr4	6	13	191154276	6.80079e-08
chr4	7	17	191154276	8.89334e-08
chr4	8	17	191154276	8.89334e-08
chr5	0	178911778	180915260	0.988926
chr5	1	1991287	180915260	0.0110067
chr5	2	11882	180915260	6.56772e-05
chr5	3	207	180915260	1.14418e-06
chr5	4	36	180915260	1.98988e-07
chr5	5	23	180915260	1.27131e-07
chr5	6	1	180915260	5.52745e-09
chr5	7	5	180915260	2.76372e-08
chr5	8	41	180915260	2.26625e-07
chr6	0	168439359	171115067	0.984363
chr6	1	2646973	171115067	0.015469
chr6	2	24624	171115067	0.000143903
chr6	3	473	171115067	2.76422e-06
chr6	4	293	171115067	1.7123e-06
chr6	5	289	171115067	1.68892e-06
chr6	6	258	171115067	1.50776e-06
chr6	7	264	171115067	1.54282e-06
chr6	8	305	171115067	1.78243e-06
chr6	9	326	171115067	1.90515e-06
chr6	10	327	171115067	1.91099e-06
chr6	11	308	171115067	1.79996e-06
chr6	12	297	171115067	1.73567e-06
chr6	13	278	171115067	1.62464e-06
chr6	14	193	171115067	1.1279e-06
chr6	15	193	171115067	1.1279e-06
chr6	16	124	171115067	7.24659e-07
chr6	17	114	171115067	6.66218e-07
chr6	18	49	171115067	2.86357e-07
chr6	19	15	171115067	8.76603e-08
chr6	20	4	171115067	2.33761e-08
chr6	21	1	171115067	5.84402e-09
chr7	0	155582862	159138663	0.977656
chr7	1	3508375	159138663	0.022046
chr7	2	43882	159138663	0.000275747
chr7	3	1092	159138663	6.86194e-06
chr7	4	503	159138663	3.16077e-06
chr7	5	374	159138663	2.35015e-06
chr7	6	312	159138663	1.96055e-06
chr7	7	347	159138663	2.18049e-06
chr7	8	164	159138663	1.03055e-06
chr7	9	147	159138663	9.23723e-07
chr7	10	112	159138663	7.03789e-07
chr7	11	102	159138663	6.4095e-07
chr7	12	70	159138663	4.39868e-07
chr7	13	47	159138663	2.9534e-07
chr7	14	43	159138663	2.70205e-07
chr7	15	19	159138663	1.19393e-07
chr7	16	45	159138663	2.82772e-07
chr7	17	21	159138663	1.3196e-07
chr7	18	40	159138663	2.51353e-07
chr7	19	27	159138663	1.69663e-07
chr7	20	19	159138663	1.19393e-07
chr7	21	17	159138663	1.06825e-07
chr7	22	17	159138663	1.06825e-07
chr7	23	11	159138663	6.91221e-08
chr7	24	12	159138663	7.54059e-08
chr7	25	3	159138663	1.88515e-08
chr8	0	144052804	146364022	0.984209
chr8	1	2283548	146364022	0.0156018
chr8	2	22505	146364022	0.00015376
chr8	3	2640	146364022	1.80372e-05
chr8	4	1408	146364022	9.61985e-06
chr8	5	618	146364022	4.22235e-06
chr8	6	260	146364022	1.77639e-06
chr8	7	141	146364022	9.63352e-07
chr8	8	60	146364022	4.09937e-07
chr8	9	21	146364022	1.43478e-07
chr8	10	5	146364022	3.41614e-08
chr8	11	10	146364022	6.83228e-08
chr8	12	2	146364022	1.36646e-08
chr9	0	139961719	141213431	0.991136
chr9	1	1243790	141213431	0.00880787
chr9	2	7180	141213431	5.0845e-05
chr9	3	314	141213431	2.22358e-06
chr9	4	212	141213431	1.50127e-06
chr9	5	172	141213431	1.21801e-06
chr9	6	8	141213431	5.66518e-08
chr9	7	36	141213431	2.54933e-07
chr10	0	132723199	135534747	0.979256
chr10	1	2765313	135534747	0.020403
chr10	2	33130	135534747	0.000244439
chr10	3	2610	135534747	1.92571e-05
chr10	4	1729	135534747	1.27569e-05
chr10	5	1315	135534747	9.70231e-06
chr10	6	1097	135534747	8.09387e-06
chr10	7	837	135534747	6.17554e-06
chr10	8	795	135534747	5.86565e-06
chr10	9	676	135534747	4.98765e-06
chr10	10	567	135534747	4.18343e-06
chr10	11	385	135534747	2.8406e-06
chr10	12	413	135534747	3.04719e-06
chr10	13	407	135534747	3.00292e-06
chr10	14	345	135534747	2.54547e-06
chr10	15	291	135534747	2.14705e-06
chr10	16	240	135534747	1.77076e-06
chr10	17	259	135534747	1.91095e-06
chr10	18	168	135534747	1.23953e-06
chr10	19	162	135534747	1.19527e-06
chr10	20	122	135534747	9.00138e-07
chr10	21	137	135534747	1.01081e-06
chr10	22	133	135534747	9.81298e-07
chr10	23	95	135534747	7.00927e-07
chr10	24	80	135534747	5.90255e-07
chr10	25	54	135534747	3.98422e-07
chr10	26	42	135534747	3.09884e-07
chr10	27	38	135534747	2.80371e-07
chr10	28	26	135534747	1.91833e-07
chr10	29	27	135534747	1.99211e-07
chr10	30	27	135534747	1.99211e-07
chr10	31	9	135534747	6.64036e-08
chr10	32	14	135534747	1.03295e-07
chr10	33	5	135534747	3.68909e-08
chr11	0	133399184	135006516	0.988094
chr11	1	1596496	135006516	0.0118253
chr11	2	9103	135006516	6.74264e-05
chr11	3	651	135006516	4.82199e-06
chr11	4	380	135006516	2.81468e-06
chr11	5	162	135006516	1.19994e-06
chr11	6	161	135006516	1.19254e-06
chr11	7	67	135006516	4.96272e-07
chr11	8	49	135006516	3.62945e-07
chr11	9	47	135006516	3.48131e-07
chr11	10	42	135006516	3.11096e-07
chr11	11	34	135006516	2.5184e-07
chr11	12	63	135006516	4.66644e-07
chr11	13	14	135006516	1.03699e-07
chr11	14	19	135006516	1.40734e-07
chr11	15	7	135006516	5.18494e-08
chr11	16	8	135006516	5.92564e-08
chr11	17	7	135006516	5.18494e-08
chr11	18	7	135006516	5.18494e-08
chr11	19	11	135006516	8.14776e-08
chr11	20	4	135006516	2.96282e-08
chr12	0	132203564	133851895	0.987685
chr12	1	1634439	133851895	0.0122108
chr12	2	13771	133851895	0.000102882
chr12	3	86	133851895	6.42501e-07
chr12	4	14	133851895	1.04593e-07
chr12	5	21	133851895	1.5689e-07
chr13	0	114385366	115169878	0.993188
chr13	1	781624	115169878	0.0067867
chr13	2	2888	115169878	2.5076e-05
chr14	0	106033274	107349540	0.987739
chr14	1	1307901	107349540	0.0121836
chr14	2	8346	107349540	7.7746e-05
chr14	3	19	107349540	1.76992e-07
chr15	0	101846471	102531392	0.99332
chr15	1	682142	102531392	0.00665301
chr15	2	2779	102531392	2.71039e-05
chr16	0	89246593	90354753	0.987735
chr16	1	1075618	90354753	0.0119044
chr16	2	15744	90354753	0.000174247
chr16	3	5709	90354753	6.31843e-05
chr16	4	4799	90354753	5.31129e-05
chr16	5	3201	90354753	3.5427e-05
chr16	6	1716	90354753	1.89918e-05
chr16	7	929	90354753	1.02817e-05
chr16	8	259	90354753	2.86648e-06
chr16	9	81	90354753	8.96466e-07
chr16	10	50	90354753	5.53374e-07
chr16	11	32	90354753	3.5416e-07
chr16	12	22	90354753	2.43485e-07
chr17	0	80539231	81195210	0.991921
chr17	1	652270	81195210	0.00803336
chr17	2	2964	81195210	3.65046e-05
chr17	3	436	81195210	5.36977e-06
chr17	4	150	81195210	1.8474e-06
chr17	5	71	81195210	8.74436e-07
chr17	6	40	81195210	4.9264e-07
chr17	7	11	81195210	1.35476e-07
chr17	8	12	81195210	1.47792e-07
chr17	9	24	81195210	2.95584e-07
chr17	10	1	81195210	1.2316e-08
chr18	0	77153968	78077248	0.988175
chr18	1	916714	78077248	0.0117411
chr18	2	5459	78077248	6.99179e-05
chr18	3	375	78077248	4.80294e-06
chr18	4	290	78077248	3.71427e-06
chr18	5	93	78077248	1.19113e-06
chr18	6	146	78077248	1.86994e-06
chr18	7	62	78077248	7.94085e-07
chr18	8	87	78077248	1.11428e-06
chr18	9	29	78077248	3.71427e-07
chr18	10	4	78077248	5.12313e-08
chr18	11	5	78077248	6.40391e-08
chr18	12	7	78077248	8.96548e-08
chr18	13	4	78077248	5.12313e-08
chr18	14	5	78077248	6.40391e-08
chr19	0	58512247	59128983	0.98957
chr19	1	609904	59128983	0.0103148
chr19	2	4653	59128983	7.86924e-05
chr19	3	663	59128983	1.12128e-05
chr19	4	330	59128983	5.58102e-06
chr19	5	278	59128983	4.70159e-06
chr19	6	200	59128983	3.38244e-06
chr19	7	128	59128983	2.16476e-06
chr19	8	171	59128983	2.89198e-06
chr19	9	36	59128983	6.08838e-07
chr19	10	49	59128983	8.28697e-07
chr19	11	30	59128983	5.07365e-07
chr19	12	32	59128983	5.4119e-07
chr19	13	32	59128983	5.4119e-07
chr19	14	29	59128983	4.90453e-07
chr19	15	36	59128983	6.08838e-07
chr19	16	34	59128983	5.75014e-07
chr19	17	40	59128983	6.76487e-07
chr19	18	42	59128983	7.10312e-07
chr19	19	23	59128983	3.8898e-07
chr19	20	26	59128983	4.39717e-07
chr20	0	62062265	63025520	0.984716
chr20	1	955238	63025520	0.0151564
chr20	2	7903	63025520	0.000125394
chr20	3	69	63025520	1.09479e-06
chr20	4	26	63025520	4.12531e-07
chr20	5	19	63025520	3.01465e-07
chr21	0	47681658	48129895	0.990687
chr21	1	444846	48129895	0.00924261
chr21	2	3148	48129895	6.54063e-05
chr21	3	105	48129895	2.1816e-06
chr21	4	26	48129895	5.40205e-07
chr21	5	42	48129895	8.72639e-07
chr21	6	61	48129895	1.2674e-06
chr21	7	9	48129895	1.86994e-07
chr22	0	51014874	51304566	0.994353
chr22	1	288601	51304566	0.00562525
chr22	2	1027	51304566	2.00177e-05
chr22	3	5	51304566	9.74572e-08
chr22	4	2	51304566	3.89829e-08
chr22	5	6	51304566	1.16949e-07
chr22	6	1	51304566	1.94914e-08
chr22	7	1	51304566	1.94914e-08
chr22	8	6	51304566	1.16949e-07
chr22	9	2	51304566	3.89829e-08
chr22	10	5	51304566	9.74572e-08
chr22	12	5	51304566	9.74572e-08
chr22	13	31	51304566	6.04235e-07
chrX	0	153641568	155270560	0.989509
chrX	1	1612155	155270560	0.0103829
chrX	2	13754	155270560	8.85809e-05
chrX	3	2122	155270560	1.36665e-05
chrX	4	654	155270560	4.212e-06
chrX	5	162	155270560	1.04334e-06
chrX	6	76	155270560	4.89468e-07
chrX	7	63	155270560	4.05743e-07
chrX	8	6	155270560	3.86422e-08
chrY	0	59308352	59373566	0.998902
chrY	1	62504	59373566	0.00105272
chrY	2	2094	59373566	3.52682e-05
chrY	3	368	59373566	6.19804e-06
chrY	4	72	59373566	1.21266e-06
chrY	5	37	59373566	6.23173e-07
chrY	6	65	59373566	1.09476e-06
chrY	7	25	59373566	4.21063e-07
chrY	8	25	59373566	4.21063e-07
chrY	9	24	59373566	4.0422e-07
chr1_gl000191_random	0	105783	106433	0.993893
chr1_gl000191_random	1	650	106433	0.00610713
chr1_gl000192_random	0	536899	547496	0.980645
chr1_gl000192_random	1	10494	547496	0.0191673
chr1_gl000192_random	2	103	547496	0.000188129
chr4_ctg9_hap1	0	586903	590426	0.994033
chr4_ctg9_hap1	1	3496	590426	0.00592115
chr4_ctg9_hap1	2	27	590426	4.57297e-05
chr4_gl000193_random	0	183857	189789	0.968744
chr4_gl000193_random	1	5652	189789	0.0297804
chr4_gl000193_random	2	242	189789	0.0012751
chr4_gl000193_random	3	38	189789	0.000200222
chr4_gl000194_random	0	187112	191469	0.977244
chr4_gl000194_random	1	4314	191469	0.0225311
chr4_gl000194_random	2	43	191469	0.000224579
chr6_apd_hap1	0	4615330	4622290	0.998494
chr6_apd_hap1	1	6920	4622290	0.00149709
chr6_apd_hap1	2	40	4622290	8.65372e-06
chr6_cox_hap2	0	4781255	4795371	0.997056
chr6_cox_hap2	1	14082	4795371	0.00293658
chr6_cox_hap2	2	34	4795371	7.09017e-06
chr6_dbb_hap3	0	4596896	4610396	0.997072
chr6_dbb_hap3	1	13500	4610396	0.00292817
chr6_mann_hap4	0	4669014	4683263	0.996957
chr6_mann_hap4	1	14198	4683263	0.00303165
chr6_mann_hap4	2	51	4683263	1.08898e-05
chr6_mcf_hap5	0	4822448	4833398	0.997734
chr6_mcf_hap5	1	10950	4833398	0.00226549
chr6_qbl_hap6	0	4599099	4611984	0.997206
chr6_qbl_hap6	1	12820	4611984	0.00277971
chr6_qbl_hap6	2	65	4611984	1.40937e-05
chr6_ssto_hap7	0	4916002	4928567	0.997451
chr6_ssto_hap7	1	12530	4928567	0.00254232
chr6_ssto_hap7	2	35	4928567	7.10146e-06
chr7_gl000195_random	0	178059	182896	0.973553
chr7_gl000195_random	1	4774	182896	0.0261023
chr7_gl000195_random	2	63	182896	0.000344458
chr8_gl000196_random	0	38714	38914	0.99486
chr8_gl000196_random	1	200	38914	0.00513954
chr8_gl000197_random	0	36925	37175	0.993275
chr8_gl000197_random	1	250	37175	0.00672495
chr9_gl000198_random	0	88213	90085	0.97922
chr9_gl000198_random	1	1844	90085	0.0204696
chr9_gl000198_random	2	28	90085	0.000310818
chr9_gl000199_random	0	135965	169874	0.800387
chr9_gl000199_random	1	25105	169874	0.147786
chr9_gl000199_random	2	6187	169874	0.0364211
chr9_gl000199_random	3	1346	169874	0.00792352
chr9_gl000199_random	4	685	169874	0.0040324
chr9_gl000199_random	5	355	169874	0.00208978
chr9_gl000199_random	6	54	169874	0.000317883
chr9_gl000199_random	7	33	169874	0.000194262
chr9_gl000199_random	8	32	169874	0.000188375
chr9_gl000199_random	9	18	169874	0.000105961
chr9_gl000199_random	10	53	169874	0.000311996
chr9_gl000199_random	11	31	169874	0.000182488
chr9_gl000199_random	12	6	169874	3.53203e-05
chr9_gl000199_random	13	4	169874	2.35469e-05
chr9_gl000200_random	0	186135	187035	0.995188
chr9_gl000200_random	1	900	187035	0.00481193
chr11_gl000202_random	0	39656	40103	0.988854
chr11_gl000202_random	1	444	40103	0.0110715
chr11_gl000202_random	2	3	40103	7.48074e-05
chr17_ctg5_hap1	0	1671343	1680828	0.994357
chr17_ctg5_hap1	1	9420	1680828	0.00560438
chr17_ctg5_hap1	2	65	1680828	3.86714e-05
chr17_gl000203_random	0	37048	37498	0.987999
chr17_gl000203_random	1	450	37498	0.0120006
chr17_gl000204_random	0	80660	81310	0.992006
chr17_gl000204_random	1	650	81310	0.0079941
chr17_gl000205_random	0	170505	174588	0.976614
chr17_gl000205_random	1	4066	174588	0.0232891
chr17_gl000205_random	2	17	174588	9.73721e-05
chr17_gl000206_random	0	40901	41001	0.997561
chr17_gl000206_random	1	100	41001	0.00243896
chr18_gl000207_random	0	4212	4262	0.988268
chr18_gl000207_random	1	50	4262	0.0117316
chr19_gl000208_random	0	88736	92689	0.957352
chr19_gl000208_random	1	3105	92689	0.0334991
chr19_gl000208_random	2	663	92689	0.00715295
chr19_gl000208_random	3	171	92689	0.00184488
chr19_gl000208_random	4	14	92689	0.000151043
chr19_gl000209_random	0	158519	159169	0.995916
chr19_gl000209_random	1	650	159169	0.00408371
chr21_gl000210_random	0	27582	27682	0.996388
chr21_gl000210_random	1	100	27682	0.00361246
chrUn_gl000211	0	162633	166566	0.976388
chrUn_gl000211	1	3916	166566	0.0235102
chrUn_gl000211	2	17	166566	0.000102062
chrUn_gl000212	0	184608	186858	0.987959
chrUn_gl000212	1	2250	186858	0.0120412
chrUn_gl000213	0	163539	164239	0.995738
chrUn_gl000213	1	700	164239	0.00426208
chrUn_gl000214	0	128476	137718	0.932892
chrUn_gl000214	1	7984	137718	0.0579735
chrUn_gl000214	2	1047	137718	0.00760249
chrUn_gl000214	3	172	137718	0.00124893
chrUn_gl000214	4	39	137718	0.000283187
chrUn_gl000215	0	171307	172545	0.992825
chrUn_gl000215	1	1226	172545	0.00710539
chrUn_gl000215	2	12	172545	6.95471e-05
chrUn_gl000216	0	161153	172294	0.935337
chrUn_gl000216	1	9349	172294	0.0542619
chrUn_gl000216	2	1200	172294	0.00696484
chrUn_gl000216	3	422	172294	0.0024493
chrUn_gl000216	4	115	172294	0.000667464
chrUn_gl000216	5	55	172294	0.000319222
chrUn_gl000217	0	169527	172149	0.984769
chrUn_gl000217	1	2594	172149	0.0150683
chrUn_gl000217	2	28	172149	0.00016265
chrUn_gl000218	0	157551	161147	0.977685
chrUn_gl000218	1	3592	161147	0.0222902
chrUn_gl000218	2	4	161147	2.48221e-05
chrUn_gl000219	0	175738	179198	0.980692
chrUn_gl000219	1	3370	179198	0.018806
chrUn_gl000219	2	90	179198	0.000502238
chrUn_gl000220	0	133597	161802	0.825682
chrUn_gl000220	1	20426	161802	0.126241
chrUn_gl000220	2	5808	161802	0.0358957
chrUn_gl000220	3	1668	161802	0.0103089
chrUn_gl000220	4	262	161802	0.00161926
chrUn_gl000220	5	40	161802	0.000247216
chrUn_gl000220	6	1	161802	6.18039e-06
chrUn_gl000221	0	152287	155397	0.979987
chrUn_gl000221	1	3070	155397	0.0197559
chrUn_gl000221	2	40	155397	0.000257405
chrUn_gl000222	0	184897	186861	0.989489
chrUn_gl000222	1	1928	186861	0.0103178
chrUn_gl000222	2	36	186861	0.000192657
chrUn_gl000223	0	179305	180455	0.993627
chrUn_gl000223	1	1150	180455	0.00637278
chrUn_gl000224	0	170951	179693	0.95135
chrUn_gl000224	1	7718	179693	0.042951
chrUn_gl000224	2	890	179693	0.00495289
chrUn_gl000224	3	134	179693	0.000745716
chrUn_gl000225	0	195708	211173	0.926766
chrUn_gl000225	1	13562	211173	0.0642222
chrUn_gl000225	2	1581	211173	0.00748675
chrUn_gl000225	3	212	211173	0.00100392
chrUn_gl000225	4	110	211173	0.0005209
chrUn_gl000226	0	1127	15008	0.0750933
chrUn_gl000226	1	1712	15008	0.114072
chrUn_gl000226	2	2193	15008	0.146122
chrUn_gl000226	3	2170	15008	0.14459
chrUn_gl000226	4	2449	15008	0.16318
chrUn_gl000226	5	1886	15008	0.125666
chrUn_gl000226	6	1475	15008	0.0982809
chrUn_gl000226	7	861	15008	0.0573694
chrUn_gl000226	8	524	15008	0.0349147
chrUn_gl000226	9	260	15008	0.0173241
chrUn_gl000226	10	159	15008	0.0105943
chrUn_gl000226	11	92	15008	0.00613006
chrUn_gl000226	12	37	15008	0.00246535
chrUn_gl000226	13	29	15008	0.0019323
chrUn_gl000226	14	26	15008	0.00173241
chrUn_gl000226	15	8	15008	0.000533049
chrUn_gl000227	0	126924	128374	0.988705
chrUn_gl000227	1	1450	128374	0.0112951
chrUn_gl000228	0	126634	129120	0.980747
chrUn_gl000228	1	2265	129120	0.0175418
chrUn_gl000228	2	159	129120	0.00123141
chrUn_gl000228	3	12	129120	9.29368e-05
chrUn_gl000228	4	24	129120	0.000185874
chrUn_gl000228	5	21	129120	0.000162639
chrUn_gl000228	6	5	129120	3.87237e-05
chrUn_gl000229	0	19613	19913	0.984934
chrUn_gl000229	1	300	19913	0.0150655
chrUn_gl000230	0	42341	43691	0.969101
chrUn_gl000230	1	1350	43691	0.0308988
chrUn_gl000231	0	26435	27386	0.965274
chrUn_gl000231	1	902	27386	0.0329365
chrUn_gl000231	2	49	27386	0.00178924
chrUn_gl000232	0	38888	40652	0.956607
chrUn_gl000232	1	1678	40652	0.0412772
chrUn_gl000232	2	86	40652	0.00211552
chrUn_gl000233	0	44741	45941	0.97388
chrUn_gl000233	1	1200	45941	0.0261205
chrUn_gl000234	0	39381	40531	0.971627
chrUn_gl000234	1	1150	40531	0.0283733
chrUn_gl000235	0	33535	34474	0.972762
chrUn_gl000235	1	928	34474	0.0269188
chrUn_gl000235	2	11	34474	0.000319081
chrUn_gl000236	0	41634	41934	0.992846
chrUn_gl000236	1	300	41934	0.0071541
chrUn_gl000237	0	44541	45867	0.97109
chrUn_gl000237	1	1302	45867	0.0283864
chrUn_gl000237	2	24	45867	0.000523252
chrUn_gl000238	0	39705	39939	0.994141
chrUn_gl000238	1	218	39939	0.00545832
chrUn_gl000238	2	16	39939	0.000400611
chrUn_gl000239	0	33324	33824	0.985218
chrUn_gl000239	1	500	33824	0.0147824
chrUn_gl000240	0	41233	41933	0.983307
chrUn_gl000240	1	700	41933	0.0166933
chrUn_gl000241	0	40252	42152	0.954925
chrUn_gl000241	1	1900	42152	0.045075
chrUn_gl000242	0	43273	43523	0.994256
chrUn_gl000242	1	250	43523	0.00574409
chrUn_gl000243	0	42360	43341	0.977366
chrUn_gl000243	1	912	43341	0.0210424
chrUn_gl000243	2	69	43341	0.00159203
chrUn_gl000244	0	39229	39929	0.982469
chrUn_gl000244	1	700	39929	0.0175311
chrUn_gl000245	0	35614	36651	0.971706
chrUn_gl000245	1	1024	36651	0.0279392
chrUn_gl000245	2	13	36651	0.000354697
chrUn_gl000246	0	37954	38154	0.994758
chrUn_gl000246	1	200	38154	0.00524191
chrUn_gl000247	0	35672	36422	0.979408
chrUn_gl000247	1	750	36422	0.020592
chrUn_gl000248	0	39486	39786	0.99246
chrUn_gl000248	1	300	39786	0.00754034
chrUn_gl000249	0	38352	38502	0.996104
chrUn_gl000249	1	150	38502	0.0038959
chr9_gl000201_random	0	36148	36148	1
genome	0	3097882957	3137161264	0.98748
genome	1	38845535	3137161264	0.0123824
genome	2	349628	3137161264	0.000111447
genome	3	30055	3137161264	9.58032e-06
genome	4	17381	3137161264	5.54036e-06
genome	5	10884	3137161264	3.46938e-06
genome	6	6864	3137161264	2.18797e-06
genome	7	4309	3137161264	1.37353e-06
genome	8	2864	3137161264	9.12927e-07
genome	9	1885	3137161264	6.00862e-07
genome	10	1588	3137161264	5.0619e-07
genome	11	1158	3137161264	3.69124e-07
genome	12	1029	3137161264	3.28004e-07
genome	13	924	3137161264	2.94534e-07
genome	14	734	3137161264	2.33969e-07
genome	15	596	3137161264	1.89981e-07
genome	16	516	3137161264	1.6448e-07
genome	17	496	3137161264	1.58105e-07
genome	18	358	3137161264	1.14116e-07
genome	19	270	3137161264	8.60651e-08
genome	20	217	3137161264	6.91708e-08
genome	21	179	3137161264	5.7058e-08
genome	22	169	3137161264	5.38704e-08
genome	23	130	3137161264	4.14387e-08
genome	24	125	3137161264	3.98449e-08
genome	25	75	3137161264	2.3907e-08
genome	26	49	3137161264	1.56192e-08
genome	27	55	3137161264	1.75318e-08
genome	28	54	3137161264	1.7213e-08
genome	29	58	3137161264	1.84881e-08
genome	30	53	3137161264	1.68943e-08
genome	31	32	3137161264	1.02003e-08
genome	32	22	3137161264	7.01271e-09
genome	33	12	3137161264	3.82511e-09
genome	34	2	3137161264	6.37519e-10
genome	35	1	3137161264	3.1876e-10
