chrM	0	14050	16571	0.847867
chrM	1	2241	16571	0.135236
chrM	2	196	16571	0.0118279
chrM	3	69	16571	0.0041639
chrM	4	15	16571	0.000905196
chr1	0	245133902	249250621	0.983484
chr1	1	4071779	249250621	0.0163361
chr1	2	42655	249250621	0.000171133
chr1	3	759	249250621	3.04513e-06
chr1	4	178	249250621	7.14141e-07
chr1	5	111	249250621	4.45335e-07
chr1	6	104	249250621	4.17251e-07
chr1	7	83	249250621	3.32998e-07
chr1	8	86	249250621	3.45034e-07
chr1	9	47	249250621	1.88565e-07
chr1	10	47	249250621	1.88565e-07
chr1	11	68	249250621	2.72818e-07
chr1	12	88	249250621	3.53058e-07
chr1	13	76	249250621	3.04914e-07
chr1	14	81	249250621	3.24974e-07
chr1	15	90	249250621	3.61082e-07
chr1	16	93	249250621	3.73118e-07
chr1	17	47	249250621	1.88565e-07
chr1	18	29	249250621	1.16349e-07
chr1	19	11	249250621	4.41323e-08
chr1	20	18	249250621	7.22165e-08
chr1	21	16	249250621	6.41924e-08
chr1	22	11	249250621	4.41323e-08
chr1	23	14	249250621	5.61684e-08
chr1	24	24	249250621	9.62886e-08
chr1	25	38	249250621	1.52457e-07
chr1	26	27	249250621	1.08325e-07
chr1	27	25	249250621	1.00301e-07
chr1	28	28	249250621	1.12337e-07
chr1	29	16	249250621	6.41924e-08
chr1	30	14	249250621	5.61684e-08
chr1	31	18	249250621	7.22165e-08
chr1	32	15	249250621	6.01804e-08
chr1	33	16	249250621	6.41924e-08
chr1	34	5	249250621	2.00601e-08
chr1	35	2	249250621	8.02405e-09
chr2	0	240098278	243199373	0.987249
chr2	1	3065926	243199373	0.0126066
chr2	2	28310	243199373	0.000116407
chr2	3	2813	243199373	1.15666e-05
chr2	4	1910	243199373	7.85364e-06
chr2	5	1095	243199373	4.50248e-06
chr2	6	560	243199373	2.30264e-06
chr2	7	252	243199373	1.03619e-06
chr2	8	92	243199373	3.7829e-07
chr2	9	76	243199373	3.12501e-07
chr2	10	28	243199373	1.15132e-07
chr2	11	3	243199373	1.23356e-08
chr2	12	6	243199373	2.46711e-08
chr2	13	2	243199373	8.22371e-09
chr2	14	3	243199373	1.23356e-08
chr2	15	7	243199373	2.8783e-08
chr2	16	6	243199373	2.46711e-08
chr2	17	6	243199373	2.46711e-08
chr3	0	196000965	198022430	0.989792
chr3	1	2012762	198022430	0.0101643
chr3	2	8573	198022430	4.32931e-05
chr3	3	29	198022430	1.46448e-07
chr3	4	1	198022430	5.04993e-09
chr3	5	3	198022430	1.51498e-08
chr3	6	4	198022430	2.01997e-08
chr3	7	5	198022430	2.52497e-08
chr3	8	1	198022430	5.04993e-09
chr3	9	5	198022430	2.52497e-08
chr3	10	7	198022430	3.53495e-08
chr3	11	3	198022430	1.51498e-08
chr3	12	2	198022430	1.00999e-08
chr3	13	8	198022430	4.03995e-08
chr3	14	1	198022430	5.04993e-09
chr3	15	5	198022430	2.52497e-08
chr3	16	4	198022430	2.01997e-08
chr3	17	4	198022430	2.01997e-08
chr3	18	4	198022430	2.01997e-08
chr3	19	5	198022430	2.52497e-08
chr3	20	1	198022430	5.04993e-09
chr3	21	12	198022430	6.05992e-08
chr3	22	3	198022430	1.51498e-08
chr3	23	3	198022430	1.51498e-08
chr3	24	10	198022430	5.04993e-08
chr3	25	3	198022430	1.51498e-08
chr3	26	6	198022430	3.02996e-08
chr3	27	1	198022430	5.04993e-09
chr4	0	188376752	191154276	0.98547
chr4	1	2750611	191154276	0.0143895
chr4	2	24893	191154276	0.000130225
chr4	3	1278	191154276	6.6857e-06
chr4	4	303	191154276	1.58511e-06
chr4	5	304	191154276	1.59034e-06
chr4	6	108	191154276	5.64989e-07
chr4	7	27	191154276	1.41247e-07
chr5	0	178896570	180915260	0.988842
chr5	1	2005276	180915260	0.0110841
chr5	2	13055	180915260	7.21609e-05
chr5	3	300	180915260	1.65823e-06
chr5	4	31	180915260	1.71351e-07
chr5	5	28	180915260	1.54769e-07
chr6	0	168420204	171115067	0.984251
chr6	1	2670681	171115067	0.0156075
chr6	2	20369	171115067	0.000119037
chr6	3	488	171115067	2.85188e-06
chr6	4	308	171115067	1.79996e-06
chr6	5	247	171115067	1.44347e-06
chr6	6	350	171115067	2.04541e-06
chr6	7	420	171115067	2.45449e-06
chr6	8	401	171115067	2.34345e-06
chr6	9	328	171115067	1.91684e-06
chr6	10	369	171115067	2.15644e-06
chr6	11	213	171115067	1.24478e-06
chr6	12	223	171115067	1.30322e-06
chr6	13	126	171115067	7.36347e-07
chr6	14	80	171115067	4.67522e-07
chr6	15	91	171115067	5.31806e-07
chr6	16	79	171115067	4.61678e-07
chr6	17	47	171115067	2.74669e-07
chr6	18	21	171115067	1.22724e-07
chr6	19	13	171115067	7.59723e-08
chr6	20	9	171115067	5.25962e-08
chr7	0	155680894	159138663	0.978272
chr7	1	3412309	159138663	0.0214424
chr7	2	41589	159138663	0.000261338
chr7	3	1063	159138663	6.67971e-06
chr7	4	748	159138663	4.7003e-06
chr7	5	479	159138663	3.00995e-06
chr7	6	298	159138663	1.87258e-06
chr7	7	247	159138663	1.55211e-06
chr7	8	215	159138663	1.35102e-06
chr7	9	225	159138663	1.41386e-06
chr7	10	123	159138663	7.72911e-07
chr7	11	122	159138663	7.66627e-07
chr7	12	98	159138663	6.15815e-07
chr7	13	131	159138663	8.23181e-07
chr7	14	44	159138663	2.76488e-07
chr7	15	31	159138663	1.94799e-07
chr7	16	25	159138663	1.57096e-07
chr7	17	11	159138663	6.91221e-08
chr7	18	5	159138663	3.14191e-08
chr7	19	4	159138663	2.51353e-08
chr7	20	2	159138663	1.25677e-08
chr8	0	144070050	146364022	0.984327
chr8	1	2265523	146364022	0.0154787
chr8	2	22787	146364022	0.000155687
chr8	3	3059	146364022	2.08999e-05
chr8	4	1388	146364022	9.4832e-06
chr8	5	620	146364022	4.23601e-06
chr8	6	329	146364022	2.24782e-06
chr8	7	130	146364022	8.88196e-07
chr8	8	92	146364022	6.2857e-07
chr8	9	36	146364022	2.45962e-07
chr8	10	8	146364022	5.46582e-08
chr9	0	140037350	141213431	0.991672
chr9	1	1169411	141213431	0.00828116
chr9	2	5993	141213431	4.24393e-05
chr9	3	311	141213431	2.20234e-06
chr9	4	190	141213431	1.34548e-06
chr9	5	75	141213431	5.31111e-07
chr9	6	54	141213431	3.824e-07
chr9	7	15	141213431	1.06222e-07
chr9	8	32	141213431	2.26607e-07
chr10	0	133289273	135534747	0.983432
chr10	1	2210293	135534747	0.0163079
chr10	2	22774	135534747	0.000168031
chr10	3	2455	135534747	1.81134e-05
chr10	4	1939	135534747	1.43063e-05
chr10	5	1242	135534747	9.1637e-06
chr10	6	1079	135534747	7.96106e-06
chr10	7	699	135534747	5.15735e-06
chr10	8	686	135534747	5.06143e-06
chr10	9	694	135534747	5.12046e-06
chr10	10	481	135534747	3.54891e-06
chr10	11	395	135534747	2.91438e-06
chr10	12	379	135534747	2.79633e-06
chr10	13	319	135534747	2.35364e-06
chr10	14	298	135534747	2.1987e-06
chr10	15	307	135534747	2.2651e-06
chr10	16	257	135534747	1.89619e-06
chr10	17	213	135534747	1.57155e-06
chr10	18	130	135534747	9.59164e-07
chr10	19	125	135534747	9.22273e-07
chr10	20	111	135534747	8.18978e-07
chr10	21	92	135534747	6.78793e-07
chr10	22	98	135534747	7.23062e-07
chr10	23	103	135534747	7.59953e-07
chr10	24	86	135534747	6.34524e-07
chr10	25	54	135534747	3.98422e-07
chr10	26	48	135534747	3.54153e-07
chr10	27	66	135534747	4.8696e-07
chr10	28	28	135534747	2.06589e-07
chr10	29	7	135534747	5.16473e-08
chr10	30	6	135534747	4.42691e-08
chr10	31	7	135534747	5.16473e-08
chr10	32	2	135534747	1.47564e-08
chr10	33	1	135534747	7.37818e-09
chr11	0	132909192	135006516	0.984465
chr11	1	2079433	135006516	0.0154025
chr11	2	16199	135006516	0.000119987
chr11	3	535	135006516	3.96277e-06
chr11	4	254	135006516	1.88139e-06
chr11	5	196	135006516	1.45178e-06
chr11	6	157	135006516	1.16291e-06
chr11	7	215	135006516	1.59252e-06
chr11	8	72	135006516	5.33308e-07
chr11	9	73	135006516	5.40715e-07
chr11	10	45	135006516	3.33317e-07
chr11	11	52	135006516	3.85167e-07
chr11	12	21	135006516	1.55548e-07
chr11	13	25	135006516	1.85176e-07
chr11	14	23	135006516	1.70362e-07
chr11	15	17	135006516	1.2592e-07
chr11	16	7	135006516	5.18494e-08
chr12	0	132192445	133851895	0.987602
chr12	1	1644444	133851895	0.0122855
chr12	2	14676	133851895	0.000109644
chr12	3	239	133851895	1.78556e-06
chr12	4	45	133851895	3.36192e-07
chr12	5	3	133851895	2.24128e-08
chr12	6	9	133851895	6.72385e-08
chr12	7	34	133851895	2.54012e-07
chr13	0	114406725	115169878	0.993374
chr13	1	761206	115169878	0.00660942
chr13	2	1947	115169878	1.69055e-05
chr14	0	106079707	107349540	0.988171
chr14	1	1260224	107349540	0.0117394
chr14	2	9601	107349540	8.94368e-05
chr14	3	8	107349540	7.45229e-08
chr15	0	101855211	102531392	0.993405
chr15	1	673620	102531392	0.00656989
chr15	2	2553	102531392	2.48997e-05
chr15	3	8	102531392	7.80249e-08
chr16	0	89330443	90354753	0.988663
chr16	1	994650	90354753	0.0110083
chr16	2	14579	90354753	0.000161353
chr16	3	5530	90354753	6.12032e-05
chr16	4	3853	90354753	4.2643e-05
chr16	5	2598	90354753	2.87533e-05
chr16	6	1636	90354753	1.81064e-05
chr16	7	810	90354753	8.96466e-06
chr16	8	386	90354753	4.27205e-06
chr16	9	159	90354753	1.75973e-06
chr16	10	71	90354753	7.85792e-07
chr16	11	22	90354753	2.43485e-07
chr16	12	15	90354753	1.66012e-07
chr16	13	1	90354753	1.10675e-08
chr17	0	80544696	81195210	0.991988
chr17	1	646415	81195210	0.00796125
chr17	2	3363	81195210	4.14187e-05
chr17	3	456	81195210	5.61609e-06
chr17	4	148	81195210	1.82277e-06
chr17	5	53	81195210	6.52748e-07
chr17	6	27	81195210	3.32532e-07
chr17	7	4	81195210	4.9264e-08
chr17	8	8	81195210	9.8528e-08
chr17	9	6	81195210	7.3896e-08
chr17	10	2	81195210	2.4632e-08
chr17	11	6	81195210	7.3896e-08
chr17	12	5	81195210	6.158e-08
chr17	13	14	81195210	1.72424e-07
chr17	14	7	81195210	8.6212e-08
chr18	0	76987317	78077248	0.98604
chr18	1	1081054	78077248	0.013846
chr18	2	8119	78077248	0.000103987
chr18	3	411	78077248	5.26402e-06
chr18	4	173	78077248	2.21575e-06
chr18	5	55	78077248	7.04431e-07
chr18	6	22	78077248	2.81772e-07
chr18	7	60	78077248	7.6847e-07
chr18	8	27	78077248	3.45811e-07
chr18	9	10	78077248	1.28078e-07
chr19	0	58345463	59128983	0.986749
chr19	1	774976	59128983	0.0131065
chr19	2	6353	59128983	0.000107443
chr19	3	499	59128983	8.43918e-06
chr19	4	329	59128983	5.56411e-06
chr19	5	347	59128983	5.86853e-06
chr19	6	209	59128983	3.53465e-06
chr19	7	185	59128983	3.12875e-06
chr19	8	195	59128983	3.29788e-06
chr19	9	134	59128983	2.26623e-06
chr19	10	143	59128983	2.41844e-06
chr19	11	63	59128983	1.06547e-06
chr19	12	29	59128983	4.90453e-07
chr19	13	8	59128983	1.35297e-07
chr19	14	5	59128983	8.45609e-08
chr19	15	3	59128983	5.07365e-08
chr19	16	10	59128983	1.69122e-07
chr19	17	4	59128983	6.76487e-08
chr19	18	2	59128983	3.38244e-08
chr19	19	4	59128983	6.76487e-08
chr19	20	3	59128983	5.07365e-08
chr19	21	4	59128983	6.76487e-08
chr19	22	14	59128983	2.36771e-07
chr19	23	1	59128983	1.69122e-08
chr20	0	62057866	63025520	0.984647
chr20	1	960564	63025520	0.0152409
chr20	2	6934	63025520	0.000110019
chr20	3	156	63025520	2.47519e-06
chr21	0	47678465	48129895	0.990621
chr21	1	447697	48129895	0.00930185
chr21	2	3521	48129895	7.31562e-05
chr21	3	68	48129895	1.41284e-06
chr21	4	92	48129895	1.91149e-06
chr21	5	2	48129895	4.15542e-08
chr21	6	2	48129895	4.15542e-08
chr21	7	3	48129895	6.23313e-08
chr21	8	10	48129895	2.07771e-07
chr21	9	5	48129895	1.03886e-07
chr21	10	9	48129895	1.86994e-07
chr21	11	21	48129895	4.36319e-07
chr22	0	51006644	51304566	0.994193
chr22	1	296105	51304566	0.00577151
chr22	2	1753	51304566	3.41685e-05
chr22	3	3	51304566	5.84743e-08
chr22	4	2	51304566	3.89829e-08
chr22	5	3	51304566	5.84743e-08
chr22	6	4	51304566	7.79658e-08
chr22	7	4	51304566	7.79658e-08
chr22	8	4	51304566	7.79658e-08
chr22	9	3	51304566	5.84743e-08
chr22	10	2	51304566	3.89829e-08
chr22	11	3	51304566	5.84743e-08
chr22	13	11	51304566	2.14406e-07
chr22	14	25	51304566	4.87286e-07
chrX	0	153993292	155270560	0.991774
chrX	1	1261555	155270560	0.00812488
chrX	2	12407	155270560	7.99057e-05
chrX	3	2375	155270560	1.52959e-05
chrX	4	676	155270560	4.35369e-06
chrX	5	120	155270560	7.72844e-07
chrX	6	94	155270560	6.05395e-07
chrX	7	40	155270560	2.57615e-07
chrX	8	1	155270560	6.44037e-09
chrY	0	59313393	59373566	0.998986
chrY	1	57809	59373566	0.000973649
chrY	2	1757	59373566	2.95923e-05
chrY	3	308	59373566	5.18749e-06
chrY	4	230	59373566	3.87378e-06
chrY	5	43	59373566	7.24228e-07
chrY	6	14	59373566	2.35795e-07
chrY	7	12	59373566	2.0211e-07
chr1_gl000191_random	0	105497	106433	0.991206
chr1_gl000191_random	1	922	106433	0.00866273
chr1_gl000191_random	2	14	106433	0.000131538
chr1_gl000192_random	0	532835	547496	0.973222
chr1_gl000192_random	1	14322	547496	0.0261591
chr1_gl000192_random	2	339	547496	0.000619183
chr4_ctg9_hap1	0	585019	590426	0.990842
chr4_ctg9_hap1	1	5364	590426	0.00908497
chr4_ctg9_hap1	2	43	590426	7.28288e-05
chr4_gl000193_random	0	183044	189789	0.964461
chr4_gl000193_random	1	6438	189789	0.0339219
chr4_gl000193_random	2	263	189789	0.00138575
chr4_gl000193_random	3	40	189789	0.00021076
chr4_gl000193_random	4	4	189789	2.1076e-05
chr4_gl000194_random	0	187549	191469	0.979527
chr4_gl000194_random	1	3890	191469	0.0203166
chr4_gl000194_random	2	30	191469	0.000156683
chr6_apd_hap1	0	4616090	4622290	0.998659
chr6_apd_hap1	1	6200	4622290	0.00134133
chr6_cox_hap2	0	4780980	4795371	0.996999
chr6_cox_hap2	1	14382	4795371	0.00299914
chr6_cox_hap2	2	9	4795371	1.87681e-06
chr6_dbb_hap3	0	4598896	4610396	0.997506
chr6_dbb_hap3	1	11500	4610396	0.00249436
chr6_mann_hap4	0	4666896	4683263	0.996505
chr6_mann_hap4	1	16334	4683263	0.00348774
chr6_mann_hap4	2	33	4683263	7.04637e-06
chr6_mcf_hap5	0	4821098	4833398	0.997455
chr6_mcf_hap5	1	12300	4833398	0.00254479
chr6_qbl_hap6	0	4599871	4611984	0.997374
chr6_qbl_hap6	1	12076	4611984	0.0026184
chr6_qbl_hap6	2	37	4611984	8.02258e-06
chr6_ssto_hap7	0	4915753	4928567	0.9974
chr6_ssto_hap7	1	12778	4928567	0.00259264
chr6_ssto_hap7	2	36	4928567	7.30435e-06
chr7_gl000195_random	0	177040	182896	0.967982
chr7_gl000195_random	1	5762	182896	0.0315042
chr7_gl000195_random	2	94	182896	0.000513953
chr8_gl000196_random	0	38664	38914	0.993576
chr8_gl000196_random	1	250	38914	0.00642442
chr8_gl000197_random	0	36875	37175	0.99193
chr8_gl000197_random	1	300	37175	0.00806994
chr9_gl000198_random	0	88065	90085	0.977577
chr9_gl000198_random	1	1990	90085	0.0220902
chr9_gl000198_random	2	30	90085	0.000333019
chr9_gl000199_random	0	135912	169874	0.800075
chr9_gl000199_random	1	25774	169874	0.151724
chr9_gl000199_random	2	5838	169874	0.0343666
chr9_gl000199_random	3	1269	169874	0.00747024
chr9_gl000199_random	4	572	169874	0.0033672
chr9_gl000199_random	5	217	169874	0.00127742
chr9_gl000199_random	6	109	169874	0.000641652
chr9_gl000199_random	7	87	169874	0.000512144
chr9_gl000199_random	8	17	169874	0.000100074
chr9_gl000199_random	9	32	169874	0.000188375
chr9_gl000199_random	10	38	169874	0.000223695
chr9_gl000199_random	11	5	169874	2.94336e-05
chr9_gl000199_random	12	4	169874	2.35469e-05
chr9_gl000200_random	0	186516	187035	0.997225
chr9_gl000200_random	1	488	187035	0.00260914
chr9_gl000200_random	2	31	187035	0.000165744
chr11_gl000202_random	0	39803	40103	0.992519
chr11_gl000202_random	1	300	40103	0.00748074
chr17_ctg5_hap1	0	1669486	1680828	0.993252
chr17_ctg5_hap1	1	11284	1680828	0.00671336
chr17_ctg5_hap1	2	58	1680828	3.45068e-05
chr17_gl000203_random	0	37298	37498	0.994666
chr17_gl000203_random	1	200	37498	0.00533362
chr17_gl000204_random	0	80710	81310	0.992621
chr17_gl000204_random	1	600	81310	0.00737917
chr17_gl000205_random	0	170804	174588	0.978326
chr17_gl000205_random	1	3768	174588	0.0215822
chr17_gl000205_random	2	16	174588	9.16443e-05
chr17_gl000206_random	0	40701	41001	0.992683
chr17_gl000206_random	1	300	41001	0.00731689
chr18_gl000207_random	0	4162	4262	0.976537
chr18_gl000207_random	1	100	4262	0.0234632
chr19_gl000208_random	0	87734	92689	0.946542
chr19_gl000208_random	1	4470	92689	0.0482258
chr19_gl000208_random	2	386	92689	0.00416446
chr19_gl000208_random	3	88	92689	0.000949411
chr19_gl000208_random	4	11	92689	0.000118676
chr19_gl000209_random	0	158219	159169	0.994031
chr19_gl000209_random	1	950	159169	0.0059685
chr21_gl000210_random	0	27432	27682	0.990969
chr21_gl000210_random	1	250	27682	0.00903114
chrUn_gl000211	0	164066	166566	0.984991
chrUn_gl000211	1	2500	166566	0.0150091
chrUn_gl000212	0	184435	186858	0.987033
chrUn_gl000212	1	2346	186858	0.012555
chrUn_gl000212	2	77	186858	0.000412078
chrUn_gl000213	0	163039	164239	0.992694
chrUn_gl000213	1	1200	164239	0.00730643
chrUn_gl000214	0	128347	137718	0.931955
chrUn_gl000214	1	8168	137718	0.0593096
chrUn_gl000214	2	848	137718	0.00615751
chrUn_gl000214	3	197	137718	0.00143046
chrUn_gl000214	4	54	137718	0.000392106
chrUn_gl000214	5	51	137718	0.000370322
chrUn_gl000214	6	47	137718	0.000341277
chrUn_gl000214	7	6	137718	4.35673e-05
chrUn_gl000215	0	171345	172545	0.993045
chrUn_gl000215	1	1200	172545	0.00695471
chrUn_gl000216	0	160711	172294	0.932772
chrUn_gl000216	1	9634	172294	0.0559161
chrUn_gl000216	2	1278	172294	0.00741755
chrUn_gl000216	3	447	172294	0.0025944
chrUn_gl000216	4	201	172294	0.00116661
chrUn_gl000216	5	23	172294	0.000133493
chrUn_gl000217	0	169649	172149	0.985478
chrUn_gl000217	1	2500	172149	0.0145223
chrUn_gl000218	0	157209	161147	0.975563
chrUn_gl000218	1	3926	161147	0.0243628
chrUn_gl000218	2	12	161147	7.44662e-05
chrUn_gl000219	0	174542	179198	0.974018
chrUn_gl000219	1	4612	179198	0.0257369
chrUn_gl000219	2	44	179198	0.000245538
chrUn_gl000220	0	129835	161802	0.802431
chrUn_gl000220	1	22788	161802	0.140839
chrUn_gl000220	2	7029	161802	0.043442
chrUn_gl000220	3	1773	161802	0.0109578
chrUn_gl000220	4	279	161802	0.00172433
chrUn_gl000220	5	69	161802	0.000426447
chrUn_gl000220	6	29	161802	0.000179231
chrUn_gl000221	0	152280	155397	0.979942
chrUn_gl000221	1	3084	155397	0.0198459
chrUn_gl000221	2	33	155397	0.000212359
chrUn_gl000222	0	185011	186861	0.9901
chrUn_gl000222	1	1850	186861	0.00990041
chrUn_gl000223	0	179405	180455	0.994181
chrUn_gl000223	1	1050	180455	0.00581862
chrUn_gl000224	0	171910	179693	0.956687
chrUn_gl000224	1	7216	179693	0.0401574
chrUn_gl000224	2	467	179693	0.00259888
chrUn_gl000224	3	100	179693	0.000556505
chrUn_gl000225	0	194591	211173	0.921477
chrUn_gl000225	1	14255	211173	0.0675039
chrUn_gl000225	2	1779	211173	0.00842437
chrUn_gl000225	3	407	211173	0.00192733
chrUn_gl000225	4	89	211173	0.000421455
chrUn_gl000225	5	52	211173	0.000246244
chrUn_gl000226	0	1250	15008	0.0832889
chrUn_gl000226	1	1812	15008	0.120736
chrUn_gl000226	2	2511	15008	0.167311
chrUn_gl000226	3	1988	15008	0.132463
chrUn_gl000226	4	2037	15008	0.135728
chrUn_gl000226	5	2053	15008	0.136794
chrUn_gl000226	6	1435	15008	0.0956157
chrUn_gl000226	7	882	15008	0.0587687
chrUn_gl000226	8	438	15008	0.0291844
chrUn_gl000226	9	200	15008	0.0133262
chrUn_gl000226	10	150	15008	0.00999467
chrUn_gl000226	11	122	15008	0.008129
chrUn_gl000226	12	60	15008	0.00399787
chrUn_gl000226	13	51	15008	0.00339819
chrUn_gl000226	14	13	15008	0.000866205
chrUn_gl000226	15	2	15008	0.000133262
chrUn_gl000226	16	4	15008	0.000266525
chrUn_gl000227	0	126774	128374	0.987536
chrUn_gl000227	1	1600	128374	0.0124636
chrUn_gl000228	0	125791	129120	0.974218
chrUn_gl000228	1	3029	129120	0.0234588
chrUn_gl000228	2	185	129120	0.00143278
chrUn_gl000228	3	109	129120	0.000844176
chrUn_gl000228	4	6	129120	4.64684e-05
chrUn_gl000229	0	19313	19913	0.969869
chrUn_gl000229	1	600	19913	0.0301311
chrUn_gl000230	0	42120	43691	0.964043
chrUn_gl000230	1	1492	43691	0.0341489
chrUn_gl000230	2	79	43691	0.00180815
chrUn_gl000231	0	26273	27386	0.959359
chrUn_gl000231	1	1076	27386	0.0392901
chrUn_gl000231	2	37	27386	0.00135106
chrUn_gl000232	0	38249	40652	0.940889
chrUn_gl000232	1	2356	40652	0.0579553
chrUn_gl000232	2	47	40652	0.00115615
chrUn_gl000233	0	45091	45941	0.981498
chrUn_gl000233	1	850	45941	0.018502
chrUn_gl000234	0	39128	40531	0.965385
chrUn_gl000234	1	1356	40531	0.0334559
chrUn_gl000234	2	47	40531	0.00115961
chrUn_gl000235	0	33023	34474	0.95791
chrUn_gl000235	1	1402	34474	0.0406683
chrUn_gl000235	2	49	34474	0.00142136
chrUn_gl000236	0	41334	41934	0.985692
chrUn_gl000236	1	600	41934	0.0143082
chrUn_gl000237	0	45067	45867	0.982558
chrUn_gl000237	1	800	45867	0.0174417
chrUn_gl000238	0	39439	39939	0.987481
chrUn_gl000238	1	500	39939	0.0125191
chrUn_gl000239	0	32974	33824	0.97487
chrUn_gl000239	1	850	33824	0.0251301
chrUn_gl000240	0	41168	41933	0.981757
chrUn_gl000240	1	730	41933	0.0174087
chrUn_gl000240	2	35	41933	0.000834665
chrUn_gl000241	0	40580	42152	0.962706
chrUn_gl000241	1	1544	42152	0.0366293
chrUn_gl000241	2	28	42152	0.000664263
chrUn_gl000242	0	43123	43523	0.990809
chrUn_gl000242	1	400	43523	0.00919054
chrUn_gl000243	0	41791	43341	0.964237
chrUn_gl000243	1	1550	43341	0.0357629
chrUn_gl000244	0	39129	39929	0.979964
chrUn_gl000244	1	800	39929	0.0200356
chrUn_gl000245	0	35735	36651	0.975007
chrUn_gl000245	1	882	36651	0.0240648
chrUn_gl000245	2	34	36651	0.000927669
chrUn_gl000246	0	37954	38154	0.994758
chrUn_gl000246	1	200	38154	0.00524191
chrUn_gl000247	0	35622	36422	0.978035
chrUn_gl000247	1	800	36422	0.0219647
chrUn_gl000248	0	39536	39786	0.993716
chrUn_gl000248	1	250	39786	0.00628362
chrUn_gl000249	0	38152	38502	0.99091
chrUn_gl000249	1	350	38502	0.00909044
chr9_gl000201_random	0	36148	36148	1
genome	0	3097863235	3137161264	0.987473
genome	1	38862014	3137161264	0.0123876
genome	2	356832	3137161264	0.000113744
genome	3	29638	3137161264	9.44739e-06
genome	4	16066	3137161264	5.12119e-06
genome	5	10089	3137161264	3.21596e-06
genome	6	6680	3137161264	2.12931e-06
genome	7	4220	3137161264	1.34517e-06
genome	8	2763	3137161264	8.80733e-07
genome	9	2033	3137161264	6.48038e-07
genome	10	1523	3137161264	4.85471e-07
genome	11	1098	3137161264	3.49998e-07
genome	12	930	3137161264	2.96446e-07
genome	13	772	3137161264	2.46082e-07
genome	14	580	3137161264	1.84881e-07
genome	15	553	3137161264	1.76274e-07
genome	16	485	3137161264	1.54598e-07
genome	17	332	3137161264	1.05828e-07
genome	18	191	3137161264	6.08831e-08
genome	19	162	3137161264	5.1639e-08
genome	20	144	3137161264	4.59014e-08
genome	21	124	3137161264	3.95262e-08
genome	22	126	3137161264	4.01637e-08
genome	23	121	3137161264	3.85699e-08
genome	24	120	3137161264	3.82511e-08
genome	25	95	3137161264	3.02822e-08
genome	26	81	3137161264	2.58195e-08
genome	27	92	3137161264	2.93259e-08
genome	28	56	3137161264	1.78505e-08
genome	29	23	3137161264	7.33147e-09
genome	30	20	3137161264	6.37519e-09
genome	31	25	3137161264	7.96899e-09
genome	32	17	3137161264	5.41891e-09
genome	33	17	3137161264	5.41891e-09
genome	34	5	3137161264	1.5938e-09
genome	35	2	3137161264	6.37519e-10
