1	0	244900668	249250621	0.982548
1	1	4286623	249250621	0.017198
1	2	62267	249250621	0.000249817
1	3	1009	249250621	4.04813e-06
1	4	54	249250621	2.16649e-07
2	0	239625993	243199373	0.985307
2	1	3534907	243199373	0.014535
2	2	37606	243199373	0.00015463
2	3	484	243199373	1.99014e-06
2	4	33	243199373	1.35691e-07
2	5	62	243199373	2.54935e-07
2	6	21	243199373	8.63489e-08
2	7	11	243199373	4.52304e-08
2	8	8	243199373	3.28948e-08
2	9	22	243199373	9.04608e-08
2	10	16	243199373	6.57896e-08
2	11	14	243199373	5.75659e-08
2	12	5	243199373	2.05593e-08
2	13	7	243199373	2.8783e-08
2	14	4	243199373	1.64474e-08
2	15	3	243199373	1.23356e-08
2	17	2	243199373	8.22371e-09
2	18	4	243199373	1.64474e-08
2	19	1	243199373	4.11185e-09
2	20	3	243199373	1.23356e-08
2	21	3	243199373	1.23356e-08
2	22	3	243199373	1.23356e-08
2	23	2	243199373	8.22371e-09
2	25	2	243199373	8.22371e-09
2	26	4	243199373	1.64474e-08
2	27	4	243199373	1.64474e-08
2	28	5	243199373	2.05593e-08
2	29	30	243199373	1.23356e-07
2	30	2	243199373	8.22371e-09
2	32	1	243199373	4.11185e-09
2	33	6	243199373	2.46711e-08
2	34	5	243199373	2.05593e-08
2	35	6	243199373	2.46711e-08
2	36	5	243199373	2.05593e-08
2	37	10	243199373	4.11185e-08
2	38	6	243199373	2.46711e-08
2	39	10	243199373	4.11185e-08
2	40	1	243199373	4.11185e-09
2	45	1	243199373	4.11185e-09
2	47	1	243199373	4.11185e-09
2	54	2	243199373	8.22371e-09
2	55	1	243199373	4.11185e-09
2	57	1	243199373	4.11185e-09
2	61	1	243199373	4.11185e-09
2	64	1	243199373	4.11185e-09
2	67	1	243199373	4.11185e-09
2	68	1	243199373	4.11185e-09
2	71	1	243199373	4.11185e-09
2	72	1	243199373	4.11185e-09
2	73	1	243199373	4.11185e-09
2	74	1	243199373	4.11185e-09
2	77	1	243199373	4.11185e-09
2	78	1	243199373	4.11185e-09
2	81	1	243199373	4.11185e-09
2	84	1	243199373	4.11185e-09
2	88	1	243199373	4.11185e-09
2	90	1	243199373	4.11185e-09
2	91	2	243199373	8.22371e-09
2	98	1	243199373	4.11185e-09
2	100	1	243199373	4.11185e-09
2	105	1	243199373	4.11185e-09
2	107	1	243199373	4.11185e-09
2	110	1	243199373	4.11185e-09
2	111	1	243199373	4.11185e-09
2	113	1	243199373	4.11185e-09
2	117	1	243199373	4.11185e-09
2	119	1	243199373	4.11185e-09
2	121	1	243199373	4.11185e-09
2	132	1	243199373	4.11185e-09
2	138	1	243199373	4.11185e-09
2	139	1	243199373	4.11185e-09
2	140	1	243199373	4.11185e-09
2	141	7	243199373	2.8783e-08
2	142	6	243199373	2.46711e-08
2	143	9	243199373	3.70067e-08
2	144	2	243199373	8.22371e-09
2	145	2	243199373	8.22371e-09
3	0	194696826	198022430	0.983206
3	1	3288349	198022430	0.0166059
3	2	36847	198022430	0.000186075
3	3	342	198022430	1.72708e-06
3	4	49	198022430	2.47447e-07
3	5	17	198022430	8.58489e-08
4	0	188948196	191154276	0.988459
4	1	2187662	191154276	0.0114445
4	2	17813	191154276	9.31865e-05
4	3	420	191154276	2.19718e-06
4	4	91	191154276	4.76055e-07
4	5	76	191154276	3.97585e-07
4	6	18	191154276	9.41648e-08
5	0	178784868	180915260	0.988224
5	1	2111549	180915260	0.0116715
5	2	18331	180915260	0.000101324
5	3	509	180915260	2.81347e-06
5	4	3	180915260	1.65823e-08
6	0	169055770	171115067	0.987965
6	1	2040279	171115067	0.0119234
6	2	17187	171115067	0.000100441
6	3	392	171115067	2.29086e-06
6	4	194	171115067	1.13374e-06
6	5	233	171115067	1.36166e-06
6	6	159	171115067	9.29199e-07
6	7	160	171115067	9.35043e-07
6	8	145	171115067	8.47383e-07
6	9	85	171115067	4.96742e-07
6	10	68	171115067	3.97393e-07
6	11	71	171115067	4.14925e-07
6	12	65	171115067	3.79861e-07
6	13	61	171115067	3.56485e-07
6	14	53	171115067	3.09733e-07
6	15	59	171115067	3.44797e-07
6	16	48	171115067	2.80513e-07
6	17	32	171115067	1.87009e-07
6	18	6	171115067	3.50641e-08
7	0	156667596	159138663	0.984472
7	1	2446171	159138663	0.0153713
7	2	24199	159138663	0.000152062
7	3	491	159138663	3.08536e-06
7	4	154	159138663	9.6771e-07
7	5	20	159138663	1.25677e-07
7	6	6	159138663	3.7703e-08
7	7	6	159138663	3.7703e-08
7	8	16	159138663	1.00541e-07
7	9	4	159138663	2.51353e-08
8	0	144275101	146364022	0.985728
8	1	2064390	146364022	0.0141045
8	2	22956	146364022	0.000156842
8	3	824	146364022	5.6298e-06
8	4	230	146364022	1.57142e-06
8	5	197	146364022	1.34596e-06
8	6	156	146364022	1.06584e-06
8	7	81	146364022	5.53415e-07
8	8	65	146364022	4.44098e-07
8	9	22	146364022	1.5031e-07
9	0	139927677	141213431	0.990895
9	1	1274116	141213431	0.00902263
9	2	11508	141213431	8.14937e-05
9	3	102	141213431	7.22311e-07
9	4	28	141213431	1.98281e-07
10	0	133930147	135534747	0.988161
10	1	1590864	135534747	0.0117377
10	2	13672	135534747	0.000100874
10	3	64	135534747	4.72204e-07
11	0	132926795	135006516	0.984595
11	1	2057902	135006516	0.015243
11	2	21387	135006516	0.000158415
11	3	404	135006516	2.99245e-06
11	4	28	135006516	2.07397e-07
12	0	132367798	133851895	0.988912
12	1	1471892	133851895	0.0109964
12	2	11954	133851895	8.93077e-05
12	3	201	133851895	1.50166e-06
12	4	3	133851895	2.24128e-08
12	5	47	133851895	3.51134e-07
13	0	114435185	115169878	0.993621
13	1	730623	115169878	0.00634387
13	2	3967	115169878	3.44448e-05
13	3	69	115169878	5.99115e-07
13	4	9	115169878	7.81454e-08
13	6	25	115169878	2.17071e-07
14	0	105647988	107349540	0.984149
14	1	1680284	107349540	0.0156525
14	2	20914	107349540	0.000194822
14	3	255	107349540	2.37542e-06
14	4	22	107349540	2.04938e-07
14	5	77	107349540	7.17283e-07
15	0	101897597	102531392	0.993819
15	1	630653	102531392	0.00615083
15	2	3029	102531392	2.95422e-05
15	3	113	102531392	1.1021e-06
16	0	89706696	90354753	0.992828
16	1	629163	90354753	0.00696325
16	2	8463	90354753	9.36641e-05
16	3	3387	90354753	3.74856e-05
16	4	2114	90354753	2.33967e-05
16	5	1315	90354753	1.45537e-05
16	6	889	90354753	9.839e-06
16	7	602	90354753	6.66263e-06
16	8	473	90354753	5.23492e-06
16	9	283	90354753	3.1321e-06
16	10	299	90354753	3.30918e-06
16	11	154	90354753	1.70439e-06
16	12	178	90354753	1.97001e-06
16	13	158	90354753	1.74866e-06
16	14	166	90354753	1.8372e-06
16	15	134	90354753	1.48304e-06
16	16	77	90354753	8.52196e-07
16	17	70	90354753	7.74724e-07
16	18	36	90354753	3.9843e-07
16	19	26	90354753	2.87755e-07
16	20	8	90354753	8.85399e-08
16	21	4	90354753	4.42699e-08
16	22	5	90354753	5.53374e-08
16	23	6	90354753	6.64049e-08
16	24	4	90354753	4.42699e-08
16	25	1	90354753	1.10675e-08
16	26	6	90354753	6.64049e-08
16	27	4	90354753	4.42699e-08
16	28	8	90354753	8.85399e-08
16	29	2	90354753	2.2135e-08
16	30	5	90354753	5.53374e-08
16	31	4	90354753	4.42699e-08
16	32	1	90354753	1.10675e-08
16	33	6	90354753	6.64049e-08
16	34	5	90354753	5.53374e-08
16	35	1	90354753	1.10675e-08
17	0	80278469	81195210	0.98871
17	1	908509	81195210	0.0111892
17	2	7848	81195210	9.6656e-05
17	3	343	81195210	4.22439e-06
17	4	39	81195210	4.80324e-07
17	5	2	81195210	2.4632e-08
18	0	77189144	78077248	0.988625
18	1	881183	78077248	0.011286
18	2	6846	78077248	8.76824e-05
18	3	75	78077248	9.60587e-07
19	0	58175292	59128983	0.983871
19	1	942252	59128983	0.0159355
19	2	11089	59128983	0.000187539
19	3	259	59128983	4.38025e-06
19	4	42	59128983	7.10312e-07
19	5	6	59128983	1.01473e-07
19	6	6	59128983	1.01473e-07
19	7	37	59128983	6.25751e-07
20	0	61989740	63025520	0.983566
20	1	1024454	63025520	0.0162546
20	2	11058	63025520	0.000175453
20	3	242	63025520	3.83971e-06
20	4	26	63025520	4.12531e-07
21	0	47849581	48129895	0.994176
21	1	278814	48129895	0.00579295
21	2	1464	48129895	3.04177e-05
21	3	36	48129895	7.47976e-07
22	0	50886011	51304566	0.991842
22	1	414360	51304566	0.00807647
22	2	4095	51304566	7.98175e-05
22	3	100	51304566	1.94914e-06
X	0	154131185	155270560	0.992662
X	1	1131641	155270560	0.00728819
X	2	7530	155270560	4.8496e-05
X	3	80	155270560	5.1523e-07
X	4	61	155270560	3.92863e-07
X	5	63	155270560	4.05743e-07
Y	0	59370317	59373566	0.999945
Y	1	3093	59373566	5.20939e-05
Y	2	106	59373566	1.78531e-06
Y	3	5	59373566	8.42126e-08
Y	4	45	59373566	7.57913e-07
genome	0	3057664640	3095677412	0.987721
genome	1	37609733	3095677412	0.0121491
genome	2	382136	3095677412	0.000123442
genome	3	10206	3095677412	3.29686e-06
genome	4	3225	3095677412	1.04178e-06
genome	5	2115	3095677412	6.83211e-07
genome	6	1280	3095677412	4.1348e-07
genome	7	897	3095677412	2.89759e-07
genome	8	707	3095677412	2.28383e-07
genome	9	416	3095677412	1.34381e-07
genome	10	383	3095677412	1.23721e-07
genome	11	239	3095677412	7.72044e-08
genome	12	248	3095677412	8.01117e-08
genome	13	226	3095677412	7.3005e-08
genome	14	223	3095677412	7.20359e-08
genome	15	196	3095677412	6.33141e-08
genome	16	125	3095677412	4.03789e-08
genome	17	104	3095677412	3.35952e-08
genome	18	46	3095677412	1.48594e-08
genome	19	27	3095677412	8.72184e-09
genome	20	11	3095677412	3.55334e-09
genome	21	7	3095677412	2.26122e-09
genome	22	8	3095677412	2.58425e-09
genome	23	8	3095677412	2.58425e-09
genome	24	4	3095677412	1.29212e-09
genome	25	3	3095677412	9.69093e-10
genome	26	10	3095677412	3.23031e-09
genome	27	8	3095677412	2.58425e-09
genome	28	13	3095677412	4.1994e-09
genome	29	32	3095677412	1.0337e-08
genome	30	7	3095677412	2.26122e-09
genome	31	4	3095677412	1.29212e-09
genome	32	2	3095677412	6.46062e-10
genome	33	12	3095677412	3.87637e-09
genome	34	10	3095677412	3.23031e-09
genome	35	7	3095677412	2.26122e-09
genome	36	5	3095677412	1.61516e-09
genome	37	10	3095677412	3.23031e-09
genome	38	6	3095677412	1.93819e-09
genome	39	10	3095677412	3.23031e-09
genome	40	1	3095677412	3.23031e-10
genome	45	1	3095677412	3.23031e-10
genome	47	1	3095677412	3.23031e-10
genome	54	2	3095677412	6.46062e-10
genome	55	1	3095677412	3.23031e-10
genome	57	1	3095677412	3.23031e-10
genome	61	1	3095677412	3.23031e-10
genome	64	1	3095677412	3.23031e-10
genome	67	1	3095677412	3.23031e-10
genome	68	1	3095677412	3.23031e-10
genome	71	1	3095677412	3.23031e-10
genome	72	1	3095677412	3.23031e-10
genome	73	1	3095677412	3.23031e-10
genome	74	1	3095677412	3.23031e-10
genome	77	1	3095677412	3.23031e-10
genome	78	1	3095677412	3.23031e-10
genome	81	1	3095677412	3.23031e-10
genome	84	1	3095677412	3.23031e-10
genome	88	1	3095677412	3.23031e-10
genome	90	1	3095677412	3.23031e-10
genome	91	2	3095677412	6.46062e-10
genome	98	1	3095677412	3.23031e-10
genome	100	1	3095677412	3.23031e-10
genome	105	1	3095677412	3.23031e-10
genome	107	1	3095677412	3.23031e-10
genome	110	1	3095677412	3.23031e-10
genome	111	1	3095677412	3.23031e-10
genome	113	1	3095677412	3.23031e-10
genome	117	1	3095677412	3.23031e-10
genome	119	1	3095677412	3.23031e-10
genome	121	1	3095677412	3.23031e-10
genome	132	1	3095677412	3.23031e-10
genome	138	1	3095677412	3.23031e-10
genome	139	1	3095677412	3.23031e-10
genome	140	1	3095677412	3.23031e-10
genome	141	7	3095677412	2.26122e-09
genome	142	6	3095677412	1.93819e-09
genome	143	9	3095677412	2.90728e-09
genome	144	2	3095677412	6.46062e-10
genome	145	2	3095677412	6.46062e-10
