1	0	244925023	249250621	0.982646
1	1	4265824	249250621	0.0171146
1	2	58427	249250621	0.000234411
1	3	1203	249250621	4.82647e-06
1	4	81	249250621	3.24974e-07
1	5	46	249250621	1.84553e-07
1	6	10	249250621	4.01203e-08
1	7	7	249250621	2.80842e-08
2	0	240180003	243199373	0.987585
2	1	2991227	243199373	0.0122995
2	2	27085	243199373	0.00011137
2	3	670	243199373	2.75494e-06
2	4	90	243199373	3.70067e-07
2	5	12	243199373	4.93422e-08
2	6	10	243199373	4.11185e-08
2	7	21	243199373	8.63489e-08
2	8	3	243199373	1.23356e-08
2	9	3	243199373	1.23356e-08
2	10	8	243199373	3.28948e-08
2	11	9	243199373	3.70067e-08
2	12	7	243199373	2.8783e-08
2	13	20	243199373	8.22371e-08
2	14	5	243199373	2.05593e-08
2	15	15	243199373	6.16778e-08
2	16	5	243199373	2.05593e-08
2	17	3	243199373	1.23356e-08
2	18	3	243199373	1.23356e-08
2	19	1	243199373	4.11185e-09
2	20	5	243199373	2.05593e-08
2	21	4	243199373	1.64474e-08
2	22	1	243199373	4.11185e-09
2	23	4	243199373	1.64474e-08
2	24	1	243199373	4.11185e-09
2	25	15	243199373	6.16778e-08
2	26	18	243199373	7.40134e-08
2	28	2	243199373	8.22371e-09
2	29	3	243199373	1.23356e-08
2	31	2	243199373	8.22371e-09
2	32	3	243199373	1.23356e-08
2	33	1	243199373	4.11185e-09
2	34	7	243199373	2.8783e-08
2	35	13	243199373	5.34541e-08
2	36	10	243199373	4.11185e-08
2	37	8	243199373	3.28948e-08
2	38	7	243199373	2.8783e-08
2	45	1	243199373	4.11185e-09
2	49	2	243199373	8.22371e-09
2	51	2	243199373	8.22371e-09
2	54	1	243199373	4.11185e-09
2	55	2	243199373	8.22371e-09
2	58	1	243199373	4.11185e-09
2	63	1	243199373	4.11185e-09
2	65	1	243199373	4.11185e-09
2	66	1	243199373	4.11185e-09
2	72	1	243199373	4.11185e-09
2	76	1	243199373	4.11185e-09
2	77	1	243199373	4.11185e-09
2	79	1	243199373	4.11185e-09
2	80	2	243199373	8.22371e-09
2	81	2	243199373	8.22371e-09
2	82	2	243199373	8.22371e-09
2	83	1	243199373	4.11185e-09
2	85	1	243199373	4.11185e-09
2	86	1	243199373	4.11185e-09
2	89	1	243199373	4.11185e-09
2	95	1	243199373	4.11185e-09
2	97	1	243199373	4.11185e-09
2	98	1	243199373	4.11185e-09
2	104	1	243199373	4.11185e-09
2	106	1	243199373	4.11185e-09
2	107	1	243199373	4.11185e-09
2	108	1	243199373	4.11185e-09
2	111	2	243199373	8.22371e-09
2	112	1	243199373	4.11185e-09
2	114	1	243199373	4.11185e-09
2	118	1	243199373	4.11185e-09
2	125	2	243199373	8.22371e-09
2	132	1	243199373	4.11185e-09
2	134	1	243199373	4.11185e-09
2	135	2	243199373	8.22371e-09
2	138	1	243199373	4.11185e-09
2	142	1	243199373	4.11185e-09
2	143	1	243199373	4.11185e-09
2	146	1	243199373	4.11185e-09
2	147	1	243199373	4.11185e-09
2	153	1	243199373	4.11185e-09
2	156	2	243199373	8.22371e-09
2	157	2	243199373	8.22371e-09
2	158	12	243199373	4.93422e-08
2	159	3	243199373	1.23356e-08
3	0	194710917	198022430	0.983277
3	1	3274238	198022430	0.0165347
3	2	36763	198022430	0.000185651
3	3	512	198022430	2.58557e-06
4	0	189336599	191154276	0.990491
4	1	1803621	191154276	0.00943542
4	2	13746	191154276	7.19105e-05
4	3	303	191154276	1.58511e-06
4	4	7	191154276	3.66196e-08
5	0	178115869	180915260	0.984527
5	1	2770064	180915260	0.0153114
5	2	28853	180915260	0.000159484
5	3	416	180915260	2.29942e-06
5	4	58	180915260	3.20592e-07
6	0	168893314	171115067	0.987016
6	1	2199178	171115067	0.012852
6	2	20021	171115067	0.000117003
6	3	632	171115067	3.69342e-06
6	4	288	171115067	1.68308e-06
6	5	217	171115067	1.26815e-06
6	6	226	171115067	1.32075e-06
6	7	138	171115067	8.06475e-07
6	8	96	171115067	5.61026e-07
6	9	135	171115067	7.88943e-07
6	10	120	171115067	7.01282e-07
6	11	97	171115067	5.6687e-07
6	12	63	171115067	3.68173e-07
6	13	67	171115067	3.91549e-07
6	14	72	171115067	4.20769e-07
6	15	51	171115067	2.98045e-07
6	16	54	171115067	3.15577e-07
6	17	19	171115067	1.11036e-07
6	18	20	171115067	1.1688e-07
6	19	14	171115067	8.18163e-08
6	20	45	171115067	2.62981e-07
6	21	13	171115067	7.59723e-08
6	22	16	171115067	9.35043e-08
6	23	19	171115067	1.11036e-07
6	24	35	171115067	2.04541e-07
6	25	15	171115067	8.76603e-08
6	26	3	171115067	1.75321e-08
6	27	12	171115067	7.01282e-08
6	28	7	171115067	4.09081e-08
6	29	6	171115067	3.50641e-08
6	30	4	171115067	2.33761e-08
6	31	3	171115067	1.75321e-08
6	32	2	171115067	1.1688e-08
6	33	5	171115067	2.92201e-08
6	34	5	171115067	2.92201e-08
6	35	10	171115067	5.84402e-08
6	36	6	171115067	3.50641e-08
6	37	4	171115067	2.33761e-08
6	38	6	171115067	3.50641e-08
6	39	6	171115067	3.50641e-08
6	40	5	171115067	2.92201e-08
6	41	3	171115067	1.75321e-08
6	42	4	171115067	2.33761e-08
6	43	4	171115067	2.33761e-08
6	44	3	171115067	1.75321e-08
6	45	4	171115067	2.33761e-08
7	0	156605366	159138663	0.984081
7	1	2506513	159138663	0.0157505
7	2	26110	159138663	0.000164071
7	3	498	159138663	3.12935e-06
7	4	67	159138663	4.21016e-07
7	5	26	159138663	1.6338e-07
7	6	20	159138663	1.25677e-07
7	7	49	159138663	3.07908e-07
7	8	14	159138663	8.79736e-08
8	0	144425870	146364022	0.986758
8	1	1915462	146364022	0.013087
8	2	20642	146364022	0.000141032
8	3	1319	146364022	9.01178e-06
8	4	324	146364022	2.21366e-06
8	5	163	146364022	1.11366e-06
8	6	135	146364022	9.22358e-07
8	7	72	146364022	4.91924e-07
8	8	18	146364022	1.22981e-07
8	9	7	146364022	4.7826e-08
8	10	2	146364022	1.36646e-08
8	11	1	146364022	6.83228e-09
8	12	7	146364022	4.7826e-08
9	0	140172605	141213431	0.992629
9	1	1032661	141213431	0.00731277
9	2	7906	141213431	5.59862e-05
9	3	209	141213431	1.48003e-06
9	5	50	141213431	3.54074e-07
10	0	133531770	135534747	0.985222
10	1	1982332	135534747	0.014626
10	2	20467	135534747	0.000151009
10	3	178	135534747	1.31332e-06
11	0	133232734	135006516	0.986862
11	1	1757966	135006516	0.0130213
11	2	15466	135006516	0.000114557
11	3	348	135006516	2.57765e-06
11	4	2	135006516	1.48141e-08
12	0	132748011	133851895	0.991753
12	1	1095957	133851895	0.00818783
12	2	7576	133851895	5.65999e-05
12	3	295	133851895	2.20393e-06
12	4	6	133851895	4.48257e-08
12	5	4	133851895	2.98838e-08
12	6	10	133851895	7.47094e-08
12	7	36	133851895	2.68954e-07
13	0	114543880	115169878	0.994565
13	1	622203	115169878	0.00540248
13	2	3650	115169878	3.16923e-05
13	3	43	115169878	3.73362e-07
13	4	70	115169878	6.07798e-07
13	5	4	115169878	3.47313e-08
13	6	28	115169878	2.43119e-07
14	0	105393816	107349540	0.981782
14	1	1926341	107349540	0.0179446
14	2	28543	107349540	0.000265888
14	3	780	107349540	7.26598e-06
14	4	10	107349540	9.31536e-08
14	8	1	107349540	9.31536e-09
14	11	3	107349540	2.79461e-08
14	12	46	107349540	4.28507e-07
15	0	101547661	102531392	0.990406
15	1	974561	102531392	0.009505
15	2	8920	102531392	8.69977e-05
15	3	150	102531392	1.46297e-06
15	4	51	102531392	4.97409e-07
15	5	49	102531392	4.77902e-07
16	0	89443921	90354753	0.989919
16	1	881697	90354753	0.00975817
16	2	13056	90354753	0.000144497
16	3	3780	90354753	4.18351e-05
16	4	2249	90354753	2.48908e-05
16	5	1833	90354753	2.02867e-05
16	6	1515	90354753	1.67672e-05
16	7	1176	90354753	1.30154e-05
16	8	1002	90354753	1.10896e-05
16	9	849	90354753	9.3963e-06
16	10	729	90354753	8.0682e-06
16	11	429	90354753	4.74795e-06
16	12	405	90354753	4.48233e-06
16	13	333	90354753	3.68547e-06
16	14	308	90354753	3.40879e-06
16	15	271	90354753	2.99929e-06
16	16	260	90354753	2.87755e-06
16	17	231	90354753	2.55659e-06
16	18	140	90354753	1.54945e-06
16	19	86	90354753	9.51804e-07
16	20	62	90354753	6.86184e-07
16	21	63	90354753	6.97252e-07
16	22	47	90354753	5.20172e-07
16	23	50	90354753	5.53374e-07
16	24	35	90354753	3.87362e-07
16	25	20	90354753	2.2135e-07
16	26	18	90354753	1.99215e-07
16	27	20	90354753	2.2135e-07
16	28	12	90354753	1.3281e-07
16	29	25	90354753	2.76687e-07
16	30	27	90354753	2.98822e-07
16	31	14	90354753	1.54945e-07
16	32	12	90354753	1.3281e-07
16	33	15	90354753	1.66012e-07
16	34	10	90354753	1.10675e-07
16	35	7	90354753	7.74724e-08
16	36	8	90354753	8.85399e-08
16	37	5	90354753	5.53374e-08
16	38	8	90354753	8.85399e-08
16	39	6	90354753	6.64049e-08
16	40	11	90354753	1.21742e-07
16	41	6	90354753	6.64049e-08
16	42	2	90354753	2.2135e-08
17	0	80141261	81195210	0.98702
17	1	1041076	81195210	0.0128219
17	2	12298	81195210	0.000151462
17	3	417	81195210	5.13577e-06
17	4	85	81195210	1.04686e-06
17	5	51	81195210	6.28116e-07
17	6	22	81195210	2.70952e-07
18	0	77134269	78077248	0.987923
18	1	935490	78077248	0.0119816
18	2	7407	78077248	9.48676e-05
18	3	82	78077248	1.05024e-06
19	0	58442982	59128983	0.988398
19	1	679356	59128983	0.0114894
19	2	6503	59128983	0.00010998
19	3	93	59128983	1.57283e-06
19	4	36	59128983	6.08838e-07
19	5	13	59128983	2.19858e-07
20	0	62271811	63025520	0.988041
20	1	747162	63025520	0.0118549
20	2	6453	63025520	0.000102387
20	3	94	63025520	1.49146e-06
21	0	47783027	48129895	0.992793
21	1	344265	48129895	0.00715283
21	2	2480	48129895	5.15272e-05
21	3	74	48129895	1.53751e-06
21	4	13	48129895	2.70102e-07
21	5	15	48129895	3.11657e-07
21	6	21	48129895	4.36319e-07
22	0	50973765	51304566	0.993552
22	1	328021	51304566	0.0063936
22	2	2711	51304566	5.28413e-05
22	3	69	51304566	1.34491e-06
X	0	153935001	155270560	0.991399
X	1	1324868	155270560	0.00853264
X	2	10031	155270560	6.46034e-05
X	3	442	155270560	2.84664e-06
X	4	178	155270560	1.14639e-06
X	5	13	155270560	8.37248e-08
X	6	22	155270560	1.41688e-07
X	7	5	155270560	3.22019e-08
Y	0	59367919	59373566	0.999905
Y	1	5494	59373566	9.25328e-05
Y	2	153	59373566	2.5769e-06
genome	0	3057857394	3095677412	0.987783
genome	1	37405577	3095677412	0.0120832
genome	2	385267	3095677412	0.000124453
genome	3	12607	3095677412	4.07245e-06
genome	4	3615	3095677412	1.16776e-06
genome	5	2496	3095677412	8.06286e-07
genome	6	2019	3095677412	6.522e-07
genome	7	1504	3095677412	4.85839e-07
genome	8	1134	3095677412	3.66317e-07
genome	9	994	3095677412	3.21093e-07
genome	10	859	3095677412	2.77484e-07
genome	11	539	3095677412	1.74114e-07
genome	12	528	3095677412	1.7056e-07
genome	13	420	3095677412	1.35673e-07
genome	14	385	3095677412	1.24367e-07
genome	15	337	3095677412	1.08861e-07
genome	16	319	3095677412	1.03047e-07
genome	17	253	3095677412	8.17269e-08
genome	18	163	3095677412	5.26541e-08
genome	19	101	3095677412	3.26261e-08
genome	20	112	3095677412	3.61795e-08
genome	21	80	3095677412	2.58425e-08
genome	22	64	3095677412	2.0674e-08
genome	23	73	3095677412	2.35813e-08
genome	24	71	3095677412	2.29352e-08
genome	25	50	3095677412	1.61516e-08
genome	26	39	3095677412	1.25982e-08
genome	27	32	3095677412	1.0337e-08
genome	28	21	3095677412	6.78365e-09
genome	29	34	3095677412	1.09831e-08
genome	30	31	3095677412	1.0014e-08
genome	31	19	3095677412	6.13759e-09
genome	32	17	3095677412	5.49153e-09
genome	33	21	3095677412	6.78365e-09
genome	34	22	3095677412	7.10668e-09
genome	35	30	3095677412	9.69093e-09
genome	36	24	3095677412	7.75275e-09
genome	37	17	3095677412	5.49153e-09
genome	38	21	3095677412	6.78365e-09
genome	39	12	3095677412	3.87637e-09
genome	40	16	3095677412	5.1685e-09
genome	41	9	3095677412	2.90728e-09
genome	42	6	3095677412	1.93819e-09
genome	43	4	3095677412	1.29212e-09
genome	44	3	3095677412	9.69093e-10
genome	45	5	3095677412	1.61516e-09
genome	49	2	3095677412	6.46062e-10
genome	51	2	3095677412	6.46062e-10
genome	54	1	3095677412	3.23031e-10
genome	55	2	3095677412	6.46062e-10
genome	58	1	3095677412	3.23031e-10
genome	63	1	3095677412	3.23031e-10
genome	65	1	3095677412	3.23031e-10
genome	66	1	3095677412	3.23031e-10
genome	72	1	3095677412	3.23031e-10
genome	76	1	3095677412	3.23031e-10
genome	77	1	3095677412	3.23031e-10
genome	79	1	3095677412	3.23031e-10
genome	80	2	3095677412	6.46062e-10
genome	81	2	3095677412	6.46062e-10
genome	82	2	3095677412	6.46062e-10
genome	83	1	3095677412	3.23031e-10
genome	85	1	3095677412	3.23031e-10
genome	86	1	3095677412	3.23031e-10
genome	89	1	3095677412	3.23031e-10
genome	95	1	3095677412	3.23031e-10
genome	97	1	3095677412	3.23031e-10
genome	98	1	3095677412	3.23031e-10
genome	104	1	3095677412	3.23031e-10
genome	106	1	3095677412	3.23031e-10
genome	107	1	3095677412	3.23031e-10
genome	108	1	3095677412	3.23031e-10
genome	111	2	3095677412	6.46062e-10
genome	112	1	3095677412	3.23031e-10
genome	114	1	3095677412	3.23031e-10
genome	118	1	3095677412	3.23031e-10
genome	125	2	3095677412	6.46062e-10
genome	132	1	3095677412	3.23031e-10
genome	134	1	3095677412	3.23031e-10
genome	135	2	3095677412	6.46062e-10
genome	138	1	3095677412	3.23031e-10
genome	142	1	3095677412	3.23031e-10
genome	143	1	3095677412	3.23031e-10
genome	146	1	3095677412	3.23031e-10
genome	147	1	3095677412	3.23031e-10
genome	153	1	3095677412	3.23031e-10
genome	156	2	3095677412	6.46062e-10
genome	157	2	3095677412	6.46062e-10
genome	158	12	3095677412	3.87637e-09
genome	159	3	3095677412	9.69093e-10
