1	0	244743053	249250621	0.981916
1	1	4439652	249250621	0.017812
1	2	66484	249250621	0.000266736
1	3	1197	249250621	4.8024e-06
1	4	136	249250621	5.45636e-07
1	5	17	249250621	6.82044e-08
1	6	2	249250621	8.02405e-09
1	7	2	249250621	8.02405e-09
1	8	2	249250621	8.02405e-09
1	9	7	249250621	2.80842e-08
1	10	15	249250621	6.01804e-08
1	11	4	249250621	1.60481e-08
1	12	4	249250621	1.60481e-08
1	13	16	249250621	6.41924e-08
1	14	8	249250621	3.20962e-08
1	16	4	249250621	1.60481e-08
1	17	4	249250621	1.60481e-08
1	18	10	249250621	4.01203e-08
1	19	1	249250621	4.01203e-09
1	20	1	249250621	4.01203e-09
1	21	2	249250621	8.02405e-09
2	0	240305450	243199373	0.988101
2	1	2869129	243199373	0.0117974
2	2	24118	243199373	9.91697e-05
2	3	299	243199373	1.22944e-06
2	4	14	243199373	5.75659e-08
2	5	11	243199373	4.52304e-08
2	6	4	243199373	1.64474e-08
2	7	32	243199373	1.31579e-07
2	8	50	243199373	2.05593e-07
2	9	6	243199373	2.46711e-08
2	10	6	243199373	2.46711e-08
2	11	4	243199373	1.64474e-08
2	12	7	243199373	2.8783e-08
2	13	16	243199373	6.57896e-08
2	14	12	243199373	4.93422e-08
2	15	15	243199373	6.16778e-08
2	16	5	243199373	2.05593e-08
2	17	6	243199373	2.46711e-08
2	18	1	243199373	4.11185e-09
2	19	6	243199373	2.46711e-08
2	20	2	243199373	8.22371e-09
2	21	2	243199373	8.22371e-09
2	23	3	243199373	1.23356e-08
2	24	2	243199373	8.22371e-09
2	25	3	243199373	1.23356e-08
2	26	1	243199373	4.11185e-09
2	27	1	243199373	4.11185e-09
2	29	3	243199373	1.23356e-08
2	30	2	243199373	8.22371e-09
2	31	1	243199373	4.11185e-09
2	32	2	243199373	8.22371e-09
2	33	1	243199373	4.11185e-09
2	35	2	243199373	8.22371e-09
2	37	4	243199373	1.64474e-08
2	38	3	243199373	1.23356e-08
2	39	2	243199373	8.22371e-09
2	40	7	243199373	2.8783e-08
2	41	4	243199373	1.64474e-08
2	42	4	243199373	1.64474e-08
2	43	4	243199373	1.64474e-08
2	44	23	243199373	9.45726e-08
2	45	8	243199373	3.28948e-08
2	46	2	243199373	8.22371e-09
2	47	2	243199373	8.22371e-09
2	48	8	243199373	3.28948e-08
2	49	7	243199373	2.8783e-08
2	50	13	243199373	5.34541e-08
2	51	2	243199373	8.22371e-09
2	53	1	243199373	4.11185e-09
2	56	1	243199373	4.11185e-09
2	57	1	243199373	4.11185e-09
2	61	1	243199373	4.11185e-09
2	69	1	243199373	4.11185e-09
2	75	1	243199373	4.11185e-09
2	77	2	243199373	8.22371e-09
2	80	1	243199373	4.11185e-09
2	81	1	243199373	4.11185e-09
2	83	1	243199373	4.11185e-09
2	85	1	243199373	4.11185e-09
2	87	2	243199373	8.22371e-09
2	92	2	243199373	8.22371e-09
2	94	1	243199373	4.11185e-09
2	96	1	243199373	4.11185e-09
2	98	1	243199373	4.11185e-09
2	99	1	243199373	4.11185e-09
2	102	2	243199373	8.22371e-09
2	104	1	243199373	4.11185e-09
2	110	1	243199373	4.11185e-09
2	118	1	243199373	4.11185e-09
2	122	1	243199373	4.11185e-09
2	123	1	243199373	4.11185e-09
2	126	1	243199373	4.11185e-09
2	130	1	243199373	4.11185e-09
2	132	1	243199373	4.11185e-09
2	137	1	243199373	4.11185e-09
2	139	1	243199373	4.11185e-09
2	140	1	243199373	4.11185e-09
2	147	1	243199373	4.11185e-09
2	150	1	243199373	4.11185e-09
2	158	1	243199373	4.11185e-09
2	160	1	243199373	4.11185e-09
2	164	1	243199373	4.11185e-09
2	165	1	243199373	4.11185e-09
2	168	1	243199373	4.11185e-09
2	169	1	243199373	4.11185e-09
2	172	2	243199373	8.22371e-09
2	173	2	243199373	8.22371e-09
2	174	4	243199373	1.64474e-08
2	175	4	243199373	1.64474e-08
2	176	9	243199373	3.70067e-08
2	177	2	243199373	8.22371e-09
3	0	194548819	198022430	0.982458
3	1	3434357	198022430	0.0173433
3	2	38869	198022430	0.000196286
3	3	385	198022430	1.94422e-06
4	0	188865680	191154276	0.988028
4	1	2270044	191154276	0.0118755
4	2	18350	191154276	9.59958e-05
4	3	202	191154276	1.05674e-06
5	0	178982162	180915260	0.989315
5	1	1916394	180915260	0.0105928
5	2	16306	180915260	9.01306e-05
5	3	398	180915260	2.19992e-06
6	0	169064814	171115067	0.988018
6	1	2030327	171115067	0.0118653
6	2	18158	171115067	0.000106116
6	3	466	171115067	2.72331e-06
6	4	342	171115067	1.99866e-06
6	5	158	171115067	9.23355e-07
6	6	199	171115067	1.16296e-06
6	7	158	171115067	9.23355e-07
6	8	123	171115067	7.18815e-07
6	9	66	171115067	3.85705e-07
6	10	45	171115067	2.62981e-07
6	11	40	171115067	2.33761e-07
6	12	12	171115067	7.01282e-08
6	13	17	171115067	9.93483e-08
6	14	13	171115067	7.59723e-08
6	15	27	171115067	1.57789e-07
6	16	17	171115067	9.93483e-08
6	17	22	171115067	1.28568e-07
6	18	21	171115067	1.22724e-07
6	19	17	171115067	9.93483e-08
6	20	8	171115067	4.67522e-08
6	21	5	171115067	2.92201e-08
6	22	7	171115067	4.09081e-08
6	23	5	171115067	2.92201e-08
7	0	156617620	159138663	0.984158
7	1	2492472	159138663	0.0156623
7	2	27561	159138663	0.000173189
7	3	807	159138663	5.07105e-06
7	4	84	159138663	5.27842e-07
7	5	86	159138663	5.40409e-07
7	6	13	159138663	8.16898e-08
7	7	19	159138663	1.19393e-07
7	8	1	159138663	6.28383e-09
8	0	144149140	146364022	0.984867
8	1	2189415	146364022	0.0149587
8	2	23333	146364022	0.000159418
8	3	1184	146364022	8.08942e-06
8	4	481	146364022	3.28633e-06
8	5	220	146364022	1.5031e-06
8	6	95	146364022	6.49067e-07
8	7	59	146364022	4.03105e-07
8	8	53	146364022	3.62111e-07
8	9	34	146364022	2.32298e-07
8	10	8	146364022	5.46582e-08
9	0	139926688	141213431	0.990888
9	1	1274839	141213431	0.00902775
9	2	11501	141213431	8.14441e-05
9	3	403	141213431	2.85384e-06
10	0	134030079	135534747	0.988898
10	1	1492301	135534747	0.0110105
10	2	12052	135534747	8.89218e-05
10	3	315	135534747	2.32413e-06
11	0	133167733	135006516	0.98638
11	1	1820644	135006516	0.0134856
11	2	17556	135006516	0.000130038
11	3	488	135006516	3.61464e-06
11	4	95	135006516	7.0367e-07
12	0	132577750	133851895	0.990481
12	1	1263663	133851895	0.00944076
12	2	10111	133851895	7.55387e-05
12	3	314	133851895	2.34588e-06
12	4	7	133851895	5.22966e-08
12	10	1	133851895	7.47094e-09
12	11	3	133851895	2.24128e-08
12	12	46	133851895	3.43663e-07
13	0	114396820	115169878	0.993288
13	1	767716	115169878	0.00666594
13	2	5242	115169878	4.55154e-05
13	3	100	115169878	8.68283e-07
14	0	105488246	107349540	0.982661
14	1	1837256	107349540	0.0171147
14	2	23624	107349540	0.000220066
14	3	357	107349540	3.32558e-06
14	4	10	107349540	9.31536e-08
14	5	47	107349540	4.37822e-07
15	0	101876141	102531392	0.993609
15	1	651271	102531392	0.00635192
15	2	3961	102531392	3.86321e-05
15	3	19	102531392	1.85309e-07
16	0	89521968	90354753	0.990783
16	1	807709	90354753	0.00893931
16	2	11363	90354753	0.00012576
16	3	3543	90354753	3.92121e-05
16	4	2587	90354753	2.86316e-05
16	5	1886	90354753	2.08733e-05
16	6	1220	90354753	1.35023e-05
16	7	935	90354753	1.03481e-05
16	8	648	90354753	7.17173e-06
16	9	433	90354753	4.79222e-06
16	10	416	90354753	4.60407e-06
16	11	270	90354753	2.98822e-06
16	12	300	90354753	3.32025e-06
16	13	251	90354753	2.77794e-06
16	14	194	90354753	2.14709e-06
16	15	167	90354753	1.84827e-06
16	16	178	90354753	1.97001e-06
16	17	110	90354753	1.21742e-06
16	18	92	90354753	1.01821e-06
16	19	108	90354753	1.19529e-06
16	20	88	90354753	9.73939e-07
16	21	83	90354753	9.18601e-07
16	22	43	90354753	4.75902e-07
16	23	66	90354753	7.30454e-07
16	24	30	90354753	3.32025e-07
16	25	30	90354753	3.32025e-07
16	26	17	90354753	1.88147e-07
16	27	11	90354753	1.21742e-07
16	28	7	90354753	7.74724e-08
17	0	80249590	81195210	0.988354
17	1	935455	81195210	0.0115211
17	2	9853	81195210	0.00012135
17	3	259	81195210	3.18984e-06
17	4	53	81195210	6.52748e-07
18	0	77113382	78077248	0.987655
18	1	955582	78077248	0.0122389
18	2	8234	78077248	0.00010546
18	3	50	78077248	6.40391e-07
19	0	58120268	59128983	0.98294
19	1	996252	59128983	0.0168488
19	2	12284	59128983	0.000207749
19	3	128	59128983	2.16476e-06
19	4	2	59128983	3.38244e-08
19	5	6	59128983	1.01473e-07
19	6	43	59128983	7.27224e-07
20	0	61994614	63025520	0.983643
20	1	1019715	63025520	0.0161794
20	2	11034	63025520	0.000175072
20	3	111	63025520	1.76119e-06
20	4	46	63025520	7.29863e-07
21	0	47696442	48129895	0.990994
21	1	429628	48129895	0.00892643
21	2	3703	48129895	7.69376e-05
21	3	72	48129895	1.49595e-06
21	5	50	48129895	1.03886e-06
22	0	50888477	51304566	0.99189
22	1	412934	51304566	0.00804868
22	2	3016	51304566	5.87862e-05
22	3	122	51304566	2.37796e-06
22	4	17	51304566	3.31354e-07
X	0	153988025	155270560	0.99174
X	1	1272895	155270560	0.00819792
X	2	9095	155270560	5.85752e-05
X	3	364	155270560	2.3443e-06
X	4	124	155270560	7.98606e-07
X	5	15	155270560	9.66056e-08
X	6	42	155270560	2.70496e-07
Y	0	59369738	59373566	0.999935
Y	1	3556	59373566	5.9892e-05
Y	2	272	59373566	4.58116e-06
genome	0	3057682699	3095677412	0.987727
genome	1	37583206	3095677412	0.0121405
genome	2	386080	3095677412	0.000124716
genome	3	11583	3095677412	3.74167e-06
genome	4	3998	3095677412	1.29148e-06
genome	5	2496	3095677412	8.06286e-07
genome	6	1618	3095677412	5.22664e-07
genome	7	1205	3095677412	3.89252e-07
genome	8	877	3095677412	2.83298e-07
genome	9	546	3095677412	1.76375e-07
genome	10	491	3095677412	1.58608e-07
genome	11	321	3095677412	1.03693e-07
genome	12	369	3095677412	1.19198e-07
genome	13	300	3095677412	9.69093e-08
genome	14	227	3095677412	7.33281e-08
genome	15	209	3095677412	6.75135e-08
genome	16	204	3095677412	6.58983e-08
genome	17	142	3095677412	4.58704e-08
genome	18	124	3095677412	4.00559e-08
genome	19	132	3095677412	4.26401e-08
genome	20	99	3095677412	3.19801e-08
genome	21	92	3095677412	2.97189e-08
genome	22	50	3095677412	1.61516e-08
genome	23	74	3095677412	2.39043e-08
genome	24	32	3095677412	1.0337e-08
genome	25	33	3095677412	1.066e-08
genome	26	18	3095677412	5.81456e-09
genome	27	12	3095677412	3.87637e-09
genome	28	7	3095677412	2.26122e-09
genome	29	3	3095677412	9.69093e-10
genome	30	2	3095677412	6.46062e-10
genome	31	1	3095677412	3.23031e-10
genome	32	2	3095677412	6.46062e-10
genome	33	1	3095677412	3.23031e-10
genome	35	2	3095677412	6.46062e-10
genome	37	4	3095677412	1.29212e-09
genome	38	3	3095677412	9.69093e-10
genome	39	2	3095677412	6.46062e-10
genome	40	7	3095677412	2.26122e-09
genome	41	4	3095677412	1.29212e-09
genome	42	4	3095677412	1.29212e-09
genome	43	4	3095677412	1.29212e-09
genome	44	23	3095677412	7.42971e-09
genome	45	8	3095677412	2.58425e-09
genome	46	2	3095677412	6.46062e-10
genome	47	2	3095677412	6.46062e-10
genome	48	8	3095677412	2.58425e-09
genome	49	7	3095677412	2.26122e-09
genome	50	13	3095677412	4.1994e-09
genome	51	2	3095677412	6.46062e-10
genome	53	1	3095677412	3.23031e-10
genome	56	1	3095677412	3.23031e-10
genome	57	1	3095677412	3.23031e-10
genome	61	1	3095677412	3.23031e-10
genome	69	1	3095677412	3.23031e-10
genome	75	1	3095677412	3.23031e-10
genome	77	2	3095677412	6.46062e-10
genome	80	1	3095677412	3.23031e-10
genome	81	1	3095677412	3.23031e-10
genome	83	1	3095677412	3.23031e-10
genome	85	1	3095677412	3.23031e-10
genome	87	2	3095677412	6.46062e-10
genome	92	2	3095677412	6.46062e-10
genome	94	1	3095677412	3.23031e-10
genome	96	1	3095677412	3.23031e-10
genome	98	1	3095677412	3.23031e-10
genome	99	1	3095677412	3.23031e-10
genome	102	2	3095677412	6.46062e-10
genome	104	1	3095677412	3.23031e-10
genome	110	1	3095677412	3.23031e-10
genome	118	1	3095677412	3.23031e-10
genome	122	1	3095677412	3.23031e-10
genome	123	1	3095677412	3.23031e-10
genome	126	1	3095677412	3.23031e-10
genome	130	1	3095677412	3.23031e-10
genome	132	1	3095677412	3.23031e-10
genome	137	1	3095677412	3.23031e-10
genome	139	1	3095677412	3.23031e-10
genome	140	1	3095677412	3.23031e-10
genome	147	1	3095677412	3.23031e-10
genome	150	1	3095677412	3.23031e-10
genome	158	1	3095677412	3.23031e-10
genome	160	1	3095677412	3.23031e-10
genome	164	1	3095677412	3.23031e-10
genome	165	1	3095677412	3.23031e-10
genome	168	1	3095677412	3.23031e-10
genome	169	1	3095677412	3.23031e-10
genome	172	2	3095677412	6.46062e-10
genome	173	2	3095677412	6.46062e-10
genome	174	4	3095677412	1.29212e-09
genome	175	4	3095677412	1.29212e-09
genome	176	9	3095677412	2.90728e-09
genome	177	2	3095677412	6.46062e-10
