1	0	244921382	249250621	0.982631
1	1	4272029	249250621	0.0171395
1	2	55923	249250621	0.000224365
1	3	1130	249250621	4.53359e-06
1	4	81	249250621	3.24974e-07
1	5	28	249250621	1.12337e-07
1	6	21	249250621	8.42525e-08
1	7	21	249250621	8.42525e-08
1	8	6	249250621	2.40722e-08
2	0	239863203	243199373	0.986282
2	1	3305788	243199373	0.0135929
2	2	29712	243199373	0.000122171
2	3	308	243199373	1.26645e-06
2	4	76	243199373	3.12501e-07
2	5	10	243199373	4.11185e-08
2	6	22	243199373	9.04608e-08
2	7	6	243199373	2.46711e-08
2	8	4	243199373	1.64474e-08
2	9	17	243199373	6.99015e-08
2	10	3	243199373	1.23356e-08
2	11	5	243199373	2.05593e-08
2	12	17	243199373	6.99015e-08
2	13	13	243199373	5.34541e-08
2	14	7	243199373	2.8783e-08
2	15	5	243199373	2.05593e-08
2	16	6	243199373	2.46711e-08
2	18	2	243199373	8.22371e-09
2	20	4	243199373	1.64474e-08
2	21	2	243199373	8.22371e-09
2	22	2	243199373	8.22371e-09
2	23	1	243199373	4.11185e-09
2	24	2	243199373	8.22371e-09
2	25	2	243199373	8.22371e-09
2	26	1	243199373	4.11185e-09
2	27	2	243199373	8.22371e-09
2	28	2	243199373	8.22371e-09
2	29	1	243199373	4.11185e-09
2	30	3	243199373	1.23356e-08
2	31	29	243199373	1.19244e-07
2	34	1	243199373	4.11185e-09
2	36	1	243199373	4.11185e-09
2	37	1	243199373	4.11185e-09
2	38	1	243199373	4.11185e-09
2	40	3	243199373	1.23356e-08
2	41	7	243199373	2.8783e-08
2	42	6	243199373	2.46711e-08
2	43	21	243199373	8.63489e-08
2	44	5	243199373	2.05593e-08
2	45	9	243199373	3.70067e-08
2	47	2	243199373	8.22371e-09
2	52	1	243199373	4.11185e-09
2	53	1	243199373	4.11185e-09
2	60	1	243199373	4.11185e-09
2	64	1	243199373	4.11185e-09
2	66	1	243199373	4.11185e-09
2	67	1	243199373	4.11185e-09
2	69	1	243199373	4.11185e-09
2	71	1	243199373	4.11185e-09
2	72	1	243199373	4.11185e-09
2	73	2	243199373	8.22371e-09
2	77	2	243199373	8.22371e-09
2	78	1	243199373	4.11185e-09
2	79	1	243199373	4.11185e-09
2	81	1	243199373	4.11185e-09
2	83	1	243199373	4.11185e-09
2	84	1	243199373	4.11185e-09
2	86	1	243199373	4.11185e-09
2	90	1	243199373	4.11185e-09
2	97	1	243199373	4.11185e-09
2	98	1	243199373	4.11185e-09
2	103	1	243199373	4.11185e-09
2	105	1	243199373	4.11185e-09
2	109	1	243199373	4.11185e-09
2	110	1	243199373	4.11185e-09
2	112	1	243199373	4.11185e-09
2	114	1	243199373	4.11185e-09
2	116	1	243199373	4.11185e-09
2	120	1	243199373	4.11185e-09
2	124	1	243199373	4.11185e-09
2	126	1	243199373	4.11185e-09
2	136	1	243199373	4.11185e-09
2	138	1	243199373	4.11185e-09
2	141	1	243199373	4.11185e-09
2	143	1	243199373	4.11185e-09
2	144	3	243199373	1.23356e-08
2	145	2	243199373	8.22371e-09
2	146	1	243199373	4.11185e-09
2	147	11	243199373	4.52304e-08
2	148	3	243199373	1.23356e-08
2	149	5	243199373	2.05593e-08
3	0	194785309	198022430	0.983653
3	1	3204208	198022430	0.016181
3	2	32257	198022430	0.000162896
3	3	575	198022430	2.90371e-06
3	4	55	198022430	2.77746e-07
3	5	23	198022430	1.16148e-07
3	6	3	198022430	1.51498e-08
4	0	188413799	191154276	0.985664
4	1	2717337	191154276	0.0142154
4	2	22757	191154276	0.00011905
4	3	383	191154276	2.00362e-06
5	0	178189066	180915260	0.984931
5	1	2699917	180915260	0.0149237
5	2	25680	180915260	0.000141945
5	3	515	180915260	2.84664e-06
5	4	82	180915260	4.53251e-07
6	0	169199593	171115067	0.988806
6	1	1898838	171115067	0.0110968
6	2	14339	171115067	8.37974e-05
6	3	631	171115067	3.68758e-06
6	4	300	171115067	1.75321e-06
6	5	265	171115067	1.54867e-06
6	6	217	171115067	1.26815e-06
6	7	190	171115067	1.11036e-06
6	8	79	171115067	4.61678e-07
6	9	70	171115067	4.09081e-07
6	10	73	171115067	4.26613e-07
6	11	57	171115067	3.33109e-07
6	12	57	171115067	3.33109e-07
6	13	28	171115067	1.63633e-07
6	14	77	171115067	4.4999e-07
6	15	61	171115067	3.56485e-07
6	16	50	171115067	2.92201e-07
6	17	35	171115067	2.04541e-07
6	18	27	171115067	1.57789e-07
6	19	11	171115067	6.42842e-08
6	20	11	171115067	6.42842e-08
6	21	11	171115067	6.42842e-08
6	22	8	171115067	4.67522e-08
6	24	5	171115067	2.92201e-08
6	25	7	171115067	4.09081e-08
6	26	7	171115067	4.09081e-08
6	27	5	171115067	2.92201e-08
6	28	3	171115067	1.75321e-08
6	29	4	171115067	2.33761e-08
6	30	3	171115067	1.75321e-08
6	31	5	171115067	2.92201e-08
7	0	156899989	159138663	0.985933
7	1	2215474	159138663	0.0139217
7	2	22445	159138663	0.000141041
7	3	537	159138663	3.37442e-06
7	4	107	159138663	6.7237e-07
7	5	57	159138663	3.58178e-07
7	6	8	159138663	5.02706e-08
7	7	20	159138663	1.25677e-07
7	8	14	159138663	8.79736e-08
7	9	8	159138663	5.02706e-08
7	10	4	159138663	2.51353e-08
8	0	144313401	146364022	0.98599
8	1	2028100	146364022	0.0138565
8	2	20869	146364022	0.000142583
8	3	758	146364022	5.17887e-06
8	4	398	146364022	2.71925e-06
8	5	164	146364022	1.12049e-06
8	6	108	146364022	7.37886e-07
8	7	123	146364022	8.4037e-07
8	8	57	146364022	3.8944e-07
8	9	29	146364022	1.98136e-07
8	10	15	146364022	1.02484e-07
9	0	140157270	141213431	0.992521
9	1	1048728	141213431	0.00742655
9	2	7277	141213431	5.15319e-05
9	3	106	141213431	7.50637e-07
9	6	50	141213431	3.54074e-07
10	0	133604053	135534747	0.985755
10	1	1912843	135534747	0.0141133
10	2	17496	135534747	0.000129089
10	3	305	135534747	2.25035e-06
10	4	50	135534747	3.68909e-07
11	0	133118358	135006516	0.986014
11	1	1870615	135006516	0.0138557
11	2	17260	135006516	0.000127846
11	3	267	135006516	1.97768e-06
11	4	16	135006516	1.18513e-07
12	0	132474167	133851895	0.989707
12	1	1368175	133851895	0.0102216
12	2	9466	133851895	7.072e-05
12	3	37	133851895	2.76425e-07
12	5	4	133851895	2.98838e-08
12	6	3	133851895	2.24128e-08
12	8	43	133851895	3.21251e-07
13	0	114485029	115169878	0.994054
13	1	681241	115169878	0.0059151
13	2	3515	115169878	3.05201e-05
13	3	93	115169878	8.07503e-07
14	0	105728205	107349540	0.984897
14	1	1603112	107349540	0.0149336
14	2	17947	107349540	0.000167183
14	3	204	107349540	1.90033e-06
14	4	23	107349540	2.14253e-07
14	5	4	107349540	3.72615e-08
14	6	45	107349540	4.19191e-07
15	0	101674648	102531392	0.991644
15	1	850001	102531392	0.00829015
15	2	6680	102531392	6.51508e-05
15	3	63	102531392	6.14446e-07
16	0	89569952	90354753	0.991314
16	1	762216	90354753	0.00843582
16	2	11186	90354753	0.000123801
16	3	3085	90354753	3.41432e-05
16	4	2404	90354753	2.66062e-05
16	5	1534	90354753	1.69775e-05
16	6	1064	90354753	1.17758e-05
16	7	771	90354753	8.53303e-06
16	8	483	90354753	5.3456e-06
16	9	436	90354753	4.82542e-06
16	10	318	90354753	3.51946e-06
16	11	275	90354753	3.04356e-06
16	12	230	90354753	2.54552e-06
16	13	228	90354753	2.52339e-06
16	14	144	90354753	1.59372e-06
16	15	92	90354753	1.01821e-06
16	16	74	90354753	8.18994e-07
16	17	49	90354753	5.42307e-07
16	18	61	90354753	6.75117e-07
16	19	30	90354753	3.32025e-07
16	20	44	90354753	4.86969e-07
16	21	30	90354753	3.32025e-07
16	22	17	90354753	1.88147e-07
16	23	18	90354753	1.99215e-07
16	24	9	90354753	9.96074e-08
16	26	3	90354753	3.32025e-08
17	0	80371119	81195210	0.989851
17	1	817740	81195210	0.0100713
17	2	6204	81195210	7.64084e-05
17	3	136	81195210	1.67498e-06
17	4	11	81195210	1.35476e-07
18	0	76929455	78077248	0.985299
18	1	1135720	78077248	0.0145461
18	2	11892	78077248	0.000152311
18	3	178	78077248	2.27979e-06
18	4	3	78077248	3.84235e-08
19	0	58278213	59128983	0.985612
19	1	840830	59128983	0.0142203
19	2	9800	59128983	0.000165739
19	3	140	59128983	2.36771e-06
20	0	62253807	63025520	0.987756
20	1	765084	63025520	0.0121393
20	2	6471	63025520	0.000102673
20	3	108	63025520	1.71359e-06
20	4	50	63025520	7.93329e-07
21	0	47749876	48129895	0.992104
21	1	376482	48129895	0.00782221
21	2	3393	48129895	7.04967e-05
21	3	144	48129895	2.9919e-06
22	0	50924638	51304566	0.992595
22	1	377356	51304566	0.00735521
22	2	2572	51304566	5.0132e-05
X	0	154313274	155270560	0.993835
X	1	951058	155270560	0.00612517
X	2	5939	155270560	3.82494e-05
X	3	147	155270560	9.46735e-07
X	4	87	155270560	5.60312e-07
X	5	5	155270560	3.22019e-08
X	6	50	155270560	3.22019e-07
Y	0	59368654	59373566	0.999917
Y	1	4715	59373566	7.94124e-05
Y	2	106	59373566	1.78531e-06
Y	3	91	59373566	1.53267e-06
genome	0	3057586460	3095677412	0.987695
genome	1	37707607	3095677412	0.0121807
genome	2	361186	3095677412	0.000116674
genome	3	9941	3095677412	3.21125e-06
genome	4	3743	3095677412	1.20911e-06
genome	5	2094	3095677412	6.76427e-07
genome	6	1591	3095677412	5.13942e-07
genome	7	1131	3095677412	3.65348e-07
genome	8	686	3095677412	2.21599e-07
genome	9	560	3095677412	1.80897e-07
genome	10	413	3095677412	1.33412e-07
genome	11	337	3095677412	1.08861e-07
genome	12	304	3095677412	9.82014e-08
genome	13	269	3095677412	8.68954e-08
genome	14	228	3095677412	7.36511e-08
genome	15	158	3095677412	5.10389e-08
genome	16	130	3095677412	4.1994e-08
genome	17	84	3095677412	2.71346e-08
genome	18	90	3095677412	2.90728e-08
genome	19	41	3095677412	1.32443e-08
genome	20	59	3095677412	1.90588e-08
genome	21	43	3095677412	1.38903e-08
genome	22	27	3095677412	8.72184e-09
genome	23	19	3095677412	6.13759e-09
genome	24	16	3095677412	5.1685e-09
genome	25	9	3095677412	2.90728e-09
genome	26	11	3095677412	3.55334e-09
genome	27	7	3095677412	2.26122e-09
genome	28	5	3095677412	1.61516e-09
genome	29	5	3095677412	1.61516e-09
genome	30	6	3095677412	1.93819e-09
genome	31	34	3095677412	1.09831e-08
genome	34	1	3095677412	3.23031e-10
genome	36	1	3095677412	3.23031e-10
genome	37	1	3095677412	3.23031e-10
genome	38	1	3095677412	3.23031e-10
genome	40	3	3095677412	9.69093e-10
genome	41	7	3095677412	2.26122e-09
genome	42	6	3095677412	1.93819e-09
genome	43	21	3095677412	6.78365e-09
genome	44	5	3095677412	1.61516e-09
genome	45	9	3095677412	2.90728e-09
genome	47	2	3095677412	6.46062e-10
genome	52	1	3095677412	3.23031e-10
genome	53	1	3095677412	3.23031e-10
genome	60	1	3095677412	3.23031e-10
genome	64	1	3095677412	3.23031e-10
genome	66	1	3095677412	3.23031e-10
genome	67	1	3095677412	3.23031e-10
genome	69	1	3095677412	3.23031e-10
genome	71	1	3095677412	3.23031e-10
genome	72	1	3095677412	3.23031e-10
genome	73	2	3095677412	6.46062e-10
genome	77	2	3095677412	6.46062e-10
genome	78	1	3095677412	3.23031e-10
genome	79	1	3095677412	3.23031e-10
genome	81	1	3095677412	3.23031e-10
genome	83	1	3095677412	3.23031e-10
genome	84	1	3095677412	3.23031e-10
genome	86	1	3095677412	3.23031e-10
genome	90	1	3095677412	3.23031e-10
genome	97	1	3095677412	3.23031e-10
genome	98	1	3095677412	3.23031e-10
genome	103	1	3095677412	3.23031e-10
genome	105	1	3095677412	3.23031e-10
genome	109	1	3095677412	3.23031e-10
genome	110	1	3095677412	3.23031e-10
genome	112	1	3095677412	3.23031e-10
genome	114	1	3095677412	3.23031e-10
genome	116	1	3095677412	3.23031e-10
genome	120	1	3095677412	3.23031e-10
genome	124	1	3095677412	3.23031e-10
genome	126	1	3095677412	3.23031e-10
genome	136	1	3095677412	3.23031e-10
genome	138	1	3095677412	3.23031e-10
genome	141	1	3095677412	3.23031e-10
genome	143	1	3095677412	3.23031e-10
genome	144	3	3095677412	9.69093e-10
genome	145	2	3095677412	6.46062e-10
genome	146	1	3095677412	3.23031e-10
genome	147	11	3095677412	3.55334e-09
genome	148	3	3095677412	9.69093e-10
genome	149	5	3095677412	1.61516e-09
