1	0	244921732	249250621	0.982632
1	1	4257025	249250621	0.0170793
1	2	70323	249250621	0.000282138
1	3	1450	249250621	5.81744e-06
1	4	52	249250621	2.08625e-07
1	5	13	249250621	5.21563e-08
1	6	26	249250621	1.04313e-07
2	0	239681776	243199373	0.985536
2	1	3476802	243199373	0.0142961
2	2	39517	243199373	0.000162488
2	3	882	243199373	3.62665e-06
2	4	62	243199373	2.54935e-07
2	5	58	243199373	2.38487e-07
2	6	5	243199373	2.05593e-08
2	7	6	243199373	2.46711e-08
2	8	5	243199373	2.05593e-08
2	9	11	243199373	4.52304e-08
2	10	24	243199373	9.86845e-08
2	11	28	243199373	1.15132e-07
2	12	1	243199373	4.11185e-09
2	13	3	243199373	1.23356e-08
2	14	6	243199373	2.46711e-08
2	15	4	243199373	1.64474e-08
2	16	8	243199373	3.28948e-08
2	17	4	243199373	1.64474e-08
2	18	3	243199373	1.23356e-08
2	19	2	243199373	8.22371e-09
2	21	1	243199373	4.11185e-09
2	22	1	243199373	4.11185e-09
2	23	3	243199373	1.23356e-08
2	24	2	243199373	8.22371e-09
2	25	2	243199373	8.22371e-09
2	26	3	243199373	1.23356e-08
2	27	5	243199373	2.05593e-08
2	28	29	243199373	1.19244e-07
2	29	2	243199373	8.22371e-09
2	35	3	243199373	1.23356e-08
2	38	3	243199373	1.23356e-08
2	39	6	243199373	2.46711e-08
2	40	6	243199373	2.46711e-08
2	41	1	243199373	4.11185e-09
2	42	8	243199373	3.28948e-08
2	43	8	243199373	3.28948e-08
2	44	6	243199373	2.46711e-08
2	45	3	243199373	1.23356e-08
2	46	1	243199373	4.11185e-09
2	47	2	243199373	8.22371e-09
2	48	8	243199373	3.28948e-08
2	49	1	243199373	4.11185e-09
2	52	1	243199373	4.11185e-09
2	55	2	243199373	8.22371e-09
2	63	1	243199373	4.11185e-09
2	67	2	243199373	8.22371e-09
2	68	1	243199373	4.11185e-09
2	69	1	243199373	4.11185e-09
2	72	1	243199373	4.11185e-09
2	73	2	243199373	8.22371e-09
2	78	2	243199373	8.22371e-09
2	83	2	243199373	8.22371e-09
2	85	1	243199373	4.11185e-09
2	88	2	243199373	8.22371e-09
2	90	2	243199373	8.22371e-09
2	94	1	243199373	4.11185e-09
2	101	1	243199373	4.11185e-09
2	102	1	243199373	4.11185e-09
2	105	1	243199373	4.11185e-09
2	112	1	243199373	4.11185e-09
2	115	1	243199373	4.11185e-09
2	117	1	243199373	4.11185e-09
2	118	1	243199373	4.11185e-09
2	121	1	243199373	4.11185e-09
2	122	1	243199373	4.11185e-09
2	128	2	243199373	8.22371e-09
2	133	1	243199373	4.11185e-09
2	138	1	243199373	4.11185e-09
2	139	1	243199373	4.11185e-09
2	141	1	243199373	4.11185e-09
2	143	1	243199373	4.11185e-09
2	145	1	243199373	4.11185e-09
2	146	2	243199373	8.22371e-09
2	147	2	243199373	8.22371e-09
2	148	1	243199373	4.11185e-09
2	149	1	243199373	4.11185e-09
2	150	1	243199373	4.11185e-09
2	152	7	243199373	2.8783e-08
2	153	7	243199373	2.8783e-08
2	154	3	243199373	1.23356e-08
3	0	194758628	198022430	0.983518
3	1	3222046	198022430	0.0162711
3	2	40956	198022430	0.000206825
3	3	758	198022430	3.82785e-06
3	4	42	198022430	2.12097e-07
4	0	189016344	191154276	0.988816
4	1	2115876	191154276	0.0110689
4	2	21546	191154276	0.000112715
4	3	458	191154276	2.39597e-06
4	4	52	191154276	2.72032e-07
5	0	178875151	180915260	0.988723
5	1	2020475	180915260	0.0111681
5	2	19308	180915260	0.000106724
5	3	295	180915260	1.6306e-06
5	4	31	180915260	1.71351e-07
6	0	169099872	171115067	0.988223
6	1	1992244	171115067	0.0116427
6	2	20937	171115067	0.000122356
6	3	717	171115067	4.19016e-06
6	4	337	171115067	1.96943e-06
6	5	180	171115067	1.05192e-06
6	6	159	171115067	9.29199e-07
6	7	136	171115067	7.94787e-07
6	8	115	171115067	6.72062e-07
6	9	74	171115067	4.32458e-07
6	10	130	171115067	7.59723e-07
6	11	91	171115067	5.31806e-07
6	12	44	171115067	2.57137e-07
6	13	23	171115067	1.34412e-07
6	14	7	171115067	4.09081e-08
6	15	1	171115067	5.84402e-09
7	0	156718321	159138663	0.984791
7	1	2389713	159138663	0.0150165
7	2	29804	159138663	0.000187283
7	3	691	159138663	4.34213e-06
7	4	55	159138663	3.45611e-07
7	5	14	159138663	8.79736e-08
7	6	13	159138663	8.16898e-08
7	7	11	159138663	6.91221e-08
7	8	19	159138663	1.19393e-07
7	9	11	159138663	6.91221e-08
7	10	11	159138663	6.91221e-08
8	0	144274595	146364022	0.985724
8	1	2062761	146364022	0.0140934
8	2	24675	146364022	0.000168587
8	3	1001	146364022	6.83911e-06
8	4	384	146364022	2.6236e-06
8	5	177	146364022	1.20931e-06
8	6	144	146364022	9.83848e-07
8	7	106	146364022	7.24222e-07
8	8	48	146364022	3.27949e-07
8	9	38	146364022	2.59627e-07
8	10	15	146364022	1.02484e-07
8	11	25	146364022	1.70807e-07
8	12	33	146364022	2.25465e-07
8	13	18	146364022	1.22981e-07
8	14	2	146364022	1.36646e-08
9	0	139923624	141213431	0.990866
9	1	1276829	141213431	0.00904184
9	2	12743	141213431	9.02393e-05
9	3	148	141213431	1.04806e-06
9	4	51	141213431	3.61155e-07
9	5	29	141213431	2.05363e-07
9	6	7	141213431	4.95704e-08
10	0	133926635	135534747	0.988135
10	1	1592333	135534747	0.0117485
10	2	15470	135534747	0.00011414
10	3	259	135534747	1.91095e-06
10	4	50	135534747	3.68909e-07
11	0	132918288	135006516	0.984532
11	1	2061648	135006516	0.0152707
11	2	26089	135006516	0.000193243
11	3	390	135006516	2.88875e-06
11	4	101	135006516	7.48112e-07
12	0	132384300	133851895	0.989036
12	1	1452746	133851895	0.0108534
12	2	14635	133851895	0.000109337
12	3	114	133851895	8.51688e-07
12	4	1	133851895	7.47094e-09
12	5	52	133851895	3.88489e-07
12	6	1	133851895	7.47094e-09
12	7	46	133851895	3.43663e-07
13	0	114392599	115169878	0.993251
13	1	770010	115169878	0.00668586
13	2	7026	115169878	6.10055e-05
13	3	121	115169878	1.05062e-06
13	4	85	115169878	7.3804e-07
13	5	37	115169878	3.21265e-07
14	0	105515775	107349540	0.982918
14	1	1805533	107349540	0.0168192
14	2	27654	107349540	0.000257607
14	3	481	107349540	4.48069e-06
14	4	69	107349540	6.4276e-07
14	5	28	107349540	2.6083e-07
15	0	101898023	102531392	0.993823
15	1	628103	102531392	0.00612596
15	2	5097	102531392	4.97116e-05
15	3	123	102531392	1.19963e-06
15	4	46	102531392	4.48643e-07
16	0	89527194	90354753	0.990841
16	1	803402	90354753	0.00889164
16	2	13113	90354753	0.000145128
16	3	3181	90354753	3.52057e-05
16	4	2208	90354753	2.4437e-05
16	5	1660	90354753	1.8372e-05
16	6	1130	90354753	1.25063e-05
16	7	676	90354753	7.48162e-06
16	8	574	90354753	6.35274e-06
16	9	398	90354753	4.40486e-06
16	10	317	90354753	3.50839e-06
16	11	250	90354753	2.76687e-06
16	12	200	90354753	2.2135e-06
16	13	119	90354753	1.31703e-06
16	14	114	90354753	1.26169e-06
16	15	79	90354753	8.74331e-07
16	16	42	90354753	4.64834e-07
16	17	34	90354753	3.76295e-07
16	18	9	90354753	9.96074e-08
16	19	3	90354753	3.32025e-08
16	20	13	90354753	1.43877e-07
16	21	6	90354753	6.64049e-08
16	22	15	90354753	1.66012e-07
16	23	9	90354753	9.96074e-08
16	24	5	90354753	5.53374e-08
16	25	1	90354753	1.10675e-08
16	26	1	90354753	1.10675e-08
17	0	80291216	81195210	0.988866
17	1	893855	81195210	0.0110087
17	2	9622	81195210	0.000118505
17	3	517	81195210	6.36737e-06
18	0	77182932	78077248	0.988546
18	1	884852	78077248	0.011333
18	2	9151	78077248	0.000117204
18	3	234	78077248	2.99703e-06
18	4	1	78077248	1.28078e-08
18	6	28	78077248	3.58619e-07
18	7	28	78077248	3.58619e-07
18	9	1	78077248	1.28078e-08
18	10	1	78077248	1.28078e-08
18	11	1	78077248	1.28078e-08
18	12	1	78077248	1.28078e-08
18	13	18	78077248	2.30541e-07
19	0	58158758	59128983	0.983591
19	1	957184	59128983	0.0161881
19	2	12606	59128983	0.000213195
19	3	390	59128983	6.59575e-06
19	4	41	59128983	6.93399e-07
19	5	4	59128983	6.76487e-08
20	0	62012827	63025520	0.983932
20	1	1000031	63025520	0.0158671
20	2	12417	63025520	0.000197015
20	3	245	63025520	3.88731e-06
21	0	47855160	48129895	0.994292
21	1	272424	48129895	0.00566018
21	2	2186	48129895	4.54188e-05
21	3	71	48129895	1.47517e-06
21	4	4	48129895	8.31084e-08
21	5	4	48129895	8.31084e-08
21	6	1	48129895	2.07771e-08
21	7	22	48129895	4.57096e-07
21	8	12	48129895	2.49325e-07
21	9	11	48129895	2.28548e-07
22	0	50882931	51304566	0.991782
22	1	417068	51304566	0.00812926
22	2	4438	51304566	8.6503e-05
22	3	110	51304566	2.14406e-06
22	4	19	51304566	3.70337e-07
X	0	154043651	155270560	0.992098
X	1	1215762	155270560	0.00782996
X	2	10813	155270560	6.96397e-05
X	3	274	155270560	1.76466e-06
X	4	60	155270560	3.86422e-07
Y	0	59369470	59373566	0.999931
Y	1	3842	59373566	6.47089e-05
Y	2	254	59373566	4.278e-06
genome	0	3057629802	3095677412	0.987709
genome	1	37572564	3095677412	0.0121371
genome	2	450380	3095677412	0.000145487
genome	3	12910	3095677412	4.17033e-06
genome	4	3751	3095677412	1.21169e-06
genome	5	2256	3095677412	7.28758e-07
genome	6	1514	3095677412	4.89069e-07
genome	7	1031	3095677412	3.33045e-07
genome	8	773	3095677412	2.49703e-07
genome	9	544	3095677412	1.75729e-07
genome	10	498	3095677412	1.60869e-07
genome	11	395	3095677412	1.27597e-07
genome	12	279	3095677412	9.01257e-08
genome	13	181	3095677412	5.84686e-08
genome	14	129	3095677412	4.1671e-08
genome	15	84	3095677412	2.71346e-08
genome	16	50	3095677412	1.61516e-08
genome	17	38	3095677412	1.22752e-08
genome	18	12	3095677412	3.87637e-09
genome	19	5	3095677412	1.61516e-09
genome	20	13	3095677412	4.1994e-09
genome	21	7	3095677412	2.26122e-09
genome	22	16	3095677412	5.1685e-09
genome	23	12	3095677412	3.87637e-09
genome	24	7	3095677412	2.26122e-09
genome	25	3	3095677412	9.69093e-10
genome	26	4	3095677412	1.29212e-09
genome	27	5	3095677412	1.61516e-09
genome	28	29	3095677412	9.3679e-09
genome	29	2	3095677412	6.46062e-10
genome	35	3	3095677412	9.69093e-10
genome	38	3	3095677412	9.69093e-10
genome	39	6	3095677412	1.93819e-09
genome	40	6	3095677412	1.93819e-09
genome	41	1	3095677412	3.23031e-10
genome	42	8	3095677412	2.58425e-09
genome	43	8	3095677412	2.58425e-09
genome	44	6	3095677412	1.93819e-09
genome	45	3	3095677412	9.69093e-10
genome	46	1	3095677412	3.23031e-10
genome	47	2	3095677412	6.46062e-10
genome	48	8	3095677412	2.58425e-09
genome	49	1	3095677412	3.23031e-10
genome	52	1	3095677412	3.23031e-10
genome	55	2	3095677412	6.46062e-10
genome	63	1	3095677412	3.23031e-10
genome	67	2	3095677412	6.46062e-10
genome	68	1	3095677412	3.23031e-10
genome	69	1	3095677412	3.23031e-10
genome	72	1	3095677412	3.23031e-10
genome	73	2	3095677412	6.46062e-10
genome	78	2	3095677412	6.46062e-10
genome	83	2	3095677412	6.46062e-10
genome	85	1	3095677412	3.23031e-10
genome	88	2	3095677412	6.46062e-10
genome	90	2	3095677412	6.46062e-10
genome	94	1	3095677412	3.23031e-10
genome	101	1	3095677412	3.23031e-10
genome	102	1	3095677412	3.23031e-10
genome	105	1	3095677412	3.23031e-10
genome	112	1	3095677412	3.23031e-10
genome	115	1	3095677412	3.23031e-10
genome	117	1	3095677412	3.23031e-10
genome	118	1	3095677412	3.23031e-10
genome	121	1	3095677412	3.23031e-10
genome	122	1	3095677412	3.23031e-10
genome	128	2	3095677412	6.46062e-10
genome	133	1	3095677412	3.23031e-10
genome	138	1	3095677412	3.23031e-10
genome	139	1	3095677412	3.23031e-10
genome	141	1	3095677412	3.23031e-10
genome	143	1	3095677412	3.23031e-10
genome	145	1	3095677412	3.23031e-10
genome	146	2	3095677412	6.46062e-10
genome	147	2	3095677412	6.46062e-10
genome	148	1	3095677412	3.23031e-10
genome	149	1	3095677412	3.23031e-10
genome	150	1	3095677412	3.23031e-10
genome	152	7	3095677412	2.26122e-09
genome	153	7	3095677412	2.26122e-09
genome	154	3	3095677412	9.69093e-10
