1	0	244931302	249250621	0.982671
1	1	4257385	249250621	0.0170807
1	2	60453	249250621	0.000242539
1	3	1245	249250621	4.99497e-06
1	4	180	249250621	7.22165e-07
1	5	2	249250621	8.02405e-09
1	6	4	249250621	1.60481e-08
1	7	4	249250621	1.60481e-08
1	8	2	249250621	8.02405e-09
1	9	16	249250621	6.41924e-08
1	10	3	249250621	1.20361e-08
1	12	23	249250621	9.22766e-08
1	13	2	249250621	8.02405e-09
2	0	239591314	243199373	0.985164
2	1	3568855	243199373	0.0146746
2	2	38008	243199373	0.000156283
2	3	818	243199373	3.3635e-06
2	4	35	243199373	1.43915e-07
2	5	15	243199373	6.16778e-08
2	6	6	243199373	2.46711e-08
2	7	15	243199373	6.16778e-08
2	8	12	243199373	4.93422e-08
2	9	59	243199373	2.42599e-07
2	10	17	243199373	6.99015e-08
2	11	4	243199373	1.64474e-08
2	12	18	243199373	7.40134e-08
2	13	15	243199373	6.16778e-08
2	14	7	243199373	2.8783e-08
2	15	4	243199373	1.64474e-08
2	16	2	243199373	8.22371e-09
2	17	1	243199373	4.11185e-09
2	18	3	243199373	1.23356e-08
2	19	1	243199373	4.11185e-09
2	20	1	243199373	4.11185e-09
2	21	3	243199373	1.23356e-08
2	23	1	243199373	4.11185e-09
2	24	1	243199373	4.11185e-09
2	25	3	243199373	1.23356e-08
2	26	1	243199373	4.11185e-09
2	27	3	243199373	1.23356e-08
2	28	1	243199373	4.11185e-09
2	29	5	243199373	2.05593e-08
2	30	2	243199373	8.22371e-09
2	31	3	243199373	1.23356e-08
2	32	2	243199373	8.22371e-09
2	33	7	243199373	2.8783e-08
2	34	33	243199373	1.35691e-07
2	35	22	243199373	9.04608e-08
2	36	11	243199373	4.52304e-08
2	38	5	243199373	2.05593e-08
2	39	1	243199373	4.11185e-09
2	45	1	243199373	4.11185e-09
2	46	1	243199373	4.11185e-09
2	49	1	243199373	4.11185e-09
2	50	1	243199373	4.11185e-09
2	51	1	243199373	4.11185e-09
2	53	1	243199373	4.11185e-09
2	56	1	243199373	4.11185e-09
2	58	1	243199373	4.11185e-09
2	59	1	243199373	4.11185e-09
2	61	1	243199373	4.11185e-09
2	62	1	243199373	4.11185e-09
2	64	1	243199373	4.11185e-09
2	67	1	243199373	4.11185e-09
2	69	1	243199373	4.11185e-09
2	70	1	243199373	4.11185e-09
2	71	1	243199373	4.11185e-09
2	74	1	243199373	4.11185e-09
2	75	1	243199373	4.11185e-09
2	81	1	243199373	4.11185e-09
2	86	1	243199373	4.11185e-09
2	87	1	243199373	4.11185e-09
2	93	1	243199373	4.11185e-09
2	94	1	243199373	4.11185e-09
2	101	1	243199373	4.11185e-09
2	104	1	243199373	4.11185e-09
2	107	2	243199373	8.22371e-09
2	109	1	243199373	4.11185e-09
2	110	2	243199373	8.22371e-09
2	115	1	243199373	4.11185e-09
2	116	7	243199373	2.8783e-08
2	117	8	243199373	3.28948e-08
2	118	1	243199373	4.11185e-09
2	119	3	243199373	1.23356e-08
2	120	9	243199373	3.70067e-08
3	0	194652410	198022430	0.982982
3	1	3330996	198022430	0.0168213
3	2	38518	198022430	0.000194513
3	3	506	198022430	2.55527e-06
4	0	188865111	191154276	0.988024
4	1	2268251	191154276	0.0118661
4	2	20612	191154276	0.000107829
4	3	283	191154276	1.48048e-06
4	4	19	191154276	9.93962e-08
5	0	178701977	180915260	0.987766
5	1	2193781	180915260	0.012126
5	2	19187	180915260	0.000106055
5	3	315	180915260	1.74115e-06
6	0	169100536	171115067	0.988227
6	1	1993486	171115067	0.01165
6	2	19030	171115067	0.000111212
6	3	663	171115067	3.87459e-06
6	4	253	171115067	1.47854e-06
6	5	235	171115067	1.37334e-06
6	6	153	171115067	8.94135e-07
6	7	134	171115067	7.83099e-07
6	8	126	171115067	7.36347e-07
6	9	95	171115067	5.55182e-07
6	10	77	171115067	4.4999e-07
6	11	79	171115067	4.61678e-07
6	12	53	171115067	3.09733e-07
6	13	37	171115067	2.16229e-07
6	14	28	171115067	1.63633e-07
6	15	35	171115067	2.04541e-07
6	16	24	171115067	1.40256e-07
6	17	12	171115067	7.01282e-08
6	18	11	171115067	6.42842e-08
7	0	156703038	159138663	0.984695
7	1	2408825	159138663	0.0151366
7	2	26149	159138663	0.000164316
7	3	417	159138663	2.62036e-06
7	4	48	159138663	3.01624e-07
7	5	24	159138663	1.50812e-07
7	6	48	159138663	3.01624e-07
7	7	54	159138663	3.39327e-07
7	8	13	159138663	8.16898e-08
7	9	10	159138663	6.28383e-08
7	10	13	159138663	8.16898e-08
7	11	14	159138663	8.79736e-08
7	12	10	159138663	6.28383e-08
8	0	144324001	146364022	0.986062
8	1	2016331	146364022	0.0137761
8	2	22133	146364022	0.000151219
8	3	917	146364022	6.2652e-06
8	4	356	146364022	2.43229e-06
8	5	145	146364022	9.90681e-07
8	6	120	146364022	8.19874e-07
8	7	19	146364022	1.29813e-07
9	0	139964717	141213431	0.991157
9	1	1239795	141213431	0.00877958
9	2	8702	141213431	6.1623e-05
9	3	217	141213431	1.53668e-06
10	0	133970068	135534747	0.988455
10	1	1550243	135534747	0.011438
10	2	14210	135534747	0.000104844
10	3	221	135534747	1.63058e-06
10	4	1	135534747	7.37818e-09
10	5	4	135534747	2.95127e-08
11	0	132937744	135006516	0.984677
11	1	2045434	135006516	0.0151506
11	2	22784	135006516	0.000168762
11	3	518	135006516	3.83685e-06
11	4	36	135006516	2.66654e-07
12	0	132382872	133851895	0.989025
12	1	1455511	133851895	0.010874
12	2	13150	133851895	9.82429e-05
12	3	236	133851895	1.76314e-06
12	4	12	133851895	8.96513e-08
12	5	28	133851895	2.09186e-07
12	6	12	133851895	8.96513e-08
12	7	10	133851895	7.47094e-08
12	8	11	133851895	8.21804e-08
12	9	5	133851895	3.73547e-08
12	10	2	133851895	1.49419e-08
12	11	4	133851895	2.98838e-08
12	12	42	133851895	3.1378e-07
13	0	114430091	115169878	0.993577
13	1	735388	115169878	0.00638525
13	2	4202	115169878	3.64852e-05
13	3	43	115169878	3.73362e-07
13	4	47	115169878	4.08093e-07
13	5	14	115169878	1.2156e-07
13	6	40	115169878	3.47313e-07
13	7	12	115169878	1.04194e-07
13	8	1	115169878	8.68283e-09
13	9	11	115169878	9.55111e-08
13	10	29	115169878	2.51802e-07
14	0	105564243	107349540	0.983369
14	1	1762559	107349540	0.0164189
14	2	22266	107349540	0.000207416
14	3	423	107349540	3.9404e-06
14	4	5	107349540	4.65768e-08
14	5	44	107349540	4.09876e-07
15	0	101913436	102531392	0.993973
15	1	613791	102531392	0.00598637
15	2	3933	102531392	3.8359e-05
15	3	185	102531392	1.80433e-06
15	4	47	102531392	4.58396e-07
16	0	89558808	90354753	0.991191
16	1	767944	90354753	0.00849921
16	2	12634	90354753	0.000139827
16	3	3536	90354753	3.91346e-05
16	4	2754	90354753	3.04799e-05
16	5	1992	90354753	2.20464e-05
16	6	1599	90354753	1.76969e-05
16	7	1111	90354753	1.2296e-05
16	8	949	90354753	1.0503e-05
16	9	630	90354753	6.97252e-06
16	10	585	90354753	6.47448e-06
16	11	438	90354753	4.84756e-06
16	12	326	90354753	3.608e-06
16	13	272	90354753	3.01036e-06
16	14	258	90354753	2.85541e-06
16	15	219	90354753	2.42378e-06
16	16	145	90354753	1.60479e-06
16	17	99	90354753	1.09568e-06
16	18	58	90354753	6.41914e-07
16	19	72	90354753	7.96859e-07
16	20	50	90354753	5.53374e-07
16	21	37	90354753	4.09497e-07
16	22	47	90354753	5.20172e-07
16	23	50	90354753	5.53374e-07
16	24	23	90354753	2.54552e-07
16	25	28	90354753	3.0989e-07
16	26	18	90354753	1.99215e-07
16	27	16	90354753	1.7708e-07
16	28	5	90354753	5.53374e-08
16	30	2	90354753	2.2135e-08
16	31	4	90354753	4.42699e-08
16	32	7	90354753	7.74724e-08
16	33	7	90354753	7.74724e-08
16	34	7	90354753	7.74724e-08
16	35	17	90354753	1.88147e-07
16	36	4	90354753	4.42699e-08
16	37	2	90354753	2.2135e-08
17	0	80369703	81195210	0.989833
17	1	817156	81195210	0.0100641
17	2	8021	81195210	9.87866e-05
17	3	265	81195210	3.26374e-06
17	4	36	81195210	4.43376e-07
17	5	11	81195210	1.35476e-07
17	6	18	81195210	2.21688e-07
18	0	77208675	78077248	0.988875
18	1	862020	78077248	0.0110406
18	2	6329	78077248	8.10607e-05
18	3	224	78077248	2.86895e-06
19	0	58296014	59128983	0.985913
19	1	822896	59128983	0.013917
19	2	9866	59128983	0.000166856
19	3	206	59128983	3.48391e-06
19	4	1	59128983	1.69122e-08
20	0	62076350	63025520	0.98494
20	1	938750	63025520	0.0148948
20	2	10310	63025520	0.000163585
20	3	110	63025520	1.74532e-06
21	0	47857357	48129895	0.994337
21	1	270347	48129895	0.00561703
21	2	2132	48129895	4.42968e-05
21	3	9	48129895	1.86994e-07
21	4	2	48129895	4.15542e-08
21	5	34	48129895	7.06422e-07
21	6	14	48129895	2.90879e-07
22	0	50924644	51304566	0.992595
22	1	376203	51304566	0.00733274
22	2	3660	51304566	7.13387e-05
22	3	59	51304566	1.15e-06
X	0	154067894	155270560	0.992254
X	1	1193775	155270560	0.00768835
X	2	8272	155270560	5.32747e-05
X	3	441	155270560	2.8402e-06
X	4	132	155270560	8.50129e-07
X	5	46	155270560	2.96257e-07
Y	0	59369612	59373566	0.999933
Y	1	3747	59373566	6.31089e-05
Y	2	168	59373566	2.82954e-06
Y	3	39	59373566	6.56858e-07
genome	0	3057761917	3095677412	0.987752
genome	1	37493469	3095677412	0.0121116
genome	2	394729	3095677412	0.00012751
genome	3	11896	3095677412	3.84278e-06
genome	4	3964	3095677412	1.2805e-06
genome	5	2594	3095677412	8.37943e-07
genome	6	2014	3095677412	6.50585e-07
genome	7	1359	3095677412	4.38999e-07
genome	8	1114	3095677412	3.59857e-07
genome	9	826	3095677412	2.66824e-07
genome	10	726	3095677412	2.34521e-07
genome	11	539	3095677412	1.74114e-07
genome	12	472	3095677412	1.52471e-07
genome	13	326	3095677412	1.05308e-07
genome	14	293	3095677412	9.46481e-08
genome	15	258	3095677412	8.3342e-08
genome	16	171	3095677412	5.52383e-08
genome	17	112	3095677412	3.61795e-08
genome	18	72	3095677412	2.32582e-08
genome	19	73	3095677412	2.35813e-08
genome	20	51	3095677412	1.64746e-08
genome	21	40	3095677412	1.29212e-08
genome	22	47	3095677412	1.51825e-08
genome	23	51	3095677412	1.64746e-08
genome	24	24	3095677412	7.75275e-09
genome	25	31	3095677412	1.0014e-08
genome	26	19	3095677412	6.13759e-09
genome	27	19	3095677412	6.13759e-09
genome	28	6	3095677412	1.93819e-09
genome	29	5	3095677412	1.61516e-09
genome	30	4	3095677412	1.29212e-09
genome	31	7	3095677412	2.26122e-09
genome	32	9	3095677412	2.90728e-09
genome	33	14	3095677412	4.52243e-09
genome	34	40	3095677412	1.29212e-08
genome	35	39	3095677412	1.25982e-08
genome	36	15	3095677412	4.84547e-09
genome	37	2	3095677412	6.46062e-10
genome	38	5	3095677412	1.61516e-09
genome	39	1	3095677412	3.23031e-10
genome	45	1	3095677412	3.23031e-10
genome	46	1	3095677412	3.23031e-10
genome	49	1	3095677412	3.23031e-10
genome	50	1	3095677412	3.23031e-10
genome	51	1	3095677412	3.23031e-10
genome	53	1	3095677412	3.23031e-10
genome	56	1	3095677412	3.23031e-10
genome	58	1	3095677412	3.23031e-10
genome	59	1	3095677412	3.23031e-10
genome	61	1	3095677412	3.23031e-10
genome	62	1	3095677412	3.23031e-10
genome	64	1	3095677412	3.23031e-10
genome	67	1	3095677412	3.23031e-10
genome	69	1	3095677412	3.23031e-10
genome	70	1	3095677412	3.23031e-10
genome	71	1	3095677412	3.23031e-10
genome	74	1	3095677412	3.23031e-10
genome	75	1	3095677412	3.23031e-10
genome	81	1	3095677412	3.23031e-10
genome	86	1	3095677412	3.23031e-10
genome	87	1	3095677412	3.23031e-10
genome	93	1	3095677412	3.23031e-10
genome	94	1	3095677412	3.23031e-10
genome	101	1	3095677412	3.23031e-10
genome	104	1	3095677412	3.23031e-10
genome	107	2	3095677412	6.46062e-10
genome	109	1	3095677412	3.23031e-10
genome	110	2	3095677412	6.46062e-10
genome	115	1	3095677412	3.23031e-10
genome	116	7	3095677412	2.26122e-09
genome	117	8	3095677412	2.58425e-09
genome	118	1	3095677412	3.23031e-10
genome	119	3	3095677412	9.69093e-10
genome	120	9	3095677412	2.90728e-09
