1	0	244880692	249250621	0.982468
1	1	4307522	249250621	0.0172819
1	2	61167	249250621	0.000245404
1	3	990	249250621	3.97191e-06
1	4	113	249250621	4.53359e-07
1	5	78	249250621	3.12938e-07
1	6	15	249250621	6.01804e-08
1	7	19	249250621	7.62285e-08
1	9	1	249250621	4.01203e-09
1	10	14	249250621	5.61684e-08
1	11	10	249250621	4.01203e-08
2	0	239859138	243199373	0.986265
2	1	3307599	243199373	0.0136004
2	2	31841	243199373	0.000130926
2	3	448	243199373	1.84211e-06
2	4	29	243199373	1.19244e-07
2	5	6	243199373	2.46711e-08
2	7	4	243199373	1.64474e-08
2	8	7	243199373	2.8783e-08
2	9	6	243199373	2.46711e-08
2	10	2	243199373	8.22371e-09
2	11	11	243199373	4.52304e-08
2	12	13	243199373	5.34541e-08
2	13	4	243199373	1.64474e-08
2	14	1	243199373	4.11185e-09
2	15	13	243199373	5.34541e-08
2	16	15	243199373	6.16778e-08
2	17	20	243199373	8.22371e-08
2	18	10	243199373	4.11185e-08
2	19	12	243199373	4.93422e-08
2	20	9	243199373	3.70067e-08
2	21	6	243199373	2.46711e-08
2	22	1	243199373	4.11185e-09
2	23	4	243199373	1.64474e-08
2	24	1	243199373	4.11185e-09
2	25	3	243199373	1.23356e-08
2	26	1	243199373	4.11185e-09
2	27	1	243199373	4.11185e-09
2	28	1	243199373	4.11185e-09
2	29	1	243199373	4.11185e-09
2	30	2	243199373	8.22371e-09
2	31	2	243199373	8.22371e-09
2	32	1	243199373	4.11185e-09
2	33	1	243199373	4.11185e-09
2	34	1	243199373	4.11185e-09
2	35	1	243199373	4.11185e-09
2	36	3	243199373	1.23356e-08
2	37	2	243199373	8.22371e-09
2	38	1	243199373	4.11185e-09
2	40	2	243199373	8.22371e-09
2	41	2	243199373	8.22371e-09
2	42	2	243199373	8.22371e-09
2	43	4	243199373	1.64474e-08
2	44	4	243199373	1.64474e-08
2	45	8	243199373	3.28948e-08
2	46	32	243199373	1.31579e-07
2	47	8	243199373	3.28948e-08
2	48	6	243199373	2.46711e-08
2	49	11	243199373	4.52304e-08
2	50	3	243199373	1.23356e-08
2	51	4	243199373	1.64474e-08
2	52	2	243199373	8.22371e-09
2	53	2	243199373	8.22371e-09
2	54	2	243199373	8.22371e-09
2	62	1	243199373	4.11185e-09
2	64	1	243199373	4.11185e-09
2	68	1	243199373	4.11185e-09
2	70	2	243199373	8.22371e-09
2	72	1	243199373	4.11185e-09
2	73	2	243199373	8.22371e-09
2	75	1	243199373	4.11185e-09
2	78	1	243199373	4.11185e-09
2	79	1	243199373	4.11185e-09
2	82	1	243199373	4.11185e-09
2	84	3	243199373	1.23356e-08
2	86	1	243199373	4.11185e-09
2	87	1	243199373	4.11185e-09
2	88	1	243199373	4.11185e-09
2	92	1	243199373	4.11185e-09
2	95	1	243199373	4.11185e-09
2	104	1	243199373	4.11185e-09
2	105	1	243199373	4.11185e-09
2	110	1	243199373	4.11185e-09
2	111	1	243199373	4.11185e-09
2	117	1	243199373	4.11185e-09
2	120	1	243199373	4.11185e-09
2	121	2	243199373	8.22371e-09
2	126	1	243199373	4.11185e-09
2	127	1	243199373	4.11185e-09
2	134	1	243199373	4.11185e-09
2	138	2	243199373	8.22371e-09
2	140	1	243199373	4.11185e-09
2	142	1	243199373	4.11185e-09
2	144	1	243199373	4.11185e-09
2	145	2	243199373	8.22371e-09
2	146	2	243199373	8.22371e-09
2	148	2	243199373	8.22371e-09
2	149	1	243199373	4.11185e-09
2	152	3	243199373	1.23356e-08
2	153	14	243199373	5.75659e-08
3	0	194609885	198022430	0.982767
3	1	3377243	198022430	0.0170549
3	2	34924	198022430	0.000176364
3	3	353	198022430	1.78263e-06
3	4	25	198022430	1.26248e-07
4	0	188879510	191154276	0.9881
4	1	2258411	191154276	0.0118146
4	2	16176	191154276	8.46227e-05
4	3	179	191154276	9.36416e-07
5	0	178748823	180915260	0.988025
5	1	2149606	180915260	0.0118818
5	2	16754	180915260	9.26069e-05
5	3	72	180915260	3.97976e-07
5	4	5	180915260	2.76372e-08
6	0	169184597	171115067	0.988718
6	1	1913502	171115067	0.0111825
6	2	15134	171115067	8.84434e-05
6	3	614	171115067	3.58823e-06
6	4	188	171115067	1.09868e-06
6	5	192	171115067	1.12205e-06
6	6	168	171115067	9.81795e-07
6	7	140	171115067	8.18163e-07
6	8	95	171115067	5.55182e-07
6	9	94	171115067	5.49338e-07
6	10	78	171115067	4.55834e-07
6	11	56	171115067	3.27265e-07
6	12	26	171115067	1.51945e-07
6	13	34	171115067	1.98697e-07
6	14	57	171115067	3.33109e-07
6	15	32	171115067	1.87009e-07
6	16	16	171115067	9.35043e-08
6	17	11	171115067	6.42842e-08
6	18	4	171115067	2.33761e-08
6	19	10	171115067	5.84402e-08
6	20	12	171115067	7.01282e-08
6	22	3	171115067	1.75321e-08
6	23	3	171115067	1.75321e-08
6	24	1	171115067	5.84402e-09
7	0	156632512	159138663	0.984252
7	1	2480092	159138663	0.0155845
7	2	25074	159138663	0.000157561
7	3	826	159138663	5.19044e-06
7	4	52	159138663	3.26759e-07
7	5	79	159138663	4.96422e-07
7	6	17	159138663	1.06825e-07
7	7	11	159138663	6.91221e-08
8	0	144334384	146364022	0.986133
8	1	2007161	146364022	0.0137135
8	2	20452	146364022	0.000139734
8	3	1075	146364022	7.3447e-06
8	4	401	146364022	2.73974e-06
8	5	235	146364022	1.60559e-06
8	6	159	146364022	1.08633e-06
8	7	65	146364022	4.44098e-07
8	8	27	146364022	1.84472e-07
8	9	10	146364022	6.83228e-08
8	10	11	146364022	7.51551e-08
8	11	2	146364022	1.36646e-08
8	12	21	146364022	1.43478e-07
8	13	6	146364022	4.09937e-08
8	14	1	146364022	6.83228e-09
8	15	2	146364022	1.36646e-08
8	16	10	146364022	6.83228e-08
9	0	139936266	141213431	0.990956
9	1	1268164	141213431	0.00898048
9	2	8829	141213431	6.25224e-05
9	3	160	141213431	1.13304e-06
9	4	12	141213431	8.49778e-08
10	0	133918213	135534747	0.988073
10	1	1602963	135534747	0.011827
10	2	13526	135534747	9.97973e-05
10	3	45	135534747	3.32018e-07
11	0	132935735	135006516	0.984662
11	1	2050102	135006516	0.0151852
11	2	20339	135006516	0.000150652
11	3	340	135006516	2.5184e-06
12	0	132386434	133851895	0.989052
12	1	1453841	133851895	0.0108616
12	2	11551	133851895	8.62969e-05
12	3	69	133851895	5.15495e-07
13	0	114404275	115169878	0.993352
13	1	762049	115169878	0.00661674
13	2	3423	115169878	2.97213e-05
13	3	52	115169878	4.51507e-07
13	4	46	115169878	3.9941e-07
13	5	33	115169878	2.86533e-07
14	0	105630286	107349540	0.983985
14	1	1699865	107349540	0.0158349
14	2	19147	107349540	0.000178361
14	3	184	107349540	1.71403e-06
14	4	1	107349540	9.31536e-09
14	5	57	107349540	5.30976e-07
15	0	101907938	102531392	0.993919
15	1	619887	102531392	0.00604583
15	2	3433	102531392	3.34824e-05
15	3	89	102531392	8.68027e-07
15	4	45	102531392	4.3889e-07
16	0	89531369	90354753	0.990887
16	1	799565	90354753	0.00884917
16	2	10708	90354753	0.000118511
16	3	3712	90354753	4.10825e-05
16	4	2457	90354753	2.71928e-05
16	5	1618	90354753	1.79072e-05
16	6	1123	90354753	1.24288e-05
16	7	821	90354753	9.08641e-06
16	8	596	90354753	6.59622e-06
16	9	561	90354753	6.20886e-06
16	10	467	90354753	5.16852e-06
16	11	379	90354753	4.19458e-06
16	12	258	90354753	2.85541e-06
16	13	216	90354753	2.39058e-06
16	14	132	90354753	1.46091e-06
16	15	112	90354753	1.23956e-06
16	16	129	90354753	1.42771e-06
16	17	111	90354753	1.22849e-06
16	18	72	90354753	7.96859e-07
16	19	71	90354753	7.85792e-07
16	20	34	90354753	3.76295e-07
16	21	42	90354753	4.64834e-07
16	22	64	90354753	7.08319e-07
16	23	42	90354753	4.64834e-07
16	24	18	90354753	1.99215e-07
16	25	3	90354753	3.32025e-08
16	26	13	90354753	1.43877e-07
16	27	12	90354753	1.3281e-07
16	28	8	90354753	8.85399e-08
16	29	7	90354753	7.74724e-08
16	30	13	90354753	1.43877e-07
16	31	17	90354753	1.88147e-07
16	32	2	90354753	2.2135e-08
16	33	1	90354753	1.10675e-08
17	0	80324511	81195210	0.989277
17	1	863503	81195210	0.0106349
17	2	6894	81195210	8.49065e-05
17	3	213	81195210	2.62331e-06
17	4	33	81195210	4.06428e-07
17	5	48	81195210	5.91168e-07
17	6	8	81195210	9.8528e-08
18	0	77162218	78077248	0.98828
18	1	908168	78077248	0.0116317
18	2	6759	78077248	8.65681e-05
18	3	98	78077248	1.25517e-06
18	4	5	78077248	6.40391e-08
19	0	58329416	59128983	0.986478
19	1	790669	59128983	0.0133719
19	2	8763	59128983	0.000148201
19	3	135	59128983	2.28314e-06
20	0	62035197	63025520	0.984287
20	1	980394	63025520	0.0155555
20	2	9831	63025520	0.000155984
20	3	98	63025520	1.55493e-06
21	0	47830270	48129895	0.993775
21	1	297118	48129895	0.00617325
21	2	2489	48129895	5.17142e-05
21	3	18	48129895	3.73988e-07
22	0	50902999	51304566	0.992173
22	1	398182	51304566	0.00776114
22	2	3337	51304566	6.50429e-05
22	3	48	51304566	9.35589e-07
X	0	153979048	155270560	0.991682
X	1	1283559	155270560	0.0082666
X	2	7547	155270560	4.86055e-05
X	3	275	155270560	1.7711e-06
X	4	46	155270560	2.96257e-07
X	5	72	155270560	4.63707e-07
X	6	13	155270560	8.37248e-08
Y	0	59369019	59373566	0.999923
Y	1	4389	59373566	7.39218e-05
Y	2	60	59373566	1.01055e-06
Y	3	51	59373566	8.58968e-07
Y	4	47	59373566	7.91598e-07
genome	0	3057712735	3095677412	0.987736
genome	1	37583554	3095677412	0.0121407
genome	2	358158	3095677412	0.000115696
genome	3	10144	3095677412	3.27683e-06
genome	4	3505	3095677412	1.13222e-06
genome	5	2418	3095677412	7.81089e-07
genome	6	1503	3095677412	4.85516e-07
genome	7	1060	3095677412	3.42413e-07
genome	8	725	3095677412	2.34198e-07
genome	9	672	3095677412	2.17077e-07
genome	10	572	3095677412	1.84774e-07
genome	11	458	3095677412	1.47948e-07
genome	12	318	3095677412	1.02724e-07
genome	13	260	3095677412	8.39881e-08
genome	14	191	3095677412	6.16989e-08
genome	15	159	3095677412	5.13619e-08
genome	16	170	3095677412	5.49153e-08
genome	17	142	3095677412	4.58704e-08
genome	18	86	3095677412	2.77807e-08
genome	19	93	3095677412	3.00419e-08
genome	20	55	3095677412	1.77667e-08
genome	21	48	3095677412	1.55055e-08
genome	22	68	3095677412	2.19661e-08
genome	23	49	3095677412	1.58285e-08
genome	24	20	3095677412	6.46062e-09
genome	25	6	3095677412	1.93819e-09
genome	26	14	3095677412	4.52243e-09
genome	27	13	3095677412	4.1994e-09
genome	28	9	3095677412	2.90728e-09
genome	29	8	3095677412	2.58425e-09
genome	30	15	3095677412	4.84547e-09
genome	31	19	3095677412	6.13759e-09
genome	32	3	3095677412	9.69093e-10
genome	33	2	3095677412	6.46062e-10
genome	34	1	3095677412	3.23031e-10
genome	35	1	3095677412	3.23031e-10
genome	36	3	3095677412	9.69093e-10
genome	37	2	3095677412	6.46062e-10
genome	38	1	3095677412	3.23031e-10
genome	40	2	3095677412	6.46062e-10
genome	41	2	3095677412	6.46062e-10
genome	42	2	3095677412	6.46062e-10
genome	43	4	3095677412	1.29212e-09
genome	44	4	3095677412	1.29212e-09
genome	45	8	3095677412	2.58425e-09
genome	46	32	3095677412	1.0337e-08
genome	47	8	3095677412	2.58425e-09
genome	48	6	3095677412	1.93819e-09
genome	49	11	3095677412	3.55334e-09
genome	50	3	3095677412	9.69093e-10
genome	51	4	3095677412	1.29212e-09
genome	52	2	3095677412	6.46062e-10
genome	53	2	3095677412	6.46062e-10
genome	54	2	3095677412	6.46062e-10
genome	62	1	3095677412	3.23031e-10
genome	64	1	3095677412	3.23031e-10
genome	68	1	3095677412	3.23031e-10
genome	70	2	3095677412	6.46062e-10
genome	72	1	3095677412	3.23031e-10
genome	73	2	3095677412	6.46062e-10
genome	75	1	3095677412	3.23031e-10
genome	78	1	3095677412	3.23031e-10
genome	79	1	3095677412	3.23031e-10
genome	82	1	3095677412	3.23031e-10
genome	84	3	3095677412	9.69093e-10
genome	86	1	3095677412	3.23031e-10
genome	87	1	3095677412	3.23031e-10
genome	88	1	3095677412	3.23031e-10
genome	92	1	3095677412	3.23031e-10
genome	95	1	3095677412	3.23031e-10
genome	104	1	3095677412	3.23031e-10
genome	105	1	3095677412	3.23031e-10
genome	110	1	3095677412	3.23031e-10
genome	111	1	3095677412	3.23031e-10
genome	117	1	3095677412	3.23031e-10
genome	120	1	3095677412	3.23031e-10
genome	121	2	3095677412	6.46062e-10
genome	126	1	3095677412	3.23031e-10
genome	127	1	3095677412	3.23031e-10
genome	134	1	3095677412	3.23031e-10
genome	138	2	3095677412	6.46062e-10
genome	140	1	3095677412	3.23031e-10
genome	142	1	3095677412	3.23031e-10
genome	144	1	3095677412	3.23031e-10
genome	145	2	3095677412	6.46062e-10
genome	146	2	3095677412	6.46062e-10
genome	148	2	3095677412	6.46062e-10
genome	149	1	3095677412	3.23031e-10
genome	152	3	3095677412	9.69093e-10
genome	153	14	3095677412	4.52243e-09
