1	0	244716570	249250621	0.981809
1	1	4468677	249250621	0.0179284
1	2	63595	249250621	0.000255145
1	3	1565	249250621	6.27882e-06
1	4	149	249250621	5.97792e-07
1	5	4	249250621	1.60481e-08
1	6	27	249250621	1.08325e-07
1	7	12	249250621	4.81443e-08
1	8	22	249250621	8.82646e-08
2	0	240280978	243199373	0.988
2	1	2893704	243199373	0.0118985
2	2	23851	243199373	9.80718e-05
2	3	505	243199373	2.07649e-06
2	4	38	243199373	1.5625e-07
2	5	11	243199373	4.52304e-08
2	6	25	243199373	1.02796e-07
2	7	2	243199373	8.22371e-09
2	8	3	243199373	1.23356e-08
2	9	14	243199373	5.75659e-08
2	10	2	243199373	8.22371e-09
2	11	10	243199373	4.11185e-08
2	12	5	243199373	2.05593e-08
2	13	10	243199373	4.11185e-08
2	14	11	243199373	4.52304e-08
2	15	9	243199373	3.70067e-08
2	16	8	243199373	3.28948e-08
2	17	9	243199373	3.70067e-08
2	18	3	243199373	1.23356e-08
2	19	4	243199373	1.64474e-08
2	20	3	243199373	1.23356e-08
2	22	2	243199373	8.22371e-09
2	23	2	243199373	8.22371e-09
2	24	1	243199373	4.11185e-09
2	25	4	243199373	1.64474e-08
2	26	1	243199373	4.11185e-09
2	27	1	243199373	4.11185e-09
2	28	2	243199373	8.22371e-09
2	30	3	243199373	1.23356e-08
2	31	1	243199373	4.11185e-09
2	32	8	243199373	3.28948e-08
2	33	27	243199373	1.1102e-07
2	35	1	243199373	4.11185e-09
2	36	1	243199373	4.11185e-09
2	37	1	243199373	4.11185e-09
2	41	1	243199373	4.11185e-09
2	42	1	243199373	4.11185e-09
2	43	2	243199373	8.22371e-09
2	44	1	243199373	4.11185e-09
2	46	4	243199373	1.64474e-08
2	47	3	243199373	1.23356e-08
2	48	4	243199373	1.64474e-08
2	49	4	243199373	1.64474e-08
2	50	13	243199373	5.34541e-08
2	51	7	243199373	2.8783e-08
2	52	3	243199373	1.23356e-08
2	53	6	243199373	2.46711e-08
2	54	2	243199373	8.22371e-09
2	55	2	243199373	8.22371e-09
2	57	1	243199373	4.11185e-09
2	60	1	243199373	4.11185e-09
2	65	1	243199373	4.11185e-09
2	69	1	243199373	4.11185e-09
2	71	1	243199373	4.11185e-09
2	73	1	243199373	4.11185e-09
2	75	2	243199373	8.22371e-09
2	76	1	243199373	4.11185e-09
2	78	2	243199373	8.22371e-09
2	80	1	243199373	4.11185e-09
2	81	2	243199373	8.22371e-09
2	83	1	243199373	4.11185e-09
2	85	1	243199373	4.11185e-09
2	87	1	243199373	4.11185e-09
2	91	1	243199373	4.11185e-09
2	96	1	243199373	4.11185e-09
2	99	1	243199373	4.11185e-09
2	108	1	243199373	4.11185e-09
2	113	2	243199373	8.22371e-09
2	115	1	243199373	4.11185e-09
2	120	2	243199373	8.22371e-09
2	123	1	243199373	4.11185e-09
2	125	1	243199373	4.11185e-09
2	131	2	243199373	8.22371e-09
2	134	1	243199373	4.11185e-09
2	139	1	243199373	4.11185e-09
2	143	1	243199373	4.11185e-09
2	144	1	243199373	4.11185e-09
2	145	1	243199373	4.11185e-09
2	147	5	243199373	2.05593e-08
2	149	1	243199373	4.11185e-09
2	150	1	243199373	4.11185e-09
2	151	1	243199373	4.11185e-09
2	153	13	243199373	5.34541e-08
2	154	4	243199373	1.64474e-08
3	0	194719734	198022430	0.983322
3	1	3268133	198022430	0.0165039
3	2	34264	198022430	0.000173031
3	3	248	198022430	1.25238e-06
3	4	10	198022430	5.04993e-08
3	5	41	198022430	2.07047e-07
4	0	188865235	191154276	0.988025
4	1	2270784	191154276	0.0118793
4	2	18105	191154276	9.47141e-05
4	3	152	191154276	7.95169e-07
5	0	178753371	180915260	0.98805
5	1	2142924	180915260	0.0118449
5	2	18614	180915260	0.000102888
5	3	306	180915260	1.6914e-06
5	4	45	180915260	2.48735e-07
6	0	169018035	171115067	0.987745
6	1	2076984	171115067	0.0121379
6	2	18079	171115067	0.000105654
6	3	551	171115067	3.22006e-06
6	4	272	171115067	1.58957e-06
6	5	233	171115067	1.36166e-06
6	6	215	171115067	1.25646e-06
6	7	201	171115067	1.17465e-06
6	8	162	171115067	9.46731e-07
6	9	57	171115067	3.33109e-07
6	10	43	171115067	2.51293e-07
6	11	76	171115067	4.44146e-07
6	12	28	171115067	1.63633e-07
6	13	14	171115067	8.18163e-08
6	14	9	171115067	5.25962e-08
6	15	14	171115067	8.18163e-08
6	16	27	171115067	1.57789e-07
6	17	34	171115067	1.98697e-07
6	18	19	171115067	1.11036e-07
6	19	7	171115067	4.09081e-08
6	20	6	171115067	3.50641e-08
6	21	1	171115067	5.84402e-09
7	0	156578074	159138663	0.98391
7	1	2532279	159138663	0.0159124
7	2	27406	159138663	0.000172215
7	3	584	159138663	3.66976e-06
7	4	110	159138663	6.91221e-07
7	5	76	159138663	4.77571e-07
7	6	62	159138663	3.89597e-07
7	7	27	159138663	1.69663e-07
7	8	12	159138663	7.54059e-08
7	9	6	159138663	3.7703e-08
7	10	21	159138663	1.3196e-07
7	11	6	159138663	3.7703e-08
8	0	144281051	146364022	0.985769
8	1	2060118	146364022	0.0140753
8	2	20951	146364022	0.000143143
8	3	839	146364022	5.73228e-06
8	4	482	146364022	3.29316e-06
8	5	308	146364022	2.10434e-06
8	6	121	146364022	8.26706e-07
8	7	69	146364022	4.71427e-07
8	8	42	146364022	2.86956e-07
8	9	16	146364022	1.09316e-07
8	10	19	146364022	1.29813e-07
8	11	6	146364022	4.09937e-08
9	0	139943869	141213431	0.99101
9	1	1259347	141213431	0.00891804
9	2	10092	141213431	7.14663e-05
9	3	123	141213431	8.71022e-07
10	0	133976231	135534747	0.988501
10	1	1546007	135534747	0.0114067
10	2	12334	135534747	9.10025e-05
10	3	175	135534747	1.29118e-06
11	0	132835547	135006516	0.98392
11	1	2145747	135006516	0.0158937
11	2	24813	135006516	0.000183791
11	3	409	135006516	3.02948e-06
12	0	132557064	133851895	0.990326
12	1	1284575	133851895	0.00959699
12	2	10044	133851895	7.50382e-05
12	3	117	133851895	8.741e-07
12	4	7	133851895	5.22966e-08
12	5	1	133851895	7.47094e-09
12	6	39	133851895	2.91367e-07
12	7	1	133851895	7.47094e-09
12	8	11	133851895	8.21804e-08
12	9	36	133851895	2.68954e-07
13	0	114373086	115169878	0.993082
13	1	792443	115169878	0.00688064
13	2	4249	115169878	3.68933e-05
13	3	25	115169878	2.17071e-07
13	4	41	115169878	3.55996e-07
13	5	34	115169878	2.95216e-07
14	0	105574698	107349540	0.983467
14	1	1754202	107349540	0.016341
14	2	20322	107349540	0.000189307
14	3	318	107349540	2.96229e-06
15	0	101890983	102531392	0.993754
15	1	636910	102531392	0.00621185
15	2	3407	102531392	3.32288e-05
15	3	92	102531392	8.97286e-07
16	0	89543437	90354753	0.991021
16	1	786175	90354753	0.00870098
16	2	11212	90354753	0.000124089
16	3	4122	90354753	4.56202e-05
16	4	2401	90354753	2.6573e-05
16	5	1539	90354753	1.70329e-05
16	6	1206	90354753	1.33474e-05
16	7	961	90354753	1.06359e-05
16	8	627	90354753	6.93931e-06
16	9	523	90354753	5.7883e-06
16	10	387	90354753	4.28312e-06
16	11	365	90354753	4.03963e-06
16	12	293	90354753	3.24277e-06
16	13	235	90354753	2.60086e-06
16	14	223	90354753	2.46805e-06
16	15	156	90354753	1.72653e-06
16	16	135	90354753	1.49411e-06
16	17	123	90354753	1.3613e-06
16	18	128	90354753	1.41664e-06
16	19	129	90354753	1.42771e-06
16	20	88	90354753	9.73939e-07
16	21	96	90354753	1.06248e-06
16	22	44	90354753	4.86969e-07
16	23	38	90354753	4.20564e-07
16	24	21	90354753	2.32417e-07
16	25	18	90354753	1.99215e-07
16	26	14	90354753	1.54945e-07
16	27	10	90354753	1.10675e-07
16	28	6	90354753	6.64049e-08
16	29	9	90354753	9.96074e-08
16	30	11	90354753	1.21742e-07
16	31	13	90354753	1.43877e-07
16	32	6	90354753	6.64049e-08
16	33	2	90354753	2.2135e-08
17	0	80291042	81195210	0.988864
17	1	895234	81195210	0.0110257
17	2	8485	81195210	0.000104501
17	3	323	81195210	3.97807e-06
17	4	65	81195210	8.0054e-07
17	5	49	81195210	6.03484e-07
17	6	12	81195210	1.47792e-07
18	0	77162354	78077248	0.988282
18	1	907624	78077248	0.0116247
18	2	7184	78077248	9.20114e-05
18	3	86	78077248	1.10147e-06
19	0	58140112	59128983	0.983276
19	1	976623	59128983	0.0165168
19	2	12026	59128983	0.000203386
19	3	213	59128983	3.60229e-06
19	4	9	59128983	1.5221e-07
20	0	62094617	63025520	0.98523
20	1	921494	63025520	0.014621
20	2	9271	63025520	0.000147099
20	3	138	63025520	2.18959e-06
21	0	47836711	48129895	0.993908
21	1	291007	48129895	0.00604628
21	2	2138	48129895	4.44215e-05
21	3	39	48129895	8.10307e-07
22	0	50891679	51304566	0.991952
22	1	409436	51304566	0.0079805
22	2	3389	51304566	6.60565e-05
22	3	62	51304566	1.20847e-06
X	0	154056618	155270560	0.992182
X	1	1206677	155270560	0.00777145
X	2	6844	155270560	4.40779e-05
X	3	319	155270560	2.05448e-06
X	4	52	155270560	3.34899e-07
X	6	3	155270560	1.93211e-08
X	7	10	155270560	6.44037e-08
X	8	10	155270560	6.44037e-08
X	9	18	155270560	1.15927e-07
X	10	9	155270560	5.79633e-08
Y	0	59369275	59373566	0.999928
Y	1	4175	59373566	7.03175e-05
Y	2	73	59373566	1.2295e-06
Y	3	43	59373566	7.24228e-07
genome	0	3057750371	3095677412	0.987748
genome	1	37531279	3095677412	0.0121238
genome	2	370748	3095677412	0.000119763
genome	3	11354	3095677412	3.66769e-06
genome	4	3681	3095677412	1.18908e-06
genome	5	2296	3095677412	7.41679e-07
genome	6	1710	3095677412	5.52383e-07
genome	7	1283	3095677412	4.14449e-07
genome	8	889	3095677412	2.87175e-07
genome	9	670	3095677412	2.16431e-07
genome	10	481	3095677412	1.55378e-07
genome	11	463	3095677412	1.49563e-07
genome	12	326	3095677412	1.05308e-07
genome	13	259	3095677412	8.3665e-08
genome	14	243	3095677412	7.84965e-08
genome	15	179	3095677412	5.78226e-08
genome	16	170	3095677412	5.49153e-08
genome	17	166	3095677412	5.36232e-08
genome	18	150	3095677412	4.84547e-08
genome	19	140	3095677412	4.52244e-08
genome	20	97	3095677412	3.1334e-08
genome	21	97	3095677412	3.1334e-08
genome	22	46	3095677412	1.48594e-08
genome	23	40	3095677412	1.29212e-08
genome	24	22	3095677412	7.10668e-09
genome	25	22	3095677412	7.10668e-09
genome	26	15	3095677412	4.84547e-09
genome	27	11	3095677412	3.55334e-09
genome	28	8	3095677412	2.58425e-09
genome	29	9	3095677412	2.90728e-09
genome	30	14	3095677412	4.52243e-09
genome	31	14	3095677412	4.52243e-09
genome	32	14	3095677412	4.52243e-09
genome	33	29	3095677412	9.3679e-09
genome	35	1	3095677412	3.23031e-10
genome	36	1	3095677412	3.23031e-10
genome	37	1	3095677412	3.23031e-10
genome	41	1	3095677412	3.23031e-10
genome	42	1	3095677412	3.23031e-10
genome	43	2	3095677412	6.46062e-10
genome	44	1	3095677412	3.23031e-10
genome	46	4	3095677412	1.29212e-09
genome	47	3	3095677412	9.69093e-10
genome	48	4	3095677412	1.29212e-09
genome	49	4	3095677412	1.29212e-09
genome	50	13	3095677412	4.1994e-09
genome	51	7	3095677412	2.26122e-09
genome	52	3	3095677412	9.69093e-10
genome	53	6	3095677412	1.93819e-09
genome	54	2	3095677412	6.46062e-10
genome	55	2	3095677412	6.46062e-10
genome	57	1	3095677412	3.23031e-10
genome	60	1	3095677412	3.23031e-10
genome	65	1	3095677412	3.23031e-10
genome	69	1	3095677412	3.23031e-10
genome	71	1	3095677412	3.23031e-10
genome	73	1	3095677412	3.23031e-10
genome	75	2	3095677412	6.46062e-10
genome	76	1	3095677412	3.23031e-10
genome	78	2	3095677412	6.46062e-10
genome	80	1	3095677412	3.23031e-10
genome	81	2	3095677412	6.46062e-10
genome	83	1	3095677412	3.23031e-10
genome	85	1	3095677412	3.23031e-10
genome	87	1	3095677412	3.23031e-10
genome	91	1	3095677412	3.23031e-10
genome	96	1	3095677412	3.23031e-10
genome	99	1	3095677412	3.23031e-10
genome	108	1	3095677412	3.23031e-10
genome	113	2	3095677412	6.46062e-10
genome	115	1	3095677412	3.23031e-10
genome	120	2	3095677412	6.46062e-10
genome	123	1	3095677412	3.23031e-10
genome	125	1	3095677412	3.23031e-10
genome	131	2	3095677412	6.46062e-10
genome	134	1	3095677412	3.23031e-10
genome	139	1	3095677412	3.23031e-10
genome	143	1	3095677412	3.23031e-10
genome	144	1	3095677412	3.23031e-10
genome	145	1	3095677412	3.23031e-10
genome	147	5	3095677412	1.61516e-09
genome	149	1	3095677412	3.23031e-10
genome	150	1	3095677412	3.23031e-10
genome	151	1	3095677412	3.23031e-10
genome	153	13	3095677412	4.1994e-09
genome	154	4	3095677412	1.29212e-09
