1	0	244946589	249250621	0.982732
1	1	4249110	249250621	0.0170475
1	2	54009	249250621	0.000216686
1	3	817	249250621	3.27783e-06
1	4	9	249250621	3.61082e-08
1	5	9	249250621	3.61082e-08
1	6	28	249250621	1.12337e-07
1	7	33	249250621	1.32397e-07
1	8	13	249250621	5.21563e-08
1	9	3	249250621	1.20361e-08
1	10	1	249250621	4.01203e-09
2	0	239646327	243199373	0.98539
2	1	3518228	243199373	0.0144664
2	2	33847	243199373	0.000139174
2	3	607	243199373	2.49589e-06
2	4	70	243199373	2.8783e-07
2	5	12	243199373	4.93422e-08
2	6	6	243199373	2.46711e-08
2	7	9	243199373	3.70067e-08
2	8	7	243199373	2.8783e-08
2	9	34	243199373	1.39803e-07
2	10	11	243199373	4.52304e-08
2	11	15	243199373	6.16778e-08
2	12	4	243199373	1.64474e-08
2	13	5	243199373	2.05593e-08
2	14	5	243199373	2.05593e-08
2	15	6	243199373	2.46711e-08
2	16	2	243199373	8.22371e-09
2	17	4	243199373	1.64474e-08
2	18	2	243199373	8.22371e-09
2	19	1	243199373	4.11185e-09
2	20	2	243199373	8.22371e-09
2	21	1	243199373	4.11185e-09
2	22	1	243199373	4.11185e-09
2	23	1	243199373	4.11185e-09
2	24	2	243199373	8.22371e-09
2	25	2	243199373	8.22371e-09
2	26	3	243199373	1.23356e-08
2	27	2	243199373	8.22371e-09
2	28	1	243199373	4.11185e-09
2	29	3	243199373	1.23356e-08
2	30	5	243199373	2.05593e-08
2	31	1	243199373	4.11185e-09
2	33	4	243199373	1.64474e-08
2	34	29	243199373	1.19244e-07
2	36	1	243199373	4.11185e-09
2	38	1	243199373	4.11185e-09
2	39	1	243199373	4.11185e-09
2	41	1	243199373	4.11185e-09
2	42	1	243199373	4.11185e-09
2	43	1	243199373	4.11185e-09
2	44	3	243199373	1.23356e-08
2	45	12	243199373	4.93422e-08
2	46	8	243199373	3.28948e-08
2	47	7	243199373	2.8783e-08
2	48	7	243199373	2.8783e-08
2	49	5	243199373	2.05593e-08
2	50	6	243199373	2.46711e-08
2	55	1	243199373	4.11185e-09
2	58	1	243199373	4.11185e-09
2	61	2	243199373	8.22371e-09
2	64	1	243199373	4.11185e-09
2	65	1	243199373	4.11185e-09
2	70	1	243199373	4.11185e-09
2	73	1	243199373	4.11185e-09
2	76	1	243199373	4.11185e-09
2	79	1	243199373	4.11185e-09
2	80	1	243199373	4.11185e-09
2	83	1	243199373	4.11185e-09
2	86	1	243199373	4.11185e-09
2	89	1	243199373	4.11185e-09
2	94	2	243199373	8.22371e-09
2	98	2	243199373	8.22371e-09
2	102	1	243199373	4.11185e-09
2	105	1	243199373	4.11185e-09
2	109	1	243199373	4.11185e-09
2	115	1	243199373	4.11185e-09
2	119	1	243199373	4.11185e-09
2	124	1	243199373	4.11185e-09
2	131	1	243199373	4.11185e-09
2	132	1	243199373	4.11185e-09
2	134	1	243199373	4.11185e-09
2	136	1	243199373	4.11185e-09
2	137	1	243199373	4.11185e-09
2	139	1	243199373	4.11185e-09
2	144	1	243199373	4.11185e-09
2	148	1	243199373	4.11185e-09
2	150	6	243199373	2.46711e-08
2	151	1	243199373	4.11185e-09
2	152	2	243199373	8.22371e-09
2	154	1	243199373	4.11185e-09
2	155	12	243199373	4.93422e-08
2	156	6	243199373	2.46711e-08
3	0	194654256	198022430	0.982991
3	1	3333177	198022430	0.0168323
3	2	34685	198022430	0.000175157
3	3	295	198022430	1.48973e-06
3	4	17	198022430	8.58489e-08
4	0	188855745	191154276	0.987976
4	1	2280485	191154276	0.0119301
4	2	17773	191154276	9.29773e-05
4	3	273	191154276	1.42817e-06
5	0	178826278	180915260	0.988453
5	1	2072488	180915260	0.0114556
5	2	16037	180915260	8.86437e-05
5	3	440	180915260	2.43208e-06
5	4	17	180915260	9.39666e-08
6	0	169133031	171115067	0.988417
6	1	1963734	171115067	0.0114761
6	2	16347	171115067	9.55322e-05
6	3	635	171115067	3.71095e-06
6	4	291	171115067	1.70061e-06
6	5	241	171115067	1.40841e-06
6	6	213	171115067	1.24478e-06
6	7	96	171115067	5.61026e-07
6	8	73	171115067	4.26613e-07
6	9	84	171115067	4.90898e-07
6	10	79	171115067	4.61678e-07
6	11	61	171115067	3.56485e-07
6	12	31	171115067	1.81165e-07
6	13	37	171115067	2.16229e-07
6	14	23	171115067	1.34412e-07
6	15	30	171115067	1.75321e-07
6	16	25	171115067	1.46101e-07
6	17	27	171115067	1.57789e-07
6	18	8	171115067	4.67522e-08
6	19	1	171115067	5.84402e-09
7	0	156720594	159138663	0.984805
7	1	2394769	159138663	0.0150483
7	2	22792	159138663	0.000143221
7	3	359	159138663	2.25589e-06
7	4	66	159138663	4.14733e-07
7	5	48	159138663	3.01624e-07
7	6	29	159138663	1.82231e-07
7	7	6	159138663	3.7703e-08
8	0	144301859	146364022	0.985911
8	1	2039953	146364022	0.0139375
8	2	20722	146364022	0.000141579
8	3	594	146364022	4.05837e-06
8	4	314	146364022	2.14534e-06
8	5	211	146364022	1.44161e-06
8	6	188	146364022	1.28447e-06
8	7	73	146364022	4.98756e-07
8	8	64	146364022	4.37266e-07
8	9	31	146364022	2.11801e-07
8	10	13	146364022	8.88196e-08
9	0	139999895	141213431	0.991406
9	1	1203754	141213431	0.00852436
9	2	9700	141213431	6.86904e-05
9	3	82	141213431	5.80681e-07
10	0	133931478	135534747	0.988171
10	1	1590012	135534747	0.0117314
10	2	13116	135534747	9.67722e-05
10	3	108	135534747	7.96844e-07
10	4	33	135534747	2.4348e-07
11	0	132964715	135006516	0.984876
11	1	2022471	135006516	0.0149805
11	2	19111	135006516	0.000141556
11	3	219	135006516	1.62214e-06
12	0	132371038	133851895	0.988937
12	1	1469032	133851895	0.0109751
12	2	11639	133851895	8.69543e-05
12	3	136	133851895	1.01605e-06
12	5	2	133851895	1.49419e-08
12	6	2	133851895	1.49419e-08
12	7	8	133851895	5.97676e-08
12	8	38	133851895	2.83896e-07
13	0	114415886	115169878	0.993453
13	1	749308	115169878	0.00650611
13	2	4563	115169878	3.96197e-05
13	3	41	115169878	3.55996e-07
13	4	33	115169878	2.86533e-07
13	5	21	115169878	1.82339e-07
13	6	26	115169878	2.25753e-07
14	0	105613532	107349540	0.983829
14	1	1714240	107349540	0.0159688
14	2	21487	107349540	0.000200159
14	3	238	107349540	2.21706e-06
14	4	43	107349540	4.00561e-07
15	0	101898513	102531392	0.993827
15	1	629455	102531392	0.00613914
15	2	3273	102531392	3.19219e-05
15	3	102	102531392	9.94817e-07
15	4	2	102531392	1.95062e-08
15	5	47	102531392	4.58396e-07
16	0	89550348	90354753	0.991097
16	1	778831	90354753	0.0086197
16	2	11236	90354753	0.000124354
16	3	3581	90354753	3.96327e-05
16	4	2293	90354753	2.53777e-05
16	5	1769	90354753	1.95784e-05
16	6	1413	90354753	1.56384e-05
16	7	915	90354753	1.01268e-05
16	8	858	90354753	9.4959e-06
16	9	674	90354753	7.45949e-06
16	10	402	90354753	4.44913e-06
16	11	413	90354753	4.57087e-06
16	12	298	90354753	3.29811e-06
16	13	244	90354753	2.70047e-06
16	14	204	90354753	2.25777e-06
16	15	241	90354753	2.66726e-06
16	16	204	90354753	2.25777e-06
16	17	154	90354753	1.70439e-06
16	18	92	90354753	1.01821e-06
16	19	98	90354753	1.08461e-06
16	20	55	90354753	6.08712e-07
16	21	64	90354753	7.08319e-07
16	22	69	90354753	7.63657e-07
16	23	40	90354753	4.42699e-07
16	24	45	90354753	4.98037e-07
16	25	23	90354753	2.54552e-07
16	26	28	90354753	3.0989e-07
16	27	31	90354753	3.43092e-07
16	28	31	90354753	3.43092e-07
16	29	38	90354753	4.20564e-07
16	30	6	90354753	6.64049e-08
16	31	10	90354753	1.10675e-07
16	32	6	90354753	6.64049e-08
16	33	4	90354753	4.42699e-08
16	34	6	90354753	6.64049e-08
16	35	8	90354753	8.85399e-08
16	36	9	90354753	9.96074e-08
16	37	9	90354753	9.96074e-08
16	38	2	90354753	2.2135e-08
16	39	1	90354753	1.10675e-08
17	0	80295480	81195210	0.988919
17	1	891406	81195210	0.0109786
17	2	7989	81195210	9.83925e-05
17	3	235	81195210	2.89426e-06
17	4	44	81195210	5.41904e-07
17	5	51	81195210	6.28116e-07
17	6	5	81195210	6.158e-08
18	0	77157394	78077248	0.988219
18	1	912388	78077248	0.0116857
18	2	7436	78077248	9.5239e-05
18	3	30	78077248	3.84235e-07
19	0	58146176	59128983	0.983379
19	1	972179	59128983	0.0164417
19	2	10222	59128983	0.000172876
19	3	397	59128983	6.71414e-06
19	4	9	59128983	1.5221e-07
20	0	62057569	63025520	0.984642
20	1	957855	63025520	0.0151979
20	2	9993	63025520	0.000158555
20	3	103	63025520	1.63426e-06
21	0	47832753	48129895	0.993826
21	1	295164	48129895	0.00613265
21	2	1929	48129895	4.0079e-05
21	3	18	48129895	3.73988e-07
21	4	31	48129895	6.4409e-07
22	0	50890962	51304566	0.991938
22	1	410608	51304566	0.00800334
22	2	2996	51304566	5.83964e-05
X	0	154076251	155270560	0.992308
X	1	1186875	155270560	0.00764392
X	2	7303	155270560	4.7034e-05
X	3	105	155270560	6.76239e-07
X	4	26	155270560	1.6745e-07
Y	0	59369703	59373566	0.999935
Y	1	3620	59373566	6.09699e-05
Y	2	199	59373566	3.35166e-06
Y	3	44	59373566	7.4107e-07
genome	0	3057656372	3095677412	0.987718
genome	1	37639142	3095677412	0.0121586
genome	2	358404	3095677412	0.000115776
genome	3	9459	3095677412	3.05555e-06
genome	4	3298	3095677412	1.06536e-06
genome	5	2411	3095677412	7.78828e-07
genome	6	1910	3095677412	6.16989e-07
genome	7	1140	3095677412	3.68255e-07
genome	8	1053	3095677412	3.40152e-07
genome	9	826	3095677412	2.66824e-07
genome	10	506	3095677412	1.63454e-07
genome	11	489	3095677412	1.57962e-07
genome	12	333	3095677412	1.07569e-07
genome	13	286	3095677412	9.23869e-08
genome	14	232	3095677412	7.49432e-08
genome	15	277	3095677412	8.94796e-08
genome	16	231	3095677412	7.46202e-08
genome	17	185	3095677412	5.97608e-08
genome	18	102	3095677412	3.29492e-08
genome	19	100	3095677412	3.23031e-08
genome	20	57	3095677412	1.84128e-08
genome	21	65	3095677412	2.0997e-08
genome	22	70	3095677412	2.26122e-08
genome	23	41	3095677412	1.32443e-08
genome	24	47	3095677412	1.51825e-08
genome	25	25	3095677412	8.07578e-09
genome	26	31	3095677412	1.0014e-08
genome	27	33	3095677412	1.066e-08
genome	28	32	3095677412	1.0337e-08
genome	29	41	3095677412	1.32443e-08
genome	30	11	3095677412	3.55334e-09
genome	31	11	3095677412	3.55334e-09
genome	32	6	3095677412	1.93819e-09
genome	33	8	3095677412	2.58425e-09
genome	34	35	3095677412	1.13061e-08
genome	35	8	3095677412	2.58425e-09
genome	36	10	3095677412	3.23031e-09
genome	37	9	3095677412	2.90728e-09
genome	38	3	3095677412	9.69093e-10
genome	39	2	3095677412	6.46062e-10
genome	41	1	3095677412	3.23031e-10
genome	42	1	3095677412	3.23031e-10
genome	43	1	3095677412	3.23031e-10
genome	44	3	3095677412	9.69093e-10
genome	45	12	3095677412	3.87637e-09
genome	46	8	3095677412	2.58425e-09
genome	47	7	3095677412	2.26122e-09
genome	48	7	3095677412	2.26122e-09
genome	49	5	3095677412	1.61516e-09
genome	50	6	3095677412	1.93819e-09
genome	55	1	3095677412	3.23031e-10
genome	58	1	3095677412	3.23031e-10
genome	61	2	3095677412	6.46062e-10
genome	64	1	3095677412	3.23031e-10
genome	65	1	3095677412	3.23031e-10
genome	70	1	3095677412	3.23031e-10
genome	73	1	3095677412	3.23031e-10
genome	76	1	3095677412	3.23031e-10
genome	79	1	3095677412	3.23031e-10
genome	80	1	3095677412	3.23031e-10
genome	83	1	3095677412	3.23031e-10
genome	86	1	3095677412	3.23031e-10
genome	89	1	3095677412	3.23031e-10
genome	94	2	3095677412	6.46062e-10
genome	98	2	3095677412	6.46062e-10
genome	102	1	3095677412	3.23031e-10
genome	105	1	3095677412	3.23031e-10
genome	109	1	3095677412	3.23031e-10
genome	115	1	3095677412	3.23031e-10
genome	119	1	3095677412	3.23031e-10
genome	124	1	3095677412	3.23031e-10
genome	131	1	3095677412	3.23031e-10
genome	132	1	3095677412	3.23031e-10
genome	134	1	3095677412	3.23031e-10
genome	136	1	3095677412	3.23031e-10
genome	137	1	3095677412	3.23031e-10
genome	139	1	3095677412	3.23031e-10
genome	144	1	3095677412	3.23031e-10
genome	148	1	3095677412	3.23031e-10
genome	150	6	3095677412	1.93819e-09
genome	151	1	3095677412	3.23031e-10
genome	152	2	3095677412	6.46062e-10
genome	154	1	3095677412	3.23031e-10
genome	155	12	3095677412	3.87637e-09
genome	156	6	3095677412	1.93819e-09
