chrM	0	15500	16571	0.935369
chrM	1	1042	16571	0.0628809
chrM	2	29	16571	0.00175005
chr1	0	245364660	249250621	0.984409
chr1	1	3849022	249250621	0.0154424
chr1	2	34496	249250621	0.000138399
chr1	3	710	249250621	2.84854e-06
chr1	4	250	249250621	1.00301e-06
chr1	5	123	249250621	4.93479e-07
chr1	6	89	249250621	3.5707e-07
chr1	7	78	249250621	3.12938e-07
chr1	8	50	249250621	2.00601e-07
chr1	9	35	249250621	1.40421e-07
chr1	10	39	249250621	1.56469e-07
chr1	11	50	249250621	2.00601e-07
chr1	12	40	249250621	1.60481e-07
chr1	13	33	249250621	1.32397e-07
chr1	14	49	249250621	1.96589e-07
chr1	15	47	249250621	1.88565e-07
chr1	16	33	249250621	1.32397e-07
chr1	17	51	249250621	2.04613e-07
chr1	18	37	249250621	1.48445e-07
chr1	19	33	249250621	1.32397e-07
chr1	20	40	249250621	1.60481e-07
chr1	21	45	249250621	1.80541e-07
chr1	22	50	249250621	2.00601e-07
chr1	23	42	249250621	1.68505e-07
chr1	24	33	249250621	1.32397e-07
chr1	25	28	249250621	1.12337e-07
chr1	26	23	249250621	9.22766e-08
chr1	27	18	249250621	7.22165e-08
chr1	28	24	249250621	9.62886e-08
chr1	29	17	249250621	6.82044e-08
chr1	30	21	249250621	8.42525e-08
chr1	31	22	249250621	8.82646e-08
chr1	32	7	249250621	2.80842e-08
chr1	33	18	249250621	7.22165e-08
chr1	34	15	249250621	6.01804e-08
chr1	35	7	249250621	2.80842e-08
chr1	36	9	249250621	3.61082e-08
chr1	37	8	249250621	3.20962e-08
chr1	38	10	249250621	4.01203e-08
chr1	39	10	249250621	4.01203e-08
chr1	40	5	249250621	2.00601e-08
chr1	41	23	249250621	9.22766e-08
chr1	42	20	249250621	8.02405e-08
chr1	43	24	249250621	9.62886e-08
chr1	44	19	249250621	7.62285e-08
chr1	45	32	249250621	1.28385e-07
chr1	46	25	249250621	1.00301e-07
chr1	47	27	249250621	1.08325e-07
chr1	48	18	249250621	7.22165e-08
chr1	49	18	249250621	7.22165e-08
chr1	50	17	249250621	6.82044e-08
chr1	51	12	249250621	4.81443e-08
chr1	52	5	249250621	2.00601e-08
chr1	53	3	249250621	1.20361e-08
chr1	54	1	249250621	4.01203e-09
chr2	0	239352169	243199373	0.984181
chr2	1	3792938	243199373	0.015596
chr2	2	41866	243199373	0.000172147
chr2	3	5484	243199373	2.25494e-05
chr2	4	3019	243199373	1.24137e-05
chr2	5	1759	243199373	7.23275e-06
chr2	6	881	243199373	3.62254e-06
chr2	7	533	243199373	2.19162e-06
chr2	8	238	243199373	9.78621e-07
chr2	9	142	243199373	5.83883e-07
chr2	10	105	243199373	4.31745e-07
chr2	11	45	243199373	1.85033e-07
chr2	12	59	243199373	2.42599e-07
chr2	13	18	243199373	7.40134e-08
chr2	14	23	243199373	9.45726e-08
chr2	15	31	243199373	1.27467e-07
chr2	16	19	243199373	7.81252e-08
chr2	17	14	243199373	5.75659e-08
chr2	18	28	243199373	1.15132e-07
chr2	19	2	243199373	8.22371e-09
chr3	0	195287854	198022430	0.986191
chr3	1	2714569	198022430	0.0137084
chr3	2	19648	198022430	9.92211e-05
chr3	3	183	198022430	9.24138e-07
chr3	4	49	198022430	2.47447e-07
chr3	5	8	198022430	4.03995e-08
chr3	6	5	198022430	2.52497e-08
chr3	7	8	198022430	4.03995e-08
chr3	8	4	198022430	2.01997e-08
chr3	9	12	198022430	6.05992e-08
chr3	10	5	198022430	2.52497e-08
chr3	11	5	198022430	2.52497e-08
chr3	12	3	198022430	1.51498e-08
chr3	13	2	198022430	1.00999e-08
chr3	14	3	198022430	1.51498e-08
chr3	15	1	198022430	5.04993e-09
chr3	16	1	198022430	5.04993e-09
chr3	17	10	198022430	5.04993e-08
chr3	18	15	198022430	7.5749e-08
chr3	19	9	198022430	4.54494e-08
chr3	20	2	198022430	1.00999e-08
chr3	21	6	198022430	3.02996e-08
chr3	22	10	198022430	5.04993e-08
chr3	23	8	198022430	4.03995e-08
chr3	24	2	198022430	1.00999e-08
chr3	25	4	198022430	2.01997e-08
chr3	26	3	198022430	1.51498e-08
chr3	27	1	198022430	5.04993e-09
chr4	0	189236467	191154276	0.989967
chr4	1	1894113	191154276	0.00990882
chr4	2	17224	191154276	9.01052e-05
chr4	3	3722	191154276	1.94712e-05
chr4	4	1388	191154276	7.26115e-06
chr4	5	715	191154276	3.74043e-06
chr4	6	263	191154276	1.37585e-06
chr4	7	165	191154276	8.63177e-07
chr4	8	92	191154276	4.81287e-07
chr4	9	29	191154276	1.5171e-07
chr4	10	40	191154276	2.09255e-07
chr4	11	14	191154276	7.32393e-08
chr4	12	3	191154276	1.56941e-08
chr4	13	4	191154276	2.09255e-08
chr4	14	8	191154276	4.1851e-08
chr4	15	6	191154276	3.13883e-08
chr4	16	19	191154276	9.93962e-08
chr4	17	4	191154276	2.09255e-08
chr5	0	178713164	180915260	0.987828
chr5	1	2187794	180915260	0.0120929
chr5	2	13925	180915260	7.69697e-05
chr5	3	236	180915260	1.30448e-06
chr5	4	59	180915260	3.2612e-07
chr5	5	43	180915260	2.3768e-07
chr5	6	6	180915260	3.31647e-08
chr5	7	3	180915260	1.65823e-08
chr5	8	30	180915260	1.65823e-07
chr6	0	167862605	171115067	0.980993
chr6	1	3215315	171115067	0.0187904
chr6	2	32699	171115067	0.000191094
chr6	3	706	171115067	4.12588e-06
chr6	4	496	171115067	2.89863e-06
chr6	5	421	171115067	2.46033e-06
chr6	6	499	171115067	2.91617e-06
chr6	7	441	171115067	2.57721e-06
chr6	8	487	171115067	2.84604e-06
chr6	9	423	171115067	2.47202e-06
chr6	10	306	171115067	1.78827e-06
chr6	11	199	171115067	1.16296e-06
chr6	12	189	171115067	1.10452e-06
chr6	13	85	171115067	4.96742e-07
chr6	14	55	171115067	3.21421e-07
chr6	15	30	171115067	1.75321e-07
chr6	16	24	171115067	1.40256e-07
chr6	17	52	171115067	3.03889e-07
chr6	18	29	171115067	1.69477e-07
chr6	19	6	171115067	3.50641e-08
chr7	0	156871971	159138663	0.985757
chr7	1	2239367	159138663	0.0140718
chr7	2	21022	159138663	0.000132099
chr7	3	1774	159138663	1.11475e-05
chr7	4	755	159138663	4.74429e-06
chr7	5	733	159138663	4.60605e-06
chr7	6	505	159138663	3.17333e-06
chr7	7	446	159138663	2.80259e-06
chr7	8	344	159138663	2.16164e-06
chr7	9	236	159138663	1.48298e-06
chr7	10	219	159138663	1.37616e-06
chr7	11	157	159138663	9.86561e-07
chr7	12	206	159138663	1.29447e-06
chr7	13	130	159138663	8.16898e-07
chr7	14	163	159138663	1.02426e-06
chr7	15	123	159138663	7.72911e-07
chr7	16	130	159138663	8.16898e-07
chr7	17	67	159138663	4.21016e-07
chr7	18	71	159138663	4.46152e-07
chr7	19	35	159138663	2.19934e-07
chr7	20	15	159138663	9.42574e-08
chr7	21	15	159138663	9.42574e-08
chr7	22	24	159138663	1.50812e-07
chr7	23	26	159138663	1.6338e-07
chr7	24	30	159138663	1.88515e-07
chr7	25	36	159138663	2.26218e-07
chr7	26	17	159138663	1.06825e-07
chr7	27	19	159138663	1.19393e-07
chr7	28	15	159138663	9.42574e-08
chr7	29	10	159138663	6.28383e-08
chr7	30	2	159138663	1.25677e-08
chr8	0	145131061	146364022	0.991576
chr8	1	1218709	146364022	0.00832656
chr8	2	9890	146364022	6.75713e-05
chr8	3	2122	146364022	1.44981e-05
chr8	4	1183	146364022	8.08259e-06
chr8	5	546	146364022	3.73043e-06
chr8	6	268	146364022	1.83105e-06
chr8	7	173	146364022	1.18198e-06
chr8	8	42	146364022	2.86956e-07
chr8	9	2	146364022	1.36646e-08
chr8	10	26	146364022	1.77639e-07
chr9	0	139875398	141213431	0.990525
chr9	1	1327853	141213431	0.00940316
chr9	2	8828	141213431	6.25153e-05
chr9	3	631	141213431	4.46841e-06
chr9	4	308	141213431	2.1811e-06
chr9	5	210	141213431	1.48711e-06
chr9	6	81	141213431	5.736e-07
chr9	7	103	141213431	7.29392e-07
chr9	8	12	141213431	8.49778e-08
chr9	9	7	141213431	4.95704e-08
chr10	0	133786513	135534747	0.987101
chr10	1	1706966	135534747	0.0125943
chr10	2	22541	135534747	0.000166312
chr10	3	5329	135534747	3.93183e-05
chr10	4	2758	135534747	2.0349e-05
chr10	5	1996	135534747	1.47269e-05
chr10	6	1595	135534747	1.17682e-05
chr10	7	1446	135534747	1.06689e-05
chr10	8	1066	135534747	7.86514e-06
chr10	9	740	135534747	5.45985e-06
chr10	10	654	135534747	4.82533e-06
chr10	11	673	135534747	4.96552e-06
chr10	12	542	135534747	3.99897e-06
chr10	13	428	135534747	3.15786e-06
chr10	14	291	135534747	2.14705e-06
chr10	15	268	135534747	1.97735e-06
chr10	16	215	135534747	1.58631e-06
chr10	17	175	135534747	1.29118e-06
chr10	18	118	135534747	8.70625e-07
chr10	19	98	135534747	7.23062e-07
chr10	20	53	135534747	3.91044e-07
chr10	21	42	135534747	3.09884e-07
chr10	22	30	135534747	2.21345e-07
chr10	23	48	135534747	3.54153e-07
chr10	24	44	135534747	3.2464e-07
chr10	25	43	135534747	3.17262e-07
chr10	26	28	135534747	2.06589e-07
chr10	27	22	135534747	1.6232e-07
chr10	28	17	135534747	1.25429e-07
chr10	29	8	135534747	5.90255e-08
chr11	0	133034171	135006516	0.985391
chr11	1	1954153	135006516	0.0144745
chr11	2	15615	135006516	0.000115661
chr11	3	1053	135006516	7.79962e-06
chr11	4	381	135006516	2.82209e-06
chr11	5	264	135006516	1.95546e-06
chr11	6	257	135006516	1.90361e-06
chr11	7	198	135006516	1.4666e-06
chr11	8	155	135006516	1.14809e-06
chr11	9	126	135006516	9.33288e-07
chr11	10	85	135006516	6.29599e-07
chr11	11	22	135006516	1.62955e-07
chr11	12	12	135006516	8.88846e-08
chr11	13	10	135006516	7.40705e-08
chr11	14	14	135006516	1.03699e-07
chr12	0	131738906	133851895	0.984214
chr12	1	2089303	133851895	0.0156091
chr12	2	22888	133851895	0.000170995
chr12	3	601	133851895	4.49004e-06
chr12	4	103	133851895	7.69507e-07
chr12	5	53	133851895	3.9596e-07
chr12	6	6	133851895	4.48257e-08
chr12	7	25	133851895	1.86774e-07
chr12	8	10	133851895	7.47094e-08
chr13	0	114167224	115169878	0.991294
chr13	1	997459	115169878	0.00866076
chr13	2	5194	115169878	4.50986e-05
chr13	3	1	115169878	8.68283e-09
chr14	0	106539005	107349540	0.99245
chr14	1	806633	107349540	0.00751408
chr14	2	3652	107349540	3.40197e-05
chr14	3	109	107349540	1.01537e-06
chr14	4	62	107349540	5.77553e-07
chr14	5	15	107349540	1.3973e-07
chr14	6	35	107349540	3.26038e-07
chr14	7	29	107349540	2.70146e-07
chr15	0	101489681	102531392	0.98984
chr15	1	1035258	102531392	0.010097
chr15	2	6417	102531392	6.25857e-05
chr15	3	36	102531392	3.51112e-07
chr16	0	89378033	90354753	0.98919
chr16	1	944439	90354753	0.0104526
chr16	2	16254	90354753	0.000179891
chr16	3	6974	90354753	7.71847e-05
chr16	4	4255	90354753	4.70922e-05
chr16	5	2392	90354753	2.64734e-05
chr16	6	1215	90354753	1.3447e-05
chr16	7	640	90354753	7.08319e-06
chr16	8	300	90354753	3.32025e-06
chr16	9	148	90354753	1.63799e-06
chr16	10	50	90354753	5.53374e-07
chr16	11	37	90354753	4.09497e-07
chr16	12	16	90354753	1.7708e-07
chr17	0	80348978	81195210	0.989578
chr17	1	839658	81195210	0.0103412
chr17	2	5917	81195210	7.28738e-05
chr17	3	404	81195210	4.97566e-06
chr17	4	136	81195210	1.67498e-06
chr17	5	100	81195210	1.2316e-06
chr17	6	17	81195210	2.09372e-07
chr18	0	76507788	78077248	0.979899
chr18	1	1550408	78077248	0.0198574
chr18	2	16867	78077248	0.00021603
chr18	3	739	78077248	9.46498e-06
chr18	4	303	78077248	3.88077e-06
chr18	5	189	78077248	2.42068e-06
chr18	6	193	78077248	2.47191e-06
chr18	7	144	78077248	1.84433e-06
chr18	8	125	78077248	1.60098e-06
chr18	9	120	78077248	1.53694e-06
chr18	10	64	78077248	8.19701e-07
chr18	11	45	78077248	5.76352e-07
chr18	12	62	78077248	7.94085e-07
chr18	13	37	78077248	4.7389e-07
chr18	14	39	78077248	4.99505e-07
chr18	15	43	78077248	5.50737e-07
chr18	16	18	78077248	2.30541e-07
chr18	17	11	78077248	1.40886e-07
chr18	18	20	78077248	2.56157e-07
chr18	19	8	78077248	1.02463e-07
chr18	20	4	78077248	5.12313e-08
chr18	21	5	78077248	6.40391e-08
chr18	22	7	78077248	8.96548e-08
chr18	23	5	78077248	6.40391e-08
chr18	24	4	78077248	5.12313e-08
chr19	0	58507989	59128983	0.989498
chr19	1	612240	59128983	0.0103543
chr19	2	4728	59128983	7.99608e-05
chr19	3	835	59128983	1.41217e-05
chr19	4	626	59128983	1.0587e-05
chr19	5	409	59128983	6.91708e-06
chr19	6	336	59128983	5.68249e-06
chr19	7	322	59128983	5.44572e-06
chr19	8	282	59128983	4.76923e-06
chr19	9	185	59128983	3.12875e-06
chr19	10	136	59128983	2.30006e-06
chr19	11	112	59128983	1.89416e-06
chr19	12	90	59128983	1.5221e-06
chr19	13	89	59128983	1.50518e-06
chr19	14	103	59128983	1.74195e-06
chr19	15	72	59128983	1.21768e-06
chr19	16	48	59128983	8.11785e-07
chr19	17	30	59128983	5.07365e-07
chr19	18	41	59128983	6.93399e-07
chr19	19	59	59128983	9.97819e-07
chr19	20	57	59128983	9.63994e-07
chr19	21	51	59128983	8.62521e-07
chr19	22	47	59128983	7.94872e-07
chr19	23	25	59128983	4.22805e-07
chr19	24	13	59128983	2.19858e-07
chr19	25	16	59128983	2.70595e-07
chr19	26	7	59128983	1.18385e-07
chr19	27	9	59128983	1.5221e-07
chr19	28	6	59128983	1.01473e-07
chr19	29	6	59128983	1.01473e-07
chr19	30	12	59128983	2.02946e-07
chr19	31	2	59128983	3.38244e-08
chr20	0	62007800	63025520	0.983852
chr20	1	1008424	63025520	0.0160002
chr20	2	8820	63025520	0.000139943
chr20	3	290	63025520	4.60131e-06
chr20	4	144	63025520	2.28479e-06
chr20	5	12	63025520	1.90399e-07
chr20	6	30	63025520	4.75998e-07
chr21	0	47705817	48129895	0.991189
chr21	1	418450	48129895	0.00869418
chr21	2	4617	48129895	9.59279e-05
chr21	3	653	48129895	1.35675e-05
chr21	4	185	48129895	3.84376e-06
chr21	5	42	48129895	8.72639e-07
chr21	6	27	48129895	5.60982e-07
chr21	7	21	48129895	4.36319e-07
chr21	8	33	48129895	6.85645e-07
chr21	9	30	48129895	6.23313e-07
chr21	10	10	48129895	2.07771e-07
chr21	11	6	48129895	1.24663e-07
chr21	12	4	48129895	8.31084e-08
chr22	0	50994781	51304566	0.993962
chr22	1	307723	51304566	0.00599797
chr22	2	1855	51304566	3.61566e-05
chr22	3	108	51304566	2.10508e-06
chr22	4	67	51304566	1.30593e-06
chr22	5	17	51304566	3.31354e-07
chr22	6	15	51304566	2.92372e-07
chrX	0	153671649	155270560	0.989702
chrX	1	1586515	155270560	0.0102177
chrX	2	11524	155270560	7.42188e-05
chrX	3	569	155270560	3.66457e-06
chrX	4	146	155270560	9.40294e-07
chrX	5	40	155270560	2.57615e-07
chrX	6	39	155270560	2.51174e-07
chrX	7	7	155270560	4.50826e-08
chrX	8	18	155270560	1.15927e-07
chrX	9	15	155270560	9.66056e-08
chrX	10	34	155270560	2.18973e-07
chrX	11	4	155270560	2.57615e-08
chrY	0	59276922	59373566	0.998372
chrY	1	89989	59373566	0.00151564
chrY	2	4580	59373566	7.71387e-05
chrY	3	1389	59373566	2.33942e-05
chrY	4	375	59373566	6.31594e-06
chrY	5	112	59373566	1.88636e-06
chrY	6	69	59373566	1.16213e-06
chrY	7	30	59373566	5.05275e-07
chrY	8	19	59373566	3.20008e-07
chrY	9	14	59373566	2.35795e-07
chrY	10	21	59373566	3.53693e-07
chrY	11	40	59373566	6.737e-07
chrY	12	6	59373566	1.01055e-07
chr1_gl000191_random	0	105433	106433	0.990604
chr1_gl000191_random	1	1000	106433	0.00939558
chr1_gl000192_random	0	539682	547496	0.985728
chr1_gl000192_random	1	7728	547496	0.0141152
chr1_gl000192_random	2	86	547496	0.000157079
chr4_ctg9_hap1	0	586361	590426	0.993115
chr4_ctg9_hap1	1	4030	590426	0.00682558
chr4_ctg9_hap1	2	35	590426	5.92792e-05
chr4_gl000193_random	0	184861	189789	0.974034
chr4_gl000193_random	1	4856	189789	0.0255863
chr4_gl000193_random	2	72	189789	0.000379369
chr4_gl000194_random	0	188919	191469	0.986682
chr4_gl000194_random	1	2550	191469	0.0133181
chr6_apd_hap1	0	4615790	4622290	0.998594
chr6_apd_hap1	1	6500	4622290	0.00140623
chr6_cox_hap2	0	4779332	4795371	0.996655
chr6_cox_hap2	1	16028	4795371	0.00334239
chr6_cox_hap2	2	11	4795371	2.29388e-06
chr6_dbb_hap3	0	4596446	4610396	0.996974
chr6_dbb_hap3	1	13950	4610396	0.00302577
chr6_mann_hap4	0	4672125	4683263	0.997622
chr6_mann_hap4	1	11076	4683263	0.00236502
chr6_mann_hap4	2	62	4683263	1.32386e-05
chr6_mcf_hap5	0	4823848	4833398	0.998024
chr6_mcf_hap5	1	9550	4833398	0.00197584
chr6_qbl_hap6	0	4600785	4611984	0.997572
chr6_qbl_hap6	1	11198	4611984	0.00242802
chr6_qbl_hap6	2	1	4611984	2.16826e-07
chr6_ssto_hap7	0	4915575	4928567	0.997364
chr6_ssto_hap7	1	12934	4928567	0.00262429
chr6_ssto_hap7	2	58	4928567	1.17681e-05
chr7_gl000195_random	0	178620	182896	0.976621
chr7_gl000195_random	1	4252	182896	0.0232482
chr7_gl000195_random	2	24	182896	0.000131222
chr8_gl000196_random	0	38664	38914	0.993576
chr8_gl000196_random	1	250	38914	0.00642442
chr8_gl000197_random	0	37125	37175	0.998655
chr8_gl000197_random	1	50	37175	0.00134499
chr9_gl000198_random	0	85674	90085	0.951035
chr9_gl000198_random	1	4272	90085	0.0474219
chr9_gl000198_random	2	139	90085	0.00154299
chr9_gl000199_random	0	128216	169874	0.754771
chr9_gl000199_random	1	30854	169874	0.181629
chr9_gl000199_random	2	7773	169874	0.0457574
chr9_gl000199_random	3	1938	169874	0.0114085
chr9_gl000199_random	4	553	169874	0.00325535
chr9_gl000199_random	5	199	169874	0.00117146
chr9_gl000199_random	6	113	169874	0.000665199
chr9_gl000199_random	7	34	169874	0.000200148
chr9_gl000199_random	8	19	169874	0.000111848
chr9_gl000199_random	9	18	169874	0.000105961
chr9_gl000199_random	10	19	169874	0.000111848
chr9_gl000199_random	11	19	169874	0.000111848
chr9_gl000199_random	12	12	169874	7.06406e-05
chr9_gl000199_random	13	9	169874	5.29804e-05
chr9_gl000199_random	14	13	169874	7.65273e-05
chr9_gl000199_random	15	27	169874	0.000158941
chr9_gl000199_random	16	39	169874	0.000229582
chr9_gl000199_random	17	14	169874	8.2414e-05
chr9_gl000199_random	18	5	169874	2.94336e-05
chr9_gl000200_random	0	185635	187035	0.992515
chr9_gl000200_random	1	1400	187035	0.00748523
chr9_gl000201_random	0	36048	36148	0.997234
chr9_gl000201_random	1	100	36148	0.0027664
chr11_gl000202_random	0	39853	40103	0.993766
chr11_gl000202_random	1	250	40103	0.00623395
chr17_ctg5_hap1	0	1672902	1680828	0.995284
chr17_ctg5_hap1	1	7902	1680828	0.00470125
chr17_ctg5_hap1	2	24	1680828	1.42787e-05
chr17_gl000203_random	0	37048	37498	0.987999
chr17_gl000203_random	1	450	37498	0.0120006
chr17_gl000204_random	0	80210	81310	0.986472
chr17_gl000204_random	1	1100	81310	0.0135285
chr17_gl000205_random	0	170180	174588	0.974752
chr17_gl000205_random	1	4366	174588	0.0250074
chr17_gl000205_random	2	42	174588	0.000240566
chr17_gl000206_random	0	40751	41001	0.993903
chr17_gl000206_random	1	250	41001	0.00609741
chr18_gl000207_random	0	4212	4262	0.988268
chr18_gl000207_random	1	50	4262	0.0117316
chr19_gl000208_random	0	86349	92689	0.931599
chr19_gl000208_random	1	5725	92689	0.0617657
chr19_gl000208_random	2	460	92689	0.00496283
chr19_gl000208_random	3	34	92689	0.000366818
chr19_gl000208_random	4	52	92689	0.000561016
chr19_gl000208_random	5	69	92689	0.000744425
chr19_gl000209_random	0	158669	159169	0.996859
chr19_gl000209_random	1	500	159169	0.00314132
chr21_gl000210_random	0	27432	27682	0.990969
chr21_gl000210_random	1	250	27682	0.00903114
chrUn_gl000211	0	163576	166566	0.982049
chrUn_gl000211	1	2930	166566	0.0175906
chrUn_gl000211	2	60	166566	0.000360218
chrUn_gl000212	0	183767	186858	0.983458
chrUn_gl000212	1	3082	186858	0.0164938
chrUn_gl000212	2	9	186858	4.81649e-05
chrUn_gl000213	0	163039	164239	0.992694
chrUn_gl000213	1	1200	164239	0.00730643
chrUn_gl000214	0	132415	137718	0.961494
chrUn_gl000214	1	5006	137718	0.0363496
chrUn_gl000214	2	297	137718	0.00215658
chrUn_gl000215	0	170581	172545	0.988617
chrUn_gl000215	1	1928	172545	0.0111739
chrUn_gl000215	2	36	172545	0.000208641
chrUn_gl000216	0	153673	172294	0.891923
chrUn_gl000216	1	13931	172294	0.080856
chrUn_gl000216	2	2771	172294	0.016083
chrUn_gl000216	3	1073	172294	0.00622773
chrUn_gl000216	4	411	172294	0.00238546
chrUn_gl000216	5	277	172294	0.00160772
chrUn_gl000216	6	72	172294	0.00041789
chrUn_gl000216	7	21	172294	0.000121885
chrUn_gl000216	8	33	172294	0.000191533
chrUn_gl000216	9	5	172294	2.90202e-05
chrUn_gl000216	10	6	172294	3.48242e-05
chrUn_gl000216	11	21	172294	0.000121885
chrUn_gl000217	0	168873	172149	0.98097
chrUn_gl000217	1	3202	172149	0.0186002
chrUn_gl000217	2	74	172149	0.00042986
chrUn_gl000218	0	157702	161147	0.978622
chrUn_gl000218	1	3340	161147	0.0207264
chrUn_gl000218	2	105	161147	0.000651579
chrUn_gl000219	0	174153	179198	0.971847
chrUn_gl000219	1	4990	179198	0.0278463
chrUn_gl000219	2	55	179198	0.000306923
chrUn_gl000220	0	122558	161802	0.757457
chrUn_gl000220	1	21558	161802	0.133237
chrUn_gl000220	2	9424	161802	0.058244
chrUn_gl000220	3	4800	161802	0.0296659
chrUn_gl000220	4	2108	161802	0.0130283
chrUn_gl000220	5	1011	161802	0.00624838
chrUn_gl000220	6	270	161802	0.00166871
chrUn_gl000220	7	56	161802	0.000346102
chrUn_gl000220	8	17	161802	0.000105067
chrUn_gl000221	0	152274	155397	0.979903
chrUn_gl000221	1	3096	155397	0.0199232
chrUn_gl000221	2	27	155397	0.000173749
chrUn_gl000222	0	184711	186861	0.988494
chrUn_gl000222	1	2150	186861	0.0115059
chrUn_gl000223	0	178955	180455	0.991688
chrUn_gl000223	1	1500	180455	0.00831232
chrUn_gl000224	0	172544	179693	0.960215
chrUn_gl000224	1	6798	179693	0.0378312
chrUn_gl000224	2	351	179693	0.00195333
chrUn_gl000225	0	190955	211173	0.904259
chrUn_gl000225	1	17201	211173	0.0814545
chrUn_gl000225	2	2323	211173	0.0110005
chrUn_gl000225	3	369	211173	0.00174738
chrUn_gl000225	4	164	211173	0.000776614
chrUn_gl000225	5	53	211173	0.000250979
chrUn_gl000225	6	26	211173	0.000123122
chrUn_gl000225	7	26	211173	0.000123122
chrUn_gl000225	8	5	211173	2.36773e-05
chrUn_gl000225	9	2	211173	9.47091e-06
chrUn_gl000225	10	5	211173	2.36773e-05
chrUn_gl000225	11	9	211173	4.26191e-05
chrUn_gl000225	12	4	211173	1.89418e-05
chrUn_gl000225	13	2	211173	9.47091e-06
chrUn_gl000225	14	2	211173	9.47091e-06
chrUn_gl000225	15	12	211173	5.68254e-05
chrUn_gl000225	16	7	211173	3.31482e-05
chrUn_gl000225	17	8	211173	3.78836e-05
chrUn_gl000226	0	1568	15008	0.104478
chrUn_gl000226	1	3173	15008	0.211421
chrUn_gl000226	2	3089	15008	0.205824
chrUn_gl000226	3	2670	15008	0.177905
chrUn_gl000226	4	2022	15008	0.134728
chrUn_gl000226	5	1259	15008	0.0838886
chrUn_gl000226	6	733	15008	0.0488406
chrUn_gl000226	7	266	15008	0.0177239
chrUn_gl000226	8	135	15008	0.0089952
chrUn_gl000226	9	64	15008	0.00426439
chrUn_gl000226	10	29	15008	0.0019323
chrUn_gl000227	0	126924	128374	0.988705
chrUn_gl000227	1	1450	128374	0.0112951
chrUn_gl000228	0	126386	129120	0.978826
chrUn_gl000228	1	2390	129120	0.0185099
chrUn_gl000228	2	224	129120	0.00173482
chrUn_gl000228	3	76	129120	0.0005886
chrUn_gl000228	4	36	129120	0.00027881
chrUn_gl000228	5	8	129120	6.19579e-05
chrUn_gl000229	0	19213	19913	0.964847
chrUn_gl000229	1	700	19913	0.0351529
chrUn_gl000230	0	43041	43691	0.985123
chrUn_gl000230	1	650	43691	0.0148772
chrUn_gl000231	0	26536	27386	0.968962
chrUn_gl000231	1	850	27386	0.0310378
chrUn_gl000232	0	39150	40652	0.963052
chrUn_gl000232	1	1454	40652	0.035767
chrUn_gl000232	2	48	40652	0.00118075
chrUn_gl000233	0	45241	45941	0.984763
chrUn_gl000233	1	700	45941	0.0152369
chrUn_gl000234	0	39114	40531	0.965039
chrUn_gl000234	1	1384	40531	0.0341467
chrUn_gl000234	2	33	40531	0.000814192
chrUn_gl000235	0	33661	34474	0.976417
chrUn_gl000235	1	762	34474	0.0221036
chrUn_gl000235	2	2	34474	5.80147e-05
chrUn_gl000235	3	12	34474	0.000348088
chrUn_gl000235	4	37	34474	0.00107327
chrUn_gl000236	0	41484	41934	0.989269
chrUn_gl000236	1	450	41934	0.0107311
chrUn_gl000237	0	44879	45867	0.978459
chrUn_gl000237	1	926	45867	0.0201888
chrUn_gl000237	2	62	45867	0.00135173
chrUn_gl000238	0	39589	39939	0.991237
chrUn_gl000238	1	350	39939	0.00876336
chrUn_gl000239	0	33374	33824	0.986696
chrUn_gl000239	1	450	33824	0.0133042
chrUn_gl000240	0	41333	41933	0.985691
chrUn_gl000240	1	600	41933	0.0143085
chrUn_gl000241	0	40524	42152	0.961378
chrUn_gl000241	1	1606	42152	0.0381002
chrUn_gl000241	2	22	42152	0.000521921
chrUn_gl000242	0	43223	43523	0.993107
chrUn_gl000242	1	300	43523	0.00689291
chrUn_gl000243	0	42041	43341	0.970005
chrUn_gl000243	1	1300	43341	0.0299947
chrUn_gl000244	0	39579	39929	0.991234
chrUn_gl000244	1	350	39929	0.00876556
chrUn_gl000245	0	35336	36651	0.964121
chrUn_gl000245	1	1280	36651	0.034924
chrUn_gl000245	2	35	36651	0.000954953
chrUn_gl000246	0	37754	38154	0.989516
chrUn_gl000246	1	400	38154	0.0104838
chrUn_gl000247	0	35572	36422	0.976662
chrUn_gl000247	1	850	36422	0.0233375
chrUn_gl000248	0	39536	39786	0.993716
chrUn_gl000248	1	250	39786	0.00628362
chrUn_gl000249	0	38302	38502	0.994805
chrUn_gl000249	1	200	38502	0.00519454
genome	0	3098005987	3137161264	0.987519
genome	1	38666498	3137161264	0.0123253
genome	2	378930	3137161264	0.000120788
genome	3	45630	3137161264	1.4545e-05
genome	4	22431	3137161264	7.15009e-06
genome	5	13075	3137161264	4.16778e-06
genome	6	7645	3137161264	2.43692e-06
genome	7	5215	3137161264	1.66233e-06
genome	8	3516	3137161264	1.12076e-06
genome	9	2353	3137161264	7.50041e-07
genome	10	1853	3137161264	5.90661e-07
genome	11	1458	3137161264	4.64751e-07
genome	12	1248	3137161264	3.97812e-07
genome	13	847	3137161264	2.69989e-07
genome	14	763	3137161264	2.43214e-07
genome	15	660	3137161264	2.10381e-07
genome	16	553	3137161264	1.76274e-07
genome	17	436	3137161264	1.38979e-07
genome	18	364	3137161264	1.16028e-07
genome	19	250	3137161264	7.96899e-08
genome	20	171	3137161264	5.45079e-08
genome	21	164	3137161264	5.22766e-08
genome	22	168	3137161264	5.35516e-08
genome	23	154	3137161264	4.9089e-08
genome	24	126	3137161264	4.01637e-08
genome	25	127	3137161264	4.04825e-08
genome	26	78	3137161264	2.48632e-08
genome	27	69	3137161264	2.19944e-08
genome	28	62	3137161264	1.97631e-08
genome	29	41	3137161264	1.30691e-08
genome	30	35	3137161264	1.11566e-08
genome	31	24	3137161264	7.65023e-09
genome	32	7	3137161264	2.23132e-09
genome	33	18	3137161264	5.73767e-09
genome	34	15	3137161264	4.78139e-09
genome	35	7	3137161264	2.23132e-09
genome	36	9	3137161264	2.86884e-09
genome	37	8	3137161264	2.55008e-09
genome	38	10	3137161264	3.1876e-09
genome	39	10	3137161264	3.1876e-09
genome	40	5	3137161264	1.5938e-09
genome	41	23	3137161264	7.33147e-09
genome	42	20	3137161264	6.37519e-09
genome	43	24	3137161264	7.65023e-09
genome	44	19	3137161264	6.05643e-09
genome	45	32	3137161264	1.02003e-08
genome	46	25	3137161264	7.96899e-09
genome	47	27	3137161264	8.60651e-09
genome	48	18	3137161264	5.73767e-09
genome	49	18	3137161264	5.73767e-09
genome	50	17	3137161264	5.41891e-09
genome	51	12	3137161264	3.82511e-09
genome	52	5	3137161264	1.5938e-09
genome	53	3	3137161264	9.56279e-10
genome	54	1	3137161264	3.1876e-10
