chrM	0	13054	16571	0.787762
chrM	1	3128	16571	0.188763
chrM	2	345	16571	0.0208195
chrM	3	44	16571	0.00265524
chr1	0	245338419	249250621	0.984304
chr1	1	3873969	249250621	0.0155425
chr1	2	35880	249250621	0.000143951
chr1	3	671	249250621	2.69207e-06
chr1	4	344	249250621	1.38014e-06
chr1	5	73	249250621	2.92878e-07
chr1	6	62	249250621	2.48746e-07
chr1	7	46	249250621	1.84553e-07
chr1	8	21	249250621	8.42525e-08
chr1	9	30	249250621	1.20361e-07
chr1	10	34	249250621	1.36409e-07
chr1	11	32	249250621	1.28385e-07
chr1	12	40	249250621	1.60481e-07
chr1	13	34	249250621	1.36409e-07
chr1	14	30	249250621	1.20361e-07
chr1	15	43	249250621	1.72517e-07
chr1	16	59	249250621	2.3671e-07
chr1	17	95	249250621	3.81142e-07
chr1	18	70	249250621	2.80842e-07
chr1	19	59	249250621	2.3671e-07
chr1	20	43	249250621	1.72517e-07
chr1	21	34	249250621	1.36409e-07
chr1	22	23	249250621	9.22766e-08
chr1	23	30	249250621	1.20361e-07
chr1	24	30	249250621	1.20361e-07
chr1	25	29	249250621	1.16349e-07
chr1	26	21	249250621	8.42525e-08
chr1	27	24	249250621	9.62886e-08
chr1	28	7	249250621	2.80842e-08
chr1	29	14	249250621	5.61684e-08
chr1	30	16	249250621	6.41924e-08
chr1	31	13	249250621	5.21563e-08
chr1	32	16	249250621	6.41924e-08
chr1	33	23	249250621	9.22766e-08
chr1	34	26	249250621	1.04313e-07
chr1	35	33	249250621	1.32397e-07
chr1	36	29	249250621	1.16349e-07
chr1	37	14	249250621	5.61684e-08
chr1	38	26	249250621	1.04313e-07
chr1	39	21	249250621	8.42525e-08
chr1	40	23	249250621	9.22766e-08
chr1	41	27	249250621	1.08325e-07
chr1	42	22	249250621	8.82646e-08
chr1	43	8	249250621	3.20962e-08
chr1	44	8	249250621	3.20962e-08
chr1	45	11	249250621	4.41323e-08
chr1	46	11	249250621	4.41323e-08
chr1	47	9	249250621	3.61082e-08
chr1	48	10	249250621	4.01203e-08
chr1	49	8	249250621	3.20962e-08
chr1	50	1	249250621	4.01203e-09
chr2	0	239500381	243199373	0.98479
chr2	1	3651376	243199373	0.0150139
chr2	2	37653	243199373	0.000154824
chr2	3	4822	243199373	1.98274e-05
chr2	4	2433	243199373	1.00041e-05
chr2	5	1113	243199373	4.57649e-06
chr2	6	659	243199373	2.70971e-06
chr2	7	385	243199373	1.58306e-06
chr2	8	196	243199373	8.05923e-07
chr2	9	132	243199373	5.42765e-07
chr2	10	112	243199373	4.60528e-07
chr2	11	28	243199373	1.15132e-07
chr2	12	28	243199373	1.15132e-07
chr2	13	11	243199373	4.52304e-08
chr2	14	14	243199373	5.75659e-08
chr2	15	3	243199373	1.23356e-08
chr2	16	7	243199373	2.8783e-08
chr2	17	20	243199373	8.22371e-08
chr3	0	194984613	198022430	0.984659
chr3	1	3012430	198022430	0.0152126
chr3	2	24956	198022430	0.000126026
chr3	3	232	198022430	1.17158e-06
chr3	4	48	198022430	2.42397e-07
chr3	5	42	198022430	2.12097e-07
chr3	6	10	198022430	5.04993e-08
chr3	7	5	198022430	2.52497e-08
chr3	8	3	198022430	1.51498e-08
chr3	9	8	198022430	4.03995e-08
chr3	10	17	198022430	8.58489e-08
chr3	11	7	198022430	3.53495e-08
chr3	12	1	198022430	5.04993e-09
chr3	13	4	198022430	2.01997e-08
chr3	14	2	198022430	1.00999e-08
chr3	15	4	198022430	2.01997e-08
chr3	16	2	198022430	1.00999e-08
chr3	17	3	198022430	1.51498e-08
chr3	18	8	198022430	4.03995e-08
chr3	19	18	198022430	9.08988e-08
chr3	20	8	198022430	4.03995e-08
chr3	21	7	198022430	3.53495e-08
chr3	22	2	198022430	1.00999e-08
chr4	0	189435690	191154276	0.991009
chr4	1	1695317	191154276	0.00886884
chr4	2	16027	191154276	8.38433e-05
chr4	3	3643	191154276	1.90579e-05
chr4	4	1960	191154276	1.02535e-05
chr4	5	767	191154276	4.01247e-06
chr4	6	326	191154276	1.70543e-06
chr4	7	207	191154276	1.08289e-06
chr4	8	121	191154276	6.32997e-07
chr4	9	81	191154276	4.23742e-07
chr4	10	50	191154276	2.61569e-07
chr4	11	10	191154276	5.23138e-08
chr4	12	4	191154276	2.09255e-08
chr4	13	14	191154276	7.32393e-08
chr4	14	17	191154276	8.89334e-08
chr4	15	30	191154276	1.56941e-07
chr4	16	9	191154276	4.70824e-08
chr4	17	3	191154276	1.56941e-08
chr5	0	178812486	180915260	0.988377
chr5	1	2088734	180915260	0.0115454
chr5	2	13306	180915260	7.35482e-05
chr5	3	368	180915260	2.0341e-06
chr5	4	229	180915260	1.26579e-06
chr5	5	72	180915260	3.97976e-07
chr5	6	10	180915260	5.52745e-08
chr5	7	26	180915260	1.43714e-07
chr5	8	29	180915260	1.60296e-07
chr6	0	168087425	171115067	0.982306
chr6	1	2993927	171115067	0.0174966
chr6	2	29595	171115067	0.000172954
chr6	3	686	171115067	4.009e-06
chr6	4	479	171115067	2.79929e-06
chr6	5	346	171115067	2.02203e-06
chr6	6	405	171115067	2.36683e-06
chr6	7	371	171115067	2.16813e-06
chr6	8	377	171115067	2.2032e-06
chr6	9	351	171115067	2.05125e-06
chr6	10	276	171115067	1.61295e-06
chr6	11	283	171115067	1.65386e-06
chr6	12	211	171115067	1.23309e-06
chr6	13	151	171115067	8.82447e-07
chr6	14	113	171115067	6.60374e-07
chr6	15	59	171115067	3.44797e-07
chr6	16	12	171115067	7.01282e-08
chr7	0	156729385	159138663	0.984861
chr7	1	2381193	159138663	0.014963
chr7	2	22443	159138663	0.000141028
chr7	3	1349	159138663	8.47688e-06
chr7	4	938	159138663	5.89423e-06
chr7	5	559	159138663	3.51266e-06
chr7	6	490	159138663	3.07908e-06
chr7	7	436	159138663	2.73975e-06
chr7	8	342	159138663	2.14907e-06
chr7	9	272	159138663	1.7092e-06
chr7	10	206	159138663	1.29447e-06
chr7	11	172	159138663	1.08082e-06
chr7	12	149	159138663	9.3629e-07
chr7	13	124	159138663	7.79195e-07
chr7	14	106	159138663	6.66086e-07
chr7	15	88	159138663	5.52977e-07
chr7	16	59	159138663	3.70746e-07
chr7	17	67	159138663	4.21016e-07
chr7	18	59	159138663	3.70746e-07
chr7	19	63	159138663	3.95881e-07
chr7	20	48	159138663	3.01624e-07
chr7	21	40	159138663	2.51353e-07
chr7	22	22	159138663	1.38244e-07
chr7	23	16	159138663	1.00541e-07
chr7	24	12	159138663	7.54059e-08
chr7	25	9	159138663	5.65545e-08
chr7	26	2	159138663	1.25677e-08
chr7	27	6	159138663	3.7703e-08
chr7	28	8	159138663	5.02706e-08
chr8	0	145071802	146364022	0.991171
chr8	1	1277272	146364022	0.00872668
chr8	2	11229	146364022	7.67197e-05
chr8	3	2076	146364022	1.41838e-05
chr8	4	905	146364022	6.18321e-06
chr8	5	365	146364022	2.49378e-06
chr8	6	125	146364022	8.54035e-07
chr8	7	73	146364022	4.98756e-07
chr8	8	34	146364022	2.32298e-07
chr8	9	83	146364022	5.67079e-07
chr8	10	23	146364022	1.57142e-07
chr8	11	5	146364022	3.41614e-08
chr8	12	8	146364022	5.46582e-08
chr8	13	22	146364022	1.5031e-07
chr9	0	139540961	141213431	0.988156
chr9	1	1657400	141213431	0.0117368
chr9	2	13822	141213431	9.78802e-05
chr9	3	629	141213431	4.45425e-06
chr9	4	266	141213431	1.88367e-06
chr9	5	213	141213431	1.50836e-06
chr9	6	44	141213431	3.11585e-07
chr9	7	20	141213431	1.4163e-07
chr9	8	20	141213431	1.4163e-07
chr9	9	9	141213431	6.37333e-08
chr9	10	22	141213431	1.55793e-07
chr9	11	25	141213431	1.77037e-07
chr10	0	133862865	135534747	0.987665
chr10	1	1632438	135534747	0.0120444
chr10	2	21378	135534747	0.000157731
chr10	3	4940	135534747	3.64482e-05
chr10	4	3225	135534747	2.37946e-05
chr10	5	2204	135534747	1.62615e-05
chr10	6	1614	135534747	1.19084e-05
chr10	7	1344	135534747	9.91628e-06
chr10	8	948	135534747	6.99452e-06
chr10	9	757	135534747	5.58528e-06
chr10	10	643	135534747	4.74417e-06
chr10	11	506	135534747	3.73336e-06
chr10	12	384	135534747	2.83322e-06
chr10	13	312	135534747	2.30199e-06
chr10	14	219	135534747	1.61582e-06
chr10	15	206	135534747	1.51991e-06
chr10	16	161	135534747	1.18789e-06
chr10	17	145	135534747	1.06984e-06
chr10	18	118	135534747	8.70625e-07
chr10	19	76	135534747	5.60742e-07
chr10	20	67	135534747	4.94338e-07
chr10	21	54	135534747	3.98422e-07
chr10	22	46	135534747	3.39396e-07
chr10	23	24	135534747	1.77076e-07
chr10	24	22	135534747	1.6232e-07
chr10	25	16	135534747	1.18051e-07
chr10	26	9	135534747	6.64036e-08
chr10	27	2	135534747	1.47564e-08
chr10	28	2	135534747	1.47564e-08
chr10	29	2	135534747	1.47564e-08
chr10	30	2	135534747	1.47564e-08
chr10	31	5	135534747	3.68909e-08
chr10	32	10	135534747	7.37818e-08
chr10	33	3	135534747	2.21345e-08
chr11	0	133089411	135006516	0.9858
chr11	1	1897612	135006516	0.0140557
chr11	2	17261	135006516	0.000127853
chr11	3	826	135006516	6.11822e-06
chr11	4	570	135006516	4.22202e-06
chr11	5	235	135006516	1.74066e-06
chr11	6	359	135006516	2.65913e-06
chr11	7	162	135006516	1.19994e-06
chr11	8	26	135006516	1.92583e-07
chr11	9	24	135006516	1.77769e-07
chr11	10	9	135006516	6.66635e-08
chr11	11	21	135006516	1.55548e-07
chr12	0	131570147	133851895	0.982953
chr12	1	2257237	133851895	0.0168637
chr12	2	23482	133851895	0.000175433
chr12	3	681	133851895	5.08771e-06
chr12	4	145	133851895	1.08329e-06
chr12	5	93	133851895	6.94798e-07
chr12	6	70	133851895	5.22966e-07
chr12	7	29	133851895	2.16657e-07
chr12	8	11	133851895	8.21804e-08
chr13	0	114210425	115169878	0.991669
chr13	1	955706	115169878	0.00829823
chr13	2	3747	115169878	3.25345e-05
chr14	0	106580791	107349540	0.992839
chr14	1	764730	107349540	0.00712374
chr14	2	3840	107349540	3.5771e-05
chr14	3	56	107349540	5.2166e-07
chr14	4	93	107349540	8.66329e-07
chr14	5	30	107349540	2.79461e-07
chr15	0	101609785	102531392	0.991011
chr15	1	916715	102531392	0.00894082
chr15	2	4891	102531392	4.77025e-05
chr15	3	1	102531392	9.75311e-09
chr16	0	89390116	90354753	0.989324
chr16	1	934197	90354753	0.0103392
chr16	2	16425	90354753	0.000181783
chr16	3	6696	90354753	7.41079e-05
chr16	4	3629	90354753	4.01639e-05
chr16	5	1944	90354753	2.15152e-05
chr16	6	916	90354753	1.01378e-05
chr16	7	460	90354753	5.09104e-06
chr16	8	164	90354753	1.81507e-06
chr16	9	107	90354753	1.18422e-06
chr16	10	55	90354753	6.08712e-07
chr16	11	40	90354753	4.42699e-07
chr16	12	4	90354753	4.42699e-08
chr17	0	80287546	81195210	0.988821
chr17	1	900236	81195210	0.0110873
chr17	2	6911	81195210	8.51159e-05
chr17	3	396	81195210	4.87714e-06
chr17	4	101	81195210	1.24392e-06
chr17	5	20	81195210	2.4632e-07
chr18	0	76392357	78077248	0.97842
chr18	1	1662297	78077248	0.0212904
chr18	2	20439	78077248	0.000261779
chr18	3	693	78077248	8.87583e-06
chr18	4	404	78077248	5.17436e-06
chr18	5	301	78077248	3.85516e-06
chr18	6	192	78077248	2.4591e-06
chr18	7	144	78077248	1.84433e-06
chr18	8	97	78077248	1.24236e-06
chr18	9	96	78077248	1.22955e-06
chr18	10	65	78077248	8.32509e-07
chr18	11	35	78077248	4.48274e-07
chr18	12	13	78077248	1.66502e-07
chr18	13	18	78077248	2.30541e-07
chr18	14	19	78077248	2.43349e-07
chr18	15	30	78077248	3.84235e-07
chr18	16	13	78077248	1.66502e-07
chr18	17	3	78077248	3.84235e-08
chr18	18	6	78077248	7.6847e-08
chr18	19	2	78077248	2.56157e-08
chr18	20	3	78077248	3.84235e-08
chr18	21	4	78077248	5.12313e-08
chr18	22	6	78077248	7.6847e-08
chr18	23	11	78077248	1.40886e-07
chr19	0	58495604	59128983	0.989288
chr19	1	624627	59128983	0.0105638
chr19	2	4917	59128983	8.31572e-05
chr19	3	686	59128983	1.16018e-05
chr19	4	457	59128983	7.72887e-06
chr19	5	382	59128983	6.46045e-06
chr19	6	481	59128983	8.13476e-06
chr19	7	380	59128983	6.42663e-06
chr19	8	322	59128983	5.44572e-06
chr19	9	185	59128983	3.12875e-06
chr19	10	94	59128983	1.58974e-06
chr19	11	79	59128983	1.33606e-06
chr19	12	107	59128983	1.8096e-06
chr19	13	58	59128983	9.80906e-07
chr19	14	95	59128983	1.60666e-06
chr19	15	65	59128983	1.09929e-06
chr19	16	77	59128983	1.30224e-06
chr19	17	92	59128983	1.55592e-06
chr19	18	37	59128983	6.25751e-07
chr19	19	41	59128983	6.93399e-07
chr19	20	29	59128983	4.90453e-07
chr19	21	55	59128983	9.3017e-07
chr19	22	31	59128983	5.24278e-07
chr19	23	22	59128983	3.72068e-07
chr19	24	23	59128983	3.8898e-07
chr19	25	24	59128983	4.05892e-07
chr19	26	13	59128983	2.19858e-07
chr20	0	62142737	63025520	0.985993
chr20	1	874761	63025520	0.0138795
chr20	2	7355	63025520	0.000116699
chr20	3	399	63025520	6.33077e-06
chr20	4	144	63025520	2.28479e-06
chr20	5	84	63025520	1.33279e-06
chr20	6	3	63025520	4.75998e-08
chr20	7	28	63025520	4.44264e-07
chr20	8	9	63025520	1.42799e-07
chr21	0	47662228	48129895	0.990283
chr21	1	461630	48129895	0.00959134
chr21	2	5212	48129895	0.00010829
chr21	3	466	48129895	9.68213e-06
chr21	4	107	48129895	2.22315e-06
chr21	5	144	48129895	2.9919e-06
chr21	6	10	48129895	2.07771e-07
chr21	7	11	48129895	2.28548e-07
chr21	8	7	48129895	1.4544e-07
chr21	9	43	48129895	8.93416e-07
chr21	10	3	48129895	6.23313e-08
chr21	11	3	48129895	6.23313e-08
chr21	12	11	48129895	2.28548e-07
chr21	13	5	48129895	1.03886e-07
chr21	14	15	48129895	3.11657e-07
chr22	0	50974079	51304566	0.993558
chr22	1	328187	51304566	0.00639684
chr22	2	2071	51304566	4.03668e-05
chr22	3	195	51304566	3.80083e-06
chr22	4	34	51304566	6.62709e-07
chrX	0	153782973	155270560	0.990419
chrX	1	1476473	155270560	0.00950903
chrX	2	10271	155270560	6.6149e-05
chrX	3	533	155270560	3.43272e-06
chrX	4	136	155270560	8.7589e-07
chrX	5	71	155270560	4.57266e-07
chrX	6	34	155270560	2.18973e-07
chrX	7	69	155270560	4.44386e-07
chrY	0	59283633	59373566	0.998485
chrY	1	82546	59373566	0.00139028
chrY	2	4828	59373566	8.13156e-05
chrY	3	1533	59373566	2.58196e-05
chrY	4	615	59373566	1.03581e-05
chrY	5	139	59373566	2.34111e-06
chrY	6	91	59373566	1.53267e-06
chrY	7	42	59373566	7.07385e-07
chrY	8	48	59373566	8.08441e-07
chrY	9	52	59373566	8.75811e-07
chrY	10	4	59373566	6.737e-08
chrY	11	4	59373566	6.737e-08
chrY	12	3	59373566	5.05275e-08
chrY	13	10	59373566	1.68425e-07
chrY	14	18	59373566	3.03165e-07
chr1_gl000191_random	0	105133	106433	0.987786
chr1_gl000191_random	1	1300	106433	0.0122143
chr1_gl000192_random	0	539572	547496	0.985527
chr1_gl000192_random	1	7848	547496	0.0143344
chr1_gl000192_random	2	76	547496	0.000138814
chr4_ctg9_hap1	0	587735	590426	0.995442
chr4_ctg9_hap1	1	2682	590426	0.00454248
chr4_ctg9_hap1	2	9	590426	1.52432e-05
chr4_gl000193_random	0	184481	189789	0.972032
chr4_gl000193_random	1	5266	189789	0.0277466
chr4_gl000193_random	2	42	189789	0.000221298
chr4_gl000194_random	0	188484	191469	0.98441
chr4_gl000194_random	1	2970	191469	0.0155116
chr4_gl000194_random	2	15	191469	7.83417e-05
chr6_apd_hap1	0	4613790	4622290	0.998161
chr6_apd_hap1	1	8500	4622290	0.00183892
chr6_cox_hap2	0	4778171	4795371	0.996413
chr6_cox_hap2	1	17200	4795371	0.00358679
chr6_dbb_hap3	0	4596203	4610396	0.996922
chr6_dbb_hap3	1	14186	4610396	0.00307696
chr6_dbb_hap3	2	7	4610396	1.51831e-06
chr6_mann_hap4	0	4669213	4683263	0.997
chr6_mann_hap4	1	14050	4683263	0.00300004
chr6_mcf_hap5	0	4820498	4833398	0.997331
chr6_mcf_hap5	1	12900	4833398	0.00266893
chr6_qbl_hap6	0	4595134	4611984	0.996346
chr6_qbl_hap6	1	16850	4611984	0.00365353
chr6_ssto_hap7	0	4914756	4928567	0.997198
chr6_ssto_hap7	1	13772	4928567	0.00279432
chr6_ssto_hap7	2	39	4928567	7.91305e-06
chr7_gl000195_random	0	177397	182896	0.969934
chr7_gl000195_random	1	5448	182896	0.0297874
chr7_gl000195_random	2	51	182896	0.000278847
chr8_gl000196_random	0	38714	38914	0.99486
chr8_gl000196_random	1	200	38914	0.00513954
chr8_gl000197_random	0	37075	37175	0.99731
chr8_gl000197_random	1	100	37175	0.00268998
chr9_gl000198_random	0	86200	90085	0.956874
chr9_gl000198_random	1	3820	90085	0.0424044
chr9_gl000198_random	2	65	90085	0.000721541
chr9_gl000199_random	0	123594	169874	0.727563
chr9_gl000199_random	1	34102	169874	0.200749
chr9_gl000199_random	2	8793	169874	0.0517619
chr9_gl000199_random	3	2306	169874	0.0135748
chr9_gl000199_random	4	621	169874	0.00365565
chr9_gl000199_random	5	183	169874	0.00107727
chr9_gl000199_random	6	66	169874	0.000388523
chr9_gl000199_random	7	48	169874	0.000282562
chr9_gl000199_random	8	12	169874	7.06406e-05
chr9_gl000199_random	9	8	169874	4.70937e-05
chr9_gl000199_random	10	14	169874	8.2414e-05
chr9_gl000199_random	11	11	169874	6.47539e-05
chr9_gl000199_random	12	16	169874	9.41875e-05
chr9_gl000199_random	13	18	169874	0.000105961
chr9_gl000199_random	14	5	169874	2.94336e-05
chr9_gl000199_random	15	14	169874	8.2414e-05
chr9_gl000199_random	16	12	169874	7.06406e-05
chr9_gl000199_random	17	17	169874	0.000100074
chr9_gl000199_random	18	3	169874	1.76601e-05
chr9_gl000199_random	19	9	169874	5.29804e-05
chr9_gl000199_random	20	4	169874	2.35469e-05
chr9_gl000199_random	21	4	169874	2.35469e-05
chr9_gl000199_random	22	14	169874	8.2414e-05
chr9_gl000200_random	0	185885	187035	0.993851
chr9_gl000200_random	1	1150	187035	0.00614858
chr9_gl000201_random	0	36048	36148	0.997234
chr9_gl000201_random	1	100	36148	0.0027664
chr11_gl000202_random	0	39553	40103	0.986285
chr11_gl000202_random	1	550	40103	0.0137147
chr17_ctg5_hap1	0	1671656	1680828	0.994543
chr17_ctg5_hap1	1	9094	1680828	0.00541043
chr17_ctg5_hap1	2	78	1680828	4.64057e-05
chr17_gl000203_random	0	36898	37498	0.983999
chr17_gl000203_random	1	600	37498	0.0160009
chr17_gl000204_random	0	80560	81310	0.990776
chr17_gl000204_random	1	750	81310	0.00922396
chr17_gl000205_random	0	170434	174588	0.976207
chr17_gl000205_random	1	4108	174588	0.0235297
chr17_gl000205_random	2	46	174588	0.000263477
chr17_gl000206_random	0	40701	41001	0.992683
chr17_gl000206_random	1	300	41001	0.00731689
chr18_gl000207_random	0	4112	4262	0.964805
chr18_gl000207_random	1	150	4262	0.0351947
chr19_gl000208_random	0	86579	92689	0.934081
chr19_gl000208_random	1	5658	92689	0.0610428
chr19_gl000208_random	2	402	92689	0.00433708
chr19_gl000208_random	3	19	92689	0.000204987
chr19_gl000208_random	4	24	92689	0.00025893
chr19_gl000208_random	5	7	92689	7.55214e-05
chr19_gl000209_random	0	158619	159169	0.996545
chr19_gl000209_random	1	550	159169	0.00345545
chr21_gl000210_random	0	27182	27682	0.981938
chr21_gl000210_random	1	500	27682	0.0180623
chrUn_gl000211	0	163900	166566	0.983994
chrUn_gl000211	1	2632	166566	0.0158015
chrUn_gl000211	2	34	166566	0.000204123
chrUn_gl000212	0	184658	186858	0.988226
chrUn_gl000212	1	2200	186858	0.0117736
chrUn_gl000213	0	162893	164239	0.991805
chrUn_gl000213	1	1342	164239	0.00817102
chrUn_gl000213	2	4	164239	2.43548e-05
chrUn_gl000214	0	133191	137718	0.967128
chrUn_gl000214	1	4354	137718	0.0316153
chrUn_gl000214	2	173	137718	0.00125619
chrUn_gl000215	0	171032	172545	0.991231
chrUn_gl000215	1	1476	172545	0.00855429
chrUn_gl000215	2	37	172545	0.000214437
chrUn_gl000216	0	153718	172294	0.892184
chrUn_gl000216	1	13658	172294	0.0792715
chrUn_gl000216	2	3292	172294	0.0191069
chrUn_gl000216	3	1044	172294	0.00605941
chrUn_gl000216	4	327	172294	0.00189792
chrUn_gl000216	5	176	172294	0.00102151
chrUn_gl000216	6	65	172294	0.000377262
chrUn_gl000216	7	14	172294	8.12565e-05
chrUn_gl000217	0	169249	172149	0.983154
chrUn_gl000217	1	2900	172149	0.0168459
chrUn_gl000218	0	157647	161147	0.978281
chrUn_gl000218	1	3500	161147	0.0217193
chrUn_gl000219	0	174010	179198	0.971049
chrUn_gl000219	1	5043	179198	0.0281421
chrUn_gl000219	2	128	179198	0.000714294
chrUn_gl000219	3	17	179198	9.48671e-05
chrUn_gl000220	0	124260	161802	0.767976
chrUn_gl000220	1	20179	161802	0.124714
chrUn_gl000220	2	8600	161802	0.0531514
chrUn_gl000220	3	4757	161802	0.0294001
chrUn_gl000220	4	2357	161802	0.0145672
chrUn_gl000220	5	1010	161802	0.0062422
chrUn_gl000220	6	424	161802	0.00262049
chrUn_gl000220	7	154	161802	0.000951781
chrUn_gl000220	8	49	161802	0.000302839
chrUn_gl000220	9	12	161802	7.41647e-05
chrUn_gl000221	0	152530	155397	0.98155
chrUn_gl000221	1	2834	155397	0.0182372
chrUn_gl000221	2	33	155397	0.000212359
chrUn_gl000222	0	184079	186861	0.985112
chrUn_gl000222	1	2764	186861	0.0147917
chrUn_gl000222	2	18	186861	9.63283e-05
chrUn_gl000223	0	178886	180455	0.991305
chrUn_gl000223	1	1538	180455	0.0085229
chrUn_gl000223	2	31	180455	0.000171788
chrUn_gl000224	0	173735	179693	0.966843
chrUn_gl000224	1	5545	179693	0.0308582
chrUn_gl000224	2	384	179693	0.00213698
chrUn_gl000224	3	29	179693	0.000161386
chrUn_gl000225	0	191751	211173	0.908028
chrUn_gl000225	1	16817	211173	0.0796361
chrUn_gl000225	2	2003	211173	0.00948511
chrUn_gl000225	3	371	211173	0.00175685
chrUn_gl000225	4	101	211173	0.000478281
chrUn_gl000225	5	46	211173	0.000217831
chrUn_gl000225	6	44	211173	0.00020836
chrUn_gl000225	7	5	211173	2.36773e-05
chrUn_gl000225	8	8	211173	3.78836e-05
chrUn_gl000225	9	7	211173	3.31482e-05
chrUn_gl000225	10	16	211173	7.57673e-05
chrUn_gl000225	11	4	211173	1.89418e-05
chrUn_gl000226	0	2029	15008	0.135195
chrUn_gl000226	1	3246	15008	0.216285
chrUn_gl000226	2	3100	15008	0.206556
chrUn_gl000226	3	2588	15008	0.172441
chrUn_gl000226	4	1883	15008	0.125466
chrUn_gl000226	5	1105	15008	0.0736274
chrUn_gl000226	6	584	15008	0.0389126
chrUn_gl000226	7	240	15008	0.0159915
chrUn_gl000226	8	146	15008	0.00972814
chrUn_gl000226	9	47	15008	0.00313166
chrUn_gl000226	10	32	15008	0.0021322
chrUn_gl000226	11	8	15008	0.000533049
chrUn_gl000227	0	126824	128374	0.987926
chrUn_gl000227	1	1550	128374	0.0120741
chrUn_gl000228	0	127003	129120	0.983604
chrUn_gl000228	1	1765	129120	0.0136695
chrUn_gl000228	2	228	129120	0.0017658
chrUn_gl000228	3	117	129120	0.000906134
chrUn_gl000228	4	7	129120	5.42131e-05
chrUn_gl000229	0	18813	19913	0.94476
chrUn_gl000229	1	1100	19913	0.0552403
chrUn_gl000230	0	43091	43691	0.986267
chrUn_gl000230	1	600	43691	0.0137328
chrUn_gl000231	0	26486	27386	0.967137
chrUn_gl000231	1	900	27386	0.0328635
chrUn_gl000232	0	39152	40652	0.963101
chrUn_gl000232	1	1500	40652	0.0368986
chrUn_gl000233	0	45091	45941	0.981498
chrUn_gl000233	1	850	45941	0.018502
chrUn_gl000234	0	39230	40531	0.967901
chrUn_gl000234	1	1202	40531	0.0296563
chrUn_gl000234	2	99	40531	0.00244257
chrUn_gl000235	0	33270	34474	0.965075
chrUn_gl000235	1	1158	34474	0.0335905
chrUn_gl000235	2	46	34474	0.00133434
chrUn_gl000236	0	41184	41934	0.982115
chrUn_gl000236	1	750	41934	0.0178852
chrUn_gl000237	0	45108	45867	0.983452
chrUn_gl000237	1	668	45867	0.0145638
chrUn_gl000237	2	91	45867	0.001984
chrUn_gl000238	0	39439	39939	0.987481
chrUn_gl000238	1	500	39939	0.0125191
chrUn_gl000239	0	33374	33824	0.986696
chrUn_gl000239	1	450	33824	0.0133042
chrUn_gl000240	0	40825	41933	0.973577
chrUn_gl000240	1	1066	41933	0.0254215
chrUn_gl000240	2	42	41933	0.0010016
chrUn_gl000241	0	40808	42152	0.968115
chrUn_gl000241	1	1288	42152	0.0305561
chrUn_gl000241	2	56	42152	0.00132853
chrUn_gl000242	0	43373	43523	0.996554
chrUn_gl000242	1	150	43523	0.00344645
chrUn_gl000243	0	42491	43341	0.980388
chrUn_gl000243	1	850	43341	0.0196119
chrUn_gl000244	0	39629	39929	0.992487
chrUn_gl000244	1	300	39929	0.00751334
chrUn_gl000245	0	35710	36651	0.974325
chrUn_gl000245	1	932	36651	0.025429
chrUn_gl000245	2	9	36651	0.000245559
chrUn_gl000246	0	38104	38154	0.99869
chrUn_gl000246	1	50	38154	0.00131048
chrUn_gl000247	0	35922	36422	0.986272
chrUn_gl000247	1	500	36422	0.013728
chrUn_gl000248	0	39736	39786	0.998743
chrUn_gl000248	1	50	39786	0.00125672
chrUn_gl000249	0	38302	38502	0.994805
chrUn_gl000249	1	200	38502	0.00519454
genome	0	3097973823	3137161264	0.987509
genome	1	38697249	3137161264	0.0123351
genome	2	386315	3137161264	0.000123142
genome	3	43869	3137161264	1.39837e-05
genome	4	22582	3137161264	7.19823e-06
genome	5	11724	3137161264	3.73714e-06
genome	6	7084	3137161264	2.25809e-06
genome	7	4699	3137161264	1.49785e-06
genome	8	2990	3137161264	9.53091e-07
genome	9	2304	3137161264	7.34422e-07
genome	10	1675	3137161264	5.33922e-07
genome	11	1273	3137161264	4.05781e-07
genome	12	979	3137161264	3.12066e-07
genome	13	781	3137161264	2.48951e-07
genome	14	653	3137161264	2.0815e-07
genome	15	542	3137161264	1.72768e-07
genome	16	411	3137161264	1.3101e-07
genome	17	445	3137161264	1.41848e-07
genome	18	301	3137161264	9.59466e-08
genome	19	268	3137161264	8.54276e-08
genome	20	202	3137161264	6.43894e-08
genome	21	198	3137161264	6.31144e-08
genome	22	144	3137161264	4.59014e-08
genome	23	103	3137161264	3.28322e-08
genome	24	87	3137161264	2.77321e-08
genome	25	78	3137161264	2.48632e-08
genome	26	45	3137161264	1.43442e-08
genome	27	32	3137161264	1.02003e-08
genome	28	17	3137161264	5.41891e-09
genome	29	16	3137161264	5.10015e-09
genome	30	18	3137161264	5.73767e-09
genome	31	18	3137161264	5.73767e-09
genome	32	26	3137161264	8.28775e-09
genome	33	26	3137161264	8.28775e-09
genome	34	26	3137161264	8.28775e-09
genome	35	33	3137161264	1.05191e-08
genome	36	29	3137161264	9.24403e-09
genome	37	14	3137161264	4.46263e-09
genome	38	26	3137161264	8.28775e-09
genome	39	21	3137161264	6.69395e-09
genome	40	23	3137161264	7.33147e-09
genome	41	27	3137161264	8.60651e-09
genome	42	22	3137161264	7.01271e-09
genome	43	8	3137161264	2.55008e-09
genome	44	8	3137161264	2.55008e-09
genome	45	11	3137161264	3.50635e-09
genome	46	11	3137161264	3.50635e-09
genome	47	9	3137161264	2.86884e-09
genome	48	10	3137161264	3.1876e-09
genome	49	8	3137161264	2.55008e-09
genome	50	1	3137161264	3.1876e-10
