chrM	0	16421	16571	0.990948
chrM	1	150	16571	0.00905196
chr1	0	245866316	249250621	0.986422
chr1	1	3355093	249250621	0.0134607
chr1	2	26926	249250621	0.000108028
chr1	3	718	249250621	2.88063e-06
chr1	4	204	249250621	8.18453e-07
chr1	5	79	249250621	3.1695e-07
chr1	6	85	249250621	3.41022e-07
chr1	7	43	249250621	1.72517e-07
chr1	8	38	249250621	1.52457e-07
chr1	9	34	249250621	1.36409e-07
chr1	10	40	249250621	1.60481e-07
chr1	11	64	249250621	2.5677e-07
chr1	12	47	249250621	1.88565e-07
chr1	13	39	249250621	1.56469e-07
chr1	14	45	249250621	1.80541e-07
chr1	15	61	249250621	2.44734e-07
chr1	16	33	249250621	1.32397e-07
chr1	17	47	249250621	1.88565e-07
chr1	18	50	249250621	2.00601e-07
chr1	19	62	249250621	2.48746e-07
chr1	20	36	249250621	1.44433e-07
chr1	21	36	249250621	1.44433e-07
chr1	22	32	249250621	1.28385e-07
chr1	23	22	249250621	8.82646e-08
chr1	24	17	249250621	6.82044e-08
chr1	25	34	249250621	1.36409e-07
chr1	26	45	249250621	1.80541e-07
chr1	27	31	249250621	1.24373e-07
chr1	28	28	249250621	1.12337e-07
chr1	29	26	249250621	1.04313e-07
chr1	30	30	249250621	1.20361e-07
chr1	31	31	249250621	1.24373e-07
chr1	32	22	249250621	8.82646e-08
chr1	33	26	249250621	1.04313e-07
chr1	34	23	249250621	9.22766e-08
chr1	35	14	249250621	5.61684e-08
chr1	36	14	249250621	5.61684e-08
chr1	37	24	249250621	9.62886e-08
chr1	38	37	249250621	1.48445e-07
chr1	39	21	249250621	8.42525e-08
chr1	40	14	249250621	5.61684e-08
chr1	41	6	249250621	2.40722e-08
chr1	42	4	249250621	1.60481e-08
chr1	43	2	249250621	8.02405e-09
chr1	44	11	249250621	4.41323e-08
chr1	45	8	249250621	3.20962e-08
chr1	46	2	249250621	8.02405e-09
chr1	47	1	249250621	4.01203e-09
chr2	0	239847849	243199373	0.986219
chr2	1	3306779	243199373	0.013597
chr2	2	33514	243199373	0.000137805
chr2	3	5151	243199373	2.11802e-05
chr2	4	2749	243199373	1.13035e-05
chr2	5	1480	243199373	6.08554e-06
chr2	6	704	243199373	2.89474e-06
chr2	7	460	243199373	1.89145e-06
chr2	8	317	243199373	1.30346e-06
chr2	9	132	243199373	5.42765e-07
chr2	10	61	243199373	2.50823e-07
chr2	11	54	243199373	2.2204e-07
chr2	12	50	243199373	2.05593e-07
chr2	13	15	243199373	6.16778e-08
chr2	14	13	243199373	5.34541e-08
chr2	15	34	243199373	1.39803e-07
chr2	16	4	243199373	1.64474e-08
chr2	17	5	243199373	2.05593e-08
chr2	18	2	243199373	8.22371e-09
chr3	0	194789582	198022430	0.983674
chr3	1	3205941	198022430	0.0161898
chr3	2	26487	198022430	0.000133758
chr3	3	251	198022430	1.26753e-06
chr3	4	57	198022430	2.87846e-07
chr3	5	4	198022430	2.01997e-08
chr3	6	9	198022430	4.54494e-08
chr3	7	7	198022430	3.53495e-08
chr3	8	11	198022430	5.55493e-08
chr3	9	11	198022430	5.55493e-08
chr3	10	10	198022430	5.04993e-08
chr3	11	6	198022430	3.02996e-08
chr3	12	2	198022430	1.00999e-08
chr3	13	4	198022430	2.01997e-08
chr3	14	3	198022430	1.51498e-08
chr3	15	21	198022430	1.06049e-07
chr3	16	16	198022430	8.07989e-08
chr3	17	5	198022430	2.52497e-08
chr3	18	3	198022430	1.51498e-08
chr4	0	189389151	191154276	0.990766
chr4	1	1741651	191154276	0.00911123
chr4	2	15968	191154276	8.35346e-05
chr4	3	4025	191154276	2.10563e-05
chr4	4	1956	191154276	1.02326e-05
chr4	5	701	191154276	3.66719e-06
chr4	6	472	191154276	2.46921e-06
chr4	7	202	191154276	1.05674e-06
chr4	8	56	191154276	2.92957e-07
chr4	9	35	191154276	1.83098e-07
chr4	10	12	191154276	6.27765e-08
chr4	11	3	191154276	1.56941e-08
chr4	12	8	191154276	4.1851e-08
chr4	13	2	191154276	1.04628e-08
chr4	14	12	191154276	6.27765e-08
chr4	15	3	191154276	1.56941e-08
chr4	16	11	191154276	5.75451e-08
chr4	17	8	191154276	4.1851e-08
chr5	0	178728371	180915260	0.987912
chr5	1	2171666	180915260	0.0120038
chr5	2	13994	180915260	7.73511e-05
chr5	3	512	180915260	2.83005e-06
chr5	4	337	180915260	1.86275e-06
chr5	5	185	180915260	1.02258e-06
chr5	6	82	180915260	4.53251e-07
chr5	7	51	180915260	2.819e-07
chr5	8	8	180915260	4.42196e-08
chr5	9	18	180915260	9.94941e-08
chr5	10	8	180915260	4.42196e-08
chr5	11	4	180915260	2.21098e-08
chr5	12	24	180915260	1.32659e-07
chr6	0	168034401	171115067	0.981996
chr6	1	3047047	171115067	0.017807
chr6	2	29265	171115067	0.000171025
chr6	3	868	171115067	5.07261e-06
chr6	4	539	171115067	3.14993e-06
chr6	5	529	171115067	3.09149e-06
chr6	6	470	171115067	2.74669e-06
chr6	7	373	171115067	2.17982e-06
chr6	8	347	171115067	2.02788e-06
chr6	9	336	171115067	1.96359e-06
chr6	10	252	171115067	1.47269e-06
chr6	11	180	171115067	1.05192e-06
chr6	12	181	171115067	1.05777e-06
chr6	13	118	171115067	6.89594e-07
chr6	14	76	171115067	4.44146e-07
chr6	15	51	171115067	2.98045e-07
chr6	16	27	171115067	1.57789e-07
chr6	17	6	171115067	3.50641e-08
chr6	18	1	171115067	5.84402e-09
chr7	0	156516321	159138663	0.983522
chr7	1	2591362	159138663	0.0162837
chr7	2	25205	159138663	0.000158384
chr7	3	1532	159138663	9.62682e-06
chr7	4	830	159138663	5.21558e-06
chr7	5	654	159138663	4.10962e-06
chr7	6	512	159138663	3.21732e-06
chr7	7	392	159138663	2.46326e-06
chr7	8	269	159138663	1.69035e-06
chr7	9	188	159138663	1.18136e-06
chr7	10	210	159138663	1.3196e-06
chr7	11	190	159138663	1.19393e-06
chr7	12	216	159138663	1.35731e-06
chr7	13	122	159138663	7.66627e-07
chr7	14	88	159138663	5.52977e-07
chr7	15	64	159138663	4.02165e-07
chr7	16	110	159138663	6.91221e-07
chr7	17	93	159138663	5.84396e-07
chr7	18	75	159138663	4.71287e-07
chr7	19	61	159138663	3.83314e-07
chr7	20	49	159138663	3.07908e-07
chr7	21	32	159138663	2.01083e-07
chr7	22	29	159138663	1.82231e-07
chr7	23	22	159138663	1.38244e-07
chr7	24	16	159138663	1.00541e-07
chr7	25	10	159138663	6.28383e-08
chr7	26	6	159138663	3.7703e-08
chr7	27	4	159138663	2.51353e-08
chr7	28	1	159138663	6.28383e-09
chr8	0	145034381	146364022	0.990916
chr8	1	1313457	146364022	0.00897391
chr8	2	11989	146364022	8.19122e-05
chr8	3	2101	146364022	1.43546e-05
chr8	4	1017	146364022	6.94843e-06
chr8	5	444	146364022	3.03353e-06
chr8	6	326	146364022	2.22732e-06
chr8	7	220	146364022	1.5031e-06
chr8	8	21	146364022	1.43478e-07
chr8	9	35	146364022	2.3913e-07
chr8	10	10	146364022	6.83228e-08
chr8	11	7	146364022	4.7826e-08
chr8	12	14	146364022	9.56519e-08
chr9	0	139517939	141213431	0.987993
chr9	1	1682300	141213431	0.0119132
chr9	2	11815	141213431	8.36677e-05
chr9	3	817	141213431	5.78557e-06
chr9	4	232	141213431	1.6429e-06
chr9	5	222	141213431	1.57209e-06
chr9	6	61	141213431	4.3197e-07
chr9	7	45	141213431	3.18667e-07
chr10	0	133815091	135534747	0.987312
chr10	1	1679920	135534747	0.0123948
chr10	2	21041	135534747	0.000155244
chr10	3	4704	135534747	3.4707e-05
chr10	4	3234	135534747	2.3861e-05
chr10	5	2138	135534747	1.57746e-05
chr10	6	1888	135534747	1.393e-05
chr10	7	1393	135534747	1.02778e-05
chr10	8	1101	135534747	8.12338e-06
chr10	9	1001	135534747	7.38556e-06
chr10	10	656	135534747	4.84009e-06
chr10	11	532	135534747	3.92519e-06
chr10	12	415	135534747	3.06195e-06
chr10	13	337	135534747	2.48645e-06
chr10	14	345	135534747	2.54547e-06
chr10	15	241	135534747	1.77814e-06
chr10	16	163	135534747	1.20264e-06
chr10	17	180	135534747	1.32807e-06
chr10	18	104	135534747	7.67331e-07
chr10	19	95	135534747	7.00927e-07
chr10	20	55	135534747	4.058e-07
chr10	21	35	135534747	2.58236e-07
chr10	22	23	135534747	1.69698e-07
chr10	23	11	135534747	8.116e-08
chr10	24	9	135534747	6.64036e-08
chr10	25	6	135534747	4.42691e-08
chr10	26	8	135534747	5.90255e-08
chr10	27	8	135534747	5.90255e-08
chr10	28	10	135534747	7.37818e-08
chr10	29	3	135534747	2.21345e-08
chr11	0	132985954	135006516	0.985034
chr11	1	1999940	135006516	0.0148137
chr11	2	18048	135006516	0.000133682
chr11	3	1114	135006516	8.25145e-06
chr11	4	600	135006516	4.44423e-06
chr11	5	376	135006516	2.78505e-06
chr11	6	190	135006516	1.40734e-06
chr11	7	129	135006516	9.55509e-07
chr11	8	89	135006516	6.59227e-07
chr11	9	42	135006516	3.11096e-07
chr11	10	17	135006516	1.2592e-07
chr11	11	15	135006516	1.11106e-07
chr11	12	2	135006516	1.48141e-08
chr12	0	131602376	133851895	0.983194
chr12	1	2225699	133851895	0.0166281
chr12	2	22595	133851895	0.000168806
chr12	3	766	133851895	5.72274e-06
chr12	4	266	133851895	1.98727e-06
chr12	5	110	133851895	8.21804e-07
chr12	6	30	133851895	2.24128e-07
chr12	7	13	133851895	9.71223e-08
chr12	8	11	133851895	8.21804e-08
chr12	9	6	133851895	4.48257e-08
chr12	10	17	133851895	1.27006e-07
chr12	11	6	133851895	4.48257e-08
chr13	0	113842269	115169878	0.988473
chr13	1	1317617	115169878	0.0114406
chr13	2	9893	115169878	8.58992e-05
chr13	3	99	115169878	8.596e-07
chr14	0	106582852	107349540	0.992858
chr14	1	763335	107349540	0.00711074
chr14	2	3108	107349540	2.89522e-05
chr14	3	120	107349540	1.11784e-06
chr14	4	29	107349540	2.70146e-07
chr14	5	35	107349540	3.26038e-07
chr14	6	29	107349540	2.70146e-07
chr14	7	32	107349540	2.98092e-07
chr15	0	101669456	102531392	0.991593
chr15	1	856979	102531392	0.00835821
chr15	2	4900	102531392	4.77902e-05
chr15	3	57	102531392	5.55927e-07
chr16	0	89406881	90354753	0.989509
chr16	1	917126	90354753	0.0101503
chr16	2	16694	90354753	0.000184761
chr16	3	6505	90354753	7.1994e-05
chr16	4	3570	90354753	3.95109e-05
chr16	5	2120	90354753	2.34631e-05
chr16	6	1030	90354753	1.13995e-05
chr16	7	493	90354753	5.45627e-06
chr16	8	144	90354753	1.59372e-06
chr16	9	114	90354753	1.26169e-06
chr16	10	61	90354753	6.75117e-07
chr16	11	8	90354753	8.85399e-08
chr16	12	7	90354753	7.74724e-08
chr17	0	80380781	81195210	0.98997
chr17	1	807557	81195210	0.00994587
chr17	2	6346	81195210	7.81573e-05
chr17	3	462	81195210	5.68999e-06
chr17	4	55	81195210	6.7738e-07
chr17	5	9	81195210	1.10844e-07
chr18	0	76555107	78077248	0.980505
chr18	1	1502861	78077248	0.0192484
chr18	2	16982	78077248	0.000217503
chr18	3	768	78077248	9.83641e-06
chr18	4	350	78077248	4.48274e-06
chr18	5	326	78077248	4.17535e-06
chr18	6	201	78077248	2.57437e-06
chr18	7	151	78077248	1.93398e-06
chr18	8	131	78077248	1.67783e-06
chr18	9	79	78077248	1.01182e-06
chr18	10	83	78077248	1.06305e-06
chr18	11	73	78077248	9.34971e-07
chr18	12	38	78077248	4.86698e-07
chr18	13	23	78077248	2.9458e-07
chr18	14	25	78077248	3.20196e-07
chr18	15	32	78077248	4.09851e-07
chr18	16	8	78077248	1.02463e-07
chr18	17	7	78077248	8.96548e-08
chr18	18	3	78077248	3.84235e-08
chr19	0	58531605	59128983	0.989897
chr19	1	588612	59128983	0.00995471
chr19	2	4988	59128983	8.4358e-05
chr19	3	539	59128983	9.11566e-06
chr19	4	609	59128983	1.02995e-05
chr19	5	383	59128983	6.47736e-06
chr19	6	404	59128983	6.83252e-06
chr19	7	269	59128983	4.54938e-06
chr19	8	253	59128983	4.27878e-06
chr19	9	210	59128983	3.55156e-06
chr19	10	184	59128983	3.11184e-06
chr19	11	171	59128983	2.89198e-06
chr19	12	138	59128983	2.33388e-06
chr19	13	96	59128983	1.62357e-06
chr19	14	60	59128983	1.01473e-06
chr19	15	113	59128983	1.91108e-06
chr19	16	78	59128983	1.31915e-06
chr19	17	88	59128983	1.48827e-06
chr19	18	75	59128983	1.26841e-06
chr19	19	35	59128983	5.91926e-07
chr19	20	28	59128983	4.73541e-07
chr19	21	6	59128983	1.01473e-07
chr19	22	7	59128983	1.18385e-07
chr19	23	12	59128983	2.02946e-07
chr19	24	12	59128983	2.02946e-07
chr19	25	8	59128983	1.35297e-07
chr20	0	62044747	63025520	0.984438
chr20	1	970749	63025520	0.0154025
chr20	2	9352	63025520	0.000148384
chr20	3	408	63025520	6.47357e-06
chr20	4	144	63025520	2.28479e-06
chr20	5	94	63025520	1.49146e-06
chr20	6	14	63025520	2.22132e-07
chr20	7	3	63025520	4.75998e-08
chr20	8	9	63025520	1.42799e-07
chr21	0	47651695	48129895	0.990064
chr21	1	472165	48129895	0.00981022
chr21	2	5225	48129895	0.00010856
chr21	3	452	48129895	9.39125e-06
chr21	4	197	48129895	4.09309e-06
chr21	5	56	48129895	1.16352e-06
chr21	6	7	48129895	1.4544e-07
chr21	7	11	48129895	2.28548e-07
chr21	8	22	48129895	4.57096e-07
chr21	9	11	48129895	2.28548e-07
chr21	10	27	48129895	5.60982e-07
chr21	11	27	48129895	5.60982e-07
chr22	0	51018022	51304566	0.994415
chr22	1	284848	51304566	0.0055521
chr22	2	1573	51304566	3.066e-05
chr22	3	99	51304566	1.92965e-06
chr22	4	11	51304566	2.14406e-07
chr22	5	13	51304566	2.53389e-07
chrX	0	153713824	155270560	0.989974
chrX	1	1543858	155270560	0.00994302
chrX	2	11634	155270560	7.49273e-05
chrX	3	869	155270560	5.59668e-06
chrX	4	159	155270560	1.02402e-06
chrX	5	111	155270560	7.14881e-07
chrX	6	61	155270560	3.92863e-07
chrX	7	42	155270560	2.70496e-07
chrX	8	2	155270560	1.28807e-08
chrY	0	59282088	59373566	0.998459
chrY	1	84072	59373566	0.00141598
chrY	2	4691	59373566	7.90082e-05
chrY	3	1541	59373566	2.59543e-05
chrY	4	446	59373566	7.51176e-06
chrY	5	381	59373566	6.417e-06
chrY	6	221	59373566	3.7222e-06
chrY	7	53	59373566	8.92653e-07
chrY	8	33	59373566	5.55803e-07
chrY	9	27	59373566	4.54748e-07
chrY	10	13	59373566	2.18953e-07
chr1_gl000191_random	0	105143	106433	0.98788
chr1_gl000191_random	1	1280	106433	0.0120263
chr1_gl000191_random	2	10	106433	9.39558e-05
chr1_gl000192_random	0	539360	547496	0.98514
chr1_gl000192_random	1	8022	547496	0.0146522
chr1_gl000192_random	2	114	547496	0.000208221
chr4_ctg9_hap1	0	586585	590426	0.993495
chr4_ctg9_hap1	1	3832	590426	0.00649023
chr4_ctg9_hap1	2	9	590426	1.52432e-05
chr4_gl000193_random	0	184983	189789	0.974677
chr4_gl000193_random	1	4762	189789	0.025091
chr4_gl000193_random	2	44	189789	0.000231836
chr4_gl000194_random	0	188419	191469	0.984071
chr4_gl000194_random	1	3050	191469	0.0159295
chr6_apd_hap1	0	4616150	4622290	0.998672
chr6_apd_hap1	1	6130	4622290	0.00132618
chr6_apd_hap1	2	10	4622290	2.16343e-06
chr6_cox_hap2	0	4780797	4795371	0.996961
chr6_cox_hap2	1	14548	4795371	0.00303376
chr6_cox_hap2	2	26	4795371	5.4219e-06
chr6_dbb_hap3	0	4599496	4610396	0.997636
chr6_dbb_hap3	1	10900	4610396	0.00236422
chr6_mann_hap4	0	4672027	4683263	0.997601
chr6_mann_hap4	1	11172	4683263	0.00238552
chr6_mann_hap4	2	64	4683263	1.36657e-05
chr6_mcf_hap5	0	4823743	4833398	0.998002
chr6_mcf_hap5	1	9610	4833398	0.00198825
chr6_mcf_hap5	2	45	4833398	9.31022e-06
chr6_qbl_hap6	0	4597384	4611984	0.996834
chr6_qbl_hap6	1	14600	4611984	0.00316567
chr6_ssto_hap7	0	4918217	4928567	0.9979
chr6_ssto_hap7	1	10350	4928567	0.0021
chr7_gl000195_random	0	178849	182896	0.977873
chr7_gl000195_random	1	3994	182896	0.0218375
chr7_gl000195_random	2	53	182896	0.000289782
chr8_gl000196_random	0	38464	38914	0.988436
chr8_gl000196_random	1	450	38914	0.011564
chr8_gl000197_random	0	37125	37175	0.998655
chr8_gl000197_random	1	50	37175	0.00134499
chr9_gl000198_random	0	85496	90085	0.949059
chr9_gl000198_random	1	4528	90085	0.0502636
chr9_gl000198_random	2	61	90085	0.000677138
chr9_gl000199_random	0	123139	169874	0.724884
chr9_gl000199_random	1	34371	169874	0.202332
chr9_gl000199_random	2	8913	169874	0.0524683
chr9_gl000199_random	3	2282	169874	0.0134335
chr9_gl000199_random	4	630	169874	0.00370863
chr9_gl000199_random	5	250	169874	0.00147168
chr9_gl000199_random	6	112	169874	0.000659312
chr9_gl000199_random	7	11	169874	6.47539e-05
chr9_gl000199_random	8	19	169874	0.000111848
chr9_gl000199_random	9	10	169874	5.88672e-05
chr9_gl000199_random	10	10	169874	5.88672e-05
chr9_gl000199_random	11	2	169874	1.17734e-05
chr9_gl000199_random	12	20	169874	0.000117734
chr9_gl000199_random	13	17	169874	0.000100074
chr9_gl000199_random	14	32	169874	0.000188375
chr9_gl000199_random	15	31	169874	0.000182488
chr9_gl000199_random	16	25	169874	0.000147168
chr9_gl000200_random	0	185485	187035	0.991713
chr9_gl000200_random	1	1550	187035	0.00828722
chr9_gl000201_random	0	36098	36148	0.998617
chr9_gl000201_random	1	50	36148	0.0013832
chr11_gl000202_random	0	39762	40103	0.991497
chr11_gl000202_random	1	332	40103	0.00827868
chr11_gl000202_random	2	9	40103	0.000224422
chr17_ctg5_hap1	0	1674478	1680828	0.996222
chr17_ctg5_hap1	1	6350	1680828	0.0037779
chr17_gl000203_random	0	37098	37498	0.989333
chr17_gl000203_random	1	400	37498	0.0106672
chr17_gl000204_random	0	80154	81310	0.985783
chr17_gl000204_random	1	1112	81310	0.0136761
chr17_gl000204_random	2	44	81310	0.000541139
chr17_gl000205_random	0	169999	174588	0.973715
chr17_gl000205_random	1	4478	174588	0.025649
chr17_gl000205_random	2	111	174588	0.000635783
chr17_gl000206_random	0	40701	41001	0.992683
chr17_gl000206_random	1	300	41001	0.00731689
chr18_gl000207_random	0	4112	4262	0.964805
chr18_gl000207_random	1	150	4262	0.0351947
chr19_gl000208_random	0	86511	92689	0.933347
chr19_gl000208_random	1	5262	92689	0.0567705
chr19_gl000208_random	2	647	92689	0.00698033
chr19_gl000208_random	3	141	92689	0.00152122
chr19_gl000208_random	4	52	92689	0.000561016
chr19_gl000208_random	5	43	92689	0.000463917
chr19_gl000208_random	6	33	92689	0.000356029
chr19_gl000209_random	0	158469	159169	0.995602
chr19_gl000209_random	1	700	159169	0.00439784
chr21_gl000210_random	0	27332	27682	0.987356
chr21_gl000210_random	1	350	27682	0.0126436
chrUn_gl000211	0	163366	166566	0.980788
chrUn_gl000211	1	3200	166566	0.0192116
chrUn_gl000212	0	184001	186858	0.98471
chrUn_gl000212	1	2814	186858	0.0150596
chrUn_gl000212	2	43	186858	0.000230121
chrUn_gl000213	0	162589	164239	0.989954
chrUn_gl000213	1	1650	164239	0.0100463
chrUn_gl000214	0	133621	137718	0.970251
chrUn_gl000214	1	3816	137718	0.0277088
chrUn_gl000214	2	259	137718	0.00188065
chrUn_gl000214	3	22	137718	0.000159747
chrUn_gl000215	0	171545	172545	0.994204
chrUn_gl000215	1	1000	172545	0.00579559
chrUn_gl000216	0	153584	172294	0.891407
chrUn_gl000216	1	14532	172294	0.0843442
chrUn_gl000216	2	2754	172294	0.0159843
chrUn_gl000216	3	868	172294	0.0050379
chrUn_gl000216	4	278	172294	0.00161352
chrUn_gl000216	5	217	172294	0.00125948
chrUn_gl000216	6	9	172294	5.22363e-05
chrUn_gl000216	7	4	172294	2.32161e-05
chrUn_gl000216	8	5	172294	2.90202e-05
chrUn_gl000216	9	15	172294	8.70605e-05
chrUn_gl000216	10	13	172294	7.54524e-05
chrUn_gl000216	11	8	172294	4.64323e-05
chrUn_gl000216	12	7	172294	4.06282e-05
chrUn_gl000217	0	169137	172149	0.982504
chrUn_gl000217	1	2924	172149	0.0169853
chrUn_gl000217	2	88	172149	0.000511185
chrUn_gl000218	0	158003	161147	0.98049
chrUn_gl000218	1	3038	161147	0.0188524
chrUn_gl000218	2	106	161147	0.000657785
chrUn_gl000219	0	174252	179198	0.972399
chrUn_gl000219	1	4792	179198	0.0267414
chrUn_gl000219	2	154	179198	0.000859385
chrUn_gl000220	0	128349	161802	0.793247
chrUn_gl000220	1	19716	161802	0.121853
chrUn_gl000220	2	7938	161802	0.04906
chrUn_gl000220	3	3677	161802	0.0227253
chrUn_gl000220	4	1465	161802	0.00905428
chrUn_gl000220	5	489	161802	0.00302221
chrUn_gl000220	6	118	161802	0.000729286
chrUn_gl000220	7	38	161802	0.000234855
chrUn_gl000220	8	12	161802	7.41647e-05
chrUn_gl000221	0	152697	155397	0.982625
chrUn_gl000221	1	2700	155397	0.0173749
chrUn_gl000222	0	183761	186861	0.98341
chrUn_gl000222	1	3100	186861	0.0165899
chrUn_gl000223	0	179255	180455	0.99335
chrUn_gl000223	1	1200	180455	0.00664986
chrUn_gl000224	0	173712	179693	0.966715
chrUn_gl000224	1	5741	179693	0.0319489
chrUn_gl000224	2	211	179693	0.00117422
chrUn_gl000224	3	29	179693	0.000161386
chrUn_gl000225	0	191684	211173	0.907711
chrUn_gl000225	1	17307	211173	0.0819565
chrUn_gl000225	2	1623	211173	0.00768564
chrUn_gl000225	3	358	211173	0.00169529
chrUn_gl000225	4	81	211173	0.000383572
chrUn_gl000225	5	49	211173	0.000232037
chrUn_gl000225	6	2	211173	9.47091e-06
chrUn_gl000225	7	4	211173	1.89418e-05
chrUn_gl000225	8	3	211173	1.42064e-05
chrUn_gl000225	9	3	211173	1.42064e-05
chrUn_gl000225	10	8	211173	3.78836e-05
chrUn_gl000225	11	2	211173	9.47091e-06
chrUn_gl000225	12	8	211173	3.78836e-05
chrUn_gl000225	13	3	211173	1.42064e-05
chrUn_gl000225	14	3	211173	1.42064e-05
chrUn_gl000225	15	4	211173	1.89418e-05
chrUn_gl000225	16	2	211173	9.47091e-06
chrUn_gl000225	17	5	211173	2.36773e-05
chrUn_gl000225	18	13	211173	6.15609e-05
chrUn_gl000225	19	2	211173	9.47091e-06
chrUn_gl000225	20	4	211173	1.89418e-05
chrUn_gl000225	21	5	211173	2.36773e-05
chrUn_gl000226	0	1811	15008	0.120669
chrUn_gl000226	1	3052	15008	0.203358
chrUn_gl000226	2	3326	15008	0.221615
chrUn_gl000226	3	2642	15008	0.176039
chrUn_gl000226	4	2308	15008	0.153785
chrUn_gl000226	5	1130	15008	0.0752932
chrUn_gl000226	6	419	15008	0.0279184
chrUn_gl000226	7	229	15008	0.0152585
chrUn_gl000226	8	47	15008	0.00313166
chrUn_gl000226	9	12	15008	0.000799574
chrUn_gl000226	10	22	15008	0.00146588
chrUn_gl000226	11	7	15008	0.000466418
chrUn_gl000226	12	3	15008	0.000199893
chrUn_gl000227	0	126924	128374	0.988705
chrUn_gl000227	1	1450	128374	0.0112951
chrUn_gl000228	0	126468	129120	0.979461
chrUn_gl000228	1	2327	129120	0.018022
chrUn_gl000228	2	252	129120	0.00195167
chrUn_gl000228	3	73	129120	0.000565366
chrUn_gl000229	0	19063	19913	0.957314
chrUn_gl000229	1	850	19913	0.0426857
chrUn_gl000230	0	43091	43691	0.986267
chrUn_gl000230	1	600	43691	0.0137328
chrUn_gl000231	0	26573	27386	0.970313
chrUn_gl000231	1	776	27386	0.0283356
chrUn_gl000231	2	37	27386	0.00135106
chrUn_gl000232	0	39118	40652	0.962265
chrUn_gl000232	1	1484	40652	0.036505
chrUn_gl000232	2	34	40652	0.000836367
chrUn_gl000232	3	16	40652	0.000393585
chrUn_gl000233	0	45399	45941	0.988202
chrUn_gl000233	1	534	45941	0.0116236
chrUn_gl000233	2	8	45941	0.000174136
chrUn_gl000234	0	38731	40531	0.95559
chrUn_gl000234	1	1800	40531	0.0444105
chrUn_gl000235	0	32928	34474	0.955155
chrUn_gl000235	1	1442	34474	0.0418286
chrUn_gl000235	2	104	34474	0.00301677
chrUn_gl000236	0	41484	41934	0.989269
chrUn_gl000236	1	450	41934	0.0107311
chrUn_gl000237	0	44934	45867	0.979659
chrUn_gl000237	1	916	45867	0.0199708
chrUn_gl000237	2	17	45867	0.000370637
chrUn_gl000238	0	39489	39939	0.988733
chrUn_gl000238	1	450	39939	0.0112672
chrUn_gl000239	0	33274	33824	0.983739
chrUn_gl000239	1	550	33824	0.0162606
chrUn_gl000240	0	41083	41933	0.97973
chrUn_gl000240	1	850	41933	0.0202704
chrUn_gl000241	0	39885	42152	0.946218
chrUn_gl000241	1	2184	42152	0.0518125
chrUn_gl000241	2	83	42152	0.00196906
chrUn_gl000242	0	43373	43523	0.996554
chrUn_gl000242	1	150	43523	0.00344645
chrUn_gl000243	0	42491	43341	0.980388
chrUn_gl000243	1	850	43341	0.0196119
chrUn_gl000244	0	39729	39929	0.994991
chrUn_gl000244	1	200	39929	0.00500889
chrUn_gl000245	0	35936	36651	0.980492
chrUn_gl000245	1	680	36651	0.0185534
chrUn_gl000245	2	35	36651	0.000954953
chrUn_gl000246	0	38004	38154	0.996069
chrUn_gl000246	1	150	38154	0.00393144
chrUn_gl000247	0	35972	36422	0.987645
chrUn_gl000247	1	450	36422	0.0123552
chrUn_gl000248	0	39686	39786	0.997487
chrUn_gl000248	1	100	39786	0.00251345
chrUn_gl000249	0	38302	38502	0.994805
chrUn_gl000249	1	200	38502	0.00519454
genome	0	3097972360	3137161264	0.987508
genome	1	38703492	3137161264	0.0123371
genome	2	379465	3137161264	0.000120958
genome	3	44586	3137161264	1.42122e-05
genome	4	22405	3137161264	7.14181e-06
genome	5	12628	3137161264	4.0253e-06
genome	6	7489	3137161264	2.38719e-06
genome	7	4668	3137161264	1.48797e-06
genome	8	2948	3137161264	9.39703e-07
genome	9	2319	3137161264	7.39203e-07
genome	10	1714	3137161264	5.46354e-07
genome	11	1359	3137161264	4.33194e-07
genome	12	1180	3137161264	3.76136e-07
genome	13	776	3137161264	2.47357e-07
genome	14	702	3137161264	2.23769e-07
genome	15	655	3137161264	2.08787e-07
genome	16	477	3137161264	1.52048e-07
genome	17	444	3137161264	1.41529e-07
genome	18	326	3137161264	1.03916e-07
genome	19	255	3137161264	8.12837e-08
genome	20	172	3137161264	5.48266e-08
genome	21	114	3137161264	3.63386e-08
genome	22	91	3137161264	2.90071e-08
genome	23	67	3137161264	2.13569e-08
genome	24	54	3137161264	1.7213e-08
genome	25	58	3137161264	1.84881e-08
genome	26	59	3137161264	1.88068e-08
genome	27	43	3137161264	1.37067e-08
genome	28	39	3137161264	1.24316e-08
genome	29	29	3137161264	9.24403e-09
genome	30	30	3137161264	9.56279e-09
genome	31	31	3137161264	9.88155e-09
genome	32	22	3137161264	7.01271e-09
genome	33	26	3137161264	8.28775e-09
genome	34	23	3137161264	7.33147e-09
genome	35	14	3137161264	4.46263e-09
genome	36	14	3137161264	4.46263e-09
genome	37	24	3137161264	7.65023e-09
genome	38	37	3137161264	1.17941e-08
genome	39	21	3137161264	6.69395e-09
genome	40	14	3137161264	4.46263e-09
genome	41	6	3137161264	1.91256e-09
genome	42	4	3137161264	1.27504e-09
genome	43	2	3137161264	6.37519e-10
genome	44	11	3137161264	3.50635e-09
genome	45	8	3137161264	2.55008e-09
genome	46	2	3137161264	6.37519e-10
genome	47	1	3137161264	3.1876e-10
