chrM	0	11540	16571	0.696397
chrM	1	4301	16571	0.25955
chrM	2	641	16571	0.038682
chrM	3	89	16571	0.00537083
chr1	0	245415302	249250621	0.984613
chr1	1	3798218	249250621	0.0152385
chr1	2	35065	249250621	0.000140682
chr1	3	555	249250621	2.22667e-06
chr1	4	90	249250621	3.61082e-07
chr1	5	105	249250621	4.21263e-07
chr1	6	42	249250621	1.68505e-07
chr1	7	32	249250621	1.28385e-07
chr1	8	31	249250621	1.24373e-07
chr1	9	41	249250621	1.64493e-07
chr1	10	60	249250621	2.40722e-07
chr1	11	71	249250621	2.84854e-07
chr1	12	65	249250621	2.60782e-07
chr1	13	49	249250621	1.96589e-07
chr1	14	58	249250621	2.32698e-07
chr1	15	54	249250621	2.16649e-07
chr1	16	43	249250621	1.72517e-07
chr1	17	38	249250621	1.52457e-07
chr1	18	33	249250621	1.32397e-07
chr1	19	50	249250621	2.00601e-07
chr1	20	52	249250621	2.08625e-07
chr1	21	57	249250621	2.28685e-07
chr1	22	38	249250621	1.52457e-07
chr1	23	37	249250621	1.48445e-07
chr1	24	28	249250621	1.12337e-07
chr1	25	20	249250621	8.02405e-08
chr1	26	26	249250621	1.04313e-07
chr1	27	37	249250621	1.48445e-07
chr1	28	13	249250621	5.21563e-08
chr1	29	17	249250621	6.82044e-08
chr1	30	15	249250621	6.01804e-08
chr1	31	10	249250621	4.01203e-08
chr1	32	15	249250621	6.01804e-08
chr1	33	17	249250621	6.82044e-08
chr1	34	19	249250621	7.62285e-08
chr1	35	29	249250621	1.16349e-07
chr1	36	29	249250621	1.16349e-07
chr1	37	25	249250621	1.00301e-07
chr1	38	24	249250621	9.62886e-08
chr1	39	19	249250621	7.62285e-08
chr1	40	17	249250621	6.82044e-08
chr1	41	28	249250621	1.12337e-07
chr1	42	17	249250621	6.82044e-08
chr1	43	6	249250621	2.40722e-08
chr1	44	7	249250621	2.80842e-08
chr1	45	3	249250621	1.20361e-08
chr1	46	7	249250621	2.80842e-08
chr1	47	3	249250621	1.20361e-08
chr1	48	3	249250621	1.20361e-08
chr1	49	1	249250621	4.01203e-09
chr2	0	239368207	243199373	0.984247
chr2	1	3780352	243199373	0.0155443
chr2	2	39656	243199373	0.00016306
chr2	3	5292	243199373	2.17599e-05
chr2	4	2653	243199373	1.09087e-05
chr2	5	1474	243199373	6.06087e-06
chr2	6	751	243199373	3.088e-06
chr2	7	335	243199373	1.37747e-06
chr2	8	267	243199373	1.09786e-06
chr2	9	151	243199373	6.2089e-07
chr2	10	84	243199373	3.45396e-07
chr2	11	50	243199373	2.05593e-07
chr2	12	30	243199373	1.23356e-07
chr2	13	12	243199373	4.93422e-08
chr2	14	27	243199373	1.1102e-07
chr2	15	18	243199373	7.40134e-08
chr2	16	10	243199373	4.11185e-08
chr2	17	4	243199373	1.64474e-08
chr3	0	194562445	198022430	0.982527
chr3	1	3428151	198022430	0.0173119
chr3	2	31440	198022430	0.00015877
chr3	3	274	198022430	1.38368e-06
chr3	4	30	198022430	1.51498e-07
chr3	5	9	198022430	4.54494e-08
chr3	6	11	198022430	5.55493e-08
chr3	7	5	198022430	2.52497e-08
chr3	8	8	198022430	4.03995e-08
chr3	9	7	198022430	3.53495e-08
chr3	10	3	198022430	1.51498e-08
chr3	11	8	198022430	4.03995e-08
chr3	12	11	198022430	5.55493e-08
chr3	13	6	198022430	3.02996e-08
chr3	14	8	198022430	4.03995e-08
chr3	15	10	198022430	5.04993e-08
chr3	16	4	198022430	2.01997e-08
chr4	0	189385629	191154276	0.990748
chr4	1	1745339	191154276	0.00913053
chr4	2	15952	191154276	8.34509e-05
chr4	3	3779	191154276	1.97694e-05
chr4	4	1819	191154276	9.51587e-06
chr4	5	752	191154276	3.934e-06
chr4	6	408	191154276	2.1344e-06
chr4	7	286	191154276	1.49617e-06
chr4	8	149	191154276	7.79475e-07
chr4	9	39	191154276	2.04024e-07
chr4	10	62	191154276	3.24345e-07
chr4	11	12	191154276	6.27765e-08
chr4	12	3	191154276	1.56941e-08
chr4	13	8	191154276	4.1851e-08
chr4	14	5	191154276	2.61569e-08
chr4	15	2	191154276	1.04628e-08
chr4	16	8	191154276	4.1851e-08
chr4	17	11	191154276	5.75451e-08
chr4	18	13	191154276	6.80079e-08
chr5	0	178750536	180915260	0.988035
chr5	1	2151252	180915260	0.0118909
chr5	2	12867	180915260	7.11217e-05
chr5	3	447	180915260	2.47077e-06
chr5	4	75	180915260	4.14559e-07
chr5	5	25	180915260	1.38186e-07
chr5	6	58	180915260	3.20592e-07
chr6	0	168664826	171115067	0.985681
chr6	1	2426836	171115067	0.0141825
chr6	2	19452	171115067	0.000113678
chr6	3	728	171115067	4.25445e-06
chr6	4	658	171115067	3.84537e-06
chr6	5	625	171115067	3.65251e-06
chr6	6	610	171115067	3.56485e-06
chr6	7	463	171115067	2.70578e-06
chr6	8	286	171115067	1.67139e-06
chr6	9	207	171115067	1.20971e-06
chr6	10	121	171115067	7.07127e-07
chr6	11	113	171115067	6.60374e-07
chr6	12	86	171115067	5.02586e-07
chr6	13	24	171115067	1.40256e-07
chr6	14	17	171115067	9.93483e-08
chr6	15	8	171115067	4.67522e-08
chr6	16	7	171115067	4.09081e-08
chr7	0	156630066	159138663	0.984236
chr7	1	2480116	159138663	0.0155846
chr7	2	22977	159138663	0.000144384
chr7	3	1370	159138663	8.60884e-06
chr7	4	667	159138663	4.19131e-06
chr7	5	569	159138663	3.5755e-06
chr7	6	592	159138663	3.72003e-06
chr7	7	455	159138663	2.85914e-06
chr7	8	300	159138663	1.88515e-06
chr7	9	248	159138663	1.55839e-06
chr7	10	239	159138663	1.50183e-06
chr7	11	218	159138663	1.36987e-06
chr7	12	155	159138663	9.73993e-07
chr7	13	116	159138663	7.28924e-07
chr7	14	101	159138663	6.34667e-07
chr7	15	81	159138663	5.0899e-07
chr7	16	48	159138663	3.01624e-07
chr7	17	40	159138663	2.51353e-07
chr7	18	49	159138663	3.07908e-07
chr7	19	45	159138663	2.82772e-07
chr7	20	47	159138663	2.9534e-07
chr7	21	46	159138663	2.89056e-07
chr7	22	33	159138663	2.07366e-07
chr7	23	32	159138663	2.01083e-07
chr7	24	11	159138663	6.91221e-08
chr7	25	3	159138663	1.88515e-08
chr7	26	7	159138663	4.39868e-08
chr7	27	3	159138663	1.88515e-08
chr7	28	3	159138663	1.88515e-08
chr7	29	4	159138663	2.51353e-08
chr7	30	6	159138663	3.7703e-08
chr7	31	5	159138663	3.14191e-08
chr7	32	5	159138663	3.14191e-08
chr7	33	2	159138663	1.25677e-08
chr7	34	3	159138663	1.88515e-08
chr7	35	1	159138663	6.28383e-09
chr8	0	145150255	146364022	0.991707
chr8	1	1199360	146364022	0.00819436
chr8	2	10183	146364022	6.95731e-05
chr8	3	2375	146364022	1.62267e-05
chr8	4	884	146364022	6.03974e-06
chr8	5	430	146364022	2.93788e-06
chr8	6	214	146364022	1.46211e-06
chr8	7	125	146364022	8.54035e-07
chr8	8	89	146364022	6.08073e-07
chr8	9	60	146364022	4.09937e-07
chr8	10	24	146364022	1.63975e-07
chr8	11	14	146364022	9.56519e-08
chr8	12	9	146364022	6.14905e-08
chr9	0	139512886	141213431	0.987958
chr9	1	1684814	141213431	0.011931
chr9	2	14368	141213431	0.000101747
chr9	3	779	141213431	5.51647e-06
chr9	4	273	141213431	1.93324e-06
chr9	5	114	141213431	8.07289e-07
chr9	6	68	141213431	4.81541e-07
chr9	7	29	141213431	2.05363e-07
chr9	8	32	141213431	2.26607e-07
chr9	9	11	141213431	7.78963e-08
chr9	10	42	141213431	2.97422e-07
chr9	11	15	141213431	1.06222e-07
chr10	0	133926773	135534747	0.988136
chr10	1	1570311	135534747	0.011586
chr10	2	19374	135534747	0.000142945
chr10	3	4666	135534747	3.44266e-05
chr10	4	3240	135534747	2.39053e-05
chr10	5	2416	135534747	1.78257e-05
chr10	6	1632	135534747	1.20412e-05
chr10	7	1296	135534747	9.56212e-06
chr10	8	882	135534747	6.50756e-06
chr10	9	773	135534747	5.70333e-06
chr10	10	707	135534747	5.21637e-06
chr10	11	582	135534747	4.2941e-06
chr10	12	449	135534747	3.3128e-06
chr10	13	372	135534747	2.74468e-06
chr10	14	278	135534747	2.05113e-06
chr10	15	217	135534747	1.60107e-06
chr10	16	208	135534747	1.53466e-06
chr10	17	128	135534747	9.44407e-07
chr10	18	105	135534747	7.74709e-07
chr10	19	82	135534747	6.05011e-07
chr10	20	80	135534747	5.90255e-07
chr10	21	44	135534747	3.2464e-07
chr10	22	41	135534747	3.02505e-07
chr10	23	26	135534747	1.91833e-07
chr10	24	16	135534747	1.18051e-07
chr10	25	19	135534747	1.40185e-07
chr10	26	16	135534747	1.18051e-07
chr10	27	10	135534747	7.37818e-08
chr10	28	4	135534747	2.95127e-08
chr11	0	132969706	135006516	0.984913
chr11	1	2016569	135006516	0.0149368
chr11	2	17599	135006516	0.000130357
chr11	3	1072	135006516	7.94036e-06
chr11	4	484	135006516	3.58501e-06
chr11	5	388	135006516	2.87394e-06
chr11	6	205	135006516	1.51845e-06
chr11	7	226	135006516	1.67399e-06
chr11	8	104	135006516	7.70333e-07
chr11	9	68	135006516	5.03679e-07
chr11	10	46	135006516	3.40724e-07
chr11	11	19	135006516	1.40734e-07
chr11	12	24	135006516	1.77769e-07
chr11	13	6	135006516	4.44423e-08
chr12	0	131525122	133851895	0.982617
chr12	1	2289664	133851895	0.017106
chr12	2	35773	133851895	0.000267258
chr12	3	904	133851895	6.75373e-06
chr12	4	184	133851895	1.37465e-06
chr12	5	71	133851895	5.30437e-07
chr12	6	97	133851895	7.24682e-07
chr12	7	27	133851895	2.01715e-07
chr12	8	11	133851895	8.21804e-08
chr12	9	42	133851895	3.1378e-07
chr13	0	114046442	115169878	0.990245
chr13	1	1116927	115169878	0.00969808
chr13	2	6504	115169878	5.64731e-05
chr13	3	5	115169878	4.34141e-08
chr14	0	106565189	107349540	0.992694
chr14	1	781465	107349540	0.00727963
chr14	2	2660	107349540	2.47789e-05
chr14	3	89	107349540	8.29067e-07
chr14	4	64	107349540	5.96183e-07
chr14	5	43	107349540	4.00561e-07
chr14	6	3	107349540	2.79461e-08
chr14	7	7	107349540	6.52075e-08
chr14	8	20	107349540	1.86307e-07
chr15	0	101483905	102531392	0.989784
chr15	1	1040621	102531392	0.0101493
chr15	2	6783	102531392	6.61553e-05
chr15	3	69	102531392	6.72965e-07
chr15	4	14	102531392	1.36544e-07
chr16	0	89415745	90354753	0.989608
chr16	1	908474	90354753	0.0100545
chr16	2	16040	90354753	0.000177522
chr16	3	6245	90354753	6.91165e-05
chr16	4	3667	90354753	4.05845e-05
chr16	5	2208	90354753	2.4437e-05
chr16	6	1414	90354753	1.56494e-05
chr16	7	578	90354753	6.39701e-06
chr16	8	216	90354753	2.39058e-06
chr16	9	117	90354753	1.2949e-06
chr16	10	47	90354753	5.20172e-07
chr16	11	2	90354753	2.2135e-08
chr17	0	80380268	81195210	0.989963
chr17	1	808732	81195210	0.00996034
chr17	2	5729	81195210	7.05584e-05
chr17	3	330	81195210	4.06428e-06
chr17	4	70	81195210	8.6212e-07
chr17	5	26	81195210	3.20216e-07
chr17	6	25	81195210	3.079e-07
chr17	7	30	81195210	3.6948e-07
chr18	0	76306331	78077248	0.977318
chr18	1	1747289	78077248	0.022379
chr18	2	21011	78077248	0.000269105
chr18	3	1075	78077248	1.37684e-05
chr18	4	401	78077248	5.13594e-06
chr18	5	299	78077248	3.82954e-06
chr18	6	216	78077248	2.76649e-06
chr18	7	173	78077248	2.21575e-06
chr18	8	130	78077248	1.66502e-06
chr18	9	75	78077248	9.60587e-07
chr18	10	62	78077248	7.94085e-07
chr18	11	58	78077248	7.42854e-07
chr18	12	40	78077248	5.12313e-07
chr18	13	8	78077248	1.02463e-07
chr18	14	21	78077248	2.68964e-07
chr18	15	19	78077248	2.43349e-07
chr18	16	23	78077248	2.9458e-07
chr18	17	5	78077248	6.40391e-08
chr18	18	9	78077248	1.1527e-07
chr18	19	3	78077248	3.84235e-08
chr19	0	58537103	59128983	0.98999
chr19	1	583844	59128983	0.00987407
chr19	2	4125	59128983	6.97627e-05
chr19	3	681	59128983	1.15172e-05
chr19	4	562	59128983	9.50465e-06
chr19	5	466	59128983	7.88108e-06
chr19	6	538	59128983	9.09875e-06
chr19	7	262	59128983	4.43099e-06
chr19	8	159	59128983	2.68904e-06
chr19	9	232	59128983	3.92363e-06
chr19	10	108	59128983	1.82652e-06
chr19	11	79	59128983	1.33606e-06
chr19	12	88	59128983	1.48827e-06
chr19	13	64	59128983	1.08238e-06
chr19	14	110	59128983	1.86034e-06
chr19	15	103	59128983	1.74195e-06
chr19	16	94	59128983	1.58974e-06
chr19	17	131	59128983	2.2155e-06
chr19	18	67	59128983	1.13312e-06
chr19	19	41	59128983	6.93399e-07
chr19	20	50	59128983	8.45609e-07
chr19	21	27	59128983	4.56629e-07
chr19	22	23	59128983	3.8898e-07
chr19	23	8	59128983	1.35297e-07
chr19	24	3	59128983	5.07365e-08
chr19	25	4	59128983	6.76487e-08
chr19	26	5	59128983	8.45609e-08
chr19	27	3	59128983	5.07365e-08
chr19	28	2	59128983	3.38244e-08
chr19	29	1	59128983	1.69122e-08
chr20	0	62148232	63025520	0.98608
chr20	1	869546	63025520	0.0137967
chr20	2	7198	63025520	0.000114208
chr20	3	281	63025520	4.45851e-06
chr20	4	109	63025520	1.72946e-06
chr20	5	62	63025520	9.83728e-07
chr20	6	49	63025520	7.77463e-07
chr20	7	19	63025520	3.01465e-07
chr20	8	24	63025520	3.80798e-07
chr21	0	47711002	48129895	0.991297
chr21	1	413467	48129895	0.00859065
chr21	2	4405	48129895	9.15232e-05
chr21	3	661	48129895	1.37337e-05
chr21	4	229	48129895	4.75796e-06
chr21	5	112	48129895	2.32704e-06
chr21	6	19	48129895	3.94765e-07
chr22	0	51012090	51304566	0.994299
chr22	1	290809	51304566	0.00566829
chr22	2	1459	51304566	2.8438e-05
chr22	3	159	51304566	3.09914e-06
chr22	4	49	51304566	9.55081e-07
chrX	0	154067247	155270560	0.99225
chrX	1	1193599	155270560	0.00768722
chrX	2	8706	155270560	5.60699e-05
chrX	3	666	155270560	4.28929e-06
chrX	4	263	155270560	1.69382e-06
chrX	5	33	155270560	2.12532e-07
chrX	6	14	155270560	9.01652e-08
chrX	7	16	155270560	1.03046e-07
chrX	8	16	155270560	1.03046e-07
chrY	0	59290313	59373566	0.998598
chrY	1	76251	59373566	0.00128426
chrY	2	4789	59373566	8.06588e-05
chrY	3	1173	59373566	1.97563e-05
chrY	4	553	59373566	9.31391e-06
chrY	5	248	59373566	4.17694e-06
chrY	6	68	59373566	1.14529e-06
chrY	7	81	59373566	1.36424e-06
chrY	8	48	59373566	8.08441e-07
chrY	9	9	59373566	1.51583e-07
chrY	10	3	59373566	5.05275e-08
chrY	11	30	59373566	5.05275e-07
chr1_gl000191_random	0	105833	106433	0.994363
chr1_gl000191_random	1	600	106433	0.00563735
chr1_gl000192_random	0	538814	547496	0.984142
chr1_gl000192_random	1	8514	547496	0.0155508
chr1_gl000192_random	2	168	547496	0.000306852
chr4_ctg9_hap1	0	587626	590426	0.995258
chr4_ctg9_hap1	1	2800	590426	0.00474234
chr4_gl000193_random	0	185490	189789	0.977349
chr4_gl000193_random	1	4248	189789	0.0223828
chr4_gl000193_random	2	51	189789	0.000268719
chr4_gl000194_random	0	189120	191469	0.987732
chr4_gl000194_random	1	2298	191469	0.0120019
chr4_gl000194_random	2	51	191469	0.000266362
chr6_apd_hap1	0	4616896	4622290	0.998833
chr6_apd_hap1	1	5338	4622290	0.00115484
chr6_apd_hap1	2	56	4622290	1.21152e-05
chr6_cox_hap2	0	4783668	4795371	0.99756
chr6_cox_hap2	1	11556	4795371	0.00240982
chr6_cox_hap2	2	147	4795371	3.06546e-05
chr6_dbb_hap3	0	4600496	4610396	0.997853
chr6_dbb_hap3	1	9900	4610396	0.00214732
chr6_mann_hap4	0	4674738	4683263	0.99818
chr6_mann_hap4	1	8500	4683263	0.00181497
chr6_mann_hap4	2	25	4683263	5.33816e-06
chr6_mcf_hap5	0	4825048	4833398	0.998272
chr6_mcf_hap5	1	8350	4833398	0.00172756
chr6_qbl_hap6	0	4600818	4611984	0.997579
chr6_qbl_hap6	1	11132	4611984	0.00241371
chr6_qbl_hap6	2	34	4611984	7.3721e-06
chr6_ssto_hap7	0	4917410	4928567	0.997736
chr6_ssto_hap7	1	11114	4928567	0.00225502
chr6_ssto_hap7	2	43	4928567	8.72465e-06
chr7_gl000195_random	0	176991	182896	0.967714
chr7_gl000195_random	1	5860	182896	0.0320401
chr7_gl000195_random	2	45	182896	0.000246041
chr8_gl000196_random	0	38714	38914	0.99486
chr8_gl000196_random	1	200	38914	0.00513954
chr8_gl000197_random	0	36925	37175	0.993275
chr8_gl000197_random	1	250	37175	0.00672495
chr9_gl000198_random	0	85431	90085	0.948338
chr9_gl000198_random	1	4558	90085	0.0505967
chr9_gl000198_random	2	96	90085	0.00106566
chr9_gl000199_random	0	119881	169874	0.705705
chr9_gl000199_random	1	36512	169874	0.214936
chr9_gl000199_random	2	9295	169874	0.054717
chr9_gl000199_random	3	2316	169874	0.0136336
chr9_gl000199_random	4	993	169874	0.00584551
chr9_gl000199_random	5	403	169874	0.00237235
chr9_gl000199_random	6	149	169874	0.000877121
chr9_gl000199_random	7	110	169874	0.000647539
chr9_gl000199_random	8	14	169874	8.2414e-05
chr9_gl000199_random	9	20	169874	0.000117734
chr9_gl000199_random	10	30	169874	0.000176601
chr9_gl000199_random	11	16	169874	9.41875e-05
chr9_gl000199_random	12	24	169874	0.000141281
chr9_gl000199_random	13	18	169874	0.000105961
chr9_gl000199_random	14	9	169874	5.29804e-05
chr9_gl000199_random	15	7	169874	4.1207e-05
chr9_gl000199_random	16	8	169874	4.70937e-05
chr9_gl000199_random	17	8	169874	4.70937e-05
chr9_gl000199_random	18	6	169874	3.53203e-05
chr9_gl000199_random	19	10	169874	5.88672e-05
chr9_gl000199_random	20	24	169874	0.000141281
chr9_gl000199_random	21	2	169874	1.17734e-05
chr9_gl000199_random	22	2	169874	1.17734e-05
chr9_gl000199_random	23	8	169874	4.70937e-05
chr9_gl000199_random	24	9	169874	5.29804e-05
chr9_gl000200_random	0	185685	187035	0.992782
chr9_gl000200_random	1	1350	187035	0.0072179
chr9_gl000201_random	0	36098	36148	0.998617
chr9_gl000201_random	1	50	36148	0.0013832
chr11_gl000202_random	0	39853	40103	0.993766
chr11_gl000202_random	1	250	40103	0.00623395
chr17_ctg5_hap1	0	1675074	1680828	0.996577
chr17_ctg5_hap1	1	5708	1680828	0.00339595
chr17_ctg5_hap1	2	46	1680828	2.73675e-05
chr17_gl000203_random	0	37198	37498	0.992
chr17_gl000203_random	1	300	37498	0.00800043
chr17_gl000204_random	0	80160	81310	0.985857
chr17_gl000204_random	1	1150	81310	0.0141434
chr17_gl000205_random	0	170138	174588	0.974511
chr17_gl000205_random	1	4450	174588	0.0254886
chr17_gl000206_random	0	40451	41001	0.986586
chr17_gl000206_random	1	550	41001	0.0134143
chr18_gl000207_random	0	3928	4262	0.921633
chr18_gl000207_random	1	318	4262	0.0746129
chr18_gl000207_random	2	16	4262	0.00375411
chr19_gl000208_random	0	87630	92689	0.94542
chr19_gl000208_random	1	4566	92689	0.0492615
chr19_gl000208_random	2	417	92689	0.00449892
chr19_gl000208_random	3	31	92689	0.000334452
chr19_gl000208_random	4	18	92689	0.000194198
chr19_gl000208_random	5	27	92689	0.000291297
chr19_gl000209_random	0	158269	159169	0.994346
chr19_gl000209_random	1	900	159169	0.00565437
chr21_gl000210_random	0	27382	27682	0.989163
chr21_gl000210_random	1	300	27682	0.0108374
chrUn_gl000211	0	162936	166566	0.978207
chrUn_gl000211	1	3510	166566	0.0210727
chrUn_gl000211	2	120	166566	0.000720435
chrUn_gl000212	0	183558	186858	0.98234
chrUn_gl000212	1	3300	186858	0.0176605
chrUn_gl000213	0	162689	164239	0.990563
chrUn_gl000213	1	1550	164239	0.00943747
chrUn_gl000214	0	133038	137718	0.966017
chrUn_gl000214	1	4560	137718	0.0331111
chrUn_gl000214	2	120	137718	0.000871346
chrUn_gl000215	0	170795	172545	0.989858
chrUn_gl000215	1	1750	172545	0.0101423
chrUn_gl000216	0	152828	172294	0.887019
chrUn_gl000216	1	15093	172294	0.0876003
chrUn_gl000216	2	2614	172294	0.0151717
chrUn_gl000216	3	839	172294	0.00486958
chrUn_gl000216	4	529	172294	0.00307033
chrUn_gl000216	5	198	172294	0.0011492
chrUn_gl000216	6	145	172294	0.000841585
chrUn_gl000216	7	48	172294	0.000278594
chrUn_gl000217	0	168599	172149	0.979378
chrUn_gl000217	1	3550	172149	0.0206217
chrUn_gl000218	0	157947	161147	0.980142
chrUn_gl000218	1	3200	161147	0.0198576
chrUn_gl000219	0	173337	179198	0.967293
chrUn_gl000219	1	5772	179198	0.0322102
chrUn_gl000219	2	89	179198	0.000496657
chrUn_gl000220	0	126188	161802	0.779891
chrUn_gl000220	1	20002	161802	0.12362
chrUn_gl000220	2	8624	161802	0.0532997
chrUn_gl000220	3	4337	161802	0.0268044
chrUn_gl000220	4	1841	161802	0.0113781
chrUn_gl000220	5	612	161802	0.0037824
chrUn_gl000220	6	171	161802	0.00105685
chrUn_gl000220	7	27	161802	0.000166871
chrUn_gl000221	0	150926	155397	0.971229
chrUn_gl000221	1	4342	155397	0.0279413
chrUn_gl000221	2	129	155397	0.000830132
chrUn_gl000222	0	183857	186861	0.983924
chrUn_gl000222	1	2958	186861	0.0158299
chrUn_gl000222	2	46	186861	0.000246172
chrUn_gl000223	0	179257	180455	0.993361
chrUn_gl000223	1	1196	180455	0.00662769
chrUn_gl000223	2	2	180455	1.10831e-05
chrUn_gl000224	0	173810	179693	0.967261
chrUn_gl000224	1	5550	179693	0.030886
chrUn_gl000224	2	269	179693	0.001497
chrUn_gl000224	3	44	179693	0.000244862
chrUn_gl000224	4	20	179693	0.000111301
chrUn_gl000225	0	191430	211173	0.906508
chrUn_gl000225	1	17667	211173	0.0836613
chrUn_gl000225	2	1426	211173	0.00675276
chrUn_gl000225	3	436	211173	0.00206466
chrUn_gl000225	4	66	211173	0.00031254
chrUn_gl000225	5	37	211173	0.000175212
chrUn_gl000225	6	46	211173	0.000217831
chrUn_gl000225	7	20	211173	9.47091e-05
chrUn_gl000225	8	12	211173	5.68254e-05
chrUn_gl000225	9	4	211173	1.89418e-05
chrUn_gl000225	10	3	211173	1.42064e-05
chrUn_gl000225	11	16	211173	7.57673e-05
chrUn_gl000225	12	10	211173	4.73545e-05
chrUn_gl000226	0	1730	15008	0.115272
chrUn_gl000226	1	2630	15008	0.17524
chrUn_gl000226	2	2944	15008	0.196162
chrUn_gl000226	3	2938	15008	0.195762
chrUn_gl000226	4	2261	15008	0.150653
chrUn_gl000226	5	1283	15008	0.0854877
chrUn_gl000226	6	613	15008	0.0408449
chrUn_gl000226	7	358	15008	0.0238539
chrUn_gl000226	8	133	15008	0.00886194
chrUn_gl000226	9	82	15008	0.00546375
chrUn_gl000226	10	35	15008	0.00233209
chrUn_gl000226	11	1	15008	6.66311e-05
chrUn_gl000227	0	127374	128374	0.99221
chrUn_gl000227	1	1000	128374	0.00778974
chrUn_gl000228	0	126150	129120	0.976998
chrUn_gl000228	1	2770	129120	0.0214529
chrUn_gl000228	2	170	129120	0.0013166
chrUn_gl000228	3	30	129120	0.000232342
chrUn_gl000229	0	18949	19913	0.951589
chrUn_gl000229	1	928	19913	0.0466027
chrUn_gl000229	2	36	19913	0.00180786
chrUn_gl000230	0	43091	43691	0.986267
chrUn_gl000230	1	600	43691	0.0137328
chrUn_gl000231	0	26336	27386	0.961659
chrUn_gl000231	1	1050	27386	0.0383408
chrUn_gl000232	0	38944	40652	0.957985
chrUn_gl000232	1	1666	40652	0.040982
chrUn_gl000232	2	42	40652	0.00103316
chrUn_gl000233	0	45339	45941	0.986896
chrUn_gl000233	1	554	45941	0.0120589
chrUn_gl000233	2	48	45941	0.00104482
chrUn_gl000234	0	38914	40531	0.960105
chrUn_gl000234	1	1584	40531	0.0390812
chrUn_gl000234	2	33	40531	0.000814192
chrUn_gl000235	0	33389	34474	0.968527
chrUn_gl000235	1	1070	34474	0.0310379
chrUn_gl000235	2	15	34474	0.000435111
chrUn_gl000236	0	41334	41934	0.985692
chrUn_gl000236	1	600	41934	0.0143082
chrUn_gl000237	0	45017	45867	0.981468
chrUn_gl000237	1	850	45867	0.0185318
chrUn_gl000238	0	39739	39939	0.994992
chrUn_gl000238	1	200	39939	0.00500764
chrUn_gl000239	0	33320	33824	0.985099
chrUn_gl000239	1	458	33824	0.0135407
chrUn_gl000239	2	46	33824	0.00135998
chrUn_gl000240	0	41083	41933	0.97973
chrUn_gl000240	1	850	41933	0.0202704
chrUn_gl000241	0	40302	42152	0.956111
chrUn_gl000241	1	1750	42152	0.0415164
chrUn_gl000241	2	100	42152	0.00237237
chrUn_gl000242	0	43373	43523	0.996554
chrUn_gl000242	1	150	43523	0.00344645
chrUn_gl000243	0	42541	43341	0.981542
chrUn_gl000243	1	800	43341	0.0184583
chrUn_gl000244	0	39579	39929	0.991234
chrUn_gl000244	1	350	39929	0.00876556
chrUn_gl000245	0	35701	36651	0.97408
chrUn_gl000245	1	950	36651	0.0259202
chrUn_gl000246	0	37804	38154	0.990827
chrUn_gl000246	1	350	38154	0.00917335
chrUn_gl000247	0	35972	36422	0.987645
chrUn_gl000247	1	450	36422	0.0123552
chrUn_gl000248	0	39586	39786	0.994973
chrUn_gl000248	1	200	39786	0.00502689
chrUn_gl000249	0	38402	38502	0.997403
chrUn_gl000249	1	100	38502	0.00259727
genome	0	3097988089	3137161264	0.987513
genome	1	38673839	3137161264	0.0123277
genome	2	392119	3137161264	0.000124992
genome	3	44735	3137161264	1.42597e-05
genome	4	22766	3137161264	7.25688e-06
genome	5	13035	3137161264	4.15503e-06
genome	6	8158	3137161264	2.60044e-06
genome	7	5008	3137161264	1.59635e-06
genome	8	2931	3137161264	9.34284e-07
genome	9	2186	3137161264	6.96808e-07
genome	10	1676	3137161264	5.34241e-07
genome	11	1304	3137161264	4.15662e-07
genome	12	994	3137161264	3.16847e-07
genome	13	683	3137161264	2.17713e-07
genome	14	634	3137161264	2.02094e-07
genome	15	519	3137161264	1.65436e-07
genome	16	453	3137161264	1.44398e-07
genome	17	365	3137161264	1.16347e-07
genome	18	282	3137161264	8.98902e-08
genome	19	231	3137161264	7.36335e-08
genome	20	253	3137161264	8.06462e-08
genome	21	176	3137161264	5.61017e-08
genome	22	137	3137161264	4.36701e-08
genome	23	111	3137161264	3.53823e-08
genome	24	67	3137161264	2.13569e-08
genome	25	46	3137161264	1.46629e-08
genome	26	54	3137161264	1.7213e-08
genome	27	53	3137161264	1.68943e-08
genome	28	22	3137161264	7.01271e-09
genome	29	22	3137161264	7.01271e-09
genome	30	21	3137161264	6.69395e-09
genome	31	15	3137161264	4.78139e-09
genome	32	20	3137161264	6.37519e-09
genome	33	19	3137161264	6.05643e-09
genome	34	22	3137161264	7.01271e-09
genome	35	30	3137161264	9.56279e-09
genome	36	29	3137161264	9.24403e-09
genome	37	25	3137161264	7.96899e-09
genome	38	24	3137161264	7.65023e-09
genome	39	19	3137161264	6.05643e-09
genome	40	17	3137161264	5.41891e-09
genome	41	28	3137161264	8.92527e-09
genome	42	17	3137161264	5.41891e-09
genome	43	6	3137161264	1.91256e-09
genome	44	7	3137161264	2.23132e-09
genome	45	3	3137161264	9.56279e-10
genome	46	7	3137161264	2.23132e-09
genome	47	3	3137161264	9.56279e-10
genome	48	3	3137161264	9.56279e-10
genome	49	1	3137161264	3.1876e-10
