chrM	0	12378	16571	0.746968
chrM	1	3478	16571	0.209885
chrM	2	623	16571	0.0375958
chrM	3	92	16571	0.00555187
chr1	0	245360181	249250621	0.984391
chr1	1	3853578	249250621	0.0154607
chr1	2	34548	249250621	0.000138607
chr1	3	702	249250621	2.81644e-06
chr1	4	199	249250621	7.98393e-07
chr1	5	98	249250621	3.93179e-07
chr1	6	53	249250621	2.12637e-07
chr1	7	63	249250621	2.52758e-07
chr1	8	45	249250621	1.80541e-07
chr1	9	73	249250621	2.92878e-07
chr1	10	45	249250621	1.80541e-07
chr1	11	28	249250621	1.12337e-07
chr1	12	40	249250621	1.60481e-07
chr1	13	39	249250621	1.56469e-07
chr1	14	39	249250621	1.56469e-07
chr1	15	33	249250621	1.32397e-07
chr1	16	54	249250621	2.16649e-07
chr1	17	49	249250621	1.96589e-07
chr1	18	44	249250621	1.76529e-07
chr1	19	46	249250621	1.84553e-07
chr1	20	51	249250621	2.04613e-07
chr1	21	59	249250621	2.3671e-07
chr1	22	65	249250621	2.60782e-07
chr1	23	39	249250621	1.56469e-07
chr1	24	21	249250621	8.42525e-08
chr1	25	22	249250621	8.82646e-08
chr1	26	26	249250621	1.04313e-07
chr1	27	25	249250621	1.00301e-07
chr1	28	17	249250621	6.82044e-08
chr1	29	12	249250621	4.81443e-08
chr1	30	20	249250621	8.02405e-08
chr1	31	21	249250621	8.42525e-08
chr1	32	13	249250621	5.21563e-08
chr1	33	16	249250621	6.41924e-08
chr1	34	26	249250621	1.04313e-07
chr1	35	21	249250621	8.42525e-08
chr1	36	18	249250621	7.22165e-08
chr1	37	17	249250621	6.82044e-08
chr1	38	14	249250621	5.61684e-08
chr1	39	19	249250621	7.62285e-08
chr1	40	15	249250621	6.01804e-08
chr1	41	30	249250621	1.20361e-07
chr1	42	33	249250621	1.32397e-07
chr1	43	14	249250621	5.61684e-08
chr1	44	22	249250621	8.82646e-08
chr1	45	12	249250621	4.81443e-08
chr1	46	7	249250621	2.80842e-08
chr1	47	3	249250621	1.20361e-08
chr1	48	3	249250621	1.20361e-08
chr1	49	3	249250621	1.20361e-08
chr2	0	239410116	243199373	0.984419
chr2	1	3739347	243199373	0.0153756
chr2	2	38351	243199373	0.000157694
chr2	3	5216	243199373	2.14474e-05
chr2	4	2768	243199373	1.13816e-05
chr2	5	1520	243199373	6.25002e-06
chr2	6	958	243199373	3.93915e-06
chr2	7	414	243199373	1.70231e-06
chr2	8	220	243199373	9.04608e-07
chr2	9	166	243199373	6.82568e-07
chr2	10	57	243199373	2.34376e-07
chr2	11	48	243199373	1.97369e-07
chr2	12	51	243199373	2.09704e-07
chr2	13	70	243199373	2.8783e-07
chr2	14	13	243199373	5.34541e-08
chr2	15	18	243199373	7.40134e-08
chr2	16	21	243199373	8.63489e-08
chr2	17	19	243199373	7.81252e-08
chr3	0	195043433	198022430	0.984956
chr3	1	2955276	198022430	0.0149239
chr3	2	23383	198022430	0.000118083
chr3	3	138	198022430	6.96891e-07
chr3	4	50	198022430	2.52497e-07
chr3	5	24	198022430	1.21198e-07
chr3	6	25	198022430	1.26248e-07
chr3	7	4	198022430	2.01997e-08
chr3	8	11	198022430	5.55493e-08
chr3	9	3	198022430	1.51498e-08
chr3	10	8	198022430	4.03995e-08
chr3	11	10	198022430	5.04993e-08
chr3	12	6	198022430	3.02996e-08
chr3	13	10	198022430	5.04993e-08
chr3	14	20	198022430	1.00999e-07
chr3	15	9	198022430	4.54494e-08
chr3	16	16	198022430	8.07989e-08
chr3	17	4	198022430	2.01997e-08
chr4	0	189344461	191154276	0.990532
chr4	1	1786205	191154276	0.00934431
chr4	2	15654	191154276	8.1892e-05
chr4	3	3964	191154276	2.07372e-05
chr4	4	1846	191154276	9.65712e-06
chr4	5	1068	191154276	5.58711e-06
chr4	6	619	191154276	3.23822e-06
chr4	7	260	191154276	1.36016e-06
chr4	8	86	191154276	4.49898e-07
chr4	9	38	191154276	1.98792e-07
chr4	10	13	191154276	6.80079e-08
chr4	11	9	191154276	4.70824e-08
chr4	12	22	191154276	1.1509e-07
chr4	13	20	191154276	1.04628e-07
chr4	14	11	191154276	5.75451e-08
chr5	0	178691411	180915260	0.987708
chr5	1	2209618	180915260	0.0122136
chr5	2	13838	180915260	7.64888e-05
chr5	3	247	180915260	1.36528e-06
chr5	4	46	180915260	2.54263e-07
chr5	5	11	180915260	6.08019e-08
chr5	6	12	180915260	6.63294e-08
chr5	7	10	180915260	5.52745e-08
chr5	8	19	180915260	1.05022e-07
chr5	9	48	180915260	2.65318e-07
chr6	0	168403637	171115067	0.984154
chr6	1	2685046	171115067	0.0156915
chr6	2	22492	171115067	0.000131444
chr6	3	795	171115067	4.646e-06
chr6	4	514	171115067	3.00383e-06
chr6	5	617	171115067	3.60576e-06
chr6	6	439	171115067	2.56552e-06
chr6	7	462	171115067	2.69994e-06
chr6	8	394	171115067	2.30254e-06
chr6	9	272	171115067	1.58957e-06
chr6	10	217	171115067	1.26815e-06
chr6	11	108	171115067	6.31154e-07
chr6	12	49	171115067	2.86357e-07
chr6	13	20	171115067	1.1688e-07
chr6	14	5	171115067	2.92201e-08
chr7	0	156912661	159138663	0.986012
chr7	1	2200320	159138663	0.0138264
chr7	2	19547	159138663	0.00012283
chr7	3	1525	159138663	9.58284e-06
chr7	4	939	159138663	5.90051e-06
chr7	5	632	159138663	3.97138e-06
chr7	6	565	159138663	3.55036e-06
chr7	7	352	159138663	2.21191e-06
chr7	8	293	159138663	1.84116e-06
chr7	9	295	159138663	1.85373e-06
chr7	10	255	159138663	1.60238e-06
chr7	11	226	159138663	1.42015e-06
chr7	12	134	159138663	8.42033e-07
chr7	13	105	159138663	6.59802e-07
chr7	14	120	159138663	7.54059e-07
chr7	15	96	159138663	6.03248e-07
chr7	16	121	159138663	7.60343e-07
chr7	17	129	159138663	8.10614e-07
chr7	18	68	159138663	4.273e-07
chr7	19	45	159138663	2.82772e-07
chr7	20	77	159138663	4.83855e-07
chr7	21	38	159138663	2.38785e-07
chr7	22	33	159138663	2.07366e-07
chr7	23	25	159138663	1.57096e-07
chr7	24	40	159138663	2.51353e-07
chr7	25	18	159138663	1.13109e-07
chr7	26	2	159138663	1.25677e-08
chr7	27	2	159138663	1.25677e-08
chr8	0	145116278	146364022	0.991475
chr8	1	1232556	146364022	0.00842117
chr8	2	10651	146364022	7.27706e-05
chr8	3	2586	146364022	1.76683e-05
chr8	4	1018	146364022	6.95526e-06
chr8	5	569	146364022	3.88757e-06
chr8	6	131	146364022	8.95029e-07
chr8	7	107	146364022	7.31054e-07
chr8	8	60	146364022	4.09937e-07
chr8	9	14	146364022	9.56519e-08
chr8	10	12	146364022	8.19874e-08
chr8	11	24	146364022	1.63975e-07
chr8	12	16	146364022	1.09316e-07
chr9	0	139485507	141213431	0.987764
chr9	1	1712195	141213431	0.0121249
chr9	2	14306	141213431	0.000101308
chr9	3	725	141213431	5.13407e-06
chr9	4	298	141213431	2.11028e-06
chr9	5	244	141213431	1.72788e-06
chr9	6	86	141213431	6.09007e-07
chr9	7	70	141213431	4.95704e-07
chr10	0	133804919	135534747	0.987237
chr10	1	1689303	135534747	0.012464
chr10	2	21642	135534747	0.000159679
chr10	3	5369	135534747	3.96135e-05
chr10	4	3007	135534747	2.21862e-05
chr10	5	2117	135534747	1.56196e-05
chr10	6	1658	135534747	1.2233e-05
chr10	7	1492	135534747	1.10082e-05
chr10	8	1015	135534747	7.48885e-06
chr10	9	892	135534747	6.58134e-06
chr10	10	814	135534747	6.00584e-06
chr10	11	580	135534747	4.27935e-06
chr10	12	499	135534747	3.68171e-06
chr10	13	319	135534747	2.35364e-06
chr10	14	223	135534747	1.64533e-06
chr10	15	209	135534747	1.54204e-06
chr10	16	150	135534747	1.10673e-06
chr10	17	134	135534747	9.88676e-07
chr10	18	106	135534747	7.82087e-07
chr10	19	108	135534747	7.96844e-07
chr10	20	72	135534747	5.31229e-07
chr10	21	30	135534747	2.21345e-07
chr10	22	12	135534747	8.85382e-08
chr10	23	14	135534747	1.03295e-07
chr10	24	21	135534747	1.54942e-07
chr10	25	16	135534747	1.18051e-07
chr10	26	5	135534747	3.68909e-08
chr10	27	5	135534747	3.68909e-08
chr10	28	2	135534747	1.47564e-08
chr10	29	4	135534747	2.95127e-08
chr10	30	4	135534747	2.95127e-08
chr10	31	6	135534747	4.42691e-08
chr11	0	132926800	135006516	0.984595
chr11	1	2059001	135006516	0.0152511
chr11	2	18255	135006516	0.000135216
chr11	3	804	135006516	5.95527e-06
chr11	4	491	135006516	3.63686e-06
chr11	5	322	135006516	2.38507e-06
chr11	6	278	135006516	2.05916e-06
chr11	7	193	135006516	1.42956e-06
chr11	8	123	135006516	9.11067e-07
chr11	9	110	135006516	8.14775e-07
chr11	10	37	135006516	2.74061e-07
chr11	11	30	135006516	2.22211e-07
chr11	12	16	135006516	1.18513e-07
chr11	13	22	135006516	1.62955e-07
chr11	14	9	135006516	6.66635e-08
chr11	15	6	135006516	4.44423e-08
chr11	16	7	135006516	5.18494e-08
chr11	17	12	135006516	8.88846e-08
chr12	0	131677696	133851895	0.983757
chr12	1	2147949	133851895	0.0160472
chr12	2	25369	133851895	0.00018953
chr12	3	455	133851895	3.39928e-06
chr12	4	153	133851895	1.14305e-06
chr12	5	112	133851895	8.36746e-07
chr12	6	86	133851895	6.42501e-07
chr12	7	49	133851895	3.66076e-07
chr12	8	17	133851895	1.27006e-07
chr12	9	9	133851895	6.72385e-08
chr13	0	114263772	115169878	0.992132
chr13	1	902512	115169878	0.00783635
chr13	2	3594	115169878	3.12061e-05
chr14	0	106546008	107349540	0.992515
chr14	1	799237	107349540	0.00744518
chr14	2	4054	107349540	3.77645e-05
chr14	3	78	107349540	7.26598e-07
chr14	4	86	107349540	8.01121e-07
chr14	5	8	107349540	7.45229e-08
chr14	6	46	107349540	4.28507e-07
chr14	7	23	107349540	2.14253e-07
chr15	0	101476825	102531392	0.989715
chr15	1	1047684	102531392	0.0102182
chr15	2	6883	102531392	6.71307e-05
chr16	0	89391261	90354753	0.989337
chr16	1	932768	90354753	0.0103234
chr16	2	16335	90354753	0.000180787
chr16	3	6715	90354753	7.43182e-05
chr16	4	3816	90354753	4.22335e-05
chr16	5	2217	90354753	2.45366e-05
chr16	6	867	90354753	9.59551e-06
chr16	7	381	90354753	4.21671e-06
chr16	8	202	90354753	2.23563e-06
chr16	9	79	90354753	8.74331e-07
chr16	10	61	90354753	6.75117e-07
chr16	11	17	90354753	1.88147e-07
chr16	12	17	90354753	1.88147e-07
chr16	13	17	90354753	1.88147e-07
chr17	0	80353804	81195210	0.989637
chr17	1	834348	81195210	0.0102758
chr17	2	6394	81195210	7.87485e-05
chr17	3	470	81195210	5.78852e-06
chr17	4	140	81195210	1.72424e-06
chr17	5	34	81195210	4.18744e-07
chr17	6	16	81195210	1.97056e-07
chr17	7	4	81195210	4.9264e-08
chr18	0	76275433	78077248	0.976923
chr18	1	1776117	78077248	0.0227482
chr18	2	23472	78077248	0.000300625
chr18	3	917	78077248	1.17448e-05
chr18	4	453	78077248	5.80195e-06
chr18	5	218	78077248	2.79211e-06
chr18	6	194	78077248	2.48472e-06
chr18	7	92	78077248	1.17832e-06
chr18	8	103	78077248	1.31921e-06
chr18	9	76	78077248	9.73395e-07
chr18	10	18	78077248	2.30541e-07
chr18	11	46	78077248	5.8916e-07
chr18	12	27	78077248	3.45811e-07
chr18	13	9	78077248	1.1527e-07
chr18	14	22	78077248	2.81772e-07
chr18	15	21	78077248	2.68964e-07
chr18	16	11	78077248	1.40886e-07
chr18	17	5	78077248	6.40391e-08
chr18	18	7	78077248	8.96548e-08
chr18	19	7	78077248	8.96548e-08
chr19	0	58533967	59128983	0.989937
chr19	1	586048	59128983	0.00991135
chr19	2	5340	59128983	9.0311e-05
chr19	3	540	59128983	9.13258e-06
chr19	4	478	59128983	8.08402e-06
chr19	5	539	59128983	9.11566e-06
chr19	6	267	59128983	4.51555e-06
chr19	7	379	59128983	6.40972e-06
chr19	8	292	59128983	4.93836e-06
chr19	9	144	59128983	2.43535e-06
chr19	10	169	59128983	2.85816e-06
chr19	11	97	59128983	1.64048e-06
chr19	12	103	59128983	1.74195e-06
chr19	13	124	59128983	2.09711e-06
chr19	14	73	59128983	1.23459e-06
chr19	15	69	59128983	1.16694e-06
chr19	16	64	59128983	1.08238e-06
chr19	17	62	59128983	1.04856e-06
chr19	18	65	59128983	1.09929e-06
chr19	19	52	59128983	8.79433e-07
chr19	20	42	59128983	7.10312e-07
chr19	21	11	59128983	1.86034e-07
chr19	22	15	59128983	2.53683e-07
chr19	23	25	59128983	4.22805e-07
chr19	24	16	59128983	2.70595e-07
chr19	25	2	59128983	3.38244e-08
chr20	0	62073693	63025520	0.984898
chr20	1	942396	63025520	0.0149526
chr20	2	9000	63025520	0.000142799
chr20	3	183	63025520	2.90359e-06
chr20	4	94	63025520	1.49146e-06
chr20	5	76	63025520	1.20586e-06
chr20	6	47	63025520	7.4573e-07
chr20	7	31	63025520	4.91864e-07
chr21	0	47777470	48129895	0.992678
chr21	1	348053	48129895	0.00723153
chr21	2	3551	48129895	7.37795e-05
chr21	3	539	48129895	1.11989e-05
chr21	4	124	48129895	2.57636e-06
chr21	5	47	48129895	9.76524e-07
chr21	6	28	48129895	5.81759e-07
chr21	7	12	48129895	2.49325e-07
chr21	8	8	48129895	1.66217e-07
chr21	9	19	48129895	3.94765e-07
chr21	10	24	48129895	4.98651e-07
chr21	11	20	48129895	4.15542e-07
chr22	0	51001754	51304566	0.994098
chr22	1	300613	51304566	0.00585938
chr22	2	2119	51304566	4.13024e-05
chr22	3	31	51304566	6.04235e-07
chr22	4	16	51304566	3.11863e-07
chr22	5	6	51304566	1.16949e-07
chr22	6	27	51304566	5.26269e-07
chrX	0	153680252	155270560	0.989758
chrX	1	1579058	155270560	0.0101697
chrX	2	10430	155270560	6.71731e-05
chrX	3	499	155270560	3.21375e-06
chrX	4	183	155270560	1.17859e-06
chrX	5	98	155270560	6.31156e-07
chrX	6	22	155270560	1.41688e-07
chrX	7	13	155270560	8.37248e-08
chrX	8	5	155270560	3.22019e-08
chrY	0	59279762	59373566	0.99842
chrY	1	86722	59373566	0.00146062
chrY	2	4870	59373566	8.2023e-05
chrY	3	1162	59373566	1.9571e-05
chrY	4	522	59373566	8.79179e-06
chrY	5	215	59373566	3.62114e-06
chrY	6	140	59373566	2.35795e-06
chrY	7	48	59373566	8.08441e-07
chrY	8	42	59373566	7.07385e-07
chrY	9	50	59373566	8.42126e-07
chrY	10	4	59373566	6.737e-08
chrY	11	14	59373566	2.35795e-07
chrY	12	12	59373566	2.0211e-07
chrY	13	3	59373566	5.05275e-08
chr1_gl000191_random	0	105283	106433	0.989195
chr1_gl000191_random	1	1150	106433	0.0108049
chr1_gl000192_random	0	538646	547496	0.983836
chr1_gl000192_random	1	8850	547496	0.0161645
chr4_ctg9_hap1	0	587526	590426	0.995088
chr4_ctg9_hap1	1	2900	590426	0.00491171
chr4_gl000193_random	0	185617	189789	0.978018
chr4_gl000193_random	1	4144	189789	0.0218348
chr4_gl000193_random	2	28	189789	0.000147532
chr4_gl000194_random	0	188566	191469	0.984838
chr4_gl000194_random	1	2806	191469	0.0146551
chr4_gl000194_random	2	97	191469	0.000506609
chr6_apd_hap1	0	4616740	4622290	0.998799
chr6_apd_hap1	1	5550	4622290	0.0012007
chr6_cox_hap2	0	4780455	4795371	0.996889
chr6_cox_hap2	1	14882	4795371	0.00310341
chr6_cox_hap2	2	34	4795371	7.09017e-06
chr6_dbb_hap3	0	4599400	4610396	0.997615
chr6_dbb_hap3	1	10942	4610396	0.00237333
chr6_dbb_hap3	2	54	4610396	1.17127e-05
chr6_mann_hap4	0	4671113	4683263	0.997406
chr6_mann_hap4	1	12150	4683263	0.00259435
chr6_mcf_hap5	0	4821770	4833398	0.997594
chr6_mcf_hap5	1	11606	4833398	0.00240121
chr6_mcf_hap5	2	22	4833398	4.55166e-06
chr6_qbl_hap6	0	4600442	4611984	0.997497
chr6_qbl_hap6	1	11534	4611984	0.00250088
chr6_qbl_hap6	2	8	4611984	1.73461e-06
chr6_ssto_hap7	0	4915991	4928567	0.997448
chr6_ssto_hap7	1	12552	4928567	0.00254678
chr6_ssto_hap7	2	24	4928567	4.86957e-06
chr7_gl000195_random	0	177485	182896	0.970415
chr7_gl000195_random	1	5372	182896	0.0293719
chr7_gl000195_random	2	39	182896	0.000213236
chr8_gl000196_random	0	38814	38914	0.99743
chr8_gl000196_random	1	100	38914	0.00256977
chr8_gl000197_random	0	37125	37175	0.998655
chr8_gl000197_random	1	50	37175	0.00134499
chr9_gl000198_random	0	84684	90085	0.940046
chr9_gl000198_random	1	5052	90085	0.0560804
chr9_gl000198_random	2	349	90085	0.00387412
chr9_gl000199_random	0	120464	169874	0.709137
chr9_gl000199_random	1	35849	169874	0.211033
chr9_gl000199_random	2	9773	169874	0.0575309
chr9_gl000199_random	3	2580	169874	0.0151877
chr9_gl000199_random	4	658	169874	0.00387346
chr9_gl000199_random	5	172	169874	0.00101252
chr9_gl000199_random	6	121	169874	0.000712293
chr9_gl000199_random	7	22	169874	0.000129508
chr9_gl000199_random	8	32	169874	0.000188375
chr9_gl000199_random	9	34	169874	0.000200148
chr9_gl000199_random	10	18	169874	0.000105961
chr9_gl000199_random	11	27	169874	0.000158941
chr9_gl000199_random	12	16	169874	9.41875e-05
chr9_gl000199_random	13	17	169874	0.000100074
chr9_gl000199_random	14	16	169874	9.41875e-05
chr9_gl000199_random	15	21	169874	0.000123621
chr9_gl000199_random	16	16	169874	9.41875e-05
chr9_gl000199_random	17	38	169874	0.000223695
chr9_gl000200_random	0	185835	187035	0.993584
chr9_gl000200_random	1	1200	187035	0.00641591
chr9_gl000201_random	0	35948	36148	0.994467
chr9_gl000201_random	1	200	36148	0.00553281
chr11_gl000202_random	0	39553	40103	0.986285
chr11_gl000202_random	1	550	40103	0.0137147
chr17_ctg5_hap1	0	1673660	1680828	0.995735
chr17_ctg5_hap1	1	7136	1680828	0.00424553
chr17_ctg5_hap1	2	32	1680828	1.90382e-05
chr17_gl000203_random	0	36898	37498	0.983999
chr17_gl000203_random	1	600	37498	0.0160009
chr17_gl000204_random	0	80720	81310	0.992744
chr17_gl000204_random	1	580	81310	0.00713319
chr17_gl000204_random	2	10	81310	0.000122986
chr17_gl000205_random	0	170071	174588	0.974128
chr17_gl000205_random	1	4434	174588	0.0253969
chr17_gl000205_random	2	83	174588	0.000475405
chr17_gl000206_random	0	40801	41001	0.995122
chr17_gl000206_random	1	200	41001	0.00487793
chr18_gl000207_random	0	4112	4262	0.964805
chr18_gl000207_random	1	150	4262	0.0351947
chr19_gl000208_random	0	85796	92689	0.925633
chr19_gl000208_random	1	6220	92689	0.0671061
chr19_gl000208_random	2	539	92689	0.00581515
chr19_gl000208_random	3	134	92689	0.00144569
chr19_gl000209_random	0	158369	159169	0.994974
chr19_gl000209_random	1	800	159169	0.0050261
chr21_gl000210_random	0	27632	27682	0.998194
chr21_gl000210_random	1	50	27682	0.00180623
chrUn_gl000211	0	163166	166566	0.979588
chrUn_gl000211	1	3400	166566	0.0204123
chrUn_gl000212	0	183539	186858	0.982238
chrUn_gl000212	1	3288	186858	0.0175963
chrUn_gl000212	2	31	186858	0.000165901
chrUn_gl000213	0	162989	164239	0.992389
chrUn_gl000213	1	1250	164239	0.00761086
chrUn_gl000214	0	132145	137718	0.959533
chrUn_gl000214	1	5396	137718	0.0391815
chrUn_gl000214	2	177	137718	0.00128524
chrUn_gl000215	0	171632	172545	0.994709
chrUn_gl000215	1	876	172545	0.00507694
chrUn_gl000215	2	37	172545	0.000214437
chrUn_gl000216	0	153562	172294	0.891279
chrUn_gl000216	1	14246	172294	0.0826842
chrUn_gl000216	2	2855	172294	0.0165705
chrUn_gl000216	3	855	172294	0.00496245
chrUn_gl000216	4	464	172294	0.00269307
chrUn_gl000216	5	123	172294	0.000713896
chrUn_gl000216	6	88	172294	0.000510755
chrUn_gl000216	7	59	172294	0.000342438
chrUn_gl000216	8	18	172294	0.000104473
chrUn_gl000216	9	17	172294	9.86686e-05
chrUn_gl000216	10	7	172294	4.06282e-05
chrUn_gl000217	0	169080	172149	0.982172
chrUn_gl000217	1	2988	172149	0.0173571
chrUn_gl000217	2	81	172149	0.000470523
chrUn_gl000218	0	157542	161147	0.977629
chrUn_gl000218	1	3560	161147	0.0220916
chrUn_gl000218	2	45	161147	0.000279248
chrUn_gl000219	0	173683	179198	0.969224
chrUn_gl000219	1	5371	179198	0.0299724
chrUn_gl000219	2	103	179198	0.000574783
chrUn_gl000219	3	41	179198	0.000228797
chrUn_gl000220	0	124819	161802	0.77143
chrUn_gl000220	1	21174	161802	0.130864
chrUn_gl000220	2	8989	161802	0.0555556
chrUn_gl000220	3	3868	161802	0.0239058
chrUn_gl000220	4	1825	161802	0.0112792
chrUn_gl000220	5	777	161802	0.00480217
chrUn_gl000220	6	216	161802	0.00133496
chrUn_gl000220	7	109	161802	0.000673663
chrUn_gl000220	8	25	161802	0.00015451
chrUn_gl000221	0	152397	155397	0.980695
chrUn_gl000221	1	3000	155397	0.0193054
chrUn_gl000222	0	184961	186861	0.989832
chrUn_gl000222	1	1900	186861	0.010168
chrUn_gl000223	0	179030	180455	0.992103
chrUn_gl000223	1	1350	180455	0.00748109
chrUn_gl000223	2	75	180455	0.000415616
chrUn_gl000224	0	173147	179693	0.963571
chrUn_gl000224	1	6167	179693	0.0343196
chrUn_gl000224	2	354	179693	0.00197003
chrUn_gl000224	3	25	179693	0.000139126
chrUn_gl000225	0	190209	211173	0.900726
chrUn_gl000225	1	18034	211173	0.0853992
chrUn_gl000225	2	2318	211173	0.0109768
chrUn_gl000225	3	365	211173	0.00172844
chrUn_gl000225	4	56	211173	0.000265185
chrUn_gl000225	5	29	211173	0.000137328
chrUn_gl000225	6	84	211173	0.000397778
chrUn_gl000225	7	22	211173	0.00010418
chrUn_gl000225	8	6	211173	2.84127e-05
chrUn_gl000225	10	6	211173	2.84127e-05
chrUn_gl000225	11	6	211173	2.84127e-05
chrUn_gl000225	12	5	211173	2.36773e-05
chrUn_gl000225	13	3	211173	1.42064e-05
chrUn_gl000225	14	5	211173	2.36773e-05
chrUn_gl000225	15	7	211173	3.31482e-05
chrUn_gl000225	16	4	211173	1.89418e-05
chrUn_gl000225	17	6	211173	2.84127e-05
chrUn_gl000225	18	8	211173	3.78836e-05
chrUn_gl000226	0	1661	15008	0.110674
chrUn_gl000226	1	3381	15008	0.22528
chrUn_gl000226	2	3340	15008	0.222548
chrUn_gl000226	3	2889	15008	0.192497
chrUn_gl000226	4	1683	15008	0.11214
chrUn_gl000226	5	928	15008	0.0618337
chrUn_gl000226	6	491	15008	0.0327159
chrUn_gl000226	7	363	15008	0.0241871
chrUn_gl000226	8	156	15008	0.0103945
chrUn_gl000226	9	99	15008	0.00659648
chrUn_gl000226	10	17	15008	0.00113273
chrUn_gl000227	0	127337	128374	0.991922
chrUn_gl000227	1	974	128374	0.00758721
chrUn_gl000227	2	63	128374	0.000490754
chrUn_gl000228	0	126776	129120	0.981846
chrUn_gl000228	1	2142	129120	0.0165892
chrUn_gl000228	2	124	129120	0.000960347
chrUn_gl000228	3	52	129120	0.000402726
chrUn_gl000228	4	26	129120	0.000201363
chrUn_gl000229	0	18863	19913	0.947271
chrUn_gl000229	1	1050	19913	0.0527294
chrUn_gl000230	0	43141	43691	0.987412
chrUn_gl000230	1	550	43691	0.0125884
chrUn_gl000231	0	26386	27386	0.963485
chrUn_gl000231	1	1000	27386	0.036515
chrUn_gl000232	0	38923	40652	0.957468
chrUn_gl000232	1	1658	40652	0.0407852
chrUn_gl000232	2	71	40652	0.00174653
chrUn_gl000233	0	45291	45941	0.985851
chrUn_gl000233	1	650	45941	0.0141486
chrUn_gl000234	0	39431	40531	0.97286
chrUn_gl000234	1	1100	40531	0.0271397
chrUn_gl000235	0	33574	34474	0.973893
chrUn_gl000235	1	900	34474	0.0261066
chrUn_gl000236	0	41584	41934	0.991654
chrUn_gl000236	1	350	41934	0.00834645
chrUn_gl000237	0	45104	45867	0.983365
chrUn_gl000237	1	726	45867	0.0158284
chrUn_gl000237	2	37	45867	0.00080668
chrUn_gl000238	0	39639	39939	0.992489
chrUn_gl000238	1	300	39939	0.00751146
chrUn_gl000239	0	33124	33824	0.979305
chrUn_gl000239	1	700	33824	0.0206954
chrUn_gl000240	0	41233	41933	0.983307
chrUn_gl000240	1	700	41933	0.0166933
chrUn_gl000241	0	40224	42152	0.954261
chrUn_gl000241	1	1856	42152	0.0440311
chrUn_gl000241	2	72	42152	0.0017081
chrUn_gl000242	0	43373	43523	0.996554
chrUn_gl000242	1	150	43523	0.00344645
chrUn_gl000243	0	42091	43341	0.971159
chrUn_gl000243	1	1250	43341	0.0288411
chrUn_gl000244	0	39779	39929	0.996243
chrUn_gl000244	1	150	39929	0.00375667
chrUn_gl000245	0	35851	36651	0.978172
chrUn_gl000245	1	800	36651	0.0218275
chrUn_gl000246	0	37904	38154	0.993448
chrUn_gl000246	1	250	38154	0.00655239
chrUn_gl000247	0	35972	36422	0.987645
chrUn_gl000247	1	450	36422	0.0123552
chrUn_gl000248	0	39586	39786	0.994973
chrUn_gl000248	1	200	39786	0.00502689
chrUn_gl000249	0	38502	38502	1
genome	0	3097980245	3137161264	0.987511
genome	1	38690324	3137161264	0.0123329
genome	2	384565	3137161264	0.000122584
genome	3	44561	3137161264	1.42042e-05
genome	4	21953	3137161264	6.99773e-06
genome	5	12821	3137161264	4.08682e-06
genome	6	7564	3137161264	2.4111e-06
genome	7	5034	3137161264	1.60464e-06
genome	8	3172	3137161264	1.01111e-06
genome	9	2438	3137161264	7.77136e-07
genome	10	1782	3137161264	5.68029e-07
genome	11	1290	3137161264	4.112e-07
genome	12	1013	3137161264	3.22903e-07
genome	13	778	3137161264	2.47995e-07
genome	14	556	3137161264	1.7723e-07
genome	15	489	3137161264	1.55873e-07
genome	16	464	3137161264	1.47904e-07
genome	17	458	3137161264	1.45992e-07
genome	18	298	3137161264	9.49903e-08
genome	19	258	3137161264	8.224e-08
genome	20	242	3137161264	7.71398e-08
genome	21	138	3137161264	4.39888e-08
genome	22	125	3137161264	3.98449e-08
genome	23	103	3137161264	3.28322e-08
genome	24	98	3137161264	3.12384e-08
genome	25	58	3137161264	1.84881e-08
genome	26	33	3137161264	1.05191e-08
genome	27	32	3137161264	1.02003e-08
genome	28	19	3137161264	6.05643e-09
genome	29	16	3137161264	5.10015e-09
genome	30	24	3137161264	7.65023e-09
genome	31	27	3137161264	8.60651e-09
genome	32	13	3137161264	4.14387e-09
genome	33	16	3137161264	5.10015e-09
genome	34	26	3137161264	8.28775e-09
genome	35	21	3137161264	6.69395e-09
genome	36	18	3137161264	5.73767e-09
genome	37	17	3137161264	5.41891e-09
genome	38	14	3137161264	4.46263e-09
genome	39	19	3137161264	6.05643e-09
genome	40	15	3137161264	4.78139e-09
genome	41	30	3137161264	9.56279e-09
genome	42	33	3137161264	1.05191e-08
genome	43	14	3137161264	4.46263e-09
genome	44	22	3137161264	7.01271e-09
genome	45	12	3137161264	3.82511e-09
genome	46	7	3137161264	2.23132e-09
genome	47	3	3137161264	9.56279e-10
genome	48	3	3137161264	9.56279e-10
genome	49	3	3137161264	9.56279e-10
