chrM	0	16221	16571	0.978879
chrM	1	350	16571	0.0211212
chr1	0	245483943	249250621	0.984888
chr1	1	3732142	249250621	0.0149735
chr1	2	32282	249250621	0.000129516
chr1	3	476	249250621	1.90972e-06
chr1	4	248	249250621	9.94982e-07
chr1	5	131	249250621	5.25575e-07
chr1	6	66	249250621	2.64794e-07
chr1	7	50	249250621	2.00601e-07
chr1	8	112	249250621	4.49347e-07
chr1	9	69	249250621	2.7683e-07
chr1	10	50	249250621	2.00601e-07
chr1	11	60	249250621	2.40722e-07
chr1	12	51	249250621	2.04613e-07
chr1	13	36	249250621	1.44433e-07
chr1	14	31	249250621	1.24373e-07
chr1	15	47	249250621	1.88565e-07
chr1	16	53	249250621	2.12637e-07
chr1	17	54	249250621	2.16649e-07
chr1	18	65	249250621	2.60782e-07
chr1	19	55	249250621	2.20661e-07
chr1	20	65	249250621	2.60782e-07
chr1	21	53	249250621	2.12637e-07
chr1	22	37	249250621	1.48445e-07
chr1	23	23	249250621	9.22766e-08
chr1	24	21	249250621	8.42525e-08
chr1	25	13	249250621	5.21563e-08
chr1	26	28	249250621	1.12337e-07
chr1	27	25	249250621	1.00301e-07
chr1	28	21	249250621	8.42525e-08
chr1	29	15	249250621	6.01804e-08
chr1	30	31	249250621	1.24373e-07
chr1	31	19	249250621	7.62285e-08
chr1	32	16	249250621	6.41924e-08
chr1	33	16	249250621	6.41924e-08
chr1	34	15	249250621	6.01804e-08
chr1	35	18	249250621	7.22165e-08
chr1	36	20	249250621	8.02405e-08
chr1	37	23	249250621	9.22766e-08
chr1	38	31	249250621	1.24373e-07
chr1	39	36	249250621	1.44433e-07
chr1	40	24	249250621	9.62886e-08
chr1	41	16	249250621	6.41924e-08
chr1	42	14	249250621	5.61684e-08
chr1	43	7	249250621	2.80842e-08
chr1	44	8	249250621	3.20962e-08
chr1	45	4	249250621	1.60481e-08
chr1	46	1	249250621	4.01203e-09
chr2	0	239416555	243199373	0.984446
chr2	1	3731017	243199373	0.0153414
chr2	2	40881	243199373	0.000168097
chr2	3	4684	243199373	1.92599e-05
chr2	4	2948	243199373	1.21217e-05
chr2	5	1457	243199373	5.99097e-06
chr2	6	756	243199373	3.10856e-06
chr2	7	511	243199373	2.10116e-06
chr2	8	203	243199373	8.34706e-07
chr2	9	99	243199373	4.07073e-07
chr2	10	93	243199373	3.82402e-07
chr2	11	37	243199373	1.52139e-07
chr2	12	56	243199373	2.30264e-07
chr2	13	12	243199373	4.93422e-08
chr2	14	13	243199373	5.34541e-08
chr2	15	7	243199373	2.8783e-08
chr2	16	8	243199373	3.28948e-08
chr2	17	5	243199373	2.05593e-08
chr2	18	4	243199373	1.64474e-08
chr2	19	2	243199373	8.22371e-09
chr2	20	5	243199373	2.05593e-08
chr2	21	5	243199373	2.05593e-08
chr2	22	11	243199373	4.52304e-08
chr2	23	4	243199373	1.64474e-08
chr3	0	194847585	198022430	0.983967
chr3	1	3146515	198022430	0.0158897
chr3	2	27879	198022430	0.000140787
chr3	3	284	198022430	1.43418e-06
chr3	4	49	198022430	2.47447e-07
chr3	5	22	198022430	1.11099e-07
chr3	6	7	198022430	3.53495e-08
chr3	7	4	198022430	2.01997e-08
chr3	8	4	198022430	2.01997e-08
chr3	9	2	198022430	1.00999e-08
chr3	10	2	198022430	1.00999e-08
chr3	11	18	198022430	9.08988e-08
chr3	12	15	198022430	7.5749e-08
chr3	13	18	198022430	9.08988e-08
chr3	14	7	198022430	3.53495e-08
chr3	15	3	198022430	1.51498e-08
chr3	16	2	198022430	1.00999e-08
chr3	17	10	198022430	5.04993e-08
chr3	18	4	198022430	2.01997e-08
chr4	0	189391131	191154276	0.990776
chr4	1	1738512	191154276	0.00909481
chr4	2	16827	191154276	8.80284e-05
chr4	3	4192	191154276	2.19299e-05
chr4	4	1947	191154276	1.01855e-05
chr4	5	833	191154276	4.35774e-06
chr4	6	448	191154276	2.34366e-06
chr4	7	173	191154276	9.05028e-07
chr4	8	59	191154276	3.08651e-07
chr4	9	53	191154276	2.77263e-07
chr4	10	39	191154276	2.04024e-07
chr4	11	42	191154276	2.19718e-07
chr4	12	9	191154276	4.70824e-08
chr4	13	7	191154276	3.66196e-08
chr4	14	4	191154276	2.09255e-08
chr5	0	178780943	180915260	0.988203
chr5	1	2119739	180915260	0.0117168
chr5	2	14025	180915260	7.75225e-05
chr5	3	323	180915260	1.78537e-06
chr5	4	136	180915260	7.51733e-07
chr5	5	11	180915260	6.08019e-08
chr5	6	44	180915260	2.43208e-07
chr5	7	7	180915260	3.86921e-08
chr5	8	8	180915260	4.42196e-08
chr5	9	24	180915260	1.32659e-07
chr6	0	168210610	171115067	0.983026
chr6	1	2873005	171115067	0.0167899
chr6	2	27786	171115067	0.000162382
chr6	3	662	171115067	3.86874e-06
chr6	4	508	171115067	2.96876e-06
chr6	5	670	171115067	3.91549e-06
chr6	6	449	171115067	2.62397e-06
chr6	7	444	171115067	2.59475e-06
chr6	8	383	171115067	2.23826e-06
chr6	9	229	171115067	1.33828e-06
chr6	10	193	171115067	1.1279e-06
chr6	11	61	171115067	3.56485e-07
chr6	12	50	171115067	2.92201e-07
chr6	13	11	171115067	6.42842e-08
chr6	14	6	171115067	3.50641e-08
chr7	0	156689828	159138663	0.984612
chr7	1	2420964	159138663	0.0152129
chr7	2	21889	159138663	0.000137547
chr7	3	1607	159138663	1.00981e-05
chr7	4	876	159138663	5.50463e-06
chr7	5	669	159138663	4.20388e-06
chr7	6	559	159138663	3.51266e-06
chr7	7	516	159138663	3.24246e-06
chr7	8	301	159138663	1.89143e-06
chr7	9	224	159138663	1.40758e-06
chr7	10	183	159138663	1.14994e-06
chr7	11	189	159138663	1.18764e-06
chr7	12	105	159138663	6.59802e-07
chr7	13	105	159138663	6.59802e-07
chr7	14	70	159138663	4.39868e-07
chr7	15	51	159138663	3.20475e-07
chr7	16	65	159138663	4.08449e-07
chr7	17	69	159138663	4.33584e-07
chr7	18	79	159138663	4.96422e-07
chr7	19	67	159138663	4.21016e-07
chr7	20	55	159138663	3.45611e-07
chr7	21	58	159138663	3.64462e-07
chr7	22	52	159138663	3.26759e-07
chr7	23	23	159138663	1.44528e-07
chr7	24	11	159138663	6.91221e-08
chr7	25	12	159138663	7.54059e-08
chr7	26	19	159138663	1.19393e-07
chr7	27	14	159138663	8.79736e-08
chr7	28	3	159138663	1.88515e-08
chr8	0	145140700	146364022	0.991642
chr8	1	1208049	146364022	0.00825373
chr8	2	11106	146364022	7.58793e-05
chr8	3	2476	146364022	1.69167e-05
chr8	4	933	146364022	6.37452e-06
chr8	5	417	146364022	2.84906e-06
chr8	6	116	146364022	7.92545e-07
chr8	7	81	146364022	5.53415e-07
chr8	8	54	146364022	3.68943e-07
chr8	9	67	146364022	4.57763e-07
chr8	10	7	146364022	4.7826e-08
chr8	11	16	146364022	1.09316e-07
chr9	0	139520759	141213431	0.988013
chr9	1	1677027	141213431	0.0118758
chr9	2	14082	141213431	9.97214e-05
chr9	3	829	141213431	5.87055e-06
chr9	4	311	141213431	2.20234e-06
chr9	5	115	141213431	8.1437e-07
chr9	6	95	141213431	6.72741e-07
chr9	7	64	141213431	4.53215e-07
chr9	8	86	141213431	6.09007e-07
chr9	9	34	141213431	2.4077e-07
chr9	10	28	141213431	1.98281e-07
chr9	11	1	141213431	7.08148e-09
chr10	0	133845511	135534747	0.987536
chr10	1	1650225	135534747	0.0121757
chr10	2	20601	135534747	0.000151998
chr10	3	5085	135534747	3.75181e-05
chr10	4	3219	135534747	2.37504e-05
chr10	5	2178	135534747	1.60697e-05
chr10	6	1544	135534747	1.13919e-05
chr10	7	1232	135534747	9.08992e-06
chr10	8	1081	135534747	7.97581e-06
chr10	9	912	135534747	6.7289e-06
chr10	10	752	135534747	5.54839e-06
chr10	11	554	135534747	4.08751e-06
chr10	12	523	135534747	3.85879e-06
chr10	13	309	135534747	2.27986e-06
chr10	14	256	135534747	1.88881e-06
chr10	15	192	135534747	1.41661e-06
chr10	16	143	135534747	1.05508e-06
chr10	17	102	135534747	7.52575e-07
chr10	18	73	135534747	5.38607e-07
chr10	19	62	135534747	4.57447e-07
chr10	20	71	135534747	5.23851e-07
chr10	21	70	135534747	5.16473e-07
chr10	22	32	135534747	2.36102e-07
chr10	23	7	135534747	5.16473e-08
chr10	24	7	135534747	5.16473e-08
chr10	25	6	135534747	4.42691e-08
chr11	0	133071829	135006516	0.98567
chr11	1	1916167	135006516	0.0141931
chr11	2	16188	135006516	0.000119905
chr11	3	868	135006516	6.42932e-06
chr11	4	489	135006516	3.62205e-06
chr11	5	269	135006516	1.9925e-06
chr11	6	162	135006516	1.19994e-06
chr11	7	219	135006516	1.62214e-06
chr11	8	100	135006516	7.40705e-07
chr11	9	82	135006516	6.07378e-07
chr11	10	56	135006516	4.14795e-07
chr11	11	45	135006516	3.33317e-07
chr11	12	42	135006516	3.11096e-07
chr12	0	131593914	133851895	0.983131
chr12	1	2233487	133851895	0.0166863
chr12	2	23535	133851895	0.000175829
chr12	3	579	133851895	4.32568e-06
chr12	4	239	133851895	1.78556e-06
chr12	5	31	133851895	2.31599e-07
chr12	6	34	133851895	2.54012e-07
chr12	7	37	133851895	2.76425e-07
chr12	8	19	133851895	1.41948e-07
chr12	9	20	133851895	1.49419e-07
chr13	0	114066290	115169878	0.990418
chr13	1	1096872	115169878	0.00952395
chr13	2	6670	115169878	5.79144e-05
chr13	3	46	115169878	3.9941e-07
chr14	0	106571450	107349540	0.992752
chr14	1	774240	107349540	0.00721233
chr14	2	3605	107349540	3.35819e-05
chr14	3	137	107349540	1.2762e-06
chr14	4	51	107349540	4.75084e-07
chr14	5	57	107349540	5.30976e-07
chr15	0	101518601	102531392	0.990122
chr15	1	1006905	102531392	0.00982046
chr15	2	5863	102531392	5.71825e-05
chr15	3	23	102531392	2.24322e-07
chr16	0	89425341	90354753	0.989714
chr16	1	899304	90354753	0.00995304
chr16	2	16323	90354753	0.000180655
chr16	3	6142	90354753	6.79765e-05
chr16	4	3775	90354753	4.17798e-05
chr16	5	1939	90354753	2.14599e-05
chr16	6	998	90354753	1.10454e-05
chr16	7	565	90354753	6.25313e-06
chr16	8	231	90354753	2.55659e-06
chr16	9	93	90354753	1.02928e-06
chr16	10	22	90354753	2.43485e-07
chr16	11	9	90354753	9.96074e-08
chr16	12	11	90354753	1.21742e-07
chr17	0	80391636	81195210	0.990103
chr17	1	797354	81195210	0.00982021
chr17	2	5566	81195210	6.85508e-05
chr17	3	413	81195210	5.08651e-06
chr17	4	192	81195210	2.36467e-06
chr17	5	37	81195210	4.55692e-07
chr17	6	12	81195210	1.47792e-07
chr18	0	76388230	78077248	0.978367
chr18	1	1666711	78077248	0.0213469
chr18	2	20093	78077248	0.000257348
chr18	3	791	78077248	1.0131e-05
chr18	4	401	78077248	5.13594e-06
chr18	5	289	78077248	3.70146e-06
chr18	6	193	78077248	2.47191e-06
chr18	7	99	78077248	1.26797e-06
chr18	8	75	78077248	9.60587e-07
chr18	9	99	78077248	1.26797e-06
chr18	10	71	78077248	9.09356e-07
chr18	11	38	78077248	4.86698e-07
chr18	12	29	78077248	3.71427e-07
chr18	13	17	78077248	2.17733e-07
chr18	14	34	78077248	4.35466e-07
chr18	15	11	78077248	1.40886e-07
chr18	16	15	78077248	1.92117e-07
chr18	17	8	78077248	1.02463e-07
chr18	18	2	78077248	2.56157e-08
chr18	19	1	78077248	1.28078e-08
chr18	20	2	78077248	2.56157e-08
chr18	21	1	78077248	1.28078e-08
chr18	22	4	78077248	5.12313e-08
chr18	23	2	78077248	2.56157e-08
chr18	24	1	78077248	1.28078e-08
chr18	25	7	78077248	8.96548e-08
chr18	26	2	78077248	2.56157e-08
chr18	27	3	78077248	3.84235e-08
chr18	28	8	78077248	1.02463e-07
chr18	29	11	78077248	1.40886e-07
chr19	0	58544911	59128983	0.990122
chr19	1	575365	59128983	0.00973068
chr19	2	4959	59128983	8.38675e-05
chr19	3	636	59128983	1.07561e-05
chr19	4	434	59128983	7.33989e-06
chr19	5	460	59128983	7.7796e-06
chr19	6	325	59128983	5.49646e-06
chr19	7	368	59128983	6.22368e-06
chr19	8	275	59128983	4.65085e-06
chr19	9	194	59128983	3.28096e-06
chr19	10	180	59128983	3.04419e-06
chr19	11	114	59128983	1.92799e-06
chr19	12	156	59128983	2.6383e-06
chr19	13	102	59128983	1.72504e-06
chr19	14	68	59128983	1.15003e-06
chr19	15	60	59128983	1.01473e-06
chr19	16	62	59128983	1.04856e-06
chr19	17	63	59128983	1.06547e-06
chr19	18	78	59128983	1.31915e-06
chr19	19	53	59128983	8.96346e-07
chr19	20	51	59128983	8.62521e-07
chr19	21	17	59128983	2.87507e-07
chr19	22	15	59128983	2.53683e-07
chr19	23	8	59128983	1.35297e-07
chr19	24	3	59128983	5.07365e-08
chr19	25	2	59128983	3.38244e-08
chr19	26	3	59128983	5.07365e-08
chr19	27	2	59128983	3.38244e-08
chr19	28	2	59128983	3.38244e-08
chr19	29	4	59128983	6.76487e-08
chr19	30	4	59128983	6.76487e-08
chr19	31	4	59128983	6.76487e-08
chr19	32	3	59128983	5.07365e-08
chr19	33	2	59128983	3.38244e-08
chr20	0	62161021	63025520	0.986283
chr20	1	856424	63025520	0.0135885
chr20	2	7525	63025520	0.000119396
chr20	3	378	63025520	5.99757e-06
chr20	4	66	63025520	1.04719e-06
chr20	5	69	63025520	1.09479e-06
chr20	6	26	63025520	4.12531e-07
chr20	7	11	63025520	1.74532e-07
chr21	0	47721452	48129895	0.991514
chr21	1	403027	48129895	0.00837374
chr21	2	4477	48129895	9.30191e-05
chr21	3	498	48129895	1.0347e-05
chr21	4	228	48129895	4.73718e-06
chr21	5	69	48129895	1.43362e-06
chr21	6	33	48129895	6.85645e-07
chr21	7	18	48129895	3.73988e-07
chr21	8	25	48129895	5.19428e-07
chr21	9	14	48129895	2.90879e-07
chr21	10	26	48129895	5.40205e-07
chr21	11	28	48129895	5.81759e-07
chr22	0	51039680	51304566	0.994837
chr22	1	263261	51304566	0.00513134
chr22	2	1392	51304566	2.71321e-05
chr22	3	227	51304566	4.42456e-06
chr22	4	6	51304566	1.16949e-07
chrX	0	153725644	155270560	0.99005
chrX	1	1533082	155270560	0.00987362
chrX	2	10817	155270560	6.96655e-05
chrX	3	596	155270560	3.83846e-06
chrX	4	157	155270560	1.01114e-06
chrX	5	169	155270560	1.08842e-06
chrX	6	38	155270560	2.44734e-07
chrX	7	33	155270560	2.12532e-07
chrX	8	13	155270560	8.37248e-08
chrX	9	4	155270560	2.57615e-08
chrX	10	3	155270560	1.93211e-08
chrX	11	4	155270560	2.57615e-08
chrY	0	59278889	59373566	0.998405
chrY	1	87600	59373566	0.0014754
chrY	2	4793	59373566	8.07262e-05
chrY	3	1341	59373566	2.25858e-05
chrY	4	525	59373566	8.84232e-06
chrY	5	231	59373566	3.89062e-06
chrY	6	39	59373566	6.56858e-07
chrY	7	35	59373566	5.89488e-07
chrY	8	50	59373566	8.42126e-07
chrY	9	25	59373566	4.21063e-07
chrY	10	3	59373566	5.05275e-08
chrY	11	5	59373566	8.42126e-08
chrY	12	6	59373566	1.01055e-07
chrY	13	11	59373566	1.85268e-07
chrY	14	13	59373566	2.18953e-07
chr1_gl000191_random	0	105755	106433	0.99363
chr1_gl000191_random	1	656	106433	0.0061635
chr1_gl000191_random	2	22	106433	0.000206703
chr1_gl000192_random	0	539496	547496	0.985388
chr1_gl000192_random	1	8000	547496	0.014612
chr4_ctg9_hap1	0	587126	590426	0.994411
chr4_ctg9_hap1	1	3300	590426	0.00558918
chr4_gl000193_random	0	184839	189789	0.973918
chr4_gl000193_random	1	4950	189789	0.0260816
chr4_gl000194_random	0	187867	191469	0.981188
chr4_gl000194_random	1	3554	191469	0.0185618
chr4_gl000194_random	2	48	191469	0.000250693
chr6_apd_hap1	0	4615540	4622290	0.99854
chr6_apd_hap1	1	6750	4622290	0.00146032
chr6_cox_hap2	0	4779287	4795371	0.996646
chr6_cox_hap2	1	16018	4795371	0.0033403
chr6_cox_hap2	2	66	4795371	1.37633e-05
chr6_dbb_hap3	0	4597946	4610396	0.9973
chr6_dbb_hap3	1	12450	4610396	0.00270042
chr6_mann_hap4	0	4671627	4683263	0.997515
chr6_mann_hap4	1	11572	4683263	0.00247093
chr6_mann_hap4	2	64	4683263	1.36657e-05
chr6_mcf_hap5	0	4822757	4833398	0.997798
chr6_mcf_hap5	1	10632	4833398	0.00219969
chr6_mcf_hap5	2	9	4833398	1.86204e-06
chr6_qbl_hap6	0	4599761	4611984	0.99735
chr6_qbl_hap6	1	12146	4611984	0.00263357
chr6_qbl_hap6	2	77	4611984	1.66956e-05
chr6_ssto_hap7	0	4916317	4928567	0.997514
chr6_ssto_hap7	1	12250	4928567	0.00248551
chr7_gl000195_random	0	178055	182896	0.973531
chr7_gl000195_random	1	4682	182896	0.0255992
chr7_gl000195_random	2	159	182896	0.000869346
chr8_gl000196_random	0	38764	38914	0.996145
chr8_gl000196_random	1	150	38914	0.00385465
chr8_gl000197_random	0	37125	37175	0.998655
chr8_gl000197_random	1	50	37175	0.00134499
chr9_gl000198_random	0	85477	90085	0.948848
chr9_gl000198_random	1	4316	90085	0.0479103
chr9_gl000198_random	2	292	90085	0.00324138
chr9_gl000199_random	0	123130	169874	0.724831
chr9_gl000199_random	1	33900	169874	0.19956
chr9_gl000199_random	2	9260	169874	0.054511
chr9_gl000199_random	3	2416	169874	0.0142223
chr9_gl000199_random	4	583	169874	0.00343196
chr9_gl000199_random	5	224	169874	0.00131862
chr9_gl000199_random	6	65	169874	0.000382637
chr9_gl000199_random	7	39	169874	0.000229582
chr9_gl000199_random	8	49	169874	0.000288449
chr9_gl000199_random	9	22	169874	0.000129508
chr9_gl000199_random	10	13	169874	7.65273e-05
chr9_gl000199_random	11	13	169874	7.65273e-05
chr9_gl000199_random	12	30	169874	0.000176601
chr9_gl000199_random	13	20	169874	0.000117734
chr9_gl000199_random	14	24	169874	0.000141281
chr9_gl000199_random	15	26	169874	0.000153055
chr9_gl000199_random	16	11	169874	6.47539e-05
chr9_gl000199_random	17	17	169874	0.000100074
chr9_gl000199_random	18	15	169874	8.83007e-05
chr9_gl000199_random	19	17	169874	0.000100074
chr9_gl000200_random	0	185135	187035	0.989841
chr9_gl000200_random	1	1900	187035	0.0101585
chr9_gl000201_random	0	36048	36148	0.997234
chr9_gl000201_random	1	100	36148	0.0027664
chr11_gl000202_random	0	39403	40103	0.982545
chr11_gl000202_random	1	700	40103	0.0174551
chr17_ctg5_hap1	0	1674528	1680828	0.996252
chr17_ctg5_hap1	1	6300	1680828	0.00374815
chr17_gl000203_random	0	37098	37498	0.989333
chr17_gl000203_random	1	400	37498	0.0106672
chr17_gl000204_random	0	80460	81310	0.989546
chr17_gl000204_random	1	850	81310	0.0104538
chr17_gl000205_random	0	169868	174588	0.972965
chr17_gl000205_random	1	4640	174588	0.0265769
chr17_gl000205_random	2	80	174588	0.000458222
chr17_gl000206_random	0	40601	41001	0.990244
chr17_gl000206_random	1	400	41001	0.00975586
chr18_gl000207_random	0	4031	4262	0.9458
chr18_gl000207_random	1	212	4262	0.0497419
chr18_gl000207_random	2	19	4262	0.004458
chr19_gl000208_random	0	85807	92689	0.925752
chr19_gl000208_random	1	6337	92689	0.0683684
chr19_gl000208_random	2	405	92689	0.00436945
chr19_gl000208_random	3	107	92689	0.0011544
chr19_gl000208_random	4	33	92689	0.000356029
chr19_gl000209_random	0	158219	159169	0.994031
chr19_gl000209_random	1	950	159169	0.0059685
chr21_gl000210_random	0	27632	27682	0.998194
chr21_gl000210_random	1	50	27682	0.00180623
chrUn_gl000211	0	163379	166566	0.980866
chrUn_gl000211	1	3074	166566	0.0184551
chrUn_gl000211	2	113	166566	0.00067841
chrUn_gl000212	0	183749	186858	0.983362
chrUn_gl000212	1	3068	186858	0.0164189
chrUn_gl000212	2	41	186858	0.000219418
chrUn_gl000213	0	162889	164239	0.99178
chrUn_gl000213	1	1350	164239	0.00821973
chrUn_gl000214	0	133696	137718	0.970795
chrUn_gl000214	1	3911	137718	0.0283986
chrUn_gl000214	2	63	137718	0.000457457
chrUn_gl000214	3	29	137718	0.000210575
chrUn_gl000214	4	19	137718	0.000137963
chrUn_gl000215	0	170945	172545	0.990727
chrUn_gl000215	1	1600	172545	0.00927294
chrUn_gl000216	0	152258	172294	0.88371
chrUn_gl000216	1	14782	172294	0.0857952
chrUn_gl000216	2	3464	172294	0.0201052
chrUn_gl000216	3	1186	172294	0.00688358
chrUn_gl000216	4	322	172294	0.0018689
chrUn_gl000216	5	146	172294	0.000847389
chrUn_gl000216	6	78	172294	0.000452715
chrUn_gl000216	7	8	172294	4.64323e-05
chrUn_gl000216	8	7	172294	4.06282e-05
chrUn_gl000216	9	4	172294	2.32161e-05
chrUn_gl000216	10	5	172294	2.90202e-05
chrUn_gl000216	11	5	172294	2.90202e-05
chrUn_gl000216	12	5	172294	2.90202e-05
chrUn_gl000216	13	3	172294	1.74121e-05
chrUn_gl000216	14	21	172294	0.000121885
chrUn_gl000217	0	168806	172149	0.980581
chrUn_gl000217	1	3336	172149	0.0193786
chrUn_gl000217	2	7	172149	4.06624e-05
chrUn_gl000218	0	157446	161147	0.977033
chrUn_gl000218	1	3652	161147	0.0226625
chrUn_gl000218	2	49	161147	0.00030407
chrUn_gl000219	0	172671	179198	0.963577
chrUn_gl000219	1	6190	179198	0.0345428
chrUn_gl000219	2	301	179198	0.00167971
chrUn_gl000219	3	36	179198	0.000200895
chrUn_gl000220	0	126894	161802	0.784255
chrUn_gl000220	1	19120	161802	0.118169
chrUn_gl000220	2	9030	161802	0.055809
chrUn_gl000220	3	4123	161802	0.0254818
chrUn_gl000220	4	1575	161802	0.00973412
chrUn_gl000220	5	685	161802	0.00423357
chrUn_gl000220	6	309	161802	0.00190974
chrUn_gl000220	7	56	161802	0.000346102
chrUn_gl000220	8	10	161802	6.18039e-05
chrUn_gl000221	0	152489	155397	0.981287
chrUn_gl000221	1	2858	155397	0.0183916
chrUn_gl000221	2	8	155397	5.1481e-05
chrUn_gl000221	3	42	155397	0.000270275
chrUn_gl000222	0	183615	186861	0.982629
chrUn_gl000222	1	3192	186861	0.0170822
chrUn_gl000222	2	54	186861	0.000288985
chrUn_gl000223	0	179205	180455	0.993073
chrUn_gl000223	1	1250	180455	0.00692693
chrUn_gl000224	0	173860	179693	0.967539
chrUn_gl000224	1	5366	179693	0.029862
chrUn_gl000224	2	467	179693	0.00259888
chrUn_gl000225	0	187808	211173	0.889356
chrUn_gl000225	1	20104	211173	0.0952016
chrUn_gl000225	2	2509	211173	0.0118813
chrUn_gl000225	3	531	211173	0.00251453
chrUn_gl000225	4	106	211173	0.000501958
chrUn_gl000225	5	17	211173	8.05027e-05
chrUn_gl000225	6	21	211173	9.94445e-05
chrUn_gl000225	7	27	211173	0.000127857
chrUn_gl000225	8	5	211173	2.36773e-05
chrUn_gl000225	9	7	211173	3.31482e-05
chrUn_gl000225	10	8	211173	3.78836e-05
chrUn_gl000225	11	9	211173	4.26191e-05
chrUn_gl000225	12	2	211173	9.47091e-06
chrUn_gl000225	13	11	211173	5.209e-05
chrUn_gl000225	14	8	211173	3.78836e-05
chrUn_gl000226	0	1848	15008	0.123134
chrUn_gl000226	1	2984	15008	0.198827
chrUn_gl000226	2	3567	15008	0.237673
chrUn_gl000226	3	2840	15008	0.189232
chrUn_gl000226	4	1739	15008	0.115872
chrUn_gl000226	5	1030	15008	0.0686301
chrUn_gl000226	6	530	15008	0.0353145
chrUn_gl000226	7	285	15008	0.0189899
chrUn_gl000226	8	145	15008	0.00966151
chrUn_gl000226	9	35	15008	0.00233209
chrUn_gl000226	10	5	15008	0.000333156
chrUn_gl000227	0	126774	128374	0.987536
chrUn_gl000227	1	1600	128374	0.0124636
chrUn_gl000228	0	125999	129120	0.975829
chrUn_gl000228	1	2796	129120	0.0216543
chrUn_gl000228	2	178	129120	0.00137856
chrUn_gl000228	3	96	129120	0.000743494
chrUn_gl000228	4	45	129120	0.000348513
chrUn_gl000228	5	6	129120	4.64684e-05
chrUn_gl000229	0	19057	19913	0.957013
chrUn_gl000229	1	812	19913	0.0407774
chrUn_gl000229	2	44	19913	0.00220961
chrUn_gl000230	0	42891	43691	0.98169
chrUn_gl000230	1	800	43691	0.0183104
chrUn_gl000231	0	26368	27386	0.962828
chrUn_gl000231	1	986	27386	0.0360038
chrUn_gl000231	2	32	27386	0.00116848
chrUn_gl000232	0	39041	40652	0.960371
chrUn_gl000232	1	1572	40652	0.0386697
chrUn_gl000232	2	39	40652	0.000959362
chrUn_gl000233	0	45041	45941	0.98041
chrUn_gl000233	1	900	45941	0.0195903
chrUn_gl000234	0	38795	40531	0.957169
chrUn_gl000234	1	1722	40531	0.042486
chrUn_gl000234	2	14	40531	0.000345415
chrUn_gl000235	0	33574	34474	0.973893
chrUn_gl000235	1	900	34474	0.0261066
chrUn_gl000236	0	41384	41934	0.986884
chrUn_gl000236	1	550	41934	0.0131158
chrUn_gl000237	0	44853	45867	0.977893
chrUn_gl000237	1	978	45867	0.0213225
chrUn_gl000237	2	36	45867	0.000784878
chrUn_gl000238	0	39689	39939	0.99374
chrUn_gl000238	1	250	39939	0.00625955
chrUn_gl000239	0	32895	33824	0.972534
chrUn_gl000239	1	858	33824	0.0253666
chrUn_gl000239	2	71	33824	0.0020991
chrUn_gl000240	0	41133	41933	0.980922
chrUn_gl000240	1	800	41933	0.0190781
chrUn_gl000241	0	39952	42152	0.947808
chrUn_gl000241	1	2200	42152	0.0521921
chrUn_gl000242	0	43173	43523	0.991958
chrUn_gl000242	1	350	43523	0.00804173
chrUn_gl000243	0	41791	43341	0.964237
chrUn_gl000243	1	1550	43341	0.0357629
chrUn_gl000244	0	39679	39929	0.993739
chrUn_gl000244	1	250	39929	0.00626111
chrUn_gl000245	0	35887	36651	0.979155
chrUn_gl000245	1	728	36651	0.019863
chrUn_gl000245	2	36	36651	0.000982238
chrUn_gl000246	0	37854	38154	0.992137
chrUn_gl000246	1	300	38154	0.00786287
chrUn_gl000247	0	35872	36422	0.984899
chrUn_gl000247	1	550	36422	0.0151008
chrUn_gl000248	0	39586	39786	0.994973
chrUn_gl000248	1	200	39786	0.00502689
chrUn_gl000249	0	38402	38502	0.997403
chrUn_gl000249	1	100	38502	0.00259727
genome	0	3097973621	3137161264	0.987509
genome	1	38693148	3137161264	0.0123338
genome	2	389788	3137161264	0.000124249
genome	3	44699	3137161264	1.42482e-05
genome	4	22160	3137161264	7.06371e-06
genome	5	12231	3137161264	3.89875e-06
genome	6	6947	3137161264	2.21442e-06
genome	7	4882	3137161264	1.55618e-06
genome	8	3295	3137161264	1.05031e-06
genome	9	2312	3137161264	7.36972e-07
genome	10	1739	3137161264	5.54323e-07
genome	11	1248	3137161264	3.97812e-07
genome	12	1090	3137161264	3.47448e-07
genome	13	662	3137161264	2.11019e-07
genome	14	555	3137161264	1.76912e-07
genome	15	397	3137161264	1.26548e-07
genome	16	359	3137161264	1.14435e-07
genome	17	328	3137161264	1.04553e-07
genome	18	320	3137161264	1.02003e-07
genome	19	257	3137161264	8.19212e-08
genome	20	249	3137161264	7.93711e-08
genome	21	204	3137161264	6.50269e-08
genome	22	151	3137161264	4.81327e-08
genome	23	67	3137161264	2.13569e-08
genome	24	43	3137161264	1.37067e-08
genome	25	40	3137161264	1.27504e-08
genome	26	52	3137161264	1.65755e-08
genome	27	44	3137161264	1.40254e-08
genome	28	34	3137161264	1.08378e-08
genome	29	30	3137161264	9.56279e-09
genome	30	35	3137161264	1.11566e-08
genome	31	23	3137161264	7.33147e-09
genome	32	19	3137161264	6.05643e-09
genome	33	18	3137161264	5.73767e-09
genome	34	15	3137161264	4.78139e-09
genome	35	18	3137161264	5.73767e-09
genome	36	20	3137161264	6.37519e-09
genome	37	23	3137161264	7.33147e-09
genome	38	31	3137161264	9.88155e-09
genome	39	36	3137161264	1.14753e-08
genome	40	24	3137161264	7.65023e-09
genome	41	16	3137161264	5.10015e-09
genome	42	14	3137161264	4.46263e-09
genome	43	7	3137161264	2.23132e-09
genome	44	8	3137161264	2.55008e-09
genome	45	4	3137161264	1.27504e-09
genome	46	1	3137161264	3.1876e-10
