chrM	0	15727	16571	0.949068
chrM	1	844	16571	0.0509324
chr1	0	245463866	249250621	0.984807
chr1	1	3751630	249250621	0.0150516
chr1	2	32907	249250621	0.000132024
chr1	3	491	249250621	1.9699e-06
chr1	4	231	249250621	9.26778e-07
chr1	5	122	249250621	4.89467e-07
chr1	6	80	249250621	3.20962e-07
chr1	7	140	249250621	5.61684e-07
chr1	8	36	249250621	1.44433e-07
chr1	9	39	249250621	1.56469e-07
chr1	10	53	249250621	2.12637e-07
chr1	11	30	249250621	1.20361e-07
chr1	12	32	249250621	1.28385e-07
chr1	13	29	249250621	1.16349e-07
chr1	14	24	249250621	9.62886e-08
chr1	15	51	249250621	2.04613e-07
chr1	16	34	249250621	1.36409e-07
chr1	17	34	249250621	1.36409e-07
chr1	18	62	249250621	2.48746e-07
chr1	19	64	249250621	2.5677e-07
chr1	20	51	249250621	2.04613e-07
chr1	21	32	249250621	1.28385e-07
chr1	22	22	249250621	8.82646e-08
chr1	23	30	249250621	1.20361e-07
chr1	24	36	249250621	1.44433e-07
chr1	25	38	249250621	1.52457e-07
chr1	26	38	249250621	1.52457e-07
chr1	27	23	249250621	9.22766e-08
chr1	28	26	249250621	1.04313e-07
chr1	29	14	249250621	5.61684e-08
chr1	30	15	249250621	6.01804e-08
chr1	31	20	249250621	8.02405e-08
chr1	32	13	249250621	5.21563e-08
chr1	33	15	249250621	6.01804e-08
chr1	34	25	249250621	1.00301e-07
chr1	35	27	249250621	1.08325e-07
chr1	36	12	249250621	4.81443e-08
chr1	37	11	249250621	4.41323e-08
chr1	38	10	249250621	4.01203e-08
chr1	39	3	249250621	1.20361e-08
chr1	40	7	249250621	2.80842e-08
chr1	41	14	249250621	5.61684e-08
chr1	42	30	249250621	1.20361e-07
chr1	43	36	249250621	1.44433e-07
chr1	44	28	249250621	1.12337e-07
chr1	45	16	249250621	6.41924e-08
chr1	46	11	249250621	4.41323e-08
chr1	47	11	249250621	4.41323e-08
chr1	48	7	249250621	2.80842e-08
chr1	49	11	249250621	4.41323e-08
chr1	50	16	249250621	6.41924e-08
chr1	51	10	249250621	4.01203e-08
chr1	52	7	249250621	2.80842e-08
chr1	53	1	249250621	4.01203e-09
chr2	0	239521901	243199373	0.984879
chr2	1	3629173	243199373	0.0149226
chr2	2	37796	243199373	0.000155412
chr2	3	4910	243199373	2.01892e-05
chr2	4	2609	243199373	1.07278e-05
chr2	5	1377	243199373	5.66202e-06
chr2	6	631	243199373	2.59458e-06
chr2	7	408	243199373	1.67764e-06
chr2	8	164	243199373	6.74344e-07
chr2	9	149	243199373	6.12666e-07
chr2	10	118	243199373	4.85199e-07
chr2	11	58	243199373	2.38487e-07
chr2	12	15	243199373	6.16778e-08
chr2	13	7	243199373	2.8783e-08
chr2	14	6	243199373	2.46711e-08
chr2	15	12	243199373	4.93422e-08
chr2	16	30	243199373	1.23356e-07
chr2	17	6	243199373	2.46711e-08
chr2	18	3	243199373	1.23356e-08
chr3	0	194794434	198022430	0.983699
chr3	1	3199099	198022430	0.0161552
chr3	2	28434	198022430	0.00014359
chr3	3	263	198022430	1.32813e-06
chr3	4	9	198022430	4.54494e-08
chr3	5	38	198022430	1.91897e-07
chr3	6	29	198022430	1.46448e-07
chr3	7	8	198022430	4.03995e-08
chr3	8	20	198022430	1.00999e-07
chr3	9	6	198022430	3.02996e-08
chr3	10	4	198022430	2.01997e-08
chr3	11	6	198022430	3.02996e-08
chr3	12	11	198022430	5.55493e-08
chr3	13	7	198022430	3.53495e-08
chr3	14	3	198022430	1.51498e-08
chr3	15	4	198022430	2.01997e-08
chr3	16	8	198022430	4.03995e-08
chr3	17	13	198022430	6.56491e-08
chr3	18	15	198022430	7.5749e-08
chr3	19	9	198022430	4.54494e-08
chr3	20	7	198022430	3.53495e-08
chr3	21	3	198022430	1.51498e-08
chr4	0	189419100	191154276	0.990923
chr4	1	1713458	191154276	0.00896374
chr4	2	14936	191154276	7.81358e-05
chr4	3	3170	191154276	1.65835e-05
chr4	4	1826	191154276	9.55249e-06
chr4	5	867	191154276	4.5356e-06
chr4	6	487	191154276	2.54768e-06
chr4	7	164	191154276	8.57946e-07
chr4	8	131	191154276	6.8531e-07
chr4	9	74	191154276	3.87122e-07
chr4	10	18	191154276	9.41648e-08
chr4	11	6	191154276	3.13883e-08
chr4	12	2	191154276	1.04628e-08
chr4	13	2	191154276	1.04628e-08
chr4	14	5	191154276	2.61569e-08
chr4	15	12	191154276	6.27765e-08
chr4	16	15	191154276	7.84706e-08
chr4	17	3	191154276	1.56941e-08
chr5	0	178673564	180915260	0.987609
chr5	1	2226049	180915260	0.0123044
chr5	2	15344	180915260	8.48132e-05
chr5	3	137	180915260	7.57261e-07
chr5	4	43	180915260	2.3768e-07
chr5	5	16	180915260	8.84392e-08
chr5	6	73	180915260	4.03504e-07
chr5	7	10	180915260	5.52745e-08
chr5	8	24	180915260	1.32659e-07
chr6	0	168091366	171115067	0.982329
chr6	1	2991514	171115067	0.0174825
chr6	2	27905	171115067	0.000163077
chr6	3	624	171115067	3.64667e-06
chr6	4	468	171115067	2.735e-06
chr6	5	476	171115067	2.78175e-06
chr6	6	464	171115067	2.71163e-06
chr6	7	484	171115067	2.82851e-06
chr6	8	417	171115067	2.43696e-06
chr6	9	342	171115067	1.99866e-06
chr6	10	297	171115067	1.73567e-06
chr6	11	263	171115067	1.53698e-06
chr6	12	205	171115067	1.19802e-06
chr6	13	105	171115067	6.13622e-07
chr6	14	69	171115067	4.03237e-07
chr6	15	44	171115067	2.57137e-07
chr6	16	13	171115067	7.59723e-08
chr6	17	6	171115067	3.50641e-08
chr6	18	3	171115067	1.75321e-08
chr6	19	2	171115067	1.1688e-08
chr7	0	156611875	159138663	0.984122
chr7	1	2497717	159138663	0.0156952
chr7	2	23353	159138663	0.000146746
chr7	3	1479	159138663	9.29378e-06
chr7	4	832	159138663	5.22815e-06
chr7	5	700	159138663	4.39868e-06
chr7	6	574	159138663	3.60692e-06
chr7	7	477	159138663	2.99739e-06
chr7	8	296	159138663	1.86001e-06
chr7	9	174	159138663	1.09339e-06
chr7	10	141	159138663	8.8602e-07
chr7	11	108	159138663	6.78653e-07
chr7	12	132	159138663	8.29465e-07
chr7	13	127	159138663	7.98046e-07
chr7	14	113	159138663	7.10073e-07
chr7	15	124	159138663	7.79195e-07
chr7	16	73	159138663	4.58719e-07
chr7	17	54	159138663	3.39327e-07
chr7	18	61	159138663	3.83314e-07
chr7	19	64	159138663	4.02165e-07
chr7	20	38	159138663	2.38785e-07
chr7	21	25	159138663	1.57096e-07
chr7	22	18	159138663	1.13109e-07
chr7	23	25	159138663	1.57096e-07
chr7	24	34	159138663	2.1365e-07
chr7	25	32	159138663	2.01083e-07
chr7	26	11	159138663	6.91221e-08
chr7	27	6	159138663	3.7703e-08
chr8	0	145152967	146364022	0.991726
chr8	1	1196205	146364022	0.00817281
chr8	2	10780	146364022	7.3652e-05
chr8	3	2100	146364022	1.43478e-05
chr8	4	1140	146364022	7.7888e-06
chr8	5	465	146364022	3.17701e-06
chr8	6	187	146364022	1.27764e-06
chr8	7	55	146364022	3.75775e-07
chr8	8	20	146364022	1.36646e-07
chr8	9	63	146364022	4.30434e-07
chr8	10	6	146364022	4.09937e-08
chr8	11	13	146364022	8.88196e-08
chr8	12	10	146364022	6.83228e-08
chr8	13	11	146364022	7.51551e-08
chr9	0	139504549	141213431	0.987899
chr9	1	1694353	141213431	0.0119985
chr9	2	13147	141213431	9.31002e-05
chr9	3	695	141213431	4.92163e-06
chr9	4	295	141213431	2.08904e-06
chr9	5	173	141213431	1.2251e-06
chr9	6	64	141213431	4.53215e-07
chr9	7	65	141213431	4.60296e-07
chr9	8	32	141213431	2.26607e-07
chr9	9	26	141213431	1.84118e-07
chr9	10	8	141213431	5.66518e-08
chr9	11	24	141213431	1.69956e-07
chr10	0	133960953	135534747	0.988388
chr10	1	1536518	135534747	0.0113367
chr10	2	18795	135534747	0.000138673
chr10	3	5056	135534747	3.73041e-05
chr10	4	2718	135534747	2.00539e-05
chr10	5	1901	135534747	1.40259e-05
chr10	6	1723	135534747	1.27126e-05
chr10	7	1455	135534747	1.07353e-05
chr10	8	1111	135534747	8.19716e-06
chr10	9	825	135534747	6.087e-06
chr10	10	695	135534747	5.12784e-06
chr10	11	597	135534747	4.40477e-06
chr10	12	497	135534747	3.66696e-06
chr10	13	433	135534747	3.19475e-06
chr10	14	338	135534747	2.49383e-06
chr10	15	183	135534747	1.35021e-06
chr10	16	179	135534747	1.32069e-06
chr10	17	154	135534747	1.13624e-06
chr10	18	110	135534747	8.116e-07
chr10	19	97	135534747	7.15684e-07
chr10	20	106	135534747	7.82087e-07
chr10	21	78	135534747	5.75498e-07
chr10	22	59	135534747	4.35313e-07
chr10	23	38	135534747	2.80371e-07
chr10	24	24	135534747	1.77076e-07
chr10	25	28	135534747	2.06589e-07
chr10	26	30	135534747	2.21345e-07
chr10	27	14	135534747	1.03295e-07
chr10	28	23	135534747	1.69698e-07
chr10	29	9	135534747	6.64036e-08
chr11	0	133020317	135006516	0.985288
chr11	1	1966549	135006516	0.0145663
chr11	2	17143	135006516	0.000126979
chr11	3	921	135006516	6.82189e-06
chr11	4	516	135006516	3.82204e-06
chr11	5	320	135006516	2.37026e-06
chr11	6	239	135006516	1.77028e-06
chr11	7	202	135006516	1.49622e-06
chr11	8	94	135006516	6.96263e-07
chr11	9	107	135006516	7.92554e-07
chr11	10	38	135006516	2.81468e-07
chr11	11	30	135006516	2.22211e-07
chr11	12	11	135006516	8.14776e-08
chr11	13	23	135006516	1.70362e-07
chr11	14	6	135006516	4.44423e-08
chr12	0	131634660	133851895	0.983435
chr12	1	2195709	133851895	0.016404
chr12	2	20455	133851895	0.000152818
chr12	3	575	133851895	4.29579e-06
chr12	4	295	133851895	2.20393e-06
chr12	5	50	133851895	3.73547e-07
chr12	6	109	133851895	8.14333e-07
chr12	7	21	133851895	1.5689e-07
chr12	8	14	133851895	1.04593e-07
chr12	9	7	133851895	5.22966e-08
chr13	0	114185454	115169878	0.991452
chr13	1	979998	115169878	0.00850915
chr13	2	4426	115169878	3.84302e-05
chr14	0	106582525	107349540	0.992855
chr14	1	764129	107349540	0.00711814
chr14	2	2737	107349540	2.54962e-05
chr14	3	85	107349540	7.91806e-07
chr14	4	28	107349540	2.6083e-07
chr14	5	36	107349540	3.35353e-07
chr15	0	101690999	102531392	0.991804
chr15	1	836386	102531392	0.00815737
chr15	2	4007	102531392	3.90807e-05
chr16	0	89426809	90354753	0.98973
chr16	1	897038	90354753	0.00992796
chr16	2	16970	90354753	0.000187815
chr16	3	6539	90354753	7.23703e-05
chr16	4	3831	90354753	4.23995e-05
chr16	5	2029	90354753	2.24559e-05
chr16	6	899	90354753	9.94967e-06
chr16	7	326	90354753	3.608e-06
chr16	8	166	90354753	1.8372e-06
chr16	9	57	90354753	6.30847e-07
chr16	10	33	90354753	3.65227e-07
chr16	11	33	90354753	3.65227e-07
chr16	12	23	90354753	2.54552e-07
chr17	0	80368112	81195210	0.989814
chr17	1	820957	81195210	0.0101109
chr17	2	5528	81195210	6.80828e-05
chr17	3	426	81195210	5.24662e-06
chr17	4	82	81195210	1.00991e-06
chr17	5	52	81195210	6.40432e-07
chr17	6	6	81195210	7.3896e-08
chr17	7	9	81195210	1.10844e-07
chr17	8	22	81195210	2.70952e-07
chr17	9	14	81195210	1.72424e-07
chr17	10	2	81195210	2.4632e-08
chr18	0	76356247	78077248	0.977958
chr18	1	1698424	78077248	0.0217531
chr18	2	20571	78077248	0.00026347
chr18	3	725	78077248	9.28568e-06
chr18	4	334	78077248	4.27781e-06
chr18	5	256	78077248	3.2788e-06
chr18	6	218	78077248	2.79211e-06
chr18	7	121	78077248	1.54975e-06
chr18	8	76	78077248	9.73395e-07
chr18	9	71	78077248	9.09356e-07
chr18	10	36	78077248	4.61082e-07
chr18	11	96	78077248	1.22955e-06
chr18	12	33	78077248	4.22658e-07
chr18	13	3	78077248	3.84235e-08
chr18	14	4	78077248	5.12313e-08
chr18	15	3	78077248	3.84235e-08
chr18	16	8	78077248	1.02463e-07
chr18	17	7	78077248	8.96548e-08
chr18	18	3	78077248	3.84235e-08
chr18	19	5	78077248	6.40391e-08
chr18	20	4	78077248	5.12313e-08
chr18	21	3	78077248	3.84235e-08
chr19	0	58542257	59128983	0.990077
chr19	1	578462	59128983	0.00978305
chr19	2	4374	59128983	7.39739e-05
chr19	3	761	59128983	1.28702e-05
chr19	4	542	59128983	9.1664e-06
chr19	5	421	59128983	7.12003e-06
chr19	6	361	59128983	6.1053e-06
chr19	7	246	59128983	4.1604e-06
chr19	8	222	59128983	3.7545e-06
chr19	9	329	59128983	5.56411e-06
chr19	10	143	59128983	2.41844e-06
chr19	11	103	59128983	1.74195e-06
chr19	12	104	59128983	1.75887e-06
chr19	13	59	59128983	9.97819e-07
chr19	14	56	59128983	9.47082e-07
chr19	15	53	59128983	8.96346e-07
chr19	16	57	59128983	9.63994e-07
chr19	17	60	59128983	1.01473e-06
chr19	18	63	59128983	1.06547e-06
chr19	19	62	59128983	1.04856e-06
chr19	20	51	59128983	8.62521e-07
chr19	21	34	59128983	5.75014e-07
chr19	22	40	59128983	6.76487e-07
chr19	23	26	59128983	4.39717e-07
chr19	24	12	59128983	2.02946e-07
chr19	25	14	59128983	2.36771e-07
chr19	26	13	59128983	2.19858e-07
chr19	27	12	59128983	2.02946e-07
chr19	28	4	59128983	6.76487e-08
chr19	30	4	59128983	6.76487e-08
chr19	31	2	59128983	3.38244e-08
chr19	32	4	59128983	6.76487e-08
chr19	33	3	59128983	5.07365e-08
chr19	34	5	59128983	8.45609e-08
chr19	35	13	59128983	2.19858e-07
chr19	36	8	59128983	1.35297e-07
chr19	37	2	59128983	3.38244e-08
chr19	38	1	59128983	1.69122e-08
chr20	0	62054665	63025520	0.984596
chr20	1	961489	63025520	0.0152556
chr20	2	8804	63025520	0.000139689
chr20	3	332	63025520	5.26771e-06
chr20	4	164	63025520	2.60212e-06
chr20	5	26	63025520	4.12531e-07
chr20	6	9	63025520	1.42799e-07
chr20	7	31	63025520	4.91864e-07
chr21	0	47713977	48129895	0.991358
chr21	1	410696	48129895	0.00853307
chr21	2	4282	48129895	8.89676e-05
chr21	3	538	48129895	1.11781e-05
chr21	4	202	48129895	4.19698e-06
chr21	5	50	48129895	1.03886e-06
chr21	6	41	48129895	8.51861e-07
chr21	7	27	48129895	5.60982e-07
chr21	8	6	48129895	1.24663e-07
chr21	9	23	48129895	4.77873e-07
chr21	10	16	48129895	3.32434e-07
chr21	11	7	48129895	1.4544e-07
chr21	12	4	48129895	8.31084e-08
chr21	13	21	48129895	4.36319e-07
chr21	14	5	48129895	1.03886e-07
chr22	0	51016715	51304566	0.994389
chr22	1	286416	51304566	0.00558266
chr22	2	1385	51304566	2.69956e-05
chr22	3	15	51304566	2.92372e-07
chr22	4	6	51304566	1.16949e-07
chr22	5	29	51304566	5.65252e-07
chrX	0	153729599	155270560	0.990076
chrX	1	1528704	155270560	0.00984542
chrX	2	11166	155270560	7.19132e-05
chrX	3	692	155270560	4.45674e-06
chrX	4	169	155270560	1.08842e-06
chrX	5	138	155270560	8.88771e-07
chrX	6	16	155270560	1.03046e-07
chrX	7	42	155270560	2.70496e-07
chrX	8	5	155270560	3.22019e-08
chrX	9	12	155270560	7.72845e-08
chrX	10	9	155270560	5.79633e-08
chrX	11	2	155270560	1.28807e-08
chrX	12	6	155270560	3.86422e-08
chrY	0	59282987	59373566	0.998474
chrY	1	84096	59373566	0.00141639
chrY	2	4391	59373566	7.39555e-05
chrY	3	1116	59373566	1.87962e-05
chrY	4	514	59373566	8.65705e-06
chrY	5	216	59373566	3.63798e-06
chrY	6	103	59373566	1.73478e-06
chrY	7	81	59373566	1.36424e-06
chrY	8	28	59373566	4.7159e-07
chrY	9	13	59373566	2.18953e-07
chrY	10	19	59373566	3.20008e-07
chrY	11	2	59373566	3.3685e-08
chr1_gl000191_random	0	105333	106433	0.989665
chr1_gl000191_random	1	1100	106433	0.0103351
chr1_gl000192_random	0	538754	547496	0.984033
chr1_gl000192_random	1	8634	547496	0.01577
chr1_gl000192_random	2	108	547496	0.000197262
chr4_ctg9_hap1	0	586619	590426	0.993552
chr4_ctg9_hap1	1	3764	590426	0.00637506
chr4_ctg9_hap1	2	43	590426	7.28288e-05
chr4_gl000193_random	0	185687	189789	0.978387
chr4_gl000193_random	1	4004	189789	0.0210971
chr4_gl000193_random	2	98	189789	0.000516363
chr4_gl000194_random	0	189269	191469	0.98851
chr4_gl000194_random	1	2200	191469	0.0114901
chr6_apd_hap1	0	4616390	4622290	0.998724
chr6_apd_hap1	1	5900	4622290	0.00127642
chr6_cox_hap2	0	4780721	4795371	0.996945
chr6_cox_hap2	1	14600	4795371	0.0030446
chr6_cox_hap2	2	50	4795371	1.04267e-05
chr6_dbb_hap3	0	4598548	4610396	0.99743
chr6_dbb_hap3	1	11846	4610396	0.00256941
chr6_dbb_hap3	2	2	4610396	4.33802e-07
chr6_mann_hap4	0	4672208	4683263	0.997639
chr6_mann_hap4	1	11010	4683263	0.00235093
chr6_mann_hap4	2	45	4683263	9.60869e-06
chr6_mcf_hap5	0	4822941	4833398	0.997837
chr6_mcf_hap5	1	10414	4833398	0.00215459
chr6_mcf_hap5	2	43	4833398	8.89643e-06
chr6_qbl_hap6	0	4599534	4611984	0.997301
chr6_qbl_hap6	1	12450	4611984	0.00269949
chr6_ssto_hap7	0	4915558	4928567	0.99736
chr6_ssto_hap7	1	12968	4928567	0.00263119
chr6_ssto_hap7	2	41	4928567	8.31885e-06
chr7_gl000195_random	0	178740	182896	0.977277
chr7_gl000195_random	1	4112	182896	0.0224827
chr7_gl000195_random	2	44	182896	0.000240574
chr8_gl000196_random	0	38814	38914	0.99743
chr8_gl000196_random	1	100	38914	0.00256977
chr8_gl000197_random	0	37075	37175	0.99731
chr8_gl000197_random	1	100	37175	0.00268998
chr9_gl000198_random	0	87501	90085	0.971316
chr9_gl000198_random	1	2468	90085	0.0273963
chr9_gl000198_random	2	116	90085	0.00128767
chr9_gl000199_random	0	123583	169874	0.727498
chr9_gl000199_random	1	34640	169874	0.203916
chr9_gl000199_random	2	8173	169874	0.0481121
chr9_gl000199_random	3	2423	169874	0.0142635
chr9_gl000199_random	4	764	169874	0.00449745
chr9_gl000199_random	5	70	169874	0.00041207
chr9_gl000199_random	6	22	169874	0.000129508
chr9_gl000199_random	7	14	169874	8.2414e-05
chr9_gl000199_random	8	32	169874	0.000188375
chr9_gl000199_random	9	9	169874	5.29804e-05
chr9_gl000199_random	10	13	169874	7.65273e-05
chr9_gl000199_random	11	11	169874	6.47539e-05
chr9_gl000199_random	12	10	169874	5.88672e-05
chr9_gl000199_random	13	14	169874	8.2414e-05
chr9_gl000199_random	14	15	169874	8.83007e-05
chr9_gl000199_random	15	44	169874	0.000259016
chr9_gl000199_random	16	2	169874	1.17734e-05
chr9_gl000199_random	17	3	169874	1.76601e-05
chr9_gl000199_random	18	3	169874	1.76601e-05
chr9_gl000199_random	19	3	169874	1.76601e-05
chr9_gl000199_random	20	7	169874	4.1207e-05
chr9_gl000199_random	21	5	169874	2.94336e-05
chr9_gl000199_random	22	12	169874	7.06406e-05
chr9_gl000199_random	23	2	169874	1.17734e-05
chr9_gl000200_random	0	185485	187035	0.991713
chr9_gl000200_random	1	1550	187035	0.00828722
chr9_gl000201_random	0	35948	36148	0.994467
chr9_gl000201_random	1	200	36148	0.00553281
chr11_gl000202_random	0	39803	40103	0.992519
chr11_gl000202_random	1	300	40103	0.00748074
chr17_ctg5_hap1	0	1673604	1680828	0.995702
chr17_ctg5_hap1	1	7198	1680828	0.00428241
chr17_ctg5_hap1	2	26	1680828	1.54686e-05
chr17_gl000203_random	0	37207	37498	0.99224
chr17_gl000203_random	1	282	37498	0.0075204
chr17_gl000203_random	2	9	37498	0.000240013
chr17_gl000204_random	0	80060	81310	0.984627
chr17_gl000204_random	1	1250	81310	0.0153733
chr17_gl000205_random	0	170301	174588	0.975445
chr17_gl000205_random	1	4224	174588	0.0241941
chr17_gl000205_random	2	63	174588	0.00036085
chr17_gl000206_random	0	40801	41001	0.995122
chr17_gl000206_random	1	200	41001	0.00487793
chr18_gl000207_random	0	4112	4262	0.964805
chr18_gl000207_random	1	150	4262	0.0351947
chr19_gl000208_random	0	85744	92689	0.925072
chr19_gl000208_random	1	6181	92689	0.0666854
chr19_gl000208_random	2	653	92689	0.00704506
chr19_gl000208_random	3	60	92689	0.000647326
chr19_gl000208_random	4	6	92689	6.47326e-05
chr19_gl000208_random	5	11	92689	0.000118676
chr19_gl000208_random	6	34	92689	0.000366818
chr19_gl000209_random	0	158669	159169	0.996859
chr19_gl000209_random	1	500	159169	0.00314132
chr21_gl000210_random	0	27482	27682	0.992775
chr21_gl000210_random	1	200	27682	0.00722491
chrUn_gl000211	0	164316	166566	0.986492
chrUn_gl000211	1	2250	166566	0.0135082
chrUn_gl000212	0	184308	186858	0.986353
chrUn_gl000212	1	2550	186858	0.0136467
chrUn_gl000213	0	162989	164239	0.992389
chrUn_gl000213	1	1250	164239	0.00761086
chrUn_gl000214	0	132486	137718	0.962009
chrUn_gl000214	1	5064	137718	0.0367708
chrUn_gl000214	2	168	137718	0.00121988
chrUn_gl000215	0	170687	172545	0.989232
chrUn_gl000215	1	1816	172545	0.0105248
chrUn_gl000215	2	42	172545	0.000243415
chrUn_gl000216	0	155212	172294	0.900856
chrUn_gl000216	1	13215	172294	0.0767003
chrUn_gl000216	2	2378	172294	0.013802
chrUn_gl000216	3	980	172294	0.00568795
chrUn_gl000216	4	284	172294	0.00164835
chrUn_gl000216	5	104	172294	0.000603619
chrUn_gl000216	6	69	172294	0.000400478
chrUn_gl000216	7	11	172294	6.38444e-05
chrUn_gl000216	8	6	172294	3.48242e-05
chrUn_gl000216	9	16	172294	9.28645e-05
chrUn_gl000216	10	9	172294	5.22363e-05
chrUn_gl000216	11	10	172294	5.80403e-05
chrUn_gl000217	0	168664	172149	0.979756
chrUn_gl000217	1	3470	172149	0.020157
chrUn_gl000217	2	15	172149	8.71338e-05
chrUn_gl000218	0	158408	161147	0.983003
chrUn_gl000218	1	2728	161147	0.0169286
chrUn_gl000218	2	11	161147	6.82607e-05
chrUn_gl000219	0	174136	179198	0.971752
chrUn_gl000219	1	4974	179198	0.027757
chrUn_gl000219	2	88	179198	0.000491077
chrUn_gl000220	0	128706	161802	0.795454
chrUn_gl000220	1	19370	161802	0.119714
chrUn_gl000220	2	7661	161802	0.047348
chrUn_gl000220	3	3846	161802	0.0237698
chrUn_gl000220	4	1564	161802	0.00966614
chrUn_gl000220	5	413	161802	0.0025525
chrUn_gl000220	6	195	161802	0.00120518
chrUn_gl000220	7	47	161802	0.000290478
chrUn_gl000221	0	152985	155397	0.984478
chrUn_gl000221	1	2324	155397	0.0149552
chrUn_gl000221	2	88	155397	0.000566292
chrUn_gl000222	0	184811	186861	0.989029
chrUn_gl000222	1	2050	186861	0.0109707
chrUn_gl000223	0	178755	180455	0.990579
chrUn_gl000223	1	1700	180455	0.00942063
chrUn_gl000224	0	174137	179693	0.969081
chrUn_gl000224	1	5173	179693	0.028788
chrUn_gl000224	2	372	179693	0.0020702
chrUn_gl000224	3	11	179693	6.12155e-05
chrUn_gl000225	0	191018	211173	0.904557
chrUn_gl000225	1	17493	211173	0.0828373
chrUn_gl000225	2	2281	211173	0.0108016
chrUn_gl000225	3	249	211173	0.00117913
chrUn_gl000225	4	61	211173	0.000288863
chrUn_gl000225	5	5	211173	2.36773e-05
chrUn_gl000225	6	4	211173	1.89418e-05
chrUn_gl000225	7	2	211173	9.47091e-06
chrUn_gl000225	8	6	211173	2.84127e-05
chrUn_gl000225	9	4	211173	1.89418e-05
chrUn_gl000225	10	4	211173	1.89418e-05
chrUn_gl000225	11	6	211173	2.84127e-05
chrUn_gl000225	12	2	211173	9.47091e-06
chrUn_gl000225	13	4	211173	1.89418e-05
chrUn_gl000225	14	5	211173	2.36773e-05
chrUn_gl000225	15	4	211173	1.89418e-05
chrUn_gl000225	16	5	211173	2.36773e-05
chrUn_gl000225	17	6	211173	2.84127e-05
chrUn_gl000225	18	3	211173	1.42064e-05
chrUn_gl000225	19	11	211173	5.209e-05
chrUn_gl000226	0	1954	15008	0.130197
chrUn_gl000226	1	3037	15008	0.202359
chrUn_gl000226	2	3232	15008	0.215352
chrUn_gl000226	3	3141	15008	0.209288
chrUn_gl000226	4	1858	15008	0.123801
chrUn_gl000226	5	942	15008	0.0627665
chrUn_gl000226	6	487	15008	0.0324494
chrUn_gl000226	7	190	15008	0.0126599
chrUn_gl000226	8	104	15008	0.00692964
chrUn_gl000226	9	39	15008	0.00259861
chrUn_gl000226	10	15	15008	0.000999467
chrUn_gl000226	11	9	15008	0.00059968
chrUn_gl000227	0	126417	128374	0.984755
chrUn_gl000227	1	1914	128374	0.0149096
chrUn_gl000227	2	43	128374	0.000334959
chrUn_gl000228	0	126553	129120	0.980119
chrUn_gl000228	1	2302	129120	0.0178284
chrUn_gl000228	2	219	129120	0.0016961
chrUn_gl000228	3	24	129120	0.000185874
chrUn_gl000228	4	22	129120	0.000170384
chrUn_gl000229	0	19000	19913	0.954151
chrUn_gl000229	1	709	19913	0.0356049
chrUn_gl000229	2	171	19913	0.00858735
chrUn_gl000229	3	33	19913	0.00165721
chrUn_gl000230	0	42775	43691	0.979035
chrUn_gl000230	1	836	43691	0.0191344
chrUn_gl000230	2	80	43691	0.00183104
chrUn_gl000231	0	26603	27386	0.971409
chrUn_gl000231	1	716	27386	0.0261447
chrUn_gl000231	2	67	27386	0.00244651
chrUn_gl000232	0	38855	40652	0.955796
chrUn_gl000232	1	1694	40652	0.0416708
chrUn_gl000232	2	103	40652	0.0025337
chrUn_gl000233	0	44991	45941	0.979321
chrUn_gl000233	1	950	45941	0.0206787
chrUn_gl000234	0	39581	40531	0.976561
chrUn_gl000234	1	950	40531	0.0234388
chrUn_gl000235	0	33036	34474	0.958287
chrUn_gl000235	1	1426	34474	0.0413645
chrUn_gl000235	2	12	34474	0.000348088
chrUn_gl000236	0	41634	41934	0.992846
chrUn_gl000236	1	300	41934	0.0071541
chrUn_gl000237	0	45067	45867	0.982558
chrUn_gl000237	1	800	45867	0.0174417
chrUn_gl000238	0	39539	39939	0.989985
chrUn_gl000238	1	400	39939	0.0100153
chrUn_gl000239	0	33360	33824	0.986282
chrUn_gl000239	1	428	33824	0.0126537
chrUn_gl000239	2	36	33824	0.00106433
chrUn_gl000240	0	41128	41933	0.980803
chrUn_gl000240	1	760	41933	0.0181242
chrUn_gl000240	2	45	41933	0.00107314
chrUn_gl000241	0	40052	42152	0.95018
chrUn_gl000241	1	2100	42152	0.0498197
chrUn_gl000242	0	43373	43523	0.996554
chrUn_gl000242	1	150	43523	0.00344645
chrUn_gl000243	0	42315	43341	0.976327
chrUn_gl000243	1	952	43341	0.0219653
chrUn_gl000243	2	74	43341	0.00170739
chrUn_gl000244	0	39579	39929	0.991234
chrUn_gl000244	1	350	39929	0.00876556
chrUn_gl000245	0	35751	36651	0.975444
chrUn_gl000245	1	900	36651	0.0245559
chrUn_gl000246	0	37854	38154	0.992137
chrUn_gl000246	1	300	38154	0.00786287
chrUn_gl000247	0	35772	36422	0.982154
chrUn_gl000247	1	650	36422	0.0178464
chrUn_gl000248	0	39686	39786	0.997487
chrUn_gl000248	1	100	39786	0.00251345
chrUn_gl000249	0	38402	38502	0.997403
chrUn_gl000249	1	100	38502	0.00259727
genome	0	3097967011	3137161264	0.987507
genome	1	38716409	3137161264	0.0123412
genome	2	376336	3137161264	0.000119961
genome	3	42417	3137161264	1.35208e-05
genome	4	21413	3137161264	6.8256e-06
genome	5	11303	3137161264	3.60294e-06
genome	6	7124	3137161264	2.27084e-06
genome	7	4636	3137161264	1.47777e-06
genome	8	3032	3137161264	9.66479e-07
genome	9	2399	3137161264	7.64704e-07
genome	10	1677	3137161264	5.3456e-07
genome	11	1414	3137161264	4.50726e-07
genome	12	1097	3137161264	3.49679e-07
genome	13	845	3137161264	2.69352e-07
genome	14	649	3137161264	2.06875e-07
genome	15	534	3137161264	1.70218e-07
genome	16	424	3137161264	1.35154e-07
genome	17	346	3137161264	1.10291e-07
genome	18	326	3137161264	1.03916e-07
genome	19	317	3137161264	1.01047e-07
genome	20	264	3137161264	8.41525e-08
genome	21	180	3137161264	5.73767e-08
genome	22	151	3137161264	4.81327e-08
genome	23	121	3137161264	3.85699e-08
genome	24	106	3137161264	3.37885e-08
genome	25	112	3137161264	3.57011e-08
genome	26	92	3137161264	2.93259e-08
genome	27	55	3137161264	1.75318e-08
genome	28	53	3137161264	1.68943e-08
genome	29	23	3137161264	7.33147e-09
genome	30	19	3137161264	6.05643e-09
genome	31	22	3137161264	7.01271e-09
genome	32	17	3137161264	5.41891e-09
genome	33	18	3137161264	5.73767e-09
genome	34	30	3137161264	9.56279e-09
genome	35	40	3137161264	1.27504e-08
genome	36	20	3137161264	6.37519e-09
genome	37	13	3137161264	4.14387e-09
genome	38	11	3137161264	3.50635e-09
genome	39	3	3137161264	9.56279e-10
genome	40	7	3137161264	2.23132e-09
genome	41	14	3137161264	4.46263e-09
genome	42	30	3137161264	9.56279e-09
genome	43	36	3137161264	1.14753e-08
genome	44	28	3137161264	8.92527e-09
genome	45	16	3137161264	5.10015e-09
genome	46	11	3137161264	3.50635e-09
genome	47	11	3137161264	3.50635e-09
genome	48	7	3137161264	2.23132e-09
genome	49	11	3137161264	3.50635e-09
genome	50	16	3137161264	5.10015e-09
genome	51	10	3137161264	3.1876e-09
genome	52	7	3137161264	2.23132e-09
genome	53	1	3137161264	3.1876e-10
