chrM	0	15721	16571	0.948706
chrM	1	850	16571	0.0512944
chr1	0	245521963	249250621	0.985041
chr1	1	3693488	249250621	0.0148184
chr1	2	32778	249250621	0.000131506
chr1	3	693	249250621	2.78033e-06
chr1	4	209	249250621	8.38513e-07
chr1	5	130	249250621	5.21563e-07
chr1	6	120	249250621	4.81443e-07
chr1	7	58	249250621	2.32698e-07
chr1	8	55	249250621	2.20661e-07
chr1	9	62	249250621	2.48746e-07
chr1	10	44	249250621	1.76529e-07
chr1	11	41	249250621	1.64493e-07
chr1	12	30	249250621	1.20361e-07
chr1	13	34	249250621	1.36409e-07
chr1	14	57	249250621	2.28685e-07
chr1	15	24	249250621	9.62886e-08
chr1	16	32	249250621	1.28385e-07
chr1	17	75	249250621	3.00902e-07
chr1	18	36	249250621	1.44433e-07
chr1	19	50	249250621	2.00601e-07
chr1	20	35	249250621	1.40421e-07
chr1	21	23	249250621	9.22766e-08
chr1	22	41	249250621	1.64493e-07
chr1	23	52	249250621	2.08625e-07
chr1	24	34	249250621	1.36409e-07
chr1	25	46	249250621	1.84553e-07
chr1	26	46	249250621	1.84553e-07
chr1	27	35	249250621	1.40421e-07
chr1	28	28	249250621	1.12337e-07
chr1	29	18	249250621	7.22165e-08
chr1	30	23	249250621	9.22766e-08
chr1	31	7	249250621	2.80842e-08
chr1	32	6	249250621	2.40722e-08
chr1	33	6	249250621	2.40722e-08
chr1	34	14	249250621	5.61684e-08
chr1	35	22	249250621	8.82646e-08
chr1	36	11	249250621	4.41323e-08
chr1	37	21	249250621	8.42525e-08
chr1	38	31	249250621	1.24373e-07
chr1	39	22	249250621	8.82646e-08
chr1	40	29	249250621	1.16349e-07
chr1	41	18	249250621	7.22165e-08
chr1	42	17	249250621	6.82044e-08
chr1	43	19	249250621	7.62285e-08
chr1	44	14	249250621	5.61684e-08
chr1	45	16	249250621	6.41924e-08
chr1	46	6	249250621	2.40722e-08
chr1	47	2	249250621	8.02405e-09
chr2	0	239529604	243199373	0.98491
chr2	1	3620595	243199373	0.0148874
chr2	2	37885	243199373	0.000155778
chr2	3	5218	243199373	2.14556e-05
chr2	4	2568	243199373	1.05592e-05
chr2	5	1514	243199373	6.22534e-06
chr2	6	880	243199373	3.61843e-06
chr2	7	469	243199373	1.92846e-06
chr2	8	223	243199373	9.16943e-07
chr2	9	157	243199373	6.45561e-07
chr2	10	90	243199373	3.70067e-07
chr2	11	90	243199373	3.70067e-07
chr2	12	32	243199373	1.31579e-07
chr2	13	6	243199373	2.46711e-08
chr2	14	15	243199373	6.16778e-08
chr2	15	15	243199373	6.16778e-08
chr2	16	12	243199373	4.93422e-08
chr3	0	194869183	198022430	0.984076
chr3	1	3125397	198022430	0.015783
chr3	2	27432	198022430	0.00013853
chr3	3	214	198022430	1.08069e-06
chr3	4	76	198022430	3.83795e-07
chr3	5	11	198022430	5.55493e-08
chr3	6	2	198022430	1.00999e-08
chr3	7	7	198022430	3.53495e-08
chr3	8	7	198022430	3.53495e-08
chr3	9	22	198022430	1.11099e-07
chr3	10	19	198022430	9.59487e-08
chr3	11	20	198022430	1.00999e-07
chr3	12	15	198022430	7.5749e-08
chr3	13	17	198022430	8.58489e-08
chr3	14	8	198022430	4.03995e-08
chr4	0	189175654	191154276	0.989649
chr4	1	1952819	191154276	0.0102159
chr4	2	18469	191154276	9.66183e-05
chr4	3	3868	191154276	2.0235e-05
chr4	4	1950	191154276	1.02012e-05
chr4	5	852	191154276	4.45713e-06
chr4	6	324	191154276	1.69497e-06
chr4	7	127	191154276	6.64385e-07
chr4	8	94	191154276	4.91749e-07
chr4	9	22	191154276	1.1509e-07
chr4	10	4	191154276	2.09255e-08
chr4	11	24	191154276	1.25553e-07
chr4	12	19	191154276	9.93962e-08
chr4	13	4	191154276	2.09255e-08
chr4	14	4	191154276	2.09255e-08
chr4	15	2	191154276	1.04628e-08
chr4	16	2	191154276	1.04628e-08
chr4	17	6	191154276	3.13883e-08
chr4	18	6	191154276	3.13883e-08
chr4	19	3	191154276	1.56941e-08
chr4	20	9	191154276	4.70824e-08
chr4	21	11	191154276	5.75451e-08
chr4	22	3	191154276	1.56941e-08
chr5	0	178804492	180915260	0.988333
chr5	1	2098994	180915260	0.0116021
chr5	2	11410	180915260	6.30682e-05
chr5	3	226	180915260	1.2492e-06
chr5	4	20	180915260	1.10549e-07
chr5	5	80	180915260	4.42196e-07
chr5	6	38	180915260	2.10043e-07
chr6	0	167992129	171115067	0.981749
chr6	1	3087162	171115067	0.0180414
chr6	2	31253	171115067	0.000182643
chr6	3	844	171115067	4.93235e-06
chr6	4	563	171115067	3.29018e-06
chr6	5	442	171115067	2.58306e-06
chr6	6	408	171115067	2.38436e-06
chr6	7	452	171115067	2.6415e-06
chr6	8	398	171115067	2.32592e-06
chr6	9	357	171115067	2.08632e-06
chr6	10	290	171115067	1.69477e-06
chr6	11	233	171115067	1.36166e-06
chr6	12	160	171115067	9.35043e-07
chr6	13	155	171115067	9.05823e-07
chr6	14	96	171115067	5.61026e-07
chr6	15	42	171115067	2.45449e-07
chr6	16	33	171115067	1.92853e-07
chr6	17	12	171115067	7.01282e-08
chr6	18	11	171115067	6.42842e-08
chr6	19	16	171115067	9.35043e-08
chr6	20	8	171115067	4.67522e-08
chr6	21	3	171115067	1.75321e-08
chr7	0	156719094	159138663	0.984796
chr7	1	2391929	159138663	0.0150305
chr7	2	21642	159138663	0.000135995
chr7	3	1578	159138663	9.91588e-06
chr7	4	864	159138663	5.42923e-06
chr7	5	813	159138663	5.10875e-06
chr7	6	544	159138663	3.4184e-06
chr7	7	398	159138663	2.50096e-06
chr7	8	262	159138663	1.64636e-06
chr7	9	256	159138663	1.60866e-06
chr7	10	191	159138663	1.20021e-06
chr7	11	146	159138663	9.17439e-07
chr7	12	137	159138663	8.60884e-07
chr7	13	159	159138663	9.99129e-07
chr7	14	144	159138663	9.04871e-07
chr7	15	123	159138663	7.72911e-07
chr7	16	74	159138663	4.65003e-07
chr7	17	28	159138663	1.75947e-07
chr7	18	25	159138663	1.57096e-07
chr7	19	39	159138663	2.45069e-07
chr7	20	26	159138663	1.6338e-07
chr7	21	38	159138663	2.38785e-07
chr7	22	34	159138663	2.1365e-07
chr7	23	19	159138663	1.19393e-07
chr7	24	23	159138663	1.44528e-07
chr7	25	19	159138663	1.19393e-07
chr7	26	13	159138663	8.16898e-08
chr7	27	15	159138663	9.42574e-08
chr7	28	11	159138663	6.91221e-08
chr7	29	11	159138663	6.91221e-08
chr7	30	5	159138663	3.14191e-08
chr7	31	3	159138663	1.88515e-08
chr8	0	145180642	146364022	0.991915
chr8	1	1167971	146364022	0.00797991
chr8	2	10793	146364022	7.37408e-05
chr8	3	2367	146364022	1.6172e-05
chr8	4	1256	146364022	8.58134e-06
chr8	5	502	146364022	3.4298e-06
chr8	6	245	146364022	1.67391e-06
chr8	7	117	146364022	7.99377e-07
chr8	8	50	146364022	3.41614e-07
chr8	9	16	146364022	1.09316e-07
chr8	10	27	146364022	1.84472e-07
chr8	11	27	146364022	1.84472e-07
chr8	12	9	146364022	6.14905e-08
chr9	0	139572370	141213431	0.988379
chr9	1	1625924	141213431	0.0115139
chr9	2	13896	141213431	9.84042e-05
chr9	3	607	141213431	4.29846e-06
chr9	4	308	141213431	2.1811e-06
chr9	5	101	141213431	7.15229e-07
chr9	6	109	141213431	7.71881e-07
chr9	7	45	141213431	3.18667e-07
chr9	8	20	141213431	1.4163e-07
chr9	9	20	141213431	1.4163e-07
chr9	10	24	141213431	1.69956e-07
chr9	11	7	141213431	4.95704e-08
chr10	0	133871804	135534747	0.987731
chr10	1	1625260	135534747	0.0119915
chr10	2	20194	135534747	0.000148995
chr10	3	4458	135534747	3.28919e-05
chr10	4	2964	135534747	2.18689e-05
chr10	5	2090	135534747	1.54204e-05
chr10	6	1718	135534747	1.26757e-05
chr10	7	1168	135534747	8.61772e-06
chr10	8	925	135534747	6.82482e-06
chr10	9	679	135534747	5.00979e-06
chr10	10	628	135534747	4.6335e-06
chr10	11	547	135534747	4.03587e-06
chr10	12	492	135534747	3.63007e-06
chr10	13	373	135534747	2.75206e-06
chr10	14	280	135534747	2.06589e-06
chr10	15	306	135534747	2.25772e-06
chr10	16	282	135534747	2.08065e-06
chr10	17	151	135534747	1.11411e-06
chr10	18	132	135534747	9.7392e-07
chr10	19	74	135534747	5.45985e-07
chr10	20	39	135534747	2.87749e-07
chr10	21	52	135534747	3.83665e-07
chr10	22	35	135534747	2.58236e-07
chr10	23	29	135534747	2.13967e-07
chr10	24	18	135534747	1.32807e-07
chr10	25	11	135534747	8.116e-08
chr10	26	14	135534747	1.03295e-07
chr10	27	8	135534747	5.90255e-08
chr10	28	7	135534747	5.16473e-08
chr10	29	6	135534747	4.42691e-08
chr10	30	3	135534747	2.21345e-08
chr11	0	133057843	135006516	0.985566
chr11	1	1930356	135006516	0.0142982
chr11	2	15953	135006516	0.000118165
chr11	3	802	135006516	5.94045e-06
chr11	4	561	135006516	4.15536e-06
chr11	5	347	135006516	2.57025e-06
chr11	6	177	135006516	1.31105e-06
chr11	7	158	135006516	1.17031e-06
chr11	8	191	135006516	1.41475e-06
chr11	9	58	135006516	4.29609e-07
chr11	10	25	135006516	1.85176e-07
chr11	11	8	135006516	5.92564e-08
chr11	12	1	135006516	7.40705e-09
chr11	13	6	135006516	4.44423e-08
chr11	14	8	135006516	5.92564e-08
chr11	15	7	135006516	5.18494e-08
chr11	16	15	135006516	1.11106e-07
chr12	0	131732308	133851895	0.984165
chr12	1	2098023	133851895	0.0156742
chr12	2	20610	133851895	0.000153976
chr12	3	573	133851895	4.28085e-06
chr12	4	159	133851895	1.18788e-06
chr12	5	77	133851895	5.75263e-07
chr12	6	70	133851895	5.22966e-07
chr12	7	53	133851895	3.9596e-07
chr12	8	22	133851895	1.64361e-07
chr13	0	114089336	115169878	0.990618
chr13	1	1073284	115169878	0.00931914
chr13	2	7258	115169878	6.302e-05
chr14	0	106589740	107349540	0.992922
chr14	1	756245	107349540	0.0070447
chr14	2	3322	107349540	3.09456e-05
chr14	3	128	107349540	1.19237e-06
chr14	4	70	107349540	6.52075e-07
chr14	5	13	107349540	1.211e-07
chr14	6	22	107349540	2.04938e-07
chr15	0	101529548	102531392	0.990229
chr15	1	996024	102531392	0.00971433
chr15	2	5784	102531392	5.6412e-05
chr15	3	36	102531392	3.51112e-07
chr16	0	89429410	90354753	0.989759
chr16	1	894571	90354753	0.00990065
chr16	2	16311	90354753	0.000180522
chr16	3	6449	90354753	7.13742e-05
chr16	4	4033	90354753	4.46352e-05
chr16	5	2259	90354753	2.50015e-05
chr16	6	1036	90354753	1.14659e-05
chr16	7	416	90354753	4.60407e-06
chr16	8	150	90354753	1.66012e-06
chr16	9	40	90354753	4.42699e-07
chr16	10	43	90354753	4.75902e-07
chr16	11	15	90354753	1.66012e-07
chr16	12	12	90354753	1.3281e-07
chr16	13	6	90354753	6.64049e-08
chr16	14	2	90354753	2.2135e-08
chr17	0	80415978	81195210	0.990403
chr17	1	772862	81195210	0.00951857
chr17	2	5601	81195210	6.89819e-05
chr17	3	489	81195210	6.02252e-06
chr17	4	189	81195210	2.32772e-06
chr17	5	50	81195210	6.158e-07
chr17	6	24	81195210	2.95584e-07
chr17	7	17	81195210	2.09372e-07
chr18	0	76263630	78077248	0.976772
chr18	1	1788030	78077248	0.0229008
chr18	2	23700	78077248	0.000303546
chr18	3	735	78077248	9.41375e-06
chr18	4	296	78077248	3.79112e-06
chr18	5	231	78077248	2.95861e-06
chr18	6	199	78077248	2.54876e-06
chr18	7	152	78077248	1.94679e-06
chr18	8	56	78077248	7.17238e-07
chr18	9	18	78077248	2.30541e-07
chr18	10	25	78077248	3.20196e-07
chr18	11	56	78077248	7.17238e-07
chr18	12	30	78077248	3.84235e-07
chr18	13	22	78077248	2.81772e-07
chr18	14	13	78077248	1.66502e-07
chr18	15	32	78077248	4.09851e-07
chr18	16	13	78077248	1.66502e-07
chr18	17	4	78077248	5.12313e-08
chr18	18	6	78077248	7.6847e-08
chr19	0	58531982	59128983	0.989903
chr19	1	588329	59128983	0.00994993
chr19	2	4872	59128983	8.23961e-05
chr19	3	684	59128983	1.15679e-05
chr19	4	441	59128983	7.45827e-06
chr19	5	502	59128983	8.48991e-06
chr19	6	325	59128983	5.49646e-06
chr19	7	392	59128983	6.62957e-06
chr19	8	413	59128983	6.98473e-06
chr19	9	188	59128983	3.17949e-06
chr19	10	124	59128983	2.09711e-06
chr19	11	107	59128983	1.8096e-06
chr19	12	100	59128983	1.69122e-06
chr19	13	116	59128983	1.96181e-06
chr19	14	42	59128983	7.10312e-07
chr19	15	49	59128983	8.28697e-07
chr19	16	48	59128983	8.11785e-07
chr19	17	36	59128983	6.08838e-07
chr19	18	23	59128983	3.8898e-07
chr19	19	27	59128983	4.56629e-07
chr19	20	43	59128983	7.27224e-07
chr19	21	30	59128983	5.07365e-07
chr19	22	36	59128983	6.08838e-07
chr19	23	22	59128983	3.72068e-07
chr19	24	19	59128983	3.21331e-07
chr19	25	10	59128983	1.69122e-07
chr19	26	14	59128983	2.36771e-07
chr19	27	5	59128983	8.45609e-08
chr19	28	3	59128983	5.07365e-08
chr19	29	1	59128983	1.69122e-08
chr20	0	61853841	63025520	0.981409
chr20	1	1155435	63025520	0.0183328
chr20	2	15593	63025520	0.000247408
chr20	3	513	63025520	8.13956e-06
chr20	4	72	63025520	1.14239e-06
chr20	5	44	63025520	6.9813e-07
chr20	6	22	63025520	3.49065e-07
chr21	0	47729975	48129895	0.991691
chr21	1	394794	48129895	0.00820268
chr21	2	4067	48129895	8.45005e-05
chr21	3	679	48129895	1.41077e-05
chr21	4	209	48129895	4.34242e-06
chr21	5	108	48129895	2.24393e-06
chr21	6	37	48129895	7.68753e-07
chr21	7	21	48129895	4.36319e-07
chr21	8	5	48129895	1.03886e-07
chr22	0	51020436	51304566	0.994462
chr22	1	282502	51304566	0.00550637
chr22	2	1562	51304566	3.04456e-05
chr22	3	40	51304566	7.79658e-07
chr22	4	26	51304566	5.06777e-07
chrX	0	154048223	155270560	0.992128
chrX	1	1212824	155270560	0.00781104
chrX	2	8407	155270560	5.41442e-05
chrX	3	720	155270560	4.63707e-06
chrX	4	197	155270560	1.26875e-06
chrX	5	89	155270560	5.73193e-07
chrX	6	7	155270560	4.50826e-08
chrX	7	11	155270560	7.08441e-08
chrX	8	23	155270560	1.48129e-07
chrX	9	24	155270560	1.54569e-07
chrX	10	35	155270560	2.25413e-07
chrY	0	59287050	59373566	0.998543
chrY	1	79997	59373566	0.00134735
chrY	2	4068	59373566	6.85153e-05
chrY	3	1413	59373566	2.37985e-05
chrY	4	455	59373566	7.66334e-06
chrY	5	241	59373566	4.05905e-06
chrY	6	134	59373566	2.2569e-06
chrY	7	65	59373566	1.09476e-06
chrY	8	46	59373566	7.74756e-07
chrY	9	24	59373566	4.0422e-07
chrY	10	11	59373566	1.85268e-07
chrY	11	44	59373566	7.4107e-07
chrY	12	18	59373566	3.03165e-07
chr1_gl000191_random	0	105083	106433	0.987316
chr1_gl000191_random	1	1350	106433	0.012684
chr1_gl000192_random	0	539379	547496	0.985174
chr1_gl000192_random	1	8034	547496	0.0146741
chr1_gl000192_random	2	83	547496	0.000151599
chr4_ctg9_hap1	0	587352	590426	0.994794
chr4_ctg9_hap1	1	3048	590426	0.00516237
chr4_ctg9_hap1	2	26	590426	4.4036e-05
chr4_gl000193_random	0	185923	189789	0.97963
chr4_gl000193_random	1	3832	189789	0.0201908
chr4_gl000193_random	2	34	189789	0.000179146
chr4_gl000194_random	0	188669	191469	0.985376
chr4_gl000194_random	1	2800	191469	0.0146238
chr6_apd_hap1	0	4615440	4622290	0.998518
chr6_apd_hap1	1	6850	4622290	0.00148195
chr6_cox_hap2	0	4777537	4795371	0.996281
chr6_cox_hap2	1	17818	4795371	0.00371567
chr6_cox_hap2	2	16	4795371	3.33655e-06
chr6_dbb_hap3	0	4597527	4610396	0.997209
chr6_dbb_hap3	1	12788	4610396	0.00277373
chr6_dbb_hap3	2	81	4610396	1.7569e-05
chr6_mann_hap4	0	4669985	4683263	0.997165
chr6_mann_hap4	1	13206	4683263	0.00281983
chr6_mann_hap4	2	72	4683263	1.53739e-05
chr6_mcf_hap5	0	4822118	4833398	0.997666
chr6_mcf_hap5	1	11210	4833398	0.00231928
chr6_mcf_hap5	2	70	4833398	1.44826e-05
chr6_qbl_hap6	0	4598523	4611984	0.997081
chr6_qbl_hap6	1	13422	4611984	0.00291024
chr6_qbl_hap6	2	39	4611984	8.45623e-06
chr6_ssto_hap7	0	4914252	4928567	0.997096
chr6_ssto_hap7	1	14280	4928567	0.00289739
chr6_ssto_hap7	2	35	4928567	7.10146e-06
chr7_gl000195_random	0	179700	182896	0.982526
chr7_gl000195_random	1	3142	182896	0.0171792
chr7_gl000195_random	2	54	182896	0.00029525
chr8_gl000196_random	0	38514	38914	0.989721
chr8_gl000196_random	1	400	38914	0.0102791
chr9_gl000198_random	0	86115	90085	0.955931
chr9_gl000198_random	1	3890	90085	0.0431814
chr9_gl000198_random	2	80	90085	0.00088805
chr9_gl000199_random	0	122979	169874	0.723942
chr9_gl000199_random	1	33859	169874	0.199318
chr9_gl000199_random	2	9093	169874	0.0535279
chr9_gl000199_random	3	2526	169874	0.0148698
chr9_gl000199_random	4	771	169874	0.00453866
chr9_gl000199_random	5	277	169874	0.00163062
chr9_gl000199_random	6	70	169874	0.00041207
chr9_gl000199_random	7	97	169874	0.000571011
chr9_gl000199_random	8	18	169874	0.000105961
chr9_gl000199_random	9	31	169874	0.000182488
chr9_gl000199_random	10	8	169874	4.70937e-05
chr9_gl000199_random	11	6	169874	3.53203e-05
chr9_gl000199_random	12	5	169874	2.94336e-05
chr9_gl000199_random	13	9	169874	5.29804e-05
chr9_gl000199_random	14	19	169874	0.000111848
chr9_gl000199_random	15	8	169874	4.70937e-05
chr9_gl000199_random	16	23	169874	0.000135394
chr9_gl000199_random	17	11	169874	6.47539e-05
chr9_gl000199_random	18	14	169874	8.2414e-05
chr9_gl000199_random	19	16	169874	9.41875e-05
chr9_gl000199_random	20	17	169874	0.000100074
chr9_gl000199_random	21	4	169874	2.35469e-05
chr9_gl000199_random	22	7	169874	4.1207e-05
chr9_gl000199_random	23	6	169874	3.53203e-05
chr9_gl000200_random	0	185125	187035	0.989788
chr9_gl000200_random	1	1870	187035	0.00999813
chr9_gl000200_random	2	40	187035	0.000213864
chr9_gl000201_random	0	35898	36148	0.993084
chr9_gl000201_random	1	250	36148	0.00691601
chr11_gl000202_random	0	39853	40103	0.993766
chr11_gl000202_random	1	250	40103	0.00623395
chr17_ctg5_hap1	0	1674078	1680828	0.995984
chr17_ctg5_hap1	1	6750	1680828	0.00401588
chr17_gl000203_random	0	37048	37498	0.987999
chr17_gl000203_random	1	450	37498	0.0120006
chr17_gl000204_random	0	80760	81310	0.993236
chr17_gl000204_random	1	550	81310	0.00676424
chr17_gl000205_random	0	171668	174588	0.983275
chr17_gl000205_random	1	2890	174588	0.0165533
chr17_gl000205_random	2	30	174588	0.000171833
chr17_gl000206_random	0	40651	41001	0.991464
chr17_gl000206_random	1	350	41001	0.00853638
chr18_gl000207_random	0	4212	4262	0.988268
chr18_gl000207_random	1	50	4262	0.0117316
chr19_gl000208_random	0	87473	92689	0.943726
chr19_gl000208_random	1	4698	92689	0.0506856
chr19_gl000208_random	2	452	92689	0.00487652
chr19_gl000208_random	3	66	92689	0.000712059
chr19_gl000209_random	0	158569	159169	0.99623
chr19_gl000209_random	1	600	159169	0.00376958
chr21_gl000210_random	0	27582	27682	0.996388
chr21_gl000210_random	1	100	27682	0.00361246
chrUn_gl000211	0	164066	166566	0.984991
chrUn_gl000211	1	2500	166566	0.0150091
chrUn_gl000212	0	184162	186858	0.985572
chrUn_gl000212	1	2592	186858	0.0138715
chrUn_gl000212	2	104	186858	0.000556572
chrUn_gl000213	0	163189	164239	0.993607
chrUn_gl000213	1	1050	164239	0.00639312
chrUn_gl000214	0	133342	137718	0.968225
chrUn_gl000214	1	4158	137718	0.0301921
chrUn_gl000214	2	212	137718	0.00153938
chrUn_gl000214	3	6	137718	4.35673e-05
chrUn_gl000215	0	171166	172545	0.992008
chrUn_gl000215	1	1358	172545	0.00787041
chrUn_gl000215	2	21	172545	0.000121707
chrUn_gl000216	0	153566	172294	0.891302
chrUn_gl000216	1	14706	172294	0.0853541
chrUn_gl000216	2	2749	172294	0.0159553
chrUn_gl000216	3	821	172294	0.00476511
chrUn_gl000216	4	243	172294	0.00141038
chrUn_gl000216	5	88	172294	0.000510755
chrUn_gl000216	6	74	172294	0.000429498
chrUn_gl000216	7	17	172294	9.86686e-05
chrUn_gl000216	8	12	172294	6.96484e-05
chrUn_gl000216	9	18	172294	0.000104473
chrUn_gl000217	0	168374	172149	0.978071
chrUn_gl000217	1	3700	172149	0.021493
chrUn_gl000217	2	75	172149	0.000435669
chrUn_gl000218	0	158247	161147	0.982004
chrUn_gl000218	1	2900	161147	0.017996
chrUn_gl000219	0	175030	179198	0.976741
chrUn_gl000219	1	4086	179198	0.0228016
chrUn_gl000219	2	82	179198	0.000457594
chrUn_gl000220	0	129953	161802	0.803161
chrUn_gl000220	1	19062	161802	0.117811
chrUn_gl000220	2	7630	161802	0.0471564
chrUn_gl000220	3	3622	161802	0.0223854
chrUn_gl000220	4	1140	161802	0.00704565
chrUn_gl000220	5	279	161802	0.00172433
chrUn_gl000220	6	105	161802	0.000648941
chrUn_gl000220	7	11	161802	6.79843e-05
chrUn_gl000221	0	152019	155397	0.978262
chrUn_gl000221	1	3356	155397	0.0215963
chrUn_gl000221	2	22	155397	0.000141573
chrUn_gl000222	0	183761	186861	0.98341
chrUn_gl000222	1	3100	186861	0.0165899
chrUn_gl000223	0	178761	180455	0.990613
chrUn_gl000223	1	1688	180455	0.00935413
chrUn_gl000223	2	6	180455	3.32493e-05
chrUn_gl000224	0	174536	179693	0.971301
chrUn_gl000224	1	4718	179693	0.0262559
chrUn_gl000224	2	385	179693	0.00214254
chrUn_gl000224	3	54	179693	0.000300513
chrUn_gl000225	0	192430	211173	0.911243
chrUn_gl000225	1	16512	211173	0.0781918
chrUn_gl000225	2	1770	211173	0.00838175
chrUn_gl000225	3	305	211173	0.00144431
chrUn_gl000225	4	84	211173	0.000397778
chrUn_gl000225	5	7	211173	3.31482e-05
chrUn_gl000225	6	2	211173	9.47091e-06
chrUn_gl000225	7	8	211173	3.78836e-05
chrUn_gl000225	8	10	211173	4.73545e-05
chrUn_gl000225	9	8	211173	3.78836e-05
chrUn_gl000225	10	2	211173	9.47091e-06
chrUn_gl000225	11	5	211173	2.36773e-05
chrUn_gl000225	12	6	211173	2.84127e-05
chrUn_gl000225	13	6	211173	2.84127e-05
chrUn_gl000225	14	7	211173	3.31482e-05
chrUn_gl000225	15	7	211173	3.31482e-05
chrUn_gl000225	16	4	211173	1.89418e-05
chrUn_gl000226	0	1662	15008	0.110741
chrUn_gl000226	1	2966	15008	0.197628
chrUn_gl000226	2	3709	15008	0.247135
chrUn_gl000226	3	3051	15008	0.203292
chrUn_gl000226	4	1884	15008	0.125533
chrUn_gl000226	5	984	15008	0.065565
chrUn_gl000226	6	444	15008	0.0295842
chrUn_gl000226	7	156	15008	0.0103945
chrUn_gl000226	8	80	15008	0.00533049
chrUn_gl000226	9	39	15008	0.00259861
chrUn_gl000226	10	6	15008	0.000399787
chrUn_gl000226	11	26	15008	0.00173241
chrUn_gl000226	12	1	15008	6.66311e-05
chrUn_gl000227	0	126374	128374	0.984421
chrUn_gl000227	1	2000	128374	0.0155795
chrUn_gl000228	0	126339	129120	0.978462
chrUn_gl000228	1	2473	129120	0.0191527
chrUn_gl000228	2	205	129120	0.00158767
chrUn_gl000228	3	95	129120	0.00073575
chrUn_gl000228	4	8	129120	6.19579e-05
chrUn_gl000229	0	18992	19913	0.953749
chrUn_gl000229	1	892	19913	0.0447949
chrUn_gl000229	2	29	19913	0.00145634
chrUn_gl000230	0	43041	43691	0.985123
chrUn_gl000230	1	650	43691	0.0148772
chrUn_gl000231	0	26586	27386	0.970788
chrUn_gl000231	1	800	27386	0.029212
chrUn_gl000232	0	38820	40652	0.954935
chrUn_gl000232	1	1714	40652	0.0421627
chrUn_gl000232	2	118	40652	0.00290269
chrUn_gl000233	0	45219	45941	0.984284
chrUn_gl000233	1	694	45941	0.0151063
chrUn_gl000233	2	28	45941	0.000609477
chrUn_gl000234	0	39631	40531	0.977795
chrUn_gl000234	1	900	40531	0.0222052
chrUn_gl000235	0	33966	34474	0.985264
chrUn_gl000235	1	439	34474	0.0127342
chrUn_gl000235	2	46	34474	0.00133434
chrUn_gl000235	3	23	34474	0.000667169
chrUn_gl000236	0	41532	41934	0.990413
chrUn_gl000236	1	354	41934	0.00844184
chrUn_gl000236	2	48	41934	0.00114466
chrUn_gl000237	0	44974	45867	0.980531
chrUn_gl000237	1	893	45867	0.0194693
chrUn_gl000238	0	39590	39939	0.991262
chrUn_gl000238	1	349	39939	0.00873833
chrUn_gl000239	0	32924	33824	0.973392
chrUn_gl000239	1	900	33824	0.0266083
chrUn_gl000240	0	41019	41933	0.978203
chrUn_gl000240	1	878	41933	0.0209382
chrUn_gl000240	2	36	41933	0.000858512
chrUn_gl000241	0	39850	42152	0.945388
chrUn_gl000241	1	2204	42152	0.052287
chrUn_gl000241	2	98	42152	0.00232492
chrUn_gl000242	0	43323	43523	0.995405
chrUn_gl000242	1	200	43523	0.00459527
chrUn_gl000243	0	42189	43341	0.97342
chrUn_gl000243	1	1104	43341	0.0254724
chrUn_gl000243	2	48	43341	0.0011075
chrUn_gl000244	0	39679	39929	0.993739
chrUn_gl000244	1	250	39929	0.00626111
chrUn_gl000245	0	35701	36651	0.97408
chrUn_gl000245	1	950	36651	0.0259202
chrUn_gl000246	0	37904	38154	0.993448
chrUn_gl000246	1	250	38154	0.00655239
chrUn_gl000247	0	36272	36422	0.995882
chrUn_gl000247	1	150	36422	0.00411839
chrUn_gl000248	0	39386	39786	0.989946
chrUn_gl000248	1	400	39786	0.0100538
chrUn_gl000249	0	38402	38502	0.997403
chrUn_gl000249	1	100	38502	0.00259727
chr8_gl000197_random	0	37175	37175	1
genome	0	3097977121	3137161264	0.98751
genome	1	38690398	3137161264	0.0123329
genome	2	390486	3137161264	0.000124471
genome	3	43903	3137161264	1.39945e-05
genome	4	21616	3137161264	6.89031e-06
genome	5	12131	3137161264	3.86687e-06
genome	6	7136	3137161264	2.27467e-06
genome	7	4415	3137161264	1.40732e-06
genome	8	3060	3137161264	9.75404e-07
genome	9	2039	3137161264	6.49951e-07
genome	10	1596	3137161264	5.0874e-07
genome	11	1402	3137161264	4.46901e-07
genome	12	1067	3137161264	3.40116e-07
genome	13	913	3137161264	2.91027e-07
genome	14	695	3137161264	2.21538e-07
genome	15	615	3137161264	1.96037e-07
genome	16	538	3137161264	1.71493e-07
genome	17	323	3137161264	1.02959e-07
genome	18	253	3137161264	8.06462e-08
genome	19	225	3137161264	7.17209e-08
genome	20	177	3137161264	5.64204e-08
genome	21	161	3137161264	5.13203e-08
genome	22	156	3137161264	4.97265e-08
genome	23	128	3137161264	4.08012e-08
genome	24	94	3137161264	2.99634e-08
genome	25	86	3137161264	2.74133e-08
genome	26	87	3137161264	2.77321e-08
genome	27	63	3137161264	2.00818e-08
genome	28	49	3137161264	1.56192e-08
genome	29	36	3137161264	1.14753e-08
genome	30	31	3137161264	9.88155e-09
genome	31	10	3137161264	3.1876e-09
genome	32	6	3137161264	1.91256e-09
genome	33	6	3137161264	1.91256e-09
genome	34	14	3137161264	4.46263e-09
genome	35	22	3137161264	7.01271e-09
genome	36	11	3137161264	3.50635e-09
genome	37	21	3137161264	6.69395e-09
genome	38	31	3137161264	9.88155e-09
genome	39	22	3137161264	7.01271e-09
genome	40	29	3137161264	9.24403e-09
genome	41	18	3137161264	5.73767e-09
genome	42	17	3137161264	5.41891e-09
genome	43	19	3137161264	6.05643e-09
genome	44	14	3137161264	4.46263e-09
genome	45	16	3137161264	5.10015e-09
genome	46	6	3137161264	1.91256e-09
genome	47	2	3137161264	6.37519e-10
