chrM	0	15813	16571	0.954257
chrM	1	666	16571	0.0401907
chrM	2	92	16571	0.00555187
chr1	0	245641546	249250621	0.98552
chr1	1	3577419	249250621	0.0143527
chr1	2	29630	249250621	0.000118876
chr1	3	531	249250621	2.13039e-06
chr1	4	143	249250621	5.7372e-07
chr1	5	95	249250621	3.81142e-07
chr1	6	27	249250621	1.08325e-07
chr1	7	29	249250621	1.16349e-07
chr1	8	36	249250621	1.44433e-07
chr1	9	35	249250621	1.40421e-07
chr1	10	62	249250621	2.48746e-07
chr1	11	29	249250621	1.16349e-07
chr1	12	27	249250621	1.08325e-07
chr1	13	49	249250621	1.96589e-07
chr1	14	58	249250621	2.32698e-07
chr1	15	61	249250621	2.44734e-07
chr1	16	107	249250621	4.29287e-07
chr1	17	50	249250621	2.00601e-07
chr1	18	38	249250621	1.52457e-07
chr1	19	29	249250621	1.16349e-07
chr1	20	45	249250621	1.80541e-07
chr1	21	53	249250621	2.12637e-07
chr1	22	39	249250621	1.56469e-07
chr1	23	37	249250621	1.48445e-07
chr1	24	26	249250621	1.04313e-07
chr1	25	24	249250621	9.62886e-08
chr1	26	25	249250621	1.00301e-07
chr1	27	27	249250621	1.08325e-07
chr1	28	33	249250621	1.32397e-07
chr1	29	30	249250621	1.20361e-07
chr1	30	33	249250621	1.32397e-07
chr1	31	32	249250621	1.28385e-07
chr1	32	33	249250621	1.32397e-07
chr1	33	20	249250621	8.02405e-08
chr1	34	21	249250621	8.42525e-08
chr1	35	30	249250621	1.20361e-07
chr1	36	40	249250621	1.60481e-07
chr1	37	20	249250621	8.02405e-08
chr1	38	11	249250621	4.41323e-08
chr1	39	10	249250621	4.01203e-08
chr1	40	12	249250621	4.81443e-08
chr1	41	11	249250621	4.41323e-08
chr1	42	5	249250621	2.00601e-08
chr1	43	3	249250621	1.20361e-08
chr2	0	239486210	243199373	0.984732
chr2	1	3664378	243199373	0.0150674
chr2	2	36502	243199373	0.000150091
chr2	3	5657	243199373	2.32608e-05
chr2	4	3039	243199373	1.24959e-05
chr2	5	1693	243199373	6.96137e-06
chr2	6	926	243199373	3.80758e-06
chr2	7	462	243199373	1.89968e-06
chr2	8	166	243199373	6.82568e-07
chr2	9	173	243199373	7.11351e-07
chr2	10	61	243199373	2.50823e-07
chr2	11	19	243199373	7.81252e-08
chr2	12	28	243199373	1.15132e-07
chr2	13	32	243199373	1.31579e-07
chr2	14	25	243199373	1.02796e-07
chr2	15	2	243199373	8.22371e-09
chr3	0	194673525	198022430	0.983088
chr3	1	3317924	198022430	0.0167553
chr3	2	30471	198022430	0.000153877
chr3	3	323	198022430	1.63113e-06
chr3	4	51	198022430	2.57547e-07
chr3	5	36	198022430	1.81798e-07
chr3	6	3	198022430	1.51498e-08
chr3	7	2	198022430	1.00999e-08
chr3	8	11	198022430	5.55493e-08
chr3	9	8	198022430	4.03995e-08
chr3	10	3	198022430	1.51498e-08
chr3	11	10	198022430	5.04993e-08
chr3	12	7	198022430	3.53495e-08
chr3	13	6	198022430	3.02996e-08
chr3	14	8	198022430	4.03995e-08
chr3	15	12	198022430	6.05992e-08
chr3	16	16	198022430	8.07989e-08
chr3	17	13	198022430	6.56491e-08
chr3	18	1	198022430	5.04993e-09
chr4	0	189502651	191154276	0.99136
chr4	1	1630503	191154276	0.00852978
chr4	2	15318	191154276	8.01342e-05
chr4	3	3301	191154276	1.72688e-05
chr4	4	1168	191154276	6.11025e-06
chr4	5	646	191154276	3.37947e-06
chr4	6	299	191154276	1.56418e-06
chr4	7	196	191154276	1.02535e-06
chr4	8	140	191154276	7.32393e-07
chr4	9	15	191154276	7.84706e-08
chr4	10	15	191154276	7.84706e-08
chr4	11	9	191154276	4.70824e-08
chr4	12	9	191154276	4.70824e-08
chr4	13	6	191154276	3.13883e-08
chr5	0	178702607	180915260	0.98777
chr5	1	2198164	180915260	0.0121502
chr5	2	13869	180915260	7.66602e-05
chr5	3	440	180915260	2.43208e-06
chr5	4	50	180915260	2.76372e-07
chr5	5	50	180915260	2.76372e-07
chr5	6	32	180915260	1.76878e-07
chr5	7	4	180915260	2.21098e-08
chr5	8	4	180915260	2.21098e-08
chr5	9	5	180915260	2.76372e-08
chr5	10	4	180915260	2.21098e-08
chr5	11	31	180915260	1.71351e-07
chr6	0	168425666	171115067	0.984283
chr6	1	2663390	171115067	0.0155649
chr6	2	21842	171115067	0.000127645
chr6	3	788	171115067	4.60509e-06
chr6	4	737	171115067	4.30704e-06
chr6	5	656	171115067	3.83368e-06
chr6	6	556	171115067	3.24928e-06
chr6	7	529	171115067	3.09149e-06
chr6	8	295	171115067	1.72399e-06
chr6	9	292	171115067	1.70645e-06
chr6	10	170	171115067	9.93483e-07
chr6	11	96	171115067	5.61026e-07
chr6	12	49	171115067	2.86357e-07
chr6	13	1	171115067	5.84402e-09
chr7	0	156847162	159138663	0.985601
chr7	1	2266607	159138663	0.014243
chr7	2	18679	159138663	0.000117376
chr7	3	1778	159138663	1.11726e-05
chr7	4	786	159138663	4.93909e-06
chr7	5	782	159138663	4.91395e-06
chr7	6	506	159138663	3.17962e-06
chr7	7	330	159138663	2.07366e-06
chr7	8	290	159138663	1.82231e-06
chr7	9	170	159138663	1.06825e-06
chr7	10	232	159138663	1.45785e-06
chr7	11	185	159138663	1.16251e-06
chr7	12	223	159138663	1.40129e-06
chr7	13	185	159138663	1.16251e-06
chr7	14	155	159138663	9.73993e-07
chr7	15	120	159138663	7.54059e-07
chr7	16	93	159138663	5.84396e-07
chr7	17	83	159138663	5.21558e-07
chr7	18	69	159138663	4.33584e-07
chr7	19	53	159138663	3.33043e-07
chr7	20	43	159138663	2.70205e-07
chr7	21	44	159138663	2.76488e-07
chr7	22	42	159138663	2.63921e-07
chr7	23	21	159138663	1.3196e-07
chr7	24	19	159138663	1.19393e-07
chr7	25	6	159138663	3.7703e-08
chr8	0	145130829	146364022	0.991575
chr8	1	1217721	146364022	0.00831981
chr8	2	10613	146364022	7.2511e-05
chr8	3	2526	146364022	1.72583e-05
chr8	4	1234	146364022	8.43103e-06
chr8	5	553	146364022	3.77825e-06
chr8	6	292	146364022	1.99503e-06
chr8	7	122	146364022	8.33538e-07
chr8	8	34	146364022	2.32298e-07
chr8	9	8	146364022	5.46582e-08
chr8	10	27	146364022	1.84472e-07
chr8	11	23	146364022	1.57142e-07
chr8	12	19	146364022	1.29813e-07
chr8	13	21	146364022	1.43478e-07
chr9	0	139521995	141213431	0.988022
chr9	1	1676976	141213431	0.0118755
chr9	2	13325	141213431	9.43607e-05
chr9	3	658	141213431	4.65961e-06
chr9	4	291	141213431	2.06071e-06
chr9	5	58	141213431	4.10726e-07
chr9	6	47	141213431	3.3283e-07
chr9	7	31	141213431	2.19526e-07
chr9	8	23	141213431	1.62874e-07
chr9	9	7	141213431	4.95704e-08
chr9	10	20	141213431	1.4163e-07
chr10	0	133789147	135534747	0.987121
chr10	1	1704448	135534747	0.0125757
chr10	2	22706	135534747	0.000167529
chr10	3	4663	135534747	3.44045e-05
chr10	4	3452	135534747	2.54695e-05
chr10	5	2089	135534747	1.5413e-05
chr10	6	1503	135534747	1.10894e-05
chr10	7	1381	135534747	1.01893e-05
chr10	8	997	135534747	7.35605e-06
chr10	9	986	135534747	7.27489e-06
chr10	10	744	135534747	5.48937e-06
chr10	11	609	135534747	4.49331e-06
chr10	12	530	135534747	3.91044e-06
chr10	13	349	135534747	2.57499e-06
chr10	14	264	135534747	1.94784e-06
chr10	15	199	135534747	1.46826e-06
chr10	16	164	135534747	1.21002e-06
chr10	17	115	135534747	8.48491e-07
chr10	18	120	135534747	8.85382e-07
chr10	19	45	135534747	3.32018e-07
chr10	20	59	135534747	4.35313e-07
chr10	21	66	135534747	4.8696e-07
chr10	22	50	135534747	3.68909e-07
chr10	23	22	135534747	1.6232e-07
chr10	24	14	135534747	1.03295e-07
chr10	25	8	135534747	5.90255e-08
chr10	26	15	135534747	1.10673e-07
chr10	27	2	135534747	1.47564e-08
chr11	0	132872523	135006516	0.984193
chr11	1	2112225	135006516	0.0156454
chr11	2	19234	135006516	0.000142467
chr11	3	972	135006516	7.19965e-06
chr11	4	509	135006516	3.77019e-06
chr11	5	292	135006516	2.16286e-06
chr11	6	192	135006516	1.42215e-06
chr11	7	101	135006516	7.48112e-07
chr11	8	127	135006516	9.40695e-07
chr11	9	81	135006516	5.99971e-07
chr11	10	69	135006516	5.11086e-07
chr11	11	101	135006516	7.48112e-07
chr11	12	42	135006516	3.11096e-07
chr11	13	37	135006516	2.74061e-07
chr11	14	10	135006516	7.40705e-08
chr11	15	1	135006516	7.40705e-09
chr12	0	131611961	133851895	0.983266
chr12	1	2208712	133851895	0.0165012
chr12	2	29961	133851895	0.000223837
chr12	3	786	133851895	5.87216e-06
chr12	4	228	133851895	1.70338e-06
chr12	5	90	133851895	6.72385e-07
chr12	6	45	133851895	3.36192e-07
chr12	7	61	133851895	4.55728e-07
chr12	8	24	133851895	1.79303e-07
chr12	9	16	133851895	1.19535e-07
chr12	10	8	133851895	5.97676e-08
chr12	11	3	133851895	2.24128e-08
chr13	0	114165118	115169878	0.991276
chr13	1	999895	115169878	0.00868191
chr13	2	4840	115169878	4.20249e-05
chr13	3	25	115169878	2.17071e-07
chr14	0	106565366	107349540	0.992695
chr14	1	780479	107349540	0.00727045
chr14	2	3560	107349540	3.31627e-05
chr14	3	61	107349540	5.68237e-07
chr14	4	52	107349540	4.84399e-07
chr14	5	22	107349540	2.04938e-07
chr15	0	101470273	102531392	0.989651
chr15	1	1054465	102531392	0.0102843
chr15	2	6604	102531392	6.44095e-05
chr15	3	9	102531392	8.7778e-08
chr15	4	5	102531392	4.87656e-08
chr15	5	36	102531392	3.51112e-07
chr16	0	89382808	90354753	0.989243
chr16	1	940330	90354753	0.0104071
chr16	2	16639	90354753	0.000184152
chr16	3	6747	90354753	7.46723e-05
chr16	4	3935	90354753	4.35506e-05
chr16	5	2159	90354753	2.38947e-05
chr16	6	1100	90354753	1.21742e-05
chr16	7	625	90354753	6.91718e-06
chr16	8	235	90354753	2.60086e-06
chr16	9	69	90354753	7.63657e-07
chr16	10	54	90354753	5.97644e-07
chr16	11	25	90354753	2.76687e-07
chr16	12	26	90354753	2.87755e-07
chr16	13	1	90354753	1.10675e-08
chr17	0	80349213	81195210	0.989581
chr17	1	838153	81195210	0.0103227
chr17	2	7184	81195210	8.84781e-05
chr17	3	388	81195210	4.77861e-06
chr17	4	155	81195210	1.90898e-06
chr17	5	19	81195210	2.34004e-07
chr17	6	47	81195210	5.78852e-07
chr17	7	11	81195210	1.35476e-07
chr17	8	4	81195210	4.9264e-08
chr17	9	4	81195210	4.9264e-08
chr17	10	29	81195210	3.57164e-07
chr17	11	3	81195210	3.6948e-08
chr18	0	76303056	78077248	0.977276
chr18	1	1750148	78077248	0.0224156
chr18	2	21781	78077248	0.000278967
chr18	3	751	78077248	9.61868e-06
chr18	4	513	78077248	6.57042e-06
chr18	5	225	78077248	2.88176e-06
chr18	6	260	78077248	3.33004e-06
chr18	7	221	78077248	2.83053e-06
chr18	8	104	78077248	1.33201e-06
chr18	9	85	78077248	1.08867e-06
chr18	10	11	78077248	1.40886e-07
chr18	11	24	78077248	3.07388e-07
chr18	12	9	78077248	1.1527e-07
chr18	13	8	78077248	1.02463e-07
chr18	14	10	78077248	1.28078e-07
chr18	15	10	78077248	1.28078e-07
chr18	16	21	78077248	2.68964e-07
chr18	17	5	78077248	6.40391e-08
chr18	18	5	78077248	6.40391e-08
chr18	19	1	78077248	1.28078e-08
chr19	0	58510868	59128983	0.989546
chr19	1	609331	59128983	0.0103051
chr19	2	4833	59128983	8.17366e-05
chr19	3	868	59128983	1.46798e-05
chr19	4	578	59128983	9.77524e-06
chr19	5	357	59128983	6.03765e-06
chr19	6	348	59128983	5.88544e-06
chr19	7	369	59128983	6.24059e-06
chr19	8	212	59128983	3.58538e-06
chr19	9	230	59128983	3.8898e-06
chr19	10	149	59128983	2.51991e-06
chr19	11	124	59128983	2.09711e-06
chr19	12	115	59128983	1.9449e-06
chr19	13	103	59128983	1.74195e-06
chr19	14	62	59128983	1.04856e-06
chr19	15	59	59128983	9.97819e-07
chr19	16	45	59128983	7.61048e-07
chr19	17	60	59128983	1.01473e-06
chr19	18	60	59128983	1.01473e-06
chr19	19	71	59128983	1.20076e-06
chr19	20	47	59128983	7.94872e-07
chr19	21	52	59128983	8.79433e-07
chr19	22	28	59128983	4.73541e-07
chr19	23	14	59128983	2.36771e-07
chr20	0	62083807	63025520	0.985058
chr20	1	933020	63025520	0.0148038
chr20	2	8223	63025520	0.000130471
chr20	3	345	63025520	5.47397e-06
chr20	4	31	63025520	4.91864e-07
chr20	5	52	63025520	8.25063e-07
chr20	6	3	63025520	4.75998e-08
chr20	7	15	63025520	2.37999e-07
chr20	8	24	63025520	3.80798e-07
chr21	0	47786736	48129895	0.99287
chr21	1	338708	48129895	0.00703737
chr21	2	3628	48129895	7.53793e-05
chr21	3	496	48129895	1.03054e-05
chr21	4	248	48129895	5.15272e-06
chr21	5	25	48129895	5.19428e-07
chr21	6	47	48129895	9.76524e-07
chr21	7	7	48129895	1.4544e-07
chr22	0	51024000	51304566	0.994531
chr22	1	278878	51304566	0.00543573
chr22	2	1437	51304566	2.80092e-05
chr22	3	169	51304566	3.29405e-06
chr22	4	45	51304566	8.77115e-07
chr22	5	11	51304566	2.14406e-07
chr22	6	26	51304566	5.06777e-07
chrX	0	153702157	155270560	0.989899
chrX	1	1556070	155270560	0.0100217
chrX	2	11106	155270560	7.15268e-05
chrX	3	945	155270560	6.08615e-06
chrX	4	124	155270560	7.98606e-07
chrX	5	59	155270560	3.79982e-07
chrX	6	67	155270560	4.31505e-07
chrX	7	7	155270560	4.50826e-08
chrX	8	3	155270560	1.93211e-08
chrX	9	3	155270560	1.93211e-08
chrX	10	19	155270560	1.22367e-07
chrY	0	59279903	59373566	0.998422
chrY	1	87063	59373566	0.00146636
chrY	2	4557	59373566	7.67513e-05
chrY	3	1312	59373566	2.20974e-05
chrY	4	296	59373566	4.98538e-06
chrY	5	135	59373566	2.27374e-06
chrY	6	147	59373566	2.47585e-06
chrY	7	69	59373566	1.16213e-06
chrY	8	15	59373566	2.52638e-07
chrY	9	23	59373566	3.87378e-07
chrY	10	20	59373566	3.3685e-07
chrY	11	26	59373566	4.37905e-07
chr1_gl000191_random	0	105683	106433	0.992953
chr1_gl000191_random	1	750	106433	0.00704669
chr1_gl000192_random	0	540739	547496	0.987658
chr1_gl000192_random	1	6664	547496	0.0121718
chr1_gl000192_random	2	93	547496	0.000169864
chr4_ctg9_hap1	0	586526	590426	0.993395
chr4_ctg9_hap1	1	3900	590426	0.0066054
chr4_gl000193_random	0	186395	189789	0.982117
chr4_gl000193_random	1	3288	189789	0.0173245
chr4_gl000193_random	2	106	189789	0.000558515
chr4_gl000194_random	0	188069	191469	0.982243
chr4_gl000194_random	1	3400	191469	0.0177574
chr6_apd_hap1	0	4614560	4622290	0.998328
chr6_apd_hap1	1	7710	4622290	0.001668
chr6_apd_hap1	2	20	4622290	4.32686e-06
chr6_cox_hap2	0	4778831	4795371	0.996551
chr6_cox_hap2	1	16430	4795371	0.00342622
chr6_cox_hap2	2	110	4795371	2.29388e-05
chr6_dbb_hap3	0	4597328	4610396	0.997166
chr6_dbb_hap3	1	13036	4610396	0.00282752
chr6_dbb_hap3	2	32	4610396	6.94084e-06
chr6_mann_hap4	0	4671413	4683263	0.99747
chr6_mann_hap4	1	11850	4683263	0.00253029
chr6_mcf_hap5	0	4820653	4833398	0.997363
chr6_mcf_hap5	1	12690	4833398	0.00262548
chr6_mcf_hap5	2	55	4833398	1.13792e-05
chr6_qbl_hap6	0	4600384	4611984	0.997485
chr6_qbl_hap6	1	11600	4611984	0.00251519
chr6_ssto_hap7	0	4915917	4928567	0.997433
chr6_ssto_hap7	1	12650	4928567	0.00256667
chr7_gl000195_random	0	177848	182896	0.9724
chr7_gl000195_random	1	4996	182896	0.0273161
chr7_gl000195_random	2	52	182896	0.000284315
chr8_gl000196_random	0	38714	38914	0.99486
chr8_gl000196_random	1	200	38914	0.00513954
chr9_gl000198_random	0	85792	90085	0.952345
chr9_gl000198_random	1	4286	90085	0.0475773
chr9_gl000198_random	2	7	90085	7.77044e-05
chr9_gl000199_random	0	120863	169874	0.711486
chr9_gl000199_random	1	35385	169874	0.208301
chr9_gl000199_random	2	9693	169874	0.0570599
chr9_gl000199_random	3	2779	169874	0.0163592
chr9_gl000199_random	4	601	169874	0.00353792
chr9_gl000199_random	5	183	169874	0.00107727
chr9_gl000199_random	6	105	169874	0.000618105
chr9_gl000199_random	7	53	169874	0.000311996
chr9_gl000199_random	8	27	169874	0.000158941
chr9_gl000199_random	9	36	169874	0.000211922
chr9_gl000199_random	10	12	169874	7.06406e-05
chr9_gl000199_random	11	21	169874	0.000123621
chr9_gl000199_random	12	19	169874	0.000111848
chr9_gl000199_random	13	20	169874	0.000117734
chr9_gl000199_random	14	8	169874	4.70937e-05
chr9_gl000199_random	15	13	169874	7.65273e-05
chr9_gl000199_random	16	12	169874	7.06406e-05
chr9_gl000199_random	17	9	169874	5.29804e-05
chr9_gl000199_random	18	3	169874	1.76601e-05
chr9_gl000199_random	19	4	169874	2.35469e-05
chr9_gl000199_random	20	5	169874	2.94336e-05
chr9_gl000199_random	21	6	169874	3.53203e-05
chr9_gl000199_random	22	6	169874	3.53203e-05
chr9_gl000199_random	23	11	169874	6.47539e-05
chr9_gl000200_random	0	185435	187035	0.991445
chr9_gl000200_random	1	1600	187035	0.00855455
chr9_gl000201_random	0	36098	36148	0.998617
chr9_gl000201_random	1	50	36148	0.0013832
chr11_gl000202_random	0	39653	40103	0.988779
chr11_gl000202_random	1	450	40103	0.0112211
chr17_ctg5_hap1	0	1673871	1680828	0.995861
chr17_ctg5_hap1	1	6914	1680828	0.00411345
chr17_ctg5_hap1	2	43	1680828	2.55826e-05
chr17_gl000203_random	0	37098	37498	0.989333
chr17_gl000203_random	1	400	37498	0.0106672
chr17_gl000204_random	0	80510	81310	0.990161
chr17_gl000204_random	1	800	81310	0.00983889
chr17_gl000205_random	0	169600	174588	0.97143
chr17_gl000205_random	1	4826	174588	0.0276422
chr17_gl000205_random	2	162	174588	0.000927899
chr17_gl000206_random	0	40651	41001	0.991464
chr17_gl000206_random	1	350	41001	0.00853638
chr18_gl000207_random	0	3992	4262	0.936649
chr18_gl000207_random	1	240	4262	0.0563116
chr18_gl000207_random	2	30	4262	0.00703895
chr19_gl000208_random	0	86078	92689	0.928675
chr19_gl000208_random	1	6029	92689	0.0650455
chr19_gl000208_random	2	460	92689	0.00496283
chr19_gl000208_random	3	87	92689	0.000938623
chr19_gl000208_random	4	35	92689	0.000377607
chr19_gl000209_random	0	158678	159169	0.996915
chr19_gl000209_random	1	482	159169	0.00302823
chr19_gl000209_random	2	9	159169	5.65437e-05
chr21_gl000210_random	0	27432	27682	0.990969
chr21_gl000210_random	1	250	27682	0.00903114
chrUn_gl000211	0	163666	166566	0.982589
chrUn_gl000211	1	2900	166566	0.0174105
chrUn_gl000212	0	184224	186858	0.985904
chrUn_gl000212	1	2618	186858	0.0140106
chrUn_gl000212	2	16	186858	8.56265e-05
chrUn_gl000213	0	163239	164239	0.993911
chrUn_gl000213	1	1000	164239	0.00608869
chrUn_gl000214	0	132580	137718	0.962692
chrUn_gl000214	1	5045	137718	0.0366328
chrUn_gl000214	2	74	137718	0.00053733
chrUn_gl000214	3	19	137718	0.000137963
chrUn_gl000215	0	171695	172545	0.995074
chrUn_gl000215	1	850	172545	0.00492625
chrUn_gl000216	0	154634	172294	0.897501
chrUn_gl000216	1	13666	172294	0.0793179
chrUn_gl000216	2	2900	172294	0.0168317
chrUn_gl000216	3	586	172294	0.00340116
chrUn_gl000216	4	167	172294	0.000969273
chrUn_gl000216	5	130	172294	0.000754524
chrUn_gl000216	6	76	172294	0.000441106
chrUn_gl000216	7	78	172294	0.000452715
chrUn_gl000216	8	57	172294	0.00033083
chrUn_gl000217	0	168785	172149	0.980459
chrUn_gl000217	1	3328	172149	0.0193321
chrUn_gl000217	2	36	172149	0.000209121
chrUn_gl000218	0	157197	161147	0.975488
chrUn_gl000218	1	3950	161147	0.0245118
chrUn_gl000219	0	174391	179198	0.973175
chrUn_gl000219	1	4764	179198	0.0265851
chrUn_gl000219	2	43	179198	0.000239958
chrUn_gl000220	0	124722	161802	0.770831
chrUn_gl000220	1	20613	161802	0.127396
chrUn_gl000220	2	8728	161802	0.0539425
chrUn_gl000220	3	4420	161802	0.0273173
chrUn_gl000220	4	2213	161802	0.0136772
chrUn_gl000220	5	820	161802	0.00506792
chrUn_gl000220	6	235	161802	0.00145239
chrUn_gl000220	7	49	161802	0.000302839
chrUn_gl000220	8	2	161802	1.23608e-05
chrUn_gl000221	0	152497	155397	0.981338
chrUn_gl000221	1	2900	155397	0.0186619
chrUn_gl000222	0	184120	186861	0.985331
chrUn_gl000222	1	2732	186861	0.0146205
chrUn_gl000222	2	9	186861	4.81641e-05
chrUn_gl000223	0	178900	180455	0.991383
chrUn_gl000223	1	1510	180455	0.00836774
chrUn_gl000223	2	45	180455	0.00024937
chrUn_gl000224	0	174097	179693	0.968858
chrUn_gl000224	1	5167	179693	0.0287546
chrUn_gl000224	2	404	179693	0.00224828
chrUn_gl000224	3	25	179693	0.000139126
chrUn_gl000225	0	191580	211173	0.907218
chrUn_gl000225	1	16487	211173	0.0780734
chrUn_gl000225	2	2343	211173	0.0110952
chrUn_gl000225	3	491	211173	0.00232511
chrUn_gl000225	4	140	211173	0.000662964
chrUn_gl000225	5	61	211173	0.000288863
chrUn_gl000225	6	12	211173	5.68254e-05
chrUn_gl000225	7	20	211173	9.47091e-05
chrUn_gl000225	8	24	211173	0.000113651
chrUn_gl000225	9	15	211173	7.10318e-05
chrUn_gl000226	0	1389	15008	0.0925506
chrUn_gl000226	1	3042	15008	0.202692
chrUn_gl000226	2	3450	15008	0.229877
chrUn_gl000226	3	2958	15008	0.197095
chrUn_gl000226	4	2020	15008	0.134595
chrUn_gl000226	5	1119	15008	0.0745602
chrUn_gl000226	6	527	15008	0.0351146
chrUn_gl000226	7	215	15008	0.0143257
chrUn_gl000226	8	113	15008	0.00752932
chrUn_gl000226	9	64	15008	0.00426439
chrUn_gl000226	10	59	15008	0.00393124
chrUn_gl000226	11	35	15008	0.00233209
chrUn_gl000226	12	17	15008	0.00113273
chrUn_gl000227	0	127174	128374	0.990652
chrUn_gl000227	1	1200	128374	0.00934769
chrUn_gl000228	0	126058	129120	0.976286
chrUn_gl000228	1	2891	129120	0.02239
chrUn_gl000228	2	154	129120	0.00119269
chrUn_gl000228	3	17	129120	0.00013166
chrUn_gl000229	0	18812	19913	0.944709
chrUn_gl000229	1	1052	19913	0.0528298
chrUn_gl000229	2	49	19913	0.0024607
chrUn_gl000230	0	43141	43691	0.987412
chrUn_gl000230	1	550	43691	0.0125884
chrUn_gl000231	0	26881	27386	0.98156
chrUn_gl000231	1	460	27386	0.0167969
chrUn_gl000231	2	45	27386	0.00164318
chrUn_gl000232	0	38829	40652	0.955156
chrUn_gl000232	1	1717	40652	0.0422365
chrUn_gl000232	2	85	40652	0.00209092
chrUn_gl000232	3	21	40652	0.00051658
chrUn_gl000233	0	45241	45941	0.984763
chrUn_gl000233	1	700	45941	0.0152369
chrUn_gl000234	0	39181	40531	0.966692
chrUn_gl000234	1	1350	40531	0.0333078
chrUn_gl000235	0	33385	34474	0.968411
chrUn_gl000235	1	1039	34474	0.0301387
chrUn_gl000235	2	39	34474	0.00113129
chrUn_gl000235	3	11	34474	0.000319081
chrUn_gl000236	0	41234	41934	0.983307
chrUn_gl000236	1	700	41934	0.0166929
chrUn_gl000237	0	44917	45867	0.979288
chrUn_gl000237	1	950	45867	0.0207121
chrUn_gl000238	0	39539	39939	0.989985
chrUn_gl000238	1	400	39939	0.0100153
chrUn_gl000239	0	33124	33824	0.979305
chrUn_gl000239	1	700	33824	0.0206954
chrUn_gl000240	0	41283	41933	0.984499
chrUn_gl000240	1	650	41933	0.0155009
chrUn_gl000241	0	39919	42152	0.947025
chrUn_gl000241	1	2216	42152	0.0525716
chrUn_gl000241	2	17	42152	0.000403302
chrUn_gl000242	0	43223	43523	0.993107
chrUn_gl000242	1	300	43523	0.00689291
chrUn_gl000243	0	42358	43341	0.977319
chrUn_gl000243	1	916	43341	0.0211347
chrUn_gl000243	2	67	43341	0.00154588
chrUn_gl000244	0	39508	39929	0.989456
chrUn_gl000244	1	392	39929	0.00981743
chrUn_gl000244	2	29	39929	0.000726289
chrUn_gl000245	0	36251	36651	0.989086
chrUn_gl000245	1	400	36651	0.0109138
chrUn_gl000246	0	37804	38154	0.990827
chrUn_gl000246	1	350	38154	0.00917335
chrUn_gl000247	0	35822	36422	0.983526
chrUn_gl000247	1	600	36422	0.0164736
chrUn_gl000248	0	39736	39786	0.998743
chrUn_gl000248	1	50	39786	0.00125672
chrUn_gl000249	0	38302	38502	0.994805
chrUn_gl000249	1	200	38502	0.00519454
chr8_gl000197_random	0	37175	37175	1
genome	0	3097980364	3137161264	0.987511
genome	1	38687254	3137161264	0.0123319
genome	2	386039	3137161264	0.000123054
genome	3	45953	3137161264	1.4648e-05
genome	4	22846	3137161264	7.28238e-06
genome	5	12453	3137161264	3.96951e-06
genome	6	7428	3137161264	2.36775e-06
genome	7	4987	3137161264	1.58965e-06
genome	8	2967	3137161264	9.45759e-07
genome	9	2325	3137161264	7.41116e-07
genome	10	1768	3137161264	5.63567e-07
genome	11	1373	3137161264	4.37657e-07
genome	12	1120	3137161264	3.57011e-07
genome	13	818	3137161264	2.60745e-07
genome	14	600	3137161264	1.91256e-07
genome	15	477	3137161264	1.52048e-07
genome	16	458	3137161264	1.45992e-07
genome	17	335	3137161264	1.06784e-07
genome	18	296	3137161264	9.43528e-08
genome	19	203	3137161264	6.47082e-08
genome	20	199	3137161264	6.34331e-08
genome	21	221	3137161264	7.04459e-08
genome	22	165	3137161264	5.25953e-08
genome	23	105	3137161264	3.34697e-08
genome	24	59	3137161264	1.88068e-08
genome	25	38	3137161264	1.21129e-08
genome	26	40	3137161264	1.27504e-08
genome	27	29	3137161264	9.24403e-09
genome	28	33	3137161264	1.05191e-08
genome	29	30	3137161264	9.56279e-09
genome	30	33	3137161264	1.05191e-08
genome	31	32	3137161264	1.02003e-08
genome	32	33	3137161264	1.05191e-08
genome	33	20	3137161264	6.37519e-09
genome	34	21	3137161264	6.69395e-09
genome	35	30	3137161264	9.56279e-09
genome	36	40	3137161264	1.27504e-08
genome	37	20	3137161264	6.37519e-09
genome	38	11	3137161264	3.50635e-09
genome	39	10	3137161264	3.1876e-09
genome	40	12	3137161264	3.82511e-09
genome	41	11	3137161264	3.50635e-09
genome	42	5	3137161264	1.5938e-09
genome	43	3	3137161264	9.56279e-10
