chrM	0	15348	16571	0.926196
chrM	1	1096	16571	0.0661396
chrM	2	127	16571	0.00766399
chr1	0	245277641	249250621	0.98406
chr1	1	3934934	249250621	0.0157871
chr1	2	35701	249250621	0.000143233
chr1	3	641	249250621	2.57171e-06
chr1	4	299	249250621	1.1996e-06
chr1	5	141	249250621	5.65696e-07
chr1	6	62	249250621	2.48746e-07
chr1	7	74	249250621	2.9689e-07
chr1	8	35	249250621	1.40421e-07
chr1	9	29	249250621	1.16349e-07
chr1	10	32	249250621	1.28385e-07
chr1	11	46	249250621	1.84553e-07
chr1	12	48	249250621	1.92577e-07
chr1	13	35	249250621	1.40421e-07
chr1	14	68	249250621	2.72818e-07
chr1	15	58	249250621	2.32698e-07
chr1	16	46	249250621	1.84553e-07
chr1	17	69	249250621	2.7683e-07
chr1	18	60	249250621	2.40722e-07
chr1	19	62	249250621	2.48746e-07
chr1	20	45	249250621	1.80541e-07
chr1	21	47	249250621	1.88565e-07
chr1	22	44	249250621	1.76529e-07
chr1	23	38	249250621	1.52457e-07
chr1	24	24	249250621	9.62886e-08
chr1	25	31	249250621	1.24373e-07
chr1	26	22	249250621	8.82646e-08
chr1	27	22	249250621	8.82646e-08
chr1	28	26	249250621	1.04313e-07
chr1	29	35	249250621	1.40421e-07
chr1	30	19	249250621	7.62285e-08
chr1	31	21	249250621	8.42525e-08
chr1	32	24	249250621	9.62886e-08
chr1	33	19	249250621	7.62285e-08
chr1	34	22	249250621	8.82646e-08
chr1	35	21	249250621	8.42525e-08
chr1	36	21	249250621	8.42525e-08
chr1	37	23	249250621	9.22766e-08
chr1	38	10	249250621	4.01203e-08
chr1	39	9	249250621	3.61082e-08
chr1	40	10	249250621	4.01203e-08
chr1	41	7	249250621	2.80842e-08
chr2	0	239365720	243199373	0.984237
chr2	1	3780587	243199373	0.0155452
chr2	2	41149	243199373	0.000169199
chr2	3	5144	243199373	2.11514e-05
chr2	4	2951	243199373	1.21341e-05
chr2	5	1773	243199373	7.29031e-06
chr2	6	943	243199373	3.87748e-06
chr2	7	523	243199373	2.1505e-06
chr2	8	260	243199373	1.06908e-06
chr2	9	93	243199373	3.82402e-07
chr2	10	73	243199373	3.00165e-07
chr2	11	55	243199373	2.26152e-07
chr2	12	28	243199373	1.15132e-07
chr2	13	24	243199373	9.86845e-08
chr2	14	13	243199373	5.34541e-08
chr2	15	29	243199373	1.19244e-07
chr2	16	8	243199373	3.28948e-08
chr3	0	195084455	198022430	0.985163
chr3	1	2913618	198022430	0.0147136
chr3	2	23897	198022430	0.000120678
chr3	3	216	198022430	1.09079e-06
chr3	4	25	198022430	1.26248e-07
chr3	5	74	198022430	3.73695e-07
chr3	6	23	198022430	1.16148e-07
chr3	7	7	198022430	3.53495e-08
chr3	8	32	198022430	1.61598e-07
chr3	9	5	198022430	2.52497e-08
chr3	10	6	198022430	3.02996e-08
chr3	11	12	198022430	6.05992e-08
chr3	12	10	198022430	5.04993e-08
chr3	13	8	198022430	4.03995e-08
chr3	14	5	198022430	2.52497e-08
chr3	15	14	198022430	7.06991e-08
chr3	16	10	198022430	5.04993e-08
chr3	17	8	198022430	4.03995e-08
chr3	18	5	198022430	2.52497e-08
chr4	0	189329241	191154276	0.990453
chr4	1	1799655	191154276	0.00941467
chr4	2	17603	191154276	9.20879e-05
chr4	3	4659	191154276	2.4373e-05
chr4	4	1768	191154276	9.24907e-06
chr4	5	752	191154276	3.934e-06
chr4	6	224	191154276	1.17183e-06
chr4	7	181	191154276	9.46879e-07
chr4	8	53	191154276	2.77263e-07
chr4	9	20	191154276	1.04628e-07
chr4	10	52	191154276	2.72032e-07
chr4	11	9	191154276	4.70824e-08
chr4	12	6	191154276	3.13883e-08
chr4	13	3	191154276	1.56941e-08
chr4	14	3	191154276	1.56941e-08
chr4	15	3	191154276	1.56941e-08
chr4	16	3	191154276	1.56941e-08
chr4	17	7	191154276	3.66196e-08
chr4	18	2	191154276	1.04628e-08
chr4	19	2	191154276	1.04628e-08
chr4	20	3	191154276	1.56941e-08
chr4	21	4	191154276	2.09255e-08
chr4	22	16	191154276	8.3702e-08
chr4	23	7	191154276	3.66196e-08
chr5	0	178681847	180915260	0.987655
chr5	1	2217814	180915260	0.0122589
chr5	2	15047	180915260	8.31715e-05
chr5	3	378	180915260	2.08938e-06
chr5	4	83	180915260	4.58778e-07
chr5	5	12	180915260	6.63294e-08
chr5	6	11	180915260	6.08019e-08
chr5	7	44	180915260	2.43208e-07
chr5	8	24	180915260	1.32659e-07
chr6	0	168412250	171115067	0.984205
chr6	1	2676116	171115067	0.0156393
chr6	2	22842	171115067	0.000133489
chr6	3	849	171115067	4.96157e-06
chr6	4	624	171115067	3.64667e-06
chr6	5	427	171115067	2.4954e-06
chr6	6	384	171115067	2.2441e-06
chr6	7	410	171115067	2.39605e-06
chr6	8	338	171115067	1.97528e-06
chr6	9	264	171115067	1.54282e-06
chr6	10	213	171115067	1.24478e-06
chr6	11	159	171115067	9.29199e-07
chr6	12	88	171115067	5.14274e-07
chr6	13	79	171115067	4.61678e-07
chr6	14	12	171115067	7.01282e-08
chr6	15	6	171115067	3.50641e-08
chr6	16	4	171115067	2.33761e-08
chr6	17	2	171115067	1.1688e-08
chr7	0	156810949	159138663	0.985373
chr7	1	2300947	159138663	0.0144588
chr7	2	21187	159138663	0.000133135
chr7	3	1503	159138663	9.44459e-06
chr7	4	750	159138663	4.71287e-06
chr7	5	597	159138663	3.75145e-06
chr7	6	485	159138663	3.04766e-06
chr7	7	427	159138663	2.68319e-06
chr7	8	313	159138663	1.96684e-06
chr7	9	168	159138663	1.05568e-06
chr7	10	214	159138663	1.34474e-06
chr7	11	139	159138663	8.73452e-07
chr7	12	132	159138663	8.29465e-07
chr7	13	137	159138663	8.60884e-07
chr7	14	121	159138663	7.60343e-07
chr7	15	130	159138663	8.16898e-07
chr7	16	113	159138663	7.10073e-07
chr7	17	72	159138663	4.52436e-07
chr7	18	54	159138663	3.39327e-07
chr7	19	32	159138663	2.01083e-07
chr7	20	32	159138663	2.01083e-07
chr7	21	49	159138663	3.07908e-07
chr7	22	35	159138663	2.19934e-07
chr7	23	30	159138663	1.88515e-07
chr7	24	25	159138663	1.57096e-07
chr7	25	21	159138663	1.3196e-07
chr7	26	1	159138663	6.28383e-09
chr8	0	145110825	146364022	0.991438
chr8	1	1237011	146364022	0.00845161
chr8	2	11281	146364022	7.7075e-05
chr8	3	2682	146364022	1.83242e-05
chr8	4	1285	146364022	8.77948e-06
chr8	5	449	146364022	3.06769e-06
chr8	6	187	146364022	1.27764e-06
chr8	7	151	146364022	1.03167e-06
chr8	8	47	146364022	3.21117e-07
chr8	9	33	146364022	2.25465e-07
chr8	10	51	146364022	3.48446e-07
chr8	11	6	146364022	4.09937e-08
chr8	12	14	146364022	9.56519e-08
chr9	0	139462146	141213431	0.987598
chr9	1	1734698	141213431	0.0122842
chr9	2	15079	141213431	0.000106782
chr9	3	925	141213431	6.55037e-06
chr9	4	322	141213431	2.28024e-06
chr9	5	160	141213431	1.13304e-06
chr9	6	50	141213431	3.54074e-07
chr9	7	27	141213431	1.912e-07
chr9	8	24	141213431	1.69956e-07
chr10	0	133790663	135534747	0.987132
chr10	1	1703855	135534747	0.0125714
chr10	2	22499	135534747	0.000166002
chr10	3	4952	135534747	3.65368e-05
chr10	4	3058	135534747	2.25625e-05
chr10	5	2195	135534747	1.61951e-05
chr10	6	1625	135534747	1.19895e-05
chr10	7	982	135534747	7.24537e-06
chr10	8	832	135534747	6.13865e-06
chr10	9	738	135534747	5.4451e-06
chr10	10	618	135534747	4.55972e-06
chr10	11	550	135534747	4.058e-06
chr10	12	506	135534747	3.73336e-06
chr10	13	443	135534747	3.26853e-06
chr10	14	408	135534747	3.0103e-06
chr10	15	247	135534747	1.82241e-06
chr10	16	191	135534747	1.40923e-06
chr10	17	89	135534747	6.56658e-07
chr10	18	92	135534747	6.78793e-07
chr10	19	41	135534747	3.02505e-07
chr10	20	43	135534747	3.17262e-07
chr10	21	44	135534747	3.2464e-07
chr10	22	20	135534747	1.47564e-07
chr10	23	14	135534747	1.03295e-07
chr10	24	10	135534747	7.37818e-08
chr10	25	4	135534747	2.95127e-08
chr10	26	7	135534747	5.16473e-08
chr10	27	4	135534747	2.95127e-08
chr10	28	2	135534747	1.47564e-08
chr10	29	5	135534747	3.68909e-08
chr10	30	7	135534747	5.16473e-08
chr10	31	3	135534747	2.21345e-08
chr11	0	132923408	135006516	0.98457
chr11	1	2061040	135006516	0.0152662
chr11	2	19314	135006516	0.00014306
chr11	3	1189	135006516	8.80698e-06
chr11	4	518	135006516	3.83685e-06
chr11	5	384	135006516	2.84431e-06
chr11	6	177	135006516	1.31105e-06
chr11	7	202	135006516	1.49622e-06
chr11	8	146	135006516	1.08143e-06
chr11	9	24	135006516	1.77769e-07
chr11	10	34	135006516	2.5184e-07
chr11	11	26	135006516	1.92583e-07
chr11	12	27	135006516	1.9999e-07
chr11	13	15	135006516	1.11106e-07
chr11	14	12	135006516	8.88846e-08
chr12	0	131934249	133851895	0.985673
chr12	1	1897754	133851895	0.014178
chr12	2	19052	133851895	0.000142336
chr12	3	546	133851895	4.07914e-06
chr12	4	208	133851895	1.55396e-06
chr12	5	11	133851895	8.21804e-08
chr12	6	29	133851895	2.16657e-07
chr12	7	6	133851895	4.48257e-08
chr12	8	9	133851895	6.72385e-08
chr12	9	31	133851895	2.31599e-07
chr13	0	114133028	115169878	0.990997
chr13	1	1031601	115169878	0.00895721
chr13	2	5198	115169878	4.51333e-05
chr13	3	51	115169878	4.42824e-07
chr14	0	106527529	107349540	0.992343
chr14	1	817883	107349540	0.00761888
chr14	2	3845	107349540	3.58176e-05
chr14	3	108	107349540	1.00606e-06
chr14	4	75	107349540	6.98652e-07
chr14	5	47	107349540	4.37822e-07
chr14	6	53	107349540	4.93714e-07
chr15	0	101457706	102531392	0.989528
chr15	1	1066722	102531392	0.0104039
chr15	2	6964	102531392	6.79207e-05
chr16	0	89389617	90354753	0.989318
chr16	1	933854	90354753	0.0103354
chr16	2	16128	90354753	0.000178496
chr16	3	6800	90354753	7.52589e-05
chr16	4	4110	90354753	4.54874e-05
chr16	5	2274	90354753	2.51675e-05
chr16	6	1170	90354753	1.2949e-05
chr16	7	491	90354753	5.43414e-06
chr16	8	195	90354753	2.15816e-06
chr16	9	85	90354753	9.40736e-07
chr16	10	23	90354753	2.54552e-07
chr16	11	4	90354753	4.42699e-08
chr16	12	2	90354753	2.2135e-08
chr17	0	80374099	81195210	0.989887
chr17	1	813821	81195210	0.010023
chr17	2	6460	81195210	7.95613e-05
chr17	3	641	81195210	7.89455e-06
chr17	4	159	81195210	1.95824e-06
chr17	5	30	81195210	3.6948e-07
chr18	0	76292183	78077248	0.977137
chr18	1	1761300	78077248	0.0225584
chr18	2	21583	78077248	0.000276431
chr18	3	869	78077248	1.113e-05
chr18	4	387	78077248	4.95663e-06
chr18	5	193	78077248	2.47191e-06
chr18	6	164	78077248	2.10048e-06
chr18	7	192	78077248	2.4591e-06
chr18	8	159	78077248	2.03644e-06
chr18	9	82	78077248	1.05024e-06
chr18	10	35	78077248	4.48274e-07
chr18	11	25	78077248	3.20196e-07
chr18	12	10	78077248	1.28078e-07
chr18	13	22	78077248	2.81772e-07
chr18	14	11	78077248	1.40886e-07
chr18	15	15	78077248	1.92117e-07
chr18	16	3	78077248	3.84235e-08
chr18	17	6	78077248	7.6847e-08
chr18	18	5	78077248	6.40391e-08
chr18	19	4	78077248	5.12313e-08
chr19	0	58525981	59128983	0.989802
chr19	1	594872	59128983	0.0100606
chr19	2	4435	59128983	7.50055e-05
chr19	3	727	59128983	1.22952e-05
chr19	4	512	59128983	8.65904e-06
chr19	5	363	59128983	6.13912e-06
chr19	6	445	59128983	7.52592e-06
chr19	7	404	59128983	6.83252e-06
chr19	8	205	59128983	3.467e-06
chr19	9	167	59128983	2.82433e-06
chr19	10	128	59128983	2.16476e-06
chr19	11	91	59128983	1.53901e-06
chr19	12	112	59128983	1.89416e-06
chr19	13	82	59128983	1.3868e-06
chr19	14	78	59128983	1.31915e-06
chr19	15	64	59128983	1.08238e-06
chr19	16	70	59128983	1.18385e-06
chr19	17	76	59128983	1.28533e-06
chr19	18	46	59128983	7.7796e-07
chr19	19	42	59128983	7.10312e-07
chr19	20	43	59128983	7.27224e-07
chr19	21	16	59128983	2.70595e-07
chr19	22	8	59128983	1.35297e-07
chr19	23	14	59128983	2.36771e-07
chr19	24	2	59128983	3.38244e-08
chr20	0	62076763	63025520	0.984946
chr20	1	939228	63025520	0.0149023
chr20	2	8895	63025520	0.000141133
chr20	3	406	63025520	6.44184e-06
chr20	4	121	63025520	1.91986e-06
chr20	5	75	63025520	1.18999e-06
chr20	6	19	63025520	3.01465e-07
chr20	7	13	63025520	2.06266e-07
chr21	0	47763016	48129895	0.992377
chr21	1	361631	48129895	0.00751365
chr21	2	4115	48129895	8.54978e-05
chr21	3	691	48129895	1.4357e-05
chr21	4	180	48129895	3.73988e-06
chr21	5	113	48129895	2.34781e-06
chr21	6	55	48129895	1.14274e-06
chr21	7	9	48129895	1.86994e-07
chr21	8	17	48129895	3.53211e-07
chr21	9	29	48129895	6.02536e-07
chr21	10	4	48129895	8.31084e-08
chr21	11	4	48129895	8.31084e-08
chr21	12	10	48129895	2.07771e-07
chr21	13	7	48129895	1.4544e-07
chr21	14	14	48129895	2.90879e-07
chr22	0	51002422	51304566	0.994111
chr22	1	300298	51304566	0.00585324
chr22	2	1743	51304566	3.39736e-05
chr22	3	53	51304566	1.03305e-06
chr22	4	7	51304566	1.3644e-07
chr22	5	5	51304566	9.74572e-08
chr22	6	12	51304566	2.33897e-07
chr22	7	26	51304566	5.06777e-07
chrX	0	153823042	155270560	0.990677
chrX	1	1435544	155270560	0.00924544
chrX	2	10874	155270560	7.00326e-05
chrX	3	772	155270560	4.97197e-06
chrX	4	191	155270560	1.23011e-06
chrX	5	60	155270560	3.86422e-07
chrX	6	30	155270560	1.93211e-07
chrX	7	4	155270560	2.57615e-08
chrX	8	11	155270560	7.08441e-08
chrX	9	8	155270560	5.1523e-08
chrX	10	6	155270560	3.86422e-08
chrX	11	16	155270560	1.03046e-07
chrX	12	2	155270560	1.28807e-08
chrY	0	59275450	59373566	0.998347
chrY	1	89891	59373566	0.00151399
chrY	2	5248	59373566	8.83895e-05
chrY	3	1885	59373566	3.17481e-05
chrY	4	620	59373566	1.04424e-05
chrY	5	195	59373566	3.28429e-06
chrY	6	83	59373566	1.39793e-06
chrY	7	37	59373566	6.23173e-07
chrY	8	46	59373566	7.74756e-07
chrY	9	24	59373566	4.0422e-07
chrY	10	26	59373566	4.37905e-07
chrY	11	13	59373566	2.18953e-07
chrY	12	16	59373566	2.6948e-07
chrY	13	3	59373566	5.05275e-08
chrY	14	15	59373566	2.52638e-07
chrY	15	6	59373566	1.01055e-07
chrY	16	8	59373566	1.3474e-07
chr1_gl000191_random	0	105183	106433	0.988256
chr1_gl000191_random	1	1250	106433	0.0117445
chr1_gl000192_random	0	538625	547496	0.983797
chr1_gl000192_random	1	8792	547496	0.0160586
chr1_gl000192_random	2	79	547496	0.000144293
chr4_ctg9_hap1	0	587186	590426	0.994512
chr4_ctg9_hap1	1	3230	590426	0.00547063
chr4_ctg9_hap1	2	10	590426	1.69369e-05
chr4_gl000193_random	0	185931	189789	0.979672
chr4_gl000193_random	1	3816	189789	0.0201065
chr4_gl000193_random	2	42	189789	0.000221298
chr4_gl000194_random	0	188269	191469	0.983287
chr4_gl000194_random	1	3200	191469	0.0167129
chr6_apd_hap1	0	4616568	4622290	0.998762
chr6_apd_hap1	1	5694	4622290	0.00123186
chr6_apd_hap1	2	28	4622290	6.0576e-06
chr6_cox_hap2	0	4779393	4795371	0.996668
chr6_cox_hap2	1	15956	4795371	0.00332738
chr6_cox_hap2	2	22	4795371	4.58776e-06
chr6_dbb_hap3	0	4596746	4610396	0.997039
chr6_dbb_hap3	1	13650	4610396	0.0029607
chr6_mann_hap4	0	4670902	4683263	0.997361
chr6_mann_hap4	1	12322	4683263	0.00263107
chr6_mann_hap4	2	39	4683263	8.32753e-06
chr6_mcf_hap5	0	4823742	4833398	0.998002
chr6_mcf_hap5	1	9612	4833398	0.00198866
chr6_mcf_hap5	2	44	4833398	9.10333e-06
chr6_qbl_hap6	0	4597663	4611984	0.996895
chr6_qbl_hap6	1	14292	4611984	0.00309888
chr6_qbl_hap6	2	29	4611984	6.28797e-06
chr6_ssto_hap7	0	4914787	4928567	0.997204
chr6_ssto_hap7	1	13760	4928567	0.00279189
chr6_ssto_hap7	2	20	4928567	4.05797e-06
chr7_gl000195_random	0	177401	182896	0.969956
chr7_gl000195_random	1	5440	182896	0.0297437
chr7_gl000195_random	2	55	182896	0.000300717
chr8_gl000196_random	0	38614	38914	0.992291
chr8_gl000196_random	1	300	38914	0.00770931
chr8_gl000197_random	0	37125	37175	0.998655
chr8_gl000197_random	1	50	37175	0.00134499
chr9_gl000198_random	0	85701	90085	0.951335
chr9_gl000198_random	1	4318	90085	0.0479325
chr9_gl000198_random	2	66	90085	0.000732641
chr9_gl000199_random	0	121273	169874	0.7139
chr9_gl000199_random	1	35325	169874	0.207948
chr9_gl000199_random	2	9693	169874	0.0570599
chr9_gl000199_random	3	2482	169874	0.0146108
chr9_gl000199_random	4	575	169874	0.00338486
chr9_gl000199_random	5	175	169874	0.00103018
chr9_gl000199_random	6	129	169874	0.000759386
chr9_gl000199_random	7	72	169874	0.000423844
chr9_gl000199_random	8	41	169874	0.000241355
chr9_gl000199_random	9	29	169874	0.000170715
chr9_gl000199_random	10	12	169874	7.06406e-05
chr9_gl000199_random	11	12	169874	7.06406e-05
chr9_gl000199_random	12	13	169874	7.65273e-05
chr9_gl000199_random	13	24	169874	0.000141281
chr9_gl000199_random	14	4	169874	2.35469e-05
chr9_gl000199_random	15	15	169874	8.83007e-05
chr9_gl000200_random	0	185335	187035	0.990911
chr9_gl000200_random	1	1700	187035	0.00908921
chr11_gl000202_random	0	39753	40103	0.991272
chr11_gl000202_random	1	350	40103	0.00872753
chr17_ctg5_hap1	0	1673928	1680828	0.995895
chr17_ctg5_hap1	1	6900	1680828	0.00410512
chr17_gl000203_random	0	37148	37498	0.990666
chr17_gl000203_random	1	350	37498	0.00933383
chr17_gl000204_random	0	80460	81310	0.989546
chr17_gl000204_random	1	850	81310	0.0104538
chr17_gl000205_random	0	169616	174588	0.971521
chr17_gl000205_random	1	4844	174588	0.0277453
chr17_gl000205_random	2	128	174588	0.000733155
chr17_gl000206_random	0	40851	41001	0.996342
chr17_gl000206_random	1	150	41001	0.00365845
chr18_gl000207_random	0	4112	4262	0.964805
chr18_gl000207_random	1	150	4262	0.0351947
chr19_gl000208_random	0	86505	92689	0.933282
chr19_gl000208_random	1	5326	92689	0.057461
chr19_gl000208_random	2	712	92689	0.0076816
chr19_gl000208_random	3	134	92689	0.00144569
chr19_gl000208_random	4	12	92689	0.000129465
chr19_gl000209_random	0	158469	159169	0.995602
chr19_gl000209_random	1	700	159169	0.00439784
chr21_gl000210_random	0	27632	27682	0.998194
chr21_gl000210_random	1	50	27682	0.00180623
chrUn_gl000211	0	163887	166566	0.983916
chrUn_gl000211	1	2658	166566	0.0159576
chrUn_gl000211	2	21	166566	0.000126076
chrUn_gl000212	0	183523	186858	0.982152
chrUn_gl000212	1	3320	186858	0.0177675
chrUn_gl000212	2	15	186858	8.02749e-05
chrUn_gl000213	0	163139	164239	0.993302
chrUn_gl000213	1	1100	164239	0.00669756
chrUn_gl000214	0	133222	137718	0.967354
chrUn_gl000214	1	4442	137718	0.0322543
chrUn_gl000214	2	54	137718	0.000392106
chrUn_gl000215	0	171345	172545	0.993045
chrUn_gl000215	1	1200	172545	0.00695471
chrUn_gl000216	0	152744	172294	0.886531
chrUn_gl000216	1	14839	172294	0.086126
chrUn_gl000216	2	3221	172294	0.0186948
chrUn_gl000216	3	940	172294	0.00545579
chrUn_gl000216	4	284	172294	0.00164835
chrUn_gl000216	5	147	172294	0.000853193
chrUn_gl000216	6	40	172294	0.000232161
chrUn_gl000216	7	27	172294	0.000156709
chrUn_gl000216	8	19	172294	0.000110277
chrUn_gl000216	9	33	172294	0.000191533
chrUn_gl000217	0	168100	172149	0.97648
chrUn_gl000217	1	3998	172149	0.0232241
chrUn_gl000217	2	51	172149	0.000296255
chrUn_gl000218	0	158306	161147	0.98237
chrUn_gl000218	1	2832	161147	0.017574
chrUn_gl000218	2	9	161147	5.58496e-05
chrUn_gl000219	0	172885	179198	0.964771
chrUn_gl000219	1	6226	179198	0.0347437
chrUn_gl000219	2	87	179198	0.000485496
chrUn_gl000220	0	127425	161802	0.787537
chrUn_gl000220	1	20914	161802	0.129257
chrUn_gl000220	2	7938	161802	0.04906
chrUn_gl000220	3	3703	161802	0.022886
chrUn_gl000220	4	1357	161802	0.00838679
chrUn_gl000220	5	367	161802	0.0022682
chrUn_gl000220	6	98	161802	0.000605679
chrUn_gl000221	0	152047	155397	0.978442
chrUn_gl000221	1	3350	155397	0.0215577
chrUn_gl000222	0	184075	186861	0.98509
chrUn_gl000222	1	2772	186861	0.0148346
chrUn_gl000222	2	14	186861	7.4922e-05
chrUn_gl000223	0	179055	180455	0.992242
chrUn_gl000223	1	1400	180455	0.00775817
chrUn_gl000224	0	174038	179693	0.96853
chrUn_gl000224	1	5294	179693	0.0294614
chrUn_gl000224	2	327	179693	0.00181977
chrUn_gl000224	3	34	179693	0.000189212
chrUn_gl000225	0	191174	211173	0.905296
chrUn_gl000225	1	17219	211173	0.0815398
chrUn_gl000225	2	2285	211173	0.0108205
chrUn_gl000225	3	292	211173	0.00138275
chrUn_gl000225	4	84	211173	0.000397778
chrUn_gl000225	5	32	211173	0.000151535
chrUn_gl000225	6	29	211173	0.000137328
chrUn_gl000225	7	5	211173	2.36773e-05
chrUn_gl000225	8	3	211173	1.42064e-05
chrUn_gl000225	9	3	211173	1.42064e-05
chrUn_gl000225	10	5	211173	2.36773e-05
chrUn_gl000225	11	7	211173	3.31482e-05
chrUn_gl000225	12	10	211173	4.73545e-05
chrUn_gl000225	13	5	211173	2.36773e-05
chrUn_gl000225	14	2	211173	9.47091e-06
chrUn_gl000225	15	3	211173	1.42064e-05
chrUn_gl000225	16	11	211173	5.209e-05
chrUn_gl000225	17	4	211173	1.89418e-05
chrUn_gl000226	0	1492	15008	0.0994136
chrUn_gl000226	1	2897	15008	0.19303
chrUn_gl000226	2	3124	15008	0.208156
chrUn_gl000226	3	3040	15008	0.202559
chrUn_gl000226	4	1967	15008	0.131063
chrUn_gl000226	5	1275	15008	0.0849547
chrUn_gl000226	6	599	15008	0.039912
chrUn_gl000226	7	352	15008	0.0234542
chrUn_gl000226	8	146	15008	0.00972814
chrUn_gl000226	9	65	15008	0.00433102
chrUn_gl000226	10	17	15008	0.00113273
chrUn_gl000226	11	22	15008	0.00146588
chrUn_gl000226	12	12	15008	0.000799574
chrUn_gl000227	0	126924	128374	0.988705
chrUn_gl000227	1	1450	128374	0.0112951
chrUn_gl000228	0	126118	129120	0.97675
chrUn_gl000228	1	2534	129120	0.0196252
chrUn_gl000228	2	333	129120	0.002579
chrUn_gl000228	3	98	129120	0.000758984
chrUn_gl000228	4	29	129120	0.000224597
chrUn_gl000228	5	8	129120	6.19579e-05
chrUn_gl000229	0	19159	19913	0.962135
chrUn_gl000229	1	708	19913	0.0355547
chrUn_gl000229	2	46	19913	0.00231005
chrUn_gl000230	0	43341	43691	0.991989
chrUn_gl000230	1	350	43691	0.0080108
chrUn_gl000231	0	26321	27386	0.961112
chrUn_gl000231	1	980	27386	0.0357847
chrUn_gl000231	2	85	27386	0.00310378
chrUn_gl000232	0	38726	40652	0.952622
chrUn_gl000232	1	1902	40652	0.0467874
chrUn_gl000232	2	24	40652	0.000590377
chrUn_gl000233	0	44891	45941	0.977145
chrUn_gl000233	1	1050	45941	0.0228554
chrUn_gl000234	0	39142	40531	0.96573
chrUn_gl000234	1	1378	40531	0.0339987
chrUn_gl000234	2	11	40531	0.000271397
chrUn_gl000235	0	33067	34474	0.959187
chrUn_gl000235	1	1364	34474	0.0395661
chrUn_gl000235	2	43	34474	0.00124732
chrUn_gl000236	0	41484	41934	0.989269
chrUn_gl000236	1	450	41934	0.0107311
chrUn_gl000237	0	45117	45867	0.983648
chrUn_gl000237	1	750	45867	0.0163516
chrUn_gl000238	0	39589	39939	0.991237
chrUn_gl000238	1	350	39939	0.00876336
chrUn_gl000239	0	33224	33824	0.982261
chrUn_gl000239	1	600	33824	0.0177389
chrUn_gl000240	0	41283	41933	0.984499
chrUn_gl000240	1	650	41933	0.0155009
chrUn_gl000241	0	40493	42152	0.960642
chrUn_gl000241	1	1618	42152	0.0383849
chrUn_gl000241	2	41	42152	0.00097267
chrUn_gl000242	0	43223	43523	0.993107
chrUn_gl000242	1	300	43523	0.00689291
chrUn_gl000243	0	42341	43341	0.976927
chrUn_gl000243	1	1000	43341	0.0230728
chrUn_gl000244	0	39679	39929	0.993739
chrUn_gl000244	1	250	39929	0.00626111
chrUn_gl000245	0	35750	36651	0.975417
chrUn_gl000245	1	852	36651	0.0232463
chrUn_gl000245	2	49	36651	0.00133693
chrUn_gl000246	0	37904	38154	0.993448
chrUn_gl000246	1	250	38154	0.00655239
chrUn_gl000247	0	35909	36422	0.985915
chrUn_gl000247	1	476	36422	0.013069
chrUn_gl000247	2	37	36422	0.00101587
chrUn_gl000248	0	39586	39786	0.994973
chrUn_gl000248	1	200	39786	0.00502689
chrUn_gl000249	0	38402	38502	0.997403
chrUn_gl000249	1	100	38502	0.00259727
chr9_gl000201_random	0	36148	36148	1
genome	0	3097972774	3137161264	0.987508
genome	1	38692170	3137161264	0.0123335
genome	2	389048	3137161264	0.000124013
genome	3	47410	3137161264	1.51124e-05
genome	4	22561	3137161264	7.19153e-06
genome	5	12334	3137161264	3.93158e-06
genome	6	7126	3137161264	2.27148e-06
genome	7	4666	3137161264	1.48733e-06
genome	8	2955	3137161264	9.41934e-07
genome	9	1930	3137161264	6.15206e-07
genome	10	1549	3137161264	4.93758e-07
genome	11	1196	3137161264	3.81236e-07
genome	12	1046	3137161264	3.33422e-07
genome	13	887	3137161264	2.8274e-07
genome	14	766	3137161264	2.4417e-07
genome	15	590	3137161264	1.88068e-07
genome	16	467	3137161264	1.48861e-07
genome	17	333	3137161264	1.06147e-07
genome	18	264	3137161264	8.41525e-08
genome	19	183	3137161264	5.8333e-08
genome	20	166	3137161264	5.29141e-08
genome	21	160	3137161264	5.10015e-08
genome	22	123	3137161264	3.92074e-08
genome	23	103	3137161264	3.28322e-08
genome	24	61	3137161264	1.94443e-08
genome	25	56	3137161264	1.78505e-08
genome	26	30	3137161264	9.56279e-09
genome	27	26	3137161264	8.28775e-09
genome	28	28	3137161264	8.92527e-09
genome	29	40	3137161264	1.27504e-08
genome	30	26	3137161264	8.28775e-09
genome	31	24	3137161264	7.65023e-09
genome	32	24	3137161264	7.65023e-09
genome	33	19	3137161264	6.05643e-09
genome	34	22	3137161264	7.01271e-09
genome	35	21	3137161264	6.69395e-09
genome	36	21	3137161264	6.69395e-09
genome	37	23	3137161264	7.33147e-09
genome	38	10	3137161264	3.1876e-09
genome	39	9	3137161264	2.86884e-09
genome	40	10	3137161264	3.1876e-09
genome	41	7	3137161264	2.23132e-09
