chrM	0	14865	16571	0.897049
chrM	1	1585	16571	0.095649
chrM	2	98	16571	0.00591395
chrM	3	23	16571	0.00138797
chr1	0	245243447	249250621	0.983923
chr1	1	3968240	249250621	0.0159207
chr1	2	36511	249250621	0.000146483
chr1	3	703	249250621	2.82045e-06
chr1	4	134	249250621	5.37611e-07
chr1	5	171	249250621	6.86056e-07
chr1	6	135	249250621	5.41624e-07
chr1	7	98	249250621	3.93179e-07
chr1	8	44	249250621	1.76529e-07
chr1	9	34	249250621	1.36409e-07
chr1	10	24	249250621	9.62886e-08
chr1	11	34	249250621	1.36409e-07
chr1	12	32	249250621	1.28385e-07
chr1	13	42	249250621	1.68505e-07
chr1	14	52	249250621	2.08625e-07
chr1	15	62	249250621	2.48746e-07
chr1	16	45	249250621	1.80541e-07
chr1	17	35	249250621	1.40421e-07
chr1	18	29	249250621	1.16349e-07
chr1	19	33	249250621	1.32397e-07
chr1	20	44	249250621	1.76529e-07
chr1	21	53	249250621	2.12637e-07
chr1	22	45	249250621	1.80541e-07
chr1	23	55	249250621	2.20661e-07
chr1	24	35	249250621	1.40421e-07
chr1	25	23	249250621	9.22766e-08
chr1	26	17	249250621	6.82044e-08
chr1	27	13	249250621	5.21563e-08
chr1	28	14	249250621	5.61684e-08
chr1	29	19	249250621	7.62285e-08
chr1	30	21	249250621	8.42525e-08
chr1	31	18	249250621	7.22165e-08
chr1	32	25	249250621	1.00301e-07
chr1	33	21	249250621	8.42525e-08
chr1	34	18	249250621	7.22165e-08
chr1	35	20	249250621	8.02405e-08
chr1	36	15	249250621	6.01804e-08
chr1	37	16	249250621	6.41924e-08
chr1	38	27	249250621	1.08325e-07
chr1	39	26	249250621	1.04313e-07
chr1	40	24	249250621	9.62886e-08
chr1	41	26	249250621	1.04313e-07
chr1	42	24	249250621	9.62886e-08
chr1	43	23	249250621	9.22766e-08
chr1	44	17	249250621	6.82044e-08
chr1	45	37	249250621	1.48445e-07
chr1	46	21	249250621	8.42525e-08
chr1	47	11	249250621	4.41323e-08
chr1	48	7	249250621	2.80842e-08
chr1	49	1	249250621	4.01203e-09
chr2	0	239396793	243199373	0.984364
chr2	1	3753264	243199373	0.0154329
chr2	2	37992	243199373	0.000156218
chr2	3	5146	243199373	2.11596e-05
chr2	4	2758	243199373	1.13405e-05
chr2	5	1490	243199373	6.12666e-06
chr2	6	810	243199373	3.3306e-06
chr2	7	440	243199373	1.80922e-06
chr2	8	254	243199373	1.04441e-06
chr2	9	178	243199373	7.3191e-07
chr2	10	144	243199373	5.92107e-07
chr2	11	49	243199373	2.01481e-07
chr2	12	13	243199373	5.34541e-08
chr2	13	5	243199373	2.05593e-08
chr2	14	5	243199373	2.05593e-08
chr2	15	3	243199373	1.23356e-08
chr2	16	7	243199373	2.8783e-08
chr2	17	15	243199373	6.16778e-08
chr2	18	7	243199373	2.8783e-08
chr3	0	195200293	198022430	0.985748
chr3	1	2802247	198022430	0.0141512
chr3	2	19538	198022430	9.86656e-05
chr3	3	181	198022430	9.14038e-07
chr3	4	45	198022430	2.27247e-07
chr3	5	7	198022430	3.53495e-08
chr3	6	12	198022430	6.05992e-08
chr3	7	6	198022430	3.02996e-08
chr3	8	6	198022430	3.02996e-08
chr3	9	1	198022430	5.04993e-09
chr3	10	10	198022430	5.04993e-08
chr3	11	1	198022430	5.04993e-09
chr3	12	2	198022430	1.00999e-08
chr3	13	6	198022430	3.02996e-08
chr3	14	5	198022430	2.52497e-08
chr3	15	6	198022430	3.02996e-08
chr3	16	9	198022430	4.54494e-08
chr3	17	10	198022430	5.04993e-08
chr3	18	3	198022430	1.51498e-08
chr3	19	4	198022430	2.01997e-08
chr3	20	11	198022430	5.55493e-08
chr3	21	9	198022430	4.54494e-08
chr3	22	3	198022430	1.51498e-08
chr3	23	7	198022430	3.53495e-08
chr3	24	5	198022430	2.52497e-08
chr3	25	3	198022430	1.51498e-08
chr4	0	189274118	191154276	0.990164
chr4	1	1856972	191154276	0.00971452
chr4	2	16811	191154276	8.79447e-05
chr4	3	3295	191154276	1.72374e-05
chr4	4	1528	191154276	7.99354e-06
chr4	5	689	191154276	3.60442e-06
chr4	6	401	191154276	2.09778e-06
chr4	7	154	191154276	8.05632e-07
chr4	8	92	191154276	4.81287e-07
chr4	9	97	191154276	5.07444e-07
chr4	10	32	191154276	1.67404e-07
chr4	11	15	191154276	7.84706e-08
chr4	12	33	191154276	1.72635e-07
chr4	13	7	191154276	3.66196e-08
chr4	14	4	191154276	2.09255e-08
chr4	15	12	191154276	6.27765e-08
chr4	16	9	191154276	4.70824e-08
chr4	17	7	191154276	3.66196e-08
chr5	0	178601119	180915260	0.987209
chr5	1	2299466	180915260	0.0127102
chr5	2	14119	180915260	7.80421e-05
chr5	3	417	180915260	2.30495e-06
chr5	4	42	180915260	2.32153e-07
chr5	5	16	180915260	8.84392e-08
chr5	6	39	180915260	2.15571e-07
chr5	7	2	180915260	1.10549e-08
chr5	8	11	180915260	6.08019e-08
chr5	9	29	180915260	1.60296e-07
chr6	0	167754197	171115067	0.980359
chr6	1	3321507	171115067	0.019411
chr6	2	34922	171115067	0.000204085
chr6	3	718	171115067	4.19601e-06
chr6	4	518	171115067	3.0272e-06
chr6	5	362	171115067	2.11554e-06
chr6	6	477	171115067	2.7876e-06
chr6	7	473	171115067	2.76422e-06
chr6	8	384	171115067	2.2441e-06
chr6	9	281	171115067	1.64217e-06
chr6	10	264	171115067	1.54282e-06
chr6	11	277	171115067	1.61879e-06
chr6	12	201	171115067	1.17465e-06
chr6	13	144	171115067	8.41539e-07
chr6	14	97	171115067	5.6687e-07
chr6	15	82	171115067	4.7921e-07
chr6	16	54	171115067	3.15577e-07
chr6	17	56	171115067	3.27265e-07
chr6	18	43	171115067	2.51293e-07
chr6	19	10	171115067	5.84402e-08
chr7	0	156919944	159138663	0.986058
chr7	1	2193965	159138663	0.0137865
chr7	2	18999	159138663	0.000119386
chr7	3	1387	159138663	8.71567e-06
chr7	4	964	159138663	6.05761e-06
chr7	5	572	159138663	3.59435e-06
chr7	6	445	159138663	2.7963e-06
chr7	7	453	159138663	2.84657e-06
chr7	8	437	159138663	2.74603e-06
chr7	9	231	159138663	1.45156e-06
chr7	10	200	159138663	1.25677e-06
chr7	11	180	159138663	1.13109e-06
chr7	12	134	159138663	8.42033e-07
chr7	13	100	159138663	6.28383e-07
chr7	14	57	159138663	3.58178e-07
chr7	15	49	159138663	3.07908e-07
chr7	16	74	159138663	4.65003e-07
chr7	17	81	159138663	5.0899e-07
chr7	18	72	159138663	4.52436e-07
chr7	19	69	159138663	4.33584e-07
chr7	20	43	159138663	2.70205e-07
chr7	21	40	159138663	2.51353e-07
chr7	22	36	159138663	2.26218e-07
chr7	23	20	159138663	1.25677e-07
chr7	24	31	159138663	1.94799e-07
chr7	25	40	159138663	2.51353e-07
chr7	26	24	159138663	1.50812e-07
chr7	27	13	159138663	8.16898e-08
chr7	28	3	159138663	1.88515e-08
chr8	0	145060296	146364022	0.991093
chr8	1	1288275	146364022	0.00880186
chr8	2	10768	146364022	7.357e-05
chr8	3	2472	146364022	1.68894e-05
chr8	4	1032	146364022	7.05091e-06
chr8	5	504	146364022	3.44347e-06
chr8	6	224	146364022	1.53043e-06
chr8	7	184	146364022	1.25714e-06
chr8	8	83	146364022	5.67079e-07
chr8	9	103	146364022	7.03725e-07
chr8	10	41	146364022	2.80123e-07
chr8	11	38	146364022	2.59627e-07
chr8	12	2	146364022	1.36646e-08
chr9	0	139849072	141213431	0.990338
chr9	1	1354168	141213431	0.00958951
chr9	2	9215	141213431	6.52558e-05
chr9	3	486	141213431	3.4416e-06
chr9	4	157	141213431	1.11179e-06
chr9	5	118	141213431	8.35615e-07
chr9	6	82	141213431	5.80681e-07
chr9	7	63	141213431	4.46133e-07
chr9	8	17	141213431	1.20385e-07
chr9	9	37	141213431	2.62015e-07
chr9	10	2	141213431	1.4163e-08
chr9	11	14	141213431	9.91407e-08
chr10	0	133959643	135534747	0.988379
chr10	1	1536618	135534747	0.0113374
chr10	2	20360	135534747	0.00015022
chr10	3	4691	135534747	3.46111e-05
chr10	4	3154	135534747	2.32708e-05
chr10	5	1921	135534747	1.41735e-05
chr10	6	1675	135534747	1.23585e-05
chr10	7	1485	135534747	1.09566e-05
chr10	8	1028	135534747	7.58477e-06
chr10	9	831	135534747	6.13127e-06
chr10	10	773	135534747	5.70333e-06
chr10	11	473	135534747	3.48988e-06
chr10	12	372	135534747	2.74468e-06
chr10	13	388	135534747	2.86273e-06
chr10	14	328	135534747	2.42004e-06
chr10	15	221	135534747	1.63058e-06
chr10	16	174	135534747	1.2838e-06
chr10	17	119	135534747	8.78004e-07
chr10	18	95	135534747	7.00927e-07
chr10	19	93	135534747	6.86171e-07
chr10	20	81	135534747	5.97633e-07
chr10	21	36	135534747	2.65615e-07
chr10	22	43	135534747	3.17262e-07
chr10	23	44	135534747	3.2464e-07
chr10	24	29	135534747	2.13967e-07
chr10	25	37	135534747	2.72993e-07
chr10	26	16	135534747	1.18051e-07
chr10	27	15	135534747	1.10673e-07
chr10	28	4	135534747	2.95127e-08
chr11	0	132893903	135006516	0.984352
chr11	1	2090952	135006516	0.0154878
chr11	2	18815	135006516	0.000139364
chr11	3	1007	135006516	7.4589e-06
chr11	4	621	135006516	4.59978e-06
chr11	5	366	135006516	2.71098e-06
chr11	6	205	135006516	1.51845e-06
chr11	7	209	135006516	1.54807e-06
chr11	8	186	135006516	1.37771e-06
chr11	9	94	135006516	6.96263e-07
chr11	10	104	135006516	7.70333e-07
chr11	11	12	135006516	8.88846e-08
chr11	12	8	135006516	5.92564e-08
chr11	13	4	135006516	2.96282e-08
chr11	14	3	135006516	2.22212e-08
chr11	15	8	135006516	5.92564e-08
chr11	16	5	135006516	3.70352e-08
chr11	17	8	135006516	5.92564e-08
chr11	18	6	135006516	4.44423e-08
chr12	0	131847402	133851895	0.985025
chr12	1	1981263	133851895	0.0148019
chr12	2	22331	133851895	0.000166834
chr12	3	565	133851895	4.22108e-06
chr12	4	189	133851895	1.41201e-06
chr12	5	78	133851895	5.82734e-07
chr12	6	28	133851895	2.09186e-07
chr12	7	15	133851895	1.12064e-07
chr12	8	5	133851895	3.73547e-08
chr12	9	19	133851895	1.41948e-07
chr13	0	114362721	115169878	0.992992
chr13	1	803987	115169878	0.00698088
chr13	2	3147	115169878	2.73249e-05
chr13	3	23	115169878	1.99705e-07
chr14	0	106566776	107349540	0.992708
chr14	1	779530	107349540	0.00726161
chr14	2	3039	107349540	2.83094e-05
chr14	3	45	107349540	4.19191e-07
chr14	4	95	107349540	8.8496e-07
chr14	5	27	107349540	2.51515e-07
chr14	6	4	107349540	3.72615e-08
chr14	7	24	107349540	2.23569e-07
chr15	0	101516152	102531392	0.990098
chr15	1	1008865	102531392	0.00983957
chr15	2	6290	102531392	6.13471e-05
chr15	3	85	102531392	8.29014e-07
chr16	0	89370663	90354753	0.989109
chr16	1	953380	90354753	0.0105515
chr16	2	16481	90354753	0.000182403
chr16	3	6203	90354753	6.86516e-05
chr16	4	3816	90354753	4.22335e-05
chr16	5	2190	90354753	2.42378e-05
chr16	6	1133	90354753	1.25395e-05
chr16	7	476	90354753	5.26812e-06
chr16	8	237	90354753	2.62299e-06
chr16	9	104	90354753	1.15102e-06
chr16	10	55	90354753	6.08712e-07
chr16	11	7	90354753	7.74724e-08
chr16	12	8	90354753	8.85399e-08
chr17	0	80322730	81195210	0.989255
chr17	1	864870	81195210	0.0106517
chr17	2	7097	81195210	8.74066e-05
chr17	3	346	81195210	4.26134e-06
chr17	4	137	81195210	1.68729e-06
chr17	5	30	81195210	3.6948e-07
chr18	0	76302409	78077248	0.977268
chr18	1	1749640	78077248	0.0224091
chr18	2	22865	78077248	0.000292851
chr18	3	827	78077248	1.05921e-05
chr18	4	530	78077248	6.78815e-06
chr18	5	281	78077248	3.599e-06
chr18	6	257	78077248	3.29161e-06
chr18	7	175	78077248	2.24137e-06
chr18	8	25	78077248	3.20196e-07
chr18	9	20	78077248	2.56157e-07
chr18	10	28	78077248	3.58619e-07
chr18	11	42	78077248	5.37929e-07
chr18	12	40	78077248	5.12313e-07
chr18	13	22	78077248	2.81772e-07
chr18	14	8	78077248	1.02463e-07
chr18	15	17	78077248	2.17733e-07
chr18	16	11	78077248	1.40886e-07
chr18	17	13	78077248	1.66502e-07
chr18	18	17	78077248	2.17733e-07
chr18	19	21	78077248	2.68964e-07
chr19	0	58513130	59128983	0.989585
chr19	1	606862	59128983	0.0102634
chr19	2	5021	59128983	8.49161e-05
chr19	3	576	59128983	9.74142e-06
chr19	4	652	59128983	1.10267e-05
chr19	5	533	59128983	9.01419e-06
chr19	6	409	59128983	6.91708e-06
chr19	7	328	59128983	5.5472e-06
chr19	8	285	59128983	4.81997e-06
chr19	9	151	59128983	2.55374e-06
chr19	10	105	59128983	1.77578e-06
chr19	11	108	59128983	1.82652e-06
chr19	12	124	59128983	2.09711e-06
chr19	13	107	59128983	1.8096e-06
chr19	14	104	59128983	1.75887e-06
chr19	15	68	59128983	1.15003e-06
chr19	16	99	59128983	1.67431e-06
chr19	17	51	59128983	8.62521e-07
chr19	18	76	59128983	1.28533e-06
chr19	19	55	59128983	9.3017e-07
chr19	20	58	59128983	9.80906e-07
chr19	21	30	59128983	5.07365e-07
chr19	22	23	59128983	3.8898e-07
chr19	23	21	59128983	3.55156e-07
chr19	24	5	59128983	8.45609e-08
chr19	25	2	59128983	3.38244e-08
chr20	0	62019649	63025520	0.98404
chr20	1	995909	63025520	0.0158017
chr20	2	9366	63025520	0.000148606
chr20	3	336	63025520	5.33117e-06
chr20	4	116	63025520	1.84052e-06
chr20	5	77	63025520	1.22173e-06
chr20	6	67	63025520	1.06306e-06
chr21	0	47689313	48129895	0.990846
chr21	1	435495	48129895	0.00904833
chr21	2	4279	48129895	8.89052e-05
chr21	3	445	48129895	9.24581e-06
chr21	4	168	48129895	3.49055e-06
chr21	5	81	48129895	1.68295e-06
chr21	6	79	48129895	1.64139e-06
chr21	7	19	48129895	3.94765e-07
chr21	8	16	48129895	3.32434e-07
chr22	0	51015481	51304566	0.994365
chr22	1	287204	51304566	0.00559802
chr22	2	1629	51304566	3.17516e-05
chr22	3	220	51304566	4.28812e-06
chr22	4	32	51304566	6.23726e-07
chrX	0	153868728	155270560	0.990972
chrX	1	1390142	155270560	0.00895303
chrX	2	10411	155270560	6.70507e-05
chrX	3	873	155270560	5.62244e-06
chrX	4	203	155270560	1.3074e-06
chrX	5	88	155270560	5.66753e-07
chrX	6	82	155270560	5.2811e-07
chrX	7	3	155270560	1.93211e-08
chrX	8	20	155270560	1.28807e-07
chrX	9	8	155270560	5.1523e-08
chrX	10	2	155270560	1.28807e-08
chrY	0	59285608	59373566	0.998519
chrY	1	80874	59373566	0.00136212
chrY	2	4675	59373566	7.87387e-05
chrY	3	1312	59373566	2.20974e-05
chrY	4	711	59373566	1.1975e-05
chrY	5	149	59373566	2.50953e-06
chrY	6	133	59373566	2.24005e-06
chrY	7	79	59373566	1.33056e-06
chrY	8	25	59373566	4.21063e-07
chr1_gl000191_random	0	105783	106433	0.993893
chr1_gl000191_random	1	650	106433	0.00610713
chr1_gl000192_random	0	538464	547496	0.983503
chr1_gl000192_random	1	9014	547496	0.016464
chr1_gl000192_random	2	18	547496	3.2877e-05
chr4_ctg9_hap1	0	587176	590426	0.994496
chr4_ctg9_hap1	1	3250	590426	0.0055045
chr4_gl000193_random	0	185008	189789	0.974809
chr4_gl000193_random	1	4712	189789	0.0248276
chr4_gl000193_random	2	69	189789	0.000363562
chr4_gl000194_random	0	188419	191469	0.984071
chr4_gl000194_random	1	3050	191469	0.0159295
chr6_apd_hap1	0	4614949	4622290	0.998412
chr6_apd_hap1	1	7332	4622290	0.00158623
chr6_apd_hap1	2	9	4622290	1.94709e-06
chr6_cox_hap2	0	4779506	4795371	0.996692
chr6_cox_hap2	1	15830	4795371	0.0033011
chr6_cox_hap2	2	35	4795371	7.29871e-06
chr6_dbb_hap3	0	4598646	4610396	0.997451
chr6_dbb_hap3	1	11750	4610396	0.00254859
chr6_mann_hap4	0	4671713	4683263	0.997534
chr6_mann_hap4	1	11550	4683263	0.00246623
chr6_mcf_hap5	0	4821486	4833398	0.997535
chr6_mcf_hap5	1	11874	4833398	0.00245666
chr6_mcf_hap5	2	38	4833398	7.86196e-06
chr6_qbl_hap6	0	4598984	4611984	0.997181
chr6_qbl_hap6	1	13000	4611984	0.00281874
chr6_ssto_hap7	0	4915017	4928567	0.997251
chr6_ssto_hap7	1	13400	4928567	0.00271884
chr6_ssto_hap7	2	150	4928567	3.04348e-05
chr7_gl000195_random	0	178120	182896	0.973887
chr7_gl000195_random	1	4652	182896	0.0254352
chr7_gl000195_random	2	124	182896	0.000677981
chr8_gl000196_random	0	38664	38914	0.993576
chr8_gl000196_random	1	250	38914	0.00642442
chr8_gl000197_random	0	37000	37175	0.995293
chr8_gl000197_random	1	150	37175	0.00403497
chr8_gl000197_random	2	25	37175	0.000672495
chr9_gl000198_random	0	85595	90085	0.950158
chr9_gl000198_random	1	4310	90085	0.0478437
chr9_gl000198_random	2	150	90085	0.00166509
chr9_gl000198_random	3	30	90085	0.000333019
chr9_gl000199_random	0	126190	169874	0.742845
chr9_gl000199_random	1	32602	169874	0.191919
chr9_gl000199_random	2	8062	169874	0.0474587
chr9_gl000199_random	3	1882	169874	0.0110788
chr9_gl000199_random	4	659	169874	0.00387935
chr9_gl000199_random	5	196	169874	0.0011538
chr9_gl000199_random	6	37	169874	0.000217808
chr9_gl000199_random	7	46	169874	0.000270789
chr9_gl000199_random	8	21	169874	0.000123621
chr9_gl000199_random	9	25	169874	0.000147168
chr9_gl000199_random	10	9	169874	5.29804e-05
chr9_gl000199_random	11	8	169874	4.70937e-05
chr9_gl000199_random	12	8	169874	4.70937e-05
chr9_gl000199_random	13	9	169874	5.29804e-05
chr9_gl000199_random	14	28	169874	0.000164828
chr9_gl000199_random	15	15	169874	8.83007e-05
chr9_gl000199_random	16	19	169874	0.000111848
chr9_gl000199_random	17	7	169874	4.1207e-05
chr9_gl000199_random	18	6	169874	3.53203e-05
chr9_gl000199_random	19	22	169874	0.000129508
chr9_gl000199_random	20	15	169874	8.83007e-05
chr9_gl000199_random	21	8	169874	4.70937e-05
chr9_gl000200_random	0	185285	187035	0.990643
chr9_gl000200_random	1	1750	187035	0.00935654
chr9_gl000201_random	0	35998	36148	0.99585
chr9_gl000201_random	1	150	36148	0.00414961
chr11_gl000202_random	0	39853	40103	0.993766
chr11_gl000202_random	1	250	40103	0.00623395
chr17_ctg5_hap1	0	1673663	1680828	0.995737
chr17_ctg5_hap1	1	7130	1680828	0.00424196
chr17_ctg5_hap1	2	35	1680828	2.08231e-05
chr17_gl000203_random	0	37148	37498	0.990666
chr17_gl000203_random	1	350	37498	0.00933383
chr17_gl000204_random	0	80409	81310	0.988919
chr17_gl000204_random	1	852	81310	0.0104784
chr17_gl000204_random	2	49	81310	0.000602632
chr17_gl000205_random	0	169921	174588	0.973269
chr17_gl000205_random	1	4584	174588	0.0262561
chr17_gl000205_random	2	83	174588	0.000475405
chr17_gl000206_random	0	40601	41001	0.990244
chr17_gl000206_random	1	400	41001	0.00975586
chr18_gl000207_random	0	4162	4262	0.976537
chr18_gl000207_random	1	100	4262	0.0234632
chr19_gl000208_random	0	86451	92689	0.9327
chr19_gl000208_random	1	5600	92689	0.0604171
chr19_gl000208_random	2	513	92689	0.00553464
chr19_gl000208_random	3	55	92689	0.000593382
chr19_gl000208_random	4	41	92689	0.000442339
chr19_gl000208_random	5	29	92689	0.000312874
chr19_gl000209_random	0	158319	159169	0.99466
chr19_gl000209_random	1	850	159169	0.00534024
chr21_gl000210_random	0	27482	27682	0.992775
chr21_gl000210_random	1	200	27682	0.00722491
chrUn_gl000211	0	163166	166566	0.979588
chrUn_gl000211	1	3400	166566	0.0204123
chrUn_gl000212	0	184208	186858	0.985818
chrUn_gl000212	1	2650	186858	0.0141819
chrUn_gl000213	0	162939	164239	0.992085
chrUn_gl000213	1	1300	164239	0.00791529
chrUn_gl000214	0	131980	137718	0.958335
chrUn_gl000214	1	5596	137718	0.0406338
chrUn_gl000214	2	122	137718	0.000885868
chrUn_gl000214	3	20	137718	0.000145224
chrUn_gl000215	0	171195	172545	0.992176
chrUn_gl000215	1	1350	172545	0.00782405
chrUn_gl000216	0	154799	172294	0.898458
chrUn_gl000216	1	13613	172294	0.0790103
chrUn_gl000216	2	2492	172294	0.0144636
chrUn_gl000216	3	664	172294	0.00385388
chrUn_gl000216	4	355	172294	0.00206043
chrUn_gl000216	5	132	172294	0.000766132
chrUn_gl000216	6	136	172294	0.000789348
chrUn_gl000216	7	55	172294	0.000319222
chrUn_gl000216	8	5	172294	2.90202e-05
chrUn_gl000216	9	7	172294	4.06282e-05
chrUn_gl000216	10	19	172294	0.000110277
chrUn_gl000216	11	17	172294	9.86686e-05
chrUn_gl000217	0	169295	172149	0.983421
chrUn_gl000217	1	2808	172149	0.0163115
chrUn_gl000217	2	46	172149	0.00026721
chrUn_gl000218	0	157568	161147	0.97779
chrUn_gl000218	1	3558	161147	0.0220792
chrUn_gl000218	2	21	161147	0.000130316
chrUn_gl000219	0	173656	179198	0.969073
chrUn_gl000219	1	5534	179198	0.030882
chrUn_gl000219	2	8	179198	4.46434e-05
chrUn_gl000220	0	125914	161802	0.778198
chrUn_gl000220	1	19767	161802	0.122168
chrUn_gl000220	2	8546	161802	0.0528176
chrUn_gl000220	3	4367	161802	0.0269898
chrUn_gl000220	4	2114	161802	0.0130654
chrUn_gl000220	5	765	161802	0.004728
chrUn_gl000220	6	238	161802	0.00147093
chrUn_gl000220	7	61	161802	0.000377004
chrUn_gl000220	8	17	161802	0.000105067
chrUn_gl000220	9	12	161802	7.41647e-05
chrUn_gl000220	10	1	161802	6.18039e-06
chrUn_gl000221	0	152369	155397	0.980514
chrUn_gl000221	1	2956	155397	0.0190222
chrUn_gl000221	2	72	155397	0.000463329
chrUn_gl000222	0	184411	186861	0.986889
chrUn_gl000222	1	2450	186861	0.0131114
chrUn_gl000223	0	178905	180455	0.991411
chrUn_gl000223	1	1550	180455	0.0085894
chrUn_gl000224	0	173352	179693	0.964712
chrUn_gl000224	1	5887	179693	0.0327614
chrUn_gl000224	2	449	179693	0.00249871
chrUn_gl000224	3	5	179693	2.78252e-05
chrUn_gl000225	0	191997	211173	0.909193
chrUn_gl000225	1	16797	211173	0.0795414
chrUn_gl000225	2	1708	211173	0.00808816
chrUn_gl000225	3	365	211173	0.00172844
chrUn_gl000225	4	200	211173	0.000947091
chrUn_gl000225	5	35	211173	0.000165741
chrUn_gl000225	6	35	211173	0.000165741
chrUn_gl000225	7	4	211173	1.89418e-05
chrUn_gl000225	8	9	211173	4.26191e-05
chrUn_gl000225	9	23	211173	0.000108915
chrUn_gl000226	0	1765	15008	0.117604
chrUn_gl000226	1	2932	15008	0.195362
chrUn_gl000226	2	3226	15008	0.214952
chrUn_gl000226	3	3189	15008	0.212487
chrUn_gl000226	4	1965	15008	0.13093
chrUn_gl000226	5	1105	15008	0.0736274
chrUn_gl000226	6	458	15008	0.0305171
chrUn_gl000226	7	192	15008	0.0127932
chrUn_gl000226	8	79	15008	0.00526386
chrUn_gl000226	9	50	15008	0.00333156
chrUn_gl000226	10	34	15008	0.00226546
chrUn_gl000226	11	9	15008	0.00059968
chrUn_gl000226	12	3	15008	0.000199893
chrUn_gl000226	13	1	15008	6.66311e-05
chrUn_gl000227	0	126774	128374	0.987536
chrUn_gl000227	1	1600	128374	0.0124636
chrUn_gl000228	0	126160	129120	0.977076
chrUn_gl000228	1	2588	129120	0.0200434
chrUn_gl000228	2	288	129120	0.00223048
chrUn_gl000228	3	50	129120	0.000387237
chrUn_gl000228	4	34	129120	0.000263321
chrUn_gl000229	0	18958	19913	0.952041
chrUn_gl000229	1	910	19913	0.0456988
chrUn_gl000229	2	45	19913	0.00225983
chrUn_gl000230	0	42606	43691	0.975166
chrUn_gl000230	1	1070	43691	0.0244902
chrUn_gl000230	2	15	43691	0.00034332
chrUn_gl000231	0	26601	27386	0.971336
chrUn_gl000231	1	770	27386	0.0281166
chrUn_gl000231	2	15	27386	0.000547725
chrUn_gl000232	0	39074	40652	0.961183
chrUn_gl000232	1	1506	40652	0.0370461
chrUn_gl000232	2	72	40652	0.00177113
chrUn_gl000233	0	45391	45941	0.988028
chrUn_gl000233	1	550	45941	0.0119719
chrUn_gl000234	0	39131	40531	0.965459
chrUn_gl000234	1	1400	40531	0.0345415
chrUn_gl000235	0	33469	34474	0.970848
chrUn_gl000235	1	960	34474	0.0278471
chrUn_gl000235	2	45	34474	0.00130533
chrUn_gl000236	0	41541	41934	0.990628
chrUn_gl000236	1	386	41934	0.00920494
chrUn_gl000236	2	7	41934	0.000166929
chrUn_gl000237	0	45117	45867	0.983648
chrUn_gl000237	1	750	45867	0.0163516
chrUn_gl000238	0	39289	39939	0.983725
chrUn_gl000238	1	650	39939	0.0162748
chrUn_gl000239	0	32824	33824	0.970435
chrUn_gl000239	1	1000	33824	0.0295648
chrUn_gl000240	0	40883	41933	0.97496
chrUn_gl000240	1	1050	41933	0.0250399
chrUn_gl000241	0	39809	42152	0.944415
chrUn_gl000241	1	2286	42152	0.0542323
chrUn_gl000241	2	57	42152	0.00135225
chrUn_gl000242	0	43223	43523	0.993107
chrUn_gl000242	1	300	43523	0.00689291
chrUn_gl000243	0	42591	43341	0.982695
chrUn_gl000243	1	750	43341	0.0173046
chrUn_gl000244	0	39679	39929	0.993739
chrUn_gl000244	1	250	39929	0.00626111
chrUn_gl000245	0	35751	36651	0.975444
chrUn_gl000245	1	900	36651	0.0245559
chrUn_gl000246	0	37854	38154	0.992137
chrUn_gl000246	1	300	38154	0.00786287
chrUn_gl000247	0	35722	36422	0.980781
chrUn_gl000247	1	700	36422	0.0192192
chrUn_gl000248	0	39386	39786	0.989946
chrUn_gl000248	1	400	39786	0.0100538
chrUn_gl000249	0	38452	38502	0.998701
chrUn_gl000249	1	50	38502	0.00129863
genome	0	3097986268	3137161264	0.987513
genome	1	38688146	3137161264	0.0123322
genome	2	381373	3137161264	0.000121566
genome	3	43009	3137161264	1.37095e-05
genome	4	22970	3137161264	7.32191e-06
genome	5	12012	3137161264	3.82894e-06
genome	6	7601	3137161264	2.42289e-06
genome	7	5044	3137161264	1.60782e-06
genome	8	3286	3137161264	1.04744e-06
genome	9	2335	3137161264	7.44303e-07
genome	10	1847	3137161264	5.88749e-07
genome	11	1284	3137161264	4.09287e-07
genome	12	980	3137161264	3.12384e-07
genome	13	835	3137161264	2.66164e-07
genome	14	691	3137161264	2.20263e-07
genome	15	543	3137161264	1.73086e-07
genome	16	506	3137161264	1.61292e-07
genome	17	402	3137161264	1.28141e-07
genome	18	354	3137161264	1.12841e-07
genome	19	307	3137161264	9.78592e-08
genome	20	252	3137161264	8.03274e-08
genome	21	176	3137161264	5.61017e-08
genome	22	150	3137161264	4.78139e-08
genome	23	147	3137161264	4.68577e-08
genome	24	105	3137161264	3.34697e-08
genome	25	105	3137161264	3.34697e-08
genome	26	57	3137161264	1.81693e-08
genome	27	41	3137161264	1.30691e-08
genome	28	21	3137161264	6.69395e-09
genome	29	19	3137161264	6.05643e-09
genome	30	21	3137161264	6.69395e-09
genome	31	18	3137161264	5.73767e-09
genome	32	25	3137161264	7.96899e-09
genome	33	21	3137161264	6.69395e-09
genome	34	18	3137161264	5.73767e-09
genome	35	20	3137161264	6.37519e-09
genome	36	15	3137161264	4.78139e-09
genome	37	16	3137161264	5.10015e-09
genome	38	27	3137161264	8.60651e-09
genome	39	26	3137161264	8.28775e-09
genome	40	24	3137161264	7.65023e-09
genome	41	26	3137161264	8.28775e-09
genome	42	24	3137161264	7.65023e-09
genome	43	23	3137161264	7.33147e-09
genome	44	17	3137161264	5.41891e-09
genome	45	37	3137161264	1.17941e-08
genome	46	21	3137161264	6.69395e-09
genome	47	11	3137161264	3.50635e-09
genome	48	7	3137161264	2.23132e-09
genome	49	1	3137161264	3.1876e-10
