chrM	0	15054	16571	0.908455
chrM	1	1484	16571	0.089554
chrM	2	33	16571	0.00199143
chr1	0	245421265	249250621	0.984636
chr1	1	3791601	249250621	0.015212
chr1	2	35473	249250621	0.000142319
chr1	3	635	249250621	2.54764e-06
chr1	4	193	249250621	7.74321e-07
chr1	5	115	249250621	4.61383e-07
chr1	6	111	249250621	4.45335e-07
chr1	7	54	249250621	2.16649e-07
chr1	8	39	249250621	1.56469e-07
chr1	9	69	249250621	2.7683e-07
chr1	10	41	249250621	1.64493e-07
chr1	11	35	249250621	1.40421e-07
chr1	12	45	249250621	1.80541e-07
chr1	13	49	249250621	1.96589e-07
chr1	14	66	249250621	2.64794e-07
chr1	15	66	249250621	2.64794e-07
chr1	16	52	249250621	2.08625e-07
chr1	17	43	249250621	1.72517e-07
chr1	18	61	249250621	2.44734e-07
chr1	19	46	249250621	1.84553e-07
chr1	20	37	249250621	1.48445e-07
chr1	21	39	249250621	1.56469e-07
chr1	22	40	249250621	1.60481e-07
chr1	23	27	249250621	1.08325e-07
chr1	24	39	249250621	1.56469e-07
chr1	25	24	249250621	9.62886e-08
chr1	26	21	249250621	8.42525e-08
chr1	27	14	249250621	5.61684e-08
chr1	28	19	249250621	7.62285e-08
chr1	29	18	249250621	7.22165e-08
chr1	30	25	249250621	1.00301e-07
chr1	31	47	249250621	1.88565e-07
chr1	32	27	249250621	1.08325e-07
chr1	33	29	249250621	1.16349e-07
chr1	34	39	249250621	1.56469e-07
chr1	35	35	249250621	1.40421e-07
chr1	36	22	249250621	8.82646e-08
chr1	37	8	249250621	3.20962e-08
chr1	38	10	249250621	4.01203e-08
chr1	39	4	249250621	1.60481e-08
chr1	40	3	249250621	1.20361e-08
chr1	41	2	249250621	8.02405e-09
chr1	42	3	249250621	1.20361e-08
chr1	43	6	249250621	2.40722e-08
chr1	44	5	249250621	2.00601e-08
chr1	45	9	249250621	3.61082e-08
chr1	46	6	249250621	2.40722e-08
chr1	47	3	249250621	1.20361e-08
chr1	48	1	249250621	4.01203e-09
chr2	0	239323574	243199373	0.984063
chr2	1	3822551	243199373	0.0157178
chr2	2	41587	243199373	0.000171
chr2	3	5442	243199373	2.23767e-05
chr2	4	2984	243199373	1.22698e-05
chr2	5	1403	243199373	5.76893e-06
chr2	6	860	243199373	3.53619e-06
chr2	7	416	243199373	1.71053e-06
chr2	8	148	243199373	6.08554e-07
chr2	9	153	243199373	6.29113e-07
chr2	10	68	243199373	2.79606e-07
chr2	11	50	243199373	2.05593e-07
chr2	12	46	243199373	1.89145e-07
chr2	13	35	243199373	1.43915e-07
chr2	14	13	243199373	5.34541e-08
chr2	15	42	243199373	1.72698e-07
chr2	16	1	243199373	4.11185e-09
chr3	0	195146968	198022430	0.985479
chr3	1	2852049	198022430	0.0144027
chr3	2	23059	198022430	0.000116446
chr3	3	203	198022430	1.02514e-06
chr3	4	15	198022430	7.5749e-08
chr3	5	35	198022430	1.76748e-07
chr3	6	8	198022430	4.03995e-08
chr3	7	7	198022430	3.53495e-08
chr3	8	3	198022430	1.51498e-08
chr3	9	5	198022430	2.52497e-08
chr3	10	3	198022430	1.51498e-08
chr3	11	15	198022430	7.5749e-08
chr3	12	10	198022430	5.04993e-08
chr3	13	8	198022430	4.03995e-08
chr3	14	8	198022430	4.03995e-08
chr3	15	11	198022430	5.55493e-08
chr3	16	15	198022430	7.5749e-08
chr3	17	7	198022430	3.53495e-08
chr3	18	1	198022430	5.04993e-09
chr4	0	189236728	191154276	0.989969
chr4	1	1893099	191154276	0.00990351
chr4	2	17932	191154276	9.3809e-05
chr4	3	3380	191154276	1.76821e-05
chr4	4	1651	191154276	8.637e-06
chr4	5	748	191154276	3.91307e-06
chr4	6	407	191154276	2.12917e-06
chr4	7	183	191154276	9.57342e-07
chr4	8	44	191154276	2.30181e-07
chr4	9	22	191154276	1.1509e-07
chr4	10	26	191154276	1.36016e-07
chr4	11	52	191154276	2.72032e-07
chr4	12	4	191154276	2.09255e-08
chr5	0	178765107	180915260	0.988115
chr5	1	2136257	180915260	0.0118081
chr5	2	13353	180915260	7.3808e-05
chr5	3	343	180915260	1.89592e-06
chr5	4	76	180915260	4.20086e-07
chr5	5	57	180915260	3.15065e-07
chr5	6	50	180915260	2.76372e-07
chr5	7	17	180915260	9.39666e-08
chr6	0	167911712	171115067	0.981279
chr6	1	3169167	171115067	0.0185207
chr6	2	30149	171115067	0.000176191
chr6	3	578	171115067	3.37784e-06
chr6	4	457	171115067	2.67072e-06
chr6	5	488	171115067	2.85188e-06
chr6	6	416	171115067	2.43111e-06
chr6	7	489	171115067	2.85773e-06
chr6	8	450	171115067	2.62981e-06
chr6	9	449	171115067	2.62397e-06
chr6	10	245	171115067	1.43178e-06
chr6	11	173	171115067	1.01102e-06
chr6	12	116	171115067	6.77906e-07
chr6	13	85	171115067	4.96742e-07
chr6	14	52	171115067	3.03889e-07
chr6	15	16	171115067	9.35043e-08
chr6	16	20	171115067	1.1688e-07
chr6	17	5	171115067	2.92201e-08
chr7	0	156834601	159138663	0.985522
chr7	1	2279186	159138663	0.014322
chr7	2	19720	159138663	0.000123917
chr7	3	1406	159138663	8.83506e-06
chr7	4	687	159138663	4.31699e-06
chr7	5	414	159138663	2.60151e-06
chr7	6	470	159138663	2.9534e-06
chr7	7	259	159138663	1.62751e-06
chr7	8	304	159138663	1.91028e-06
chr7	9	293	159138663	1.84116e-06
chr7	10	196	159138663	1.23163e-06
chr7	11	154	159138663	9.6771e-07
chr7	12	129	159138663	8.10614e-07
chr7	13	168	159138663	1.05568e-06
chr7	14	108	159138663	6.78653e-07
chr7	15	111	159138663	6.97505e-07
chr7	16	82	159138663	5.15274e-07
chr7	17	89	159138663	5.59261e-07
chr7	18	79	159138663	4.96422e-07
chr7	19	52	159138663	3.26759e-07
chr7	20	58	159138663	3.64462e-07
chr7	21	28	159138663	1.75947e-07
chr7	22	16	159138663	1.00541e-07
chr7	23	16	159138663	1.00541e-07
chr7	24	14	159138663	8.79736e-08
chr7	25	16	159138663	1.00541e-07
chr7	26	5	159138663	3.14191e-08
chr7	27	2	159138663	1.25677e-08
chr8	0	145083171	146364022	0.991249
chr8	1	1265396	146364022	0.00864554
chr8	2	11393	146364022	7.78402e-05
chr8	3	2212	146364022	1.5113e-05
chr8	4	844	146364022	5.76644e-06
chr8	5	474	146364022	3.2385e-06
chr8	6	216	146364022	1.47577e-06
chr8	7	149	146364022	1.01801e-06
chr8	8	84	146364022	5.73912e-07
chr8	9	55	146364022	3.75775e-07
chr8	10	28	146364022	1.91304e-07
chr9	0	139567230	141213431	0.988343
chr9	1	1629869	141213431	0.0115419
chr9	2	14982	141213431	0.000106095
chr9	3	769	141213431	5.44566e-06
chr9	4	310	141213431	2.19526e-06
chr9	5	103	141213431	7.29392e-07
chr9	6	46	141213431	3.25748e-07
chr9	7	38	141213431	2.69096e-07
chr9	8	15	141213431	1.06222e-07
chr9	9	26	141213431	1.84118e-07
chr9	10	21	141213431	1.48711e-07
chr9	11	15	141213431	1.06222e-07
chr9	12	7	141213431	4.95704e-08
chr10	0	133868809	135534747	0.987708
chr10	1	1626616	135534747	0.0120015
chr10	2	21056	135534747	0.000155355
chr10	3	5245	135534747	3.86986e-05
chr10	4	3152	135534747	2.3256e-05
chr10	5	2015	135534747	1.4867e-05
chr10	6	1763	135534747	1.30077e-05
chr10	7	1404	135534747	1.0359e-05
chr10	8	927	135534747	6.83957e-06
chr10	9	879	135534747	6.48542e-06
chr10	10	704	135534747	5.19424e-06
chr10	11	555	135534747	4.09489e-06
chr10	12	487	135534747	3.59317e-06
chr10	13	382	135534747	2.81847e-06
chr10	14	185	135534747	1.36496e-06
chr10	15	143	135534747	1.05508e-06
chr10	16	139	135534747	1.02557e-06
chr10	17	75	135534747	5.53364e-07
chr10	18	60	135534747	4.42691e-07
chr10	19	41	135534747	3.02505e-07
chr10	20	34	135534747	2.50858e-07
chr10	21	23	135534747	1.69698e-07
chr10	22	16	135534747	1.18051e-07
chr10	23	12	135534747	8.85382e-08
chr10	24	6	135534747	4.42691e-08
chr10	25	8	135534747	5.90255e-08
chr10	26	9	135534747	6.64036e-08
chr10	27	2	135534747	1.47564e-08
chr11	0	133148733	135006516	0.986239
chr11	1	1839051	135006516	0.0136219
chr11	2	16153	135006516	0.000119646
chr11	3	1048	135006516	7.76259e-06
chr11	4	666	135006516	4.9331e-06
chr11	5	376	135006516	2.78505e-06
chr11	6	175	135006516	1.29623e-06
chr11	7	89	135006516	6.59227e-07
chr11	8	62	135006516	4.59237e-07
chr11	9	60	135006516	4.44423e-07
chr11	10	89	135006516	6.59227e-07
chr11	11	12	135006516	8.88846e-08
chr11	12	2	135006516	1.48141e-08
chr12	0	131882728	133851895	0.985288
chr12	1	1946627	133851895	0.0145431
chr12	2	21681	133851895	0.000161978
chr12	3	468	133851895	3.4964e-06
chr12	4	236	133851895	1.76314e-06
chr12	5	86	133851895	6.42501e-07
chr12	6	20	133851895	1.49419e-07
chr12	7	29	133851895	2.16657e-07
chr12	8	20	133851895	1.49419e-07
chr13	0	114167776	115169878	0.991299
chr13	1	997404	115169878	0.00866028
chr13	2	4698	115169878	4.07919e-05
chr14	0	106469680	107349540	0.991804
chr14	1	874860	107349540	0.00814964
chr14	2	4781	107349540	4.45368e-05
chr14	3	148	107349540	1.37867e-06
chr14	4	71	107349540	6.61391e-07
chr15	0	101417426	102531392	0.989135
chr15	1	1106848	102531392	0.0107952
chr15	2	7002	102531392	6.82913e-05
chr15	3	116	102531392	1.13136e-06
chr16	0	89337746	90354753	0.988744
chr16	1	987455	90354753	0.0109286
chr16	2	17454	90354753	0.000193172
chr16	3	5493	90354753	6.07937e-05
chr16	4	3316	90354753	3.66998e-05
chr16	5	2005	90354753	2.21903e-05
chr16	6	782	90354753	8.65477e-06
chr16	7	284	90354753	3.14317e-06
chr16	8	89	90354753	9.85006e-07
chr16	9	81	90354753	8.96466e-07
chr16	10	10	90354753	1.10675e-07
chr16	11	19	90354753	2.10282e-07
chr16	12	8	90354753	8.85399e-08
chr16	13	11	90354753	1.21742e-07
chr17	0	80393748	81195210	0.990129
chr17	1	795364	81195210	0.0097957
chr17	2	5539	81195210	6.82183e-05
chr17	3	358	81195210	4.40913e-06
chr17	4	144	81195210	1.7735e-06
chr17	5	15	81195210	1.8474e-07
chr17	6	11	81195210	1.35476e-07
chr17	7	31	81195210	3.81796e-07
chr18	0	76381195	78077248	0.978277
chr18	1	1673090	78077248	0.0214287
chr18	2	20697	78077248	0.000265084
chr18	3	926	78077248	1.186e-05
chr18	4	303	78077248	3.88077e-06
chr18	5	244	78077248	3.12511e-06
chr18	6	234	78077248	2.99703e-06
chr18	7	114	78077248	1.46009e-06
chr18	8	110	78077248	1.40886e-06
chr18	9	76	78077248	9.73395e-07
chr18	10	64	78077248	8.19701e-07
chr18	11	65	78077248	8.32509e-07
chr18	12	11	78077248	1.40886e-07
chr18	13	16	78077248	2.04925e-07
chr18	14	39	78077248	4.99505e-07
chr18	15	14	78077248	1.7931e-07
chr18	16	14	78077248	1.7931e-07
chr18	17	14	78077248	1.7931e-07
chr18	18	5	78077248	6.40391e-08
chr18	19	4	78077248	5.12313e-08
chr18	20	12	78077248	1.53694e-07
chr18	21	1	78077248	1.28078e-08
chr19	0	58559700	59128983	0.990372
chr19	1	561395	59128983	0.00949441
chr19	2	4442	59128983	7.51239e-05
chr19	3	668	59128983	1.12973e-05
chr19	4	390	59128983	6.59575e-06
chr19	5	276	59128983	4.66776e-06
chr19	6	377	59128983	6.37589e-06
chr19	7	325	59128983	5.49646e-06
chr19	8	291	59128983	4.92144e-06
chr19	9	165	59128983	2.79051e-06
chr19	10	202	59128983	3.41626e-06
chr19	11	103	59128983	1.74195e-06
chr19	12	105	59128983	1.77578e-06
chr19	13	76	59128983	1.28533e-06
chr19	14	57	59128983	9.63994e-07
chr19	15	48	59128983	8.11785e-07
chr19	16	40	59128983	6.76487e-07
chr19	17	57	59128983	9.63994e-07
chr19	18	56	59128983	9.47082e-07
chr19	19	53	59128983	8.96346e-07
chr19	20	64	59128983	1.08238e-06
chr19	21	48	59128983	8.11785e-07
chr19	22	11	59128983	1.86034e-07
chr19	23	12	59128983	2.02946e-07
chr19	24	5	59128983	8.45609e-08
chr19	25	3	59128983	5.07365e-08
chr19	26	4	59128983	6.76487e-08
chr19	27	3	59128983	5.07365e-08
chr19	28	5	59128983	8.45609e-08
chr19	29	2	59128983	3.38244e-08
chr20	0	62074571	63025520	0.984912
chr20	1	941954	63025520	0.0149456
chr20	2	8396	63025520	0.000133216
chr20	3	291	63025520	4.61718e-06
chr20	4	195	63025520	3.09398e-06
chr20	5	48	63025520	7.61596e-07
chr20	6	23	63025520	3.64932e-07
chr20	7	13	63025520	2.06266e-07
chr20	8	29	63025520	4.60131e-07
chr21	0	47760643	48129895	0.992328
chr21	1	364757	48129895	0.0075786
chr21	2	3703	48129895	7.69376e-05
chr21	3	427	48129895	8.87182e-06
chr21	4	168	48129895	3.49055e-06
chr21	5	61	48129895	1.2674e-06
chr21	6	42	48129895	8.72639e-07
chr21	7	39	48129895	8.10307e-07
chr21	8	41	48129895	8.51861e-07
chr21	9	14	48129895	2.90879e-07
chr22	0	51016620	51304566	0.994388
chr22	1	286401	51304566	0.00558237
chr22	2	1486	51304566	2.89643e-05
chr22	3	59	51304566	1.15e-06
chrX	0	153769365	155270560	0.990332
chrX	1	1489455	155270560	0.00959264
chrX	2	10776	155270560	6.94014e-05
chrX	3	548	155270560	3.52932e-06
chrX	4	214	155270560	1.37824e-06
chrX	5	81	155270560	5.2167e-07
chrX	6	35	155270560	2.25413e-07
chrX	7	16	155270560	1.03046e-07
chrX	8	23	155270560	1.48129e-07
chrX	9	40	155270560	2.57615e-07
chrX	10	5	155270560	3.22019e-08
chrX	11	2	155270560	1.28807e-08
chrY	0	59284157	59373566	0.998494
chrY	1	82262	59373566	0.0013855
chrY	2	4585	59373566	7.72229e-05
chrY	3	1620	59373566	2.72849e-05
chrY	4	436	59373566	7.34333e-06
chrY	5	291	59373566	4.90117e-06
chrY	6	135	59373566	2.27374e-06
chrY	7	41	59373566	6.90543e-07
chrY	8	39	59373566	6.56858e-07
chr1_gl000191_random	0	105633	106433	0.992484
chr1_gl000191_random	1	800	106433	0.00751647
chr1_gl000192_random	0	538869	547496	0.984243
chr1_gl000192_random	1	8604	547496	0.0157152
chr1_gl000192_random	2	23	547496	4.20094e-05
chr4_ctg9_hap1	0	586715	590426	0.993715
chr4_ctg9_hap1	1	3622	590426	0.00613455
chr4_ctg9_hap1	2	89	590426	0.000150739
chr4_gl000193_random	0	186103	189789	0.980578
chr4_gl000193_random	1	3622	189789	0.0190844
chr4_gl000193_random	2	64	189789	0.000337217
chr4_gl000194_random	0	189452	191469	0.989466
chr4_gl000194_random	1	1984	191469	0.010362
chr4_gl000194_random	2	33	191469	0.000172352
chr6_apd_hap1	0	4614152	4622290	0.998239
chr6_apd_hap1	1	8076	4622290	0.00174719
chr6_apd_hap1	2	62	4622290	1.34133e-05
chr6_cox_hap2	0	4775573	4795371	0.995871
chr6_cox_hap2	1	19746	4795371	0.00411772
chr6_cox_hap2	2	52	4795371	1.08438e-05
chr6_dbb_hap3	0	4594446	4610396	0.99654
chr6_dbb_hap3	1	15950	4610396	0.00345957
chr6_mann_hap4	0	4669542	4683263	0.99707
chr6_mann_hap4	1	13642	4683263	0.00291293
chr6_mann_hap4	2	79	4683263	1.68686e-05
chr6_mcf_hap5	0	4819383	4833398	0.9971
chr6_mcf_hap5	1	13980	4833398	0.00289237
chr6_mcf_hap5	2	35	4833398	7.24128e-06
chr6_qbl_hap6	0	4595559	4611984	0.996439
chr6_qbl_hap6	1	16400	4611984	0.00355595
chr6_qbl_hap6	2	25	4611984	5.42066e-06
chr6_ssto_hap7	0	4912385	4928567	0.996717
chr6_ssto_hap7	1	16164	4928567	0.00327966
chr6_ssto_hap7	2	18	4928567	3.65218e-06
chr7_gl000195_random	0	178146	182896	0.974029
chr7_gl000195_random	1	4750	182896	0.025971
chr8_gl000196_random	0	38414	38914	0.987151
chr8_gl000196_random	1	500	38914	0.0128488
chr8_gl000197_random	0	37125	37175	0.998655
chr8_gl000197_random	1	50	37175	0.00134499
chr9_gl000198_random	0	86221	90085	0.957107
chr9_gl000198_random	1	3778	90085	0.0419382
chr9_gl000198_random	2	86	90085	0.000954654
chr9_gl000199_random	0	123083	169874	0.724555
chr9_gl000199_random	1	34274	169874	0.201761
chr9_gl000199_random	2	8536	169874	0.050249
chr9_gl000199_random	3	2699	169874	0.0158882
chr9_gl000199_random	4	785	169874	0.00462107
chr9_gl000199_random	5	152	169874	0.000894781
chr9_gl000199_random	6	157	169874	0.000924214
chr9_gl000199_random	7	48	169874	0.000282562
chr9_gl000199_random	8	8	169874	4.70937e-05
chr9_gl000199_random	9	12	169874	7.06406e-05
chr9_gl000199_random	10	23	169874	0.000135394
chr9_gl000199_random	11	14	169874	8.2414e-05
chr9_gl000199_random	12	35	169874	0.000206035
chr9_gl000199_random	13	19	169874	0.000111848
chr9_gl000199_random	14	29	169874	0.000170715
chr9_gl000200_random	0	185485	187035	0.991713
chr9_gl000200_random	1	1550	187035	0.00828722
chr9_gl000201_random	0	35951	36148	0.99455
chr9_gl000201_random	1	197	36148	0.00544982
chr11_gl000202_random	0	39853	40103	0.993766
chr11_gl000202_random	1	250	40103	0.00623395
chr17_ctg5_hap1	0	1674728	1680828	0.996371
chr17_ctg5_hap1	1	6100	1680828	0.00362916
chr17_gl000203_random	0	37198	37498	0.992
chr17_gl000203_random	1	300	37498	0.00800043
chr17_gl000204_random	0	80260	81310	0.987086
chr17_gl000204_random	1	1050	81310	0.0129135
chr17_gl000205_random	0	170089	174588	0.974231
chr17_gl000205_random	1	4448	174588	0.0254771
chr17_gl000205_random	2	51	174588	0.000292116
chr17_gl000206_random	0	40551	41001	0.989025
chr17_gl000206_random	1	450	41001	0.0109753
chr18_gl000207_random	0	4012	4262	0.941342
chr18_gl000207_random	1	250	4262	0.0586579
chr19_gl000208_random	0	85800	92689	0.925676
chr19_gl000208_random	1	6262	92689	0.0675593
chr19_gl000208_random	2	508	92689	0.00548069
chr19_gl000208_random	3	84	92689	0.000906256
chr19_gl000208_random	4	17	92689	0.000183409
chr19_gl000208_random	5	9	92689	9.70989e-05
chr19_gl000208_random	6	9	92689	9.70989e-05
chr19_gl000209_random	0	158669	159169	0.996859
chr19_gl000209_random	1	500	159169	0.00314132
chr21_gl000210_random	0	27532	27682	0.994581
chr21_gl000210_random	1	150	27682	0.00541868
chrUn_gl000211	0	164016	166566	0.984691
chrUn_gl000211	1	2550	166566	0.0153092
chrUn_gl000212	0	183300	186858	0.980959
chrUn_gl000212	1	3466	186858	0.0185488
chrUn_gl000212	2	92	186858	0.000492352
chrUn_gl000213	0	163289	164239	0.994216
chrUn_gl000213	1	950	164239	0.00578425
chrUn_gl000214	0	132554	137718	0.962503
chrUn_gl000214	1	5028	137718	0.0365094
chrUn_gl000214	2	136	137718	0.000987525
chrUn_gl000215	0	171745	172545	0.995364
chrUn_gl000215	1	800	172545	0.00463647
chrUn_gl000216	0	153853	172294	0.892968
chrUn_gl000216	1	14292	172294	0.0829512
chrUn_gl000216	2	2711	172294	0.0157347
chrUn_gl000216	3	792	172294	0.00459679
chrUn_gl000216	4	333	172294	0.00193274
chrUn_gl000216	5	158	172294	0.000917037
chrUn_gl000216	6	64	172294	0.000371458
chrUn_gl000216	7	47	172294	0.00027279
chrUn_gl000216	8	6	172294	3.48242e-05
chrUn_gl000216	9	13	172294	7.54524e-05
chrUn_gl000216	10	15	172294	8.70605e-05
chrUn_gl000216	11	10	172294	5.80403e-05
chrUn_gl000217	0	168499	172149	0.978797
chrUn_gl000217	1	3650	172149	0.0212026
chrUn_gl000218	0	158797	161147	0.985417
chrUn_gl000218	1	2350	161147	0.014583
chrUn_gl000219	0	174424	179198	0.973359
chrUn_gl000219	1	4724	179198	0.0263619
chrUn_gl000219	2	24	179198	0.00013393
chrUn_gl000219	3	26	179198	0.000145091
chrUn_gl000220	0	125538	161802	0.775874
chrUn_gl000220	1	20945	161802	0.129448
chrUn_gl000220	2	8764	161802	0.054165
chrUn_gl000220	3	4210	161802	0.0260195
chrUn_gl000220	4	1752	161802	0.010828
chrUn_gl000220	5	462	161802	0.00285534
chrUn_gl000220	6	96	161802	0.000593318
chrUn_gl000220	7	27	161802	0.000166871
chrUn_gl000220	8	8	161802	4.94431e-05
chrUn_gl000221	0	152947	155397	0.984234
chrUn_gl000221	1	2450	155397	0.0157661
chrUn_gl000222	0	183793	186861	0.983581
chrUn_gl000222	1	2986	186861	0.0159798
chrUn_gl000222	2	82	186861	0.000438829
chrUn_gl000223	0	178905	180455	0.991411
chrUn_gl000223	1	1550	180455	0.0085894
chrUn_gl000224	0	173241	179693	0.964094
chrUn_gl000224	1	6304	179693	0.0350821
chrUn_gl000224	2	148	179693	0.000823627
chrUn_gl000225	0	190933	211173	0.904154
chrUn_gl000225	1	17118	211173	0.0810615
chrUn_gl000225	2	2402	211173	0.0113746
chrUn_gl000225	3	511	211173	0.00241982
chrUn_gl000225	4	56	211173	0.000265185
chrUn_gl000225	5	37	211173	0.000175212
chrUn_gl000225	6	12	211173	5.68254e-05
chrUn_gl000225	7	22	211173	0.00010418
chrUn_gl000225	8	17	211173	8.05027e-05
chrUn_gl000225	9	2	211173	9.47091e-06
chrUn_gl000225	10	3	211173	1.42064e-05
chrUn_gl000225	11	7	211173	3.31482e-05
chrUn_gl000225	12	6	211173	2.84127e-05
chrUn_gl000225	13	7	211173	3.31482e-05
chrUn_gl000225	14	3	211173	1.42064e-05
chrUn_gl000225	15	2	211173	9.47091e-06
chrUn_gl000225	16	8	211173	3.78836e-05
chrUn_gl000225	17	3	211173	1.42064e-05
chrUn_gl000225	18	3	211173	1.42064e-05
chrUn_gl000225	19	6	211173	2.84127e-05
chrUn_gl000225	20	3	211173	1.42064e-05
chrUn_gl000225	21	7	211173	3.31482e-05
chrUn_gl000225	22	5	211173	2.36773e-05
chrUn_gl000226	0	1468	15008	0.0978145
chrUn_gl000226	1	2872	15008	0.191365
chrUn_gl000226	2	3362	15008	0.224014
chrUn_gl000226	3	2712	15008	0.180704
chrUn_gl000226	4	2106	15008	0.140325
chrUn_gl000226	5	1271	15008	0.0846882
chrUn_gl000226	6	631	15008	0.0420442
chrUn_gl000226	7	300	15008	0.0199893
chrUn_gl000226	8	162	15008	0.0107942
chrUn_gl000226	9	85	15008	0.00566365
chrUn_gl000226	10	39	15008	0.00259861
chrUn_gl000227	0	126774	128374	0.987536
chrUn_gl000227	1	1600	128374	0.0124636
chrUn_gl000228	0	126531	129120	0.979949
chrUn_gl000228	1	2309	129120	0.0178826
chrUn_gl000228	2	117	129120	0.000906134
chrUn_gl000228	3	95	129120	0.00073575
chrUn_gl000228	4	68	129120	0.000526642
chrUn_gl000229	0	19292	19913	0.968814
chrUn_gl000229	1	592	19913	0.0297293
chrUn_gl000229	2	29	19913	0.00145634
chrUn_gl000230	0	43091	43691	0.986267
chrUn_gl000230	1	600	43691	0.0137328
chrUn_gl000231	0	26786	27386	0.978091
chrUn_gl000231	1	600	27386	0.021909
chrUn_gl000232	0	38552	40652	0.948342
chrUn_gl000232	1	2100	40652	0.051658
chrUn_gl000233	0	45091	45941	0.981498
chrUn_gl000233	1	850	45941	0.018502
chrUn_gl000234	0	38680	40531	0.954331
chrUn_gl000234	1	1802	40531	0.0444598
chrUn_gl000234	2	49	40531	0.00120895
chrUn_gl000235	0	33294	34474	0.965771
chrUn_gl000235	1	1101	34474	0.0319371
chrUn_gl000235	2	49	34474	0.00142136
chrUn_gl000235	3	30	34474	0.000870221
chrUn_gl000236	0	41326	41934	0.985501
chrUn_gl000236	1	566	41934	0.0134974
chrUn_gl000236	2	42	41934	0.00100157
chrUn_gl000237	0	44851	45867	0.977849
chrUn_gl000237	1	988	45867	0.0215405
chrUn_gl000237	2	28	45867	0.000610461
chrUn_gl000238	0	39447	39939	0.987681
chrUn_gl000238	1	484	39939	0.0121185
chrUn_gl000238	2	8	39939	0.000200305
chrUn_gl000239	0	33124	33824	0.979305
chrUn_gl000239	1	700	33824	0.0206954
chrUn_gl000240	0	41483	41933	0.989269
chrUn_gl000240	1	450	41933	0.0107314
chrUn_gl000241	0	39859	42152	0.945602
chrUn_gl000241	1	2236	42152	0.0530461
chrUn_gl000241	2	57	42152	0.00135225
chrUn_gl000242	0	43323	43523	0.995405
chrUn_gl000242	1	200	43523	0.00459527
chrUn_gl000243	0	42392	43341	0.978104
chrUn_gl000243	1	948	43341	0.0218731
chrUn_gl000243	2	1	43341	2.30728e-05
chrUn_gl000244	0	39329	39929	0.984973
chrUn_gl000244	1	600	39929	0.0150267
chrUn_gl000245	0	36061	36651	0.983902
chrUn_gl000245	1	580	36651	0.0158249
chrUn_gl000245	2	10	36651	0.000272844
chrUn_gl000246	0	37704	38154	0.988206
chrUn_gl000246	1	450	38154	0.0117943
chrUn_gl000247	0	35722	36422	0.980781
chrUn_gl000247	1	700	36422	0.0192192
chrUn_gl000248	0	39586	39786	0.994973
chrUn_gl000248	1	200	39786	0.00502689
chrUn_gl000249	0	38302	38502	0.994805
chrUn_gl000249	1	200	38502	0.00519454
genome	0	3097957138	3137161264	0.987503
genome	1	38714538	3137161264	0.0123406
genome	2	387902	3137161264	0.000123647
genome	3	43542	3137161264	1.38794e-05
genome	4	21625	3137161264	6.89317e-06
genome	5	11424	3137161264	3.64151e-06
genome	6	7150	3137161264	2.27913e-06
genome	7	4441	3137161264	1.41561e-06
genome	8	2919	3137161264	9.30459e-07
genome	9	2499	3137161264	7.9658e-07
genome	10	1782	3137161264	5.68029e-07
genome	11	1281	3137161264	4.08331e-07
genome	12	1011	3137161264	3.22266e-07
genome	13	856	3137161264	2.72858e-07
genome	14	560	3137161264	1.78505e-07
genome	15	453	3137161264	1.44398e-07
genome	16	371	3137161264	1.1826e-07
genome	17	293	3137161264	9.33965e-08
genome	18	265	3137161264	8.44713e-08
genome	19	202	3137161264	6.43894e-08
genome	20	208	3137161264	6.6302e-08
genome	21	146	3137161264	4.65389e-08
genome	22	88	3137161264	2.80508e-08
genome	23	67	3137161264	2.13569e-08
genome	24	64	3137161264	2.04006e-08
genome	25	51	3137161264	1.62567e-08
genome	26	39	3137161264	1.24316e-08
genome	27	21	3137161264	6.69395e-09
genome	28	24	3137161264	7.65023e-09
genome	29	20	3137161264	6.37519e-09
genome	30	25	3137161264	7.96899e-09
genome	31	47	3137161264	1.49817e-08
genome	32	27	3137161264	8.60651e-09
genome	33	29	3137161264	9.24403e-09
genome	34	39	3137161264	1.24316e-08
genome	35	35	3137161264	1.11566e-08
genome	36	22	3137161264	7.01271e-09
genome	37	8	3137161264	2.55008e-09
genome	38	10	3137161264	3.1876e-09
genome	39	4	3137161264	1.27504e-09
genome	40	3	3137161264	9.56279e-10
genome	41	2	3137161264	6.37519e-10
genome	42	3	3137161264	9.56279e-10
genome	43	6	3137161264	1.91256e-09
genome	44	5	3137161264	1.5938e-09
genome	45	9	3137161264	2.86884e-09
genome	46	6	3137161264	1.91256e-09
genome	47	3	3137161264	9.56279e-10
genome	48	1	3137161264	3.1876e-10
