chrM	0	13529	16571	0.816426
chrM	1	2840	16571	0.171384
chrM	2	201	16571	0.0121296
chrM	3	1	16571	6.03464e-05
chr1	0	245445201	249250621	0.984733
chr1	1	3767880	249250621	0.0151168
chr1	2	35126	249250621	0.000140926
chr1	3	900	249250621	3.61082e-06
chr1	4	183	249250621	7.34201e-07
chr1	5	77	249250621	3.08926e-07
chr1	6	58	249250621	2.32698e-07
chr1	7	78	249250621	3.12938e-07
chr1	8	36	249250621	1.44433e-07
chr1	9	26	249250621	1.04313e-07
chr1	10	25	249250621	1.00301e-07
chr1	11	23	249250621	9.22766e-08
chr1	12	29	249250621	1.16349e-07
chr1	13	27	249250621	1.08325e-07
chr1	14	50	249250621	2.00601e-07
chr1	15	66	249250621	2.64794e-07
chr1	16	52	249250621	2.08625e-07
chr1	17	49	249250621	1.96589e-07
chr1	18	55	249250621	2.20661e-07
chr1	19	55	249250621	2.20661e-07
chr1	20	68	249250621	2.72818e-07
chr1	21	51	249250621	2.04613e-07
chr1	22	53	249250621	2.12637e-07
chr1	23	37	249250621	1.48445e-07
chr1	24	29	249250621	1.16349e-07
chr1	25	34	249250621	1.36409e-07
chr1	26	27	249250621	1.08325e-07
chr1	27	22	249250621	8.82646e-08
chr1	28	12	249250621	4.81443e-08
chr1	29	19	249250621	7.62285e-08
chr1	30	19	249250621	7.62285e-08
chr1	31	21	249250621	8.42525e-08
chr1	32	36	249250621	1.44433e-07
chr1	33	33	249250621	1.32397e-07
chr1	34	21	249250621	8.42525e-08
chr1	35	29	249250621	1.16349e-07
chr1	36	32	249250621	1.28385e-07
chr1	37	24	249250621	9.62886e-08
chr1	38	13	249250621	5.21563e-08
chr1	39	10	249250621	4.01203e-08
chr1	40	9	249250621	3.61082e-08
chr1	41	8	249250621	3.20962e-08
chr1	42	11	249250621	4.41323e-08
chr1	43	7	249250621	2.80842e-08
chr2	0	239503317	243199373	0.984802
chr2	1	3646995	243199373	0.0149959
chr2	2	37567	243199373	0.00015447
chr2	3	5266	243199373	2.1653e-05
chr2	4	2422	243199373	9.95891e-06
chr2	5	1868	243199373	7.68094e-06
chr2	6	937	243199373	3.85281e-06
chr2	7	519	243199373	2.13405e-06
chr2	8	222	243199373	9.12831e-07
chr2	9	132	243199373	5.42765e-07
chr2	10	35	243199373	1.43915e-07
chr2	11	28	243199373	1.15132e-07
chr2	12	15	243199373	6.16778e-08
chr2	13	5	243199373	2.05593e-08
chr2	14	14	243199373	5.75659e-08
chr2	15	19	243199373	7.81252e-08
chr2	16	12	243199373	4.93422e-08
chr3	0	194973400	198022430	0.984603
chr3	1	3023095	198022430	0.0152664
chr3	2	25365	198022430	0.000128092
chr3	3	312	198022430	1.57558e-06
chr3	4	116	198022430	5.85792e-07
chr3	5	35	198022430	1.76748e-07
chr3	6	1	198022430	5.04993e-09
chr3	7	3	198022430	1.51498e-08
chr3	8	13	198022430	6.56491e-08
chr3	9	6	198022430	3.02996e-08
chr3	10	11	198022430	5.55493e-08
chr3	11	2	198022430	1.00999e-08
chr3	12	14	198022430	7.06991e-08
chr3	13	20	198022430	1.00999e-07
chr3	14	19	198022430	9.59487e-08
chr3	15	4	198022430	2.01997e-08
chr3	16	9	198022430	4.54494e-08
chr3	17	5	198022430	2.52497e-08
chr4	0	189364920	191154276	0.990639
chr4	1	1766059	191154276	0.00923892
chr4	2	16132	191154276	8.43926e-05
chr4	3	3967	191154276	2.07529e-05
chr4	4	1765	191154276	9.23338e-06
chr4	5	633	191154276	3.31146e-06
chr4	6	317	191154276	1.65835e-06
chr4	7	229	191154276	1.19799e-06
chr4	8	70	191154276	3.66196e-07
chr4	9	69	191154276	3.60965e-07
chr4	10	40	191154276	2.09255e-07
chr4	11	12	191154276	6.27765e-08
chr4	12	2	191154276	1.04628e-08
chr4	13	7	191154276	3.66196e-08
chr4	14	3	191154276	1.56941e-08
chr4	15	2	191154276	1.04628e-08
chr4	16	3	191154276	1.56941e-08
chr4	17	7	191154276	3.66196e-08
chr4	18	3	191154276	1.56941e-08
chr4	19	3	191154276	1.56941e-08
chr4	20	4	191154276	2.09255e-08
chr4	21	2	191154276	1.04628e-08
chr4	22	2	191154276	1.04628e-08
chr4	23	6	191154276	3.13883e-08
chr4	24	11	191154276	5.75451e-08
chr4	25	8	191154276	4.1851e-08
chr5	0	178758380	180915260	0.988078
chr5	1	2141766	180915260	0.0118385
chr5	2	14501	180915260	8.01535e-05
chr5	3	443	180915260	2.44866e-06
chr5	4	94	180915260	5.1958e-07
chr5	5	32	180915260	1.76878e-07
chr5	6	1	180915260	5.52745e-09
chr5	7	7	180915260	3.86921e-08
chr5	8	12	180915260	6.63294e-08
chr5	9	24	180915260	1.32659e-07
chr6	0	167911575	171115067	0.981279
chr6	1	3166902	171115067	0.0185074
chr6	2	32294	171115067	0.000188727
chr6	3	695	171115067	4.06159e-06
chr6	4	541	171115067	3.16162e-06
chr6	5	489	171115067	2.85773e-06
chr6	6	456	171115067	2.66487e-06
chr6	7	396	171115067	2.31423e-06
chr6	8	372	171115067	2.17398e-06
chr6	9	331	171115067	1.93437e-06
chr6	10	255	171115067	1.49023e-06
chr6	11	306	171115067	1.78827e-06
chr6	12	208	171115067	1.21556e-06
chr6	13	100	171115067	5.84402e-07
chr6	14	55	171115067	3.21421e-07
chr6	15	42	171115067	2.45449e-07
chr6	16	24	171115067	1.40256e-07
chr6	17	15	171115067	8.76603e-08
chr6	18	7	171115067	4.09081e-08
chr6	19	4	171115067	2.33761e-08
chr7	0	156705865	159138663	0.984713
chr7	1	2405085	159138663	0.0151131
chr7	2	21954	159138663	0.000137955
chr7	3	1548	159138663	9.72737e-06
chr7	4	769	159138663	4.83226e-06
chr7	5	583	159138663	3.66347e-06
chr7	6	664	159138663	4.17246e-06
chr7	7	329	159138663	2.06738e-06
chr7	8	341	159138663	2.14279e-06
chr7	9	212	159138663	1.33217e-06
chr7	10	175	159138663	1.09967e-06
chr7	11	180	159138663	1.13109e-06
chr7	12	152	159138663	9.55142e-07
chr7	13	160	159138663	1.00541e-06
chr7	14	112	159138663	7.03789e-07
chr7	15	82	159138663	5.15274e-07
chr7	16	83	159138663	5.21558e-07
chr7	17	58	159138663	3.64462e-07
chr7	18	58	159138663	3.64462e-07
chr7	19	51	159138663	3.20475e-07
chr7	20	27	159138663	1.69663e-07
chr7	21	35	159138663	2.19934e-07
chr7	22	34	159138663	2.1365e-07
chr7	23	34	159138663	2.1365e-07
chr7	24	39	159138663	2.45069e-07
chr7	25	14	159138663	8.79736e-08
chr7	26	14	159138663	8.79736e-08
chr7	27	5	159138663	3.14191e-08
chr8	0	145112430	146364022	0.991449
chr8	1	1231965	146364022	0.00841713
chr8	2	13343	146364022	9.11631e-05
chr8	3	3519	146364022	2.40428e-05
chr8	4	1485	146364022	1.01459e-05
chr8	5	658	146364022	4.49564e-06
chr8	6	362	146364022	2.47329e-06
chr8	7	201	146364022	1.37329e-06
chr8	8	31	146364022	2.11801e-07
chr8	9	4	146364022	2.73291e-08
chr8	10	15	146364022	1.02484e-07
chr8	11	9	146364022	6.14905e-08
chr9	0	139522820	141213431	0.988028
chr9	1	1675886	141213431	0.0118678
chr9	2	13417	141213431	9.50122e-05
chr9	3	731	141213431	5.17656e-06
chr9	4	227	141213431	1.6075e-06
chr9	5	181	141213431	1.28175e-06
chr9	6	100	141213431	7.08148e-07
chr9	7	20	141213431	1.4163e-07
chr9	8	14	141213431	9.91407e-08
chr9	9	29	141213431	2.05363e-07
chr9	10	5	141213431	3.54074e-08
chr9	11	1	141213431	7.08148e-09
chr10	0	133847971	135534747	0.987555
chr10	1	1648212	135534747	0.0121608
chr10	2	20623	135534747	0.00015216
chr10	3	4744	135534747	3.50021e-05
chr10	4	2962	135534747	2.18542e-05
chr10	5	2119	135534747	1.56344e-05
chr10	6	1564	135534747	1.15395e-05
chr10	7	1205	135534747	8.89071e-06
chr10	8	1099	135534747	8.10862e-06
chr10	9	849	135534747	6.26408e-06
chr10	10	749	135534747	5.52626e-06
chr10	11	582	135534747	4.2941e-06
chr10	12	351	135534747	2.58974e-06
chr10	13	378	135534747	2.78895e-06
chr10	14	343	135534747	2.53072e-06
chr10	15	221	135534747	1.63058e-06
chr10	16	176	135534747	1.29856e-06
chr10	17	102	135534747	7.52575e-07
chr10	18	113	135534747	8.33735e-07
chr10	19	73	135534747	5.38607e-07
chr10	20	90	135534747	6.64036e-07
chr10	21	61	135534747	4.50069e-07
chr10	22	39	135534747	2.87749e-07
chr10	23	34	135534747	2.50858e-07
chr10	24	26	135534747	1.91833e-07
chr10	25	39	135534747	2.87749e-07
chr10	26	11	135534747	8.116e-08
chr10	27	7	135534747	5.16473e-08
chr10	28	2	135534747	1.47564e-08
chr10	29	2	135534747	1.47564e-08
chr11	0	133177700	135006516	0.986454
chr11	1	1811548	135006516	0.0134182
chr11	2	14972	135006516	0.000110898
chr11	3	981	135006516	7.26632e-06
chr11	4	536	135006516	3.97018e-06
chr11	5	209	135006516	1.54807e-06
chr11	6	168	135006516	1.24438e-06
chr11	7	175	135006516	1.29623e-06
chr11	8	116	135006516	8.59218e-07
chr11	9	25	135006516	1.85176e-07
chr11	10	21	135006516	1.55548e-07
chr11	11	27	135006516	1.9999e-07
chr11	12	4	135006516	2.96282e-08
chr11	13	6	135006516	4.44423e-08
chr11	14	13	135006516	9.62917e-08
chr11	15	15	135006516	1.11106e-07
chr12	0	131727887	133851895	0.984132
chr12	1	2101699	133851895	0.0157017
chr12	2	21487	133851895	0.000160528
chr12	3	575	133851895	4.29579e-06
chr12	4	122	133851895	9.11455e-07
chr12	5	68	133851895	5.08024e-07
chr12	6	25	133851895	1.86774e-07
chr12	7	32	133851895	2.3907e-07
chr13	0	113923587	115169878	0.989179
chr13	1	1237022	115169878	0.0107408
chr13	2	9179	115169878	7.96997e-05
chr13	3	90	115169878	7.81454e-07
chr14	0	106573626	107349540	0.992772
chr14	1	772697	107349540	0.00719795
chr14	2	3018	107349540	2.81138e-05
chr14	3	76	107349540	7.07968e-07
chr14	4	76	107349540	7.07968e-07
chr14	5	47	107349540	4.37822e-07
chr15	0	101510209	102531392	0.99004
chr15	1	1015596	102531392	0.00990522
chr15	2	5557	102531392	5.4198e-05
chr15	3	30	102531392	2.92593e-07
chr16	0	89423747	90354753	0.989696
chr16	1	900477	90354753	0.00996602
chr16	2	16132	90354753	0.000178541
chr16	3	6486	90354753	7.17837e-05
chr16	4	3944	90354753	4.36502e-05
chr16	5	2082	90354753	2.30425e-05
chr16	6	1065	90354753	1.17869e-05
chr16	7	479	90354753	5.30133e-06
chr16	8	216	90354753	2.39058e-06
chr16	9	69	90354753	7.63657e-07
chr16	10	43	90354753	4.75902e-07
chr16	11	13	90354753	1.43877e-07
chr17	0	80398730	81195210	0.990191
chr17	1	790356	81195210	0.00973402
chr17	2	5805	81195210	7.14944e-05
chr17	3	217	81195210	2.67257e-06
chr17	4	77	81195210	9.48332e-07
chr17	5	25	81195210	3.079e-07
chr18	0	76215844	78077248	0.976159
chr18	1	1832860	78077248	0.023475
chr18	2	26371	78077248	0.000337755
chr18	3	801	78077248	1.02591e-05
chr18	4	344	78077248	4.40589e-06
chr18	5	216	78077248	2.76649e-06
chr18	6	282	78077248	3.61181e-06
chr18	7	78	78077248	9.99011e-07
chr18	8	100	78077248	1.28078e-06
chr18	9	94	78077248	1.20394e-06
chr18	10	73	78077248	9.34971e-07
chr18	11	36	78077248	4.61082e-07
chr18	12	36	78077248	4.61082e-07
chr18	13	37	78077248	4.7389e-07
chr18	14	13	78077248	1.66502e-07
chr18	15	14	78077248	1.7931e-07
chr18	16	11	78077248	1.40886e-07
chr18	17	11	78077248	1.40886e-07
chr18	18	5	78077248	6.40391e-08
chr18	19	4	78077248	5.12313e-08
chr18	20	2	78077248	2.56157e-08
chr18	21	3	78077248	3.84235e-08
chr18	22	7	78077248	8.96548e-08
chr18	23	6	78077248	7.6847e-08
chr19	0	58560679	59128983	0.990389
chr19	1	559999	59128983	0.0094708
chr19	2	4535	59128983	7.66967e-05
chr19	3	687	59128983	1.16187e-05
chr19	4	594	59128983	1.00458e-05
chr19	5	420	59128983	7.10312e-06
chr19	6	339	59128983	5.73323e-06
chr19	7	243	59128983	4.10966e-06
chr19	8	289	59128983	4.88762e-06
chr19	9	206	59128983	3.48391e-06
chr19	10	172	59128983	2.90889e-06
chr19	11	91	59128983	1.53901e-06
chr19	12	66	59128983	1.1162e-06
chr19	13	88	59128983	1.48827e-06
chr19	14	80	59128983	1.35297e-06
chr19	15	70	59128983	1.18385e-06
chr19	16	93	59128983	1.57283e-06
chr19	17	82	59128983	1.3868e-06
chr19	18	56	59128983	9.47082e-07
chr19	19	40	59128983	6.76487e-07
chr19	20	42	59128983	7.10312e-07
chr19	21	19	59128983	3.21331e-07
chr19	22	35	59128983	5.91926e-07
chr19	23	7	59128983	1.18385e-07
chr19	24	10	59128983	1.69122e-07
chr19	25	14	59128983	2.36771e-07
chr19	26	23	59128983	3.8898e-07
chr19	27	4	59128983	6.76487e-08
chr20	0	62139019	63025520	0.985934
chr20	1	878920	63025520	0.0139455
chr20	2	6926	63025520	0.000109892
chr20	3	340	63025520	5.39464e-06
chr20	4	228	63025520	3.61758e-06
chr20	5	50	63025520	7.93329e-07
chr20	6	13	63025520	2.06266e-07
chr20	7	24	63025520	3.80798e-07
chr21	0	47661750	48129895	0.990273
chr21	1	462242	48129895	0.00960405
chr21	2	5002	48129895	0.000103927
chr21	3	568	48129895	1.18014e-05
chr21	4	111	48129895	2.30626e-06
chr21	5	57	48129895	1.1843e-06
chr21	6	71	48129895	1.47517e-06
chr21	7	22	48129895	4.57096e-07
chr21	8	24	48129895	4.98651e-07
chr21	9	31	48129895	6.4409e-07
chr21	10	17	48129895	3.53211e-07
chr22	0	51026926	51304566	0.994588
chr22	1	276014	51304566	0.00537991
chr22	2	1530	51304566	2.98219e-05
chr22	3	58	51304566	1.1305e-06
chr22	4	38	51304566	7.40675e-07
chrX	0	154080994	155270560	0.992339
chrX	1	1179951	155270560	0.00759932
chrX	2	8461	155270560	5.4492e-05
chrX	3	811	155270560	5.22314e-06
chrX	4	115	155270560	7.40643e-07
chrX	5	148	155270560	9.53175e-07
chrX	6	70	155270560	4.50826e-07
chrX	7	6	155270560	3.86422e-08
chrX	8	4	155270560	2.57615e-08
chrY	0	59290422	59373566	0.9986
chrY	1	75339	59373566	0.0012689
chrY	2	5041	59373566	8.49031e-05
chrY	3	1809	59373566	3.04681e-05
chrY	4	603	59373566	1.0156e-05
chrY	5	175	59373566	2.94744e-06
chrY	6	40	59373566	6.737e-07
chrY	7	23	59373566	3.87378e-07
chrY	8	10	59373566	1.68425e-07
chrY	9	16	59373566	2.6948e-07
chrY	10	57	59373566	9.60023e-07
chrY	11	12	59373566	2.0211e-07
chrY	12	9	59373566	1.51583e-07
chrY	13	10	59373566	1.68425e-07
chr1_gl000191_random	0	105183	106433	0.988256
chr1_gl000191_random	1	1250	106433	0.0117445
chr1_gl000192_random	0	539081	547496	0.98463
chr1_gl000192_random	1	8330	547496	0.0152147
chr1_gl000192_random	2	85	547496	0.000155252
chr4_ctg9_hap1	0	586835	590426	0.993918
chr4_ctg9_hap1	1	3582	590426	0.00606681
chr4_ctg9_hap1	2	9	590426	1.52432e-05
chr4_gl000193_random	0	184253	189789	0.970831
chr4_gl000193_random	1	5372	189789	0.0283051
chr4_gl000193_random	2	164	189789	0.000864118
chr4_gl000194_random	0	188236	191469	0.983115
chr4_gl000194_random	1	3166	191469	0.0165353
chr4_gl000194_random	2	67	191469	0.000349926
chr6_apd_hap1	0	4614689	4622290	0.998356
chr6_apd_hap1	1	7552	4622290	0.00163382
chr6_apd_hap1	2	49	4622290	1.06008e-05
chr6_cox_hap2	0	4777202	4795371	0.996211
chr6_cox_hap2	1	18088	4795371	0.00377197
chr6_cox_hap2	2	81	4795371	1.68913e-05
chr6_dbb_hap3	0	4597778	4610396	0.997263
chr6_dbb_hap3	1	12586	4610396	0.00272992
chr6_dbb_hap3	2	32	4610396	6.94084e-06
chr6_mann_hap4	0	4669360	4683263	0.997031
chr6_mann_hap4	1	13856	4683263	0.00295862
chr6_mann_hap4	2	47	4683263	1.00357e-05
chr6_mcf_hap5	0	4821956	4833398	0.997633
chr6_mcf_hap5	1	11434	4833398	0.00236562
chr6_mcf_hap5	2	8	4833398	1.65515e-06
chr6_qbl_hap6	0	4597504	4611984	0.99686
chr6_qbl_hap6	1	14460	4611984	0.00313531
chr6_qbl_hap6	2	20	4611984	4.33653e-06
chr6_ssto_hap7	0	4913559	4928567	0.996955
chr6_ssto_hap7	1	14966	4928567	0.00303658
chr6_ssto_hap7	2	42	4928567	8.52175e-06
chr7_gl000195_random	0	178016	182896	0.973318
chr7_gl000195_random	1	4860	182896	0.0265725
chr7_gl000195_random	2	20	182896	0.000109352
chr8_gl000196_random	0	38614	38914	0.992291
chr8_gl000196_random	1	300	38914	0.00770931
chr9_gl000198_random	0	83667	90085	0.928756
chr9_gl000198_random	1	6136	90085	0.0681134
chr9_gl000198_random	2	282	90085	0.00313038
chr9_gl000199_random	0	120734	169874	0.710727
chr9_gl000199_random	1	35706	169874	0.210191
chr9_gl000199_random	2	9209	169874	0.0542108
chr9_gl000199_random	3	2685	169874	0.0158058
chr9_gl000199_random	4	758	169874	0.00446213
chr9_gl000199_random	5	281	169874	0.00165417
chr9_gl000199_random	6	118	169874	0.000694632
chr9_gl000199_random	7	93	169874	0.000547465
chr9_gl000199_random	8	94	169874	0.000553351
chr9_gl000199_random	9	46	169874	0.000270789
chr9_gl000199_random	10	10	169874	5.88672e-05
chr9_gl000199_random	11	13	169874	7.65273e-05
chr9_gl000199_random	12	9	169874	5.29804e-05
chr9_gl000199_random	13	41	169874	0.000241355
chr9_gl000199_random	14	17	169874	0.000100074
chr9_gl000199_random	15	13	169874	7.65273e-05
chr9_gl000199_random	16	11	169874	6.47539e-05
chr9_gl000199_random	17	4	169874	2.35469e-05
chr9_gl000199_random	18	4	169874	2.35469e-05
chr9_gl000199_random	19	4	169874	2.35469e-05
chr9_gl000199_random	20	3	169874	1.76601e-05
chr9_gl000199_random	21	4	169874	2.35469e-05
chr9_gl000199_random	22	3	169874	1.76601e-05
chr9_gl000199_random	23	8	169874	4.70937e-05
chr9_gl000199_random	24	6	169874	3.53203e-05
chr9_gl000200_random	0	185785	187035	0.993317
chr9_gl000200_random	1	1250	187035	0.00668324
chr9_gl000201_random	0	35998	36148	0.99585
chr9_gl000201_random	1	150	36148	0.00414961
chr11_gl000202_random	0	40003	40103	0.997506
chr11_gl000202_random	1	100	40103	0.00249358
chr17_ctg5_hap1	0	1674928	1680828	0.99649
chr17_ctg5_hap1	1	5900	1680828	0.00351017
chr17_gl000203_random	0	36909	37498	0.984293
chr17_gl000203_random	1	578	37498	0.0154142
chr17_gl000203_random	2	11	37498	0.000293349
chr17_gl000204_random	0	80360	81310	0.988316
chr17_gl000204_random	1	950	81310	0.0116837
chr17_gl000205_random	0	170024	174588	0.973858
chr17_gl000205_random	1	4428	174588	0.0253626
chr17_gl000205_random	2	136	174588	0.000778977
chr17_gl000206_random	0	40601	41001	0.990244
chr17_gl000206_random	1	400	41001	0.00975586
chr18_gl000207_random	0	4012	4262	0.941342
chr18_gl000207_random	1	250	4262	0.0586579
chr19_gl000208_random	0	86395	92689	0.932096
chr19_gl000208_random	1	5855	92689	0.0631682
chr19_gl000208_random	2	278	92689	0.00299928
chr19_gl000208_random	3	108	92689	0.00116519
chr19_gl000208_random	4	53	92689	0.000571805
chr19_gl000209_random	0	158769	159169	0.997487
chr19_gl000209_random	1	400	159169	0.00251305
chr21_gl000210_random	0	27632	27682	0.998194
chr21_gl000210_random	1	50	27682	0.00180623
chrUn_gl000211	0	163690	166566	0.982734
chrUn_gl000211	1	2852	166566	0.0171223
chrUn_gl000211	2	24	166566	0.000144087
chrUn_gl000212	0	184162	186858	0.985572
chrUn_gl000212	1	2646	186858	0.0141605
chrUn_gl000212	2	46	186858	0.000246176
chrUn_gl000212	3	4	186858	2.14066e-05
chrUn_gl000213	0	162989	164239	0.992389
chrUn_gl000213	1	1250	164239	0.00761086
chrUn_gl000214	0	132636	137718	0.963099
chrUn_gl000214	1	5014	137718	0.0364077
chrUn_gl000214	2	68	137718	0.000493763
chrUn_gl000215	0	170945	172545	0.990727
chrUn_gl000215	1	1600	172545	0.00927294
chrUn_gl000216	0	152414	172294	0.884616
chrUn_gl000216	1	15242	172294	0.0884651
chrUn_gl000216	2	3036	172294	0.017621
chrUn_gl000216	3	1042	172294	0.0060478
chrUn_gl000216	4	269	172294	0.00156128
chrUn_gl000216	5	139	172294	0.000806761
chrUn_gl000216	6	95	172294	0.000551383
chrUn_gl000216	7	5	172294	2.90202e-05
chrUn_gl000216	8	2	172294	1.16081e-05
chrUn_gl000216	9	2	172294	1.16081e-05
chrUn_gl000216	10	6	172294	3.48242e-05
chrUn_gl000216	11	5	172294	2.90202e-05
chrUn_gl000216	12	6	172294	3.48242e-05
chrUn_gl000216	13	22	172294	0.000127689
chrUn_gl000216	14	8	172294	4.64323e-05
chrUn_gl000216	15	1	172294	5.80403e-06
chrUn_gl000217	0	168949	172149	0.981411
chrUn_gl000217	1	3200	172149	0.0185885
chrUn_gl000218	0	157677	161147	0.978467
chrUn_gl000218	1	3390	161147	0.0210367
chrUn_gl000218	2	80	161147	0.000496441
chrUn_gl000219	0	173964	179198	0.970792
chrUn_gl000219	1	5068	179198	0.0282816
chrUn_gl000219	2	166	179198	0.00092635
chrUn_gl000220	0	125401	161802	0.775028
chrUn_gl000220	1	20263	161802	0.125233
chrUn_gl000220	2	8842	161802	0.054647
chrUn_gl000220	3	4457	161802	0.027546
chrUn_gl000220	4	1949	161802	0.0120456
chrUn_gl000220	5	705	161802	0.00435718
chrUn_gl000220	6	134	161802	0.000828173
chrUn_gl000220	7	51	161802	0.0003152
chrUn_gl000221	0	152296	155397	0.980045
chrUn_gl000221	1	3052	155397	0.01964
chrUn_gl000221	2	49	155397	0.000315321
chrUn_gl000222	0	184043	186861	0.984919
chrUn_gl000222	1	2786	186861	0.0149095
chrUn_gl000222	2	32	186861	0.00017125
chrUn_gl000223	0	179335	180455	0.993793
chrUn_gl000223	1	1090	180455	0.00604029
chrUn_gl000223	2	30	180455	0.000166246
chrUn_gl000224	0	174581	179693	0.971551
chrUn_gl000224	1	4753	179693	0.0264507
chrUn_gl000224	2	330	179693	0.00183647
chrUn_gl000224	3	29	179693	0.000161386
chrUn_gl000225	0	193371	211173	0.915699
chrUn_gl000225	1	14954	211173	0.070814
chrUn_gl000225	2	1980	211173	0.0093762
chrUn_gl000225	3	465	211173	0.00220199
chrUn_gl000225	4	129	211173	0.000610874
chrUn_gl000225	5	124	211173	0.000587196
chrUn_gl000225	6	74	211173	0.000350424
chrUn_gl000225	7	22	211173	0.00010418
chrUn_gl000225	8	4	211173	1.89418e-05
chrUn_gl000225	9	4	211173	1.89418e-05
chrUn_gl000225	10	1	211173	4.73545e-06
chrUn_gl000225	11	7	211173	3.31482e-05
chrUn_gl000225	12	6	211173	2.84127e-05
chrUn_gl000225	13	5	211173	2.36773e-05
chrUn_gl000225	14	2	211173	9.47091e-06
chrUn_gl000225	15	16	211173	7.57673e-05
chrUn_gl000225	16	6	211173	2.84127e-05
chrUn_gl000225	17	3	211173	1.42064e-05
chrUn_gl000226	0	1934	15008	0.128865
chrUn_gl000226	1	2877	15008	0.191698
chrUn_gl000226	2	3509	15008	0.233809
chrUn_gl000226	3	2424	15008	0.161514
chrUn_gl000226	4	2057	15008	0.13706
chrUn_gl000226	5	982	15008	0.0654318
chrUn_gl000226	6	562	15008	0.0374467
chrUn_gl000226	7	329	15008	0.0219216
chrUn_gl000226	8	157	15008	0.0104611
chrUn_gl000226	9	131	15008	0.00872868
chrUn_gl000226	10	29	15008	0.0019323
chrUn_gl000226	11	11	15008	0.000732942
chrUn_gl000226	12	6	15008	0.000399787
chrUn_gl000227	0	126628	128374	0.986399
chrUn_gl000227	1	1742	128374	0.0135697
chrUn_gl000227	2	4	128374	3.1159e-05
chrUn_gl000228	0	125955	129120	0.975488
chrUn_gl000228	1	2809	129120	0.021755
chrUn_gl000228	2	304	129120	0.0023544
chrUn_gl000228	3	25	129120	0.000193618
chrUn_gl000228	4	27	129120	0.000209108
chrUn_gl000229	0	19044	19913	0.95636
chrUn_gl000229	1	788	19913	0.0395721
chrUn_gl000229	2	81	19913	0.00406769
chrUn_gl000230	0	43041	43691	0.985123
chrUn_gl000230	1	650	43691	0.0148772
chrUn_gl000231	0	26767	27386	0.977397
chrUn_gl000231	1	588	27386	0.0214708
chrUn_gl000231	2	31	27386	0.00113197
chrUn_gl000232	0	38485	40652	0.946694
chrUn_gl000232	1	2134	40652	0.0524943
chrUn_gl000232	2	33	40652	0.000811768
chrUn_gl000233	0	45491	45941	0.990205
chrUn_gl000233	1	450	45941	0.00979517
chrUn_gl000234	0	39361	40531	0.971133
chrUn_gl000234	1	1140	40531	0.0281266
chrUn_gl000234	2	30	40531	0.000740174
chrUn_gl000235	0	33374	34474	0.968092
chrUn_gl000235	1	1100	34474	0.0319081
chrUn_gl000236	0	41484	41934	0.989269
chrUn_gl000236	1	450	41934	0.0107311
chrUn_gl000237	0	44967	45867	0.980378
chrUn_gl000237	1	900	45867	0.0196219
chrUn_gl000238	0	39389	39939	0.986229
chrUn_gl000238	1	550	39939	0.013771
chrUn_gl000239	0	32974	33824	0.97487
chrUn_gl000239	1	850	33824	0.0251301
chrUn_gl000240	0	41133	41933	0.980922
chrUn_gl000240	1	800	41933	0.0190781
chrUn_gl000241	0	39950	42152	0.94776
chrUn_gl000241	1	2154	42152	0.0511008
chrUn_gl000241	2	48	42152	0.00113874
chrUn_gl000242	0	43273	43523	0.994256
chrUn_gl000242	1	250	43523	0.00574409
chrUn_gl000243	0	42270	43341	0.975289
chrUn_gl000243	1	1042	43341	0.0240419
chrUn_gl000243	2	29	43341	0.000669112
chrUn_gl000244	0	39729	39929	0.994991
chrUn_gl000244	1	200	39929	0.00500889
chrUn_gl000245	0	35501	36651	0.968623
chrUn_gl000245	1	1150	36651	0.031377
chrUn_gl000246	0	38054	38154	0.997379
chrUn_gl000246	1	100	38154	0.00262096
chrUn_gl000247	0	35872	36422	0.984899
chrUn_gl000247	1	550	36422	0.0151008
chrUn_gl000248	0	39586	39786	0.994973
chrUn_gl000248	1	200	39786	0.00502689
chrUn_gl000249	0	38302	38502	0.994805
chrUn_gl000249	1	200	38502	0.00519454
chr8_gl000197_random	0	37175	37175	1
genome	0	3097994803	3137161264	0.987515
genome	1	38664194	3137161264	0.0123246
genome	2	393831	3137161264	0.000125537
genome	3	46894	3137161264	1.49479e-05
genome	4	22594	3137161264	7.20205e-06
genome	5	12403	3137161264	3.95357e-06
genome	6	7516	3137161264	2.3958e-06
genome	7	4569	3137161264	1.45641e-06
genome	8	3226	3137161264	1.02832e-06
genome	9	2306	3137161264	7.35059e-07
genome	10	1739	3137161264	5.54323e-07
genome	11	1358	3137161264	4.32875e-07
genome	12	913	3137161264	2.91027e-07
genome	13	906	3137161264	2.88796e-07
genome	14	729	3137161264	2.32376e-07
genome	15	565	3137161264	1.80099e-07
genome	16	480	3137161264	1.53005e-07
genome	17	336	3137161264	1.07103e-07
genome	18	301	3137161264	9.59466e-08
genome	19	234	3137161264	7.45897e-08
genome	20	236	3137161264	7.52272e-08
genome	21	175	3137161264	5.57829e-08
genome	22	173	3137161264	5.51454e-08
genome	23	132	3137161264	4.20763e-08
genome	24	121	3137161264	3.85699e-08
genome	25	109	3137161264	3.47448e-08
genome	26	75	3137161264	2.3907e-08
genome	27	38	3137161264	1.21129e-08
genome	28	14	3137161264	4.46263e-09
genome	29	21	3137161264	6.69395e-09
genome	30	19	3137161264	6.05643e-09
genome	31	21	3137161264	6.69395e-09
genome	32	36	3137161264	1.14753e-08
genome	33	33	3137161264	1.05191e-08
genome	34	21	3137161264	6.69395e-09
genome	35	29	3137161264	9.24403e-09
genome	36	32	3137161264	1.02003e-08
genome	37	24	3137161264	7.65023e-09
genome	38	13	3137161264	4.14387e-09
genome	39	10	3137161264	3.1876e-09
genome	40	9	3137161264	2.86884e-09
genome	41	8	3137161264	2.55008e-09
genome	42	11	3137161264	3.50635e-09
genome	43	7	3137161264	2.23132e-09
