chrM	0	15921	16571	0.960775
chrM	1	650	16571	0.0392252
chr1	0	245433629	249250621	0.984686
chr1	1	3779362	249250621	0.0151629
chr1	2	35127	249250621	0.00014093
chr1	3	920	249250621	3.69106e-06
chr1	4	161	249250621	6.45936e-07
chr1	5	99	249250621	3.97191e-07
chr1	6	52	249250621	2.08625e-07
chr1	7	50	249250621	2.00601e-07
chr1	8	82	249250621	3.28986e-07
chr1	9	19	249250621	7.62285e-08
chr1	10	25	249250621	1.00301e-07
chr1	11	33	249250621	1.32397e-07
chr1	12	50	249250621	2.00601e-07
chr1	13	65	249250621	2.60782e-07
chr1	14	45	249250621	1.80541e-07
chr1	15	52	249250621	2.08625e-07
chr1	16	64	249250621	2.5677e-07
chr1	17	76	249250621	3.04914e-07
chr1	18	53	249250621	2.12637e-07
chr1	19	42	249250621	1.68505e-07
chr1	20	64	249250621	2.5677e-07
chr1	21	56	249250621	2.24673e-07
chr1	22	25	249250621	1.00301e-07
chr1	23	25	249250621	1.00301e-07
chr1	24	27	249250621	1.08325e-07
chr1	25	25	249250621	1.00301e-07
chr1	26	13	249250621	5.21563e-08
chr1	27	7	249250621	2.80842e-08
chr1	28	9	249250621	3.61082e-08
chr1	29	9	249250621	3.61082e-08
chr1	30	8	249250621	3.20962e-08
chr1	31	7	249250621	2.80842e-08
chr1	32	11	249250621	4.41323e-08
chr1	33	17	249250621	6.82044e-08
chr1	34	32	249250621	1.28385e-07
chr1	35	38	249250621	1.52457e-07
chr1	36	33	249250621	1.32397e-07
chr1	37	36	249250621	1.44433e-07
chr1	38	42	249250621	1.68505e-07
chr1	39	24	249250621	9.62886e-08
chr1	40	28	249250621	1.12337e-07
chr1	41	29	249250621	1.16349e-07
chr1	42	12	249250621	4.81443e-08
chr1	43	8	249250621	3.20962e-08
chr1	44	2	249250621	8.02405e-09
chr1	45	2	249250621	8.02405e-09
chr1	46	2	249250621	8.02405e-09
chr1	47	1	249250621	4.01203e-09
chr1	48	3	249250621	1.20361e-08
chr1	49	5	249250621	2.00601e-08
chr1	50	7	249250621	2.80842e-08
chr1	51	4	249250621	1.60481e-08
chr1	52	3	249250621	1.20361e-08
chr1	53	1	249250621	4.01203e-09
chr2	0	239331623	243199373	0.984096
chr2	1	3814791	243199373	0.0156859
chr2	2	41843	243199373	0.000172052
chr2	3	5298	243199373	2.17846e-05
chr2	4	2783	243199373	1.14433e-05
chr2	5	1399	243199373	5.75248e-06
chr2	6	584	243199373	2.40132e-06
chr2	7	353	243199373	1.45148e-06
chr2	8	269	243199373	1.10609e-06
chr2	9	168	243199373	6.90791e-07
chr2	10	85	243199373	3.49507e-07
chr2	11	34	243199373	1.39803e-07
chr2	12	38	243199373	1.5625e-07
chr2	13	26	243199373	1.06908e-07
chr2	14	46	243199373	1.89145e-07
chr2	15	27	243199373	1.1102e-07
chr2	16	6	243199373	2.46711e-08
chr3	0	195530809	198022430	0.987418
chr3	1	2473539	198022430	0.0124912
chr3	2	17602	198022430	8.88889e-05
chr3	3	263	198022430	1.32813e-06
chr3	4	39	198022430	1.96947e-07
chr3	5	67	198022430	3.38346e-07
chr3	6	9	198022430	4.54494e-08
chr3	7	4	198022430	2.01997e-08
chr3	8	5	198022430	2.52497e-08
chr3	9	7	198022430	3.53495e-08
chr3	10	3	198022430	1.51498e-08
chr3	11	5	198022430	2.52497e-08
chr3	12	5	198022430	2.52497e-08
chr3	13	14	198022430	7.06991e-08
chr3	14	9	198022430	4.54494e-08
chr3	15	8	198022430	4.03995e-08
chr3	16	15	198022430	7.5749e-08
chr3	17	15	198022430	7.5749e-08
chr3	18	5	198022430	2.52497e-08
chr3	19	6	198022430	3.02996e-08
chr3	20	1	198022430	5.04993e-09
chr4	0	189375087	191154276	0.990692
chr4	1	1755505	191154276	0.00918371
chr4	2	16884	191154276	8.83266e-05
chr4	3	3466	191154276	1.8132e-05
chr4	4	1710	191154276	8.94565e-06
chr4	5	701	191154276	3.66719e-06
chr4	6	492	191154276	2.57384e-06
chr4	7	196	191154276	1.02535e-06
chr4	8	72	191154276	3.76659e-07
chr4	9	45	191154276	2.35412e-07
chr4	10	46	191154276	2.40643e-07
chr4	11	7	191154276	3.66196e-08
chr4	12	12	191154276	6.27765e-08
chr4	13	12	191154276	6.27765e-08
chr4	14	4	191154276	2.09255e-08
chr4	15	7	191154276	3.66196e-08
chr4	16	2	191154276	1.04628e-08
chr4	17	4	191154276	2.09255e-08
chr4	18	4	191154276	2.09255e-08
chr4	19	1	191154276	5.23138e-09
chr4	20	9	191154276	4.70824e-08
chr4	21	10	191154276	5.23138e-08
chr5	0	179026513	180915260	0.98956
chr5	1	1876416	180915260	0.0103718
chr5	2	10867	180915260	6.00668e-05
chr5	3	476	180915260	2.63107e-06
chr5	4	349	180915260	1.92908e-06
chr5	5	212	180915260	1.17182e-06
chr5	6	153	180915260	8.457e-07
chr5	7	131	180915260	7.24096e-07
chr5	8	91	180915260	5.02998e-07
chr5	9	17	180915260	9.39666e-08
chr5	10	35	180915260	1.93461e-07
chr6	0	167873451	171115067	0.981056
chr6	1	3204514	171115067	0.0187272
chr6	2	32689	171115067	0.000191035
chr6	3	602	171115067	3.5181e-06
chr6	4	535	171115067	3.12655e-06
chr6	5	484	171115067	2.82851e-06
chr6	6	468	171115067	2.735e-06
chr6	7	450	171115067	2.62981e-06
chr6	8	347	171115067	2.02788e-06
chr6	9	285	171115067	1.66555e-06
chr6	10	275	171115067	1.60711e-06
chr6	11	318	171115067	1.8584e-06
chr6	12	252	171115067	1.47269e-06
chr6	13	155	171115067	9.05823e-07
chr6	14	87	171115067	5.0843e-07
chr6	15	52	171115067	3.03889e-07
chr6	16	47	171115067	2.74669e-07
chr6	17	25	171115067	1.46101e-07
chr6	18	14	171115067	8.18163e-08
chr6	19	13	171115067	7.59723e-08
chr6	20	2	171115067	1.1688e-08
chr6	21	2	171115067	1.1688e-08
chr7	0	156641024	159138663	0.984305
chr7	1	2468130	159138663	0.0155093
chr7	2	23484	159138663	0.000147569
chr7	3	1707	159138663	1.07265e-05
chr7	4	846	159138663	5.31612e-06
chr7	5	575	159138663	3.6132e-06
chr7	6	501	159138663	3.1482e-06
chr7	7	345	159138663	2.16792e-06
chr7	8	397	159138663	2.49468e-06
chr7	9	359	159138663	2.25589e-06
chr7	10	278	159138663	1.7469e-06
chr7	11	177	159138663	1.11224e-06
chr7	12	112	159138663	7.03789e-07
chr7	13	107	159138663	6.7237e-07
chr7	14	109	159138663	6.84937e-07
chr7	15	99	159138663	6.22099e-07
chr7	16	89	159138663	5.59261e-07
chr7	17	71	159138663	4.46152e-07
chr7	18	49	159138663	3.07908e-07
chr7	19	24	159138663	1.50812e-07
chr7	20	38	159138663	2.38785e-07
chr7	21	19	159138663	1.19393e-07
chr7	22	20	159138663	1.25677e-07
chr7	23	19	159138663	1.19393e-07
chr7	24	12	159138663	7.54059e-08
chr7	25	21	159138663	1.3196e-07
chr7	26	16	159138663	1.00541e-07
chr7	27	10	159138663	6.28383e-08
chr7	28	14	159138663	8.79736e-08
chr7	29	7	159138663	4.39868e-08
chr7	30	2	159138663	1.25677e-08
chr7	31	2	159138663	1.25677e-08
chr8	0	145034853	146364022	0.990919
chr8	1	1312217	146364022	0.00896543
chr8	2	12257	146364022	8.37433e-05
chr8	3	2476	146364022	1.69167e-05
chr8	4	1155	146364022	7.89128e-06
chr8	5	521	146364022	3.55962e-06
chr8	6	332	146364022	2.26832e-06
chr8	7	99	146364022	6.76396e-07
chr8	8	60	146364022	4.09937e-07
chr8	9	19	146364022	1.29813e-07
chr8	10	33	146364022	2.25465e-07
chr9	0	139428542	141213431	0.98736
chr9	1	1768112	141213431	0.0125208
chr9	2	15580	141213431	0.000110329
chr9	3	690	141213431	4.88622e-06
chr9	4	203	141213431	1.43754e-06
chr9	5	147	141213431	1.04098e-06
chr9	6	37	141213431	2.62015e-07
chr9	7	90	141213431	6.37333e-07
chr9	8	15	141213431	1.06222e-07
chr9	9	11	141213431	7.78963e-08
chr9	10	4	141213431	2.83259e-08
chr10	0	133862988	135534747	0.987665
chr10	1	1632862	135534747	0.0120476
chr10	2	20405	135534747	0.000150552
chr10	3	5054	135534747	3.72893e-05
chr10	4	2875	135534747	2.12123e-05
chr10	5	2297	135534747	1.69477e-05
chr10	6	1915	135534747	1.41292e-05
chr10	7	1342	135534747	9.90152e-06
chr10	8	1042	135534747	7.68807e-06
chr10	9	648	135534747	4.78106e-06
chr10	10	663	135534747	4.89173e-06
chr10	11	542	135534747	3.99897e-06
chr10	12	426	135534747	3.14311e-06
chr10	13	322	135534747	2.37577e-06
chr10	14	288	135534747	2.12492e-06
chr10	15	282	135534747	2.08065e-06
chr10	16	204	135534747	1.50515e-06
chr10	17	189	135534747	1.39448e-06
chr10	18	95	135534747	7.00927e-07
chr10	19	70	135534747	5.16473e-07
chr10	20	67	135534747	4.94338e-07
chr10	21	66	135534747	4.8696e-07
chr10	22	16	135534747	1.18051e-07
chr10	23	30	135534747	2.21345e-07
chr10	24	18	135534747	1.32807e-07
chr10	25	12	135534747	8.85382e-08
chr10	26	9	135534747	6.64036e-08
chr10	27	1	135534747	7.37818e-09
chr10	28	7	135534747	5.16473e-08
chr10	29	7	135534747	5.16473e-08
chr10	30	5	135534747	3.68909e-08
chr11	0	132963947	135006516	0.984871
chr11	1	2020570	135006516	0.0149665
chr11	2	19642	135006516	0.000145489
chr11	3	986	135006516	7.30335e-06
chr11	4	582	135006516	4.3109e-06
chr11	5	205	135006516	1.51845e-06
chr11	6	192	135006516	1.42215e-06
chr11	7	143	135006516	1.05921e-06
chr11	8	147	135006516	1.08884e-06
chr11	9	68	135006516	5.03679e-07
chr11	10	30	135006516	2.22211e-07
chr11	11	4	135006516	2.96282e-08
chr12	0	131601432	133851895	0.983187
chr12	1	2225267	133851895	0.0166248
chr12	2	23678	133851895	0.000176897
chr12	3	815	133851895	6.08882e-06
chr12	4	408	133851895	3.04815e-06
chr12	5	98	133851895	7.32153e-07
chr12	6	67	133851895	5.00553e-07
chr12	7	31	133851895	2.31599e-07
chr12	8	23	133851895	1.71832e-07
chr12	9	20	133851895	1.49419e-07
chr12	10	39	133851895	2.91367e-07
chr12	11	17	133851895	1.27006e-07
chr13	0	114052882	115169878	0.990301
chr13	1	1110709	115169878	0.00964409
chr13	2	6270	115169878	5.44413e-05
chr13	3	17	115169878	1.47608e-07
chr14	0	106571503	107349540	0.992752
chr14	1	774442	107349540	0.00721421
chr14	2	3350	107349540	3.12065e-05
chr14	3	83	107349540	7.73175e-07
chr14	4	121	107349540	1.12716e-06
chr14	5	6	107349540	5.58922e-08
chr14	6	3	107349540	2.79461e-08
chr14	7	29	107349540	2.70146e-07
chr14	8	3	107349540	2.79461e-08
chr15	0	101617515	102531392	0.991087
chr15	1	908629	102531392	0.00886196
chr15	2	5176	102531392	5.04821e-05
chr15	3	69	102531392	6.72965e-07
chr15	4	3	102531392	2.92593e-08
chr16	0	89401136	90354753	0.989446
chr16	1	924133	90354753	0.0102278
chr16	2	15572	90354753	0.000172343
chr16	3	6115	90354753	6.76777e-05
chr16	4	4029	90354753	4.45909e-05
chr16	5	1911	90354753	2.115e-05
chr16	6	936	90354753	1.03592e-05
chr16	7	509	90354753	5.63335e-06
chr16	8	179	90354753	1.98108e-06
chr16	9	119	90354753	1.31703e-06
chr16	10	61	90354753	6.75117e-07
chr16	11	27	90354753	2.98822e-07
chr16	12	20	90354753	2.2135e-07
chr16	13	6	90354753	6.64049e-08
chr17	0	80386083	81195210	0.990035
chr17	1	803116	81195210	0.00989117
chr17	2	5445	81195210	6.70606e-05
chr17	3	473	81195210	5.82547e-06
chr17	4	90	81195210	1.10844e-06
chr17	5	3	81195210	3.6948e-08
chr18	0	76339597	78077248	0.977745
chr18	1	1712276	78077248	0.0219305
chr18	2	23134	78077248	0.000296296
chr18	3	934	78077248	1.19625e-05
chr18	4	334	78077248	4.27781e-06
chr18	5	241	78077248	3.08669e-06
chr18	6	173	78077248	2.21575e-06
chr18	7	183	78077248	2.34383e-06
chr18	8	100	78077248	1.28078e-06
chr18	9	39	78077248	4.99505e-07
chr18	10	48	78077248	6.14776e-07
chr18	11	63	78077248	8.06893e-07
chr18	12	38	78077248	4.86698e-07
chr18	13	14	78077248	1.7931e-07
chr18	14	15	78077248	1.92117e-07
chr18	15	14	78077248	1.7931e-07
chr18	16	4	78077248	5.12313e-08
chr18	17	5	78077248	6.40391e-08
chr18	18	2	78077248	2.56157e-08
chr18	19	6	78077248	7.6847e-08
chr18	20	1	78077248	1.28078e-08
chr18	21	9	78077248	1.1527e-07
chr18	22	10	78077248	1.28078e-07
chr18	23	8	78077248	1.02463e-07
chr19	0	58557225	59128983	0.99033
chr19	1	562590	59128983	0.00951462
chr19	2	5341	59128983	9.0328e-05
chr19	3	788	59128983	1.33268e-05
chr19	4	524	59128983	8.86198e-06
chr19	5	511	59128983	8.64212e-06
chr19	6	314	59128983	5.31042e-06
chr19	7	311	59128983	5.25969e-06
chr19	8	257	59128983	4.34643e-06
chr19	9	147	59128983	2.48609e-06
chr19	10	132	59128983	2.23241e-06
chr19	11	78	59128983	1.31915e-06
chr19	12	119	59128983	2.01255e-06
chr19	13	88	59128983	1.48827e-06
chr19	14	57	59128983	9.63994e-07
chr19	15	70	59128983	1.18385e-06
chr19	16	53	59128983	8.96346e-07
chr19	17	69	59128983	1.16694e-06
chr19	18	55	59128983	9.3017e-07
chr19	19	38	59128983	6.42663e-07
chr19	20	32	59128983	5.4119e-07
chr19	21	26	59128983	4.39717e-07
chr19	22	50	59128983	8.45609e-07
chr19	23	25	59128983	4.22805e-07
chr19	24	17	59128983	2.87507e-07
chr19	25	12	59128983	2.02946e-07
chr19	26	13	59128983	2.19858e-07
chr19	27	11	59128983	1.86034e-07
chr19	28	5	59128983	8.45609e-08
chr19	29	4	59128983	6.76487e-08
chr19	31	7	59128983	1.18385e-07
chr19	32	4	59128983	6.76487e-08
chr19	33	4	59128983	6.76487e-08
chr19	34	5	59128983	8.45609e-08
chr19	35	1	59128983	1.69122e-08
chr20	0	62095829	63025520	0.985249
chr20	1	921449	63025520	0.0146203
chr20	2	7861	63025520	0.000124727
chr20	3	191	63025520	3.03052e-06
chr20	4	119	63025520	1.88812e-06
chr20	5	46	63025520	7.29863e-07
chr20	6	25	63025520	3.96665e-07
chr21	0	47728214	48129895	0.991654
chr21	1	396982	48129895	0.00824814
chr21	2	3846	48129895	7.99088e-05
chr21	3	600	48129895	1.24663e-05
chr21	4	164	48129895	3.40745e-06
chr21	5	17	48129895	3.53211e-07
chr21	6	26	48129895	5.40205e-07
chr21	7	3	48129895	6.23313e-08
chr21	8	2	48129895	4.15542e-08
chr21	9	18	48129895	3.73988e-07
chr21	10	23	48129895	4.77873e-07
chr22	0	51016056	51304566	0.994376
chr22	1	286829	51304566	0.00559071
chr22	2	1539	51304566	2.99973e-05
chr22	3	54	51304566	1.05254e-06
chr22	4	19	51304566	3.70337e-07
chr22	5	59	51304566	1.15e-06
chr22	6	10	51304566	1.94914e-07
chrX	0	153696795	155270560	0.989864
chrX	1	1560553	155270560	0.0100505
chrX	2	11864	155270560	7.64086e-05
chrX	3	785	155270560	5.05569e-06
chrX	4	235	155270560	1.51349e-06
chrX	5	225	155270560	1.44908e-06
chrX	6	30	155270560	1.93211e-07
chrX	7	26	155270560	1.6745e-07
chrX	8	11	155270560	7.08441e-08
chrX	9	11	155270560	7.08441e-08
chrX	10	25	155270560	1.61009e-07
chrY	0	59276027	59373566	0.998357
chrY	1	89890	59373566	0.00151397
chrY	2	4798	59373566	8.08104e-05
chrY	3	1585	59373566	2.66954e-05
chrY	4	721	59373566	1.21435e-05
chrY	5	327	59373566	5.5075e-06
chrY	6	79	59373566	1.33056e-06
chrY	7	36	59373566	6.0633e-07
chrY	8	12	59373566	2.0211e-07
chrY	9	10	59373566	1.68425e-07
chrY	10	20	59373566	3.3685e-07
chrY	11	15	59373566	2.52638e-07
chrY	12	10	59373566	1.68425e-07
chrY	13	11	59373566	1.85268e-07
chrY	14	25	59373566	4.21063e-07
chr1_gl000191_random	0	105383	106433	0.990135
chr1_gl000191_random	1	1050	106433	0.00986536
chr1_gl000192_random	0	539849	547496	0.986033
chr1_gl000192_random	1	7594	547496	0.0138704
chr1_gl000192_random	2	53	547496	9.68044e-05
chr4_ctg9_hap1	0	587527	590426	0.99509
chr4_ctg9_hap1	1	2898	590426	0.00490832
chr4_ctg9_hap1	2	1	590426	1.69369e-06
chr4_gl000193_random	0	185550	189789	0.977665
chr4_gl000193_random	1	4178	189789	0.0220139
chr4_gl000193_random	2	61	189789	0.00032141
chr4_gl000194_random	0	188419	191469	0.984071
chr4_gl000194_random	1	3050	191469	0.0159295
chr6_apd_hap1	0	4616190	4622290	0.99868
chr6_apd_hap1	1	6100	4622290	0.00131969
chr6_cox_hap2	0	4776981	4795371	0.996165
chr6_cox_hap2	1	18380	4795371	0.00383286
chr6_cox_hap2	2	10	4795371	2.08534e-06
chr6_dbb_hap3	0	4597096	4610396	0.997115
chr6_dbb_hap3	1	13300	4610396	0.00288478
chr6_mann_hap4	0	4669706	4683263	0.997105
chr6_mann_hap4	1	13514	4683263	0.00288559
chr6_mann_hap4	2	43	4683263	9.18163e-06
chr6_mcf_hap5	0	4821898	4833398	0.997621
chr6_mcf_hap5	1	11500	4833398	0.00237928
chr6_qbl_hap6	0	4597898	4611984	0.996946
chr6_qbl_hap6	1	14072	4611984	0.00305118
chr6_qbl_hap6	2	14	4611984	3.03557e-06
chr6_ssto_hap7	0	4914626	4928567	0.997171
chr6_ssto_hap7	1	13882	4928567	0.00281664
chr6_ssto_hap7	2	59	4928567	1.1971e-05
chr7_gl000195_random	0	179042	182896	0.978928
chr7_gl000195_random	1	3808	182896	0.0208206
chr7_gl000195_random	2	46	182896	0.000251509
chr8_gl000196_random	0	38714	38914	0.99486
chr8_gl000196_random	1	200	38914	0.00513954
chr9_gl000198_random	0	85305	90085	0.946939
chr9_gl000198_random	1	4586	90085	0.0509075
chr9_gl000198_random	2	168	90085	0.00186491
chr9_gl000198_random	3	26	90085	0.000288616
chr9_gl000199_random	0	124203	169874	0.731148
chr9_gl000199_random	1	34033	169874	0.200343
chr9_gl000199_random	2	8341	169874	0.0491011
chr9_gl000199_random	3	1987	169874	0.0116969
chr9_gl000199_random	4	664	169874	0.00390878
chr9_gl000199_random	5	281	169874	0.00165417
chr9_gl000199_random	6	138	169874	0.000812367
chr9_gl000199_random	7	30	169874	0.000176601
chr9_gl000199_random	8	11	169874	6.47539e-05
chr9_gl000199_random	9	18	169874	0.000105961
chr9_gl000199_random	10	30	169874	0.000176601
chr9_gl000199_random	11	29	169874	0.000170715
chr9_gl000199_random	12	16	169874	9.41875e-05
chr9_gl000199_random	13	30	169874	0.000176601
chr9_gl000199_random	14	8	169874	4.70937e-05
chr9_gl000199_random	15	31	169874	0.000182488
chr9_gl000199_random	16	4	169874	2.35469e-05
chr9_gl000199_random	17	3	169874	1.76601e-05
chr9_gl000199_random	18	2	169874	1.17734e-05
chr9_gl000199_random	19	4	169874	2.35469e-05
chr9_gl000199_random	20	11	169874	6.47539e-05
chr9_gl000200_random	0	184948	187035	0.988842
chr9_gl000200_random	1	2074	187035	0.0110888
chr9_gl000200_random	2	13	187035	6.95057e-05
chr9_gl000201_random	0	35798	36148	0.990318
chr9_gl000201_random	1	350	36148	0.00968242
chr11_gl000202_random	0	39803	40103	0.992519
chr11_gl000202_random	1	300	40103	0.00748074
chr17_ctg5_hap1	0	1674278	1680828	0.996103
chr17_ctg5_hap1	1	6550	1680828	0.00389689
chr17_gl000203_random	0	37148	37498	0.990666
chr17_gl000203_random	1	350	37498	0.00933383
chr17_gl000204_random	0	80660	81310	0.992006
chr17_gl000204_random	1	650	81310	0.0079941
chr17_gl000205_random	0	169807	174588	0.972616
chr17_gl000205_random	1	4612	174588	0.0264165
chr17_gl000205_random	2	169	174588	0.000967993
chr17_gl000206_random	0	40351	41001	0.984147
chr17_gl000206_random	1	650	41001	0.0158533
chr18_gl000207_random	0	4112	4262	0.964805
chr18_gl000207_random	1	150	4262	0.0351947
chr19_gl000208_random	0	85585	92689	0.923357
chr19_gl000208_random	1	6562	92689	0.0707959
chr19_gl000208_random	2	441	92689	0.00475785
chr19_gl000208_random	3	101	92689	0.00108967
chr19_gl000209_random	0	158619	159169	0.996545
chr19_gl000209_random	1	550	159169	0.00345545
chr21_gl000210_random	0	27532	27682	0.994581
chr21_gl000210_random	1	150	27682	0.00541868
chrUn_gl000211	0	163175	166566	0.979642
chrUn_gl000211	1	3332	166566	0.0200041
chrUn_gl000211	2	59	166566	0.000354214
chrUn_gl000212	0	184308	186858	0.986353
chrUn_gl000212	1	2550	186858	0.0136467
chrUn_gl000213	0	162589	164239	0.989954
chrUn_gl000213	1	1650	164239	0.0100463
chrUn_gl000214	0	132678	137718	0.963403
chrUn_gl000214	1	4783	137718	0.0347304
chrUn_gl000214	2	254	137718	0.00184435
chrUn_gl000214	3	3	137718	2.17836e-05
chrUn_gl000215	0	171195	172545	0.992176
chrUn_gl000215	1	1350	172545	0.00782405
chrUn_gl000216	0	153528	172294	0.891082
chrUn_gl000216	1	14337	172294	0.0832124
chrUn_gl000216	2	2991	172294	0.0173599
chrUn_gl000216	3	948	172294	0.00550222
chrUn_gl000216	4	235	172294	0.00136395
chrUn_gl000216	5	116	172294	0.000673268
chrUn_gl000216	6	82	172294	0.000475931
chrUn_gl000216	7	12	172294	6.96484e-05
chrUn_gl000216	8	9	172294	5.22363e-05
chrUn_gl000216	9	11	172294	6.38444e-05
chrUn_gl000216	10	10	172294	5.80403e-05
chrUn_gl000216	11	10	172294	5.80403e-05
chrUn_gl000216	12	5	172294	2.90202e-05
chrUn_gl000217	0	169455	172149	0.984351
chrUn_gl000217	1	2688	172149	0.0156144
chrUn_gl000217	2	6	172149	3.48535e-05
chrUn_gl000218	0	158097	161147	0.981073
chrUn_gl000218	1	3050	161147	0.0189268
chrUn_gl000219	0	173276	179198	0.966953
chrUn_gl000219	1	5744	179198	0.0320539
chrUn_gl000219	2	178	179198	0.000993315
chrUn_gl000220	0	126940	161802	0.784539
chrUn_gl000220	1	20222	161802	0.12498
chrUn_gl000220	2	8145	161802	0.0503393
chrUn_gl000220	3	4107	161802	0.0253829
chrUn_gl000220	4	1675	161802	0.0103522
chrUn_gl000220	5	546	161802	0.00337449
chrUn_gl000220	6	132	161802	0.000815812
chrUn_gl000220	7	35	161802	0.000216314
chrUn_gl000221	0	152988	155397	0.984498
chrUn_gl000221	1	2368	155397	0.0152384
chrUn_gl000221	2	41	155397	0.00026384
chrUn_gl000222	0	184711	186861	0.988494
chrUn_gl000222	1	2150	186861	0.0115059
chrUn_gl000223	0	178481	180455	0.989061
chrUn_gl000223	1	1948	180455	0.0107949
chrUn_gl000223	2	26	180455	0.00014408
chrUn_gl000224	0	173659	179693	0.966421
chrUn_gl000224	1	5598	179693	0.0311531
chrUn_gl000224	2	406	179693	0.00225941
chrUn_gl000224	3	30	179693	0.000166951
chrUn_gl000225	0	191605	211173	0.907337
chrUn_gl000225	1	16910	211173	0.0800765
chrUn_gl000225	2	2043	211173	0.00967453
chrUn_gl000225	3	329	211173	0.00155796
chrUn_gl000225	4	81	211173	0.000383572
chrUn_gl000225	5	62	211173	0.000293598
chrUn_gl000225	6	16	211173	7.57673e-05
chrUn_gl000225	7	15	211173	7.10318e-05
chrUn_gl000225	8	25	211173	0.000118386
chrUn_gl000225	9	37	211173	0.000175212
chrUn_gl000225	10	4	211173	1.89418e-05
chrUn_gl000225	11	4	211173	1.89418e-05
chrUn_gl000225	12	6	211173	2.84127e-05
chrUn_gl000225	13	4	211173	1.89418e-05
chrUn_gl000225	14	11	211173	5.209e-05
chrUn_gl000225	15	5	211173	2.36773e-05
chrUn_gl000225	16	10	211173	4.73545e-05
chrUn_gl000225	17	6	211173	2.84127e-05
chrUn_gl000226	0	1811	15008	0.120669
chrUn_gl000226	1	3665	15008	0.244203
chrUn_gl000226	2	3231	15008	0.215285
chrUn_gl000226	3	2572	15008	0.171375
chrUn_gl000226	4	1923	15008	0.128132
chrUn_gl000226	5	925	15008	0.0616338
chrUn_gl000226	6	424	15008	0.0282516
chrUn_gl000226	7	306	15008	0.0203891
chrUn_gl000226	8	110	15008	0.00732942
chrUn_gl000226	9	36	15008	0.00239872
chrUn_gl000226	10	5	15008	0.000333156
chrUn_gl000227	0	126424	128374	0.98481
chrUn_gl000227	1	1950	128374	0.01519
chrUn_gl000228	0	126715	129120	0.981374
chrUn_gl000228	1	2185	129120	0.0169222
chrUn_gl000228	2	195	129120	0.00151022
chrUn_gl000228	3	25	129120	0.000193618
chrUn_gl000229	0	19114	19913	0.959875
chrUn_gl000229	1	692	19913	0.0347512
chrUn_gl000229	2	65	19913	0.0032642
chrUn_gl000229	3	40	19913	0.00200874
chrUn_gl000229	4	2	19913	0.000100437
chrUn_gl000230	0	43041	43691	0.985123
chrUn_gl000230	1	650	43691	0.0148772
chrUn_gl000231	0	26728	27386	0.975973
chrUn_gl000231	1	616	27386	0.0224932
chrUn_gl000231	2	42	27386	0.00153363
chrUn_gl000232	0	38280	40652	0.941651
chrUn_gl000232	1	2294	40652	0.0564302
chrUn_gl000232	2	78	40652	0.00191872
chrUn_gl000233	0	45191	45941	0.983675
chrUn_gl000233	1	750	45941	0.0163253
chrUn_gl000234	0	38661	40531	0.953862
chrUn_gl000234	1	1790	40531	0.0441637
chrUn_gl000234	2	80	40531	0.0019738
chrUn_gl000235	0	33324	34474	0.966642
chrUn_gl000235	1	1100	34474	0.0319081
chrUn_gl000235	2	50	34474	0.00145037
chrUn_gl000236	0	41484	41934	0.989269
chrUn_gl000236	1	450	41934	0.0107311
chrUn_gl000237	0	44967	45867	0.980378
chrUn_gl000237	1	900	45867	0.0196219
chrUn_gl000238	0	39539	39939	0.989985
chrUn_gl000238	1	400	39939	0.0100153
chrUn_gl000239	0	32824	33824	0.970435
chrUn_gl000239	1	1000	33824	0.0295648
chrUn_gl000240	0	41033	41933	0.978537
chrUn_gl000240	1	900	41933	0.0214628
chrUn_gl000241	0	39809	42152	0.944415
chrUn_gl000241	1	2196	42152	0.0520972
chrUn_gl000241	2	147	42152	0.00348738
chrUn_gl000242	0	43273	43523	0.994256
chrUn_gl000242	1	250	43523	0.00574409
chrUn_gl000243	0	42241	43341	0.97462
chrUn_gl000243	1	1100	43341	0.0253801
chrUn_gl000244	0	39729	39929	0.994991
chrUn_gl000244	1	200	39929	0.00500889
chrUn_gl000245	0	35906	36651	0.979673
chrUn_gl000245	1	740	36651	0.0201904
chrUn_gl000245	2	5	36651	0.000136422
chrUn_gl000246	0	37754	38154	0.989516
chrUn_gl000246	1	400	38154	0.0104838
chrUn_gl000247	0	35672	36422	0.979408
chrUn_gl000247	1	750	36422	0.020592
chrUn_gl000248	0	39536	39786	0.993716
chrUn_gl000248	1	250	39786	0.00628362
chrUn_gl000249	0	38302	38502	0.994805
chrUn_gl000249	1	200	38502	0.00519454
chr8_gl000197_random	0	37175	37175	1
genome	0	3097990927	3137161264	0.987514
genome	1	38672734	3137161264	0.0123273
genome	2	391715	3137161264	0.000124863
genome	3	44615	3137161264	1.42215e-05
genome	4	22585	3137161264	7.19918e-06
genome	5	12081	3137161264	3.85093e-06
genome	6	7190	3137161264	2.29188e-06
genome	7	4729	3137161264	1.50741e-06
genome	8	3269	3137161264	1.04202e-06
genome	9	2112	3137161264	6.7322e-07
genome	10	1874	3137161264	5.97355e-07
genome	11	1363	3137161264	4.34469e-07
genome	12	1109	3137161264	3.53504e-07
genome	13	854	3137161264	2.72221e-07
genome	14	704	3137161264	2.24407e-07
genome	15	647	3137161264	2.06237e-07
genome	16	498	3137161264	1.58742e-07
genome	17	463	3137161264	1.47586e-07
genome	18	279	3137161264	8.89339e-08
genome	19	204	3137161264	6.50269e-08
genome	20	225	3137161264	7.17209e-08
genome	21	188	3137161264	5.99268e-08
genome	22	121	3137161264	3.85699e-08
genome	23	107	3137161264	3.41073e-08
genome	24	74	3137161264	2.35882e-08
genome	25	70	3137161264	2.23132e-08
genome	26	51	3137161264	1.62567e-08
genome	27	29	3137161264	9.24403e-09
genome	28	35	3137161264	1.11566e-08
genome	29	27	3137161264	8.60651e-09
genome	30	15	3137161264	4.78139e-09
genome	31	16	3137161264	5.10015e-09
genome	32	15	3137161264	4.78139e-09
genome	33	21	3137161264	6.69395e-09
genome	34	37	3137161264	1.17941e-08
genome	35	39	3137161264	1.24316e-08
genome	36	33	3137161264	1.05191e-08
genome	37	36	3137161264	1.14753e-08
genome	38	42	3137161264	1.33879e-08
genome	39	24	3137161264	7.65023e-09
genome	40	28	3137161264	8.92527e-09
genome	41	29	3137161264	9.24403e-09
genome	42	12	3137161264	3.82511e-09
genome	43	8	3137161264	2.55008e-09
genome	44	2	3137161264	6.37519e-10
genome	45	2	3137161264	6.37519e-10
genome	46	2	3137161264	6.37519e-10
genome	47	1	3137161264	3.1876e-10
genome	48	3	3137161264	9.56279e-10
genome	49	5	3137161264	1.5938e-09
genome	50	7	3137161264	2.23132e-09
genome	51	4	3137161264	1.27504e-09
genome	52	3	3137161264	9.56279e-10
genome	53	1	3137161264	3.1876e-10
