chrM	0	13512	16571	0.8154
chrM	1	2768	16571	0.167039
chrM	2	291	16571	0.0175608
chr1	0	245358223	249250621	0.984384
chr1	1	3851703	249250621	0.0154531
chr1	2	38235	249250621	0.0001534
chr1	3	732	249250621	2.9368e-06
chr1	4	286	249250621	1.14744e-06
chr1	5	84	249250621	3.3701e-07
chr1	6	94	249250621	3.7713e-07
chr1	7	68	249250621	2.72818e-07
chr1	8	33	249250621	1.32397e-07
chr1	9	29	249250621	1.16349e-07
chr1	10	55	249250621	2.20661e-07
chr1	11	68	249250621	2.72818e-07
chr1	12	59	249250621	2.3671e-07
chr1	13	73	249250621	2.92878e-07
chr1	14	61	249250621	2.44734e-07
chr1	15	45	249250621	1.80541e-07
chr1	16	55	249250621	2.20661e-07
chr1	17	50	249250621	2.00601e-07
chr1	18	48	249250621	1.92577e-07
chr1	19	38	249250621	1.52457e-07
chr1	20	36	249250621	1.44433e-07
chr1	21	40	249250621	1.60481e-07
chr1	22	29	249250621	1.16349e-07
chr1	23	34	249250621	1.36409e-07
chr1	24	29	249250621	1.16349e-07
chr1	25	21	249250621	8.42525e-08
chr1	26	25	249250621	1.00301e-07
chr1	27	23	249250621	9.22766e-08
chr1	28	18	249250621	7.22165e-08
chr1	29	14	249250621	5.61684e-08
chr1	30	16	249250621	6.41924e-08
chr1	31	14	249250621	5.61684e-08
chr1	32	18	249250621	7.22165e-08
chr1	33	18	249250621	7.22165e-08
chr1	34	28	249250621	1.12337e-07
chr1	35	26	249250621	1.04313e-07
chr1	36	18	249250621	7.22165e-08
chr1	37	20	249250621	8.02405e-08
chr1	38	17	249250621	6.82044e-08
chr1	39	18	249250621	7.22165e-08
chr1	40	15	249250621	6.01804e-08
chr1	41	18	249250621	7.22165e-08
chr1	42	11	249250621	4.41323e-08
chr1	43	2	249250621	8.02405e-09
chr1	44	17	249250621	6.82044e-08
chr1	45	16	249250621	6.41924e-08
chr1	46	18	249250621	7.22165e-08
chr1	47	11	249250621	4.41323e-08
chr1	48	6	249250621	2.40722e-08
chr1	49	1	249250621	4.01203e-09
chr1	50	3	249250621	1.20361e-08
chr1	51	2	249250621	8.02405e-09
chr2	0	239526631	243199373	0.984898
chr2	1	3623550	243199373	0.0148995
chr2	2	37846	243199373	0.000155617
chr2	3	5588	243199373	2.2977e-05
chr2	4	2562	243199373	1.05346e-05
chr2	5	1404	243199373	5.77304e-06
chr2	6	694	243199373	2.85363e-06
chr2	7	401	243199373	1.64885e-06
chr2	8	327	243199373	1.34458e-06
chr2	9	148	243199373	6.08554e-07
chr2	10	73	243199373	3.00165e-07
chr2	11	21	243199373	8.63489e-08
chr2	12	26	243199373	1.06908e-07
chr2	13	31	243199373	1.27467e-07
chr2	14	21	243199373	8.63489e-08
chr2	15	9	243199373	3.70067e-08
chr2	16	12	243199373	4.93422e-08
chr2	17	12	243199373	4.93422e-08
chr2	18	17	243199373	6.99015e-08
chr3	0	194852718	198022430	0.983993
chr3	1	3140248	198022430	0.015858
chr3	2	29002	198022430	0.000146458
chr3	3	312	198022430	1.57558e-06
chr3	4	42	198022430	2.12097e-07
chr3	5	15	198022430	7.5749e-08
chr3	6	10	198022430	5.04993e-08
chr3	7	7	198022430	3.53495e-08
chr3	8	6	198022430	3.02996e-08
chr3	9	6	198022430	3.02996e-08
chr3	10	4	198022430	2.01997e-08
chr3	11	9	198022430	4.54494e-08
chr3	12	8	198022430	4.03995e-08
chr3	13	9	198022430	4.54494e-08
chr3	14	5	198022430	2.52497e-08
chr3	15	3	198022430	1.51498e-08
chr3	16	7	198022430	3.53495e-08
chr3	17	13	198022430	6.56491e-08
chr3	18	6	198022430	3.02996e-08
chr4	0	189410700	191154276	0.990879
chr4	1	1719066	191154276	0.00899308
chr4	2	16644	191154276	8.7071e-05
chr4	3	4110	191154276	2.1501e-05
chr4	4	2078	191154276	1.08708e-05
chr4	5	734	191154276	3.83983e-06
chr4	6	427	191154276	2.2338e-06
chr4	7	221	191154276	1.15613e-06
chr4	8	116	191154276	6.0684e-07
chr4	9	72	191154276	3.76659e-07
chr4	10	50	191154276	2.61569e-07
chr4	11	11	191154276	5.75451e-08
chr4	12	4	191154276	2.09255e-08
chr4	13	6	191154276	3.13883e-08
chr4	14	4	191154276	2.09255e-08
chr4	15	7	191154276	3.66196e-08
chr4	16	9	191154276	4.70824e-08
chr4	17	9	191154276	4.70824e-08
chr4	18	8	191154276	4.1851e-08
chr5	0	178861855	180915260	0.98865
chr5	1	2041360	180915260	0.0112835
chr5	2	11764	180915260	6.50249e-05
chr5	3	117	180915260	6.46712e-07
chr5	4	90	180915260	4.9747e-07
chr5	5	43	180915260	2.3768e-07
chr5	6	31	180915260	1.71351e-07
chr6	0	167852748	171115067	0.980935
chr6	1	3223610	171115067	0.0188388
chr6	2	34144	171115067	0.000199538
chr6	3	836	171115067	4.8856e-06
chr6	4	509	171115067	2.97461e-06
chr6	5	481	171115067	2.81097e-06
chr6	6	463	171115067	2.70578e-06
chr6	7	458	171115067	2.67656e-06
chr6	8	386	171115067	2.25579e-06
chr6	9	298	171115067	1.74152e-06
chr6	10	258	171115067	1.50776e-06
chr6	11	233	171115067	1.36166e-06
chr6	12	234	171115067	1.3675e-06
chr6	13	222	171115067	1.29737e-06
chr6	14	119	171115067	6.95438e-07
chr6	15	46	171115067	2.68825e-07
chr6	16	18	171115067	1.05192e-07
chr6	17	4	171115067	2.33761e-08
chr7	0	156817835	159138663	0.985416
chr7	1	2295013	159138663	0.0144215
chr7	2	20256	159138663	0.000127285
chr7	3	1489	159138663	9.35662e-06
chr7	4	884	159138663	5.5549e-06
chr7	5	672	159138663	4.22273e-06
chr7	6	471	159138663	2.95968e-06
chr7	7	345	159138663	2.16792e-06
chr7	8	204	159138663	1.2819e-06
chr7	9	160	159138663	1.00541e-06
chr7	10	207	159138663	1.30075e-06
chr7	11	153	159138663	9.61426e-07
chr7	12	105	159138663	6.59802e-07
chr7	13	117	159138663	7.35208e-07
chr7	14	101	159138663	6.34667e-07
chr7	15	134	159138663	8.42033e-07
chr7	16	88	159138663	5.52977e-07
chr7	17	99	159138663	6.22099e-07
chr7	18	72	159138663	4.52436e-07
chr7	19	45	159138663	2.82772e-07
chr7	20	46	159138663	2.89056e-07
chr7	21	44	159138663	2.76488e-07
chr7	22	23	159138663	1.44528e-07
chr7	23	17	159138663	1.06825e-07
chr7	24	15	159138663	9.42574e-08
chr7	25	4	159138663	2.51353e-08
chr7	26	13	159138663	8.16898e-08
chr7	27	5	159138663	3.14191e-08
chr7	28	15	159138663	9.42574e-08
chr7	29	9	159138663	5.65545e-08
chr7	30	5	159138663	3.14191e-08
chr7	31	6	159138663	3.7703e-08
chr7	32	6	159138663	3.7703e-08
chr7	33	4	159138663	2.51353e-08
chr7	34	1	159138663	6.28383e-09
chr8	0	145307555	146364022	0.992782
chr8	1	1045239	146364022	0.00714137
chr8	2	8308	146364022	5.67626e-05
chr8	3	1568	146364022	1.0713e-05
chr8	4	470	146364022	3.21117e-06
chr8	5	364	146364022	2.48695e-06
chr8	6	265	146364022	1.81055e-06
chr8	7	131	146364022	8.95029e-07
chr8	8	42	146364022	2.86956e-07
chr8	9	21	146364022	1.43478e-07
chr8	10	18	146364022	1.22981e-07
chr8	11	13	146364022	8.88196e-08
chr8	12	28	146364022	1.91304e-07
chr9	0	139531854	141213431	0.988092
chr9	1	1666839	141213431	0.0118037
chr9	2	13610	141213431	9.63789e-05
chr9	3	483	141213431	3.42035e-06
chr9	4	429	141213431	3.03795e-06
chr9	5	71	141213431	5.02785e-07
chr9	6	63	141213431	4.46133e-07
chr9	7	21	141213431	1.48711e-07
chr9	8	14	141213431	9.91407e-08
chr9	9	8	141213431	5.66518e-08
chr9	10	3	141213431	2.12444e-08
chr9	11	12	141213431	8.49778e-08
chr9	12	12	141213431	8.49778e-08
chr9	13	12	141213431	8.49778e-08
chr10	0	133855478	135534747	0.98761
chr10	1	1639614	135534747	0.0120974
chr10	2	20869	135534747	0.000153975
chr10	3	5401	135534747	3.98496e-05
chr10	4	2780	135534747	2.05113e-05
chr10	5	2129	135534747	1.57081e-05
chr10	6	1568	135534747	1.1569e-05
chr10	7	1359	135534747	1.00269e-05
chr10	8	1086	135534747	8.0127e-06
chr10	9	892	135534747	6.58134e-06
chr10	10	738	135534747	5.4451e-06
chr10	11	592	135534747	4.36788e-06
chr10	12	492	135534747	3.63007e-06
chr10	13	379	135534747	2.79633e-06
chr10	14	336	135534747	2.47907e-06
chr10	15	275	135534747	2.029e-06
chr10	16	173	135534747	1.27643e-06
chr10	17	146	135534747	1.07721e-06
chr10	18	69	135534747	5.09095e-07
chr10	19	69	135534747	5.09095e-07
chr10	20	54	135534747	3.98422e-07
chr10	21	76	135534747	5.60742e-07
chr10	22	53	135534747	3.91044e-07
chr10	23	27	135534747	1.99211e-07
chr10	24	30	135534747	2.21345e-07
chr10	25	27	135534747	1.99211e-07
chr10	26	12	135534747	8.85382e-08
chr10	27	7	135534747	5.16473e-08
chr10	28	5	135534747	3.68909e-08
chr10	29	2	135534747	1.47564e-08
chr10	30	2	135534747	1.47564e-08
chr10	31	3	135534747	2.21345e-08
chr10	32	4	135534747	2.95127e-08
chr11	0	133007701	135006516	0.985195
chr11	1	1979365	135006516	0.0146613
chr11	2	16996	135006516	0.00012589
chr11	3	1043	135006516	7.72555e-06
chr11	4	520	135006516	3.85167e-06
chr11	5	228	135006516	1.68881e-06
chr11	6	210	135006516	1.55548e-06
chr11	7	197	135006516	1.45919e-06
chr11	8	71	135006516	5.25901e-07
chr11	9	40	135006516	2.96282e-07
chr11	10	45	135006516	3.33317e-07
chr11	11	48	135006516	3.55538e-07
chr11	12	12	135006516	8.88846e-08
chr11	13	5	135006516	3.70352e-08
chr11	14	10	135006516	7.40705e-08
chr11	15	7	135006516	5.18494e-08
chr11	16	11	135006516	8.14776e-08
chr11	17	7	135006516	5.18494e-08
chr12	0	131569733	133851895	0.98295
chr12	1	2256691	133851895	0.0168596
chr12	2	24508	133851895	0.000183098
chr12	3	610	133851895	4.55728e-06
chr12	4	186	133851895	1.3896e-06
chr12	5	78	133851895	5.82734e-07
chr12	6	21	133851895	1.5689e-07
chr12	7	34	133851895	2.54012e-07
chr12	8	11	133851895	8.21804e-08
chr12	9	3	133851895	2.24128e-08
chr12	10	20	133851895	1.49419e-07
chr13	0	114090908	115169878	0.990632
chr13	1	1072891	115169878	0.00931573
chr13	2	6078	115169878	5.27742e-05
chr13	3	1	115169878	8.68283e-09
chr14	0	106592028	107349540	0.992944
chr14	1	754481	107349540	0.00702826
chr14	2	2824	107349540	2.63066e-05
chr14	3	207	107349540	1.92828e-06
chr15	0	101758447	102531392	0.992461
chr15	1	769404	102531392	0.00750408
chr15	2	3477	102531392	3.39116e-05
chr15	3	64	102531392	6.24199e-07
chr16	0	89444354	90354753	0.989924
chr16	1	880286	90354753	0.00974255
chr16	2	15867	90354753	0.000175608
chr16	3	7026	90354753	7.77602e-05
chr16	4	4051	90354753	4.48344e-05
chr16	5	1731	90354753	1.91578e-05
chr16	6	804	90354753	8.89826e-06
chr16	7	335	90354753	3.70761e-06
chr16	8	150	90354753	1.66012e-06
chr16	9	100	90354753	1.10675e-06
chr16	10	29	90354753	3.20957e-07
chr16	11	11	90354753	1.21742e-07
chr16	12	4	90354753	4.42699e-08
chr16	13	5	90354753	5.53374e-08
chr17	0	80198156	81195210	0.98772
chr17	1	987732	81195210	0.0121649
chr17	2	8519	81195210	0.00010492
chr17	3	553	81195210	6.81075e-06
chr17	4	179	81195210	2.20456e-06
chr17	5	71	81195210	8.74436e-07
chr18	0	76375867	78077248	0.978209
chr18	1	1677981	78077248	0.0214913
chr18	2	21045	78077248	0.000269541
chr18	3	931	78077248	1.19241e-05
chr18	4	408	78077248	5.22559e-06
chr18	5	351	78077248	4.49555e-06
chr18	6	203	78077248	2.59999e-06
chr18	7	130	78077248	1.66502e-06
chr18	8	68	78077248	8.70932e-07
chr18	9	106	78077248	1.35763e-06
chr18	10	73	78077248	9.34971e-07
chr18	11	26	78077248	3.33004e-07
chr18	12	10	78077248	1.28078e-07
chr18	13	6	78077248	7.6847e-08
chr18	14	9	78077248	1.1527e-07
chr18	15	4	78077248	5.12313e-08
chr18	16	4	78077248	5.12313e-08
chr18	17	1	78077248	1.28078e-08
chr18	18	7	78077248	8.96548e-08
chr18	19	6	78077248	7.6847e-08
chr18	20	4	78077248	5.12313e-08
chr18	21	4	78077248	5.12313e-08
chr18	22	4	78077248	5.12313e-08
chr19	0	58604123	59128983	0.991123
chr19	1	517283	59128983	0.00874838
chr19	2	4020	59128983	6.7987e-05
chr19	3	551	59128983	9.31861e-06
chr19	4	406	59128983	6.86634e-06
chr19	5	440	59128983	7.44136e-06
chr19	6	362	59128983	6.12221e-06
chr19	7	296	59128983	5.00601e-06
chr19	8	284	59128983	4.80306e-06
chr19	9	166	59128983	2.80742e-06
chr19	10	165	59128983	2.79051e-06
chr19	11	110	59128983	1.86034e-06
chr19	12	87	59128983	1.47136e-06
chr19	13	86	59128983	1.45445e-06
chr19	14	82	59128983	1.3868e-06
chr19	15	66	59128983	1.1162e-06
chr19	16	79	59128983	1.33606e-06
chr19	17	85	59128983	1.43754e-06
chr19	18	58	59128983	9.80906e-07
chr19	19	56	59128983	9.47082e-07
chr19	20	33	59128983	5.58102e-07
chr19	21	29	59128983	4.90453e-07
chr19	22	32	59128983	5.4119e-07
chr19	23	23	59128983	3.8898e-07
chr19	24	19	59128983	3.21331e-07
chr19	25	13	59128983	2.19858e-07
chr19	26	13	59128983	2.19858e-07
chr19	27	8	59128983	1.35297e-07
chr19	28	6	59128983	1.01473e-07
chr19	29	2	59128983	3.38244e-08
chr20	0	62051898	63025520	0.984552
chr20	1	964496	63025520	0.0153033
chr20	2	8518	63025520	0.000135152
chr20	3	347	63025520	5.50571e-06
chr20	4	178	63025520	2.82425e-06
chr20	5	83	63025520	1.31693e-06
chr21	0	47783094	48129895	0.992795
chr21	1	341880	48129895	0.00710328
chr21	2	4002	48129895	8.315e-05
chr21	3	521	48129895	1.08249e-05
chr21	4	165	48129895	3.42822e-06
chr21	5	106	48129895	2.20237e-06
chr21	6	77	48129895	1.59984e-06
chr21	7	49	48129895	1.01808e-06
chr21	8	1	48129895	2.07771e-08
chr22	0	50985019	51304566	0.993772
chr22	1	317542	51304566	0.00618935
chr22	2	1911	51304566	3.72481e-05
chr22	3	90	51304566	1.75423e-06
chr22	4	4	51304566	7.79658e-08
chrX	0	153736341	155270560	0.990119
chrX	1	1522319	155270560	0.0098043
chrX	2	10934	155270560	7.0419e-05
chrX	3	528	155270560	3.40052e-06
chrX	4	188	155270560	1.21079e-06
chrX	5	79	155270560	5.08789e-07
chrX	6	27	155270560	1.7389e-07
chrX	7	77	155270560	4.95909e-07
chrX	8	15	155270560	9.66056e-08
chrX	9	25	155270560	1.61009e-07
chrX	10	17	155270560	1.09486e-07
chrX	11	4	155270560	2.57615e-08
chrX	12	6	155270560	3.86422e-08
chrY	0	59280261	59373566	0.998428
chrY	1	85367	59373566	0.00143779
chrY	2	5113	59373566	8.61158e-05
chrY	3	1675	59373566	2.82112e-05
chrY	4	484	59373566	8.15178e-06
chrY	5	177	59373566	2.98112e-06
chrY	6	171	59373566	2.88007e-06
chrY	7	51	59373566	8.58968e-07
chrY	8	68	59373566	1.14529e-06
chrY	9	54	59373566	9.09496e-07
chrY	10	24	59373566	4.0422e-07
chrY	11	68	59373566	1.14529e-06
chrY	12	29	59373566	4.88433e-07
chrY	13	24	59373566	4.0422e-07
chr1_gl000191_random	0	105583	106433	0.992014
chr1_gl000191_random	1	850	106433	0.00798624
chr1_gl000192_random	0	539283	547496	0.984999
chr1_gl000192_random	1	8126	547496	0.0148421
chr1_gl000192_random	2	87	547496	0.000158905
chr4_ctg9_hap1	0	587026	590426	0.994241
chr4_ctg9_hap1	1	3400	590426	0.00575855
chr4_gl000193_random	0	186440	189789	0.982354
chr4_gl000193_random	1	3248	189789	0.0171137
chr4_gl000193_random	2	101	189789	0.00053217
chr4_gl000194_random	0	188344	191469	0.983679
chr4_gl000194_random	1	3050	191469	0.0159295
chr4_gl000194_random	2	75	191469	0.000391708
chr6_apd_hap1	0	4616740	4622290	0.998799
chr6_apd_hap1	1	5550	4622290	0.0012007
chr6_cox_hap2	0	4779341	4795371	0.996657
chr6_cox_hap2	1	15960	4795371	0.00332821
chr6_cox_hap2	2	70	4795371	1.45974e-05
chr6_dbb_hap3	0	4597884	4610396	0.997286
chr6_dbb_hap3	1	12424	4610396	0.00269478
chr6_dbb_hap3	2	88	4610396	1.90873e-05
chr6_mann_hap4	0	4670534	4683263	0.997282
chr6_mann_hap4	1	12658	4683263	0.00270282
chr6_mann_hap4	2	71	4683263	1.51604e-05
chr6_mcf_hap5	0	4821898	4833398	0.997621
chr6_mcf_hap5	1	11500	4833398	0.00237928
chr6_qbl_hap6	0	4598483	4611984	0.997073
chr6_qbl_hap6	1	13382	4611984	0.00290157
chr6_qbl_hap6	2	89	4611984	1.92976e-05
chr6_qbl_hap6	3	30	4611984	6.50479e-06
chr6_ssto_hap7	0	4916417	4928567	0.997535
chr6_ssto_hap7	1	12150	4928567	0.00246522
chr7_gl000195_random	0	177148	182896	0.968572
chr7_gl000195_random	1	5646	182896	0.03087
chr7_gl000195_random	2	102	182896	0.000557694
chr8_gl000196_random	0	38814	38914	0.99743
chr8_gl000196_random	1	100	38914	0.00256977
chr8_gl000197_random	0	37125	37175	0.998655
chr8_gl000197_random	1	50	37175	0.00134499
chr9_gl000198_random	0	86064	90085	0.955364
chr9_gl000198_random	1	3899	90085	0.0432813
chr9_gl000198_random	2	115	90085	0.00127657
chr9_gl000198_random	3	7	90085	7.77044e-05
chr9_gl000199_random	0	123276	169874	0.725691
chr9_gl000199_random	1	34689	169874	0.204204
chr9_gl000199_random	2	8782	169874	0.0516971
chr9_gl000199_random	3	1908	169874	0.0112319
chr9_gl000199_random	4	705	169874	0.00415013
chr9_gl000199_random	5	258	169874	0.00151877
chr9_gl000199_random	6	33	169874	0.000194262
chr9_gl000199_random	7	21	169874	0.000123621
chr9_gl000199_random	8	17	169874	0.000100074
chr9_gl000199_random	9	14	169874	8.2414e-05
chr9_gl000199_random	10	18	169874	0.000105961
chr9_gl000199_random	11	43	169874	0.000253129
chr9_gl000199_random	12	16	169874	9.41875e-05
chr9_gl000199_random	13	13	169874	7.65273e-05
chr9_gl000199_random	14	5	169874	2.94336e-05
chr9_gl000199_random	15	5	169874	2.94336e-05
chr9_gl000199_random	16	9	169874	5.29804e-05
chr9_gl000199_random	17	10	169874	5.88672e-05
chr9_gl000199_random	18	16	169874	9.41875e-05
chr9_gl000199_random	19	25	169874	0.000147168
chr9_gl000199_random	20	11	169874	6.47539e-05
chr9_gl000200_random	0	185485	187035	0.991713
chr9_gl000200_random	1	1550	187035	0.00828722
chr9_gl000201_random	0	35798	36148	0.990318
chr9_gl000201_random	1	350	36148	0.00968242
chr11_gl000202_random	0	39703	40103	0.990026
chr11_gl000202_random	1	400	40103	0.00997432
chr17_ctg5_hap1	0	1671214	1680828	0.99428
chr17_ctg5_hap1	1	9578	1680828	0.00569838
chr17_ctg5_hap1	2	36	1680828	2.1418e-05
chr17_gl000203_random	0	37148	37498	0.990666
chr17_gl000203_random	1	350	37498	0.00933383
chr17_gl000204_random	0	80260	81310	0.987086
chr17_gl000204_random	1	1050	81310	0.0129135
chr17_gl000205_random	0	168300	174588	0.963984
chr17_gl000205_random	1	6226	174588	0.0356611
chr17_gl000205_random	2	62	174588	0.000355122
chr17_gl000206_random	0	40601	41001	0.990244
chr17_gl000206_random	1	400	41001	0.00975586
chr18_gl000207_random	0	4062	4262	0.953074
chr18_gl000207_random	1	200	4262	0.0469263
chr19_gl000208_random	0	87340	92689	0.942291
chr19_gl000208_random	1	4934	92689	0.0532318
chr19_gl000208_random	2	263	92689	0.00283745
chr19_gl000208_random	3	80	92689	0.000863101
chr19_gl000208_random	4	60	92689	0.000647326
chr19_gl000208_random	5	12	92689	0.000129465
chr19_gl000209_random	0	158369	159169	0.994974
chr19_gl000209_random	1	800	159169	0.0050261
chr21_gl000210_random	0	27632	27682	0.998194
chr21_gl000210_random	1	50	27682	0.00180623
chrUn_gl000211	0	163516	166566	0.981689
chrUn_gl000211	1	3050	166566	0.0183111
chrUn_gl000212	0	183615	186858	0.982645
chrUn_gl000212	1	3236	186858	0.017318
chrUn_gl000212	2	7	186858	3.74616e-05
chrUn_gl000213	0	163189	164239	0.993607
chrUn_gl000213	1	1050	164239	0.00639312
chrUn_gl000214	0	131507	137718	0.954901
chrUn_gl000214	1	6072	137718	0.0440901
chrUn_gl000214	2	139	137718	0.00100931
chrUn_gl000215	0	171345	172545	0.993045
chrUn_gl000215	1	1200	172545	0.00695471
chrUn_gl000216	0	152205	172294	0.883403
chrUn_gl000216	1	14881	172294	0.0863698
chrUn_gl000216	2	3393	172294	0.0196931
chrUn_gl000216	3	1018	172294	0.00590851
chrUn_gl000216	4	420	172294	0.00243769
chrUn_gl000216	5	244	172294	0.00141618
chrUn_gl000216	6	38	172294	0.000220553
chrUn_gl000216	7	14	172294	8.12565e-05
chrUn_gl000216	8	31	172294	0.000179925
chrUn_gl000216	9	1	172294	5.80403e-06
chrUn_gl000216	10	7	172294	4.06282e-05
chrUn_gl000216	11	2	172294	1.16081e-05
chrUn_gl000216	12	8	172294	4.64323e-05
chrUn_gl000216	13	5	172294	2.90202e-05
chrUn_gl000216	14	12	172294	6.96484e-05
chrUn_gl000216	15	15	172294	8.70605e-05
chrUn_gl000217	0	169019	172149	0.981818
chrUn_gl000217	1	3110	172149	0.0180657
chrUn_gl000217	2	20	172149	0.000116178
chrUn_gl000218	0	157571	161147	0.977809
chrUn_gl000218	1	3552	161147	0.022042
chrUn_gl000218	2	24	161147	0.000148932
chrUn_gl000219	0	173492	179198	0.968158
chrUn_gl000219	1	5562	179198	0.0310383
chrUn_gl000219	2	144	179198	0.00080358
chrUn_gl000220	0	122738	161802	0.758569
chrUn_gl000220	1	20781	161802	0.128435
chrUn_gl000220	2	9309	161802	0.0575333
chrUn_gl000220	3	4959	161802	0.0306486
chrUn_gl000220	4	2540	161802	0.0156982
chrUn_gl000220	5	1065	161802	0.00658212
chrUn_gl000220	6	381	161802	0.00235473
chrUn_gl000220	7	29	161802	0.000179231
chrUn_gl000221	0	152196	155397	0.979401
chrUn_gl000221	1	3152	155397	0.0202835
chrUn_gl000221	2	49	155397	0.000315321
chrUn_gl000222	0	184183	186861	0.985668
chrUn_gl000222	1	2656	186861	0.0142138
chrUn_gl000222	2	22	186861	0.000117735
chrUn_gl000223	0	179255	180455	0.99335
chrUn_gl000223	1	1200	180455	0.00664986
chrUn_gl000224	0	173855	179693	0.967511
chrUn_gl000224	1	5476	179693	0.0304742
chrUn_gl000224	2	362	179693	0.00201455
chrUn_gl000225	0	189198	211173	0.895938
chrUn_gl000225	1	17997	211173	0.085224
chrUn_gl000225	2	2907	211173	0.013766
chrUn_gl000225	3	626	211173	0.00296439
chrUn_gl000225	4	152	211173	0.000719789
chrUn_gl000225	5	107	211173	0.000506694
chrUn_gl000225	6	79	211173	0.000374101
chrUn_gl000225	7	29	211173	0.000137328
chrUn_gl000225	8	24	211173	0.000113651
chrUn_gl000225	9	8	211173	3.78836e-05
chrUn_gl000225	10	2	211173	9.47091e-06
chrUn_gl000225	11	3	211173	1.42064e-05
chrUn_gl000225	12	6	211173	2.84127e-05
chrUn_gl000225	13	2	211173	9.47091e-06
chrUn_gl000225	14	3	211173	1.42064e-05
chrUn_gl000225	15	5	211173	2.36773e-05
chrUn_gl000225	16	16	211173	7.57673e-05
chrUn_gl000225	17	9	211173	4.26191e-05
chrUn_gl000226	0	2336	15008	0.15565
chrUn_gl000226	1	3470	15008	0.23121
chrUn_gl000226	2	3664	15008	0.244136
chrUn_gl000226	3	2395	15008	0.159582
chrUn_gl000226	4	1652	15008	0.110075
chrUn_gl000226	5	882	15008	0.0587687
chrUn_gl000226	6	356	15008	0.0237207
chrUn_gl000226	7	150	15008	0.00999467
chrUn_gl000226	8	53	15008	0.00353145
chrUn_gl000226	9	25	15008	0.00166578
chrUn_gl000226	10	11	15008	0.000732942
chrUn_gl000226	11	14	15008	0.000932836
chrUn_gl000227	0	127074	128374	0.989873
chrUn_gl000227	1	1300	128374	0.0101267
chrUn_gl000228	0	125622	129120	0.972909
chrUn_gl000228	1	3045	129120	0.0235827
chrUn_gl000228	2	318	129120	0.00246283
chrUn_gl000228	3	121	129120	0.000937113
chrUn_gl000228	4	14	129120	0.000108426
chrUn_gl000229	0	18791	19913	0.943655
chrUn_gl000229	1	1094	19913	0.054939
chrUn_gl000229	2	28	19913	0.00140612
chrUn_gl000230	0	42541	43691	0.973679
chrUn_gl000230	1	1150	43691	0.0263212
chrUn_gl000231	0	26386	27386	0.963485
chrUn_gl000231	1	1000	27386	0.036515
chrUn_gl000232	0	39302	40652	0.966791
chrUn_gl000232	1	1350	40652	0.0332087
chrUn_gl000233	0	45141	45941	0.982586
chrUn_gl000233	1	800	45941	0.0174136
chrUn_gl000234	0	39034	40531	0.963065
chrUn_gl000234	1	1494	40531	0.0368607
chrUn_gl000234	2	3	40531	7.40174e-05
chrUn_gl000235	0	33397	34474	0.968759
chrUn_gl000235	1	1054	34474	0.0305738
chrUn_gl000235	2	23	34474	0.000667169
chrUn_gl000236	0	41834	41934	0.997615
chrUn_gl000236	1	100	41934	0.0023847
chrUn_gl000237	0	44967	45867	0.980378
chrUn_gl000237	1	900	45867	0.0196219
chrUn_gl000238	0	39639	39939	0.992489
chrUn_gl000238	1	300	39939	0.00751146
chrUn_gl000239	0	32974	33824	0.97487
chrUn_gl000239	1	850	33824	0.0251301
chrUn_gl000240	0	41383	41933	0.986884
chrUn_gl000240	1	550	41933	0.0131162
chrUn_gl000241	0	40464	42152	0.959954
chrUn_gl000241	1	1676	42152	0.0397609
chrUn_gl000241	2	12	42152	0.000284684
chrUn_gl000242	0	43323	43523	0.995405
chrUn_gl000242	1	200	43523	0.00459527
chrUn_gl000243	0	42111	43341	0.97162
chrUn_gl000243	1	1210	43341	0.0279181
chrUn_gl000243	2	20	43341	0.000461457
chrUn_gl000244	0	39479	39929	0.98873
chrUn_gl000244	1	450	39929	0.01127
chrUn_gl000245	0	36101	36651	0.984994
chrUn_gl000245	1	550	36651	0.0150064
chrUn_gl000246	0	38004	38154	0.996069
chrUn_gl000246	1	150	38154	0.00393144
chrUn_gl000247	0	35831	36422	0.983774
chrUn_gl000247	1	582	36422	0.0159794
chrUn_gl000247	2	9	36422	0.000247103
chrUn_gl000248	0	39536	39786	0.993716
chrUn_gl000248	1	250	39786	0.00628362
chrUn_gl000249	0	38202	38502	0.992208
chrUn_gl000249	1	300	38502	0.0077918
genome	0	3097993707	3137161264	0.987515
genome	1	38666098	3137161264	0.0123252
genome	2	395175	3137161264	0.000125966
genome	3	45927	3137161264	1.46397e-05
genome	4	22442	3137161264	7.1536e-06
genome	5	11909	3137161264	3.79611e-06
genome	6	6848	3137161264	2.18287e-06
genome	7	4423	3137161264	1.40987e-06
genome	8	3007	3137161264	9.5851e-07
genome	9	2176	3137161264	6.93621e-07
genome	10	1817	3137161264	5.79186e-07
genome	11	1441	3137161264	4.59332e-07
genome	12	1146	3137161264	3.65298e-07
genome	13	995	3137161264	3.17166e-07
genome	14	768	3137161264	2.44807e-07
genome	15	621	3137161264	1.9795e-07
genome	16	481	3137161264	1.53323e-07
genome	17	445	3137161264	1.41848e-07
genome	18	301	3137161264	9.59466e-08
genome	19	239	3137161264	7.61835e-08
genome	20	184	3137161264	5.86518e-08
genome	21	193	3137161264	6.15206e-08
genome	22	141	3137161264	4.49451e-08
genome	23	101	3137161264	3.21947e-08
genome	24	93	3137161264	2.96446e-08
genome	25	65	3137161264	2.07194e-08
genome	26	63	3137161264	2.00818e-08
genome	27	43	3137161264	1.37067e-08
genome	28	44	3137161264	1.40254e-08
genome	29	27	3137161264	8.60651e-09
genome	30	23	3137161264	7.33147e-09
genome	31	23	3137161264	7.33147e-09
genome	32	28	3137161264	8.92527e-09
genome	33	22	3137161264	7.01271e-09
genome	34	29	3137161264	9.24403e-09
genome	35	26	3137161264	8.28775e-09
genome	36	18	3137161264	5.73767e-09
genome	37	20	3137161264	6.37519e-09
genome	38	17	3137161264	5.41891e-09
genome	39	18	3137161264	5.73767e-09
genome	40	15	3137161264	4.78139e-09
genome	41	18	3137161264	5.73767e-09
genome	42	11	3137161264	3.50635e-09
genome	43	2	3137161264	6.37519e-10
genome	44	17	3137161264	5.41891e-09
genome	45	16	3137161264	5.10015e-09
genome	46	18	3137161264	5.73767e-09
genome	47	11	3137161264	3.50635e-09
genome	48	6	3137161264	1.91256e-09
genome	49	1	3137161264	3.1876e-10
genome	50	3	3137161264	9.56279e-10
genome	51	2	3137161264	6.37519e-10
