chrM	0	13915	16571	0.83972
chrM	1	2215	16571	0.133667
chrM	2	388	16571	0.0234144
chrM	3	53	16571	0.00319836
chr1	0	246512951	249250621	0.989016
chr1	1	2644614	249250621	0.0106103
chr1	2	86631	249250621	0.000347566
chr1	3	4593	249250621	1.84272e-05
chr1	4	471	249250621	1.88966e-06
chr1	5	98	249250621	3.93179e-07
chr1	6	65	249250621	2.60782e-07
chr1	7	76	249250621	3.04914e-07
chr1	8	26	249250621	1.04313e-07
chr1	9	26	249250621	1.04313e-07
chr1	10	34	249250621	1.36409e-07
chr1	11	31	249250621	1.24373e-07
chr1	12	18	249250621	7.22165e-08
chr1	13	18	249250621	7.22165e-08
chr1	14	25	249250621	1.00301e-07
chr1	15	27	249250621	1.08325e-07
chr1	16	24	249250621	9.62886e-08
chr1	17	37	249250621	1.48445e-07
chr1	18	64	249250621	2.5677e-07
chr1	19	50	249250621	2.00601e-07
chr1	20	28	249250621	1.12337e-07
chr1	21	59	249250621	2.3671e-07
chr1	22	32	249250621	1.28385e-07
chr1	23	45	249250621	1.80541e-07
chr1	24	50	249250621	2.00601e-07
chr1	25	47	249250621	1.88565e-07
chr1	26	48	249250621	1.92577e-07
chr1	27	25	249250621	1.00301e-07
chr1	28	15	249250621	6.01804e-08
chr1	29	18	249250621	7.22165e-08
chr1	30	10	249250621	4.01203e-08
chr1	31	10	249250621	4.01203e-08
chr1	32	16	249250621	6.41924e-08
chr1	33	16	249250621	6.41924e-08
chr1	34	10	249250621	4.01203e-08
chr1	35	9	249250621	3.61082e-08
chr1	36	13	249250621	5.21563e-08
chr1	37	9	249250621	3.61082e-08
chr1	38	8	249250621	3.20962e-08
chr1	39	10	249250621	4.01203e-08
chr1	40	2	249250621	8.02405e-09
chr1	41	9	249250621	3.61082e-08
chr1	42	9	249250621	3.61082e-08
chr1	43	14	249250621	5.61684e-08
chr1	44	13	249250621	5.21563e-08
chr1	45	12	249250621	4.81443e-08
chr1	46	15	249250621	6.01804e-08
chr1	47	15	249250621	6.01804e-08
chr1	48	12	249250621	4.81443e-08
chr1	49	8	249250621	3.20962e-08
chr1	50	12	249250621	4.81443e-08
chr1	51	9	249250621	3.61082e-08
chr1	52	13	249250621	5.21563e-08
chr1	53	13	249250621	5.21563e-08
chr1	54	19	249250621	7.62285e-08
chr1	55	15	249250621	6.01804e-08
chr1	56	4	249250621	1.60481e-08
chr1	57	8	249250621	3.20962e-08
chr1	58	6	249250621	2.40722e-08
chr1	59	15	249250621	6.01804e-08
chr1	60	12	249250621	4.81443e-08
chr1	61	12	249250621	4.81443e-08
chr1	62	5	249250621	2.00601e-08
chr1	63	2	249250621	8.02405e-09
chr1	64	2	249250621	8.02405e-09
chr1	65	8	249250621	3.20962e-08
chr2	0	239264910	243199373	0.983822
chr2	1	3777582	243199373	0.0155329
chr2	2	140312	243199373	0.000576942
chr2	3	9786	243199373	4.02386e-05
chr2	4	2118	243199373	8.7089e-06
chr2	5	1154	243199373	4.74508e-06
chr2	6	784	243199373	3.22369e-06
chr2	7	626	243199373	2.57402e-06
chr2	8	525	243199373	2.15872e-06
chr2	9	369	243199373	1.51727e-06
chr2	10	342	243199373	1.40625e-06
chr2	11	220	243199373	9.04608e-07
chr2	12	150	243199373	6.16778e-07
chr2	13	117	243199373	4.81087e-07
chr2	14	85	243199373	3.49507e-07
chr2	15	55	243199373	2.26152e-07
chr2	16	74	243199373	3.04277e-07
chr2	17	45	243199373	1.85033e-07
chr2	18	47	243199373	1.93257e-07
chr2	19	34	243199373	1.39803e-07
chr2	20	30	243199373	1.23356e-07
chr2	21	6	243199373	2.46711e-08
chr2	22	2	243199373	8.22371e-09
chr3	0	195872912	198022430	0.989145
chr3	1	2081340	198022430	0.0105106
chr3	2	64923	198022430	0.000327857
chr3	3	2958	198022430	1.49377e-05
chr3	4	156	198022430	7.8779e-07
chr3	5	42	198022430	2.12097e-07
chr3	6	4	198022430	2.01997e-08
chr3	7	2	198022430	1.00999e-08
chr3	8	5	198022430	2.52497e-08
chr3	9	2	198022430	1.00999e-08
chr3	10	4	198022430	2.01997e-08
chr3	11	16	198022430	8.07989e-08
chr3	12	1	198022430	5.04993e-09
chr3	13	4	198022430	2.01997e-08
chr3	14	4	198022430	2.01997e-08
chr3	15	1	198022430	5.04993e-09
chr3	16	5	198022430	2.52497e-08
chr3	17	2	198022430	1.00999e-08
chr3	18	5	198022430	2.52497e-08
chr3	19	1	198022430	5.04993e-09
chr3	20	4	198022430	2.01997e-08
chr3	21	2	198022430	1.00999e-08
chr3	22	9	198022430	4.54494e-08
chr3	23	10	198022430	5.04993e-08
chr3	24	14	198022430	7.06991e-08
chr3	25	4	198022430	2.01997e-08
chr4	0	189065701	191154276	0.989074
chr4	1	2020735	191154276	0.0105712
chr4	2	64046	191154276	0.000335049
chr4	3	3298	191154276	1.72531e-05
chr4	4	348	191154276	1.82052e-06
chr4	5	75	191154276	3.92353e-07
chr4	6	20	191154276	1.04628e-07
chr4	7	18	191154276	9.41648e-08
chr4	8	9	191154276	4.70824e-08
chr4	9	16	191154276	8.3702e-08
chr4	10	10	191154276	5.23138e-08
chr5	0	178910607	180915260	0.988919
chr5	1	1943546	180915260	0.0107429
chr5	2	58130	180915260	0.000321311
chr5	3	2820	180915260	1.55874e-05
chr5	4	151	180915260	8.34645e-07
chr5	5	6	180915260	3.31647e-08
chr6	0	168547261	171115067	0.984994
chr6	1	2463691	171115067	0.0143979
chr6	2	94265	171115067	0.000550887
chr6	3	5979	171115067	3.49414e-05
chr6	4	681	171115067	3.97978e-06
chr6	5	231	171115067	1.34997e-06
chr6	6	174	171115067	1.01686e-06
chr6	7	218	171115067	1.274e-06
chr6	8	161	171115067	9.40887e-07
chr6	9	152	171115067	8.88291e-07
chr6	10	172	171115067	1.00517e-06
chr6	11	196	171115067	1.14543e-06
chr6	12	285	171115067	1.66555e-06
chr6	13	209	171115067	1.2214e-06
chr6	14	168	171115067	9.81795e-07
chr6	15	175	171115067	1.0227e-06
chr6	16	195	171115067	1.13958e-06
chr6	17	180	171115067	1.05192e-06
chr6	18	115	171115067	6.72062e-07
chr6	19	76	171115067	4.44146e-07
chr6	20	59	171115067	3.44797e-07
chr6	21	67	171115067	3.91549e-07
chr6	22	69	171115067	4.03237e-07
chr6	23	36	171115067	2.10385e-07
chr6	24	33	171115067	1.92853e-07
chr6	25	29	171115067	1.69477e-07
chr6	26	14	171115067	8.18163e-08
chr6	27	18	171115067	1.05192e-07
chr6	28	17	171115067	9.93483e-08
chr6	29	24	171115067	1.40256e-07
chr6	30	26	171115067	1.51945e-07
chr6	31	23	171115067	1.34412e-07
chr6	32	19	171115067	1.11036e-07
chr6	33	13	171115067	7.59723e-08
chr6	34	16	171115067	9.35043e-08
chr6	35	14	171115067	8.18163e-08
chr6	36	5	171115067	2.92201e-08
chr6	37	1	171115067	5.84402e-09
chr7	0	155675975	159138663	0.978241
chr7	1	3310935	159138663	0.0208053
chr7	2	139266	159138663	0.000875124
chr7	3	9775	159138663	6.14244e-05
chr7	4	1020	159138663	6.4095e-06
chr7	5	159	159138663	9.99129e-07
chr7	6	116	159138663	7.28924e-07
chr7	7	126	159138663	7.91762e-07
chr7	8	134	159138663	8.42033e-07
chr7	9	100	159138663	6.28383e-07
chr7	10	107	159138663	6.7237e-07
chr7	11	87	159138663	5.46693e-07
chr7	12	66	159138663	4.14733e-07
chr7	13	67	159138663	4.21016e-07
chr7	14	24	159138663	1.50812e-07
chr7	15	36	159138663	2.26218e-07
chr7	16	66	159138663	4.14733e-07
chr7	17	67	159138663	4.21016e-07
chr7	18	60	159138663	3.7703e-07
chr7	19	52	159138663	3.26759e-07
chr7	20	62	159138663	3.89597e-07
chr7	21	73	159138663	4.58719e-07
chr7	22	63	159138663	3.95881e-07
chr7	23	34	159138663	2.1365e-07
chr7	24	19	159138663	1.19393e-07
chr7	25	12	159138663	7.54059e-08
chr7	26	5	159138663	3.14191e-08
chr7	27	11	159138663	6.91221e-08
chr7	28	14	159138663	8.79736e-08
chr7	29	15	159138663	9.42574e-08
chr7	30	12	159138663	7.54059e-08
chr7	31	2	159138663	1.25677e-08
chr7	32	14	159138663	8.79736e-08
chr7	33	14	159138663	8.79736e-08
chr7	34	3	159138663	1.88515e-08
chr7	35	3	159138663	1.88515e-08
chr7	36	5	159138663	3.14191e-08
chr7	37	11	159138663	6.91221e-08
chr7	38	17	159138663	1.06825e-07
chr7	39	18	159138663	1.13109e-07
chr7	40	12	159138663	7.54059e-08
chr7	41	3	159138663	1.88515e-08
chr7	42	3	159138663	1.88515e-08
chr8	0	144002080	146364022	0.983863
chr8	1	2269762	146364022	0.0155077
chr8	2	81321	146364022	0.000555608
chr8	3	6789	146364022	4.63844e-05
chr8	4	1775	146364022	1.21273e-05
chr8	5	863	146364022	5.89626e-06
chr8	6	451	146364022	3.08136e-06
chr8	7	235	146364022	1.60559e-06
chr8	8	163	146364022	1.11366e-06
chr8	9	185	146364022	1.26397e-06
chr8	10	113	146364022	7.72048e-07
chr8	11	97	146364022	6.62731e-07
chr8	12	76	146364022	5.19253e-07
chr8	13	10	146364022	6.83228e-08
chr8	14	9	146364022	6.14905e-08
chr8	15	23	146364022	1.57142e-07
chr8	16	25	146364022	1.70807e-07
chr8	17	31	146364022	2.11801e-07
chr8	18	10	146364022	6.83228e-08
chr8	19	3	146364022	2.04968e-08
chr8	20	1	146364022	6.83228e-09
chr9	0	139918550	141213431	0.99083
chr9	1	1254435	141213431	0.00888326
chr9	2	37525	141213431	0.000265733
chr9	3	2224	141213431	1.57492e-05
chr9	4	284	141213431	2.01114e-06
chr9	5	156	141213431	1.10471e-06
chr9	6	85	141213431	6.01926e-07
chr9	7	34	141213431	2.4077e-07
chr9	8	55	141213431	3.89481e-07
chr9	9	15	141213431	1.06222e-07
chr9	10	8	141213431	5.66518e-08
chr9	11	14	141213431	9.91407e-08
chr9	12	2	141213431	1.4163e-08
chr9	13	11	141213431	7.78963e-08
chr9	14	10	141213431	7.08148e-08
chr9	15	8	141213431	5.66518e-08
chr9	16	12	141213431	8.49778e-08
chr9	17	3	141213431	2.12444e-08
chr10	0	133077601	135534747	0.981871
chr10	1	2352871	135534747	0.0173599
chr10	2	92637	135534747	0.000683493
chr10	3	6236	135534747	4.60103e-05
chr10	4	1536	135534747	1.13329e-05
chr10	5	690	135534747	5.09095e-06
chr10	6	508	135534747	3.74812e-06
chr10	7	425	135534747	3.13573e-06
chr10	8	390	135534747	2.87749e-06
chr10	9	272	135534747	2.00687e-06
chr10	10	263	135534747	1.94046e-06
chr10	11	185	135534747	1.36496e-06
chr10	12	166	135534747	1.22478e-06
chr10	13	122	135534747	9.00138e-07
chr10	14	113	135534747	8.33735e-07
chr10	15	93	135534747	6.86171e-07
chr10	16	75	135534747	5.53364e-07
chr10	17	111	135534747	8.18978e-07
chr10	18	98	135534747	7.23062e-07
chr10	19	82	135534747	6.05011e-07
chr10	20	50	135534747	3.68909e-07
chr10	21	33	135534747	2.4348e-07
chr10	22	40	135534747	2.95127e-07
chr10	23	34	135534747	2.50858e-07
chr10	24	13	135534747	9.59164e-08
chr10	25	9	135534747	6.64036e-08
chr10	26	13	135534747	9.59164e-08
chr10	27	24	135534747	1.77076e-07
chr10	28	17	135534747	1.25429e-07
chr10	29	12	135534747	8.85382e-08
chr10	30	5	135534747	3.68909e-08
chr10	31	10	135534747	7.37818e-08
chr10	32	8	135534747	5.90255e-08
chr10	33	5	135534747	3.68909e-08
chr11	0	133417114	135006516	0.988227
chr11	1	1537190	135006516	0.011386
chr11	2	49005	135006516	0.000362982
chr11	3	2239	135006516	1.65844e-05
chr11	4	294	135006516	2.17767e-06
chr11	5	200	135006516	1.48141e-06
chr11	6	179	135006516	1.32586e-06
chr11	7	89	135006516	6.59227e-07
chr11	8	58	135006516	4.29609e-07
chr11	9	23	135006516	1.70362e-07
chr11	10	35	135006516	2.59247e-07
chr11	11	6	135006516	4.44423e-08
chr11	12	1	135006516	7.40705e-09
chr11	13	1	135006516	7.40705e-09
chr11	14	1	135006516	7.40705e-09
chr11	15	9	135006516	6.66635e-08
chr11	16	5	135006516	3.70352e-08
chr11	17	2	135006516	1.48141e-08
chr11	18	3	135006516	2.22212e-08
chr11	19	2	135006516	1.48141e-08
chr11	20	4	135006516	2.96282e-08
chr11	21	1	135006516	7.40705e-09
chr11	22	3	135006516	2.22212e-08
chr11	23	2	135006516	1.48141e-08
chr11	24	2	135006516	1.48141e-08
chr11	25	3	135006516	2.22212e-08
chr11	26	1	135006516	7.40705e-09
chr11	27	4	135006516	2.96282e-08
chr11	28	2	135006516	1.48141e-08
chr11	29	3	135006516	2.22212e-08
chr11	30	4	135006516	2.96282e-08
chr11	31	12	135006516	8.88846e-08
chr11	32	2	135006516	1.48141e-08
chr11	33	7	135006516	5.18494e-08
chr11	34	7	135006516	5.18494e-08
chr11	35	3	135006516	2.22212e-08
chr12	0	132222047	133851895	0.987823
chr12	1	1571369	133851895	0.0117396
chr12	2	54664	133851895	0.000408392
chr12	3	3481	133851895	2.60064e-05
chr12	4	277	133851895	2.06945e-06
chr12	5	40	133851895	2.98838e-07
chr12	6	17	133851895	1.27006e-07
chr13	0	114413451	115169878	0.993432
chr13	1	737483	115169878	0.00640344
chr13	2	18129	115169878	0.000157411
chr13	3	801	115169878	6.95494e-06
chr13	4	14	115169878	1.2156e-07
chr14	0	106015144	107349540	0.98757
chr14	1	1287123	107349540	0.01199
chr14	2	45022	107349540	0.000419396
chr14	3	2121	107349540	1.97579e-05
chr14	4	130	107349540	1.211e-06
chr15	0	101783643	102531392	0.992707
chr15	1	727261	102531392	0.00709306
chr15	2	19692	102531392	0.000192058
chr15	3	699	102531392	6.81742e-06
chr15	4	81	102531392	7.90002e-07
chr15	5	12	102531392	1.17037e-07
chr15	6	4	102531392	3.90124e-08
chr16	0	89274802	90354753	0.988048
chr16	1	1039542	90354753	0.0115051
chr16	2	38316	90354753	0.000424062
chr16	3	1950	90354753	2.15816e-05
chr16	4	139	90354753	1.53838e-06
chr16	5	4	90354753	4.42699e-08
chr17	0	80470379	81195210	0.991073
chr17	1	702546	81195210	0.00865255
chr17	2	20858	81195210	0.000256887
chr17	3	1040	81195210	1.28086e-05
chr17	4	147	81195210	1.81045e-06
chr17	5	123	81195210	1.51487e-06
chr17	6	25	81195210	3.079e-07
chr17	7	32	81195210	3.94112e-07
chr17	8	49	81195210	6.03484e-07
chr17	9	11	81195210	1.35476e-07
chr18	0	77159091	78077248	0.98824
chr18	1	889387	78077248	0.0113911
chr18	2	25974	78077248	0.000332671
chr18	3	1753	78077248	2.24521e-05
chr18	4	367	78077248	4.70047e-06
chr18	5	206	78077248	2.63841e-06
chr18	6	88	78077248	1.12709e-06
chr18	7	112	78077248	1.43448e-06
chr18	8	53	78077248	6.78815e-07
chr18	9	71	78077248	9.09356e-07
chr18	10	29	78077248	3.71427e-07
chr18	11	19	78077248	2.43349e-07
chr18	12	8	78077248	1.02463e-07
chr18	13	10	78077248	1.28078e-07
chr18	14	26	78077248	3.33004e-07
chr18	15	15	78077248	1.92117e-07
chr18	16	4	78077248	5.12313e-08
chr18	17	4	78077248	5.12313e-08
chr18	18	11	78077248	1.40886e-07
chr18	19	12	78077248	1.53694e-07
chr18	20	7	78077248	8.96548e-08
chr18	21	1	78077248	1.28078e-08
chr19	0	58413782	59128983	0.987904
chr19	1	687271	59128983	0.0116233
chr19	2	24786	59128983	0.000419185
chr19	3	1872	59128983	3.16596e-05
chr19	4	338	59128983	5.71632e-06
chr19	5	219	59128983	3.70377e-06
chr19	6	89	59128983	1.50518e-06
chr19	7	67	59128983	1.13312e-06
chr19	8	76	59128983	1.28533e-06
chr19	9	61	59128983	1.03164e-06
chr19	10	50	59128983	8.45609e-07
chr19	11	36	59128983	6.08838e-07
chr19	12	43	59128983	7.27224e-07
chr19	13	41	59128983	6.93399e-07
chr19	14	21	59128983	3.55156e-07
chr19	15	30	59128983	5.07365e-07
chr19	16	30	59128983	5.07365e-07
chr19	17	14	59128983	2.36771e-07
chr19	18	17	59128983	2.87507e-07
chr19	19	13	59128983	2.19858e-07
chr19	20	21	59128983	3.55156e-07
chr19	21	13	59128983	2.19858e-07
chr19	22	17	59128983	2.87507e-07
chr19	23	12	59128983	2.02946e-07
chr19	24	6	59128983	1.01473e-07
chr19	25	6	59128983	1.01473e-07
chr19	26	9	59128983	1.5221e-07
chr19	27	4	59128983	6.76487e-08
chr19	28	4	59128983	6.76487e-08
chr19	29	4	59128983	6.76487e-08
chr19	30	2	59128983	3.38244e-08
chr19	31	1	59128983	1.69122e-08
chr19	32	7	59128983	1.18385e-07
chr19	33	13	59128983	2.19858e-07
chr19	34	7	59128983	1.18385e-07
chr19	35	1	59128983	1.69122e-08
chr20	0	62072512	63025520	0.984879
chr20	1	917648	63025520	0.0145599
chr20	2	33518	63025520	0.000531816
chr20	3	1762	63025520	2.79569e-05
chr20	4	70	63025520	1.11066e-06
chr20	5	10	63025520	1.58666e-07
chr21	0	47788029	48129895	0.992897
chr21	1	332064	48129895	0.00689933
chr21	2	9329	48129895	0.00019383
chr21	3	464	48129895	9.64058e-06
chr21	4	9	48129895	1.86994e-07
chr22	0	51028467	51304566	0.994618
chr22	1	268034	51304566	0.00522437
chr22	2	7574	51304566	0.000147628
chr22	3	446	51304566	8.69318e-06
chr22	4	45	51304566	8.77115e-07
chrX	0	153507338	155270560	0.988644
chrX	1	1700343	155270560	0.0109508
chrX	2	57088	155270560	0.000367668
chrX	3	4121	155270560	2.65408e-05
chrX	4	1021	155270560	6.57562e-06
chrX	5	356	155270560	2.29277e-06
chrX	6	148	155270560	9.53175e-07
chrX	7	48	155270560	3.09138e-07
chrX	8	39	155270560	2.51174e-07
chrX	9	29	155270560	1.86771e-07
chrX	10	13	155270560	8.37248e-08
chrX	11	15	155270560	9.66056e-08
chrX	12	1	155270560	6.44037e-09
chrY	0	59324976	59373566	0.999182
chrY	1	47146	59373566	0.000794057
chrY	2	983	59373566	1.65562e-05
chrY	3	175	59373566	2.94744e-06
chrY	4	109	59373566	1.83583e-06
chrY	5	50	59373566	8.42126e-07
chrY	6	38	59373566	6.40015e-07
chrY	7	22	59373566	3.70535e-07
chrY	8	16	59373566	2.6948e-07
chrY	9	2	59373566	3.3685e-08
chrY	10	10	59373566	1.68425e-07
chrY	11	2	59373566	3.3685e-08
chrY	12	13	59373566	2.18953e-07
chrY	13	15	59373566	2.52638e-07
chrY	14	9	59373566	1.51583e-07
chr1_gl000191_random	0	106033	106433	0.996242
chr1_gl000191_random	1	400	106433	0.00375823
chr1_gl000192_random	0	538337	547496	0.983271
chr1_gl000192_random	1	8968	547496	0.01638
chr1_gl000192_random	2	191	547496	0.000348861
chr4_ctg9_hap1	0	587889	590426	0.995703
chr4_ctg9_hap1	1	2474	590426	0.00419019
chr4_ctg9_hap1	2	63	590426	0.000106703
chr4_gl000193_random	0	185082	189789	0.975199
chr4_gl000193_random	1	4499	189789	0.0237053
chr4_gl000193_random	2	173	189789	0.000911539
chr4_gl000193_random	3	35	189789	0.000184415
chr4_gl000194_random	0	187578	191469	0.979678
chr4_gl000194_random	1	3832	191469	0.0200137
chr4_gl000194_random	2	59	191469	0.000308144
chr6_apd_hap1	0	4617240	4622290	0.998907
chr6_apd_hap1	1	5050	4622290	0.00109253
chr6_cox_hap2	0	4783049	4795371	0.99743
chr6_cox_hap2	1	12294	4795371	0.00256372
chr6_cox_hap2	2	28	4795371	5.83896e-06
chr6_dbb_hap3	0	4602724	4610396	0.998336
chr6_dbb_hap3	1	7644	4610396	0.00165799
chr6_dbb_hap3	2	28	4610396	6.07323e-06
chr6_mann_hap4	0	4671696	4683263	0.99753
chr6_mann_hap4	1	11434	4683263	0.00244146
chr6_mann_hap4	2	133	4683263	2.8399e-05
chr6_mcf_hap5	0	4824892	4833398	0.99824
chr6_mcf_hap5	1	8462	4833398	0.00175074
chr6_mcf_hap5	2	44	4833398	9.10333e-06
chr6_qbl_hap6	0	4601898	4611984	0.997813
chr6_qbl_hap6	1	10072	4611984	0.00218388
chr6_qbl_hap6	2	14	4611984	3.03557e-06
chr6_ssto_hap7	0	4918289	4928567	0.997915
chr6_ssto_hap7	1	10156	4928567	0.00206064
chr6_ssto_hap7	2	122	4928567	2.47536e-05
chr7_gl000195_random	0	178384	182896	0.97533
chr7_gl000195_random	1	4324	182896	0.0236419
chr7_gl000195_random	2	188	182896	0.00102791
chr8_gl000196_random	0	38457	38914	0.988256
chr8_gl000196_random	1	414	38914	0.0106388
chr8_gl000196_random	2	43	38914	0.001105
chr8_gl000197_random	0	36925	37175	0.993275
chr8_gl000197_random	1	250	37175	0.00672495
chr9_gl000198_random	0	87531	90085	0.971649
chr9_gl000198_random	1	2376	90085	0.0263751
chr9_gl000198_random	2	160	90085	0.0017761
chr9_gl000198_random	3	18	90085	0.000199811
chr9_gl000199_random	0	130574	169874	0.768652
chr9_gl000199_random	1	26439	169874	0.155639
chr9_gl000199_random	2	7183	169874	0.0422843
chr9_gl000199_random	3	2503	169874	0.0147344
chr9_gl000199_random	4	921	169874	0.00542167
chr9_gl000199_random	5	617	169874	0.0036321
chr9_gl000199_random	6	404	169874	0.00237823
chr9_gl000199_random	7	348	169874	0.00204858
chr9_gl000199_random	8	263	169874	0.00154821
chr9_gl000199_random	9	205	169874	0.00120678
chr9_gl000199_random	10	120	169874	0.000706406
chr9_gl000199_random	11	60	169874	0.000353203
chr9_gl000199_random	12	24	169874	0.000141281
chr9_gl000199_random	13	31	169874	0.000182488
chr9_gl000199_random	14	27	169874	0.000158941
chr9_gl000199_random	15	26	169874	0.000153055
chr9_gl000199_random	16	16	169874	9.41875e-05
chr9_gl000199_random	17	2	169874	1.17734e-05
chr9_gl000199_random	18	7	169874	4.1207e-05
chr9_gl000199_random	19	7	169874	4.1207e-05
chr9_gl000199_random	20	18	169874	0.000105961
chr9_gl000199_random	21	12	169874	7.06406e-05
chr9_gl000199_random	22	7	169874	4.1207e-05
chr9_gl000199_random	23	3	169874	1.76601e-05
chr9_gl000199_random	24	1	169874	5.88672e-06
chr9_gl000199_random	25	3	169874	1.76601e-05
chr9_gl000199_random	26	1	169874	5.88672e-06
chr9_gl000199_random	27	2	169874	1.17734e-05
chr9_gl000199_random	28	3	169874	1.76601e-05
chr9_gl000199_random	29	1	169874	5.88672e-06
chr9_gl000199_random	30	2	169874	1.17734e-05
chr9_gl000199_random	31	3	169874	1.76601e-05
chr9_gl000199_random	32	1	169874	5.88672e-06
chr9_gl000199_random	33	4	169874	2.35469e-05
chr9_gl000199_random	35	4	169874	2.35469e-05
chr9_gl000199_random	36	2	169874	1.17734e-05
chr9_gl000199_random	37	1	169874	5.88672e-06
chr9_gl000199_random	38	3	169874	1.76601e-05
chr9_gl000199_random	39	1	169874	5.88672e-06
chr9_gl000199_random	40	1	169874	5.88672e-06
chr9_gl000199_random	41	2	169874	1.17734e-05
chr9_gl000199_random	42	4	169874	2.35469e-05
chr9_gl000199_random	43	4	169874	2.35469e-05
chr9_gl000199_random	44	3	169874	1.76601e-05
chr9_gl000199_random	45	6	169874	3.53203e-05
chr9_gl000199_random	46	5	169874	2.94336e-05
chr9_gl000200_random	0	186535	187035	0.997327
chr9_gl000200_random	1	500	187035	0.0026733
chr9_gl000201_random	0	36098	36148	0.998617
chr9_gl000201_random	1	50	36148	0.0013832
chr11_gl000202_random	0	39801	40103	0.992469
chr11_gl000202_random	1	254	40103	0.00633369
chr11_gl000202_random	2	48	40103	0.00119692
chr17_ctg5_hap1	0	1670527	1680828	0.993871
chr17_ctg5_hap1	1	10002	1680828	0.00595064
chr17_ctg5_hap1	2	299	1680828	0.000177889
chr17_gl000203_random	0	37298	37498	0.994666
chr17_gl000203_random	1	200	37498	0.00533362
chr17_gl000204_random	0	81060	81310	0.996925
chr17_gl000204_random	1	250	81310	0.00307465
chr17_gl000205_random	0	171301	174588	0.981173
chr17_gl000205_random	1	3274	174588	0.0187527
chr17_gl000205_random	2	13	174588	7.4461e-05
chr17_gl000206_random	0	40951	41001	0.99878
chr17_gl000206_random	1	50	41001	0.00121948
chr18_gl000207_random	0	4212	4262	0.988268
chr18_gl000207_random	1	50	4262	0.0117316
chr19_gl000208_random	0	88538	92689	0.955216
chr19_gl000208_random	1	3023	92689	0.0326144
chr19_gl000208_random	2	675	92689	0.00728242
chr19_gl000208_random	3	304	92689	0.00327979
chr19_gl000208_random	4	130	92689	0.00140254
chr19_gl000208_random	5	19	92689	0.000204987
chr19_gl000209_random	0	158669	159169	0.996859
chr19_gl000209_random	1	500	159169	0.00314132
chr21_gl000210_random	0	27632	27682	0.998194
chr21_gl000210_random	1	50	27682	0.00180623
chrUn_gl000211	0	163191	166566	0.979738
chrUn_gl000211	1	3350	166566	0.0201121
chrUn_gl000211	2	25	166566	0.000150091
chrUn_gl000212	0	184622	186858	0.988034
chrUn_gl000212	1	2186	186858	0.0116987
chrUn_gl000212	2	36	186858	0.00019266
chrUn_gl000212	3	14	186858	7.49232e-05
chrUn_gl000213	0	163439	164239	0.995129
chrUn_gl000213	1	800	164239	0.00487095
chrUn_gl000214	0	131207	137718	0.952722
chrUn_gl000214	1	5579	137718	0.0405103
chrUn_gl000214	2	718	137718	0.00521355
chrUn_gl000214	3	149	137718	0.00108192
chrUn_gl000214	4	37	137718	0.000268665
chrUn_gl000214	5	28	137718	0.000203314
chrUn_gl000215	0	172095	172545	0.997392
chrUn_gl000215	1	450	172545	0.00260802
chrUn_gl000216	0	167085	172294	0.969767
chrUn_gl000216	1	4610	172294	0.0267566
chrUn_gl000216	2	531	172294	0.00308194
chrUn_gl000216	3	44	172294	0.000255377
chrUn_gl000216	4	24	172294	0.000139297
chrUn_gl000217	0	169949	172149	0.98722
chrUn_gl000217	1	2200	172149	0.0127796
chrUn_gl000218	0	157575	161147	0.977834
chrUn_gl000218	1	3379	161147	0.0209684
chrUn_gl000218	2	158	161147	0.000980471
chrUn_gl000218	3	35	161147	0.000217193
chrUn_gl000219	0	175676	179198	0.980346
chrUn_gl000219	1	3253	179198	0.0181531
chrUn_gl000219	2	260	179198	0.00145091
chrUn_gl000219	3	9	179198	5.02238e-05
chrUn_gl000220	0	147373	161802	0.910823
chrUn_gl000220	1	10297	161802	0.0636395
chrUn_gl000220	2	2626	161802	0.0162297
chrUn_gl000220	3	809	161802	0.00499994
chrUn_gl000220	4	394	161802	0.00243507
chrUn_gl000220	5	129	161802	0.000797271
chrUn_gl000220	6	50	161802	0.00030902
chrUn_gl000220	7	66	161802	0.000407906
chrUn_gl000220	8	31	161802	0.000191592
chrUn_gl000220	9	27	161802	0.000166871
chrUn_gl000221	0	151696	155397	0.976184
chrUn_gl000221	1	3607	155397	0.0232115
chrUn_gl000221	2	89	155397	0.000572727
chrUn_gl000221	3	5	155397	3.21757e-05
chrUn_gl000222	0	185439	186861	0.99239
chrUn_gl000222	1	1344	186861	0.00719251
chrUn_gl000222	2	78	186861	0.000417423
chrUn_gl000223	0	179417	180455	0.994248
chrUn_gl000223	1	1026	180455	0.00568563
chrUn_gl000223	2	12	180455	6.64986e-05
chrUn_gl000224	0	173809	179693	0.967255
chrUn_gl000224	1	4899	179693	0.0272632
chrUn_gl000224	2	719	179693	0.00400127
chrUn_gl000224	3	194	179693	0.00107962
chrUn_gl000224	4	22	179693	0.000122431
chrUn_gl000224	5	15	179693	8.34757e-05
chrUn_gl000224	6	7	179693	3.89553e-05
chrUn_gl000224	7	8	179693	4.45204e-05
chrUn_gl000224	8	10	179693	5.56505e-05
chrUn_gl000224	9	10	179693	5.56505e-05
chrUn_gl000225	0	207179	211173	0.981087
chrUn_gl000225	1	3788	211173	0.0179379
chrUn_gl000225	2	206	211173	0.000975503
chrUn_gl000226	0	1069	15008	0.0712287
chrUn_gl000226	1	1032	15008	0.0687633
chrUn_gl000226	2	1272	15008	0.0847548
chrUn_gl000226	3	1031	15008	0.0686967
chrUn_gl000226	4	1030	15008	0.0686301
chrUn_gl000226	5	1052	15008	0.0700959
chrUn_gl000226	6	1009	15008	0.0672308
chrUn_gl000226	7	958	15008	0.0638326
chrUn_gl000226	8	881	15008	0.058702
chrUn_gl000226	9	773	15008	0.0515059
chrUn_gl000226	10	767	15008	0.0511061
chrUn_gl000226	11	601	15008	0.0400453
chrUn_gl000226	12	540	15008	0.0359808
chrUn_gl000226	13	540	15008	0.0359808
chrUn_gl000226	14	493	15008	0.0328491
chrUn_gl000226	15	361	15008	0.0240538
chrUn_gl000226	16	246	15008	0.0163913
chrUn_gl000226	17	238	15008	0.0158582
chrUn_gl000226	18	149	15008	0.00992804
chrUn_gl000226	19	176	15008	0.0117271
chrUn_gl000226	20	116	15008	0.00772921
chrUn_gl000226	21	112	15008	0.00746269
chrUn_gl000226	22	69	15008	0.00459755
chrUn_gl000226	23	57	15008	0.00379797
chrUn_gl000226	24	46	15008	0.00306503
chrUn_gl000226	25	52	15008	0.00346482
chrUn_gl000226	26	35	15008	0.00233209
chrUn_gl000226	27	31	15008	0.00206556
chrUn_gl000226	28	27	15008	0.00179904
chrUn_gl000226	29	29	15008	0.0019323
chrUn_gl000226	30	23	15008	0.00153252
chrUn_gl000226	31	23	15008	0.00153252
chrUn_gl000226	32	37	15008	0.00246535
chrUn_gl000226	33	46	15008	0.00306503
chrUn_gl000226	34	46	15008	0.00306503
chrUn_gl000226	35	22	15008	0.00146588
chrUn_gl000226	36	12	15008	0.000799574
chrUn_gl000226	37	6	15008	0.000399787
chrUn_gl000226	38	1	15008	6.66311e-05
chrUn_gl000227	0	127176	128374	0.990668
chrUn_gl000227	1	1146	128374	0.00892704
chrUn_gl000227	2	52	128374	0.000405066
chrUn_gl000228	0	128125	129120	0.992294
chrUn_gl000228	1	990	129120	0.00766729
chrUn_gl000228	2	5	129120	3.87237e-05
chrUn_gl000229	0	19056	19913	0.956963
chrUn_gl000229	1	740	19913	0.0371617
chrUn_gl000229	2	91	19913	0.00456988
chrUn_gl000229	3	26	19913	0.00130568
chrUn_gl000230	0	42528	43691	0.973381
chrUn_gl000230	1	1076	43691	0.0246275
chrUn_gl000230	2	87	43691	0.00199126
chrUn_gl000231	0	26718	27386	0.975608
chrUn_gl000231	1	636	27386	0.0232235
chrUn_gl000231	2	32	27386	0.00116848
chrUn_gl000232	0	38109	40652	0.937445
chrUn_gl000232	1	2344	40652	0.0576601
chrUn_gl000232	2	191	40652	0.00469842
chrUn_gl000232	3	8	40652	0.000196792
chrUn_gl000233	0	44257	45941	0.963344
chrUn_gl000233	1	1668	45941	0.0363074
chrUn_gl000233	2	16	45941	0.000348273
chrUn_gl000234	0	38395	40531	0.9473
chrUn_gl000234	1	2022	40531	0.0498877
chrUn_gl000234	2	114	40531	0.00281266
chrUn_gl000235	0	33196	34474	0.962929
chrUn_gl000235	1	1256	34474	0.0364333
chrUn_gl000235	2	22	34474	0.000638162
chrUn_gl000236	0	41752	41934	0.99566
chrUn_gl000236	1	164	41934	0.00391091
chrUn_gl000236	2	18	41934	0.000429246
chrUn_gl000237	0	44570	45867	0.971723
chrUn_gl000237	1	1194	45867	0.0260318
chrUn_gl000237	2	103	45867	0.00224562
chrUn_gl000238	0	39739	39939	0.994992
chrUn_gl000238	1	200	39939	0.00500764
chrUn_gl000239	0	32454	33824	0.959496
chrUn_gl000239	1	1290	33824	0.0381386
chrUn_gl000239	2	80	33824	0.00236518
chrUn_gl000240	0	41483	41933	0.989269
chrUn_gl000240	1	450	41933	0.0107314
chrUn_gl000241	0	40201	42152	0.953715
chrUn_gl000241	1	1852	42152	0.0439362
chrUn_gl000241	2	99	42152	0.00234864
chrUn_gl000242	0	43273	43523	0.994256
chrUn_gl000242	1	250	43523	0.00574409
chrUn_gl000243	0	42524	43341	0.981149
chrUn_gl000243	1	784	43341	0.0180891
chrUn_gl000243	2	33	43341	0.000761404
chrUn_gl000244	0	39529	39929	0.989982
chrUn_gl000244	1	400	39929	0.0100178
chrUn_gl000245	0	35701	36651	0.97408
chrUn_gl000245	1	950	36651	0.0259202
chrUn_gl000246	0	37754	38154	0.989516
chrUn_gl000246	1	400	38154	0.0104838
chrUn_gl000247	0	35914	36422	0.986052
chrUn_gl000247	1	466	36422	0.0127945
chrUn_gl000247	2	42	36422	0.00115315
chrUn_gl000248	0	39636	39786	0.99623
chrUn_gl000248	1	150	39786	0.00377017
chrUn_gl000249	0	38452	38502	0.998701
chrUn_gl000249	1	50	38502	0.00129863
genome	0	3098973801	3137161264	0.987827
genome	1	36775702	3137161264	0.0117226
genome	2	1281561	3137161264	0.00040851
genome	3	82619	3137161264	2.63356e-05
genome	4	14139	3137161264	4.50694e-06
genome	5	6554	3137161264	2.08915e-06
genome	6	4265	3137161264	1.35951e-06
genome	7	3510	3137161264	1.11885e-06
genome	8	2944	3137161264	9.38428e-07
genome	9	2349	3137161264	7.48766e-07
genome	10	2077	3137161264	6.62064e-07
genome	11	1585	3137161264	5.05234e-07
genome	12	1394	3137161264	4.44351e-07
genome	13	1196	3137161264	3.81236e-07
genome	14	1015	3137161264	3.23541e-07
genome	15	859	3137161264	2.73814e-07
genome	16	777	3137161264	2.47676e-07
genome	17	736	3137161264	2.34607e-07
genome	18	586	3137161264	1.86793e-07
genome	19	508	3137161264	1.6193e-07
genome	20	400	3137161264	1.27504e-07
genome	21	379	3137161264	1.2081e-07
genome	22	311	3137161264	9.91342e-08
genome	23	233	3137161264	7.4271e-08
genome	24	184	3137161264	5.86518e-08
genome	25	165	3137161264	5.25953e-08
genome	26	126	3137161264	4.01637e-08
genome	27	119	3137161264	3.79324e-08
genome	28	99	3137161264	3.15572e-08
genome	29	106	3137161264	3.37885e-08
genome	30	84	3137161264	2.67758e-08
genome	31	84	3137161264	2.67758e-08
genome	32	104	3137161264	3.3151e-08
genome	33	118	3137161264	3.76136e-08
genome	34	89	3137161264	2.83696e-08
genome	35	56	3137161264	1.78505e-08
genome	36	37	3137161264	1.17941e-08
genome	37	28	3137161264	8.92527e-09
genome	38	29	3137161264	9.24403e-09
genome	39	29	3137161264	9.24403e-09
genome	40	15	3137161264	4.78139e-09
genome	41	14	3137161264	4.46263e-09
genome	42	16	3137161264	5.10015e-09
genome	43	18	3137161264	5.73767e-09
genome	44	16	3137161264	5.10015e-09
genome	45	18	3137161264	5.73767e-09
genome	46	20	3137161264	6.37519e-09
genome	47	15	3137161264	4.78139e-09
genome	48	12	3137161264	3.82511e-09
genome	49	8	3137161264	2.55008e-09
genome	50	12	3137161264	3.82511e-09
genome	51	9	3137161264	2.86884e-09
genome	52	13	3137161264	4.14387e-09
genome	53	13	3137161264	4.14387e-09
genome	54	19	3137161264	6.05643e-09
genome	55	15	3137161264	4.78139e-09
genome	56	4	3137161264	1.27504e-09
genome	57	8	3137161264	2.55008e-09
genome	58	6	3137161264	1.91256e-09
genome	59	15	3137161264	4.78139e-09
genome	60	12	3137161264	3.82511e-09
genome	61	12	3137161264	3.82511e-09
genome	62	5	3137161264	1.5938e-09
genome	63	2	3137161264	6.37519e-10
genome	64	2	3137161264	6.37519e-10
genome	65	8	3137161264	2.55008e-09
