chrM	0	4813	16571	0.290447
chrM	1	4370	16571	0.263714
chrM	2	3076	16571	0.185625
chrM	3	2263	16571	0.136564
chrM	4	1144	16571	0.0690363
chrM	5	477	16571	0.0287852
chrM	6	210	16571	0.0126727
chrM	7	112	16571	0.0067588
chrM	8	71	16571	0.00428459
chrM	9	34	16571	0.00205178
chrM	10	1	16571	6.03464e-05
chr1	0	245516857	249250621	0.98502
chr1	1	3574852	249250621	0.0143424
chr1	2	147053	249250621	0.00058998
chr1	3	9561	249250621	3.8359e-05
chr1	4	958	249250621	3.84352e-06
chr1	5	155	249250621	6.21864e-07
chr1	6	75	249250621	3.00902e-07
chr1	7	61	249250621	2.44734e-07
chr1	8	22	249250621	8.82646e-08
chr1	9	30	249250621	1.20361e-07
chr1	10	47	249250621	1.88565e-07
chr1	11	68	249250621	2.72818e-07
chr1	12	74	249250621	2.9689e-07
chr1	13	73	249250621	2.92878e-07
chr1	14	65	249250621	2.60782e-07
chr1	15	57	249250621	2.28685e-07
chr1	16	45	249250621	1.80541e-07
chr1	17	36	249250621	1.44433e-07
chr1	18	41	249250621	1.64493e-07
chr1	19	53	249250621	2.12637e-07
chr1	20	39	249250621	1.56469e-07
chr1	21	39	249250621	1.56469e-07
chr1	22	29	249250621	1.16349e-07
chr1	23	11	249250621	4.41323e-08
chr1	24	7	249250621	2.80842e-08
chr1	25	8	249250621	3.20962e-08
chr1	26	13	249250621	5.21563e-08
chr1	27	14	249250621	5.61684e-08
chr1	28	8	249250621	3.20962e-08
chr1	29	6	249250621	2.40722e-08
chr1	30	3	249250621	1.20361e-08
chr1	31	2	249250621	8.02405e-09
chr1	32	8	249250621	3.20962e-08
chr1	33	14	249250621	5.61684e-08
chr1	34	22	249250621	8.82646e-08
chr1	35	26	249250621	1.04313e-07
chr1	36	18	249250621	7.22165e-08
chr1	37	20	249250621	8.02405e-08
chr1	38	5	249250621	2.00601e-08
chr1	39	14	249250621	5.61684e-08
chr1	40	11	249250621	4.41323e-08
chr1	41	8	249250621	3.20962e-08
chr1	42	13	249250621	5.21563e-08
chr1	43	17	249250621	6.82044e-08
chr1	44	16	249250621	6.41924e-08
chr1	45	14	249250621	5.61684e-08
chr1	46	8	249250621	3.20962e-08
chr1	47	7	249250621	2.80842e-08
chr1	48	5	249250621	2.00601e-08
chr1	49	4	249250621	1.60481e-08
chr1	50	6	249250621	2.40722e-08
chr1	51	9	249250621	3.61082e-08
chr1	52	7	249250621	2.80842e-08
chr1	53	5	249250621	2.00601e-08
chr1	54	2	249250621	8.02405e-09
chr2	0	239173175	243199373	0.983445
chr2	1	3848857	243199373	0.0158259
chr2	2	160729	243199373	0.000660894
chr2	3	10928	243199373	4.49343e-05
chr2	4	2088	243199373	8.58555e-06
chr2	5	1237	243199373	5.08636e-06
chr2	6	793	243199373	3.2607e-06
chr2	7	522	243199373	2.14639e-06
chr2	8	378	243199373	1.55428e-06
chr2	9	250	243199373	1.02796e-06
chr2	10	147	243199373	6.04442e-07
chr2	11	93	243199373	3.82402e-07
chr2	12	33	243199373	1.35691e-07
chr2	13	10	243199373	4.11185e-08
chr2	14	14	243199373	5.75659e-08
chr2	15	27	243199373	1.1102e-07
chr2	16	16	243199373	6.57896e-08
chr2	17	21	243199373	8.63489e-08
chr2	18	25	243199373	1.02796e-07
chr2	19	10	243199373	4.11185e-08
chr2	20	15	243199373	6.16778e-08
chr2	21	5	243199373	2.05593e-08
chr3	0	195732752	198022430	0.988437
chr3	1	2205486	198022430	0.0111376
chr3	2	80304	198022430	0.00040553
chr3	3	3585	198022430	1.8104e-05
chr3	4	208	198022430	1.05039e-06
chr3	5	9	198022430	4.54494e-08
chr3	6	8	198022430	4.03995e-08
chr3	7	2	198022430	1.00999e-08
chr3	8	7	198022430	3.53495e-08
chr3	9	1	198022430	5.04993e-09
chr3	10	9	198022430	4.54494e-08
chr3	11	2	198022430	1.00999e-08
chr3	12	1	198022430	5.04993e-09
chr3	13	2	198022430	1.00999e-08
chr3	14	2	198022430	1.00999e-08
chr3	15	4	198022430	2.01997e-08
chr3	16	2	198022430	1.00999e-08
chr3	17	1	198022430	5.04993e-09
chr3	18	2	198022430	1.00999e-08
chr3	19	5	198022430	2.52497e-08
chr3	20	5	198022430	2.52497e-08
chr3	21	9	198022430	4.54494e-08
chr3	22	2	198022430	1.00999e-08
chr3	23	3	198022430	1.51498e-08
chr3	24	3	198022430	1.51498e-08
chr3	25	11	198022430	5.55493e-08
chr3	26	5	198022430	2.52497e-08
chr4	0	188799522	191154276	0.987681
chr4	1	2266033	191154276	0.0118545
chr4	2	83812	191154276	0.000438452
chr4	3	4703	191154276	2.46032e-05
chr4	4	196	191154276	1.02535e-06
chr4	5	10	191154276	5.23138e-08
chr5	0	178964099	180915260	0.989215
chr5	1	1882343	180915260	0.0104046
chr5	2	65346	180915260	0.000361197
chr5	3	3157	180915260	1.74502e-05
chr5	4	281	180915260	1.55321e-06
chr5	5	34	180915260	1.87933e-07
chr6	0	168569387	171115067	0.985123
chr6	1	2439604	171115067	0.0142571
chr6	2	97144	171115067	0.000567712
chr6	3	5587	171115067	3.26505e-05
chr6	4	733	171115067	4.28367e-06
chr6	5	353	171115067	2.06294e-06
chr6	6	304	171115067	1.77658e-06
chr6	7	324	171115067	1.89346e-06
chr6	8	333	171115067	1.94606e-06
chr6	9	310	171115067	1.81165e-06
chr6	10	229	171115067	1.33828e-06
chr6	11	182	171115067	1.06361e-06
chr6	12	160	171115067	9.35043e-07
chr6	13	176	171115067	1.02855e-06
chr6	14	99	171115067	5.78558e-07
chr6	15	41	171115067	2.39605e-07
chr6	16	24	171115067	1.40256e-07
chr6	17	32	171115067	1.87009e-07
chr6	18	34	171115067	1.98697e-07
chr6	19	7	171115067	4.09081e-08
chr6	20	4	171115067	2.33761e-08
chr7	0	155916289	159138663	0.979751
chr7	1	3065368	159138663	0.0192622
chr7	2	145098	159138663	0.000911771
chr7	3	9175	159138663	5.76541e-05
chr7	4	1096	159138663	6.88708e-06
chr7	5	201	159138663	1.26305e-06
chr7	6	128	159138663	8.0433e-07
chr7	7	76	159138663	4.77571e-07
chr7	8	130	159138663	8.16898e-07
chr7	9	106	159138663	6.66086e-07
chr7	10	98	159138663	6.15815e-07
chr7	11	91	159138663	5.71828e-07
chr7	12	115	159138663	7.2264e-07
chr7	13	80	159138663	5.02706e-07
chr7	14	84	159138663	5.27842e-07
chr7	15	53	159138663	3.33043e-07
chr7	16	41	159138663	2.57637e-07
chr7	17	50	159138663	3.14191e-07
chr7	18	37	159138663	2.32502e-07
chr7	19	50	159138663	3.14191e-07
chr7	20	57	159138663	3.58178e-07
chr7	21	54	159138663	3.39327e-07
chr7	22	28	159138663	1.75947e-07
chr7	23	30	159138663	1.88515e-07
chr7	24	18	159138663	1.13109e-07
chr7	25	6	159138663	3.7703e-08
chr7	26	10	159138663	6.28383e-08
chr7	27	7	159138663	4.39868e-08
chr7	28	8	159138663	5.02706e-08
chr7	29	7	159138663	4.39868e-08
chr7	30	5	159138663	3.14191e-08
chr7	31	3	159138663	1.88515e-08
chr7	32	15	159138663	9.42574e-08
chr7	33	7	159138663	4.39868e-08
chr7	34	8	159138663	5.02706e-08
chr7	35	14	159138663	8.79736e-08
chr7	36	11	159138663	6.91221e-08
chr7	37	8	159138663	5.02706e-08
chr7	38	1	159138663	6.28383e-09
chr8	0	144152427	146364022	0.98489
chr8	1	2112770	146364022	0.014435
chr8	2	88670	146364022	0.000605818
chr8	3	6942	146364022	4.74297e-05
chr8	4	1346	146364022	9.19625e-06
chr8	5	728	146364022	4.9739e-06
chr8	6	386	146364022	2.63726e-06
chr8	7	216	146364022	1.47577e-06
chr8	8	202	146364022	1.38012e-06
chr8	9	97	146364022	6.62731e-07
chr8	10	81	146364022	5.53415e-07
chr8	11	59	146364022	4.03105e-07
chr8	12	51	146364022	3.48446e-07
chr8	13	23	146364022	1.57142e-07
chr8	14	12	146364022	8.19874e-08
chr8	15	7	146364022	4.7826e-08
chr8	16	5	146364022	3.41614e-08
chr9	0	140102849	141213431	0.992135
chr9	1	1071924	141213431	0.00759081
chr9	2	36355	141213431	0.000257447
chr9	3	1732	141213431	1.22651e-05
chr9	4	316	141213431	2.23775e-06
chr9	5	96	141213431	6.79822e-07
chr9	6	29	141213431	2.05363e-07
chr9	7	42	141213431	2.97422e-07
chr9	8	29	141213431	2.05363e-07
chr9	9	9	141213431	6.37333e-08
chr9	10	9	141213431	6.37333e-08
chr9	11	2	141213431	1.4163e-08
chr9	12	9	141213431	6.37333e-08
chr9	13	5	141213431	3.54074e-08
chr9	14	17	141213431	1.20385e-07
chr9	15	6	141213431	4.24889e-08
chr9	16	2	141213431	1.4163e-08
chr10	0	133357744	135534747	0.983938
chr10	1	2078848	135534747	0.0153381
chr10	2	87833	135534747	0.000648048
chr10	3	5862	135534747	4.32509e-05
chr10	4	1059	135534747	7.81349e-06
chr10	5	574	135534747	4.23508e-06
chr10	6	480	135534747	3.54153e-06
chr10	7	428	135534747	3.15786e-06
chr10	8	314	135534747	2.31675e-06
chr10	9	274	135534747	2.02162e-06
chr10	10	198	135534747	1.46088e-06
chr10	11	178	135534747	1.31332e-06
chr10	12	139	135534747	1.02557e-06
chr10	13	106	135534747	7.82087e-07
chr10	14	97	135534747	7.15684e-07
chr10	15	124	135534747	9.14894e-07
chr10	16	78	135534747	5.75498e-07
chr10	17	68	135534747	5.01716e-07
chr10	18	73	135534747	5.38607e-07
chr10	19	61	135534747	4.50069e-07
chr10	20	43	135534747	3.17262e-07
chr10	21	61	135534747	4.50069e-07
chr10	22	45	135534747	3.32018e-07
chr10	23	25	135534747	1.84455e-07
chr10	24	24	135534747	1.77076e-07
chr10	25	7	135534747	5.16473e-08
chr10	26	4	135534747	2.95127e-08
chr11	0	133235509	135006516	0.986882
chr11	1	1700432	135006516	0.0125952
chr11	2	65837	135006516	0.000487658
chr11	3	3356	135006516	2.48581e-05
chr11	4	613	135006516	4.54052e-06
chr11	5	241	135006516	1.7851e-06
chr11	6	141	135006516	1.04439e-06
chr11	7	69	135006516	5.11086e-07
chr11	8	57	135006516	4.22202e-07
chr11	9	41	135006516	3.03689e-07
chr11	10	58	135006516	4.29609e-07
chr11	11	48	135006516	3.55538e-07
chr11	12	12	135006516	8.88846e-08
chr11	13	22	135006516	1.62955e-07
chr11	14	12	135006516	8.88846e-08
chr11	15	10	135006516	7.40705e-08
chr11	16	2	135006516	1.48141e-08
chr11	17	2	135006516	1.48141e-08
chr11	18	1	135006516	7.40705e-09
chr11	19	2	135006516	1.48141e-08
chr11	20	2	135006516	1.48141e-08
chr11	21	2	135006516	1.48141e-08
chr11	22	1	135006516	7.40705e-09
chr11	23	1	135006516	7.40705e-09
chr11	24	2	135006516	1.48141e-08
chr11	25	2	135006516	1.48141e-08
chr11	26	1	135006516	7.40705e-09
chr11	27	5	135006516	3.70352e-08
chr11	28	3	135006516	2.22212e-08
chr11	29	10	135006516	7.40705e-08
chr11	30	11	135006516	8.14776e-08
chr11	31	6	135006516	4.44423e-08
chr11	32	4	135006516	2.96282e-08
chr11	33	1	135006516	7.40705e-09
chr12	0	132232580	133851895	0.987902
chr12	1	1551999	133851895	0.0115949
chr12	2	62852	133851895	0.000469564
chr12	3	4130	133851895	3.0855e-05
chr12	4	313	133851895	2.33841e-06
chr12	5	21	133851895	1.5689e-07
chr13	0	114352594	115169878	0.992904
chr13	1	790184	115169878	0.00686103
chr13	2	25939	115169878	0.000225224
chr13	3	1081	115169878	9.38613e-06
chr13	4	55	115169878	4.77555e-07
chr13	5	25	115169878	2.17071e-07
chr14	0	106074223	107349540	0.98812
chr14	1	1224684	107349540	0.0114084
chr14	2	48053	107349540	0.000447631
chr14	3	2426	107349540	2.25991e-05
chr14	4	138	107349540	1.28552e-06
chr14	5	16	107349540	1.49046e-07
chr15	0	101842669	102531392	0.993283
chr15	1	666302	102531392	0.00649852
chr15	2	21382	102531392	0.000208541
chr15	3	972	102531392	9.48002e-06
chr15	4	67	102531392	6.53458e-07
chr16	0	89422204	90354753	0.989679
chr16	1	898302	90354753	0.00994194
chr16	2	32141	90354753	0.00035572
chr16	3	1902	90354753	2.10504e-05
chr16	4	160	90354753	1.7708e-06
chr16	5	44	90354753	4.86969e-07
chr17	0	80582662	81195210	0.992456
chr17	1	591045	81195210	0.00727931
chr17	2	19992	81195210	0.000246221
chr17	3	1290	81195210	1.58876e-05
chr17	4	75	81195210	9.237e-07
chr17	5	94	81195210	1.1577e-06
chr17	6	33	81195210	4.06428e-07
chr17	7	19	81195210	2.34004e-07
chr18	0	77047845	78077248	0.986816
chr18	1	988571	78077248	0.0126614
chr18	2	37958	78077248	0.00048616
chr18	3	2186	78077248	2.79979e-05
chr18	4	258	78077248	3.30442e-06
chr18	5	106	78077248	1.35763e-06
chr18	6	75	78077248	9.60587e-07
chr18	7	63	78077248	8.06893e-07
chr18	8	67	78077248	8.58125e-07
chr18	9	42	78077248	5.37929e-07
chr18	10	24	78077248	3.07388e-07
chr18	11	17	78077248	2.17733e-07
chr18	12	3	78077248	3.84235e-08
chr18	13	4	78077248	5.12313e-08
chr18	14	4	78077248	5.12313e-08
chr18	15	6	78077248	7.6847e-08
chr18	16	5	78077248	6.40391e-08
chr18	17	5	78077248	6.40391e-08
chr18	18	9	78077248	1.1527e-07
chr19	0	58579812	59128983	0.990712
chr19	1	526767	59128983	0.00890878
chr19	2	19511	59128983	0.000329974
chr19	3	1676	59128983	2.83448e-05
chr19	4	315	59128983	5.32734e-06
chr19	5	213	59128983	3.60229e-06
chr19	6	135	59128983	2.28314e-06
chr19	7	66	59128983	1.1162e-06
chr19	8	81	59128983	1.36989e-06
chr19	9	57	59128983	9.63994e-07
chr19	10	35	59128983	5.91926e-07
chr19	11	10	59128983	1.69122e-07
chr19	12	10	59128983	1.69122e-07
chr19	13	14	59128983	2.36771e-07
chr19	14	23	59128983	3.8898e-07
chr19	15	42	59128983	7.10312e-07
chr19	16	21	59128983	3.55156e-07
chr19	17	34	59128983	5.75014e-07
chr19	18	44	59128983	7.44136e-07
chr19	19	27	59128983	4.56629e-07
chr19	20	15	59128983	2.53683e-07
chr19	21	16	59128983	2.70595e-07
chr19	22	14	59128983	2.36771e-07
chr19	23	20	59128983	3.38244e-07
chr19	24	7	59128983	1.18385e-07
chr19	25	6	59128983	1.01473e-07
chr19	26	6	59128983	1.01473e-07
chr19	27	4	59128983	6.76487e-08
chr19	28	2	59128983	3.38244e-08
chr20	0	62198573	63025520	0.986879
chr20	1	792848	63025520	0.0125798
chr20	2	32035	63025520	0.000508286
chr20	3	1744	63025520	2.76713e-05
chr20	4	261	63025520	4.14118e-06
chr20	5	48	63025520	7.61596e-07
chr20	6	11	63025520	1.74532e-07
chr21	0	47734572	48129895	0.991786
chr21	1	381566	48129895	0.00792784
chr21	2	13040	48129895	0.000270933
chr21	3	714	48129895	1.48349e-05
chr21	4	3	48129895	6.23313e-08
chr22	0	51060383	51304566	0.995241
chr22	1	236687	51304566	0.00461337
chr22	2	7325	51304566	0.000142775
chr22	3	171	51304566	3.33304e-06
chrX	0	153831070	155270560	0.990729
chrX	1	1383152	155270560	0.00890801
chrX	2	51309	155270560	0.000330449
chrX	3	3713	155270560	2.39131e-05
chrX	4	697	155270560	4.48894e-06
chrX	5	319	155270560	2.05448e-06
chrX	6	82	155270560	5.2811e-07
chrX	7	64	155270560	4.12184e-07
chrX	8	64	155270560	4.12184e-07
chrX	9	25	155270560	1.61009e-07
chrX	10	26	155270560	1.6745e-07
chrX	11	16	155270560	1.03046e-07
chrX	12	5	155270560	3.22019e-08
chrX	13	17	155270560	1.09486e-07
chrX	14	1	155270560	6.44037e-09
chrY	0	59328102	59373566	0.999234
chrY	1	44179	59373566	0.000744085
chrY	2	1138	59373566	1.91668e-05
chrY	3	143	59373566	2.40848e-06
chrY	4	4	59373566	6.737e-08
chr1_gl000191_random	0	105433	106433	0.990604
chr1_gl000191_random	1	1000	106433	0.00939558
chr1_gl000192_random	0	537050	547496	0.98092
chr1_gl000192_random	1	10002	547496	0.0182686
chr1_gl000192_random	2	434	547496	0.0007927
chr1_gl000192_random	3	10	547496	1.8265e-05
chr4_ctg9_hap1	0	587481	590426	0.995012
chr4_ctg9_hap1	1	2890	590426	0.00489477
chr4_ctg9_hap1	2	55	590426	9.31531e-05
chr4_gl000193_random	0	185239	189789	0.976026
chr4_gl000193_random	1	4300	189789	0.0226567
chr4_gl000193_random	2	250	189789	0.00131725
chr4_gl000194_random	0	188382	191469	0.983877
chr4_gl000194_random	1	2974	191469	0.0155325
chr4_gl000194_random	2	113	191469	0.000590174
chr6_apd_hap1	0	4618140	4622290	0.999102
chr6_apd_hap1	1	4150	4622290	0.000897823
chr6_cox_hap2	0	4783946	4795371	0.997617
chr6_cox_hap2	1	11250	4795371	0.00234601
chr6_cox_hap2	2	175	4795371	3.64935e-05
chr6_dbb_hap3	0	4601558	4610396	0.998083
chr6_dbb_hap3	1	8776	4610396	0.00190352
chr6_dbb_hap3	2	62	4610396	1.34479e-05
chr6_mann_hap4	0	4671633	4683263	0.997517
chr6_mann_hap4	1	11560	4683263	0.00246836
chr6_mann_hap4	2	70	4683263	1.49468e-05
chr6_mcf_hap5	0	4826471	4833398	0.998567
chr6_mcf_hap5	1	6904	4833398	0.00142839
chr6_mcf_hap5	2	23	4833398	4.75856e-06
chr6_qbl_hap6	0	4604561	4611984	0.99839
chr6_qbl_hap6	1	7246	4611984	0.00157112
chr6_qbl_hap6	2	177	4611984	3.83783e-05
chr6_ssto_hap7	0	4919633	4928567	0.998187
chr6_ssto_hap7	1	8868	4928567	0.00179931
chr6_ssto_hap7	2	66	4928567	1.33913e-05
chr7_gl000195_random	0	177975	182896	0.973094
chr7_gl000195_random	1	4685	182896	0.0256157
chr7_gl000195_random	2	193	182896	0.00105524
chr7_gl000195_random	3	43	182896	0.000235106
chr8_gl000196_random	0	38664	38914	0.993576
chr8_gl000196_random	1	250	38914	0.00642442
chr8_gl000197_random	0	37075	37175	0.99731
chr8_gl000197_random	1	100	37175	0.00268998
chr9_gl000198_random	0	88222	90085	0.97932
chr9_gl000198_random	1	1782	90085	0.0197813
chr9_gl000198_random	2	75	90085	0.000832547
chr9_gl000198_random	3	6	90085	6.66038e-05
chr9_gl000199_random	0	145879	169874	0.858748
chr9_gl000199_random	1	18298	169874	0.107715
chr9_gl000199_random	2	3258	169874	0.0191789
chr9_gl000199_random	3	1091	169874	0.00642241
chr9_gl000199_random	4	472	169874	0.00277853
chr9_gl000199_random	5	229	169874	0.00134806
chr9_gl000199_random	6	174	169874	0.00102429
chr9_gl000199_random	7	102	169874	0.000600445
chr9_gl000199_random	8	70	169874	0.00041207
chr9_gl000199_random	9	77	169874	0.000453277
chr9_gl000199_random	10	44	169874	0.000259016
chr9_gl000199_random	11	27	169874	0.000158941
chr9_gl000199_random	12	29	169874	0.000170715
chr9_gl000199_random	13	17	169874	0.000100074
chr9_gl000199_random	14	20	169874	0.000117734
chr9_gl000199_random	15	17	169874	0.000100074
chr9_gl000199_random	16	2	169874	1.17734e-05
chr9_gl000199_random	17	13	169874	7.65273e-05
chr9_gl000199_random	18	13	169874	7.65273e-05
chr9_gl000199_random	19	5	169874	2.94336e-05
chr9_gl000199_random	20	10	169874	5.88672e-05
chr9_gl000199_random	21	2	169874	1.17734e-05
chr9_gl000199_random	22	4	169874	2.35469e-05
chr9_gl000199_random	23	8	169874	4.70937e-05
chr9_gl000199_random	24	3	169874	1.76601e-05
chr9_gl000199_random	25	2	169874	1.17734e-05
chr9_gl000199_random	26	6	169874	3.53203e-05
chr9_gl000199_random	27	2	169874	1.17734e-05
chr9_gl000200_random	0	186635	187035	0.997861
chr9_gl000200_random	1	400	187035	0.00213864
chr11_gl000202_random	0	39953	40103	0.99626
chr11_gl000202_random	1	150	40103	0.00374037
chr17_ctg5_hap1	0	1672260	1680828	0.994902
chr17_ctg5_hap1	1	8286	1680828	0.00492971
chr17_ctg5_hap1	2	282	1680828	0.000167774
chr17_gl000203_random	0	37148	37498	0.990666
chr17_gl000203_random	1	350	37498	0.00933383
chr17_gl000204_random	0	81010	81310	0.99631
chr17_gl000204_random	1	300	81310	0.00368958
chr17_gl000205_random	0	170216	174588	0.974958
chr17_gl000205_random	1	4294	174588	0.024595
chr17_gl000205_random	2	78	174588	0.000446766
chr17_gl000206_random	0	40901	41001	0.997561
chr17_gl000206_random	1	100	41001	0.00243896
chr18_gl000207_random	0	4212	4262	0.988268
chr18_gl000207_random	1	50	4262	0.0117316
chr19_gl000208_random	0	87628	92689	0.945398
chr19_gl000208_random	1	4066	92689	0.0438671
chr19_gl000208_random	2	651	92689	0.00702349
chr19_gl000208_random	3	247	92689	0.00266483
chr19_gl000208_random	4	94	92689	0.00101414
chr19_gl000208_random	5	3	92689	3.23663e-05
chr19_gl000209_random	0	158769	159169	0.997487
chr19_gl000209_random	1	400	159169	0.00251305
chr21_gl000210_random	0	27582	27682	0.996388
chr21_gl000210_random	1	100	27682	0.00361246
chrUn_gl000211	0	164867	166566	0.9898
chrUn_gl000211	1	1648	166566	0.00989398
chrUn_gl000211	2	51	166566	0.000306185
chrUn_gl000212	0	184870	186858	0.989361
chrUn_gl000212	1	1976	186858	0.0105749
chrUn_gl000212	2	12	186858	6.42199e-05
chrUn_gl000213	0	163739	164239	0.996956
chrUn_gl000213	1	500	164239	0.00304434
chrUn_gl000214	0	130164	137718	0.945149
chrUn_gl000214	1	6290	137718	0.045673
chrUn_gl000214	2	882	137718	0.00640439
chrUn_gl000214	3	251	137718	0.00182256
chrUn_gl000214	4	112	137718	0.000813256
chrUn_gl000214	5	19	137718	0.000137963
chrUn_gl000215	0	171713	172545	0.995178
chrUn_gl000215	1	814	172545	0.00471761
chrUn_gl000215	2	18	172545	0.000104321
chrUn_gl000216	0	168530	172294	0.978154
chrUn_gl000216	1	3378	172294	0.019606
chrUn_gl000216	2	308	172294	0.00178764
chrUn_gl000216	3	56	172294	0.000325026
chrUn_gl000216	4	22	172294	0.000127689
chrUn_gl000217	0	170349	172149	0.989544
chrUn_gl000217	1	1800	172149	0.0104561
chrUn_gl000218	0	158809	161147	0.985492
chrUn_gl000218	1	2326	161147	0.014434
chrUn_gl000218	2	12	161147	7.44662e-05
chrUn_gl000219	0	175171	179198	0.977528
chrUn_gl000219	1	3804	179198	0.0212279
chrUn_gl000219	2	223	179198	0.00124443
chrUn_gl000220	0	146072	161802	0.902782
chrUn_gl000220	1	11468	161802	0.0708767
chrUn_gl000220	2	2552	161802	0.0157724
chrUn_gl000220	3	846	161802	0.00522861
chrUn_gl000220	4	428	161802	0.00264521
chrUn_gl000220	5	266	161802	0.00164398
chrUn_gl000220	6	104	161802	0.000642761
chrUn_gl000220	7	57	161802	0.000352282
chrUn_gl000220	8	6	161802	3.70824e-05
chrUn_gl000220	9	3	161802	1.85412e-05
chrUn_gl000221	0	150463	155397	0.968249
chrUn_gl000221	1	4768	155397	0.0306827
chrUn_gl000221	2	166	155397	0.00106823
chrUn_gl000222	0	185109	186861	0.990624
chrUn_gl000222	1	1704	186861	0.00911908
chrUn_gl000222	2	48	186861	0.000256875
chrUn_gl000223	0	179809	180455	0.99642
chrUn_gl000223	1	642	180455	0.00355767
chrUn_gl000223	2	4	180455	2.21662e-05
chrUn_gl000224	0	174020	179693	0.96843
chrUn_gl000224	1	4651	179693	0.025883
chrUn_gl000224	2	711	179693	0.00395675
chrUn_gl000224	3	163	179693	0.000907103
chrUn_gl000224	4	104	179693	0.000578765
chrUn_gl000224	5	42	179693	0.000233732
chrUn_gl000224	6	2	179693	1.11301e-05
chrUn_gl000225	0	206637	211173	0.97852
chrUn_gl000225	1	4351	211173	0.020604
chrUn_gl000225	2	156	211173	0.000738731
chrUn_gl000225	3	29	211173	0.000137328
chrUn_gl000226	0	1792	15008	0.119403
chrUn_gl000226	1	1800	15008	0.119936
chrUn_gl000226	2	1518	15008	0.101146
chrUn_gl000226	3	1390	15008	0.0926173
chrUn_gl000226	4	1454	15008	0.0968817
chrUn_gl000226	5	1341	15008	0.0893523
chrUn_gl000226	6	1175	15008	0.0782916
chrUn_gl000226	7	961	15008	0.0640325
chrUn_gl000226	8	858	15008	0.0571695
chrUn_gl000226	9	594	15008	0.0395789
chrUn_gl000226	10	459	15008	0.0305837
chrUn_gl000226	11	382	15008	0.0254531
chrUn_gl000226	12	277	15008	0.0184568
chrUn_gl000226	13	236	15008	0.0157249
chrUn_gl000226	14	182	15008	0.0121269
chrUn_gl000226	15	161	15008	0.0107276
chrUn_gl000226	16	91	15008	0.00606343
chrUn_gl000226	17	90	15008	0.0059968
chrUn_gl000226	18	60	15008	0.00399787
chrUn_gl000226	19	44	15008	0.00293177
chrUn_gl000226	20	21	15008	0.00139925
chrUn_gl000226	21	12	15008	0.000799574
chrUn_gl000226	22	27	15008	0.00179904
chrUn_gl000226	23	30	15008	0.00199893
chrUn_gl000226	24	14	15008	0.000932836
chrUn_gl000226	25	7	15008	0.000466418
chrUn_gl000226	26	4	15008	0.000266525
chrUn_gl000226	27	18	15008	0.00119936
chrUn_gl000226	28	10	15008	0.000666311
chrUn_gl000227	0	127653	128374	0.994384
chrUn_gl000227	1	692	128374	0.0053905
chrUn_gl000227	2	29	128374	0.000225902
chrUn_gl000228	0	128362	129120	0.994129
chrUn_gl000228	1	716	129120	0.00554523
chrUn_gl000228	2	42	129120	0.000325279
chrUn_gl000229	0	19663	19913	0.987445
chrUn_gl000229	1	250	19913	0.0125546
chrUn_gl000230	0	42991	43691	0.983978
chrUn_gl000230	1	700	43691	0.0160216
chrUn_gl000231	0	26986	27386	0.985394
chrUn_gl000231	1	400	27386	0.014606
chrUn_gl000232	0	38469	40652	0.9463
chrUn_gl000232	1	2066	40652	0.0508216
chrUn_gl000232	2	117	40652	0.00287809
chrUn_gl000233	0	44665	45941	0.972225
chrUn_gl000233	1	1252	45941	0.0272523
chrUn_gl000233	2	24	45941	0.000522409
chrUn_gl000234	0	39090	40531	0.964447
chrUn_gl000234	1	1282	40531	0.0316301
chrUn_gl000234	2	159	40531	0.00392292
chrUn_gl000235	0	33080	34474	0.959564
chrUn_gl000235	1	1288	34474	0.0373615
chrUn_gl000235	2	106	34474	0.00307478
chrUn_gl000236	0	41390	41934	0.987027
chrUn_gl000236	1	538	41934	0.0128297
chrUn_gl000236	2	6	41934	0.000143082
chrUn_gl000237	0	44931	45867	0.979593
chrUn_gl000237	1	922	45867	0.0201016
chrUn_gl000237	2	14	45867	0.00030523
chrUn_gl000238	0	39739	39939	0.994992
chrUn_gl000238	1	200	39939	0.00500764
chrUn_gl000239	0	33024	33824	0.976348
chrUn_gl000239	1	800	33824	0.0236518
chrUn_gl000240	0	40933	41933	0.976152
chrUn_gl000240	1	1000	41933	0.0238476
chrUn_gl000241	0	40009	42152	0.94916
chrUn_gl000241	1	2036	42152	0.0483014
chrUn_gl000241	2	107	42152	0.00253843
chrUn_gl000242	0	43373	43523	0.996554
chrUn_gl000242	1	150	43523	0.00344645
chrUn_gl000243	0	42490	43341	0.980365
chrUn_gl000243	1	802	43341	0.0185044
chrUn_gl000243	2	49	43341	0.00113057
chrUn_gl000244	0	39829	39929	0.997496
chrUn_gl000244	1	100	39929	0.00250445
chrUn_gl000245	0	35701	36651	0.97408
chrUn_gl000245	1	950	36651	0.0259202
chrUn_gl000246	0	38054	38154	0.997379
chrUn_gl000246	1	100	38154	0.00262096
chrUn_gl000247	0	35747	36422	0.981467
chrUn_gl000247	1	650	36422	0.0178464
chrUn_gl000247	2	25	36422	0.000686398
chrUn_gl000248	0	39736	39786	0.998743
chrUn_gl000248	1	50	39786	0.00125672
chrUn_gl000249	0	38252	38502	0.993507
chrUn_gl000249	1	250	38502	0.00649317
chr9_gl000201_random	0	36148	36148	1
genome	0	3099058797	3137161264	0.987854
genome	1	36519818	3137161264	0.011641
genome	2	1447233	3137161264	0.000461319
genome	3	93131	3137161264	2.96864e-05
genome	4	15070	3137161264	4.80371e-06
genome	5	6901	3137161264	2.19976e-06
genome	6	4345	3137161264	1.38501e-06
genome	7	3184	3137161264	1.01493e-06
genome	8	2689	3137161264	8.57144e-07
genome	9	1950	3137161264	6.21581e-07
genome	10	1465	3137161264	4.66983e-07
genome	11	1175	3137161264	3.74542e-07
genome	12	918	3137161264	2.92621e-07
genome	13	785	3137161264	2.50226e-07
genome	14	632	3137161264	2.01456e-07
genome	15	555	3137161264	1.76912e-07
genome	16	334	3137161264	1.06466e-07
genome	17	352	3137161264	1.12203e-07
genome	18	339	3137161264	1.08059e-07
genome	19	264	3137161264	8.41525e-08
genome	20	211	3137161264	6.72583e-08
genome	21	200	3137161264	6.37519e-08
genome	22	150	3137161264	4.78139e-08
genome	23	128	3137161264	4.08012e-08
genome	24	78	3137161264	2.48632e-08
genome	25	49	3137161264	1.56192e-08
genome	26	49	3137161264	1.56192e-08
genome	27	50	3137161264	1.5938e-08
genome	28	31	3137161264	9.88155e-09
genome	29	23	3137161264	7.33147e-09
genome	30	19	3137161264	6.05643e-09
genome	31	11	3137161264	3.50635e-09
genome	32	27	3137161264	8.60651e-09
genome	33	22	3137161264	7.01271e-09
genome	34	30	3137161264	9.56279e-09
genome	35	40	3137161264	1.27504e-08
genome	36	29	3137161264	9.24403e-09
genome	37	28	3137161264	8.92527e-09
genome	38	6	3137161264	1.91256e-09
genome	39	14	3137161264	4.46263e-09
genome	40	11	3137161264	3.50635e-09
genome	41	8	3137161264	2.55008e-09
genome	42	13	3137161264	4.14387e-09
genome	43	17	3137161264	5.41891e-09
genome	44	16	3137161264	5.10015e-09
genome	45	14	3137161264	4.46263e-09
genome	46	8	3137161264	2.55008e-09
genome	47	7	3137161264	2.23132e-09
genome	48	5	3137161264	1.5938e-09
genome	49	4	3137161264	1.27504e-09
genome	50	6	3137161264	1.91256e-09
genome	51	9	3137161264	2.86884e-09
genome	52	7	3137161264	2.23132e-09
genome	53	5	3137161264	1.5938e-09
genome	54	2	3137161264	6.37519e-10
