chrM	0	14524	16571	0.876471
chrM	1	1707	16571	0.103011
chrM	2	277	16571	0.0167159
chrM	3	63	16571	0.00380182
chr1	0	245900673	249250621	0.98656
chr1	1	3201996	249250621	0.0128465
chr1	2	137553	249250621	0.000551866
chr1	3	8319	249250621	3.3376e-05
chr1	4	675	249250621	2.70812e-06
chr1	5	145	249250621	5.81744e-07
chr1	6	101	249250621	4.05215e-07
chr1	7	65	249250621	2.60782e-07
chr1	8	47	249250621	1.88565e-07
chr1	9	65	249250621	2.60782e-07
chr1	10	56	249250621	2.24673e-07
chr1	11	56	249250621	2.24673e-07
chr1	12	68	249250621	2.72818e-07
chr1	13	43	249250621	1.72517e-07
chr1	14	37	249250621	1.48445e-07
chr1	15	59	249250621	2.3671e-07
chr1	16	41	249250621	1.64493e-07
chr1	17	36	249250621	1.44433e-07
chr1	18	26	249250621	1.04313e-07
chr1	19	23	249250621	9.22766e-08
chr1	20	23	249250621	9.22766e-08
chr1	21	53	249250621	2.12637e-07
chr1	22	44	249250621	1.76529e-07
chr1	23	45	249250621	1.80541e-07
chr1	24	24	249250621	9.62886e-08
chr1	25	10	249250621	4.01203e-08
chr1	26	12	249250621	4.81443e-08
chr1	27	17	249250621	6.82044e-08
chr1	28	7	249250621	2.80842e-08
chr1	29	7	249250621	2.80842e-08
chr1	30	4	249250621	1.60481e-08
chr1	31	11	249250621	4.41323e-08
chr1	32	13	249250621	5.21563e-08
chr1	33	10	249250621	4.01203e-08
chr1	34	8	249250621	3.20962e-08
chr1	35	19	249250621	7.62285e-08
chr1	36	9	249250621	3.61082e-08
chr1	37	15	249250621	6.01804e-08
chr1	38	16	249250621	6.41924e-08
chr1	39	13	249250621	5.21563e-08
chr1	40	19	249250621	7.62285e-08
chr1	41	13	249250621	5.21563e-08
chr1	42	16	249250621	6.41924e-08
chr1	43	7	249250621	2.80842e-08
chr1	44	7	249250621	2.80842e-08
chr1	45	10	249250621	4.01203e-08
chr1	46	5	249250621	2.00601e-08
chr1	47	3	249250621	1.20361e-08
chr1	48	3	249250621	1.20361e-08
chr1	49	4	249250621	1.60481e-08
chr1	50	5	249250621	2.00601e-08
chr1	51	9	249250621	3.61082e-08
chr1	52	13	249250621	5.21563e-08
chr1	53	7	249250621	2.80842e-08
chr1	54	8	249250621	3.20962e-08
chr1	55	13	249250621	5.21563e-08
chr1	56	8	249250621	3.20962e-08
chr1	57	9	249250621	3.61082e-08
chr1	58	10	249250621	4.01203e-08
chr1	59	3	249250621	1.20361e-08
chr1	60	4	249250621	1.60481e-08
chr1	61	1	249250621	4.01203e-09
chr2	0	239267956	243199373	0.983835
chr2	1	3745059	243199373	0.0153991
chr2	2	167507	243199373	0.000688764
chr2	3	12214	243199373	5.02222e-05
chr2	4	2300	243199373	9.45726e-06
chr2	5	1261	243199373	5.18505e-06
chr2	6	887	243199373	3.64721e-06
chr2	7	671	243199373	2.75905e-06
chr2	8	537	243199373	2.20806e-06
chr2	9	340	243199373	1.39803e-06
chr2	10	199	243199373	8.18259e-07
chr2	11	124	243199373	5.0987e-07
chr2	12	102	243199373	4.19409e-07
chr2	13	69	243199373	2.83718e-07
chr2	14	33	243199373	1.35691e-07
chr2	15	36	243199373	1.48027e-07
chr2	16	26	243199373	1.06908e-07
chr2	17	8	243199373	3.28948e-08
chr2	18	5	243199373	2.05593e-08
chr2	19	11	243199373	4.52304e-08
chr2	20	18	243199373	7.40134e-08
chr2	21	3	243199373	1.23356e-08
chr2	22	7	243199373	2.8783e-08
chr3	0	195535924	198022430	0.987443
chr3	1	2386102	198022430	0.0120497
chr3	2	95022	198022430	0.000479855
chr3	3	4797	198022430	2.42245e-05
chr3	4	500	198022430	2.52497e-06
chr3	5	10	198022430	5.04993e-08
chr3	6	7	198022430	3.53495e-08
chr3	7	8	198022430	4.03995e-08
chr3	8	7	198022430	3.53495e-08
chr3	9	1	198022430	5.04993e-09
chr3	10	2	198022430	1.00999e-08
chr3	11	2	198022430	1.00999e-08
chr3	12	1	198022430	5.04993e-09
chr3	13	7	198022430	3.53495e-08
chr3	14	14	198022430	7.06991e-08
chr3	15	13	198022430	6.56491e-08
chr3	16	7	198022430	3.53495e-08
chr3	17	6	198022430	3.02996e-08
chr4	0	188933052	191154276	0.98838
chr4	1	2133063	191154276	0.0111589
chr4	2	83260	191154276	0.000435564
chr4	3	4517	191154276	2.36301e-05
chr4	4	311	191154276	1.62696e-06
chr4	5	66	191154276	3.45271e-07
chr4	6	7	191154276	3.66196e-08
chr5	0	179029983	180915260	0.989579
chr5	1	1810798	180915260	0.0100091
chr5	2	70250	180915260	0.000388303
chr5	3	3849	180915260	2.12752e-05
chr5	4	349	180915260	1.92908e-06
chr5	5	27	180915260	1.49241e-07
chr5	6	4	180915260	2.21098e-08
chr6	0	168471278	171115067	0.98455
chr6	1	2519399	171115067	0.0147234
chr6	2	113535	171115067	0.000663501
chr6	3	7093	171115067	4.14516e-05
chr6	4	703	171115067	4.10835e-06
chr6	5	233	171115067	1.36166e-06
chr6	6	236	171115067	1.37919e-06
chr6	7	228	171115067	1.33244e-06
chr6	8	262	171115067	1.53113e-06
chr6	9	271	171115067	1.58373e-06
chr6	10	233	171115067	1.36166e-06
chr6	11	195	171115067	1.13958e-06
chr6	12	174	171115067	1.01686e-06
chr6	13	193	171115067	1.1279e-06
chr6	14	167	171115067	9.75951e-07
chr6	15	143	171115067	8.35695e-07
chr6	16	158	171115067	9.23355e-07
chr6	17	144	171115067	8.41539e-07
chr6	18	92	171115067	5.3765e-07
chr6	19	61	171115067	3.56485e-07
chr6	20	60	171115067	3.50641e-07
chr6	21	34	171115067	1.98697e-07
chr6	22	26	171115067	1.51945e-07
chr6	23	27	171115067	1.57789e-07
chr6	24	31	171115067	1.81165e-07
chr6	25	32	171115067	1.87009e-07
chr6	26	30	171115067	1.75321e-07
chr6	27	18	171115067	1.05192e-07
chr6	28	6	171115067	3.50641e-08
chr6	29	3	171115067	1.75321e-08
chr6	30	2	171115067	1.1688e-08
chr7	0	155777120	159138663	0.978877
chr7	1	3193513	159138663	0.0200675
chr7	2	154891	159138663	0.000973308
chr7	3	10258	159138663	6.44595e-05
chr7	4	1107	159138663	6.9562e-06
chr7	5	319	159138663	2.00454e-06
chr7	6	140	159138663	8.79736e-07
chr7	7	103	159138663	6.47234e-07
chr7	8	59	159138663	3.70746e-07
chr7	9	55	159138663	3.45611e-07
chr7	10	82	159138663	5.15274e-07
chr7	11	79	159138663	4.96422e-07
chr7	12	63	159138663	3.95881e-07
chr7	13	99	159138663	6.22099e-07
chr7	14	63	159138663	3.95881e-07
chr7	15	63	159138663	3.95881e-07
chr7	16	56	159138663	3.51894e-07
chr7	17	80	159138663	5.02706e-07
chr7	18	95	159138663	5.96964e-07
chr7	19	75	159138663	4.71287e-07
chr7	20	63	159138663	3.95881e-07
chr7	21	39	159138663	2.45069e-07
chr7	22	45	159138663	2.82772e-07
chr7	23	32	159138663	2.01083e-07
chr7	24	28	159138663	1.75947e-07
chr7	25	13	159138663	8.16898e-08
chr7	26	9	159138663	5.65545e-08
chr7	27	1	159138663	6.28383e-09
chr7	28	11	159138663	6.91221e-08
chr7	29	5	159138663	3.14191e-08
chr7	30	13	159138663	8.16898e-08
chr7	31	10	159138663	6.28383e-08
chr7	32	13	159138663	8.16898e-08
chr7	33	17	159138663	1.06825e-07
chr7	34	20	159138663	1.25677e-07
chr7	35	6	159138663	3.7703e-08
chr7	36	1	159138663	6.28383e-09
chr7	37	2	159138663	1.25677e-08
chr7	38	3	159138663	1.88515e-08
chr7	39	8	159138663	5.02706e-08
chr7	40	3	159138663	1.88515e-08
chr7	41	1	159138663	6.28383e-09
chr8	0	144237377	146364022	0.98547
chr8	1	2029410	146364022	0.0138655
chr8	2	88061	146364022	0.000601657
chr8	3	6791	146364022	4.6398e-05
chr8	4	1064	146364022	7.26955e-06
chr8	5	431	146364022	2.94471e-06
chr8	6	261	146364022	1.78323e-06
chr8	7	259	146364022	1.76956e-06
chr8	8	119	146364022	8.13041e-07
chr8	9	83	146364022	5.67079e-07
chr8	10	33	146364022	2.25465e-07
chr8	11	42	146364022	2.86956e-07
chr8	12	32	146364022	2.18633e-07
chr8	13	15	146364022	1.02484e-07
chr8	14	10	146364022	6.83228e-08
chr8	15	15	146364022	1.02484e-07
chr8	16	3	146364022	2.04968e-08
chr8	17	16	146364022	1.09316e-07
chr9	0	140025190	141213431	0.991585
chr9	1	1143716	141213431	0.0080992
chr9	2	41649	141213431	0.000294937
chr9	3	2336	141213431	1.65423e-05
chr9	4	282	141213431	1.99698e-06
chr9	5	98	141213431	6.93985e-07
chr9	6	27	141213431	1.912e-07
chr9	7	9	141213431	6.37333e-08
chr9	8	23	141213431	1.62874e-07
chr9	9	16	141213431	1.13304e-07
chr9	10	14	141213431	9.91407e-08
chr9	11	9	141213431	6.37333e-08
chr9	12	13	141213431	9.20592e-08
chr9	13	33	141213431	2.33689e-07
chr9	14	8	141213431	5.66518e-08
chr9	15	7	141213431	4.95704e-08
chr9	16	1	141213431	7.08148e-09
chr10	0	132955651	135534747	0.980971
chr10	1	2455736	135534747	0.0181189
chr10	2	111074	135534747	0.000819524
chr10	3	6810	135534747	5.02454e-05
chr10	4	1386	135534747	1.02262e-05
chr10	5	932	135534747	6.87647e-06
chr10	6	644	135534747	4.75155e-06
chr10	7	389	135534747	2.87011e-06
chr10	8	267	135534747	1.96997e-06
chr10	9	246	135534747	1.81503e-06
chr10	10	201	135534747	1.48301e-06
chr10	11	168	135534747	1.23953e-06
chr10	12	178	135534747	1.31332e-06
chr10	13	146	135534747	1.07721e-06
chr10	14	111	135534747	8.18978e-07
chr10	15	99	135534747	7.3044e-07
chr10	16	129	135534747	9.51785e-07
chr10	17	91	135534747	6.71415e-07
chr10	18	87	135534747	6.41902e-07
chr10	19	84	135534747	6.19767e-07
chr10	20	65	135534747	4.79582e-07
chr10	21	78	135534747	5.75498e-07
chr10	22	45	135534747	3.32018e-07
chr10	23	33	135534747	2.4348e-07
chr10	24	28	135534747	2.06589e-07
chr10	25	21	135534747	1.54942e-07
chr10	26	14	135534747	1.03295e-07
chr10	27	20	135534747	1.47564e-07
chr10	28	6	135534747	4.42691e-08
chr10	29	5	135534747	3.68909e-08
chr10	30	3	135534747	2.21345e-08
chr11	0	133504563	135006516	0.988875
chr11	1	1444090	135006516	0.0106964
chr11	2	53397	135006516	0.000395514
chr11	3	3144	135006516	2.32878e-05
chr11	4	691	135006516	5.11827e-06
chr11	5	150	135006516	1.11106e-06
chr11	6	92	135006516	6.81449e-07
chr11	7	87	135006516	6.44413e-07
chr11	8	90	135006516	6.66634e-07
chr11	9	56	135006516	4.14795e-07
chr11	10	34	135006516	2.5184e-07
chr11	11	21	135006516	1.55548e-07
chr11	12	14	135006516	1.03699e-07
chr11	13	2	135006516	1.48141e-08
chr11	14	7	135006516	5.18494e-08
chr11	15	2	135006516	1.48141e-08
chr11	16	3	135006516	2.22212e-08
chr11	17	2	135006516	1.48141e-08
chr11	18	1	135006516	7.40705e-09
chr11	19	3	135006516	2.22212e-08
chr11	20	5	135006516	3.70352e-08
chr11	21	1	135006516	7.40705e-09
chr11	22	1	135006516	7.40705e-09
chr11	23	1	135006516	7.40705e-09
chr11	24	6	135006516	4.44423e-08
chr11	25	5	135006516	3.70352e-08
chr11	26	3	135006516	2.22212e-08
chr11	27	3	135006516	2.22212e-08
chr11	28	2	135006516	1.48141e-08
chr11	29	1	135006516	7.40705e-09
chr11	30	1	135006516	7.40705e-09
chr11	31	1	135006516	7.40705e-09
chr11	32	6	135006516	4.44423e-08
chr11	33	4	135006516	2.96282e-08
chr11	34	2	135006516	1.48141e-08
chr11	35	7	135006516	5.18494e-08
chr11	36	9	135006516	6.66635e-08
chr11	37	8	135006516	5.92564e-08
chr11	38	1	135006516	7.40705e-09
chr12	0	132221443	133851895	0.987819
chr12	1	1556274	133851895	0.0116268
chr12	2	69642	133851895	0.000520291
chr12	3	4223	133851895	3.15498e-05
chr12	4	292	133851895	2.18152e-06
chr12	5	21	133851895	1.5689e-07
chr13	0	114442196	115169878	0.993682
chr13	1	703347	115169878	0.00610704
chr13	2	23340	115169878	0.000202657
chr13	3	957	115169878	8.30946e-06
chr13	4	38	115169878	3.29947e-07
chr14	0	106110813	107349540	0.988461
chr14	1	1186890	107349540	0.0110563
chr14	2	48876	107349540	0.000455298
chr14	3	2753	107349540	2.56452e-05
chr14	4	191	107349540	1.77923e-06
chr14	5	17	107349540	1.58361e-07
chr15	0	101841245	102531392	0.993269
chr15	1	665761	102531392	0.00649324
chr15	2	23167	102531392	0.00022595
chr15	3	1088	102531392	1.06114e-05
chr15	4	114	102531392	1.11185e-06
chr15	5	17	102531392	1.65803e-07
chr16	0	89374935	90354753	0.989156
chr16	1	937789	90354753	0.010379
chr16	2	38782	90354753	0.000429219
chr16	3	2710	90354753	2.99929e-05
chr16	4	379	90354753	4.19458e-06
chr16	5	147	90354753	1.62692e-06
chr16	6	11	90354753	1.21742e-07
chr17	0	80541358	81195210	0.991947
chr17	1	629664	81195210	0.00775494
chr17	2	22577	81195210	0.000278058
chr17	3	1240	81195210	1.52718e-05
chr17	4	195	81195210	2.40162e-06
chr17	5	50	81195210	6.158e-07
chr17	6	18	81195210	2.21688e-07
chr17	7	9	81195210	1.10844e-07
chr17	8	16	81195210	1.97056e-07
chr17	9	21	81195210	2.58636e-07
chr17	10	20	81195210	2.4632e-07
chr17	11	16	81195210	1.97056e-07
chr17	12	20	81195210	2.4632e-07
chr17	13	6	81195210	7.3896e-08
chr18	0	77175247	78077248	0.988447
chr18	1	863836	78077248	0.0110639
chr18	2	35373	78077248	0.000453051
chr18	3	1947	78077248	2.49368e-05
chr18	4	334	78077248	4.27781e-06
chr18	5	124	78077248	1.58817e-06
chr18	6	72	78077248	9.22164e-07
chr18	7	124	78077248	1.58817e-06
chr18	8	65	78077248	8.32509e-07
chr18	9	43	78077248	5.50737e-07
chr18	10	31	78077248	3.97043e-07
chr18	11	14	78077248	1.7931e-07
chr18	12	15	78077248	1.92117e-07
chr18	13	5	78077248	6.40391e-08
chr18	14	15	78077248	1.92117e-07
chr18	15	3	78077248	3.84235e-08
chr19	0	58605783	59128983	0.991152
chr19	1	500870	59128983	0.0084708
chr19	2	19826	59128983	0.000335301
chr19	3	1328	59128983	2.24594e-05
chr19	4	264	59128983	4.46482e-06
chr19	5	168	59128983	2.84125e-06
chr19	6	122	59128983	2.06329e-06
chr19	7	107	59128983	1.8096e-06
chr19	8	66	59128983	1.1162e-06
chr19	9	88	59128983	1.48827e-06
chr19	10	65	59128983	1.09929e-06
chr19	11	90	59128983	1.5221e-06
chr19	12	32	59128983	5.4119e-07
chr19	13	27	59128983	4.56629e-07
chr19	14	37	59128983	6.25751e-07
chr19	15	10	59128983	1.69122e-07
chr19	16	9	59128983	1.5221e-07
chr19	17	12	59128983	2.02946e-07
chr19	18	13	59128983	2.19858e-07
chr19	19	4	59128983	6.76487e-08
chr19	20	4	59128983	6.76487e-08
chr19	21	1	59128983	1.69122e-08
chr19	22	2	59128983	3.38244e-08
chr19	23	5	59128983	8.45609e-08
chr19	24	5	59128983	8.45609e-08
chr19	25	3	59128983	5.07365e-08
chr19	26	5	59128983	8.45609e-08
chr19	27	4	59128983	6.76487e-08
chr19	28	7	59128983	1.18385e-07
chr19	29	1	59128983	1.69122e-08
chr19	30	3	59128983	5.07365e-08
chr19	31	4	59128983	6.76487e-08
chr19	32	1	59128983	1.69122e-08
chr19	33	4	59128983	6.76487e-08
chr19	34	6	59128983	1.01473e-07
chr19	35	6	59128983	1.01473e-07
chr19	36	1	59128983	1.69122e-08
chr20	0	62193431	63025520	0.986798
chr20	1	796933	63025520	0.0126446
chr20	2	32980	63025520	0.00052328
chr20	3	2047	63025520	3.24789e-05
chr20	4	129	63025520	2.04679e-06
chr21	0	47697471	48129895	0.991015
chr21	1	415648	48129895	0.00863596
chr21	2	15682	48129895	0.000325827
chr21	3	1038	48129895	2.15666e-05
chr21	4	56	48129895	1.16352e-06
chr22	0	51121214	51304566	0.996426
chr22	1	177538	51304566	0.00346047
chr22	2	5505	51304566	0.0001073
chr22	3	284	51304566	5.53557e-06
chr22	4	25	51304566	4.87286e-07
chrX	0	153637750	155270560	0.989484
chrX	1	1562006	155270560	0.0100599
chrX	2	64203	155270560	0.000413491
chrX	3	5237	155270560	3.37282e-05
chrX	4	979	155270560	6.30512e-06
chrX	5	187	155270560	1.20435e-06
chrX	6	73	155270560	4.70147e-07
chrX	7	49	155270560	3.15578e-07
chrX	8	40	155270560	2.57615e-07
chrX	9	35	155270560	2.25413e-07
chrX	10	1	155270560	6.44037e-09
chrY	0	59327833	59373566	0.99923
chrY	1	44319	59373566	0.000746443
chrY	2	1263	59373566	2.12721e-05
chrY	3	68	59373566	1.14529e-06
chrY	4	16	59373566	2.6948e-07
chrY	5	13	59373566	2.18953e-07
chrY	6	4	59373566	6.737e-08
chrY	7	4	59373566	6.737e-08
chrY	8	13	59373566	2.18953e-07
chrY	9	4	59373566	6.737e-08
chrY	10	4	59373566	6.737e-08
chrY	11	10	59373566	1.68425e-07
chrY	12	15	59373566	2.52638e-07
chr1_gl000191_random	0	105983	106433	0.995772
chr1_gl000191_random	1	450	106433	0.00422801
chr1_gl000192_random	0	535589	547496	0.978252
chr1_gl000192_random	1	11414	547496	0.0208476
chr1_gl000192_random	2	493	547496	0.000900463
chr4_ctg9_hap1	0	587474	590426	0.995
chr4_ctg9_hap1	1	2854	590426	0.0048338
chr4_ctg9_hap1	2	98	590426	0.000165982
chr4_gl000193_random	0	185204	189789	0.975842
chr4_gl000193_random	1	4267	189789	0.0224829
chr4_gl000193_random	2	279	189789	0.00147005
chr4_gl000193_random	3	31	189789	0.000163339
chr4_gl000193_random	4	8	189789	4.21521e-05
chr4_gl000194_random	0	187337	191469	0.978419
chr4_gl000194_random	1	3964	191469	0.0207031
chr4_gl000194_random	2	168	191469	0.000877427
chr6_apd_hap1	0	4617769	4622290	0.999022
chr6_apd_hap1	1	4492	4622290	0.000971813
chr6_apd_hap1	2	29	4622290	6.27395e-06
chr6_cox_hap2	0	4783834	4795371	0.997594
chr6_cox_hap2	1	11474	4795371	0.00239272
chr6_cox_hap2	2	63	4795371	1.31377e-05
chr6_dbb_hap3	0	4599872	4610396	0.997717
chr6_dbb_hap3	1	10348	4610396	0.00224449
chr6_dbb_hap3	2	176	4610396	3.81746e-05
chr6_mann_hap4	0	4671530	4683263	0.997495
chr6_mann_hap4	1	11566	4683263	0.00246965
chr6_mann_hap4	2	167	4683263	3.56589e-05
chr6_mcf_hap5	0	4825871	4833398	0.998443
chr6_mcf_hap5	1	7404	4833398	0.00153184
chr6_mcf_hap5	2	123	4833398	2.54479e-05
chr6_qbl_hap6	0	4601851	4611984	0.997803
chr6_qbl_hap6	1	10066	4611984	0.00218257
chr6_qbl_hap6	2	67	4611984	1.45274e-05
chr6_ssto_hap7	0	4918251	4928567	0.997907
chr6_ssto_hap7	1	10232	4928567	0.00207606
chr6_ssto_hap7	2	84	4928567	1.70435e-05
chr7_gl000195_random	0	178973	182896	0.978551
chr7_gl000195_random	1	3796	182896	0.020755
chr7_gl000195_random	2	127	182896	0.000694384
chr8_gl000196_random	0	38064	38914	0.978157
chr8_gl000196_random	1	850	38914	0.021843
chr8_gl000197_random	0	37025	37175	0.995965
chr8_gl000197_random	1	150	37175	0.00403497
chr9_gl000198_random	0	87855	90085	0.975246
chr9_gl000198_random	1	2010	90085	0.0223123
chr9_gl000198_random	2	220	90085	0.00244214
chr9_gl000199_random	0	144051	169874	0.847987
chr9_gl000199_random	1	19347	169874	0.11389
chr9_gl000199_random	2	3771	169874	0.0221988
chr9_gl000199_random	3	1300	169874	0.00765273
chr9_gl000199_random	4	642	169874	0.00377927
chr9_gl000199_random	5	251	169874	0.00147757
chr9_gl000199_random	6	223	169874	0.00131274
chr9_gl000199_random	7	89	169874	0.000523918
chr9_gl000199_random	8	41	169874	0.000241355
chr9_gl000199_random	9	24	169874	0.000141281
chr9_gl000199_random	10	9	169874	5.29804e-05
chr9_gl000199_random	11	11	169874	6.47539e-05
chr9_gl000199_random	12	7	169874	4.1207e-05
chr9_gl000199_random	13	8	169874	4.70937e-05
chr9_gl000199_random	14	9	169874	5.29804e-05
chr9_gl000199_random	15	9	169874	5.29804e-05
chr9_gl000199_random	16	5	169874	2.94336e-05
chr9_gl000199_random	17	9	169874	5.29804e-05
chr9_gl000199_random	18	30	169874	0.000176601
chr9_gl000199_random	19	22	169874	0.000129508
chr9_gl000199_random	20	7	169874	4.1207e-05
chr9_gl000199_random	21	6	169874	3.53203e-05
chr9_gl000199_random	22	3	169874	1.76601e-05
chr9_gl000200_random	0	186085	187035	0.994921
chr9_gl000200_random	1	950	187035	0.00507926
chr11_gl000202_random	0	40003	40103	0.997506
chr11_gl000202_random	1	100	40103	0.00249358
chr17_ctg5_hap1	0	1670953	1680828	0.994125
chr17_ctg5_hap1	1	9750	1680828	0.00580071
chr17_ctg5_hap1	2	125	1680828	7.43681e-05
chr17_gl000203_random	0	37298	37498	0.994666
chr17_gl000203_random	1	200	37498	0.00533362
chr17_gl000204_random	0	81160	81310	0.998155
chr17_gl000204_random	1	150	81310	0.00184479
chr17_gl000205_random	0	170264	174588	0.975233
chr17_gl000205_random	1	4148	174588	0.0237588
chr17_gl000205_random	2	176	174588	0.00100809
chr17_gl000206_random	0	40851	41001	0.996342
chr17_gl000206_random	1	150	41001	0.00365845
chr19_gl000208_random	0	87149	92689	0.94023
chr19_gl000208_random	1	4525	92689	0.0488192
chr19_gl000208_random	2	577	92689	0.00622512
chr19_gl000208_random	3	240	92689	0.0025893
chr19_gl000208_random	4	146	92689	0.00157516
chr19_gl000208_random	5	45	92689	0.000485495
chr19_gl000208_random	6	7	92689	7.55214e-05
chr19_gl000209_random	0	158269	159169	0.994346
chr19_gl000209_random	1	900	159169	0.00565437
chrUn_gl000211	0	163812	166566	0.983466
chrUn_gl000211	1	2708	166566	0.0162578
chrUn_gl000211	2	46	166566	0.000276167
chrUn_gl000212	0	184609	186858	0.987964
chrUn_gl000212	1	2098	186858	0.0112278
chrUn_gl000212	2	151	186858	0.0008081
chrUn_gl000213	0	163389	164239	0.994825
chrUn_gl000213	1	850	164239	0.00517538
chrUn_gl000214	0	131323	137718	0.953565
chrUn_gl000214	1	5324	137718	0.0386587
chrUn_gl000214	2	628	137718	0.00456004
chrUn_gl000214	3	275	137718	0.00199683
chrUn_gl000214	4	64	137718	0.000464718
chrUn_gl000214	5	91	137718	0.000660771
chrUn_gl000214	6	7	137718	5.08285e-05
chrUn_gl000214	7	6	137718	4.35673e-05
chrUn_gl000215	0	171390	172545	0.993306
chrUn_gl000215	1	1110	172545	0.0064331
chrUn_gl000215	2	45	172545	0.000260802
chrUn_gl000216	0	167190	172294	0.970376
chrUn_gl000216	1	4830	172294	0.0280335
chrUn_gl000216	2	252	172294	0.00146262
chrUn_gl000216	3	22	172294	0.000127689
chrUn_gl000217	0	170749	172149	0.991867
chrUn_gl000217	1	1400	172149	0.00813249
chrUn_gl000218	0	157285	161147	0.976034
chrUn_gl000218	1	3674	161147	0.0227991
chrUn_gl000218	2	188	161147	0.00116664
chrUn_gl000219	0	175241	179198	0.977918
chrUn_gl000219	1	3742	179198	0.0208819
chrUn_gl000219	2	193	179198	0.00107702
chrUn_gl000219	3	16	179198	8.92867e-05
chrUn_gl000219	4	6	179198	3.34825e-05
chrUn_gl000220	0	149318	161802	0.922844
chrUn_gl000220	1	9389	161802	0.0580277
chrUn_gl000220	2	2110	161802	0.0130406
chrUn_gl000220	3	575	161802	0.00355373
chrUn_gl000220	4	245	161802	0.0015142
chrUn_gl000220	5	105	161802	0.000648941
chrUn_gl000220	6	28	161802	0.000173051
chrUn_gl000220	7	14	161802	8.65255e-05
chrUn_gl000220	8	17	161802	0.000105067
chrUn_gl000220	9	1	161802	6.18039e-06
chrUn_gl000221	0	151006	155397	0.971743
chrUn_gl000221	1	4232	155397	0.0272335
chrUn_gl000221	2	159	155397	0.00102319
chrUn_gl000222	0	184797	186861	0.988954
chrUn_gl000222	1	2028	186861	0.010853
chrUn_gl000222	2	36	186861	0.000192657
chrUn_gl000223	0	179605	180455	0.99529
chrUn_gl000223	1	850	180455	0.00471032
chrUn_gl000224	0	173621	179693	0.966209
chrUn_gl000224	1	5297	179693	0.0294781
chrUn_gl000224	2	474	179693	0.00263783
chrUn_gl000224	3	249	179693	0.0013857
chrUn_gl000224	4	52	179693	0.000289382
chrUn_gl000225	0	205479	211173	0.973036
chrUn_gl000225	1	5238	211173	0.0248043
chrUn_gl000225	2	456	211173	0.00215937
chrUn_gl000226	0	1532	15008	0.102079
chrUn_gl000226	1	2024	15008	0.134861
chrUn_gl000226	2	1640	15008	0.109275
chrUn_gl000226	3	1423	15008	0.0948161
chrUn_gl000226	4	1312	15008	0.08742
chrUn_gl000226	5	1382	15008	0.0920842
chrUn_gl000226	6	1303	15008	0.0868204
chrUn_gl000226	7	1028	15008	0.0684968
chrUn_gl000226	8	797	15008	0.053105
chrUn_gl000226	9	604	15008	0.0402452
chrUn_gl000226	10	569	15008	0.0379131
chrUn_gl000226	11	384	15008	0.0255864
chrUn_gl000226	12	241	15008	0.0160581
chrUn_gl000226	13	183	15008	0.0121935
chrUn_gl000226	14	103	15008	0.00686301
chrUn_gl000226	15	130	15008	0.00866205
chrUn_gl000226	16	78	15008	0.00519723
chrUn_gl000226	17	57	15008	0.00379797
chrUn_gl000226	18	50	15008	0.00333156
chrUn_gl000226	19	44	15008	0.00293177
chrUn_gl000226	20	23	15008	0.00153252
chrUn_gl000226	21	17	15008	0.00113273
chrUn_gl000226	22	10	15008	0.000666311
chrUn_gl000226	23	6	15008	0.000399787
chrUn_gl000226	24	22	15008	0.00146588
chrUn_gl000226	25	14	15008	0.000932836
chrUn_gl000226	26	16	15008	0.0010661
chrUn_gl000226	27	9	15008	0.00059968
chrUn_gl000226	28	4	15008	0.000266525
chrUn_gl000226	29	1	15008	6.66311e-05
chrUn_gl000226	30	2	15008	0.000133262
chrUn_gl000227	0	127190	128374	0.990777
chrUn_gl000227	1	1168	128374	0.00909842
chrUn_gl000227	2	16	128374	0.000124636
chrUn_gl000228	0	128554	129120	0.995616
chrUn_gl000228	1	532	129120	0.0041202
chrUn_gl000228	2	34	129120	0.000263321
chrUn_gl000229	0	19463	19913	0.977402
chrUn_gl000229	1	450	19913	0.0225983
chrUn_gl000230	0	42673	43691	0.9767
chrUn_gl000230	1	986	43691	0.0225676
chrUn_gl000230	2	32	43691	0.000732416
chrUn_gl000231	0	26471	27386	0.966589
chrUn_gl000231	1	880	27386	0.0321332
chrUn_gl000231	2	35	27386	0.00127803
chrUn_gl000232	0	38691	40652	0.951761
chrUn_gl000232	1	1922	40652	0.0472793
chrUn_gl000232	2	39	40652	0.000959362
chrUn_gl000233	0	44403	45941	0.966522
chrUn_gl000233	1	1476	45941	0.0321282
chrUn_gl000233	2	62	45941	0.00134956
chrUn_gl000234	0	39359	40531	0.971084
chrUn_gl000234	1	1094	40531	0.0269917
chrUn_gl000234	2	78	40531	0.00192445
chrUn_gl000235	0	32459	34474	0.94155
chrUn_gl000235	1	1880	34474	0.0545339
chrUn_gl000235	2	135	34474	0.00391599
chrUn_gl000236	0	41584	41934	0.991654
chrUn_gl000236	1	350	41934	0.00834645
chrUn_gl000237	0	44559	45867	0.971483
chrUn_gl000237	1	1184	45867	0.0258138
chrUn_gl000237	2	106	45867	0.00231103
chrUn_gl000237	3	18	45867	0.000392439
chrUn_gl000238	0	39681	39939	0.99354
chrUn_gl000238	1	216	39939	0.00540825
chrUn_gl000238	2	42	39939	0.0010516
chrUn_gl000239	0	32771	33824	0.968868
chrUn_gl000239	1	1006	33824	0.0297422
chrUn_gl000239	2	47	33824	0.00138955
chrUn_gl000240	0	40953	41933	0.976629
chrUn_gl000240	1	930	41933	0.0221782
chrUn_gl000240	2	30	41933	0.000715427
chrUn_gl000240	3	20	41933	0.000476951
chrUn_gl000241	0	40147	42152	0.952434
chrUn_gl000241	1	1960	42152	0.0464984
chrUn_gl000241	2	45	42152	0.00106757
chrUn_gl000242	0	43473	43523	0.998851
chrUn_gl000242	1	50	43523	0.00114882
chrUn_gl000243	0	42246	43341	0.974735
chrUn_gl000243	1	1090	43341	0.0251494
chrUn_gl000243	2	5	43341	0.000115364
chrUn_gl000244	0	39479	39929	0.98873
chrUn_gl000244	1	450	39929	0.01127
chrUn_gl000245	0	35773	36651	0.976044
chrUn_gl000245	1	806	36651	0.0219912
chrUn_gl000245	2	72	36651	0.00196448
chrUn_gl000246	0	37954	38154	0.994758
chrUn_gl000246	1	200	38154	0.00524191
chrUn_gl000247	0	35485	36422	0.974274
chrUn_gl000247	1	824	36422	0.0226237
chrUn_gl000247	2	113	36422	0.00310252
chrUn_gl000248	0	39636	39786	0.99623
chrUn_gl000248	1	150	39786	0.00377017
chrUn_gl000249	0	38352	38502	0.996104
chrUn_gl000249	1	150	38502	0.0038959
chr9_gl000201_random	0	36148	36148	1
chr18_gl000207_random	0	4262	4262	1
chr21_gl000210_random	0	27682	27682	1
genome	0	3099172369	3137161264	0.987891
genome	1	36315569	3137161264	0.0115759
genome	2	1531704	3137161264	0.000488245
genome	3	99280	3137161264	3.16464e-05
genome	4	14855	3137161264	4.73517e-06
genome	5	6290	3137161264	2.005e-06
genome	6	4274	3137161264	1.36238e-06
genome	7	3249	3137161264	1.03565e-06
genome	8	2466	3137161264	7.86061e-07
genome	9	1953	3137161264	6.22537e-07
genome	10	1553	3137161264	4.95034e-07
genome	11	1221	3137161264	3.89205e-07
genome	12	975	3137161264	3.10791e-07
genome	13	836	3137161264	2.66483e-07
genome	14	614	3137161264	1.95718e-07
genome	15	589	3137161264	1.87749e-07
genome	16	516	3137161264	1.6448e-07
genome	17	461	3137161264	1.46948e-07
genome	18	399	3137161264	1.27185e-07
genome	19	327	3137161264	1.04234e-07
genome	20	268	3137161264	8.54276e-08
genome	21	232	3137161264	7.39522e-08
genome	22	183	3137161264	5.8333e-08
genome	23	149	3137161264	4.74952e-08
genome	24	144	3137161264	4.59014e-08
genome	25	98	3137161264	3.12384e-08
genome	26	89	3137161264	2.83696e-08
genome	27	72	3137161264	2.29507e-08
genome	28	43	3137161264	1.37067e-08
genome	29	23	3137161264	7.33147e-09
genome	30	28	3137161264	8.92527e-09
genome	31	26	3137161264	8.28775e-09
genome	32	33	3137161264	1.05191e-08
genome	33	35	3137161264	1.11566e-08
genome	34	36	3137161264	1.14753e-08
genome	35	38	3137161264	1.21129e-08
genome	36	20	3137161264	6.37519e-09
genome	37	25	3137161264	7.96899e-09
genome	38	20	3137161264	6.37519e-09
genome	39	21	3137161264	6.69395e-09
genome	40	22	3137161264	7.01271e-09
genome	41	14	3137161264	4.46263e-09
genome	42	16	3137161264	5.10015e-09
genome	43	7	3137161264	2.23132e-09
genome	44	7	3137161264	2.23132e-09
genome	45	10	3137161264	3.1876e-09
genome	46	5	3137161264	1.5938e-09
genome	47	3	3137161264	9.56279e-10
genome	48	3	3137161264	9.56279e-10
genome	49	4	3137161264	1.27504e-09
genome	50	5	3137161264	1.5938e-09
genome	51	9	3137161264	2.86884e-09
genome	52	13	3137161264	4.14387e-09
genome	53	7	3137161264	2.23132e-09
genome	54	8	3137161264	2.55008e-09
genome	55	13	3137161264	4.14387e-09
genome	56	8	3137161264	2.55008e-09
genome	57	9	3137161264	2.86884e-09
genome	58	10	3137161264	3.1876e-09
genome	59	3	3137161264	9.56279e-10
genome	60	4	3137161264	1.27504e-09
genome	61	1	3137161264	3.1876e-10
