chrM	0	15718	16571	0.948525
chrM	1	806	16571	0.0486392
chrM	2	47	16571	0.00283628
chr1	0	245614785	249250621	0.985413
chr1	1	3481227	249250621	0.0139668
chr1	2	143825	249250621	0.00057703
chr1	3	8685	249250621	3.48444e-05
chr1	4	780	249250621	3.12938e-06
chr1	5	153	249250621	6.1384e-07
chr1	6	69	249250621	2.7683e-07
chr1	7	31	249250621	1.24373e-07
chr1	8	24	249250621	9.62886e-08
chr1	9	18	249250621	7.22165e-08
chr1	10	32	249250621	1.28385e-07
chr1	11	33	249250621	1.32397e-07
chr1	12	50	249250621	2.00601e-07
chr1	13	36	249250621	1.44433e-07
chr1	14	43	249250621	1.72517e-07
chr1	15	36	249250621	1.44433e-07
chr1	16	38	249250621	1.52457e-07
chr1	17	42	249250621	1.68505e-07
chr1	18	35	249250621	1.40421e-07
chr1	19	31	249250621	1.24373e-07
chr1	20	31	249250621	1.24373e-07
chr1	21	16	249250621	6.41924e-08
chr1	22	15	249250621	6.01804e-08
chr1	23	25	249250621	1.00301e-07
chr1	24	21	249250621	8.42525e-08
chr1	25	23	249250621	9.22766e-08
chr1	26	18	249250621	7.22165e-08
chr1	27	21	249250621	8.42525e-08
chr1	28	29	249250621	1.16349e-07
chr1	29	35	249250621	1.40421e-07
chr1	30	34	249250621	1.36409e-07
chr1	31	37	249250621	1.48445e-07
chr1	32	47	249250621	1.88565e-07
chr1	33	27	249250621	1.08325e-07
chr1	34	28	249250621	1.12337e-07
chr1	35	23	249250621	9.22766e-08
chr1	36	14	249250621	5.61684e-08
chr1	37	17	249250621	6.82044e-08
chr1	38	15	249250621	6.01804e-08
chr1	39	6	249250621	2.40722e-08
chr1	40	4	249250621	1.60481e-08
chr1	41	5	249250621	2.00601e-08
chr1	42	3	249250621	1.20361e-08
chr1	43	5	249250621	2.00601e-08
chr1	44	13	249250621	5.21563e-08
chr1	45	9	249250621	3.61082e-08
chr1	46	21	249250621	8.42525e-08
chr1	47	20	249250621	8.02405e-08
chr1	48	23	249250621	9.22766e-08
chr1	49	22	249250621	8.82646e-08
chr1	50	17	249250621	6.82044e-08
chr1	51	15	249250621	6.01804e-08
chr1	52	7	249250621	2.80842e-08
chr1	53	2	249250621	8.02405e-09
chr2	0	239838554	243199373	0.986181
chr2	1	3214658	243199373	0.0132182
chr2	2	131455	243199373	0.000540524
chr2	3	9332	243199373	3.83718e-05
chr2	4	2074	243199373	8.52798e-06
chr2	5	1030	243199373	4.23521e-06
chr2	6	641	243199373	2.6357e-06
chr2	7	431	243199373	1.77221e-06
chr2	8	437	243199373	1.79688e-06
chr2	9	217	243199373	8.92272e-07
chr2	10	185	243199373	7.60693e-07
chr2	11	60	243199373	2.46711e-07
chr2	12	29	243199373	1.19244e-07
chr2	13	33	243199373	1.35691e-07
chr2	14	39	243199373	1.60362e-07
chr2	15	36	243199373	1.48027e-07
chr2	16	36	243199373	1.48027e-07
chr2	17	16	243199373	6.57896e-08
chr2	18	22	243199373	9.04608e-08
chr2	19	21	243199373	8.63489e-08
chr2	20	16	243199373	6.57896e-08
chr2	21	10	243199373	4.11185e-08
chr2	22	5	243199373	2.05593e-08
chr2	23	2	243199373	8.22371e-09
chr2	24	4	243199373	1.64474e-08
chr2	25	12	243199373	4.93422e-08
chr2	26	9	243199373	3.70067e-08
chr2	27	6	243199373	2.46711e-08
chr2	28	3	243199373	1.23356e-08
chr3	0	195666124	198022430	0.988101
chr3	1	2268105	198022430	0.0114538
chr3	2	82946	198022430	0.000418872
chr3	3	4610	198022430	2.32802e-05
chr3	4	485	198022430	2.44922e-06
chr3	5	58	198022430	2.92896e-07
chr3	6	2	198022430	1.00999e-08
chr3	7	13	198022430	6.56491e-08
chr3	8	2	198022430	1.00999e-08
chr3	9	4	198022430	2.01997e-08
chr3	10	4	198022430	2.01997e-08
chr3	11	3	198022430	1.51498e-08
chr3	12	5	198022430	2.52497e-08
chr3	13	4	198022430	2.01997e-08
chr3	14	4	198022430	2.01997e-08
chr3	15	4	198022430	2.01997e-08
chr3	16	2	198022430	1.00999e-08
chr3	17	4	198022430	2.01997e-08
chr3	18	2	198022430	1.00999e-08
chr3	19	3	198022430	1.51498e-08
chr3	20	2	198022430	1.00999e-08
chr3	21	5	198022430	2.52497e-08
chr3	22	2	198022430	1.00999e-08
chr3	23	9	198022430	4.54494e-08
chr3	24	13	198022430	6.56491e-08
chr3	25	4	198022430	2.01997e-08
chr3	26	11	198022430	5.55493e-08
chr4	0	188763778	191154276	0.987494
chr4	1	2301812	191154276	0.0120416
chr4	2	83931	191154276	0.000439075
chr4	3	4460	191154276	2.33319e-05
chr4	4	279	191154276	1.45955e-06
chr4	5	16	191154276	8.3702e-08
chr5	0	179058206	180915260	0.989735
chr5	1	1793589	180915260	0.00991397
chr5	2	60979	180915260	0.000337058
chr5	3	2307	180915260	1.27518e-05
chr5	4	141	180915260	7.7937e-07
chr5	5	13	180915260	7.18568e-08
chr5	6	22	180915260	1.21604e-07
chr5	7	3	180915260	1.65823e-08
chr6	0	168373476	171115067	0.983978
chr6	1	2620980	171115067	0.0153171
chr6	2	109616	171115067	0.000640598
chr6	3	6892	171115067	4.0277e-05
chr6	4	940	171115067	5.49338e-06
chr6	5	338	171115067	1.97528e-06
chr6	6	317	171115067	1.85255e-06
chr6	7	289	171115067	1.68892e-06
chr6	8	188	171115067	1.09868e-06
chr6	9	231	171115067	1.34997e-06
chr6	10	224	171115067	1.30906e-06
chr6	11	244	171115067	1.42594e-06
chr6	12	193	171115067	1.1279e-06
chr6	13	164	171115067	9.58419e-07
chr6	14	183	171115067	1.06946e-06
chr6	15	164	171115067	9.58419e-07
chr6	16	102	171115067	5.9609e-07
chr6	17	93	171115067	5.43494e-07
chr6	18	66	171115067	3.85705e-07
chr6	19	80	171115067	4.67522e-07
chr6	20	62	171115067	3.62329e-07
chr6	21	64	171115067	3.74017e-07
chr6	22	34	171115067	1.98697e-07
chr6	23	33	171115067	1.92853e-07
chr6	24	23	171115067	1.34412e-07
chr6	25	20	171115067	1.1688e-07
chr6	26	17	171115067	9.93483e-08
chr6	27	14	171115067	8.18163e-08
chr6	28	7	171115067	4.09081e-08
chr6	29	10	171115067	5.84402e-08
chr6	30	3	171115067	1.75321e-08
chr7	0	155858789	159138663	0.97939
chr7	1	3126540	159138663	0.0196466
chr7	2	141682	159138663	0.000890305
chr7	3	9423	159138663	5.92125e-05
chr7	4	948	159138663	5.95707e-06
chr7	5	220	159138663	1.38244e-06
chr7	6	108	159138663	6.78653e-07
chr7	7	60	159138663	3.7703e-07
chr7	8	80	159138663	5.02706e-07
chr7	9	87	159138663	5.46693e-07
chr7	10	74	159138663	4.65003e-07
chr7	11	110	159138663	6.91221e-07
chr7	12	134	159138663	8.42033e-07
chr7	13	69	159138663	4.33584e-07
chr7	14	73	159138663	4.58719e-07
chr7	15	31	159138663	1.94799e-07
chr7	16	30	159138663	1.88515e-07
chr7	17	21	159138663	1.3196e-07
chr7	18	30	159138663	1.88515e-07
chr7	19	21	159138663	1.3196e-07
chr7	20	18	159138663	1.13109e-07
chr7	21	14	159138663	8.79736e-08
chr7	22	11	159138663	6.91221e-08
chr7	23	25	159138663	1.57096e-07
chr7	24	22	159138663	1.38244e-07
chr7	25	13	159138663	8.16898e-08
chr7	26	13	159138663	8.16898e-08
chr7	27	12	159138663	7.54059e-08
chr7	28	5	159138663	3.14191e-08
chr8	0	144088395	146364022	0.984452
chr8	1	2175716	146364022	0.0148651
chr8	2	89682	146364022	0.000612733
chr8	3	6946	146364022	4.7457e-05
chr8	4	1621	146364022	1.10751e-05
chr8	5	653	146364022	4.46148e-06
chr8	6	297	146364022	2.02919e-06
chr8	7	235	146364022	1.60559e-06
chr8	8	179	146364022	1.22298e-06
chr8	9	94	146364022	6.42234e-07
chr8	10	53	146364022	3.62111e-07
chr8	11	67	146364022	4.57763e-07
chr8	12	41	146364022	2.80123e-07
chr8	13	16	146364022	1.09316e-07
chr8	14	6	146364022	4.09937e-08
chr8	15	9	146364022	6.14905e-08
chr8	16	12	146364022	8.19874e-08
chr9	0	140148054	141213431	0.992456
chr9	1	1026954	141213431	0.00727235
chr9	2	35911	141213431	0.000254303
chr9	3	1953	141213431	1.38301e-05
chr9	4	240	141213431	1.69956e-06
chr9	5	103	141213431	7.29392e-07
chr9	6	85	141213431	6.01926e-07
chr9	7	16	141213431	1.13304e-07
chr9	8	34	141213431	2.4077e-07
chr9	9	34	141213431	2.4077e-07
chr9	10	28	141213431	1.98281e-07
chr9	11	18	141213431	1.27467e-07
chr9	12	1	141213431	7.08148e-09
chr10	0	132803873	135534747	0.979851
chr10	1	2598564	135534747	0.0191727
chr10	2	118852	135534747	0.000876912
chr10	3	8051	135534747	5.94017e-05
chr10	4	1506	135534747	1.11115e-05
chr10	5	586	135534747	4.32361e-06
chr10	6	485	135534747	3.57842e-06
chr10	7	468	135534747	3.45299e-06
chr10	8	328	135534747	2.42004e-06
chr10	9	213	135534747	1.57155e-06
chr10	10	226	135534747	1.66747e-06
chr10	11	189	135534747	1.39448e-06
chr10	12	218	135534747	1.60844e-06
chr10	13	157	135534747	1.15837e-06
chr10	14	182	135534747	1.34283e-06
chr10	15	126	135534747	9.29651e-07
chr10	16	125	135534747	9.22273e-07
chr10	17	81	135534747	5.97633e-07
chr10	18	79	135534747	5.82876e-07
chr10	19	83	135534747	6.12389e-07
chr10	20	58	135534747	4.27935e-07
chr10	21	59	135534747	4.35313e-07
chr10	22	60	135534747	4.42691e-07
chr10	23	40	135534747	2.95127e-07
chr10	24	12	135534747	8.85382e-08
chr10	25	15	135534747	1.10673e-07
chr10	26	26	135534747	1.91833e-07
chr10	27	25	135534747	1.84455e-07
chr10	28	14	135534747	1.03295e-07
chr10	29	15	135534747	1.10673e-07
chr10	30	14	135534747	1.03295e-07
chr10	31	7	135534747	5.16473e-08
chr10	32	9	135534747	6.64036e-08
chr10	33	1	135534747	7.37818e-09
chr11	0	133585290	135006516	0.989473
chr11	1	1372120	135006516	0.0101634
chr11	2	45526	135006516	0.000337213
chr11	3	2734	135006516	2.02509e-05
chr11	4	371	135006516	2.74802e-06
chr11	5	224	135006516	1.65918e-06
chr11	6	112	135006516	8.2959e-07
chr11	7	16	135006516	1.18513e-07
chr11	8	28	135006516	2.07397e-07
chr11	9	20	135006516	1.48141e-07
chr11	10	6	135006516	4.44423e-08
chr11	11	3	135006516	2.22212e-08
chr11	12	2	135006516	1.48141e-08
chr11	13	2	135006516	1.48141e-08
chr11	14	1	135006516	7.40705e-09
chr11	15	2	135006516	1.48141e-08
chr11	16	1	135006516	7.40705e-09
chr11	17	5	135006516	3.70352e-08
chr11	18	3	135006516	2.22212e-08
chr11	19	2	135006516	1.48141e-08
chr11	20	5	135006516	3.70352e-08
chr11	21	2	135006516	1.48141e-08
chr11	22	1	135006516	7.40705e-09
chr11	23	1	135006516	7.40705e-09
chr11	24	2	135006516	1.48141e-08
chr11	25	3	135006516	2.22212e-08
chr11	26	3	135006516	2.22212e-08
chr11	27	3	135006516	2.22212e-08
chr11	28	5	135006516	3.70352e-08
chr11	29	5	135006516	3.70352e-08
chr11	30	10	135006516	7.40705e-08
chr11	31	6	135006516	4.44423e-08
chr11	32	2	135006516	1.48141e-08
chr12	0	132202785	133851895	0.98768
chr12	1	1578811	133851895	0.0117952
chr12	2	65472	133851895	0.000489138
chr12	3	4253	133851895	3.17739e-05
chr12	4	534	133851895	3.98948e-06
chr12	5	40	133851895	2.98838e-07
chr13	0	114454732	115169878	0.993791
chr13	1	692076	115169878	0.00600918
chr13	2	22073	115169878	0.000191656
chr13	3	915	115169878	7.94479e-06
chr13	4	77	115169878	6.68578e-07
chr13	5	5	115169878	4.34141e-08
chr14	0	106113346	107349540	0.988484
chr14	1	1189257	107349540	0.0110784
chr14	2	43943	107349540	0.000409345
chr14	3	2729	107349540	2.54216e-05
chr14	4	255	107349540	2.37542e-06
chr14	5	10	107349540	9.31536e-08
chr15	0	101837721	102531392	0.993235
chr15	1	670356	102531392	0.00653806
chr15	2	22328	102531392	0.000217767
chr15	3	933	102531392	9.09965e-06
chr15	4	31	102531392	3.02346e-07
chr15	5	23	102531392	2.24322e-07
chr16	0	89267716	90354753	0.987969
chr16	1	1041454	90354753	0.0115263
chr16	2	42323	90354753	0.000468409
chr16	3	2920	90354753	3.23171e-05
chr16	4	275	90354753	3.04356e-06
chr16	5	50	90354753	5.53374e-07
chr16	6	15	90354753	1.66012e-07
chr17	0	80678221	81195210	0.993633
chr17	1	498819	81195210	0.00614345
chr17	2	16810	81195210	0.000207032
chr17	3	1007	81195210	1.24022e-05
chr17	4	158	81195210	1.94593e-06
chr17	5	68	81195210	8.37488e-07
chr17	6	33	81195210	4.06428e-07
chr17	7	46	81195210	5.66536e-07
chr17	8	35	81195210	4.3106e-07
chr17	9	12	81195210	1.47792e-07
chr17	10	1	81195210	1.2316e-08
chr18	0	77155115	78077248	0.988189
chr18	1	885372	78077248	0.0113397
chr18	2	33658	78077248	0.000431086
chr18	3	2167	78077248	2.77546e-05
chr18	4	469	78077248	6.00687e-06
chr18	5	161	78077248	2.06206e-06
chr18	6	126	78077248	1.61379e-06
chr18	7	47	78077248	6.01968e-07
chr18	8	33	78077248	4.22658e-07
chr18	9	36	78077248	4.61082e-07
chr18	10	47	78077248	6.01968e-07
chr18	11	17	78077248	2.17733e-07
chr19	0	58534658	59128983	0.989949
chr19	1	569877	59128983	0.00963786
chr19	2	21656	59128983	0.00036625
chr19	3	1542	59128983	2.60786e-05
chr19	4	356	59128983	6.02074e-06
chr19	5	236	59128983	3.99127e-06
chr19	6	108	59128983	1.82652e-06
chr19	7	99	59128983	1.67431e-06
chr19	8	53	59128983	8.96346e-07
chr19	9	64	59128983	1.08238e-06
chr19	10	60	59128983	1.01473e-06
chr19	11	28	59128983	4.73541e-07
chr19	12	22	59128983	3.72068e-07
chr19	13	17	59128983	2.87507e-07
chr19	14	18	59128983	3.04419e-07
chr19	15	18	59128983	3.04419e-07
chr19	16	21	59128983	3.55156e-07
chr19	17	13	59128983	2.19858e-07
chr19	18	23	59128983	3.8898e-07
chr19	19	15	59128983	2.53683e-07
chr19	20	11	59128983	1.86034e-07
chr19	21	6	59128983	1.01473e-07
chr19	22	8	59128983	1.35297e-07
chr19	23	10	59128983	1.69122e-07
chr19	24	7	59128983	1.18385e-07
chr19	25	9	59128983	1.5221e-07
chr19	26	7	59128983	1.18385e-07
chr19	27	5	59128983	8.45609e-08
chr19	28	9	59128983	1.5221e-07
chr19	29	10	59128983	1.69122e-07
chr19	30	12	59128983	2.02946e-07
chr19	31	5	59128983	8.45609e-08
chr20	0	62087645	63025520	0.985119
chr20	1	899393	63025520	0.0142703
chr20	2	36513	63025520	0.000579337
chr20	3	1708	63025520	2.71001e-05
chr20	4	202	63025520	3.20505e-06
chr20	5	55	63025520	8.72662e-07
chr20	6	4	63025520	6.34664e-08
chr21	0	47753715	48129895	0.992184
chr21	1	362326	48129895	0.00752809
chr21	2	13254	48129895	0.00027538
chr21	3	534	48129895	1.1095e-05
chr21	4	66	48129895	1.37129e-06
chr22	0	51054486	51304566	0.995126
chr22	1	242760	51304566	0.00473174
chr22	2	7087	51304566	0.000138136
chr22	3	216	51304566	4.21015e-06
chr22	4	17	51304566	3.31354e-07
chrX	0	153556045	155270560	0.988958
chrX	1	1644584	155270560	0.0105917
chrX	2	62829	155270560	0.000404642
chrX	3	5321	155270560	3.42692e-05
chrX	4	1017	155270560	6.54986e-06
chrX	5	300	155270560	1.93211e-06
chrX	6	169	155270560	1.08842e-06
chrX	7	134	155270560	8.6301e-07
chrX	8	54	155270560	3.4778e-07
chrX	9	23	155270560	1.48129e-07
chrX	10	45	155270560	2.89817e-07
chrX	11	8	155270560	5.1523e-08
chrX	12	10	155270560	6.44037e-08
chrX	13	16	155270560	1.03046e-07
chrX	14	5	155270560	3.22019e-08
chrY	0	59326039	59373566	0.9992
chrY	1	45834	59373566	0.00077196
chrY	2	1392	59373566	2.34448e-05
chrY	3	173	59373566	2.91375e-06
chrY	4	96	59373566	1.61688e-06
chrY	5	21	59373566	3.53693e-07
chrY	6	3	59373566	5.05275e-08
chrY	7	8	59373566	1.3474e-07
chr1_gl000191_random	0	105933	106433	0.995302
chr1_gl000191_random	1	500	106433	0.00469779
chr1_gl000192_random	0	533980	547496	0.975313
chr1_gl000192_random	1	12942	547496	0.0236385
chr1_gl000192_random	2	564	547496	0.00103014
chr1_gl000192_random	3	10	547496	1.8265e-05
chr4_ctg9_hap1	0	585905	590426	0.992343
chr4_ctg9_hap1	1	4406	590426	0.00746241
chr4_ctg9_hap1	2	101	590426	0.000171063
chr4_ctg9_hap1	3	14	590426	2.37117e-05
chr4_gl000193_random	0	185843	189789	0.979208
chr4_gl000193_random	1	3704	189789	0.0195164
chr4_gl000193_random	2	230	189789	0.00121187
chr4_gl000193_random	3	12	189789	6.32281e-05
chr4_gl000194_random	0	188089	191469	0.982347
chr4_gl000194_random	1	3310	191469	0.0172874
chr4_gl000194_random	2	70	191469	0.000365594
chr6_apd_hap1	0	4617800	4622290	0.999029
chr6_apd_hap1	1	4430	4622290	0.000958399
chr6_apd_hap1	2	60	4622290	1.29806e-05
chr6_cox_hap2	0	4784130	4795371	0.997656
chr6_cox_hap2	1	11232	4795371	0.00234226
chr6_cox_hap2	2	9	4795371	1.87681e-06
chr6_dbb_hap3	0	4600250	4610396	0.997799
chr6_dbb_hap3	1	10042	4610396	0.00217812
chr6_dbb_hap3	2	104	4610396	2.25577e-05
chr6_mann_hap4	0	4671729	4683263	0.997537
chr6_mann_hap4	1	11268	4683263	0.00240601
chr6_mann_hap4	2	266	4683263	5.6798e-05
chr6_mcf_hap5	0	4824343	4833398	0.998127
chr6_mcf_hap5	1	9010	4833398	0.00186411
chr6_mcf_hap5	2	45	4833398	9.31022e-06
chr6_qbl_hap6	0	4603737	4611984	0.998212
chr6_qbl_hap6	1	8194	4611984	0.00177668
chr6_qbl_hap6	2	53	4611984	1.14918e-05
chr6_ssto_hap7	0	4916438	4928567	0.997539
chr6_ssto_hap7	1	12008	4928567	0.00243641
chr6_ssto_hap7	2	121	4928567	2.45507e-05
chr7_gl000195_random	0	178253	182896	0.974614
chr7_gl000195_random	1	4586	182896	0.0250744
chr7_gl000195_random	2	57	182896	0.000311653
chr8_gl000196_random	0	38322	38914	0.984787
chr8_gl000196_random	1	584	38914	0.0150075
chr8_gl000196_random	2	8	38914	0.000205582
chr8_gl000197_random	0	37075	37175	0.99731
chr8_gl000197_random	1	100	37175	0.00268998
chr9_gl000198_random	0	88060	90085	0.977521
chr9_gl000198_random	1	1900	90085	0.0210912
chr9_gl000198_random	2	125	90085	0.00138758
chr9_gl000199_random	0	139585	169874	0.821697
chr9_gl000199_random	1	22294	169874	0.131238
chr9_gl000199_random	2	5013	169874	0.0295101
chr9_gl000199_random	3	1345	169874	0.00791763
chr9_gl000199_random	4	589	169874	0.00346728
chr9_gl000199_random	5	281	169874	0.00165417
chr9_gl000199_random	6	293	169874	0.00172481
chr9_gl000199_random	7	161	169874	0.000947761
chr9_gl000199_random	8	104	169874	0.000612218
chr9_gl000199_random	9	60	169874	0.000353203
chr9_gl000199_random	10	15	169874	8.83007e-05
chr9_gl000199_random	11	12	169874	7.06406e-05
chr9_gl000199_random	12	15	169874	8.83007e-05
chr9_gl000199_random	13	14	169874	8.2414e-05
chr9_gl000199_random	14	27	169874	0.000158941
chr9_gl000199_random	15	13	169874	7.65273e-05
chr9_gl000199_random	16	15	169874	8.83007e-05
chr9_gl000199_random	17	3	169874	1.76601e-05
chr9_gl000199_random	18	3	169874	1.76601e-05
chr9_gl000199_random	19	5	169874	2.94336e-05
chr9_gl000199_random	20	4	169874	2.35469e-05
chr9_gl000199_random	21	4	169874	2.35469e-05
chr9_gl000199_random	22	2	169874	1.17734e-05
chr9_gl000199_random	23	4	169874	2.35469e-05
chr9_gl000199_random	24	8	169874	4.70937e-05
chr9_gl000199_random	25	2	169874	1.17734e-05
chr9_gl000199_random	26	3	169874	1.76601e-05
chr9_gl000200_random	0	186316	187035	0.996156
chr9_gl000200_random	1	688	187035	0.00367846
chr9_gl000200_random	2	31	187035	0.000165744
chr11_gl000202_random	0	39903	40103	0.995013
chr11_gl000202_random	1	200	40103	0.00498716
chr17_ctg5_hap1	0	1674747	1680828	0.996382
chr17_ctg5_hap1	1	6012	1680828	0.00357681
chr17_ctg5_hap1	2	69	1680828	4.10512e-05
chr17_gl000203_random	0	37448	37498	0.998667
chr17_gl000203_random	1	50	37498	0.0013334
chr17_gl000204_random	0	81202	81310	0.998672
chr17_gl000204_random	1	66	81310	0.000811708
chr17_gl000204_random	2	42	81310	0.000516542
chr17_gl000205_random	0	171165	174588	0.980394
chr17_gl000205_random	1	3246	174588	0.0185923
chr17_gl000205_random	2	177	174588	0.00101382
chr19_gl000208_random	0	88472	92689	0.954504
chr19_gl000208_random	1	3398	92689	0.0366602
chr19_gl000208_random	2	576	92689	0.00621433
chr19_gl000208_random	3	135	92689	0.00145648
chr19_gl000208_random	4	52	92689	0.000561016
chr19_gl000208_random	5	49	92689	0.00052865
chr19_gl000208_random	6	7	92689	7.55214e-05
chr19_gl000209_random	0	157875	159169	0.99187
chr19_gl000209_random	1	1238	159169	0.0077779
chr19_gl000209_random	2	56	159169	0.000351827
chr21_gl000210_random	0	27532	27682	0.994581
chr21_gl000210_random	1	150	27682	0.00541868
chrUn_gl000211	0	163179	166566	0.979666
chrUn_gl000211	1	3274	166566	0.0196559
chrUn_gl000211	2	113	166566	0.00067841
chrUn_gl000212	0	184233	186858	0.985952
chrUn_gl000212	1	2500	186858	0.0133791
chrUn_gl000212	2	125	186858	0.000668957
chrUn_gl000213	0	163439	164239	0.995129
chrUn_gl000213	1	800	164239	0.00487095
chrUn_gl000214	0	132310	137718	0.960731
chrUn_gl000214	1	4509	137718	0.0327408
chrUn_gl000214	2	613	137718	0.00445112
chrUn_gl000214	3	126	137718	0.000914913
chrUn_gl000214	4	45	137718	0.000326755
chrUn_gl000214	5	56	137718	0.000406628
chrUn_gl000214	6	38	137718	0.000275926
chrUn_gl000214	7	19	137718	0.000137963
chrUn_gl000214	8	2	137718	1.45224e-05
chrUn_gl000215	0	172195	172545	0.997972
chrUn_gl000215	1	350	172545	0.00202846
chrUn_gl000216	0	167516	172294	0.972268
chrUn_gl000216	1	4277	172294	0.0248238
chrUn_gl000216	2	404	172294	0.00234483
chrUn_gl000216	3	52	172294	0.00030181
chrUn_gl000216	4	16	172294	9.28645e-05
chrUn_gl000216	5	29	172294	0.000168317
chrUn_gl000217	0	170208	172149	0.988725
chrUn_gl000217	1	1932	172149	0.0112228
chrUn_gl000217	2	9	172149	5.22803e-05
chrUn_gl000218	0	158292	161147	0.982283
chrUn_gl000218	1	2810	161147	0.0174375
chrUn_gl000218	2	45	161147	0.000279248
chrUn_gl000219	0	176404	179198	0.984408
chrUn_gl000219	1	2688	179198	0.0150002
chrUn_gl000219	2	106	179198	0.000591524
chrUn_gl000220	0	148234	161802	0.916144
chrUn_gl000220	1	10053	161802	0.0621315
chrUn_gl000220	2	1994	161802	0.0123237
chrUn_gl000220	3	734	161802	0.00453641
chrUn_gl000220	4	410	161802	0.00253396
chrUn_gl000220	5	163	161802	0.0010074
chrUn_gl000220	6	163	161802	0.0010074
chrUn_gl000220	7	34	161802	0.000210133
chrUn_gl000220	8	17	161802	0.000105067
chrUn_gl000221	0	151871	155397	0.97731
chrUn_gl000221	1	3452	155397	0.0222141
chrUn_gl000221	2	74	155397	0.0004762
chrUn_gl000222	0	184631	186861	0.988066
chrUn_gl000222	1	2160	186861	0.0115594
chrUn_gl000222	2	70	186861	0.00037461
chrUn_gl000223	0	179755	180455	0.996121
chrUn_gl000223	1	700	180455	0.00387908
chrUn_gl000224	0	172217	179693	0.958396
chrUn_gl000224	1	6538	179693	0.0363843
chrUn_gl000224	2	674	179693	0.00375084
chrUn_gl000224	3	130	179693	0.000723456
chrUn_gl000224	4	62	179693	0.000345033
chrUn_gl000224	5	24	179693	0.000133561
chrUn_gl000224	6	30	179693	0.000166951
chrUn_gl000224	7	18	179693	0.000100171
chrUn_gl000225	0	207111	211173	0.980765
chrUn_gl000225	1	3766	211173	0.0178337
chrUn_gl000225	2	254	211173	0.00120281
chrUn_gl000225	3	42	211173	0.000198889
chrUn_gl000226	0	1917	15008	0.127732
chrUn_gl000226	1	2019	15008	0.134528
chrUn_gl000226	2	1676	15008	0.111674
chrUn_gl000226	3	1468	15008	0.0978145
chrUn_gl000226	4	1556	15008	0.103678
chrUn_gl000226	5	1369	15008	0.091218
chrUn_gl000226	6	1220	15008	0.08129
chrUn_gl000226	7	881	15008	0.058702
chrUn_gl000226	8	619	15008	0.0412447
chrUn_gl000226	9	538	15008	0.0358475
chrUn_gl000226	10	502	15008	0.0334488
chrUn_gl000226	11	406	15008	0.0270522
chrUn_gl000226	12	225	15008	0.014992
chrUn_gl000226	13	173	15008	0.0115272
chrUn_gl000226	14	172	15008	0.0114606
chrUn_gl000226	15	112	15008	0.00746269
chrUn_gl000226	16	71	15008	0.00473081
chrUn_gl000226	17	27	15008	0.00179904
chrUn_gl000226	18	14	15008	0.000932836
chrUn_gl000226	19	7	15008	0.000466418
chrUn_gl000226	20	14	15008	0.000932836
chrUn_gl000226	21	3	15008	0.000199893
chrUn_gl000226	22	11	15008	0.000732942
chrUn_gl000226	23	6	15008	0.000399787
chrUn_gl000226	24	1	15008	6.66311e-05
chrUn_gl000226	25	1	15008	6.66311e-05
chrUn_gl000227	0	127474	128374	0.992989
chrUn_gl000227	1	900	128374	0.00701077
chrUn_gl000228	0	127374	129120	0.986478
chrUn_gl000228	1	1742	129120	0.0134913
chrUn_gl000228	2	4	129120	3.09789e-05
chrUn_gl000229	0	19469	19913	0.977703
chrUn_gl000229	1	388	19913	0.0194848
chrUn_gl000229	2	56	19913	0.00281223
chrUn_gl000230	0	41800	43691	0.956719
chrUn_gl000230	1	1782	43691	0.0407864
chrUn_gl000230	2	109	43691	0.00249479
chrUn_gl000231	0	26836	27386	0.979917
chrUn_gl000231	1	550	27386	0.0200833
chrUn_gl000232	0	39046	40652	0.960494
chrUn_gl000232	1	1441	40652	0.0354472
chrUn_gl000232	2	136	40652	0.00334547
chrUn_gl000232	3	29	40652	0.000713372
chrUn_gl000233	0	44352	45941	0.965412
chrUn_gl000233	1	1478	45941	0.0321717
chrUn_gl000233	2	111	45941	0.00241614
chrUn_gl000234	0	38948	40531	0.960943
chrUn_gl000234	1	1533	40531	0.0378229
chrUn_gl000234	2	33	40531	0.000814192
chrUn_gl000234	3	17	40531	0.000419432
chrUn_gl000235	0	32720	34474	0.949121
chrUn_gl000235	1	1708	34474	0.0495446
chrUn_gl000235	2	46	34474	0.00133434
chrUn_gl000236	0	41534	41934	0.990461
chrUn_gl000236	1	400	41934	0.0095388
chrUn_gl000237	0	45231	45867	0.986134
chrUn_gl000237	1	572	45867	0.0124708
chrUn_gl000237	2	64	45867	0.00139534
chrUn_gl000238	0	39789	39939	0.996244
chrUn_gl000238	1	150	39939	0.00375573
chrUn_gl000239	0	33124	33824	0.979305
chrUn_gl000239	1	700	33824	0.0206954
chrUn_gl000240	0	41225	41933	0.983116
chrUn_gl000240	1	666	41933	0.0158825
chrUn_gl000240	2	42	41933	0.0010016
chrUn_gl000241	0	40019	42152	0.949397
chrUn_gl000241	1	1949	42152	0.0462374
chrUn_gl000241	2	151	42152	0.00358227
chrUn_gl000241	3	33	42152	0.000782881
chrUn_gl000242	0	43423	43523	0.997702
chrUn_gl000242	1	100	43523	0.00229764
chrUn_gl000243	0	42482	43341	0.98018
chrUn_gl000243	1	818	43341	0.0188736
chrUn_gl000243	2	41	43341	0.000945986
chrUn_gl000244	0	39629	39929	0.992487
chrUn_gl000244	1	300	39929	0.00751334
chrUn_gl000245	0	35372	36651	0.965103
chrUn_gl000245	1	1208	36651	0.0329595
chrUn_gl000245	2	71	36651	0.00193719
chrUn_gl000246	0	38054	38154	0.997379
chrUn_gl000246	1	100	38154	0.00262096
chrUn_gl000247	0	35666	36422	0.979243
chrUn_gl000247	1	712	36422	0.0195486
chrUn_gl000247	2	44	36422	0.00120806
chrUn_gl000248	0	39636	39786	0.99623
chrUn_gl000248	1	150	39786	0.00377017
chrUn_gl000249	0	38348	38502	0.996
chrUn_gl000249	1	108	38502	0.00280505
chrUn_gl000249	2	46	38502	0.00119474
chr9_gl000201_random	0	36148	36148	1
chr17_gl000206_random	0	41001	41001	1
chr18_gl000207_random	0	4262	4262	1
genome	0	3099067872	3137161264	0.987857
genome	1	36508831	3137161264	0.0116375
genome	2	1448678	3137161264	0.00046178
genome	3	93958	3137161264	2.995e-05
genome	4	15668	3137161264	4.99432e-06
genome	5	6334	3137161264	2.01902e-06
genome	6	4347	3137161264	1.38565e-06
genome	7	3009	3137161264	9.59147e-07
genome	8	2217	3137161264	7.0669e-07
genome	9	1651	3137161264	5.26272e-07
genome	10	1502	3137161264	4.78777e-07
genome	11	1198	3137161264	3.81874e-07
genome	12	945	3137161264	3.01228e-07
genome	13	701	3137161264	2.2345e-07
genome	14	753	3137161264	2.40026e-07
genome	15	551	3137161264	1.75637e-07
genome	16	453	3137161264	1.44398e-07
genome	17	305	3137161264	9.72217e-08
genome	18	277	3137161264	8.82964e-08
genome	19	268	3137161264	8.54276e-08
genome	20	221	3137161264	7.04459e-08
genome	21	183	3137161264	5.8333e-08
genome	22	149	3137161264	4.74952e-08
genome	23	155	3137161264	4.94077e-08
genome	24	113	3137161264	3.60198e-08
genome	25	102	3137161264	3.25135e-08
genome	26	107	3137161264	3.41073e-08
genome	27	86	3137161264	2.74133e-08
genome	28	72	3137161264	2.29507e-08
genome	29	75	3137161264	2.3907e-08
genome	30	73	3137161264	2.32694e-08
genome	31	55	3137161264	1.75318e-08
genome	32	58	3137161264	1.84881e-08
genome	33	28	3137161264	8.92527e-09
genome	34	28	3137161264	8.92527e-09
genome	35	23	3137161264	7.33147e-09
genome	36	14	3137161264	4.46263e-09
genome	37	17	3137161264	5.41891e-09
genome	38	15	3137161264	4.78139e-09
genome	39	6	3137161264	1.91256e-09
genome	40	4	3137161264	1.27504e-09
genome	41	5	3137161264	1.5938e-09
genome	42	3	3137161264	9.56279e-10
genome	43	5	3137161264	1.5938e-09
genome	44	13	3137161264	4.14387e-09
genome	45	9	3137161264	2.86884e-09
genome	46	21	3137161264	6.69395e-09
genome	47	20	3137161264	6.37519e-09
genome	48	23	3137161264	7.33147e-09
genome	49	22	3137161264	7.01271e-09
genome	50	17	3137161264	5.41891e-09
genome	51	15	3137161264	4.78139e-09
genome	52	7	3137161264	2.23132e-09
genome	53	2	3137161264	6.37519e-10
