1	0	245275005	249250621	0.98405
1	1	3925243	249250621	0.0157482
1	2	49218	249250621	0.000197464
1	3	836	249250621	3.35405e-06
1	4	252	249250621	1.01103e-06
1	5	28	249250621	1.12337e-07
1	6	16	249250621	6.41924e-08
1	7	15	249250621	6.01804e-08
1	8	8	249250621	3.20962e-08
2	0	240360753	243199373	0.988328
2	1	2808832	243199373	0.0115495
2	2	28941	243199373	0.000119001
2	3	533	243199373	2.19162e-06
2	4	60	243199373	2.46711e-07
2	5	15	243199373	6.16778e-08
2	6	16	243199373	6.57896e-08
2	7	10	243199373	4.11185e-08
2	8	12	243199373	4.93422e-08
2	9	20	243199373	8.22371e-08
2	10	11	243199373	4.52304e-08
2	11	8	243199373	3.28948e-08
2	12	5	243199373	2.05593e-08
2	13	1	243199373	4.11185e-09
2	14	4	243199373	1.64474e-08
2	15	2	243199373	8.22371e-09
2	16	6	243199373	2.46711e-08
2	17	37	243199373	1.52139e-07
2	18	15	243199373	6.16778e-08
2	19	9	243199373	3.70067e-08
2	20	7	243199373	2.8783e-08
2	21	12	243199373	4.93422e-08
2	22	3	243199373	1.23356e-08
2	24	2	243199373	8.22371e-09
2	26	1	243199373	4.11185e-09
2	27	1	243199373	4.11185e-09
2	28	1	243199373	4.11185e-09
2	32	3	243199373	1.23356e-08
2	33	3	243199373	1.23356e-08
2	34	3	243199373	1.23356e-08
2	35	3	243199373	1.23356e-08
2	39	1	243199373	4.11185e-09
2	40	1	243199373	4.11185e-09
2	41	1	243199373	4.11185e-09
2	43	2	243199373	8.22371e-09
2	45	2	243199373	8.22371e-09
2	47	2	243199373	8.22371e-09
2	49	2	243199373	8.22371e-09
2	50	1	243199373	4.11185e-09
2	51	1	243199373	4.11185e-09
2	53	1	243199373	4.11185e-09
2	55	1	243199373	4.11185e-09
2	56	1	243199373	4.11185e-09
2	58	1	243199373	4.11185e-09
2	59	2	243199373	8.22371e-09
2	62	2	243199373	8.22371e-09
2	63	3	243199373	1.23356e-08
2	64	3	243199373	1.23356e-08
2	66	5	243199373	2.05593e-08
2	67	12	243199373	4.93422e-08
3	0	195665105	198022430	0.988096
3	1	2335632	198022430	0.0117948
3	2	21361	198022430	0.000107872
3	3	332	198022430	1.67658e-06
4	0	188389964	191154276	0.985539
4	1	2734564	191154276	0.0143055
4	2	29241	191154276	0.000152971
4	3	474	191154276	2.47967e-06
4	4	33	191154276	1.72635e-07
5	0	179073681	180915260	0.989821
5	1	1827057	180915260	0.010099
5	2	14323	180915260	7.91697e-05
5	3	199	180915260	1.09996e-06
6	0	168409208	171115067	0.984187
6	1	2675824	171115067	0.0156376
6	2	27810	171115067	0.000162522
6	3	812	171115067	4.74534e-06
6	4	273	171115067	1.59542e-06
6	5	129	171115067	7.53879e-07
6	6	118	171115067	6.89594e-07
6	7	136	171115067	7.94787e-07
6	8	109	171115067	6.36998e-07
6	9	128	171115067	7.48035e-07
6	10	103	171115067	6.01934e-07
6	11	93	171115067	5.43494e-07
6	12	62	171115067	3.62329e-07
6	13	31	171115067	1.81165e-07
6	14	46	171115067	2.68825e-07
6	15	31	171115067	1.81165e-07
6	16	26	171115067	1.51945e-07
6	17	8	171115067	4.67522e-08
6	18	27	171115067	1.57789e-07
6	19	38	171115067	2.22073e-07
6	20	28	171115067	1.63633e-07
6	21	24	171115067	1.40256e-07
6	22	3	171115067	1.75321e-08
7	0	155670453	159138663	0.978206
7	1	3414575	159138663	0.0214566
7	2	52164	159138663	0.00032779
7	3	1234	159138663	7.75424e-06
7	4	134	159138663	8.42033e-07
7	5	45	159138663	2.82772e-07
7	6	4	159138663	2.51353e-08
7	9	3	159138663	1.88515e-08
7	11	1	159138663	6.28383e-09
7	14	1	159138663	6.28383e-09
7	16	3	159138663	1.88515e-08
7	20	2	159138663	1.25677e-08
7	22	9	159138663	5.65545e-08
7	23	18	159138663	1.13109e-07
7	24	17	159138663	1.06825e-07
8	0	144151874	146364022	0.984886
8	1	2185343	146364022	0.0149309
8	2	24384	146364022	0.000166598
8	3	1441	146364022	9.84532e-06
8	4	510	146364022	3.48446e-06
8	5	231	146364022	1.57826e-06
8	6	135	146364022	9.22358e-07
8	7	53	146364022	3.62111e-07
8	8	32	146364022	2.18633e-07
8	9	9	146364022	6.14905e-08
8	10	7	146364022	4.7826e-08
8	11	3	146364022	2.04968e-08
9	0	140264810	141213431	0.993282
9	1	942005	141213431	0.00667079
9	2	6353	141213431	4.49886e-05
9	3	263	141213431	1.86243e-06
10	0	132754078	135534747	0.979484
10	1	2741850	135534747	0.0202299
10	2	38157	135534747	0.000281529
10	3	612	135534747	4.51545e-06
10	4	50	135534747	3.68909e-07
11	0	133033242	135006516	0.985384
11	1	1953807	135006516	0.0144719
11	2	19208	135006516	0.000142275
11	3	259	135006516	1.91843e-06
12	0	132225620	133851895	0.98785
12	1	1605635	133851895	0.0119956
12	2	20146	133851895	0.00015051
12	3	433	133851895	3.23492e-06
12	4	11	133851895	8.21804e-08
12	12	2	133851895	1.49419e-08
12	13	3	133851895	2.24128e-08
12	15	3	133851895	2.24128e-08
12	16	42	133851895	3.1378e-07
13	0	114395064	115169878	0.993272
13	1	769821	115169878	0.00668422
13	2	4912	115169878	4.265e-05
13	3	34	115169878	2.95216e-07
13	4	32	115169878	2.7785e-07
13	5	15	115169878	1.30242e-07
14	0	106118609	107349540	0.988533
14	1	1219296	107349540	0.0113582
14	2	11147	107349540	0.000103838
14	3	440	107349540	4.09876e-06
14	5	48	107349540	4.47137e-07
15	0	101967008	102531392	0.994496
15	1	561066	102531392	0.00547214
15	2	3270	102531392	3.18927e-05
15	3	48	102531392	4.68149e-07
16	0	89485767	90354753	0.990383
16	1	850212	90354753	0.00940971
16	2	10935	90354753	0.000121023
16	3	3054	90354753	3.38001e-05
16	4	1882	90354753	2.0829e-05
16	5	1144	90354753	1.26612e-05
16	6	574	90354753	6.35274e-06
16	7	428	90354753	4.73688e-06
16	8	218	90354753	2.41271e-06
16	9	201	90354753	2.22456e-06
16	10	104	90354753	1.15102e-06
16	11	66	90354753	7.30454e-07
16	12	37	90354753	4.09497e-07
16	13	33	90354753	3.65227e-07
16	14	17	90354753	1.88147e-07
16	15	15	90354753	1.66012e-07
16	16	4	90354753	4.42699e-08
16	17	5	90354753	5.53374e-08
16	18	11	90354753	1.21742e-07
16	19	15	90354753	1.66012e-07
16	20	21	90354753	2.32417e-07
16	21	9	90354753	9.96074e-08
16	22	1	90354753	1.10675e-08
17	0	80585306	81195210	0.992488
17	1	606233	81195210	0.00746636
17	2	3405	81195210	4.1936e-05
17	3	207	81195210	2.54941e-06
17	4	59	81195210	7.26644e-07
18	0	76997511	78077248	0.986171
18	1	1069114	78077248	0.013693
18	2	10433	78077248	0.000133624
18	3	190	78077248	2.43349e-06
19	0	58448774	59128983	0.988496
19	1	672722	59128983	0.0113772
19	2	7418	59128983	0.000125455
19	3	34	59128983	5.75014e-07
19	4	35	59128983	5.91926e-07
20	0	62121677	63025520	0.985659
20	1	894197	63025520	0.0141879
20	2	9513	63025520	0.000150939
20	3	105	63025520	1.66599e-06
20	4	28	63025520	4.44264e-07
21	0	47717631	48129895	0.991434
21	1	408536	48129895	0.0084882
21	2	3628	48129895	7.53793e-05
21	3	92	48129895	1.91149e-06
21	4	8	48129895	1.66217e-07
22	0	51065080	51304566	0.995332
22	1	237972	51304566	0.00463842
22	2	1464	51304566	2.85355e-05
22	3	50	51304566	9.74572e-07
X	0	154066052	155270560	0.992243
X	1	1196338	155270560	0.00770486
X	2	7495	155270560	4.82706e-05
X	3	440	155270560	2.83376e-06
X	4	102	155270560	6.56918e-07
X	5	80	155270560	5.1523e-07
X	6	29	155270560	1.86771e-07
X	7	22	155270560	1.41688e-07
X	8	2	155270560	1.28807e-08
Y	0	59369054	59373566	0.999924
Y	1	4275	59373566	7.20017e-05
Y	2	236	59373566	3.97483e-06
Y	3	1	59373566	1.68425e-08
genome	0	3057611326	3095677412	0.987703
genome	1	37640149	3095677412	0.0121589
genome	2	405162	3095677412	0.00013088
genome	3	12123	3095677412	3.91611e-06
genome	4	3469	3095677412	1.12059e-06
genome	5	1735	3095677412	5.60459e-07
genome	6	892	3095677412	2.88144e-07
genome	7	664	3095677412	2.14493e-07
genome	8	381	3095677412	1.23075e-07
genome	9	361	3095677412	1.16614e-07
genome	10	225	3095677412	7.2682e-08
genome	11	171	3095677412	5.52383e-08
genome	12	106	3095677412	3.42413e-08
genome	13	68	3095677412	2.19661e-08
genome	14	68	3095677412	2.19661e-08
genome	15	51	3095677412	1.64746e-08
genome	16	81	3095677412	2.61655e-08
genome	17	50	3095677412	1.61516e-08
genome	18	53	3095677412	1.71206e-08
genome	19	62	3095677412	2.00279e-08
genome	20	58	3095677412	1.87358e-08
genome	21	45	3095677412	1.45364e-08
genome	22	16	3095677412	5.1685e-09
genome	23	18	3095677412	5.81456e-09
genome	24	19	3095677412	6.13759e-09
genome	26	1	3095677412	3.23031e-10
genome	27	1	3095677412	3.23031e-10
genome	28	1	3095677412	3.23031e-10
genome	32	3	3095677412	9.69093e-10
genome	33	3	3095677412	9.69093e-10
genome	34	3	3095677412	9.69093e-10
genome	35	3	3095677412	9.69093e-10
genome	39	1	3095677412	3.23031e-10
genome	40	1	3095677412	3.23031e-10
genome	41	1	3095677412	3.23031e-10
genome	43	2	3095677412	6.46062e-10
genome	45	2	3095677412	6.46062e-10
genome	47	2	3095677412	6.46062e-10
genome	49	2	3095677412	6.46062e-10
genome	50	1	3095677412	3.23031e-10
genome	51	1	3095677412	3.23031e-10
genome	53	1	3095677412	3.23031e-10
genome	55	1	3095677412	3.23031e-10
genome	56	1	3095677412	3.23031e-10
genome	58	1	3095677412	3.23031e-10
genome	59	2	3095677412	6.46062e-10
genome	62	2	3095677412	6.46062e-10
genome	63	3	3095677412	9.69093e-10
genome	64	3	3095677412	9.69093e-10
genome	66	5	3095677412	1.61516e-09
genome	67	12	3095677412	3.87637e-09
