1	0	245384470	249250621	0.984489
1	1	3815476	249250621	0.0153078
1	2	49448	249250621	0.000198387
1	3	991	249250621	3.97592e-06
1	4	175	249250621	7.02105e-07
1	5	61	249250621	2.44734e-07
2	0	240173399	243199373	0.987558
2	1	2991559	243199373	0.0123008
2	2	33189	243199373	0.000136468
2	3	889	243199373	3.65544e-06
2	4	47	243199373	1.93257e-07
2	5	16	243199373	6.57896e-08
2	6	14	243199373	5.75659e-08
2	7	23	243199373	9.45726e-08
2	8	22	243199373	9.04608e-08
2	9	10	243199373	4.11185e-08
2	10	17	243199373	6.99015e-08
2	11	6	243199373	2.46711e-08
2	12	3	243199373	1.23356e-08
2	13	2	243199373	8.22371e-09
2	14	4	243199373	1.64474e-08
2	15	4	243199373	1.64474e-08
2	16	6	243199373	2.46711e-08
2	17	3	243199373	1.23356e-08
2	18	4	243199373	1.64474e-08
2	19	6	243199373	2.46711e-08
2	20	8	243199373	3.28948e-08
2	21	11	243199373	4.52304e-08
2	22	19	243199373	7.81252e-08
2	23	8	243199373	3.28948e-08
2	24	7	243199373	2.8783e-08
2	25	8	243199373	3.28948e-08
2	26	25	243199373	1.02796e-07
2	28	1	243199373	4.11185e-09
2	30	1	243199373	4.11185e-09
2	35	1	243199373	4.11185e-09
2	36	1	243199373	4.11185e-09
2	40	1	243199373	4.11185e-09
2	44	4	243199373	1.64474e-08
2	46	1	243199373	4.11185e-09
2	48	1	243199373	4.11185e-09
2	49	1	243199373	4.11185e-09
2	50	1	243199373	4.11185e-09
2	53	1	243199373	4.11185e-09
2	54	1	243199373	4.11185e-09
2	57	1	243199373	4.11185e-09
2	58	1	243199373	4.11185e-09
2	59	1	243199373	4.11185e-09
2	61	1	243199373	4.11185e-09
2	63	4	243199373	1.64474e-08
2	67	1	243199373	4.11185e-09
2	71	1	243199373	4.11185e-09
2	72	1	243199373	4.11185e-09
2	77	1	243199373	4.11185e-09
2	79	1	243199373	4.11185e-09
2	81	1	243199373	4.11185e-09
2	82	1	243199373	4.11185e-09
2	87	1	243199373	4.11185e-09
2	89	3	243199373	1.23356e-08
2	92	1	243199373	4.11185e-09
2	95	2	243199373	8.22371e-09
2	96	2	243199373	8.22371e-09
2	97	1	243199373	4.11185e-09
2	99	1	243199373	4.11185e-09
2	100	2	243199373	8.22371e-09
2	101	4	243199373	1.64474e-08
2	103	3	243199373	1.23356e-08
2	104	9	243199373	3.70067e-08
2	105	5	243199373	2.05593e-08
3	0	195280701	198022430	0.986154
3	1	2713613	198022430	0.0137036
3	2	27319	198022430	0.000137959
3	3	739	198022430	3.7319e-06
3	4	58	198022430	2.92896e-07
4	0	188457503	191154276	0.985892
4	1	2665415	191154276	0.0139438
4	2	30767	191154276	0.000160954
4	3	563	191154276	2.94527e-06
4	4	28	191154276	1.46479e-07
5	0	179058117	180915260	0.989735
5	1	1839126	180915260	0.0101657
5	2	17781	180915260	9.82836e-05
5	3	232	180915260	1.28237e-06
5	4	4	180915260	2.21098e-08
6	0	168349780	171115067	0.98384
6	1	2731035	171115067	0.0159602
6	2	32323	171115067	0.000188896
6	3	674	171115067	3.93887e-06
6	4	195	171115067	1.13958e-06
6	5	139	171115067	8.12319e-07
6	6	155	171115067	9.05823e-07
6	7	101	171115067	5.90246e-07
6	8	109	171115067	6.36998e-07
6	9	73	171115067	4.26613e-07
6	10	67	171115067	3.91549e-07
6	11	48	171115067	2.80513e-07
6	12	63	171115067	3.68173e-07
6	13	42	171115067	2.45449e-07
6	14	20	171115067	1.1688e-07
6	15	59	171115067	3.44797e-07
6	16	34	171115067	1.98697e-07
6	17	20	171115067	1.1688e-07
6	18	31	171115067	1.81165e-07
6	19	18	171115067	1.05192e-07
6	20	14	171115067	8.18163e-08
6	21	31	171115067	1.81165e-07
6	22	15	171115067	8.76603e-08
6	23	10	171115067	5.84402e-08
6	24	9	171115067	5.25962e-08
6	25	2	171115067	1.1688e-08
7	0	156016311	159138663	0.98038
7	1	3076357	159138663	0.0193313
7	2	44585	159138663	0.000280164
7	3	1129	159138663	7.09444e-06
7	4	205	159138663	1.28818e-06
7	5	17	159138663	1.06825e-07
7	6	5	159138663	3.14191e-08
7	13	3	159138663	1.88515e-08
7	14	1	159138663	6.28383e-09
7	19	1	159138663	6.28383e-09
7	20	3	159138663	1.88515e-08
7	29	3	159138663	1.88515e-08
7	30	21	159138663	1.3196e-07
7	31	5	159138663	3.14191e-08
7	32	14	159138663	8.79736e-08
7	33	3	159138663	1.88515e-08
8	0	144155928	146364022	0.984914
8	1	2179961	146364022	0.0148941
8	2	26217	146364022	0.000179122
8	3	1054	146364022	7.20122e-06
8	4	394	146364022	2.69192e-06
8	5	132	146364022	9.01861e-07
8	6	128	146364022	8.74532e-07
8	7	108	146364022	7.37886e-07
8	8	67	146364022	4.57763e-07
8	9	33	146364022	2.25465e-07
9	0	140039881	141213431	0.99169
9	1	1162495	141213431	0.00823218
9	2	10827	141213431	7.66712e-05
9	3	211	141213431	1.49419e-06
9	4	17	141213431	1.20385e-07
10	0	133335635	135534747	0.983774
10	1	2171017	135534747	0.0160182
10	2	27649	135534747	0.000203999
10	3	355	135534747	2.61925e-06
10	4	35	135534747	2.58236e-07
10	5	56	135534747	4.13178e-07
11	0	132922730	135006516	0.984565
11	1	2060902	135006516	0.0152652
11	2	22401	135006516	0.000165925
11	3	436	135006516	3.22947e-06
11	4	47	135006516	3.48131e-07
12	0	132258888	133851895	0.988099
12	1	1570597	133851895	0.0117338
12	2	21681	133851895	0.000161978
12	3	610	133851895	4.55728e-06
12	4	74	133851895	5.5285e-07
12	5	5	133851895	3.73547e-08
12	6	40	133851895	2.98838e-07
13	0	114424444	115169878	0.993528
13	1	739992	115169878	0.00642522
13	2	5288	115169878	4.59148e-05
13	3	69	115169878	5.99115e-07
13	4	50	115169878	4.34141e-07
13	5	35	115169878	3.03899e-07
14	0	106124020	107349540	0.988584
14	1	1213142	107349540	0.0113009
14	2	12076	107349540	0.000112492
14	3	252	107349540	2.34747e-06
14	4	50	107349540	4.65768e-07
15	0	101918845	102531392	0.994026
15	1	607724	102531392	0.0059272
15	2	4636	102531392	4.52154e-05
15	3	144	102531392	1.40445e-06
15	4	43	102531392	4.19384e-07
16	0	89448872	90354753	0.989974
16	1	883454	90354753	0.00977761
16	2	13663	90354753	0.000151215
16	3	2757	90354753	3.05131e-05
16	4	1685	90354753	1.86487e-05
16	5	1108	90354753	1.22628e-05
16	6	979	90354753	1.08351e-05
16	7	575	90354753	6.3638e-06
16	8	575	90354753	6.3638e-06
16	9	391	90354753	4.32739e-06
16	10	172	90354753	1.90361e-06
16	11	162	90354753	1.79293e-06
16	12	134	90354753	1.48304e-06
16	13	73	90354753	8.07927e-07
16	14	46	90354753	5.09104e-07
16	15	26	90354753	2.87755e-07
16	16	5	90354753	5.53374e-08
16	17	10	90354753	1.10675e-07
16	18	3	90354753	3.32025e-08
16	19	5	90354753	5.53374e-08
16	20	5	90354753	5.53374e-08
16	21	17	90354753	1.88147e-07
16	22	7	90354753	7.74724e-08
16	23	10	90354753	1.10675e-07
16	24	12	90354753	1.3281e-07
16	25	2	90354753	2.2135e-08
16	26	5	90354753	5.53374e-08
17	0	80577443	81195210	0.992392
17	1	612480	81195210	0.0075433
17	2	4960	81195210	6.10873e-05
17	3	264	81195210	3.25142e-06
17	4	57	81195210	7.02012e-07
17	5	6	81195210	7.3896e-08
18	0	76948005	78077248	0.985537
18	1	1117063	78077248	0.0143072
18	2	11953	78077248	0.000153092
18	3	227	78077248	2.90738e-06
19	0	58371440	59128983	0.987188
19	1	749349	59128983	0.0126731
19	2	7948	59128983	0.000134418
19	3	229	59128983	3.87289e-06
19	4	17	59128983	2.87507e-07
20	0	62118976	63025520	0.985616
20	1	896305	63025520	0.0142213
20	2	9822	63025520	0.000155842
20	3	367	63025520	5.82304e-06
20	4	50	63025520	7.93329e-07
21	0	47707826	48129895	0.991231
21	1	417122	48129895	0.00866659
21	2	4752	48129895	9.87328e-05
21	3	156	48129895	3.24123e-06
21	4	39	48129895	8.10307e-07
22	0	51058914	51304566	0.995212
22	1	243816	51304566	0.00475233
22	2	1824	51304566	3.55524e-05
22	3	12	51304566	2.33897e-07
X	0	154138667	155270560	0.99271
X	1	1122560	155270560	0.0072297
X	2	8690	155270560	5.59668e-05
X	3	456	155270560	2.93681e-06
X	4	147	155270560	9.46735e-07
X	5	36	155270560	2.31853e-07
X	6	4	155270560	2.57615e-08
Y	0	59370350	59373566	0.999946
Y	1	3022	59373566	5.08981e-05
Y	2	139	59373566	2.34111e-06
Y	3	20	59373566	3.3685e-07
Y	4	35	59373566	5.89488e-07
genome	0	3057641145	3095677412	0.987713
genome	1	37583582	3095677412	0.0121407
genome	2	429938	3095677412	0.000138883
genome	3	12836	3095677412	4.14643e-06
genome	4	3452	3095677412	1.1151e-06
genome	5	1611	3095677412	5.20403e-07
genome	6	1325	3095677412	4.28016e-07
genome	7	807	3095677412	2.60686e-07
genome	8	773	3095677412	2.49703e-07
genome	9	507	3095677412	1.63777e-07
genome	10	256	3095677412	8.2696e-08
genome	11	216	3095677412	6.97747e-08
genome	12	200	3095677412	6.46062e-08
genome	13	120	3095677412	3.87637e-08
genome	14	71	3095677412	2.29352e-08
genome	15	89	3095677412	2.87498e-08
genome	16	45	3095677412	1.45364e-08
genome	17	33	3095677412	1.066e-08
genome	18	38	3095677412	1.22752e-08
genome	19	30	3095677412	9.69093e-09
genome	20	30	3095677412	9.69093e-09
genome	21	59	3095677412	1.90588e-08
genome	22	41	3095677412	1.32443e-08
genome	23	28	3095677412	9.04487e-09
genome	24	28	3095677412	9.04487e-09
genome	25	12	3095677412	3.87637e-09
genome	26	30	3095677412	9.69093e-09
genome	28	1	3095677412	3.23031e-10
genome	29	3	3095677412	9.69093e-10
genome	30	22	3095677412	7.10668e-09
genome	31	5	3095677412	1.61516e-09
genome	32	14	3095677412	4.52243e-09
genome	33	3	3095677412	9.69093e-10
genome	35	1	3095677412	3.23031e-10
genome	36	1	3095677412	3.23031e-10
genome	40	1	3095677412	3.23031e-10
genome	44	4	3095677412	1.29212e-09
genome	46	1	3095677412	3.23031e-10
genome	48	1	3095677412	3.23031e-10
genome	49	1	3095677412	3.23031e-10
genome	50	1	3095677412	3.23031e-10
genome	53	1	3095677412	3.23031e-10
genome	54	1	3095677412	3.23031e-10
genome	57	1	3095677412	3.23031e-10
genome	58	1	3095677412	3.23031e-10
genome	59	1	3095677412	3.23031e-10
genome	61	1	3095677412	3.23031e-10
genome	63	4	3095677412	1.29212e-09
genome	67	1	3095677412	3.23031e-10
genome	71	1	3095677412	3.23031e-10
genome	72	1	3095677412	3.23031e-10
genome	77	1	3095677412	3.23031e-10
genome	79	1	3095677412	3.23031e-10
genome	81	1	3095677412	3.23031e-10
genome	82	1	3095677412	3.23031e-10
genome	87	1	3095677412	3.23031e-10
genome	89	3	3095677412	9.69093e-10
genome	92	1	3095677412	3.23031e-10
genome	95	2	3095677412	6.46062e-10
genome	96	2	3095677412	6.46062e-10
genome	97	1	3095677412	3.23031e-10
genome	99	1	3095677412	3.23031e-10
genome	100	2	3095677412	6.46062e-10
genome	101	4	3095677412	1.29212e-09
genome	103	3	3095677412	9.69093e-10
genome	104	9	3095677412	2.90728e-09
genome	105	5	3095677412	1.61516e-09
