1	0	246359934	249250621	0.988402
1	1	2857705	249250621	0.0114652
1	2	31922	249250621	0.000128072
1	3	876	249250621	3.51453e-06
1	4	81	249250621	3.24974e-07
1	5	40	249250621	1.60481e-07
1	6	8	249250621	3.20962e-08
1	7	5	249250621	2.00601e-08
1	8	5	249250621	2.00601e-08
1	9	8	249250621	3.20962e-08
1	10	9	249250621	3.61082e-08
1	11	1	249250621	4.01203e-09
1	12	11	249250621	4.41323e-08
1	13	5	249250621	2.00601e-08
1	14	9	249250621	3.61082e-08
1	15	2	249250621	8.02405e-09
2	0	239475318	243199373	0.984687
2	1	3677569	243199373	0.0151216
2	2	45115	243199373	0.000185506
2	3	946	243199373	3.88981e-06
2	4	128	243199373	5.26317e-07
2	5	14	243199373	5.75659e-08
2	6	11	243199373	4.52304e-08
2	7	18	243199373	7.40134e-08
2	8	28	243199373	1.15132e-07
2	9	18	243199373	7.40134e-08
2	10	5	243199373	2.05593e-08
2	11	10	243199373	4.11185e-08
2	12	12	243199373	4.93422e-08
2	13	7	243199373	2.8783e-08
2	14	7	243199373	2.8783e-08
2	15	5	243199373	2.05593e-08
2	16	2	243199373	8.22371e-09
2	17	2	243199373	8.22371e-09
2	18	1	243199373	4.11185e-09
2	19	2	243199373	8.22371e-09
2	20	2	243199373	8.22371e-09
2	21	4	243199373	1.64474e-08
2	22	33	243199373	1.35691e-07
2	23	1	243199373	4.11185e-09
2	24	1	243199373	4.11185e-09
2	25	6	243199373	2.46711e-08
2	26	19	243199373	7.81252e-08
2	27	4	243199373	1.64474e-08
2	28	4	243199373	1.64474e-08
2	30	1	243199373	4.11185e-09
2	31	5	243199373	2.05593e-08
2	32	7	243199373	2.8783e-08
2	33	8	243199373	3.28948e-08
2	37	1	243199373	4.11185e-09
2	39	1	243199373	4.11185e-09
2	40	1	243199373	4.11185e-09
2	41	1	243199373	4.11185e-09
2	43	3	243199373	1.23356e-08
2	44	1	243199373	4.11185e-09
2	45	1	243199373	4.11185e-09
2	46	1	243199373	4.11185e-09
2	47	1	243199373	4.11185e-09
2	48	1	243199373	4.11185e-09
2	49	3	243199373	1.23356e-08
2	50	1	243199373	4.11185e-09
2	51	1	243199373	4.11185e-09
2	53	2	243199373	8.22371e-09
2	55	1	243199373	4.11185e-09
2	60	1	243199373	4.11185e-09
2	62	1	243199373	4.11185e-09
2	64	1	243199373	4.11185e-09
2	67	1	243199373	4.11185e-09
2	68	1	243199373	4.11185e-09
2	69	1	243199373	4.11185e-09
2	71	2	243199373	8.22371e-09
2	72	1	243199373	4.11185e-09
2	74	1	243199373	4.11185e-09
2	78	1	243199373	4.11185e-09
2	81	2	243199373	8.22371e-09
2	82	1	243199373	4.11185e-09
2	83	2	243199373	8.22371e-09
2	84	2	243199373	8.22371e-09
2	85	1	243199373	4.11185e-09
2	86	1	243199373	4.11185e-09
2	88	2	243199373	8.22371e-09
2	89	1	243199373	4.11185e-09
2	90	13	243199373	5.34541e-08
2	91	4	243199373	1.64474e-08
3	0	195646995	198022430	0.988004
3	1	2352540	198022430	0.0118802
3	2	22431	198022430	0.000113275
3	3	458	198022430	2.31287e-06
3	4	6	198022430	3.02996e-08
4	0	188900596	191154276	0.98821
4	1	2232142	191154276	0.0116772
4	2	21243	191154276	0.00011113
4	3	258	191154276	1.3497e-06
4	4	37	191154276	1.93561e-07
5	0	179004607	180915260	0.989439
5	1	1892756	180915260	0.0104621
5	2	17529	180915260	9.68907e-05
5	3	349	180915260	1.92908e-06
5	4	6	180915260	3.31647e-08
5	5	13	180915260	7.18568e-08
6	0	168393182	171115067	0.984093
6	1	2683172	171115067	0.0156805
6	2	36104	171115067	0.000210993
6	3	1124	171115067	6.56868e-06
6	4	242	171115067	1.41425e-06
6	5	216	171115067	1.26231e-06
6	6	165	171115067	9.64263e-07
6	7	112	171115067	6.5453e-07
6	8	110	171115067	6.42842e-07
6	9	118	171115067	6.89594e-07
6	10	79	171115067	4.61678e-07
6	11	61	171115067	3.56485e-07
6	12	34	171115067	1.98697e-07
6	13	67	171115067	3.91549e-07
6	14	49	171115067	2.86357e-07
6	15	38	171115067	2.22073e-07
6	16	34	171115067	1.98697e-07
6	17	44	171115067	2.57137e-07
6	18	39	171115067	2.27917e-07
6	19	21	171115067	1.22724e-07
6	20	22	171115067	1.28568e-07
6	21	10	171115067	5.84402e-08
6	22	13	171115067	7.59723e-08
6	23	7	171115067	4.09081e-08
6	24	2	171115067	1.1688e-08
6	25	2	171115067	1.1688e-08
7	0	155545173	159138663	0.977419
7	1	3534827	159138663	0.0222122
7	2	57489	159138663	0.000361251
7	3	1080	159138663	6.78653e-06
7	4	31	159138663	1.94799e-07
7	5	9	159138663	5.65545e-08
7	6	1	159138663	6.28383e-09
7	8	2	159138663	1.25677e-08
7	16	1	159138663	6.28383e-09
7	17	1	159138663	6.28383e-09
7	25	2	159138663	1.25677e-08
7	27	1	159138663	6.28383e-09
7	29	3	159138663	1.88515e-08
7	30	6	159138663	3.7703e-08
7	32	34	159138663	2.1365e-07
7	33	3	159138663	1.88515e-08
8	0	144177422	146364022	0.985061
8	1	2160027	146364022	0.0147579
8	2	25108	146364022	0.000171545
8	3	951	146364022	6.4975e-06
8	4	317	146364022	2.16583e-06
8	5	60	146364022	4.09937e-07
8	6	63	146364022	4.30434e-07
8	7	18	146364022	1.22981e-07
8	8	22	146364022	1.5031e-07
8	9	34	146364022	2.32298e-07
9	0	139623608	141213431	0.988742
9	1	1570593	141213431	0.0111221
9	2	18650	141213431	0.00013207
9	3	513	141213431	3.6328e-06
9	4	67	141213431	4.74459e-07
10	0	132731992	135534747	0.979321
10	1	2760925	135534747	0.0203706
10	2	40602	135534747	0.000299569
10	3	1153	135534747	8.50704e-06
10	4	63	135534747	4.64825e-07
10	5	12	135534747	8.85382e-08
11	0	133481812	135006516	0.988706
11	1	1511720	135006516	0.0111974
11	2	12822	135006516	9.49732e-05
11	3	162	135006516	1.19994e-06
12	0	132206049	133851895	0.987704
12	1	1626840	133851895	0.012154
12	2	18346	133851895	0.000137062
12	3	458	133851895	3.42169e-06
12	4	152	133851895	1.13558e-06
12	7	2	133851895	1.49419e-08
12	8	1	133851895	7.47094e-09
12	9	1	133851895	7.47094e-09
12	10	1	133851895	7.47094e-09
12	11	45	133851895	3.36192e-07
13	0	114390057	115169878	0.993229
13	1	774044	115169878	0.00672089
13	2	5653	115169878	4.9084e-05
13	3	70	115169878	6.07798e-07
13	4	4	115169878	3.47313e-08
13	5	4	115169878	3.47313e-08
13	6	17	115169878	1.47608e-07
13	7	4	115169878	3.47313e-08
13	8	1	115169878	8.68283e-09
13	9	24	115169878	2.08388e-07
14	0	106058567	107349540	0.987974
14	1	1275690	107349540	0.0118835
14	2	14939	107349540	0.000139162
14	3	344	107349540	3.20449e-06
15	0	101941016	102531392	0.994242
15	1	586510	102531392	0.0057203
15	2	3722	102531392	3.63011e-05
15	3	134	102531392	1.30692e-06
15	4	6	102531392	5.85187e-08
15	5	4	102531392	3.90124e-08
16	0	89348601	90354753	0.988864
16	1	984259	90354753	0.0108933
16	2	14657	90354753	0.000162216
16	3	2746	90354753	3.03913e-05
16	4	1491	90354753	1.65016e-05
16	5	1000	90354753	1.10675e-05
16	6	762	90354753	8.43343e-06
16	7	448	90354753	4.95823e-06
16	8	276	90354753	3.05463e-06
16	9	163	90354753	1.804e-06
16	10	161	90354753	1.78187e-06
16	11	85	90354753	9.40736e-07
16	12	36	90354753	3.9843e-07
16	13	29	90354753	3.20957e-07
16	14	12	90354753	1.3281e-07
16	15	16	90354753	1.7708e-07
16	16	7	90354753	7.74724e-08
16	17	4	90354753	4.42699e-08
17	0	80596455	81195210	0.992626
17	1	594026	81195210	0.00731602
17	2	4543	81195210	5.59516e-05
17	3	118	81195210	1.45329e-06
17	4	56	81195210	6.89696e-07
17	5	12	81195210	1.47792e-07
18	0	77232454	78077248	0.98918
18	1	837606	78077248	0.0107279
18	2	7120	78077248	9.11917e-05
18	3	68	78077248	8.70932e-07
19	0	58524023	59128983	0.989769
19	1	598724	59128983	0.0101257
19	2	6082	59128983	0.00010286
19	3	154	59128983	2.60448e-06
20	0	62209970	63025520	0.98706
20	1	806692	63025520	0.0127995
20	2	8816	63025520	0.00013988
20	3	42	63025520	6.66397e-07
21	0	47728417	48129895	0.991658
21	1	397868	48129895	0.00826655
21	2	3598	48129895	7.4756e-05
21	3	12	48129895	2.49325e-07
22	0	51052963	51304566	0.995096
22	1	249590	51304566	0.00486487
22	2	1979	51304566	3.85736e-05
22	3	34	51304566	6.62709e-07
X	0	153716101	155270560	0.989989
X	1	1540518	155270560	0.00992151
X	2	13148	155270560	8.4678e-05
X	3	628	155270560	4.04455e-06
X	4	129	155270560	8.30808e-07
X	5	30	155270560	1.93211e-07
X	6	6	155270560	3.86422e-08
Y	0	59368714	59373566	0.999918
Y	1	4591	59373566	7.7324e-05
Y	2	224	59373566	3.77272e-06
Y	3	37	59373566	6.23173e-07
genome	0	3057714026	3095677412	0.987737
genome	1	37510934	3095677412	0.0121172
genome	2	431842	3095677412	0.000139498
genome	3	12715	3095677412	4.10734e-06
genome	4	2816	3095677412	9.09656e-07
genome	5	1414	3095677412	4.56766e-07
genome	6	1033	3095677412	3.33691e-07
genome	7	607	3095677412	1.9608e-07
genome	8	445	3095677412	1.43749e-07
genome	9	366	3095677412	1.18229e-07
genome	10	255	3095677412	8.23729e-08
genome	11	202	3095677412	6.52523e-08
genome	12	93	3095677412	3.00419e-08
genome	13	108	3095677412	3.48874e-08
genome	14	77	3095677412	2.48734e-08
genome	15	61	3095677412	1.97049e-08
genome	16	44	3095677412	1.42134e-08
genome	17	51	3095677412	1.64746e-08
genome	18	40	3095677412	1.29212e-08
genome	19	23	3095677412	7.42971e-09
genome	20	24	3095677412	7.75275e-09
genome	21	14	3095677412	4.52243e-09
genome	22	46	3095677412	1.48594e-08
genome	23	8	3095677412	2.58425e-09
genome	24	3	3095677412	9.69093e-10
genome	25	10	3095677412	3.23031e-09
genome	26	19	3095677412	6.13759e-09
genome	27	5	3095677412	1.61516e-09
genome	28	4	3095677412	1.29212e-09
genome	29	3	3095677412	9.69093e-10
genome	30	7	3095677412	2.26122e-09
genome	31	5	3095677412	1.61516e-09
genome	32	41	3095677412	1.32443e-08
genome	33	11	3095677412	3.55334e-09
genome	37	1	3095677412	3.23031e-10
genome	39	1	3095677412	3.23031e-10
genome	40	1	3095677412	3.23031e-10
genome	41	1	3095677412	3.23031e-10
genome	43	3	3095677412	9.69093e-10
genome	44	1	3095677412	3.23031e-10
genome	45	1	3095677412	3.23031e-10
genome	46	1	3095677412	3.23031e-10
genome	47	1	3095677412	3.23031e-10
genome	48	1	3095677412	3.23031e-10
genome	49	3	3095677412	9.69093e-10
genome	50	1	3095677412	3.23031e-10
genome	51	1	3095677412	3.23031e-10
genome	53	2	3095677412	6.46062e-10
genome	55	1	3095677412	3.23031e-10
genome	60	1	3095677412	3.23031e-10
genome	62	1	3095677412	3.23031e-10
genome	64	1	3095677412	3.23031e-10
genome	67	1	3095677412	3.23031e-10
genome	68	1	3095677412	3.23031e-10
genome	69	1	3095677412	3.23031e-10
genome	71	2	3095677412	6.46062e-10
genome	72	1	3095677412	3.23031e-10
genome	74	1	3095677412	3.23031e-10
genome	78	1	3095677412	3.23031e-10
genome	81	2	3095677412	6.46062e-10
genome	82	1	3095677412	3.23031e-10
genome	83	2	3095677412	6.46062e-10
genome	84	2	3095677412	6.46062e-10
genome	85	1	3095677412	3.23031e-10
genome	86	1	3095677412	3.23031e-10
genome	88	2	3095677412	6.46062e-10
genome	89	1	3095677412	3.23031e-10
genome	90	13	3095677412	4.1994e-09
genome	91	4	3095677412	1.29212e-09
