1	0	246245736	249250621	0.987944
1	1	2976188	249250621	0.0119405
1	2	28293	249250621	0.000113512
1	3	303	249250621	1.21564e-06
1	4	63	249250621	2.52758e-07
1	5	13	249250621	5.21563e-08
1	6	25	249250621	1.00301e-07
2	0	239660819	243199373	0.98545
2	1	3497937	243199373	0.014383
2	2	39623	243199373	0.000162924
2	3	631	243199373	2.59458e-06
2	4	67	243199373	2.75494e-07
2	5	22	243199373	9.04608e-08
2	6	57	243199373	2.34376e-07
2	7	19	243199373	7.81252e-08
2	8	7	243199373	2.8783e-08
2	9	2	243199373	8.22371e-09
2	10	10	243199373	4.11185e-08
2	11	3	243199373	1.23356e-08
2	12	4	243199373	1.64474e-08
2	13	1	243199373	4.11185e-09
2	14	3	243199373	1.23356e-08
2	15	3	243199373	1.23356e-08
2	16	2	243199373	8.22371e-09
2	17	2	243199373	8.22371e-09
2	18	5	243199373	2.05593e-08
2	20	7	243199373	2.8783e-08
2	21	4	243199373	1.64474e-08
2	22	28	243199373	1.15132e-07
2	23	16	243199373	6.57896e-08
2	24	9	243199373	3.70067e-08
2	25	27	243199373	1.1102e-07
2	26	1	243199373	4.11185e-09
2	27	1	243199373	4.11185e-09
2	30	1	243199373	4.11185e-09
2	34	2	243199373	8.22371e-09
2	38	2	243199373	8.22371e-09
2	42	1	243199373	4.11185e-09
2	43	1	243199373	4.11185e-09
2	44	1	243199373	4.11185e-09
2	45	1	243199373	4.11185e-09
2	46	2	243199373	8.22371e-09
2	47	1	243199373	4.11185e-09
2	49	1	243199373	4.11185e-09
2	50	1	243199373	4.11185e-09
2	52	1	243199373	4.11185e-09
2	53	2	243199373	8.22371e-09
2	54	2	243199373	8.22371e-09
2	55	1	243199373	4.11185e-09
2	56	1	243199373	4.11185e-09
2	60	1	243199373	4.11185e-09
2	61	1	243199373	4.11185e-09
2	64	1	243199373	4.11185e-09
2	65	1	243199373	4.11185e-09
2	67	1	243199373	4.11185e-09
2	72	1	243199373	4.11185e-09
2	73	1	243199373	4.11185e-09
2	76	2	243199373	8.22371e-09
2	77	1	243199373	4.11185e-09
2	80	1	243199373	4.11185e-09
2	81	1	243199373	4.11185e-09
2	85	1	243199373	4.11185e-09
2	92	2	243199373	8.22371e-09
2	93	1	243199373	4.11185e-09
2	94	7	243199373	2.8783e-08
2	95	4	243199373	1.64474e-08
2	96	12	243199373	4.93422e-08
2	97	3	243199373	1.23356e-08
3	0	195630191	198022430	0.987919
3	1	2372727	198022430	0.0119821
3	2	19113	198022430	9.65194e-05
3	3	349	198022430	1.76243e-06
3	4	50	198022430	2.52497e-07
4	0	188908287	191154276	0.98825
4	1	2227706	191154276	0.011654
4	2	18055	191154276	9.44525e-05
4	3	228	191154276	1.19275e-06
5	0	179008326	180915260	0.989459
5	1	1891451	180915260	0.0104549
5	2	15227	180915260	8.41665e-05
5	3	164	180915260	9.06502e-07
5	4	57	180915260	3.15065e-07
5	5	35	180915260	1.93461e-07
6	0	168465904	171115067	0.984518
6	1	2615181	171115067	0.0152832
6	2	31914	171115067	0.000186506
6	3	600	171115067	3.50641e-06
6	4	280	171115067	1.63633e-06
6	5	187	171115067	1.09283e-06
6	6	176	171115067	1.02855e-06
6	7	113	171115067	6.60374e-07
6	8	128	171115067	7.48035e-07
6	9	83	171115067	4.85054e-07
6	10	65	171115067	3.79861e-07
6	11	58	171115067	3.38953e-07
6	12	63	171115067	3.68173e-07
6	13	80	171115067	4.67522e-07
6	14	38	171115067	2.22073e-07
6	15	46	171115067	2.68825e-07
6	16	43	171115067	2.51293e-07
6	17	36	171115067	2.10385e-07
6	18	11	171115067	6.42842e-08
6	19	9	171115067	5.25962e-08
6	20	4	171115067	2.33761e-08
6	21	4	171115067	2.33761e-08
6	22	14	171115067	8.18163e-08
6	23	13	171115067	7.59723e-08
6	24	9	171115067	5.25962e-08
6	25	4	171115067	2.33761e-08
6	26	2	171115067	1.1688e-08
6	27	2	171115067	1.1688e-08
7	0	155551810	159138663	0.977461
7	1	3532396	159138663	0.022197
7	2	53332	159138663	0.000335129
7	3	1000	159138663	6.28383e-06
7	4	51	159138663	3.20475e-07
7	5	21	159138663	1.3196e-07
7	6	3	159138663	1.88515e-08
7	13	3	159138663	1.88515e-08
7	14	4	159138663	2.51353e-08
7	15	1	159138663	6.28383e-09
7	16	8	159138663	5.02706e-08
7	17	3	159138663	1.88515e-08
7	18	15	159138663	9.42574e-08
7	19	16	159138663	1.00541e-07
8	0	144096748	146364022	0.984509
8	1	2243698	146364022	0.0153296
8	2	21973	146364022	0.000150126
8	3	924	146364022	6.31303e-06
8	4	274	146364022	1.87204e-06
8	5	190	146364022	1.29813e-06
8	6	130	146364022	8.88196e-07
8	7	15	146364022	1.02484e-07
8	8	36	146364022	2.45962e-07
8	9	25	146364022	1.70807e-07
8	10	9	146364022	6.14905e-08
9	0	140263570	141213431	0.993274
9	1	943967	141213431	0.00668468
9	2	5849	141213431	4.14196e-05
9	3	45	141213431	3.18667e-07
10	0	132670899	135534747	0.97887
10	1	2824971	135534747	0.0208431
10	2	38159	135534747	0.000281544
10	3	546	135534747	4.02849e-06
10	4	64	135534747	4.72204e-07
10	5	29	135534747	2.13967e-07
10	6	30	135534747	2.21345e-07
10	7	24	135534747	1.77076e-07
10	8	9	135534747	6.64036e-08
10	9	8	135534747	5.90255e-08
10	10	8	135534747	5.90255e-08
11	0	133417518	135006516	0.98823
11	1	1576638	135006516	0.0116782
11	2	12118	135006516	8.97586e-05
11	3	242	135006516	1.79251e-06
12	0	132246256	133851895	0.988004
12	1	1587790	133851895	0.0118623
12	2	17381	133851895	0.000129852
12	3	366	133851895	2.73437e-06
12	4	52	133851895	3.88489e-07
12	7	2	133851895	1.49419e-08
12	8	4	133851895	2.98838e-08
12	9	44	133851895	3.28722e-07
13	0	114414759	115169878	0.993443
13	1	749871	115169878	0.006511
13	2	5163	115169878	4.48294e-05
13	3	38	115169878	3.29947e-07
13	4	21	115169878	1.82339e-07
13	5	1	115169878	8.68283e-09
13	6	25	115169878	2.17071e-07
14	0	106025401	107349540	0.987665
14	1	1311322	107349540	0.0122154
14	2	12623	107349540	0.000117588
14	3	194	107349540	1.80718e-06
15	0	101900650	102531392	0.993848
15	1	626536	102531392	0.00611067
15	2	4146	102531392	4.04364e-05
15	3	10	102531392	9.75311e-08
15	6	1	102531392	9.75311e-09
15	7	6	102531392	5.85187e-08
15	8	43	102531392	4.19384e-07
16	0	89088593	90354753	0.985987
16	1	1239425	90354753	0.0137173
16	2	18205	90354753	0.000201484
16	3	3268	90354753	3.61685e-05
16	4	1707	90354753	1.88922e-05
16	5	963	90354753	1.0658e-05
16	6	920	90354753	1.01821e-05
16	7	620	90354753	6.86184e-06
16	8	369	90354753	4.0839e-06
16	9	232	90354753	2.56766e-06
16	10	130	90354753	1.43877e-06
16	11	78	90354753	8.63264e-07
16	12	71	90354753	7.85792e-07
16	13	65	90354753	7.19387e-07
16	14	38	90354753	4.20564e-07
16	15	20	90354753	2.2135e-07
16	16	11	90354753	1.21742e-07
16	17	29	90354753	3.20957e-07
16	18	9	90354753	9.96074e-08
17	0	80555436	81195210	0.992121
17	1	635098	81195210	0.00782187
17	2	4676	81195210	5.75896e-05
18	0	77180125	78077248	0.98851
18	1	890213	78077248	0.0114017
18	2	6814	78077248	8.72725e-05
18	3	75	78077248	9.60587e-07
18	4	21	78077248	2.68964e-07
19	0	58278831	59128983	0.985622
19	1	840780	59128983	0.0142194
19	2	9096	59128983	0.000153833
19	3	276	59128983	4.66776e-06
20	0	62133656	63025520	0.985849
20	1	883080	63025520	0.0140115
20	2	8782	63025520	0.00013934
20	3	2	63025520	3.17332e-08
21	0	47703012	48129895	0.991131
21	1	422902	48129895	0.00878668
21	2	3885	48129895	8.07191e-05
21	3	56	48129895	1.16352e-06
21	4	40	48129895	8.31084e-07
22	0	51016788	51304566	0.994391
22	1	285806	51304566	0.00557077
22	2	1922	51304566	3.74626e-05
22	3	50	51304566	9.74572e-07
X	0	153716676	155270560	0.989992
X	1	1541723	155270560	0.00992927
X	2	11817	155270560	7.61059e-05
X	3	144	155270560	9.27413e-07
X	4	133	155270560	8.56569e-07
X	5	32	155270560	2.06092e-07
X	6	26	155270560	1.6745e-07
X	7	9	155270560	5.79633e-08
Y	0	59369367	59373566	0.999929
Y	1	3998	59373566	6.73364e-05
Y	2	201	59373566	3.38534e-06
genome	0	3057549358	3095677412	0.987683
genome	1	37721404	3095677412	0.0121852
genome	2	388367	3095677412	0.000125455
genome	3	9511	3095677412	3.07235e-06
genome	4	2880	3095677412	9.30329e-07
genome	5	1493	3095677412	4.82285e-07
genome	6	1393	3095677412	4.49982e-07
genome	7	808	3095677412	2.61009e-07
genome	8	596	3095677412	1.92527e-07
genome	9	394	3095677412	1.27274e-07
genome	10	222	3095677412	7.17129e-08
genome	11	139	3095677412	4.49013e-08
genome	12	138	3095677412	4.45783e-08
genome	13	149	3095677412	4.81316e-08
genome	14	83	3095677412	2.68116e-08
genome	15	70	3095677412	2.26122e-08
genome	16	64	3095677412	2.0674e-08
genome	17	70	3095677412	2.26122e-08
genome	18	40	3095677412	1.29212e-08
genome	19	25	3095677412	8.07578e-09
genome	20	11	3095677412	3.55334e-09
genome	21	8	3095677412	2.58425e-09
genome	22	42	3095677412	1.35673e-08
genome	23	29	3095677412	9.3679e-09
genome	24	18	3095677412	5.81456e-09
genome	25	31	3095677412	1.0014e-08
genome	26	3	3095677412	9.69093e-10
genome	27	3	3095677412	9.69093e-10
genome	30	1	3095677412	3.23031e-10
genome	34	2	3095677412	6.46062e-10
genome	38	2	3095677412	6.46062e-10
genome	42	1	3095677412	3.23031e-10
genome	43	1	3095677412	3.23031e-10
genome	44	1	3095677412	3.23031e-10
genome	45	1	3095677412	3.23031e-10
genome	46	2	3095677412	6.46062e-10
genome	47	1	3095677412	3.23031e-10
genome	49	1	3095677412	3.23031e-10
genome	50	1	3095677412	3.23031e-10
genome	52	1	3095677412	3.23031e-10
genome	53	2	3095677412	6.46062e-10
genome	54	2	3095677412	6.46062e-10
genome	55	1	3095677412	3.23031e-10
genome	56	1	3095677412	3.23031e-10
genome	60	1	3095677412	3.23031e-10
genome	61	1	3095677412	3.23031e-10
genome	64	1	3095677412	3.23031e-10
genome	65	1	3095677412	3.23031e-10
genome	67	1	3095677412	3.23031e-10
genome	72	1	3095677412	3.23031e-10
genome	73	1	3095677412	3.23031e-10
genome	76	2	3095677412	6.46062e-10
genome	77	1	3095677412	3.23031e-10
genome	80	1	3095677412	3.23031e-10
genome	81	1	3095677412	3.23031e-10
genome	85	1	3095677412	3.23031e-10
genome	92	2	3095677412	6.46062e-10
genome	93	1	3095677412	3.23031e-10
genome	94	7	3095677412	2.26122e-09
genome	95	4	3095677412	1.29212e-09
genome	96	12	3095677412	3.87637e-09
genome	97	3	3095677412	9.69093e-10
