1	0	246288180	249250621	0.988115
1	1	2930656	249250621	0.0117579
1	2	30782	249250621	0.000123498
1	3	693	249250621	2.78033e-06
1	4	249	249250621	9.98994e-07
1	5	61	249250621	2.44734e-07
2	0	239518086	243199373	0.984863
2	1	3635145	243199373	0.0149472
2	2	44733	243199373	0.000183936
2	3	1025	243199373	4.21465e-06
2	4	81	243199373	3.3306e-07
2	5	33	243199373	1.35691e-07
2	6	19	243199373	7.81252e-08
2	7	19	243199373	7.81252e-08
2	8	39	243199373	1.60362e-07
2	9	8	243199373	3.28948e-08
2	10	6	243199373	2.46711e-08
2	11	4	243199373	1.64474e-08
2	12	6	243199373	2.46711e-08
2	13	9	243199373	3.70067e-08
2	14	3	243199373	1.23356e-08
2	15	3	243199373	1.23356e-08
2	16	4	243199373	1.64474e-08
2	17	40	243199373	1.64474e-07
2	18	5	243199373	2.05593e-08
2	19	5	243199373	2.05593e-08
2	20	4	243199373	1.64474e-08
2	21	11	243199373	4.52304e-08
2	22	1	243199373	4.11185e-09
2	23	12	243199373	4.93422e-08
2	24	5	243199373	2.05593e-08
2	25	1	243199373	4.11185e-09
2	27	2	243199373	8.22371e-09
2	29	1	243199373	4.11185e-09
2	30	2	243199373	8.22371e-09
2	31	1	243199373	4.11185e-09
2	32	1	243199373	4.11185e-09
2	33	1	243199373	4.11185e-09
2	36	1	243199373	4.11185e-09
2	37	2	243199373	8.22371e-09
2	38	1	243199373	4.11185e-09
2	39	1	243199373	4.11185e-09
2	41	2	243199373	8.22371e-09
2	43	1	243199373	4.11185e-09
2	44	2	243199373	8.22371e-09
2	45	1	243199373	4.11185e-09
2	47	1	243199373	4.11185e-09
2	48	3	243199373	1.23356e-08
2	49	1	243199373	4.11185e-09
2	53	1	243199373	4.11185e-09
2	54	2	243199373	8.22371e-09
2	55	1	243199373	4.11185e-09
2	56	1	243199373	4.11185e-09
2	57	2	243199373	8.22371e-09
2	60	1	243199373	4.11185e-09
2	61	1	243199373	4.11185e-09
2	62	1	243199373	4.11185e-09
2	63	1	243199373	4.11185e-09
2	64	1	243199373	4.11185e-09
2	66	1	243199373	4.11185e-09
2	71	2	243199373	8.22371e-09
2	76	2	243199373	8.22371e-09
2	77	2	243199373	8.22371e-09
2	78	3	243199373	1.23356e-08
2	79	1	243199373	4.11185e-09
2	80	1	243199373	4.11185e-09
2	82	1	243199373	4.11185e-09
2	83	6	243199373	2.46711e-08
2	84	11	243199373	4.52304e-08
3	0	195589336	198022430	0.987713
3	1	2410925	198022430	0.012175
3	2	21782	198022430	0.000109998
3	3	387	198022430	1.95432e-06
4	0	188923929	191154276	0.988332
4	1	2211396	191154276	0.0115686
4	2	18570	191154276	9.71467e-05
4	3	335	191154276	1.75251e-06
4	4	21	191154276	1.09859e-07
4	5	25	191154276	1.30784e-07
5	0	178938891	180915260	0.989076
5	1	1957356	180915260	0.0108192
5	2	18695	180915260	0.000103336
5	3	318	180915260	1.75773e-06
6	0	168344179	171115067	0.983807
6	1	2732327	171115067	0.0159678
6	2	35974	171115067	0.000210233
6	3	1017	171115067	5.94337e-06
6	4	278	171115067	1.62464e-06
6	5	241	171115067	1.40841e-06
6	6	158	171115067	9.23355e-07
6	7	131	171115067	7.65567e-07
6	8	125	171115067	7.30503e-07
6	9	118	171115067	6.89594e-07
6	10	57	171115067	3.33109e-07
6	11	37	171115067	2.16229e-07
6	12	43	171115067	2.51293e-07
6	13	29	171115067	1.69477e-07
6	14	92	171115067	5.3765e-07
6	15	35	171115067	2.04541e-07
6	16	36	171115067	2.10385e-07
6	17	24	171115067	1.40256e-07
6	18	25	171115067	1.46101e-07
6	19	25	171115067	1.46101e-07
6	20	44	171115067	2.57137e-07
6	21	25	171115067	1.46101e-07
6	22	19	171115067	1.11036e-07
6	23	12	171115067	7.01282e-08
6	24	11	171115067	6.42842e-08
6	25	5	171115067	2.92201e-08
7	0	155523987	159138663	0.977286
7	1	3554665	159138663	0.0223369
7	2	58709	159138663	0.000368917
7	3	1135	159138663	7.13215e-06
7	4	79	159138663	4.96422e-07
7	5	34	159138663	2.1365e-07
7	8	1	159138663	6.28383e-09
7	10	1	159138663	6.28383e-09
7	11	1	159138663	6.28383e-09
7	16	1	159138663	6.28383e-09
7	21	1	159138663	6.28383e-09
7	26	1	159138663	6.28383e-09
7	27	1	159138663	6.28383e-09
7	29	1	159138663	6.28383e-09
7	32	2	159138663	1.25677e-08
7	33	2	159138663	1.25677e-08
7	34	5	159138663	3.14191e-08
7	35	4	159138663	2.51353e-08
7	36	33	159138663	2.07366e-07
8	0	144101710	146364022	0.984543
8	1	2233342	146364022	0.0152588
8	2	27065	146364022	0.000184916
8	3	1259	146364022	8.60184e-06
8	4	384	146364022	2.6236e-06
8	5	141	146364022	9.63352e-07
8	6	62	146364022	4.23601e-07
8	7	19	146364022	1.29813e-07
8	8	9	146364022	6.14905e-08
8	9	2	146364022	1.36646e-08
8	10	4	146364022	2.73291e-08
8	11	25	146364022	1.70807e-07
9	0	140061917	141213431	0.991846
9	1	1141071	141213431	0.00808047
9	2	10250	141213431	7.25852e-05
9	3	193	141213431	1.36673e-06
10	0	132746445	135534747	0.979427
10	1	2749905	135534747	0.0202893
10	2	37242	135534747	0.000274778
10	3	862	135534747	6.35999e-06
10	4	95	135534747	7.00927e-07
10	5	110	135534747	8.116e-07
10	6	58	135534747	4.27935e-07
10	7	9	135534747	6.64036e-08
10	8	5	135534747	3.68909e-08
10	9	16	135534747	1.18051e-07
11	0	133402448	135006516	0.988119
11	1	1588912	135006516	0.0117692
11	2	14666	135006516	0.000108632
11	3	396	135006516	2.93319e-06
11	4	66	135006516	4.88865e-07
11	5	14	135006516	1.03699e-07
11	6	14	135006516	1.03699e-07
12	0	132197296	133851895	0.987639
12	1	1634952	133851895	0.0122146
12	2	19162	133851895	0.000143158
12	3	407	133851895	3.04067e-06
12	4	28	133851895	2.09186e-07
12	6	3	133851895	2.24128e-08
12	7	3	133851895	2.24128e-08
12	8	44	133851895	3.28722e-07
13	0	114423510	115169878	0.993519
13	1	741969	115169878	0.00644239
13	2	4342	115169878	3.77008e-05
13	3	7	115169878	6.07798e-08
13	4	6	115169878	5.2097e-08
13	5	12	115169878	1.04194e-07
13	6	32	115169878	2.7785e-07
14	0	106034523	107349540	0.98775
14	1	1301857	107349540	0.0121273
14	2	12804	107349540	0.000119274
14	3	339	107349540	3.15791e-06
14	4	17	107349540	1.58361e-07
15	0	101915181	102531392	0.99399
15	1	611114	102531392	0.00596026
15	2	5047	102531392	4.92239e-05
15	3	8	102531392	7.80249e-08
15	4	42	102531392	4.09631e-07
16	0	89316415	90354753	0.988508
16	1	1013295	90354753	0.0112146
16	2	14943	90354753	0.000165381
16	3	3286	90354753	3.63678e-05
16	4	2197	90354753	2.43153e-05
16	5	1266	90354753	1.40114e-05
16	6	801	90354753	8.86506e-06
16	7	637	90354753	7.04999e-06
16	8	467	90354753	5.16852e-06
16	9	414	90354753	4.58194e-06
16	10	352	90354753	3.89576e-06
16	11	225	90354753	2.49018e-06
16	12	146	90354753	1.61585e-06
16	13	128	90354753	1.41664e-06
16	14	98	90354753	1.08461e-06
16	15	37	90354753	4.09497e-07
16	16	15	90354753	1.66012e-07
16	17	20	90354753	2.2135e-07
16	18	11	90354753	1.21742e-07
17	0	80588434	81195210	0.992527
17	1	601851	81195210	0.0074124
17	2	4876	81195210	6.00528e-05
17	3	49	81195210	6.03484e-07
18	0	77192661	78077248	0.98867
18	1	877191	78077248	0.0112349
18	2	7229	78077248	9.25878e-05
18	3	167	78077248	2.13891e-06
19	0	58507861	59128983	0.989495
19	1	615410	59128983	0.0104079
19	2	5563	59128983	9.40825e-05
19	3	132	59128983	2.23241e-06
19	4	17	59128983	2.87507e-07
20	0	62098267	63025520	0.985288
20	1	918211	63025520	0.0145689
20	2	8822	63025520	0.000139975
20	3	185	63025520	2.93532e-06
20	4	35	63025520	5.55331e-07
21	0	47721000	48129895	0.991504
21	1	404630	48129895	0.00840704
21	2	4103	48129895	8.52485e-05
21	3	134	48129895	2.78413e-06
21	4	28	48129895	5.81759e-07
22	0	51042284	51304566	0.994888
22	1	260364	51304566	0.00507487
22	2	1868	51304566	3.641e-05
22	4	50	51304566	9.74572e-07
X	0	153798639	155270560	0.99052
X	1	1457680	155270560	0.009388
X	2	13030	155270560	8.3918e-05
X	3	788	155270560	5.07501e-06
X	4	259	155270560	1.66806e-06
X	5	89	155270560	5.73193e-07
X	6	63	155270560	4.05743e-07
X	7	9	155270560	5.79633e-08
X	8	3	155270560	1.93211e-08
Y	0	59368371	59373566	0.999913
Y	1	4740	59373566	7.98335e-05
Y	2	455	59373566	7.66334e-06
genome	0	3057643550	3095677412	0.987714
genome	1	37588964	3095677412	0.0121424
genome	2	420712	3095677412	0.000135903
genome	3	13122	3095677412	4.23881e-06
genome	4	3932	3095677412	1.27016e-06
genome	5	2026	3095677412	6.54461e-07
genome	6	1210	3095677412	3.90868e-07
genome	7	827	3095677412	2.67147e-07
genome	8	693	3095677412	2.23861e-07
genome	9	558	3095677412	1.80251e-07
genome	10	420	3095677412	1.35673e-07
genome	11	292	3095677412	9.43251e-08
genome	12	195	3095677412	6.29911e-08
genome	13	166	3095677412	5.36232e-08
genome	14	193	3095677412	6.2345e-08
genome	15	75	3095677412	2.42273e-08
genome	16	56	3095677412	1.80897e-08
genome	17	84	3095677412	2.71346e-08
genome	18	41	3095677412	1.32443e-08
genome	19	30	3095677412	9.69093e-09
genome	20	48	3095677412	1.55055e-08
genome	21	37	3095677412	1.19521e-08
genome	22	20	3095677412	6.46062e-09
genome	23	24	3095677412	7.75275e-09
genome	24	16	3095677412	5.1685e-09
genome	25	6	3095677412	1.93819e-09
genome	26	1	3095677412	3.23031e-10
genome	27	3	3095677412	9.69093e-10
genome	29	2	3095677412	6.46062e-10
genome	30	2	3095677412	6.46062e-10
genome	31	1	3095677412	3.23031e-10
genome	32	3	3095677412	9.69093e-10
genome	33	3	3095677412	9.69093e-10
genome	34	5	3095677412	1.61516e-09
genome	35	4	3095677412	1.29212e-09
genome	36	34	3095677412	1.09831e-08
genome	37	2	3095677412	6.46062e-10
genome	38	1	3095677412	3.23031e-10
genome	39	1	3095677412	3.23031e-10
genome	41	2	3095677412	6.46062e-10
genome	43	1	3095677412	3.23031e-10
genome	44	2	3095677412	6.46062e-10
genome	45	1	3095677412	3.23031e-10
genome	47	1	3095677412	3.23031e-10
genome	48	3	3095677412	9.69093e-10
genome	49	1	3095677412	3.23031e-10
genome	53	1	3095677412	3.23031e-10
genome	54	2	3095677412	6.46062e-10
genome	55	1	3095677412	3.23031e-10
genome	56	1	3095677412	3.23031e-10
genome	57	2	3095677412	6.46062e-10
genome	60	1	3095677412	3.23031e-10
genome	61	1	3095677412	3.23031e-10
genome	62	1	3095677412	3.23031e-10
genome	63	1	3095677412	3.23031e-10
genome	64	1	3095677412	3.23031e-10
genome	66	1	3095677412	3.23031e-10
genome	71	2	3095677412	6.46062e-10
genome	76	2	3095677412	6.46062e-10
genome	77	2	3095677412	6.46062e-10
genome	78	3	3095677412	9.69093e-10
genome	79	1	3095677412	3.23031e-10
genome	80	1	3095677412	3.23031e-10
genome	82	1	3095677412	3.23031e-10
genome	83	6	3095677412	1.93819e-09
genome	84	11	3095677412	3.55334e-09
