1	0	246183299	249250621	0.987694
1	1	3034413	249250621	0.0121741
1	2	32184	249250621	0.000129123
1	3	629	249250621	2.52356e-06
1	4	64	249250621	2.5677e-07
1	5	16	249250621	6.41924e-08
1	6	16	249250621	6.41924e-08
2	0	239429156	243199373	0.984497
2	1	3724782	243199373	0.0153158
2	2	44011	243199373	0.000180967
2	3	1069	243199373	4.39557e-06
2	4	90	243199373	3.70067e-07
2	5	55	243199373	2.26152e-07
2	6	27	243199373	1.1102e-07
2	7	1	243199373	4.11185e-09
2	8	2	243199373	8.22371e-09
2	10	2	243199373	8.22371e-09
2	11	2	243199373	8.22371e-09
2	12	21	243199373	8.63489e-08
2	13	26	243199373	1.06908e-07
2	14	9	243199373	3.70067e-08
2	15	8	243199373	3.28948e-08
2	16	1	243199373	4.11185e-09
2	17	3	243199373	1.23356e-08
2	19	2	243199373	8.22371e-09
2	20	1	243199373	4.11185e-09
2	21	3	243199373	1.23356e-08
2	22	1	243199373	4.11185e-09
2	23	6	243199373	2.46711e-08
2	24	11	243199373	4.52304e-08
2	25	21	243199373	8.63489e-08
2	26	2	243199373	8.22371e-09
2	29	1	243199373	4.11185e-09
2	30	1	243199373	4.11185e-09
2	31	1	243199373	4.11185e-09
2	35	1	243199373	4.11185e-09
2	38	3	243199373	1.23356e-08
2	39	2	243199373	8.22371e-09
2	41	2	243199373	8.22371e-09
2	42	2	243199373	8.22371e-09
2	44	2	243199373	8.22371e-09
2	45	3	243199373	1.23356e-08
2	48	1	243199373	4.11185e-09
2	52	1	243199373	4.11185e-09
2	53	1	243199373	4.11185e-09
2	54	1	243199373	4.11185e-09
2	57	2	243199373	8.22371e-09
2	59	1	243199373	4.11185e-09
2	60	2	243199373	8.22371e-09
2	61	1	243199373	4.11185e-09
2	62	1	243199373	4.11185e-09
2	64	1	243199373	4.11185e-09
2	66	1	243199373	4.11185e-09
2	73	1	243199373	4.11185e-09
2	77	2	243199373	8.22371e-09
2	78	2	243199373	8.22371e-09
2	79	4	243199373	1.64474e-08
2	80	9	243199373	3.70067e-08
2	81	10	243199373	4.11185e-08
2	82	2	243199373	8.22371e-09
3	0	195616023	198022430	0.987848
3	1	2384596	198022430	0.0120421
3	2	21398	198022430	0.000108058
3	3	394	198022430	1.98967e-06
3	4	19	198022430	9.59487e-08
4	0	188763712	191154276	0.987494
4	1	2368705	191154276	0.0123916
4	2	21352	191154276	0.0001117
4	3	487	191154276	2.54768e-06
4	4	20	191154276	1.04628e-07
5	0	178953447	180915260	0.989156
5	1	1944786	180915260	0.0107497
5	2	16617	180915260	9.18496e-05
5	3	410	180915260	2.26625e-06
6	0	168372245	171115067	0.983971
6	1	2706423	171115067	0.0158164
6	2	33686	171115067	0.000196862
6	3	1181	171115067	6.90179e-06
6	4	261	171115067	1.52529e-06
6	5	224	171115067	1.30906e-06
6	6	170	171115067	9.93483e-07
6	7	171	171115067	9.99328e-07
6	8	206	171115067	1.20387e-06
6	9	118	171115067	6.89594e-07
6	10	81	171115067	4.73366e-07
6	11	65	171115067	3.79861e-07
6	12	42	171115067	2.45449e-07
6	13	29	171115067	1.69477e-07
6	14	22	171115067	1.28568e-07
6	15	23	171115067	1.34412e-07
6	16	36	171115067	2.10385e-07
6	17	9	171115067	5.25962e-08
6	18	1	171115067	5.84402e-09
6	19	10	171115067	5.84402e-08
6	20	13	171115067	7.59723e-08
6	21	6	171115067	3.50641e-08
6	22	4	171115067	2.33761e-08
6	23	10	171115067	5.84402e-08
6	24	6	171115067	3.50641e-08
6	25	4	171115067	2.33761e-08
6	26	2	171115067	1.1688e-08
6	27	7	171115067	4.09081e-08
6	28	12	171115067	7.01282e-08
7	0	155606617	159138663	0.977805
7	1	3474639	159138663	0.021834
7	2	55526	159138663	0.000348916
7	3	1525	159138663	9.58284e-06
7	4	203	159138663	1.27562e-06
7	5	93	159138663	5.84396e-07
7	6	6	159138663	3.7703e-08
7	10	3	159138663	1.88515e-08
7	13	1	159138663	6.28383e-09
7	14	1	159138663	6.28383e-09
7	17	3	159138663	1.88515e-08
7	24	7	159138663	4.39868e-08
7	25	3	159138663	1.88515e-08
7	26	2	159138663	1.25677e-08
7	27	34	159138663	2.1365e-07
8	0	144045967	146364022	0.984162
8	1	2288381	146364022	0.0156349
8	2	27571	146364022	0.000188373
8	3	1159	146364022	7.91861e-06
8	4	396	146364022	2.70558e-06
8	5	267	146364022	1.82422e-06
8	6	103	146364022	7.03725e-07
8	7	103	146364022	7.03725e-07
8	8	42	146364022	2.86956e-07
8	9	26	146364022	1.77639e-07
8	10	5	146364022	3.41614e-08
8	11	2	146364022	1.36646e-08
9	0	140252105	141213431	0.993192
9	1	954613	141213431	0.00676007
9	2	6602	141213431	4.67519e-05
9	3	111	141213431	7.86044e-07
10	0	132731523	135534747	0.979317
10	1	2761686	135534747	0.0203762
10	2	40453	135534747	0.00029847
10	3	963	135534747	7.10519e-06
10	4	64	135534747	4.72204e-07
10	5	17	135534747	1.25429e-07
10	6	18	135534747	1.32807e-07
10	7	14	135534747	1.03295e-07
10	8	9	135534747	6.64036e-08
11	0	133441363	135006516	0.988407
11	1	1550540	135006516	0.0114849
11	2	14398	135006516	0.000106647
11	3	196	135006516	1.45178e-06
11	4	19	135006516	1.40734e-07
12	0	132208456	133851895	0.987722
12	1	1623724	133851895	0.0121308
12	2	19148	133851895	0.000143054
12	3	470	133851895	3.51134e-06
12	4	50	133851895	3.73547e-07
12	5	2	133851895	1.49419e-08
12	6	5	133851895	3.73547e-08
12	7	40	133851895	2.98838e-07
13	0	114409378	115169878	0.993397
13	1	755206	115169878	0.00655732
13	2	5040	115169878	4.37614e-05
13	3	202	115169878	1.75393e-06
13	4	52	115169878	4.51507e-07
14	0	106040025	107349540	0.987801
14	1	1296295	107349540	0.0120755
14	2	12970	107349540	0.00012082
14	3	235	107349540	2.18911e-06
14	4	15	107349540	1.3973e-07
15	0	101894623	102531392	0.99379
15	1	632584	102531392	0.00616966
15	2	3939	102531392	3.84175e-05
15	3	196	102531392	1.91161e-06
15	4	50	102531392	4.87656e-07
16	0	89264726	90354753	0.987936
16	1	1063451	90354753	0.0117697
16	2	16009	90354753	0.000177179
16	3	3912	90354753	4.3296e-05
16	4	1947	90354753	2.15484e-05
16	5	1208	90354753	1.33695e-05
16	6	804	90354753	8.89826e-06
16	7	623	90354753	6.89504e-06
16	8	447	90354753	4.94717e-06
16	9	444	90354753	4.91396e-06
16	10	339	90354753	3.75188e-06
16	11	199	90354753	2.20243e-06
16	12	131	90354753	1.44984e-06
16	13	121	90354753	1.33917e-06
16	14	82	90354753	9.07534e-07
16	15	70	90354753	7.74724e-07
16	16	34	90354753	3.76295e-07
16	17	74	90354753	8.18994e-07
16	18	53	90354753	5.86577e-07
16	19	35	90354753	3.87362e-07
16	20	24	90354753	2.6562e-07
16	21	10	90354753	1.10675e-07
16	22	3	90354753	3.32025e-08
16	23	7	90354753	7.74724e-08
17	0	80600847	81195210	0.99268
17	1	590023	81195210	0.00726672
17	2	4109	81195210	5.06064e-05
17	3	168	81195210	2.06909e-06
17	4	60	81195210	7.3896e-07
17	5	3	81195210	3.6948e-08
18	0	77186956	78077248	0.988597
18	1	882352	78077248	0.011301
18	2	7872	78077248	0.000100823
18	3	68	78077248	8.70932e-07
19	0	58521606	59128983	0.989728
19	1	601427	59128983	0.0101714
19	2	5686	59128983	9.61627e-05
19	3	205	59128983	3.467e-06
19	4	59	59128983	9.97819e-07
20	0	62306289	63025520	0.988588
20	1	713099	63025520	0.0113144
20	2	5915	63025520	9.38509e-05
20	3	197	63025520	3.12572e-06
20	4	20	63025520	3.17332e-07
21	0	47718328	48129895	0.991449
21	1	407286	48129895	0.00846223
21	2	4165	48129895	8.65367e-05
21	3	80	48129895	1.66217e-06
21	4	36	48129895	7.47976e-07
22	0	51035844	51304566	0.994762
22	1	266581	51304566	0.00519605
22	2	2054	51304566	4.00354e-05
22	3	87	51304566	1.69576e-06
X	0	153712986	155270560	0.989969
X	1	1544704	155270560	0.00994847
X	2	12197	155270560	7.85532e-05
X	3	442	155270560	2.84664e-06
X	4	192	155270560	1.23655e-06
X	5	29	155270560	1.86771e-07
X	6	7	155270560	4.50826e-08
X	7	3	155270560	1.93211e-08
Y	0	59368560	59373566	0.999916
Y	1	4727	59373566	7.96146e-05
Y	2	264	59373566	4.44642e-06
Y	3	15	59373566	2.52638e-07
genome	0	3057664081	3095677412	0.98772
genome	1	37575023	3095677412	0.0121379
genome	2	413166	3095677412	0.000133465
genome	3	14401	3095677412	4.65197e-06
genome	4	3617	3095677412	1.1684e-06
genome	5	1914	3095677412	6.18281e-07
genome	6	1156	3095677412	3.73424e-07
genome	7	955	3095677412	3.08495e-07
genome	8	706	3095677412	2.2806e-07
genome	9	588	3095677412	1.89942e-07
genome	10	430	3095677412	1.38903e-07
genome	11	268	3095677412	8.65723e-08
genome	12	194	3095677412	6.2668e-08
genome	13	177	3095677412	5.71765e-08
genome	14	114	3095677412	3.68255e-08
genome	15	101	3095677412	3.26261e-08
genome	16	71	3095677412	2.29352e-08
genome	17	89	3095677412	2.87498e-08
genome	18	54	3095677412	1.74437e-08
genome	19	47	3095677412	1.51825e-08
genome	20	38	3095677412	1.22752e-08
genome	21	19	3095677412	6.13759e-09
genome	22	8	3095677412	2.58425e-09
genome	23	23	3095677412	7.42971e-09
genome	24	24	3095677412	7.75275e-09
genome	25	28	3095677412	9.04487e-09
genome	26	6	3095677412	1.93819e-09
genome	27	41	3095677412	1.32443e-08
genome	28	12	3095677412	3.87637e-09
genome	29	1	3095677412	3.23031e-10
genome	30	1	3095677412	3.23031e-10
genome	31	1	3095677412	3.23031e-10
genome	35	1	3095677412	3.23031e-10
genome	38	3	3095677412	9.69093e-10
genome	39	2	3095677412	6.46062e-10
genome	41	2	3095677412	6.46062e-10
genome	42	2	3095677412	6.46062e-10
genome	44	2	3095677412	6.46062e-10
genome	45	3	3095677412	9.69093e-10
genome	48	1	3095677412	3.23031e-10
genome	52	1	3095677412	3.23031e-10
genome	53	1	3095677412	3.23031e-10
genome	54	1	3095677412	3.23031e-10
genome	57	2	3095677412	6.46062e-10
genome	59	1	3095677412	3.23031e-10
genome	60	2	3095677412	6.46062e-10
genome	61	1	3095677412	3.23031e-10
genome	62	1	3095677412	3.23031e-10
genome	64	1	3095677412	3.23031e-10
genome	66	1	3095677412	3.23031e-10
genome	73	1	3095677412	3.23031e-10
genome	77	2	3095677412	6.46062e-10
genome	78	2	3095677412	6.46062e-10
genome	79	4	3095677412	1.29212e-09
genome	80	9	3095677412	2.90728e-09
genome	81	10	3095677412	3.23031e-09
genome	82	2	3095677412	6.46062e-10
