1	0	245211162	249250621	0.983794
1	1	3990817	249250621	0.0160113
1	2	48019	249250621	0.000192653
1	3	547	249250621	2.19458e-06
1	4	76	249250621	3.04914e-07
2	0	240156521	243199373	0.987488
2	1	3014279	243199373	0.0123943
2	2	27817	243199373	0.000114379
2	3	395	243199373	1.62418e-06
2	4	75	243199373	3.08389e-07
2	5	51	243199373	2.09704e-07
2	6	27	243199373	1.1102e-07
2	7	12	243199373	4.93422e-08
2	8	2	243199373	8.22371e-09
2	9	5	243199373	2.05593e-08
2	10	7	243199373	2.8783e-08
2	11	3	243199373	1.23356e-08
2	12	5	243199373	2.05593e-08
2	13	3	243199373	1.23356e-08
2	14	5	243199373	2.05593e-08
2	15	2	243199373	8.22371e-09
2	16	4	243199373	1.64474e-08
2	17	1	243199373	4.11185e-09
2	18	3	243199373	1.23356e-08
2	19	1	243199373	4.11185e-09
2	20	2	243199373	8.22371e-09
2	21	2	243199373	8.22371e-09
2	22	2	243199373	8.22371e-09
2	23	2	243199373	8.22371e-09
2	24	5	243199373	2.05593e-08
2	25	34	243199373	1.39803e-07
2	26	2	243199373	8.22371e-09
2	27	4	243199373	1.64474e-08
2	28	1	243199373	4.11185e-09
2	29	5	243199373	2.05593e-08
2	30	3	243199373	1.23356e-08
2	31	2	243199373	8.22371e-09
2	32	3	243199373	1.23356e-08
2	33	17	243199373	6.99015e-08
2	34	11	243199373	4.52304e-08
2	35	5	243199373	2.05593e-08
2	36	1	243199373	4.11185e-09
2	37	1	243199373	4.11185e-09
2	39	1	243199373	4.11185e-09
2	40	2	243199373	8.22371e-09
2	41	2	243199373	8.22371e-09
2	42	1	243199373	4.11185e-09
2	44	1	243199373	4.11185e-09
2	45	1	243199373	4.11185e-09
2	46	1	243199373	4.11185e-09
2	47	1	243199373	4.11185e-09
2	48	2	243199373	8.22371e-09
2	50	1	243199373	4.11185e-09
2	55	1	243199373	4.11185e-09
2	56	3	243199373	1.23356e-08
2	60	1	243199373	4.11185e-09
2	62	2	243199373	8.22371e-09
2	65	1	243199373	4.11185e-09
2	68	1	243199373	4.11185e-09
2	72	1	243199373	4.11185e-09
2	74	1	243199373	4.11185e-09
2	75	2	243199373	8.22371e-09
2	76	4	243199373	1.64474e-08
2	77	4	243199373	1.64474e-08
2	78	1	243199373	4.11185e-09
2	79	9	243199373	3.70067e-08
2	80	9	243199373	3.70067e-08
3	0	196058747	198022430	0.990084
3	1	1951087	198022430	0.00985286
3	2	12575	198022430	6.35029e-05
3	3	21	198022430	1.06049e-07
4	0	188326169	191154276	0.985205
4	1	2798443	191154276	0.0146397
4	2	29116	191154276	0.000152317
4	3	431	191154276	2.25472e-06
4	4	103	191154276	5.38832e-07
4	5	14	191154276	7.32393e-08
5	0	178937130	180915260	0.989066
5	1	1962425	180915260	0.0108472
5	2	15540	180915260	8.58966e-05
5	3	165	180915260	9.12029e-07
6	0	168355226	171115067	0.983871
6	1	2730319	171115067	0.015956
6	2	27713	171115067	0.000161955
6	3	399	171115067	2.33176e-06
6	4	286	171115067	1.67139e-06
6	5	145	171115067	8.47383e-07
6	6	98	171115067	5.72714e-07
6	7	109	171115067	6.36998e-07
6	8	146	171115067	8.53227e-07
6	9	112	171115067	6.5453e-07
6	10	125	171115067	7.30503e-07
6	11	108	171115067	6.31154e-07
6	12	90	171115067	5.25962e-07
6	13	40	171115067	2.33761e-07
6	14	48	171115067	2.80513e-07
6	15	43	171115067	2.51293e-07
6	16	21	171115067	1.22724e-07
6	17	9	171115067	5.25962e-08
6	18	9	171115067	5.25962e-08
6	19	16	171115067	9.35043e-08
6	20	4	171115067	2.33761e-08
6	22	1	171115067	5.84402e-09
7	0	155652557	159138663	0.978094
7	1	3434718	159138663	0.0215832
7	2	50170	159138663	0.00031526
7	3	1105	159138663	6.94363e-06
7	4	88	159138663	5.52977e-07
7	5	25	159138663	1.57096e-07
8	0	144029725	146364022	0.984051
8	1	2308121	146364022	0.0157697
8	2	24385	146364022	0.000166605
8	3	829	146364022	5.66396e-06
8	4	424	146364022	2.89689e-06
8	5	251	146364022	1.7149e-06
8	6	178	146364022	1.21615e-06
8	7	38	146364022	2.59627e-07
8	8	29	146364022	1.98136e-07
8	9	15	146364022	1.02484e-07
8	10	27	146364022	1.84472e-07
9	0	140289348	141213431	0.993456
9	1	919316	141213431	0.00651012
9	2	4767	141213431	3.37574e-05
10	0	133344121	135534747	0.983837
10	1	2166076	135534747	0.0159817
10	2	24302	135534747	0.000179305
10	3	222	135534747	1.63796e-06
10	4	26	135534747	1.91833e-07
11	0	132979629	135006516	0.984987
11	1	2006320	135006516	0.0148609
11	2	20139	135006516	0.000149171
11	3	410	135006516	3.03689e-06
11	4	18	135006516	1.33327e-07
12	0	132184422	133851895	0.987542
12	1	1648836	133851895	0.0123184
12	2	18097	133851895	0.000135202
12	3	427	133851895	3.19009e-06
12	4	9	133851895	6.72385e-08
12	5	9	133851895	6.72385e-08
12	6	8	133851895	5.97676e-08
12	7	14	133851895	1.04593e-07
12	8	58	133851895	4.33315e-07
12	9	2	133851895	1.49419e-08
12	10	13	133851895	9.71223e-08
13	0	114403296	115169878	0.993344
13	1	762001	115169878	0.00661632
13	2	4506	115169878	3.91248e-05
13	3	26	115169878	2.25753e-07
13	4	36	115169878	3.12582e-07
13	5	13	115169878	1.12877e-07
14	0	106032093	107349540	0.987728
14	1	1305365	107349540	0.01216
14	2	12013	107349540	0.000111905
14	3	67	107349540	6.24129e-07
14	4	2	107349540	1.86307e-08
15	0	101901705	102531392	0.993859
15	1	626067	102531392	0.0061061
15	2	3570	102531392	3.48186e-05
15	3	7	102531392	6.82718e-08
15	4	43	102531392	4.19384e-07
16	0	89451598	90354753	0.990004
16	1	880577	90354753	0.00974577
16	2	11940	90354753	0.000132146
16	3	3457	90354753	3.82603e-05
16	4	2108	90354753	2.33303e-05
16	5	1543	90354753	1.70771e-05
16	6	923	90354753	1.02153e-05
16	7	784	90354753	8.67691e-06
16	8	558	90354753	6.17566e-06
16	9	356	90354753	3.94003e-06
16	10	303	90354753	3.35345e-06
16	11	242	90354753	2.67833e-06
16	12	164	90354753	1.81507e-06
16	13	106	90354753	1.17315e-06
16	14	25	90354753	2.76687e-07
16	15	25	90354753	2.76687e-07
16	16	6	90354753	6.64049e-08
16	17	19	90354753	2.10282e-07
16	18	12	90354753	1.3281e-07
16	19	7	90354753	7.74724e-08
17	0	80591083	81195210	0.99256
17	1	600064	81195210	0.00739039
17	2	3911	81195210	4.81679e-05
17	3	144	81195210	1.7735e-06
17	4	8	81195210	9.8528e-08
18	0	76985464	78077248	0.986017
18	1	1082164	78077248	0.0138602
18	2	9524	78077248	0.000121982
18	3	96	78077248	1.22955e-06
19	0	58394196	59128983	0.987573
19	1	727495	59128983	0.0123035
19	2	7271	59128983	0.000122968
19	3	21	59128983	3.55156e-07
20	0	62104676	63025520	0.985389
20	1	912360	63025520	0.014476
20	2	8312	63025520	0.000131883
20	3	122	63025520	1.93572e-06
20	4	50	63025520	7.93329e-07
21	0	47698640	48129895	0.99104
21	1	427386	48129895	0.00887985
21	2	3843	48129895	7.98464e-05
21	3	26	48129895	5.40205e-07
22	0	51050656	51304566	0.995051
22	1	252112	51304566	0.00491403
22	2	1656	51304566	3.22778e-05
22	3	92	51304566	1.79321e-06
22	4	50	51304566	9.74572e-07
X	0	154138794	155270560	0.992711
X	1	1124459	155270560	0.00724193
X	2	6699	155270560	4.3144e-05
X	3	455	155270560	2.93037e-06
X	4	137	155270560	8.82331e-07
X	5	16	155270560	1.03046e-07
Y	0	59368860	59373566	0.999921
Y	1	4466	59373566	7.52187e-05
Y	2	236	59373566	3.97483e-06
Y	3	4	59373566	6.737e-08
genome	0	3057645818	3095677412	0.987715
genome	1	37635273	3095677412	0.0121574
genome	2	376121	3095677412	0.000121499
genome	3	9468	3095677412	3.05846e-06
genome	4	3539	3095677412	1.14321e-06
genome	5	2067	3095677412	6.67705e-07
genome	6	1234	3095677412	3.9862e-07
genome	7	957	3095677412	3.09141e-07
genome	8	793	3095677412	2.56164e-07
genome	9	490	3095677412	1.58285e-07
genome	10	475	3095677412	1.5344e-07
genome	11	353	3095677412	1.1403e-07
genome	12	259	3095677412	8.3665e-08
genome	13	149	3095677412	4.81316e-08
genome	14	78	3095677412	2.51964e-08
genome	15	70	3095677412	2.26122e-08
genome	16	31	3095677412	1.0014e-08
genome	17	29	3095677412	9.3679e-09
genome	18	24	3095677412	7.75275e-09
genome	19	24	3095677412	7.75275e-09
genome	20	6	3095677412	1.93819e-09
genome	21	2	3095677412	6.46062e-10
genome	22	3	3095677412	9.69093e-10
genome	23	2	3095677412	6.46062e-10
genome	24	5	3095677412	1.61516e-09
genome	25	34	3095677412	1.09831e-08
genome	26	2	3095677412	6.46062e-10
genome	27	4	3095677412	1.29212e-09
genome	28	1	3095677412	3.23031e-10
genome	29	5	3095677412	1.61516e-09
genome	30	3	3095677412	9.69093e-10
genome	31	2	3095677412	6.46062e-10
genome	32	3	3095677412	9.69093e-10
genome	33	17	3095677412	5.49153e-09
genome	34	11	3095677412	3.55334e-09
genome	35	5	3095677412	1.61516e-09
genome	36	1	3095677412	3.23031e-10
genome	37	1	3095677412	3.23031e-10
genome	39	1	3095677412	3.23031e-10
genome	40	2	3095677412	6.46062e-10
genome	41	2	3095677412	6.46062e-10
genome	42	1	3095677412	3.23031e-10
genome	44	1	3095677412	3.23031e-10
genome	45	1	3095677412	3.23031e-10
genome	46	1	3095677412	3.23031e-10
genome	47	1	3095677412	3.23031e-10
genome	48	2	3095677412	6.46062e-10
genome	50	1	3095677412	3.23031e-10
genome	55	1	3095677412	3.23031e-10
genome	56	3	3095677412	9.69093e-10
genome	60	1	3095677412	3.23031e-10
genome	62	2	3095677412	6.46062e-10
genome	65	1	3095677412	3.23031e-10
genome	68	1	3095677412	3.23031e-10
genome	72	1	3095677412	3.23031e-10
genome	74	1	3095677412	3.23031e-10
genome	75	2	3095677412	6.46062e-10
genome	76	4	3095677412	1.29212e-09
genome	77	4	3095677412	1.29212e-09
genome	78	1	3095677412	3.23031e-10
genome	79	9	3095677412	2.90728e-09
genome	80	9	3095677412	2.90728e-09
