chrM	0	15471	16571	0.933619
chrM	1	1100	16571	0.066381
chr1	0	245464500	249250621	0.98481
chr1	1	3744788	249250621	0.0150242
chr1	2	39013	249250621	0.000156521
chr1	3	705	249250621	2.82848e-06
chr1	4	212	249250621	8.50549e-07
chr1	5	93	249250621	3.73118e-07
chr1	6	46	249250621	1.84553e-07
chr1	7	26	249250621	1.04313e-07
chr1	8	64	249250621	2.5677e-07
chr1	9	41	249250621	1.64493e-07
chr1	10	38	249250621	1.52457e-07
chr1	11	53	249250621	2.12637e-07
chr1	12	27	249250621	1.08325e-07
chr1	13	27	249250621	1.08325e-07
chr1	14	33	249250621	1.32397e-07
chr1	15	37	249250621	1.48445e-07
chr1	16	54	249250621	2.16649e-07
chr1	17	38	249250621	1.52457e-07
chr1	18	54	249250621	2.16649e-07
chr1	19	36	249250621	1.44433e-07
chr1	20	54	249250621	2.16649e-07
chr1	21	62	249250621	2.48746e-07
chr1	22	65	249250621	2.60782e-07
chr1	23	58	249250621	2.32698e-07
chr1	24	44	249250621	1.76529e-07
chr1	25	41	249250621	1.64493e-07
chr1	26	29	249250621	1.16349e-07
chr1	27	21	249250621	8.42525e-08
chr1	28	13	249250621	5.21563e-08
chr1	29	23	249250621	9.22766e-08
chr1	30	16	249250621	6.41924e-08
chr1	31	21	249250621	8.42525e-08
chr1	32	19	249250621	7.62285e-08
chr1	33	12	249250621	4.81443e-08
chr1	34	15	249250621	6.01804e-08
chr1	35	13	249250621	5.21563e-08
chr1	36	9	249250621	3.61082e-08
chr1	37	7	249250621	2.80842e-08
chr1	38	4	249250621	1.60481e-08
chr1	39	5	249250621	2.00601e-08
chr1	40	17	249250621	6.82044e-08
chr1	41	21	249250621	8.42525e-08
chr1	42	18	249250621	7.22165e-08
chr1	43	11	249250621	4.41323e-08
chr1	44	7	249250621	2.80842e-08
chr1	45	11	249250621	4.41323e-08
chr1	46	18	249250621	7.22165e-08
chr1	47	14	249250621	5.61684e-08
chr1	48	8	249250621	3.20962e-08
chr1	49	23	249250621	9.22766e-08
chr1	50	15	249250621	6.01804e-08
chr1	51	28	249250621	1.12337e-07
chr1	52	6	249250621	2.40722e-08
chr1	53	5	249250621	2.00601e-08
chr1	54	1	249250621	4.01203e-09
chr1	55	2	249250621	8.02405e-09
chr2	0	239352239	243199373	0.984181
chr2	1	3802182	243199373	0.015634
chr2	2	36305	243199373	0.000149281
chr2	3	3978	243199373	1.63569e-05
chr2	4	2070	243199373	8.51154e-06
chr2	5	1047	243199373	4.30511e-06
chr2	6	474	243199373	1.94902e-06
chr2	7	370	243199373	1.52139e-06
chr2	8	323	243199373	1.32813e-06
chr2	9	139	243199373	5.71548e-07
chr2	10	46	243199373	1.89145e-07
chr2	11	35	243199373	1.43915e-07
chr2	12	37	243199373	1.52139e-07
chr2	13	27	243199373	1.1102e-07
chr2	14	67	243199373	2.75494e-07
chr2	15	3	243199373	1.23356e-08
chr2	16	4	243199373	1.64474e-08
chr2	17	4	243199373	1.64474e-08
chr2	18	2	243199373	8.22371e-09
chr2	19	21	243199373	8.63489e-08
chr3	0	195383763	198022430	0.986675
chr3	1	2619459	198022430	0.0132281
chr3	2	18952	198022430	9.57063e-05
chr3	3	118	198022430	5.95892e-07
chr3	4	24	198022430	1.21198e-07
chr3	5	1	198022430	5.04993e-09
chr3	6	2	198022430	1.00999e-08
chr3	7	5	198022430	2.52497e-08
chr3	8	3	198022430	1.51498e-08
chr3	9	3	198022430	1.51498e-08
chr3	10	2	198022430	1.00999e-08
chr3	11	1	198022430	5.04993e-09
chr3	12	2	198022430	1.00999e-08
chr3	13	3	198022430	1.51498e-08
chr3	14	3	198022430	1.51498e-08
chr3	15	2	198022430	1.00999e-08
chr3	16	2	198022430	1.00999e-08
chr3	17	2	198022430	1.00999e-08
chr3	18	6	198022430	3.02996e-08
chr3	19	4	198022430	2.01997e-08
chr3	20	1	198022430	5.04993e-09
chr3	21	5	198022430	2.52497e-08
chr3	22	5	198022430	2.52497e-08
chr3	23	3	198022430	1.51498e-08
chr3	24	2	198022430	1.00999e-08
chr3	25	4	198022430	2.01997e-08
chr3	26	2	198022430	1.00999e-08
chr3	27	2	198022430	1.00999e-08
chr3	28	2	198022430	1.00999e-08
chr3	29	4	198022430	2.01997e-08
chr3	30	2	198022430	1.00999e-08
chr3	31	4	198022430	2.01997e-08
chr3	32	7	198022430	3.53495e-08
chr3	33	5	198022430	2.52497e-08
chr3	34	3	198022430	1.51498e-08
chr3	35	5	198022430	2.52497e-08
chr3	36	4	198022430	2.01997e-08
chr3	37	3	198022430	1.51498e-08
chr3	38	7	198022430	3.53495e-08
chr3	39	3	198022430	1.51498e-08
chr4	0	189285006	191154276	0.990221
chr4	1	1851829	191154276	0.00968761
chr4	2	14071	191154276	7.36107e-05
chr4	3	1864	191154276	9.75129e-06
chr4	4	715	191154276	3.74043e-06
chr4	5	357	191154276	1.8676e-06
chr4	6	251	191154276	1.31308e-06
chr4	7	142	191154276	7.42855e-07
chr4	8	32	191154276	1.67404e-07
chr4	9	4	191154276	2.09255e-08
chr4	10	5	191154276	2.61569e-08
chr5	0	178928931	180915260	0.989021
chr5	1	1972547	180915260	0.0109032
chr5	2	13587	180915260	7.51015e-05
chr5	3	73	180915260	4.03504e-07
chr5	4	39	180915260	2.15571e-07
chr5	5	44	180915260	2.43208e-07
chr5	6	39	180915260	2.15571e-07
chr6	0	169291822	171115067	0.989345
chr6	1	1806961	171115067	0.0105599
chr6	2	12718	171115067	7.43243e-05
chr6	3	588	171115067	3.43628e-06
chr6	4	563	171115067	3.29018e-06
chr6	5	462	171115067	2.69994e-06
chr6	6	355	171115067	2.07463e-06
chr6	7	306	171115067	1.78827e-06
chr6	8	381	171115067	2.22657e-06
chr6	9	294	171115067	1.71814e-06
chr6	10	285	171115067	1.66555e-06
chr6	11	149	171115067	8.70759e-07
chr6	12	92	171115067	5.3765e-07
chr6	13	60	171115067	3.50641e-07
chr6	14	27	171115067	1.57789e-07
chr6	15	4	171115067	2.33761e-08
chr7	0	157009311	159138663	0.98662
chr7	1	2110199	159138663	0.0132601
chr7	2	15213	159138663	9.55959e-05
chr7	3	953	159138663	5.98849e-06
chr7	4	445	159138663	2.7963e-06
chr7	5	425	159138663	2.67063e-06
chr7	6	247	159138663	1.55211e-06
chr7	7	221	159138663	1.38873e-06
chr7	8	129	159138663	8.10614e-07
chr7	9	123	159138663	7.72911e-07
chr7	10	127	159138663	7.98046e-07
chr7	11	79	159138663	4.96422e-07
chr7	12	129	159138663	8.10614e-07
chr7	13	102	159138663	6.4095e-07
chr7	14	109	159138663	6.84937e-07
chr7	15	97	159138663	6.09531e-07
chr7	16	85	159138663	5.34125e-07
chr7	17	96	159138663	6.03248e-07
chr7	18	104	159138663	6.53518e-07
chr7	19	93	159138663	5.84396e-07
chr7	20	86	159138663	5.40409e-07
chr7	21	55	159138663	3.45611e-07
chr7	22	48	159138663	3.01624e-07
chr7	23	33	159138663	2.07366e-07
chr7	24	29	159138663	1.82231e-07
chr7	25	18	159138663	1.13109e-07
chr7	26	19	159138663	1.19393e-07
chr7	27	26	159138663	1.6338e-07
chr7	28	21	159138663	1.3196e-07
chr7	29	12	159138663	7.54059e-08
chr7	30	11	159138663	6.91221e-08
chr7	31	9	159138663	5.65545e-08
chr7	32	6	159138663	3.7703e-08
chr7	33	3	159138663	1.88515e-08
chr8	0	144487606	146364022	0.98718
chr8	1	1854951	146364022	0.0126735
chr8	2	18753	146364022	0.000128126
chr8	3	1675	146364022	1.14441e-05
chr8	4	670	146364022	4.57763e-06
chr8	5	249	146364022	1.70124e-06
chr8	6	41	146364022	2.80123e-07
chr8	7	35	146364022	2.3913e-07
chr8	8	4	146364022	2.73291e-08
chr8	9	22	146364022	1.5031e-07
chr8	10	7	146364022	4.7826e-08
chr8	11	6	146364022	4.09937e-08
chr8	12	3	146364022	2.04968e-08
chr9	0	139784010	141213431	0.989878
chr9	1	1418634	141213431	0.010046
chr9	2	10210	141213431	7.23019e-05
chr9	3	310	141213431	2.19526e-06
chr9	4	96	141213431	6.79822e-07
chr9	5	117	141213431	8.28533e-07
chr9	6	31	141213431	2.19526e-07
chr9	7	23	141213431	1.62874e-07
chr10	0	132879603	135534747	0.98041
chr10	1	2599866	135534747	0.0191823
chr10	2	41085	135534747	0.000303133
chr10	3	2988	135534747	2.2046e-05
chr10	4	1644	135534747	1.21297e-05
chr10	5	1308	135534747	9.65066e-06
chr10	6	1024	135534747	7.55526e-06
chr10	7	740	135534747	5.45985e-06
chr10	8	569	135534747	4.19819e-06
chr10	9	606	135534747	4.47118e-06
chr10	10	625	135534747	4.61136e-06
chr10	11	344	135534747	2.53809e-06
chr10	12	319	135534747	2.35364e-06
chr10	13	384	135534747	2.83322e-06
chr10	14	224	135534747	1.65271e-06
chr10	15	298	135534747	2.1987e-06
chr10	16	246	135534747	1.81503e-06
chr10	17	164	135534747	1.21002e-06
chr10	18	207	135534747	1.52728e-06
chr10	19	192	135534747	1.41661e-06
chr10	20	184	135534747	1.35759e-06
chr10	21	154	135534747	1.13624e-06
chr10	22	184	135534747	1.35759e-06
chr10	23	143	135534747	1.05508e-06
chr10	24	145	135534747	1.06984e-06
chr10	25	151	135534747	1.11411e-06
chr10	26	104	135534747	7.67331e-07
chr10	27	107	135534747	7.89465e-07
chr10	28	76	135534747	5.60742e-07
chr10	29	117	135534747	8.63247e-07
chr10	30	123	135534747	9.07516e-07
chr10	31	83	135534747	6.12389e-07
chr10	32	83	135534747	6.12389e-07
chr10	33	79	135534747	5.82876e-07
chr10	34	54	135534747	3.98422e-07
chr10	35	37	135534747	2.72993e-07
chr10	36	48	135534747	3.54153e-07
chr10	37	59	135534747	4.35313e-07
chr10	38	77	135534747	5.6812e-07
chr10	39	43	135534747	3.17262e-07
chr10	40	39	135534747	2.87749e-07
chr10	41	37	135534747	2.72993e-07
chr10	42	27	135534747	1.99211e-07
chr10	43	25	135534747	1.84455e-07
chr10	44	29	135534747	2.13967e-07
chr10	45	26	135534747	1.91833e-07
chr10	46	21	135534747	1.54942e-07
chr10	47	19	135534747	1.40185e-07
chr10	48	16	135534747	1.18051e-07
chr10	49	12	135534747	8.85382e-08
chr10	50	4	135534747	2.95127e-08
chr10	51	3	135534747	2.21345e-08
chr10	52	1	135534747	7.37818e-09
chr10	53	1	135534747	7.37818e-09
chr11	0	132786464	135006516	0.983556
chr11	1	2195635	135006516	0.0162632
chr11	2	22497	135006516	0.000166636
chr11	3	634	135006516	4.69607e-06
chr11	4	358	135006516	2.65172e-06
chr11	5	261	135006516	1.93324e-06
chr11	6	223	135006516	1.65177e-06
chr11	7	102	135006516	7.55519e-07
chr11	8	77	135006516	5.70343e-07
chr11	9	92	135006516	6.81449e-07
chr11	10	57	135006516	4.22202e-07
chr11	11	44	135006516	3.2591e-07
chr11	12	56	135006516	4.14795e-07
chr11	13	14	135006516	1.03699e-07
chr11	14	2	135006516	1.48141e-08
chr12	0	132487211	133851895	0.989805
chr12	1	1357215	133851895	0.0101397
chr12	2	7218	133851895	5.39253e-05
chr12	3	97	133851895	7.24682e-07
chr12	4	77	133851895	5.75263e-07
chr12	5	28	133851895	2.09186e-07
chr12	6	15	133851895	1.12064e-07
chr12	7	7	133851895	5.22966e-08
chr12	8	22	133851895	1.64361e-07
chr12	9	5	133851895	3.73547e-08
chr13	0	114156658	115169878	0.991202
chr13	1	1008011	115169878	0.00875238
chr13	2	5188	115169878	4.50465e-05
chr13	3	21	115169878	1.82339e-07
chr14	0	105640349	107349540	0.984078
chr14	1	1691336	107349540	0.0157554
chr14	2	17751	107349540	0.000165357
chr14	3	104	107349540	9.68798e-07
chr15	0	101630332	102531392	0.991212
chr15	1	896356	102531392	0.00874226
chr15	2	4668	102531392	4.55275e-05
chr15	3	36	102531392	3.51112e-07
chr16	0	89511762	90354753	0.99067
chr16	1	811544	90354753	0.00898175
chr16	2	11834	90354753	0.000130973
chr16	3	5727	90354753	6.33835e-05
chr16	4	4778	90354753	5.28805e-05
chr16	5	3206	90354753	3.54824e-05
chr16	6	2218	90354753	2.45477e-05
chr16	7	1538	90354753	1.70218e-05
chr16	8	907	90354753	1.00382e-05
chr16	9	470	90354753	5.20172e-06
chr16	10	333	90354753	3.68547e-06
chr16	11	173	90354753	1.91468e-06
chr16	12	146	90354753	1.61585e-06
chr16	13	48	90354753	5.31239e-07
chr16	14	37	90354753	4.09497e-07
chr16	15	4	90354753	4.42699e-08
chr16	16	9	90354753	9.96074e-08
chr16	17	18	90354753	1.99215e-07
chr16	18	1	90354753	1.10675e-08
chr17	0	80153146	81195210	0.987166
chr17	1	1031911	81195210	0.012709
chr17	2	9359	81195210	0.000115265
chr17	3	364	81195210	4.48302e-06
chr17	4	191	81195210	2.35236e-06
chr17	5	88	81195210	1.08381e-06
chr17	6	47	81195210	5.78852e-07
chr17	7	67	81195210	8.25172e-07
chr17	8	17	81195210	2.09372e-07
chr17	9	12	81195210	1.47792e-07
chr17	10	8	81195210	9.8528e-08
chr18	0	77054920	78077248	0.986906
chr18	1	1012406	78077248	0.0129667
chr18	2	9066	78077248	0.000116116
chr18	3	423	78077248	5.41771e-06
chr18	4	99	78077248	1.26797e-06
chr18	5	122	78077248	1.56256e-06
chr18	6	84	78077248	1.07586e-06
chr18	7	44	78077248	5.63544e-07
chr18	8	37	78077248	4.7389e-07
chr18	9	20	78077248	2.56157e-07
chr18	10	9	78077248	1.1527e-07
chr18	11	7	78077248	8.96548e-08
chr18	12	11	78077248	1.40886e-07
chr19	0	58381660	59128983	0.987361
chr19	1	739066	59128983	0.0124992
chr19	2	6272	59128983	0.000106073
chr19	3	307	59128983	5.19204e-06
chr19	4	367	59128983	6.20677e-06
chr19	5	314	59128983	5.31042e-06
chr19	6	160	59128983	2.70595e-06
chr19	7	131	59128983	2.2155e-06
chr19	8	87	59128983	1.47136e-06
chr19	9	63	59128983	1.06547e-06
chr19	10	93	59128983	1.57283e-06
chr19	11	59	59128983	9.97819e-07
chr19	12	85	59128983	1.43754e-06
chr19	13	73	59128983	1.23459e-06
chr19	14	27	59128983	4.56629e-07
chr19	15	22	59128983	3.72068e-07
chr19	16	25	59128983	4.22805e-07
chr19	17	8	59128983	1.35297e-07
chr19	18	32	59128983	5.4119e-07
chr19	19	13	59128983	2.19858e-07
chr19	20	12	59128983	2.02946e-07
chr19	21	9	59128983	1.5221e-07
chr19	22	9	59128983	1.5221e-07
chr19	23	23	59128983	3.8898e-07
chr19	24	9	59128983	1.5221e-07
chr19	25	17	59128983	2.87507e-07
chr19	26	16	59128983	2.70595e-07
chr19	27	11	59128983	1.86034e-07
chr19	28	11	59128983	1.86034e-07
chr19	29	2	59128983	3.38244e-08
chr20	0	62277465	63025520	0.988131
chr20	1	742586	63025520	0.0117823
chr20	2	5217	63025520	8.2776e-05
chr20	3	124	63025520	1.96746e-06
chr20	4	86	63025520	1.36453e-06
chr20	5	12	63025520	1.90399e-07
chr20	6	6	63025520	9.51995e-08
chr20	7	24	63025520	3.80798e-07
chr21	0	47755157	48129895	0.992214
chr21	1	371772	48129895	0.00772435
chr21	2	2482	48129895	5.15688e-05
chr21	3	221	48129895	4.59174e-06
chr21	4	99	48129895	2.05693e-06
chr21	5	11	48129895	2.28548e-07
chr21	6	10	48129895	2.07771e-07
chr21	7	9	48129895	1.86994e-07
chr21	8	18	48129895	3.73988e-07
chr21	9	66	48129895	1.37129e-06
chr21	10	8	48129895	1.66217e-07
chr21	11	2	48129895	4.15542e-08
chr21	13	2	48129895	4.15542e-08
chr21	14	5	48129895	1.03886e-07
chr21	15	3	48129895	6.23313e-08
chr21	16	15	48129895	3.11657e-07
chr21	17	14	48129895	2.90879e-07
chr21	18	1	48129895	2.07771e-08
chr22	0	50975507	51304566	0.993586
chr22	1	327130	51304566	0.00637624
chr22	2	1767	51304566	3.44414e-05
chr22	3	102	51304566	1.98813e-06
chr22	4	2	51304566	3.89829e-08
chr22	5	2	51304566	3.89829e-08
chr22	6	3	51304566	5.84743e-08
chr22	7	2	51304566	3.89829e-08
chr22	8	1	51304566	1.94914e-08
chr22	9	1	51304566	1.94914e-08
chr22	10	2	51304566	3.89829e-08
chr22	11	3	51304566	5.84743e-08
chr22	12	2	51304566	3.89829e-08
chr22	13	2	51304566	3.89829e-08
chr22	14	1	51304566	1.94914e-08
chr22	15	3	51304566	5.84743e-08
chr22	16	11	51304566	2.14406e-07
chr22	17	25	51304566	4.87286e-07
chrX	0	152883107	155270560	0.984624
chrX	1	2344372	155270560	0.0150986
chrX	2	31119	155270560	0.000200418
chrX	3	6407	155270560	4.12635e-05
chrX	4	3008	155270560	1.93726e-05
chrX	5	1352	155270560	8.70738e-06
chrX	6	627	155270560	4.03811e-06
chrX	7	237	155270560	1.52637e-06
chrX	8	154	155270560	9.91817e-07
chrX	9	72	155270560	4.63707e-07
chrX	10	31	155270560	1.99651e-07
chrX	11	19	155270560	1.22367e-07
chrX	12	14	155270560	9.01652e-08
chrX	13	7	155270560	4.50826e-08
chrX	14	7	155270560	4.50826e-08
chrX	15	11	155270560	7.08441e-08
chrX	16	2	155270560	1.28807e-08
chrX	17	4	155270560	2.57615e-08
chrX	18	5	155270560	3.22019e-08
chrX	19	5	155270560	3.22019e-08
chrY	0	59301871	59373566	0.998792
chrY	1	67779	59373566	0.00114157
chrY	2	2646	59373566	4.45653e-05
chrY	3	671	59373566	1.13013e-05
chrY	4	302	59373566	5.08644e-06
chrY	5	58	59373566	9.76866e-07
chrY	6	108	59373566	1.81899e-06
chrY	7	40	59373566	6.737e-07
chrY	8	12	59373566	2.0211e-07
chrY	9	17	59373566	2.86323e-07
chrY	10	21	59373566	3.53693e-07
chrY	11	2	59373566	3.3685e-08
chrY	12	3	59373566	5.05275e-08
chrY	13	1	59373566	1.68425e-08
chrY	14	5	59373566	8.42126e-08
chrY	15	5	59373566	8.42126e-08
chrY	16	10	59373566	1.68425e-07
chrY	17	15	59373566	2.52638e-07
chr1_gl000191_random	0	105533	106433	0.991544
chr1_gl000191_random	1	900	106433	0.00845602
chr1_gl000192_random	0	536688	547496	0.980259
chr1_gl000192_random	1	10666	547496	0.0194814
chr1_gl000192_random	2	142	547496	0.000259363
chr4_ctg9_hap1	0	588226	590426	0.996274
chr4_ctg9_hap1	1	2200	590426	0.00372612
chr4_gl000193_random	0	185731	189789	0.978618
chr4_gl000193_random	1	4016	189789	0.0211603
chr4_gl000193_random	2	42	189789	0.000221298
chr4_gl000194_random	0	187310	191469	0.978278
chr4_gl000194_random	1	4068	191469	0.0212463
chr4_gl000194_random	2	91	191469	0.000475273
chr6_apd_hap1	0	4618490	4622290	0.999178
chr6_apd_hap1	1	3800	4622290	0.000822103
chr6_cox_hap2	0	4785621	4795371	0.997967
chr6_cox_hap2	1	9750	4795371	0.00203321
chr6_dbb_hap3	0	4602046	4610396	0.998189
chr6_dbb_hap3	1	8350	4610396	0.00181112
chr6_mann_hap4	0	4675804	4683263	0.998407
chr6_mann_hap4	1	7418	4683263	0.00158394
chr6_mann_hap4	2	41	4683263	8.75458e-06
chr6_mcf_hap5	0	4826048	4833398	0.998479
chr6_mcf_hap5	1	7350	4833398	0.00152067
chr6_qbl_hap6	0	4604136	4611984	0.998298
chr6_qbl_hap6	1	7796	4611984	0.00169038
chr6_qbl_hap6	2	52	4611984	1.1275e-05
chr6_ssto_hap7	0	4920567	4928567	0.998377
chr6_ssto_hap7	1	8000	4928567	0.00162319
chr7_gl000195_random	0	178855	182896	0.977905
chr7_gl000195_random	1	3860	182896	0.0211049
chr7_gl000195_random	2	153	182896	0.000836541
chr7_gl000195_random	3	28	182896	0.000153092
chr8_gl000196_random	0	38364	38914	0.985866
chr8_gl000196_random	1	550	38914	0.0141337
chr8_gl000197_random	0	36975	37175	0.99462
chr8_gl000197_random	1	200	37175	0.00537996
chr9_gl000198_random	0	88088	90085	0.977832
chr9_gl000198_random	1	1894	90085	0.0210246
chr9_gl000198_random	2	103	90085	0.00114336
chr9_gl000199_random	0	144060	169874	0.84804
chr9_gl000199_random	1	21270	169874	0.12521
chr9_gl000199_random	2	3277	169874	0.0192908
chr9_gl000199_random	3	841	169874	0.00495073
chr9_gl000199_random	4	222	169874	0.00130685
chr9_gl000199_random	5	80	169874	0.000470937
chr9_gl000199_random	6	55	169874	0.000323769
chr9_gl000199_random	7	19	169874	0.000111848
chr9_gl000199_random	8	3	169874	1.76601e-05
chr9_gl000199_random	9	4	169874	2.35469e-05
chr9_gl000199_random	10	2	169874	1.17734e-05
chr9_gl000199_random	11	10	169874	5.88672e-05
chr9_gl000199_random	12	7	169874	4.1207e-05
chr9_gl000199_random	13	8	169874	4.70937e-05
chr9_gl000199_random	14	16	169874	9.41875e-05
chr9_gl000200_random	0	185553	187035	0.992076
chr9_gl000200_random	1	1464	187035	0.00782741
chr9_gl000200_random	2	18	187035	9.62387e-05
chr9_gl000201_random	0	35948	36148	0.994467
chr9_gl000201_random	1	200	36148	0.00553281
chr11_gl000202_random	0	39453	40103	0.983792
chr11_gl000202_random	1	650	40103	0.0162083
chr17_ctg5_hap1	0	1673231	1680828	0.99548
chr17_ctg5_hap1	1	7544	1680828	0.00448826
chr17_ctg5_hap1	2	53	1680828	3.15321e-05
chr17_gl000203_random	0	37298	37498	0.994666
chr17_gl000203_random	1	200	37498	0.00533362
chr17_gl000204_random	0	80310	81310	0.987701
chr17_gl000204_random	1	1000	81310	0.0122986
chr17_gl000205_random	0	170817	174588	0.978401
chr17_gl000205_random	1	3692	174588	0.0211469
chr17_gl000205_random	2	79	174588	0.000452494
chr17_gl000206_random	0	40751	41001	0.993903
chr17_gl000206_random	1	250	41001	0.00609741
chr18_gl000207_random	0	4162	4262	0.976537
chr18_gl000207_random	1	100	4262	0.0234632
chr19_gl000208_random	0	87239	92689	0.941201
chr19_gl000208_random	1	4563	92689	0.0492291
chr19_gl000208_random	2	642	92689	0.00692639
chr19_gl000208_random	3	195	92689	0.00210381
chr19_gl000208_random	4	38	92689	0.000409973
chr19_gl000208_random	5	6	92689	6.47326e-05
chr19_gl000208_random	6	6	92689	6.47326e-05
chr19_gl000209_random	0	157869	159169	0.991833
chr19_gl000209_random	1	1300	159169	0.00816742
chr21_gl000210_random	0	27632	27682	0.998194
chr21_gl000210_random	1	50	27682	0.00180623
chrUn_gl000211	0	163666	166566	0.982589
chrUn_gl000211	1	2900	166566	0.0174105
chrUn_gl000212	0	184177	186858	0.985652
chrUn_gl000212	1	2562	186858	0.0137109
chrUn_gl000212	2	119	186858	0.000636847
chrUn_gl000213	0	163027	164239	0.992621
chrUn_gl000213	1	1174	164239	0.00714812
chrUn_gl000213	2	38	164239	0.00023137
chrUn_gl000214	0	129292	137718	0.938817
chrUn_gl000214	1	7873	137718	0.0571675
chrUn_gl000214	2	532	137718	0.00386297
chrUn_gl000214	3	21	137718	0.000152486
chrUn_gl000215	0	171295	172545	0.992756
chrUn_gl000215	1	1250	172545	0.00724449
chrUn_gl000216	0	162413	172294	0.94265
chrUn_gl000216	1	8292	172294	0.048127
chrUn_gl000216	2	739	172294	0.00428918
chrUn_gl000216	3	449	172294	0.00260601
chrUn_gl000216	4	200	172294	0.00116081
chrUn_gl000216	5	89	172294	0.000516559
chrUn_gl000216	6	52	172294	0.00030181
chrUn_gl000216	7	4	172294	2.32161e-05
chrUn_gl000216	8	56	172294	0.000325026
chrUn_gl000217	0	166655	172149	0.968086
chrUn_gl000217	1	5345	172149	0.0310487
chrUn_gl000217	2	142	172149	0.000824867
chrUn_gl000217	3	7	172149	4.06624e-05
chrUn_gl000218	0	158581	161147	0.984077
chrUn_gl000218	1	2532	161147	0.0157124
chrUn_gl000218	2	34	161147	0.000210987
chrUn_gl000219	0	175763	179198	0.980831
chrUn_gl000219	1	3320	179198	0.018527
chrUn_gl000219	2	115	179198	0.000641748
chrUn_gl000220	0	116626	161802	0.720795
chrUn_gl000220	1	17383	161802	0.107434
chrUn_gl000220	2	10076	161802	0.0622736
chrUn_gl000220	3	7214	161802	0.0445854
chrUn_gl000220	4	4746	161802	0.0293321
chrUn_gl000220	5	2742	161802	0.0169466
chrUn_gl000220	6	1545	161802	0.00954871
chrUn_gl000220	7	880	161802	0.00543875
chrUn_gl000220	8	357	161802	0.0022064
chrUn_gl000220	9	156	161802	0.000964141
chrUn_gl000220	10	39	161802	0.000241035
chrUn_gl000220	11	20	161802	0.000123608
chrUn_gl000220	12	7	161802	4.32628e-05
chrUn_gl000220	13	9	161802	5.56235e-05
chrUn_gl000220	14	2	161802	1.23608e-05
chrUn_gl000221	0	150757	155397	0.970141
chrUn_gl000221	1	4580	155397	0.0294729
chrUn_gl000221	2	60	155397	0.000386108
chrUn_gl000222	0	185711	186861	0.993846
chrUn_gl000222	1	1150	186861	0.00615431
chrUn_gl000223	0	179855	180455	0.996675
chrUn_gl000223	1	600	180455	0.00332493
chrUn_gl000224	0	173695	179693	0.966621
chrUn_gl000224	1	4986	179693	0.0277473
chrUn_gl000224	2	896	179693	0.00498628
chrUn_gl000224	3	92	179693	0.000511984
chrUn_gl000224	4	24	179693	0.000133561
chrUn_gl000225	0	195217	211173	0.924441
chrUn_gl000225	1	14135	211173	0.0669356
chrUn_gl000225	2	1367	211173	0.00647337
chrUn_gl000225	3	271	211173	0.00128331
chrUn_gl000225	4	81	211173	0.000383572
chrUn_gl000225	5	38	211173	0.000179947
chrUn_gl000225	6	44	211173	0.00020836
chrUn_gl000225	7	20	211173	9.47091e-05
chrUn_gl000226	0	1112	15008	0.0740938
chrUn_gl000226	1	1376	15008	0.0916844
chrUn_gl000226	2	1982	15008	0.132063
chrUn_gl000226	3	2202	15008	0.146722
chrUn_gl000226	4	2299	15008	0.153185
chrUn_gl000226	5	1894	15008	0.126199
chrUn_gl000226	6	1305	15008	0.0869536
chrUn_gl000226	7	954	15008	0.0635661
chrUn_gl000226	8	663	15008	0.0441764
chrUn_gl000226	9	409	15008	0.0272521
chrUn_gl000226	10	311	15008	0.0207223
chrUn_gl000226	11	225	15008	0.014992
chrUn_gl000226	12	139	15008	0.00926173
chrUn_gl000226	13	68	15008	0.00453092
chrUn_gl000226	14	42	15008	0.00279851
chrUn_gl000226	15	18	15008	0.00119936
chrUn_gl000226	16	3	15008	0.000199893
chrUn_gl000226	17	6	15008	0.000399787
chrUn_gl000227	0	127224	128374	0.991042
chrUn_gl000227	1	1150	128374	0.0089582
chrUn_gl000228	0	127291	129120	0.985835
chrUn_gl000228	1	1547	129120	0.0119811
chrUn_gl000228	2	243	129120	0.00188197
chrUn_gl000228	3	39	129120	0.000302045
chrUn_gl000229	0	19118	19913	0.960076
chrUn_gl000229	1	790	19913	0.0396726
chrUn_gl000229	2	5	19913	0.000251092
chrUn_gl000230	0	43491	43691	0.995422
chrUn_gl000230	1	200	43691	0.0045776
chrUn_gl000231	0	25937	27386	0.94709
chrUn_gl000231	1	1448	27386	0.0528737
chrUn_gl000231	2	1	27386	3.6515e-05
chrUn_gl000232	0	38472	40652	0.946374
chrUn_gl000232	1	2110	40652	0.051904
chrUn_gl000232	2	70	40652	0.00172193
chrUn_gl000233	0	45641	45941	0.99347
chrUn_gl000233	1	300	45941	0.00653011
chrUn_gl000234	0	39082	40531	0.96425
chrUn_gl000234	1	1448	40531	0.0357257
chrUn_gl000234	2	1	40531	2.46725e-05
chrUn_gl000235	0	33674	34474	0.976794
chrUn_gl000235	1	800	34474	0.0232059
chrUn_gl000236	0	41534	41934	0.990461
chrUn_gl000236	1	400	41934	0.0095388
chrUn_gl000237	0	44205	45867	0.963765
chrUn_gl000237	1	1624	45867	0.0354067
chrUn_gl000237	2	38	45867	0.000828482
chrUn_gl000238	0	39589	39939	0.991237
chrUn_gl000238	1	350	39939	0.00876336
chrUn_gl000239	0	32774	33824	0.968957
chrUn_gl000239	1	1050	33824	0.031043
chrUn_gl000240	0	41233	41933	0.983307
chrUn_gl000240	1	700	41933	0.0166933
chrUn_gl000241	0	40452	42152	0.95967
chrUn_gl000241	1	1700	42152	0.0403302
chrUn_gl000242	0	43273	43523	0.994256
chrUn_gl000242	1	250	43523	0.00574409
chrUn_gl000243	0	42341	43341	0.976927
chrUn_gl000243	1	1000	43341	0.0230728
chrUn_gl000244	0	39679	39929	0.993739
chrUn_gl000244	1	250	39929	0.00626111
chrUn_gl000245	0	36051	36651	0.983629
chrUn_gl000245	1	600	36651	0.0163706
chrUn_gl000246	0	37754	38154	0.989516
chrUn_gl000246	1	400	38154	0.0104838
chrUn_gl000247	0	36022	36422	0.989018
chrUn_gl000247	1	400	36422	0.0109824
chrUn_gl000248	0	39686	39786	0.997487
chrUn_gl000248	1	100	39786	0.00251345
chrUn_gl000249	0	38302	38502	0.994805
chrUn_gl000249	1	200	38502	0.00519454
genome	0	3098071343	3137161264	0.98754
genome	1	38601011	3137161264	0.0123044
genome	2	378142	3137161264	0.000120536
genome	3	39849	3137161264	1.27022e-05
genome	4	23455	3137161264	7.4765e-06
genome	5	14406	3137161264	4.59205e-06
genome	6	9018	3137161264	2.87457e-06
genome	7	5946	3137161264	1.89534e-06
genome	8	3916	3137161264	1.24826e-06
genome	9	2619	3137161264	8.34831e-07
genome	10	2049	3137161264	6.53138e-07
genome	11	1231	3137161264	3.92393e-07
genome	12	1079	3137161264	3.43942e-07
genome	13	835	3137161264	2.66164e-07
genome	14	607	3137161264	1.93487e-07
genome	15	507	3137161264	1.61611e-07
genome	16	466	3137161264	1.48542e-07
genome	17	394	3137161264	1.25591e-07
genome	18	412	3137161264	1.31329e-07
genome	19	364	3137161264	1.16028e-07
genome	20	337	3137161264	1.07422e-07
genome	21	285	3137161264	9.08465e-08
genome	22	311	3137161264	9.91342e-08
genome	23	260	3137161264	8.28775e-08
genome	24	229	3137161264	7.29959e-08
genome	25	231	3137161264	7.36335e-08
genome	26	170	3137161264	5.41891e-08
genome	27	167	3137161264	5.32328e-08
genome	28	123	3137161264	3.92074e-08
genome	29	158	3137161264	5.0364e-08
genome	30	152	3137161264	4.84514e-08
genome	31	117	3137161264	3.72949e-08
genome	32	115	3137161264	3.66573e-08
genome	33	99	3137161264	3.15572e-08
genome	34	72	3137161264	2.29507e-08
genome	35	55	3137161264	1.75318e-08
genome	36	61	3137161264	1.94443e-08
genome	37	69	3137161264	2.19944e-08
genome	38	88	3137161264	2.80508e-08
genome	39	51	3137161264	1.62567e-08
genome	40	56	3137161264	1.78505e-08
genome	41	58	3137161264	1.84881e-08
genome	42	45	3137161264	1.43442e-08
genome	43	36	3137161264	1.14753e-08
genome	44	36	3137161264	1.14753e-08
genome	45	37	3137161264	1.17941e-08
genome	46	39	3137161264	1.24316e-08
genome	47	33	3137161264	1.05191e-08
genome	48	24	3137161264	7.65023e-09
genome	49	35	3137161264	1.11566e-08
genome	50	19	3137161264	6.05643e-09
genome	51	31	3137161264	9.88155e-09
genome	52	7	3137161264	2.23132e-09
genome	53	6	3137161264	1.91256e-09
genome	54	1	3137161264	3.1876e-10
genome	55	2	3137161264	6.37519e-10
