chrM	0	12824	16571	0.773882
chrM	1	3253	16571	0.196307
chrM	2	443	16571	0.0267335
chrM	3	43	16571	0.00259489
chrM	4	8	16571	0.000482771
chr1	0	245523619	249250621	0.985047
chr1	1	3687335	249250621	0.0147937
chr1	2	37321	249250621	0.000149733
chr1	3	672	249250621	2.69608e-06
chr1	4	226	249250621	9.06718e-07
chr1	5	164	249250621	6.57972e-07
chr1	6	98	249250621	3.93179e-07
chr1	7	64	249250621	2.5677e-07
chr1	8	28	249250621	1.12337e-07
chr1	9	24	249250621	9.62886e-08
chr1	10	34	249250621	1.36409e-07
chr1	11	52	249250621	2.08625e-07
chr1	12	71	249250621	2.84854e-07
chr1	13	76	249250621	3.04914e-07
chr1	14	46	249250621	1.84553e-07
chr1	15	35	249250621	1.40421e-07
chr1	16	42	249250621	1.68505e-07
chr1	17	42	249250621	1.68505e-07
chr1	18	52	249250621	2.08625e-07
chr1	19	71	249250621	2.84854e-07
chr1	20	46	249250621	1.84553e-07
chr1	21	36	249250621	1.44433e-07
chr1	22	30	249250621	1.20361e-07
chr1	23	26	249250621	1.04313e-07
chr1	24	24	249250621	9.62886e-08
chr1	25	40	249250621	1.60481e-07
chr1	26	24	249250621	9.62886e-08
chr1	27	18	249250621	7.22165e-08
chr1	28	17	249250621	6.82044e-08
chr1	29	15	249250621	6.01804e-08
chr1	30	6	249250621	2.40722e-08
chr1	31	14	249250621	5.61684e-08
chr1	32	12	249250621	4.81443e-08
chr1	33	15	249250621	6.01804e-08
chr1	34	7	249250621	2.80842e-08
chr1	35	10	249250621	4.01203e-08
chr1	36	10	249250621	4.01203e-08
chr1	37	6	249250621	2.40722e-08
chr1	38	12	249250621	4.81443e-08
chr1	39	8	249250621	3.20962e-08
chr1	40	8	249250621	3.20962e-08
chr1	41	20	249250621	8.02405e-08
chr1	42	20	249250621	8.02405e-08
chr1	43	22	249250621	8.82646e-08
chr1	44	10	249250621	4.01203e-08
chr1	45	7	249250621	2.80842e-08
chr1	46	7	249250621	2.80842e-08
chr1	47	3	249250621	1.20361e-08
chr1	48	7	249250621	2.80842e-08
chr1	49	7	249250621	2.80842e-08
chr1	50	6	249250621	2.40722e-08
chr1	51	17	249250621	6.82044e-08
chr1	52	12	249250621	4.81443e-08
chr1	53	19	249250621	7.62285e-08
chr1	54	8	249250621	3.20962e-08
chr2	0	239476790	243199373	0.984693
chr2	1	3678647	243199373	0.0151261
chr2	2	36097	243199373	0.000148426
chr2	3	3697	243199373	1.52015e-05
chr2	4	1836	243199373	7.54936e-06
chr2	5	936	243199373	3.84869e-06
chr2	6	524	243199373	2.15461e-06
chr2	7	293	243199373	1.20477e-06
chr2	8	176	243199373	7.23686e-07
chr2	9	121	243199373	4.97534e-07
chr2	10	74	243199373	3.04277e-07
chr2	11	55	243199373	2.26152e-07
chr2	12	74	243199373	3.04277e-07
chr2	13	7	243199373	2.8783e-08
chr2	14	2	243199373	8.22371e-09
chr2	15	2	243199373	8.22371e-09
chr2	16	4	243199373	1.64474e-08
chr2	17	3	243199373	1.23356e-08
chr2	18	3	243199373	1.23356e-08
chr2	19	1	243199373	4.11185e-09
chr2	20	4	243199373	1.64474e-08
chr2	21	6	243199373	2.46711e-08
chr2	22	7	243199373	2.8783e-08
chr2	23	14	243199373	5.75659e-08
chr3	0	195647208	198022430	0.988005
chr3	1	2358909	198022430	0.0119123
chr3	2	16101	198022430	8.1309e-05
chr3	3	94	198022430	4.74694e-07
chr3	4	2	198022430	1.00999e-08
chr3	5	3	198022430	1.51498e-08
chr3	6	2	198022430	1.00999e-08
chr3	7	5	198022430	2.52497e-08
chr3	8	3	198022430	1.51498e-08
chr3	9	5	198022430	2.52497e-08
chr3	10	4	198022430	2.01997e-08
chr3	11	3	198022430	1.51498e-08
chr3	12	4	198022430	2.01997e-08
chr3	13	5	198022430	2.52497e-08
chr3	14	1	198022430	5.04993e-09
chr3	15	4	198022430	2.01997e-08
chr3	16	4	198022430	2.01997e-08
chr3	17	1	198022430	5.04993e-09
chr3	18	2	198022430	1.00999e-08
chr3	19	5	198022430	2.52497e-08
chr3	20	5	198022430	2.52497e-08
chr3	21	5	198022430	2.52497e-08
chr3	22	1	198022430	5.04993e-09
chr3	23	1	198022430	5.04993e-09
chr3	24	2	198022430	1.00999e-08
chr3	25	1	198022430	5.04993e-09
chr3	26	1	198022430	5.04993e-09
chr3	27	2	198022430	1.00999e-08
chr3	28	1	198022430	5.04993e-09
chr3	29	7	198022430	3.53495e-08
chr3	30	7	198022430	3.53495e-08
chr3	31	4	198022430	2.01997e-08
chr3	32	4	198022430	2.01997e-08
chr3	33	3	198022430	1.51498e-08
chr3	34	6	198022430	3.02996e-08
chr3	35	5	198022430	2.52497e-08
chr3	36	3	198022430	1.51498e-08
chr3	37	3	198022430	1.51498e-08
chr3	38	3	198022430	1.51498e-08
chr3	39	1	198022430	5.04993e-09
chr4	0	189336474	191154276	0.99049
chr4	1	1798070	191154276	0.00940638
chr4	2	15901	191154276	8.31841e-05
chr4	3	2046	191154276	1.07034e-05
chr4	4	782	191154276	4.09094e-06
chr4	5	540	191154276	2.82494e-06
chr4	6	193	191154276	1.00966e-06
chr4	7	79	191154276	4.13279e-07
chr4	8	101	191154276	5.28369e-07
chr4	9	50	191154276	2.61569e-07
chr4	10	7	191154276	3.66196e-08
chr4	11	23	191154276	1.20322e-07
chr4	12	10	191154276	5.23138e-08
chr5	0	178948742	180915260	0.98913
chr5	1	1953733	180915260	0.0107992
chr5	2	12484	180915260	6.90047e-05
chr5	3	231	180915260	1.27684e-06
chr5	4	27	180915260	1.49241e-07
chr5	5	10	180915260	5.52745e-08
chr5	6	33	180915260	1.82406e-07
chr6	0	169390558	171115067	0.989922
chr6	1	1708274	171115067	0.00998319
chr6	2	12621	171115067	7.37574e-05
chr6	3	660	171115067	3.85705e-06
chr6	4	638	171115067	3.72849e-06
chr6	5	545	171115067	3.18499e-06
chr6	6	438	171115067	2.55968e-06
chr6	7	347	171115067	2.02788e-06
chr6	8	426	171115067	2.48955e-06
chr6	9	244	171115067	1.42594e-06
chr6	10	176	171115067	1.02855e-06
chr6	11	94	171115067	5.49338e-07
chr6	12	31	171115067	1.81165e-07
chr6	13	10	171115067	5.84402e-08
chr6	14	5	171115067	2.92201e-08
chr7	0	157013588	159138663	0.986646
chr7	1	2104016	159138663	0.0132213
chr7	2	17271	159138663	0.000108528
chr7	3	600	159138663	3.7703e-06
chr7	4	521	159138663	3.27387e-06
chr7	5	548	159138663	3.44354e-06
chr7	6	300	159138663	1.88515e-06
chr7	7	134	159138663	8.42033e-07
chr7	8	206	159138663	1.29447e-06
chr7	9	117	159138663	7.35208e-07
chr7	10	99	159138663	6.22099e-07
chr7	11	111	159138663	6.97505e-07
chr7	12	110	159138663	6.91221e-07
chr7	13	128	159138663	8.0433e-07
chr7	14	113	159138663	7.10073e-07
chr7	15	89	159138663	5.59261e-07
chr7	16	72	159138663	4.52436e-07
chr7	17	91	159138663	5.71828e-07
chr7	18	78	159138663	4.90139e-07
chr7	19	62	159138663	3.89597e-07
chr7	20	49	159138663	3.07908e-07
chr7	21	56	159138663	3.51894e-07
chr7	22	53	159138663	3.33043e-07
chr7	23	51	159138663	3.20475e-07
chr7	24	31	159138663	1.94799e-07
chr7	25	34	159138663	2.1365e-07
chr7	26	29	159138663	1.82231e-07
chr7	27	30	159138663	1.88515e-07
chr7	28	24	159138663	1.50812e-07
chr7	29	17	159138663	1.06825e-07
chr7	30	22	159138663	1.38244e-07
chr7	31	8	159138663	5.02706e-08
chr7	32	5	159138663	3.14191e-08
chr8	0	144425229	146364022	0.986754
chr8	1	1915678	146364022	0.0130884
chr8	2	19816	146364022	0.000135388
chr8	3	1940	146364022	1.32546e-05
chr8	4	637	146364022	4.35216e-06
chr8	5	392	146364022	2.67825e-06
chr8	6	168	146364022	1.14782e-06
chr8	7	56	146364022	3.82608e-07
chr8	8	56	146364022	3.82608e-07
chr8	9	36	146364022	2.45962e-07
chr8	10	14	146364022	9.56519e-08
chr9	0	139807072	141213431	0.990041
chr9	1	1396667	141213431	0.00989047
chr9	2	9214	141213431	6.52488e-05
chr9	3	235	141213431	1.66415e-06
chr9	4	64	141213431	4.53215e-07
chr9	5	98	141213431	6.93985e-07
chr9	6	24	141213431	1.69956e-07
chr9	7	46	141213431	3.25748e-07
chr9	8	11	141213431	7.78963e-08
chr10	0	132798306	135534747	0.97981
chr10	1	2676584	135534747	0.0197483
chr10	2	45057	135534747	0.000332439
chr10	3	3607	135534747	2.66131e-05
chr10	4	1823	135534747	1.34504e-05
chr10	5	1178	135534747	8.6915e-06
chr10	6	1094	135534747	8.07173e-06
chr10	7	910	135534747	6.71415e-06
chr10	8	535	135534747	3.94733e-06
chr10	9	534	135534747	3.93995e-06
chr10	10	332	135534747	2.44956e-06
chr10	11	423	135534747	3.12097e-06
chr10	12	363	135534747	2.67828e-06
chr10	13	344	135534747	2.53809e-06
chr10	14	249	135534747	1.83717e-06
chr10	15	280	135534747	2.06589e-06
chr10	16	250	135534747	1.84455e-06
chr10	17	252	135534747	1.8593e-06
chr10	18	210	135534747	1.54942e-06
chr10	19	229	135534747	1.6896e-06
chr10	20	165	135534747	1.2174e-06
chr10	21	224	135534747	1.65271e-06
chr10	22	117	135534747	8.63247e-07
chr10	23	120	135534747	8.85382e-07
chr10	24	113	135534747	8.33735e-07
chr10	25	110	135534747	8.116e-07
chr10	26	77	135534747	5.6812e-07
chr10	27	103	135534747	7.59953e-07
chr10	28	104	135534747	7.67331e-07
chr10	29	101	135534747	7.45196e-07
chr10	30	119	135534747	8.78004e-07
chr10	31	134	135534747	9.88676e-07
chr10	32	86	135534747	6.34524e-07
chr10	33	85	135534747	6.27145e-07
chr10	34	77	135534747	5.6812e-07
chr10	35	51	135534747	3.76287e-07
chr10	36	46	135534747	3.39396e-07
chr10	37	49	135534747	3.61531e-07
chr10	38	44	135534747	3.2464e-07
chr10	39	29	135534747	2.13967e-07
chr10	40	41	135534747	3.02505e-07
chr10	41	35	135534747	2.58236e-07
chr10	42	38	135534747	2.80371e-07
chr10	43	23	135534747	1.69698e-07
chr10	44	19	135534747	1.40185e-07
chr10	45	17	135534747	1.25429e-07
chr10	46	21	135534747	1.54942e-07
chr10	47	10	135534747	7.37818e-08
chr10	48	10	135534747	7.37818e-08
chr10	49	5	135534747	3.68909e-08
chr10	50	3	135534747	2.21345e-08
chr10	51	5	135534747	3.68909e-08
chr10	52	1	135534747	7.37818e-09
chr10	53	3	135534747	2.21345e-08
chr10	54	1	135534747	7.37818e-09
chr10	55	1	135534747	7.37818e-09
chr11	0	132817867	135006516	0.983789
chr11	1	2166752	135006516	0.0160492
chr11	2	20422	135006516	0.000151267
chr11	3	554	135006516	4.10351e-06
chr11	4	285	135006516	2.11101e-06
chr11	5	197	135006516	1.45919e-06
chr11	6	142	135006516	1.0518e-06
chr11	7	104	135006516	7.70333e-07
chr11	8	79	135006516	5.85157e-07
chr11	9	54	135006516	3.99981e-07
chr11	10	15	135006516	1.11106e-07
chr11	11	9	135006516	6.66635e-08
chr11	12	3	135006516	2.22212e-08
chr11	13	3	135006516	2.22212e-08
chr11	14	8	135006516	5.92564e-08
chr11	15	19	135006516	1.40734e-07
chr11	16	3	135006516	2.22212e-08
chr12	0	131860367	133851895	0.985121
chr12	1	1975492	133851895	0.0147588
chr12	2	15793	133851895	0.000117989
chr12	3	200	133851895	1.49419e-06
chr12	4	43	133851895	3.21251e-07
chr13	0	114166123	115169878	0.991285
chr13	1	998060	115169878	0.00866598
chr13	2	5695	115169878	4.94487e-05
chr14	0	105723639	107349540	0.984854
chr14	1	1609129	107349540	0.0149896
chr14	2	16573	107349540	0.000154384
chr14	3	171	107349540	1.59293e-06
chr14	4	28	107349540	2.6083e-07
chr15	0	101743040	102531392	0.992311
chr15	1	783397	102531392	0.00764056
chr15	2	4912	102531392	4.79073e-05
chr15	3	43	102531392	4.19384e-07
chr16	0	89474136	90354753	0.990254
chr16	1	847831	90354753	0.00938336
chr16	2	12088	90354753	0.000133784
chr16	3	5755	90354753	6.36934e-05
chr16	4	4756	90354753	5.2637e-05
chr16	5	3648	90354753	4.03742e-05
chr16	6	2213	90354753	2.44923e-05
chr16	7	1570	90354753	1.7376e-05
chr16	8	1128	90354753	1.24841e-05
chr16	9	589	90354753	6.51875e-06
chr16	10	488	90354753	5.40093e-06
chr16	11	226	90354753	2.50125e-06
chr16	12	138	90354753	1.52731e-06
chr16	13	64	90354753	7.08319e-07
chr16	14	37	90354753	4.09497e-07
chr16	15	33	90354753	3.65227e-07
chr16	16	21	90354753	2.32417e-07
chr16	17	16	90354753	1.7708e-07
chr16	18	10	90354753	1.10675e-07
chr16	19	4	90354753	4.42699e-08
chr16	20	2	90354753	2.2135e-08
chr17	0	80097746	81195210	0.986484
chr17	1	1085194	81195210	0.0133652
chr17	2	11029	81195210	0.000135833
chr17	3	879	81195210	1.08258e-05
chr17	4	121	81195210	1.49024e-06
chr17	5	72	81195210	8.86752e-07
chr17	6	44	81195210	5.41904e-07
chr17	7	35	81195210	4.3106e-07
chr17	8	30	81195210	3.6948e-07
chr17	9	16	81195210	1.97056e-07
chr17	10	15	81195210	1.8474e-07
chr17	11	3	81195210	3.6948e-08
chr17	12	6	81195210	7.3896e-08
chr17	13	13	81195210	1.60108e-07
chr17	14	5	81195210	6.158e-08
chr17	15	2	81195210	2.4632e-08
chr18	0	77073118	78077248	0.987139
chr18	1	994157	78077248	0.012733
chr18	2	8816	78077248	0.000112914
chr18	3	439	78077248	5.62264e-06
chr18	4	231	78077248	2.95861e-06
chr18	5	215	78077248	2.75368e-06
chr18	6	104	78077248	1.33201e-06
chr18	7	50	78077248	6.40391e-07
chr18	8	27	78077248	3.45811e-07
chr18	9	20	78077248	2.56157e-07
chr18	10	14	78077248	1.7931e-07
chr18	11	19	78077248	2.43349e-07
chr18	12	4	78077248	5.12313e-08
chr18	13	7	78077248	8.96548e-08
chr18	14	4	78077248	5.12313e-08
chr18	15	4	78077248	5.12313e-08
chr18	16	7	78077248	8.96548e-08
chr18	17	7	78077248	8.96548e-08
chr18	18	5	78077248	6.40391e-08
chr19	0	58365548	59128983	0.987089
chr19	1	754045	59128983	0.0127525
chr19	2	7387	59128983	0.00012493
chr19	3	404	59128983	6.83252e-06
chr19	4	345	59128983	5.8347e-06
chr19	5	200	59128983	3.38244e-06
chr19	6	227	59128983	3.83906e-06
chr19	7	178	59128983	3.01037e-06
chr19	8	136	59128983	2.30006e-06
chr19	9	71	59128983	1.20076e-06
chr19	10	55	59128983	9.3017e-07
chr19	11	26	59128983	4.39717e-07
chr19	12	39	59128983	6.59575e-07
chr19	13	48	59128983	8.11785e-07
chr19	14	59	59128983	9.97819e-07
chr19	15	31	59128983	5.24278e-07
chr19	16	13	59128983	2.19858e-07
chr19	17	25	59128983	4.22805e-07
chr19	18	12	59128983	2.02946e-07
chr19	19	6	59128983	1.01473e-07
chr19	20	17	59128983	2.87507e-07
chr19	21	8	59128983	1.35297e-07
chr19	22	17	59128983	2.87507e-07
chr19	23	12	59128983	2.02946e-07
chr19	24	12	59128983	2.02946e-07
chr19	25	15	59128983	2.53683e-07
chr19	26	2	59128983	3.38244e-08
chr19	27	12	59128983	2.02946e-07
chr19	28	6	59128983	1.01473e-07
chr19	29	7	59128983	1.18385e-07
chr19	30	17	59128983	2.87507e-07
chr19	31	2	59128983	3.38244e-08
chr19	32	1	59128983	1.69122e-08
chr20	0	62222133	63025520	0.987253
chr20	1	796827	63025520	0.0126429
chr20	2	6345	63025520	0.000100674
chr20	3	155	63025520	2.45932e-06
chr20	4	10	63025520	1.58666e-07
chr20	5	3	63025520	4.75998e-08
chr20	6	5	63025520	7.93329e-08
chr20	7	3	63025520	4.75998e-08
chr20	8	39	63025520	6.18797e-07
chr21	0	47745338	48129895	0.99201
chr21	1	380810	48129895	0.00791213
chr21	2	3225	48129895	6.70062e-05
chr21	3	285	48129895	5.92148e-06
chr21	4	58	48129895	1.20507e-06
chr21	5	71	48129895	1.47517e-06
chr21	6	108	48129895	2.24393e-06
chr22	0	50965636	51304566	0.993394
chr22	1	336163	51304566	0.0065523
chr22	2	2599	51304566	5.06583e-05
chr22	3	60	51304566	1.16949e-06
chr22	4	7	51304566	1.3644e-07
chr22	5	4	51304566	7.79658e-08
chr22	6	6	51304566	1.16949e-07
chr22	7	3	51304566	5.84743e-08
chr22	8	40	51304566	7.79658e-07
chr22	9	2	51304566	3.89829e-08
chr22	10	1	51304566	1.94914e-08
chr22	11	6	51304566	1.16949e-07
chr22	12	1	51304566	1.94914e-08
chr22	13	4	51304566	7.79658e-08
chr22	14	34	51304566	6.62709e-07
chrX	0	152945809	155270560	0.985028
chrX	1	2283070	155270560	0.0147038
chrX	2	30941	155270560	0.000199272
chrX	3	5875	155270560	3.78372e-05
chrX	4	2737	155270560	1.76273e-05
chrX	5	1294	155270560	8.33384e-06
chrX	6	464	155270560	2.98833e-06
chrX	7	164	155270560	1.05622e-06
chrX	8	90	155270560	5.79633e-07
chrX	9	10	155270560	6.44037e-08
chrX	10	11	155270560	7.08441e-08
chrX	11	10	155270560	6.44037e-08
chrX	12	11	155270560	7.08441e-08
chrX	13	30	155270560	1.93211e-07
chrX	14	26	155270560	1.6745e-07
chrX	15	3	155270560	1.93211e-08
chrX	16	2	155270560	1.28807e-08
chrX	17	4	155270560	2.57615e-08
chrX	18	9	155270560	5.79633e-08
chrY	0	59304545	59373566	0.998837
chrY	1	65231	59373566	0.00109865
chrY	2	2514	59373566	4.23421e-05
chrY	3	769	59373566	1.29519e-05
chrY	4	251	59373566	4.22747e-06
chrY	5	98	59373566	1.65057e-06
chrY	6	27	59373566	4.54748e-07
chrY	7	87	59373566	1.4653e-06
chrY	8	4	59373566	6.737e-08
chrY	9	5	59373566	8.42126e-08
chrY	10	1	59373566	1.68425e-08
chrY	11	26	59373566	4.37905e-07
chrY	12	8	59373566	1.3474e-07
chr1_gl000191_random	0	105683	106433	0.992953
chr1_gl000191_random	1	750	106433	0.00704669
chr1_gl000192_random	0	536823	547496	0.980506
chr1_gl000192_random	1	10596	547496	0.0193536
chr1_gl000192_random	2	77	547496	0.00014064
chr4_ctg9_hap1	0	589176	590426	0.997883
chr4_ctg9_hap1	1	1250	590426	0.00211712
chr4_gl000193_random	0	185941	189789	0.979725
chr4_gl000193_random	1	3796	189789	0.0200012
chr4_gl000193_random	2	52	189789	0.000273988
chr4_gl000194_random	0	186704	191469	0.975113
chr4_gl000194_random	1	4730	191469	0.0247037
chr4_gl000194_random	2	35	191469	0.000182797
chr6_apd_hap1	0	4618790	4622290	0.999243
chr6_apd_hap1	1	3500	4622290	0.0007572
chr6_cox_hap2	0	4785471	4795371	0.997936
chr6_cox_hap2	1	9900	4795371	0.00206449
chr6_dbb_hap3	0	4602746	4610396	0.998341
chr6_dbb_hap3	1	7650	4610396	0.00165929
chr6_mann_hap4	0	4676263	4683263	0.998505
chr6_mann_hap4	1	7000	4683263	0.00149468
chr6_mcf_hap5	0	4827124	4833398	0.998702
chr6_mcf_hap5	1	6248	4833398	0.00129267
chr6_mcf_hap5	2	26	4833398	5.37924e-06
chr6_qbl_hap6	0	4604907	4611984	0.998466
chr6_qbl_hap6	1	7054	4611984	0.00152949
chr6_qbl_hap6	2	23	4611984	4.98701e-06
chr6_ssto_hap7	0	4920517	4928567	0.998367
chr6_ssto_hap7	1	8050	4928567	0.00163333
chr7_gl000195_random	0	178992	182896	0.978655
chr7_gl000195_random	1	3858	182896	0.021094
chr7_gl000195_random	2	46	182896	0.000251509
chr8_gl000196_random	0	38614	38914	0.992291
chr8_gl000196_random	1	300	38914	0.00770931
chr8_gl000197_random	0	36908	37175	0.992818
chr8_gl000197_random	1	234	37175	0.00629455
chr8_gl000197_random	2	33	37175	0.000887693
chr9_gl000198_random	0	87712	90085	0.973658
chr9_gl000198_random	1	2263	90085	0.0251207
chr9_gl000198_random	2	93	90085	0.00103236
chr9_gl000198_random	3	17	90085	0.000188711
chr9_gl000199_random	0	145445	169874	0.856193
chr9_gl000199_random	1	20389	169874	0.120024
chr9_gl000199_random	2	2915	169874	0.0171598
chr9_gl000199_random	3	524	169874	0.00308464
chr9_gl000199_random	4	318	169874	0.00187198
chr9_gl000199_random	5	148	169874	0.000871234
chr9_gl000199_random	6	58	169874	0.00034143
chr9_gl000199_random	7	33	169874	0.000194262
chr9_gl000199_random	8	6	169874	3.53203e-05
chr9_gl000199_random	9	2	169874	1.17734e-05
chr9_gl000199_random	10	11	169874	6.47539e-05
chr9_gl000199_random	11	8	169874	4.70937e-05
chr9_gl000199_random	12	17	169874	0.000100074
chr9_gl000200_random	0	185885	187035	0.993851
chr9_gl000200_random	1	1150	187035	0.00614858
chr9_gl000201_random	0	36098	36148	0.998617
chr9_gl000201_random	1	50	36148	0.0013832
chr11_gl000202_random	0	39470	40103	0.984216
chr11_gl000202_random	1	616	40103	0.0153604
chr11_gl000202_random	2	17	40103	0.000423908
chr17_ctg5_hap1	0	1673694	1680828	0.995756
chr17_ctg5_hap1	1	7118	1680828	0.00423482
chr17_ctg5_hap1	2	16	1680828	9.51912e-06
chr17_gl000203_random	0	36698	37498	0.978666
chr17_gl000203_random	1	800	37498	0.0213345
chr17_gl000204_random	0	79869	81310	0.982278
chr17_gl000204_random	1	1432	81310	0.0176116
chr17_gl000204_random	2	9	81310	0.000110687
chr17_gl000205_random	0	170613	174588	0.977232
chr17_gl000205_random	1	3900	174588	0.0223383
chr17_gl000205_random	2	75	174588	0.000429583
chr17_gl000206_random	0	40301	41001	0.982927
chr17_gl000206_random	1	700	41001	0.0170728
chr18_gl000207_random	0	4212	4262	0.988268
chr18_gl000207_random	1	50	4262	0.0117316
chr19_gl000208_random	0	87414	92689	0.943089
chr19_gl000208_random	1	4545	92689	0.0490349
chr19_gl000208_random	2	574	92689	0.00619275
chr19_gl000208_random	3	117	92689	0.00126229
chr19_gl000208_random	4	39	92689	0.000420762
chr19_gl000209_random	0	157525	159169	0.989671
chr19_gl000209_random	1	1588	159169	0.00997682
chr19_gl000209_random	2	56	159169	0.000351827
chr21_gl000210_random	0	27632	27682	0.998194
chr21_gl000210_random	1	50	27682	0.00180623
chrUn_gl000211	0	164516	166566	0.987693
chrUn_gl000211	1	2050	166566	0.0123074
chrUn_gl000212	0	183598	186858	0.982554
chrUn_gl000212	1	3194	186858	0.0170932
chrUn_gl000212	2	25	186858	0.000133791
chrUn_gl000212	3	8	186858	4.28133e-05
chrUn_gl000212	4	33	186858	0.000176605
chrUn_gl000213	0	163139	164239	0.993302
chrUn_gl000213	1	1100	164239	0.00669756
chrUn_gl000214	0	131048	137718	0.951568
chrUn_gl000214	1	6082	137718	0.0441627
chrUn_gl000214	2	546	137718	0.00396462
chrUn_gl000214	3	42	137718	0.000304971
chrUn_gl000215	0	172045	172545	0.997102
chrUn_gl000215	1	500	172545	0.00289779
chrUn_gl000216	0	162409	172294	0.942627
chrUn_gl000216	1	8334	172294	0.0483708
chrUn_gl000216	2	862	172294	0.00500308
chrUn_gl000216	3	382	172294	0.00221714
chrUn_gl000216	4	144	172294	0.000835781
chrUn_gl000216	5	65	172294	0.000377262
chrUn_gl000216	6	49	172294	0.000284398
chrUn_gl000216	7	41	172294	0.000237965
chrUn_gl000216	8	8	172294	4.64323e-05
chrUn_gl000217	0	167002	172149	0.970101
chrUn_gl000217	1	5044	172149	0.0293002
chrUn_gl000217	2	103	172149	0.000598319
chrUn_gl000218	0	158090	161147	0.98103
chrUn_gl000218	1	3014	161147	0.0187034
chrUn_gl000218	2	43	161147	0.000266837
chrUn_gl000219	0	176121	179198	0.982829
chrUn_gl000219	1	2904	179198	0.0162055
chrUn_gl000219	2	173	179198	0.000965413
chrUn_gl000220	0	114758	161802	0.70925
chrUn_gl000220	1	17148	161802	0.105981
chrUn_gl000220	2	9978	161802	0.061668
chrUn_gl000220	3	7281	161802	0.0449994
chrUn_gl000220	4	5279	161802	0.0326263
chrUn_gl000220	5	3327	161802	0.0205622
chrUn_gl000220	6	2135	161802	0.0131951
chrUn_gl000220	7	1079	161802	0.00666864
chrUn_gl000220	8	510	161802	0.003152
chrUn_gl000220	9	213	161802	0.00131642
chrUn_gl000220	10	44	161802	0.000271937
chrUn_gl000220	11	13	161802	8.03451e-05
chrUn_gl000220	12	23	161802	0.000142149
chrUn_gl000220	13	13	161802	8.03451e-05
chrUn_gl000220	14	1	161802	6.18039e-06
chrUn_gl000221	0	151328	155397	0.973815
chrUn_gl000221	1	3988	155397	0.0256633
chrUn_gl000221	2	81	155397	0.000521246
chrUn_gl000222	0	185261	186861	0.991437
chrUn_gl000222	1	1600	186861	0.00856251
chrUn_gl000223	0	179005	180455	0.991965
chrUn_gl000223	1	1450	180455	0.00803524
chrUn_gl000224	0	175025	179693	0.974022
chrUn_gl000224	1	4112	179693	0.0228835
chrUn_gl000224	2	530	179693	0.00294947
chrUn_gl000224	3	26	179693	0.000144691
chrUn_gl000225	0	192930	211173	0.913611
chrUn_gl000225	1	15598	211173	0.0738636
chrUn_gl000225	2	2088	211173	0.00988763
chrUn_gl000225	3	452	211173	0.00214043
chrUn_gl000225	4	105	211173	0.000497223
chrUn_gl000226	0	1394	15008	0.0928838
chrUn_gl000226	1	2018	15008	0.134462
chrUn_gl000226	2	2069	15008	0.13786
chrUn_gl000226	3	2089	15008	0.139192
chrUn_gl000226	4	1902	15008	0.126732
chrUn_gl000226	5	1637	15008	0.109075
chrUn_gl000226	6	1352	15008	0.0900853
chrUn_gl000226	7	1156	15008	0.0770256
chrUn_gl000226	8	588	15008	0.0391791
chrUn_gl000226	9	360	15008	0.0239872
chrUn_gl000226	10	248	15008	0.0165245
chrUn_gl000226	11	116	15008	0.00772921
chrUn_gl000226	12	53	15008	0.00353145
chrUn_gl000226	13	20	15008	0.00133262
chrUn_gl000226	14	6	15008	0.000399787
chrUn_gl000227	0	127824	128374	0.995716
chrUn_gl000227	1	550	128374	0.00428436
chrUn_gl000228	0	127303	129120	0.985928
chrUn_gl000228	1	1591	129120	0.0123219
chrUn_gl000228	2	169	129120	0.00130886
chrUn_gl000228	3	57	129120	0.00044145
chrUn_gl000229	0	19006	19913	0.954452
chrUn_gl000229	1	864	19913	0.0433887
chrUn_gl000229	2	43	19913	0.00215939
chrUn_gl000230	0	43391	43691	0.993134
chrUn_gl000230	1	300	43691	0.0068664
chrUn_gl000231	0	26336	27386	0.961659
chrUn_gl000231	1	1050	27386	0.0383408
chrUn_gl000232	0	38999	40652	0.959338
chrUn_gl000232	1	1556	40652	0.0382761
chrUn_gl000232	2	97	40652	0.00238611
chrUn_gl000233	0	45691	45941	0.994558
chrUn_gl000233	1	250	45941	0.00544176
chrUn_gl000234	0	38972	40531	0.961536
chrUn_gl000234	1	1518	40531	0.0374528
chrUn_gl000234	2	41	40531	0.00101157
chrUn_gl000235	0	33523	34474	0.972414
chrUn_gl000235	1	902	34474	0.0261646
chrUn_gl000235	2	49	34474	0.00142136
chrUn_gl000236	0	41584	41934	0.991654
chrUn_gl000236	1	350	41934	0.00834645
chrUn_gl000237	0	44717	45867	0.974927
chrUn_gl000237	1	1150	45867	0.0250725
chrUn_gl000238	0	39839	39939	0.997496
chrUn_gl000238	1	100	39939	0.00250382
chrUn_gl000239	0	33074	33824	0.977826
chrUn_gl000239	1	750	33824	0.0221736
chrUn_gl000240	0	41173	41933	0.981876
chrUn_gl000240	1	720	41933	0.0171702
chrUn_gl000240	2	40	41933	0.000953903
chrUn_gl000241	0	39752	42152	0.943063
chrUn_gl000241	1	2400	42152	0.0569368
chrUn_gl000242	0	43323	43523	0.995405
chrUn_gl000242	1	200	43523	0.00459527
chrUn_gl000243	0	42662	43341	0.984334
chrUn_gl000243	1	608	43341	0.0140283
chrUn_gl000243	2	71	43341	0.00163817
chrUn_gl000244	0	39679	39929	0.993739
chrUn_gl000244	1	250	39929	0.00626111
chrUn_gl000245	0	35751	36651	0.975444
chrUn_gl000245	1	900	36651	0.0245559
chrUn_gl000246	0	37804	38154	0.990827
chrUn_gl000246	1	350	38154	0.00917335
chrUn_gl000247	0	35972	36422	0.987645
chrUn_gl000247	1	450	36422	0.0123552
chrUn_gl000248	0	39486	39786	0.99246
chrUn_gl000248	1	300	39786	0.00754034
chrUn_gl000249	0	38152	38502	0.99091
chrUn_gl000249	1	350	38502	0.00909044
genome	0	3098084364	3137161264	0.987544
genome	1	38572486	3137161264	0.0122953
genome	2	391720	3137161264	0.000124864
genome	3	40409	3137161264	1.28808e-05
genome	4	23256	3137161264	7.41307e-06
genome	5	15393	3137161264	4.90667e-06
genome	6	9808	3137161264	3.12639e-06
genome	7	6437	3137161264	2.05186e-06
genome	8	4227	3137161264	1.3474e-06
genome	9	2473	3137161264	7.88292e-07
genome	10	1643	3137161264	5.23722e-07
genome	11	1223	3137161264	3.89843e-07
genome	12	966	3137161264	3.07922e-07
genome	13	772	3137161264	2.46082e-07
genome	14	596	3137161264	1.89981e-07
genome	15	502	3137161264	1.60017e-07
genome	16	418	3137161264	1.33241e-07
genome	17	441	3137161264	1.40573e-07
genome	18	381	3137161264	1.21447e-07
genome	19	378	3137161264	1.20491e-07
genome	20	288	3137161264	9.18027e-08
genome	21	335	3137161264	1.06784e-07
genome	22	225	3137161264	7.17209e-08
genome	23	224	3137161264	7.14021e-08
genome	24	182	3137161264	5.80142e-08
genome	25	200	3137161264	6.37519e-08
genome	26	133	3137161264	4.2395e-08
genome	27	165	3137161264	5.25953e-08
genome	28	152	3137161264	4.84514e-08
genome	29	147	3137161264	4.68577e-08
genome	30	171	3137161264	5.45079e-08
genome	31	162	3137161264	5.1639e-08
genome	32	108	3137161264	3.4426e-08
genome	33	103	3137161264	3.28322e-08
genome	34	90	3137161264	2.86884e-08
genome	35	66	3137161264	2.10381e-08
genome	36	59	3137161264	1.88068e-08
genome	37	58	3137161264	1.84881e-08
genome	38	59	3137161264	1.88068e-08
genome	39	38	3137161264	1.21129e-08
genome	40	49	3137161264	1.56192e-08
genome	41	55	3137161264	1.75318e-08
genome	42	58	3137161264	1.84881e-08
genome	43	45	3137161264	1.43442e-08
genome	44	29	3137161264	9.24403e-09
genome	45	24	3137161264	7.65023e-09
genome	46	28	3137161264	8.92527e-09
genome	47	13	3137161264	4.14387e-09
genome	48	17	3137161264	5.41891e-09
genome	49	12	3137161264	3.82511e-09
genome	50	9	3137161264	2.86884e-09
genome	51	22	3137161264	7.01271e-09
genome	52	13	3137161264	4.14387e-09
genome	53	22	3137161264	7.01271e-09
genome	54	9	3137161264	2.86884e-09
genome	55	1	3137161264	3.1876e-10
