chrM	0	453	16571	0.0273369
chrM	1	1341	16571	0.0809245
chrM	2	1771	16571	0.106873
chrM	3	2594	16571	0.156539
chrM	4	3005	16571	0.181341
chrM	5	2724	16571	0.164384
chrM	6	1998	16571	0.120572
chrM	7	1188	16571	0.0716915
chrM	8	787	16571	0.0474926
chrM	9	384	16571	0.023173
chrM	10	216	16571	0.0130348
chrM	11	91	16571	0.00549152
chrM	12	19	16571	0.00114658
chr1	0	245621909	249250621	0.985442
chr1	1	3589329	249250621	0.0144005
chr1	2	35945	249250621	0.000144212
chr1	3	1194	249250621	4.79036e-06
chr1	4	549	249250621	2.2026e-06
chr1	5	304	249250621	1.21966e-06
chr1	6	108	249250621	4.33299e-07
chr1	7	35	249250621	1.40421e-07
chr1	8	56	249250621	2.24673e-07
chr1	9	38	249250621	1.52457e-07
chr1	10	56	249250621	2.24673e-07
chr1	11	72	249250621	2.88866e-07
chr1	12	17	249250621	6.82044e-08
chr1	13	27	249250621	1.08325e-07
chr1	14	29	249250621	1.16349e-07
chr1	15	28	249250621	1.12337e-07
chr1	16	35	249250621	1.40421e-07
chr1	17	59	249250621	2.3671e-07
chr1	18	77	249250621	3.08926e-07
chr1	19	68	249250621	2.72818e-07
chr1	20	54	249250621	2.16649e-07
chr1	21	56	249250621	2.24673e-07
chr1	22	34	249250621	1.36409e-07
chr1	23	67	249250621	2.68806e-07
chr1	24	48	249250621	1.92577e-07
chr1	25	55	249250621	2.20661e-07
chr1	26	25	249250621	1.00301e-07
chr1	27	18	249250621	7.22165e-08
chr1	28	20	249250621	8.02405e-08
chr1	29	22	249250621	8.82646e-08
chr1	30	17	249250621	6.82044e-08
chr1	31	20	249250621	8.02405e-08
chr1	32	8	249250621	3.20962e-08
chr1	33	9	249250621	3.61082e-08
chr1	34	10	249250621	4.01203e-08
chr1	35	8	249250621	3.20962e-08
chr1	36	8	249250621	3.20962e-08
chr1	37	5	249250621	2.00601e-08
chr1	38	6	249250621	2.40722e-08
chr1	39	12	249250621	4.81443e-08
chr1	40	11	249250621	4.41323e-08
chr1	41	15	249250621	6.01804e-08
chr1	42	10	249250621	4.01203e-08
chr1	43	13	249250621	5.21563e-08
chr1	44	19	249250621	7.62285e-08
chr1	45	23	249250621	9.22766e-08
chr1	46	10	249250621	4.01203e-08
chr1	47	20	249250621	8.02405e-08
chr1	48	19	249250621	7.62285e-08
chr1	49	12	249250621	4.81443e-08
chr1	50	9	249250621	3.61082e-08
chr1	51	14	249250621	5.61684e-08
chr1	52	3	249250621	1.20361e-08
chr1	53	3	249250621	1.20361e-08
chr1	54	1	249250621	4.01203e-09
chr1	55	2	249250621	8.02405e-09
chr2	0	239403140	243199373	0.98439
chr2	1	3750104	243199373	0.0154199
chr2	2	37478	243199373	0.000154104
chr2	3	3589	243199373	1.47574e-05
chr2	4	1922	243199373	7.90298e-06
chr2	5	1290	243199373	5.30429e-06
chr2	6	683	243199373	2.8084e-06
chr2	7	430	243199373	1.7681e-06
chr2	8	226	243199373	9.29279e-07
chr2	9	91	243199373	3.74179e-07
chr2	10	112	243199373	4.60528e-07
chr2	11	116	243199373	4.76975e-07
chr2	12	43	243199373	1.7681e-07
chr2	13	52	243199373	2.13816e-07
chr2	14	25	243199373	1.02796e-07
chr2	15	20	243199373	8.22371e-08
chr2	16	7	243199373	2.8783e-08
chr2	17	7	243199373	2.8783e-08
chr2	18	2	243199373	8.22371e-09
chr2	19	3	243199373	1.23356e-08
chr2	20	5	243199373	2.05593e-08
chr2	21	6	243199373	2.46711e-08
chr2	22	3	243199373	1.23356e-08
chr2	23	10	243199373	4.11185e-08
chr2	24	9	243199373	3.70067e-08
chr3	0	195350042	198022430	0.986505
chr3	1	2651657	198022430	0.0133907
chr3	2	20504	198022430	0.000103544
chr3	3	111	198022430	5.60543e-07
chr3	4	1	198022430	5.04993e-09
chr3	5	3	198022430	1.51498e-08
chr3	6	1	198022430	5.04993e-09
chr3	7	1	198022430	5.04993e-09
chr3	8	2	198022430	1.00999e-08
chr3	9	4	198022430	2.01997e-08
chr3	10	2	198022430	1.00999e-08
chr3	11	1	198022430	5.04993e-09
chr3	12	3	198022430	1.51498e-08
chr3	13	3	198022430	1.51498e-08
chr3	14	1	198022430	5.04993e-09
chr3	15	2	198022430	1.00999e-08
chr3	16	1	198022430	5.04993e-09
chr3	17	4	198022430	2.01997e-08
chr3	18	1	198022430	5.04993e-09
chr3	19	2	198022430	1.00999e-08
chr3	20	4	198022430	2.01997e-08
chr3	21	1	198022430	5.04993e-09
chr3	22	4	198022430	2.01997e-08
chr3	23	2	198022430	1.00999e-08
chr3	24	3	198022430	1.51498e-08
chr3	25	3	198022430	1.51498e-08
chr3	26	3	198022430	1.51498e-08
chr3	27	3	198022430	1.51498e-08
chr3	28	2	198022430	1.00999e-08
chr3	29	3	198022430	1.51498e-08
chr3	30	5	198022430	2.52497e-08
chr3	31	2	198022430	1.00999e-08
chr3	32	3	198022430	1.51498e-08
chr3	33	4	198022430	2.01997e-08
chr3	34	1	198022430	5.04993e-09
chr3	35	5	198022430	2.52497e-08
chr3	36	8	198022430	4.03995e-08
chr3	37	2	198022430	1.00999e-08
chr3	38	2	198022430	1.00999e-08
chr3	39	3	198022430	1.51498e-08
chr3	40	3	198022430	1.51498e-08
chr3	41	2	198022430	1.00999e-08
chr3	42	7	198022430	3.53495e-08
chr3	43	2	198022430	1.00999e-08
chr3	44	7	198022430	3.53495e-08
chr4	0	189192776	191154276	0.989739
chr4	1	1943308	191154276	0.0101662
chr4	2	14730	191154276	7.70582e-05
chr4	3	1932	191154276	1.0107e-05
chr4	4	848	191154276	4.43621e-06
chr4	5	442	191154276	2.31227e-06
chr4	6	184	191154276	9.62573e-07
chr4	7	14	191154276	7.32393e-08
chr4	8	6	191154276	3.13883e-08
chr4	9	26	191154276	1.36016e-07
chr4	10	10	191154276	5.23138e-08
chr5	0	178903654	180915260	0.988881
chr5	1	1998484	180915260	0.0110465
chr5	2	12729	180915260	7.03589e-05
chr5	3	309	180915260	1.70798e-06
chr5	4	40	180915260	2.21098e-07
chr5	5	20	180915260	1.10549e-07
chr5	6	9	180915260	4.9747e-08
chr5	7	3	180915260	1.65823e-08
chr5	8	12	180915260	6.63294e-08
chr6	0	169240915	171115067	0.989047
chr6	1	1855687	171115067	0.0108447
chr6	2	14745	171115067	8.61701e-05
chr6	3	523	171115067	3.05642e-06
chr6	4	372	171115067	2.17398e-06
chr6	5	327	171115067	1.91099e-06
chr6	6	241	171115067	1.40841e-06
chr6	7	473	171115067	2.76422e-06
chr6	8	471	171115067	2.75253e-06
chr6	9	414	171115067	2.41942e-06
chr6	10	279	171115067	1.63048e-06
chr6	11	209	171115067	1.2214e-06
chr6	12	154	171115067	8.99979e-07
chr6	13	120	171115067	7.01282e-07
chr6	14	89	171115067	5.20118e-07
chr6	15	31	171115067	1.81165e-07
chr6	16	17	171115067	9.93483e-08
chr7	0	156819155	159138663	0.985425
chr7	1	2296510	159138663	0.0144309
chr7	2	18867	159138663	0.000118557
chr7	3	712	159138663	4.47409e-06
chr7	4	477	159138663	2.99739e-06
chr7	5	423	159138663	2.65806e-06
chr7	6	240	159138663	1.50812e-06
chr7	7	323	159138663	2.02968e-06
chr7	8	273	159138663	1.71549e-06
chr7	9	241	159138663	1.5144e-06
chr7	10	129	159138663	8.10614e-07
chr7	11	153	159138663	9.61426e-07
chr7	12	104	159138663	6.53518e-07
chr7	13	77	159138663	4.83855e-07
chr7	14	82	159138663	5.15274e-07
chr7	15	79	159138663	4.96422e-07
chr7	16	66	159138663	4.14733e-07
chr7	17	79	159138663	4.96422e-07
chr7	18	108	159138663	6.78653e-07
chr7	19	91	159138663	5.71828e-07
chr7	20	59	159138663	3.70746e-07
chr7	21	51	159138663	3.20475e-07
chr7	22	44	159138663	2.76488e-07
chr7	23	32	159138663	2.01083e-07
chr7	24	24	159138663	1.50812e-07
chr7	25	36	159138663	2.26218e-07
chr7	26	34	159138663	2.1365e-07
chr7	27	37	159138663	2.32502e-07
chr7	28	31	159138663	1.94799e-07
chr7	29	16	159138663	1.00541e-07
chr7	30	25	159138663	1.57096e-07
chr7	31	22	159138663	1.38244e-07
chr7	32	24	159138663	1.50812e-07
chr7	33	16	159138663	1.00541e-07
chr7	34	16	159138663	1.00541e-07
chr7	35	4	159138663	2.51353e-08
chr7	36	3	159138663	1.88515e-08
chr8	0	144427454	146364022	0.986769
chr8	1	1913702	146364022	0.0130749
chr8	2	20075	146364022	0.000137158
chr8	3	1650	146364022	1.12733e-05
chr8	4	593	146364022	4.05154e-06
chr8	5	330	146364022	2.25465e-06
chr8	6	86	146364022	5.87576e-07
chr8	7	81	146364022	5.53415e-07
chr8	8	17	146364022	1.16149e-07
chr8	9	33	146364022	2.25465e-07
chr8	10	1	146364022	6.83228e-09
chr9	0	139787962	141213431	0.989906
chr9	1	1415250	141213431	0.0100221
chr9	2	9504	141213431	6.73024e-05
chr9	3	348	141213431	2.46436e-06
chr9	4	83	141213431	5.87763e-07
chr9	5	155	141213431	1.09763e-06
chr9	6	34	141213431	2.4077e-07
chr9	7	49	141213431	3.46992e-07
chr9	8	20	141213431	1.4163e-07
chr9	9	26	141213431	1.84118e-07
chr10	0	132975747	135534747	0.981119
chr10	1	2507040	135534747	0.0184974
chr10	2	37660	135534747	0.000277862
chr10	3	2750	135534747	2.029e-05
chr10	4	1914	135534747	1.41218e-05
chr10	5	1330	135534747	9.81298e-06
chr10	6	1048	135534747	7.73233e-06
chr10	7	730	135534747	5.38607e-06
chr10	8	509	135534747	3.75549e-06
chr10	9	511	135534747	3.77025e-06
chr10	10	556	135534747	4.10227e-06
chr10	11	454	135534747	3.34969e-06
chr10	12	355	135534747	2.61925e-06
chr10	13	335	135534747	2.47169e-06
chr10	14	310	135534747	2.28724e-06
chr10	15	273	135534747	2.01424e-06
chr10	16	238	135534747	1.75601e-06
chr10	17	224	135534747	1.65271e-06
chr10	18	227	135534747	1.67485e-06
chr10	19	190	135534747	1.40185e-06
chr10	20	193	135534747	1.42399e-06
chr10	21	151	135534747	1.11411e-06
chr10	22	156	135534747	1.151e-06
chr10	23	167	135534747	1.23216e-06
chr10	24	132	135534747	9.7392e-07
chr10	25	143	135534747	1.05508e-06
chr10	26	84	135534747	6.19767e-07
chr10	27	113	135534747	8.33735e-07
chr10	28	157	135534747	1.15837e-06
chr10	29	119	135534747	8.78004e-07
chr10	30	90	135534747	6.64036e-07
chr10	31	74	135534747	5.45985e-07
chr10	32	89	135534747	6.56658e-07
chr10	33	69	135534747	5.09095e-07
chr10	34	70	135534747	5.16473e-07
chr10	35	67	135534747	4.94338e-07
chr10	36	75	135534747	5.53364e-07
chr10	37	81	135534747	5.97633e-07
chr10	38	47	135534747	3.46775e-07
chr10	39	55	135534747	4.058e-07
chr10	40	47	135534747	3.46775e-07
chr10	41	26	135534747	1.91833e-07
chr10	42	29	135534747	2.13967e-07
chr10	43	35	135534747	2.58236e-07
chr10	44	29	135534747	2.13967e-07
chr10	45	18	135534747	1.32807e-07
chr10	46	19	135534747	1.40185e-07
chr10	47	9	135534747	6.64036e-08
chr10	48	2	135534747	1.47564e-08
chr11	0	132828127	135006516	0.983865
chr11	1	2155822	135006516	0.0159683
chr11	2	20922	135006516	0.00015497
chr11	3	521	135006516	3.85907e-06
chr11	4	329	135006516	2.43692e-06
chr11	5	245	135006516	1.81473e-06
chr11	6	152	135006516	1.12587e-06
chr11	7	112	135006516	8.2959e-07
chr11	8	100	135006516	7.40705e-07
chr11	9	37	135006516	2.74061e-07
chr11	10	45	135006516	3.33317e-07
chr11	11	49	135006516	3.62945e-07
chr11	12	14	135006516	1.03699e-07
chr11	13	30	135006516	2.22211e-07
chr11	14	11	135006516	8.14776e-08
chr12	0	132091997	133851895	0.986852
chr12	1	1748232	133851895	0.0130609
chr12	2	11445	133851895	8.5505e-05
chr12	3	153	133851895	1.14305e-06
chr12	4	15	133851895	1.12064e-07
chr12	5	6	133851895	4.48257e-08
chr12	6	15	133851895	1.12064e-07
chr12	7	4	133851895	2.98838e-08
chr12	8	6	133851895	4.48257e-08
chr12	9	7	133851895	5.22966e-08
chr12	10	15	133851895	1.12064e-07
chr13	0	114178379	115169878	0.991391
chr13	1	986598	115169878	0.00856646
chr13	2	4851	115169878	4.21204e-05
chr13	3	50	115169878	4.34141e-07
chr14	0	106229729	107349540	0.989569
chr14	1	1111639	107349540	0.0103553
chr14	2	8105	107349540	7.5501e-05
chr14	3	67	107349540	6.24129e-07
chr15	0	101695665	102531392	0.991849
chr15	1	831023	102531392	0.00810506
chr15	2	4685	102531392	4.56933e-05
chr15	3	19	102531392	1.85309e-07
chr16	0	89466312	90354753	0.990167
chr16	1	854313	90354753	0.0094551
chr16	2	12570	90354753	0.000139118
chr16	3	6047	90354753	6.69251e-05
chr16	4	4642	90354753	5.13753e-05
chr16	5	3496	90354753	3.86919e-05
chr16	6	2686	90354753	2.97273e-05
chr16	7	1874	90354753	2.07405e-05
chr16	8	1153	90354753	1.27608e-05
chr16	9	740	90354753	8.18994e-06
chr16	10	388	90354753	4.29418e-06
chr16	11	260	90354753	2.87755e-06
chr16	12	80	90354753	8.85399e-07
chr16	13	80	90354753	8.85399e-07
chr16	14	36	90354753	3.9843e-07
chr16	15	51	90354753	5.64442e-07
chr16	16	9	90354753	9.96074e-08
chr16	17	4	90354753	4.42699e-08
chr16	18	9	90354753	9.96074e-08
chr16	19	3	90354753	3.32025e-08
chr17	0	80180876	81195210	0.987508
chr17	1	1004686	81195210	0.0123737
chr17	2	8723	81195210	0.000107432
chr17	3	475	81195210	5.8501e-06
chr17	4	129	81195210	1.58876e-06
chr17	5	125	81195210	1.5395e-06
chr17	6	85	81195210	1.04686e-06
chr17	7	24	81195210	2.95584e-07
chr17	8	38	81195210	4.68008e-07
chr17	9	22	81195210	2.70952e-07
chr17	10	25	81195210	3.079e-07
chr17	11	2	81195210	2.4632e-08
chr18	0	76979117	78077248	0.985935
chr18	1	1087920	78077248	0.0139339
chr18	2	9198	78077248	0.000117806
chr18	3	355	78077248	4.54678e-06
chr18	4	212	78077248	2.71526e-06
chr18	5	111	78077248	1.42167e-06
chr18	6	77	78077248	9.86203e-07
chr18	7	86	78077248	1.10147e-06
chr18	8	77	78077248	9.86203e-07
chr18	9	16	78077248	2.04925e-07
chr18	10	28	78077248	3.58619e-07
chr18	11	6	78077248	7.6847e-08
chr18	12	8	78077248	1.02463e-07
chr18	13	18	78077248	2.30541e-07
chr18	14	19	78077248	2.43349e-07
chr19	0	58402153	59128983	0.987708
chr19	1	718137	59128983	0.0121453
chr19	2	6447	59128983	0.000109033
chr19	3	468	59128983	7.9149e-06
chr19	4	251	59128983	4.24496e-06
chr19	5	409	59128983	6.91708e-06
chr19	6	212	59128983	3.58538e-06
chr19	7	162	59128983	2.73977e-06
chr19	8	90	59128983	1.5221e-06
chr19	9	76	59128983	1.28533e-06
chr19	10	70	59128983	1.18385e-06
chr19	11	113	59128983	1.91108e-06
chr19	12	36	59128983	6.08838e-07
chr19	13	47	59128983	7.94872e-07
chr19	14	27	59128983	4.56629e-07
chr19	15	36	59128983	6.08838e-07
chr19	16	38	59128983	6.42663e-07
chr19	17	36	59128983	6.08838e-07
chr19	18	48	59128983	8.11785e-07
chr19	19	6	59128983	1.01473e-07
chr19	20	6	59128983	1.01473e-07
chr19	21	8	59128983	1.35297e-07
chr19	22	17	59128983	2.87507e-07
chr19	23	13	59128983	2.19858e-07
chr19	24	17	59128983	2.87507e-07
chr19	25	14	59128983	2.36771e-07
chr19	26	16	59128983	2.70595e-07
chr19	27	21	59128983	3.55156e-07
chr19	28	9	59128983	1.5221e-07
chr20	0	62192721	63025520	0.986786
chr20	1	826028	63025520	0.0131062
chr20	2	6575	63025520	0.000104323
chr20	3	150	63025520	2.37999e-06
chr20	4	8	63025520	1.26933e-07
chr20	5	38	63025520	6.0293e-07
chr21	0	47733085	48129895	0.991755
chr21	1	392610	48129895	0.0081573
chr21	2	3760	48129895	7.81219e-05
chr21	3	192	48129895	3.9892e-06
chr21	4	95	48129895	1.97383e-06
chr21	5	14	48129895	2.90879e-07
chr21	6	13	48129895	2.70102e-07
chr21	7	55	48129895	1.14274e-06
chr21	8	9	48129895	1.86994e-07
chr21	9	16	48129895	3.32434e-07
chr21	10	41	48129895	8.51861e-07
chr21	11	5	48129895	1.03886e-07
chr22	0	51004244	51304566	0.994146
chr22	1	298662	51304566	0.00582135
chr22	2	1493	51304566	2.91007e-05
chr22	3	20	51304566	3.89829e-07
chr22	4	86	51304566	1.67626e-06
chr22	5	2	51304566	3.89829e-08
chr22	6	2	51304566	3.89829e-08
chr22	7	1	51304566	1.94914e-08
chr22	8	2	51304566	3.89829e-08
chr22	9	2	51304566	3.89829e-08
chr22	10	1	51304566	1.94914e-08
chr22	11	1	51304566	1.94914e-08
chr22	12	1	51304566	1.94914e-08
chr22	13	1	51304566	1.94914e-08
chr22	14	2	51304566	3.89829e-08
chr22	15	2	51304566	3.89829e-08
chr22	16	1	51304566	1.94914e-08
chr22	17	2	51304566	3.89829e-08
chr22	18	2	51304566	3.89829e-08
chr22	19	3	51304566	5.84743e-08
chr22	20	10	51304566	1.94914e-07
chr22	21	2	51304566	3.89829e-08
chr22	22	6	51304566	1.16949e-07
chr22	23	18	51304566	3.50846e-07
chrX	0	152902454	155270560	0.984748
chrX	1	2326324	155270560	0.0149824
chrX	2	30692	155270560	0.000197668
chrX	3	6132	155270560	3.94924e-05
chrX	4	2700	155270560	1.7389e-05
chrX	5	1188	155270560	7.65116e-06
chrX	6	542	155270560	3.49068e-06
chrX	7	264	155270560	1.70026e-06
chrX	8	125	155270560	8.05046e-07
chrX	9	62	155270560	3.99303e-07
chrX	10	27	155270560	1.7389e-07
chrX	11	9	155270560	5.79633e-08
chrX	12	5	155270560	3.22019e-08
chrX	13	9	155270560	5.79633e-08
chrX	14	6	155270560	3.86422e-08
chrX	15	18	155270560	1.15927e-07
chrX	16	3	155270560	1.93211e-08
chrY	0	59301904	59373566	0.998793
chrY	1	68200	59373566	0.00114866
chrY	2	2302	59373566	3.87715e-05
chrY	3	730	59373566	1.2295e-05
chrY	4	179	59373566	3.01481e-06
chrY	5	74	59373566	1.24635e-06
chrY	6	48	59373566	8.08441e-07
chrY	7	30	59373566	5.05275e-07
chrY	8	18	59373566	3.03165e-07
chrY	9	8	59373566	1.3474e-07
chrY	10	14	59373566	2.35795e-07
chrY	11	3	59373566	5.05275e-08
chrY	12	11	59373566	1.85268e-07
chrY	13	30	59373566	5.05275e-07
chrY	14	14	59373566	2.35795e-07
chrY	15	1	59373566	1.68425e-08
chr1_gl000191_random	0	105783	106433	0.993893
chr1_gl000191_random	1	650	106433	0.00610713
chr1_gl000192_random	0	537059	547496	0.980937
chr1_gl000192_random	1	10274	547496	0.0187654
chr1_gl000192_random	2	163	547496	0.000297719
chr4_ctg9_hap1	0	587976	590426	0.99585
chr4_ctg9_hap1	1	2450	590426	0.00414955
chr4_gl000193_random	0	187184	189789	0.986274
chr4_gl000193_random	1	2510	189789	0.0132252
chr4_gl000193_random	2	95	189789	0.000500556
chr4_gl000194_random	0	186588	191469	0.974508
chr4_gl000194_random	1	4862	191469	0.0253931
chr4_gl000194_random	2	19	191469	9.92328e-05
chr6_apd_hap1	0	4618690	4622290	0.999221
chr6_apd_hap1	1	3600	4622290	0.000778835
chr6_cox_hap2	0	4784421	4795371	0.997717
chr6_cox_hap2	1	10950	4795371	0.00228345
chr6_dbb_hap3	0	4601896	4610396	0.998156
chr6_dbb_hap3	1	8500	4610396	0.00184366
chr6_mann_hap4	0	4674663	4683263	0.998164
chr6_mann_hap4	1	8600	4683263	0.00183633
chr6_mcf_hap5	0	4827098	4833398	0.998697
chr6_mcf_hap5	1	6300	4833398	0.00130343
chr6_qbl_hap6	0	4604539	4611984	0.998386
chr6_qbl_hap6	1	7390	4611984	0.00160235
chr6_qbl_hap6	2	55	4611984	1.19255e-05
chr6_ssto_hap7	0	4921117	4928567	0.998488
chr6_ssto_hap7	1	7450	4928567	0.0015116
chr7_gl000195_random	0	179395	182896	0.980858
chr7_gl000195_random	1	3452	182896	0.0188741
chr7_gl000195_random	2	49	182896	0.000267912
chr8_gl000196_random	0	38614	38914	0.992291
chr8_gl000196_random	1	300	38914	0.00770931
chr8_gl000197_random	0	37125	37175	0.998655
chr8_gl000197_random	1	50	37175	0.00134499
chr9_gl000198_random	0	87158	90085	0.967508
chr9_gl000198_random	1	2804	90085	0.0311262
chr9_gl000198_random	2	123	90085	0.00136538
chr9_gl000199_random	0	143501	169874	0.84475
chr9_gl000199_random	1	21433	169874	0.12617
chr9_gl000199_random	2	3636	169874	0.0214041
chr9_gl000199_random	3	729	169874	0.00429142
chr9_gl000199_random	4	259	169874	0.00152466
chr9_gl000199_random	5	141	169874	0.000830027
chr9_gl000199_random	6	135	169874	0.000794707
chr9_gl000199_random	7	8	169874	4.70937e-05
chr9_gl000199_random	8	4	169874	2.35469e-05
chr9_gl000199_random	9	17	169874	0.000100074
chr9_gl000199_random	10	5	169874	2.94336e-05
chr9_gl000199_random	11	6	169874	3.53203e-05
chr9_gl000200_random	0	185635	187035	0.992515
chr9_gl000200_random	1	1400	187035	0.00748523
chr9_gl000201_random	0	36048	36148	0.997234
chr9_gl000201_random	1	100	36148	0.0027664
chr11_gl000202_random	0	39903	40103	0.995013
chr11_gl000202_random	1	200	40103	0.00498716
chr17_ctg5_hap1	0	1675178	1680828	0.996639
chr17_ctg5_hap1	1	5650	1680828	0.00336144
chr17_gl000203_random	0	36948	37498	0.985333
chr17_gl000203_random	1	550	37498	0.0146674
chr17_gl000204_random	0	79810	81310	0.981552
chr17_gl000204_random	1	1500	81310	0.0184479
chr17_gl000205_random	0	170582	174588	0.977055
chr17_gl000205_random	1	3962	174588	0.0226934
chr17_gl000205_random	2	44	174588	0.000252022
chr17_gl000206_random	0	40701	41001	0.992683
chr17_gl000206_random	1	300	41001	0.00731689
chr19_gl000208_random	0	87019	92689	0.938828
chr19_gl000208_random	1	4401	92689	0.0474814
chr19_gl000208_random	2	788	92689	0.00850155
chr19_gl000208_random	3	366	92689	0.00394869
chr19_gl000208_random	4	102	92689	0.00110045
chr19_gl000208_random	5	11	92689	0.000118676
chr19_gl000208_random	6	2	92689	2.15775e-05
chr19_gl000209_random	0	157969	159169	0.992461
chr19_gl000209_random	1	1200	159169	0.00753916
chr21_gl000210_random	0	27632	27682	0.998194
chr21_gl000210_random	1	50	27682	0.00180623
chrUn_gl000211	0	164166	166566	0.985591
chrUn_gl000211	1	2400	166566	0.0144087
chrUn_gl000212	0	183706	186858	0.983132
chrUn_gl000212	1	3104	186858	0.0166115
chrUn_gl000212	2	48	186858	0.00025688
chrUn_gl000213	0	163139	164239	0.993302
chrUn_gl000213	1	1100	164239	0.00669756
chrUn_gl000214	0	130949	137718	0.950849
chrUn_gl000214	1	6488	137718	0.0471108
chrUn_gl000214	2	281	137718	0.0020404
chrUn_gl000215	0	171845	172545	0.995943
chrUn_gl000215	1	700	172545	0.00405691
chrUn_gl000216	0	163091	172294	0.946585
chrUn_gl000216	1	7845	172294	0.0455326
chrUn_gl000216	2	792	172294	0.00459679
chrUn_gl000216	3	132	172294	0.000766132
chrUn_gl000216	4	154	172294	0.000893821
chrUn_gl000216	5	142	172294	0.000824173
chrUn_gl000216	6	42	172294	0.000243769
chrUn_gl000216	7	80	172294	0.000464323
chrUn_gl000216	8	7	172294	4.06282e-05
chrUn_gl000216	9	9	172294	5.22363e-05
chrUn_gl000217	0	166788	172149	0.968858
chrUn_gl000217	1	5322	172149	0.0309151
chrUn_gl000217	2	39	172149	0.000226548
chrUn_gl000218	0	158190	161147	0.98165
chrUn_gl000218	1	2914	161147	0.0180829
chrUn_gl000218	2	43	161147	0.000266837
chrUn_gl000219	0	176317	179198	0.983923
chrUn_gl000219	1	2812	179198	0.0156921
chrUn_gl000219	2	69	179198	0.000385049
chrUn_gl000220	0	119678	161802	0.739657
chrUn_gl000220	1	19246	161802	0.118948
chrUn_gl000220	2	10113	161802	0.0625023
chrUn_gl000220	3	6217	161802	0.0384235
chrUn_gl000220	4	3539	161802	0.0218724
chrUn_gl000220	5	1550	161802	0.00957961
chrUn_gl000220	6	821	161802	0.0050741
chrUn_gl000220	7	374	161802	0.00231147
chrUn_gl000220	8	190	161802	0.00117427
chrUn_gl000220	9	54	161802	0.000333741
chrUn_gl000220	10	4	161802	2.47216e-05
chrUn_gl000220	11	11	161802	6.79843e-05
chrUn_gl000220	12	5	161802	3.0902e-05
chrUn_gl000221	0	152600	155397	0.982001
chrUn_gl000221	1	2694	155397	0.0173362
chrUn_gl000221	2	103	155397	0.000662818
chrUn_gl000222	0	185276	186861	0.991518
chrUn_gl000222	1	1570	186861	0.00840197
chrUn_gl000222	2	15	186861	8.02736e-05
chrUn_gl000223	0	179205	180455	0.993073
chrUn_gl000223	1	1250	180455	0.00692693
chrUn_gl000224	0	174742	179693	0.972447
chrUn_gl000224	1	4553	179693	0.0253377
chrUn_gl000224	2	347	179693	0.00193107
chrUn_gl000224	3	51	179693	0.000283817
chrUn_gl000225	0	196603	211173	0.931004
chrUn_gl000225	1	12932	211173	0.0612389
chrUn_gl000225	2	1409	211173	0.00667225
chrUn_gl000225	3	97	211173	0.000459339
chrUn_gl000225	4	53	211173	0.000250979
chrUn_gl000225	5	47	211173	0.000222566
chrUn_gl000225	6	12	211173	5.68254e-05
chrUn_gl000225	7	20	211173	9.47091e-05
chrUn_gl000226	0	1642	15008	0.109408
chrUn_gl000226	1	2050	15008	0.136594
chrUn_gl000226	2	2432	15008	0.162047
chrUn_gl000226	3	2412	15008	0.160714
chrUn_gl000226	4	2269	15008	0.151186
chrUn_gl000226	5	1485	15008	0.0989472
chrUn_gl000226	6	992	15008	0.0660981
chrUn_gl000226	7	685	15008	0.0456423
chrUn_gl000226	8	476	15008	0.0317164
chrUn_gl000226	9	285	15008	0.0189899
chrUn_gl000226	10	159	15008	0.0105943
chrUn_gl000226	11	45	15008	0.0029984
chrUn_gl000226	12	21	15008	0.00139925
chrUn_gl000226	13	17	15008	0.00113273
chrUn_gl000226	14	12	15008	0.000799574
chrUn_gl000226	15	15	15008	0.000999467
chrUn_gl000226	16	9	15008	0.00059968
chrUn_gl000226	17	2	15008	0.000133262
chrUn_gl000227	0	127324	128374	0.991821
chrUn_gl000227	1	1050	128374	0.00817923
chrUn_gl000228	0	127446	129120	0.987035
chrUn_gl000228	1	1598	129120	0.0123761
chrUn_gl000228	2	76	129120	0.0005886
chrUn_gl000229	0	19363	19913	0.97238
chrUn_gl000229	1	550	19913	0.0276201
chrUn_gl000230	0	43441	43691	0.994278
chrUn_gl000230	1	250	43691	0.005722
chrUn_gl000231	0	26736	27386	0.976265
chrUn_gl000231	1	650	27386	0.0237348
chrUn_gl000232	0	39061	40652	0.960863
chrUn_gl000232	1	1532	40652	0.0376857
chrUn_gl000232	2	59	40652	0.00145134
chrUn_gl000233	0	45341	45941	0.98694
chrUn_gl000233	1	600	45941	0.0130602
chrUn_gl000234	0	38717	40531	0.955244
chrUn_gl000234	1	1778	40531	0.0438677
chrUn_gl000234	2	36	40531	0.000888209
chrUn_gl000235	0	33774	34474	0.979695
chrUn_gl000235	1	700	34474	0.0203052
chrUn_gl000236	0	41684	41934	0.994038
chrUn_gl000236	1	250	41934	0.00596175
chrUn_gl000237	0	44967	45867	0.980378
chrUn_gl000237	1	900	45867	0.0196219
chrUn_gl000238	0	39739	39939	0.994992
chrUn_gl000238	1	200	39939	0.00500764
chrUn_gl000239	0	32984	33824	0.975166
chrUn_gl000239	1	830	33824	0.0245388
chrUn_gl000239	2	10	33824	0.000295648
chrUn_gl000240	0	41142	41933	0.981137
chrUn_gl000240	1	782	41933	0.0186488
chrUn_gl000240	2	9	41933	0.000214628
chrUn_gl000241	0	39899	42152	0.946551
chrUn_gl000241	1	2206	42152	0.0523344
chrUn_gl000241	2	47	42152	0.00111501
chrUn_gl000242	0	43423	43523	0.997702
chrUn_gl000242	1	100	43523	0.00229764
chrUn_gl000243	0	42541	43341	0.981542
chrUn_gl000243	1	800	43341	0.0184583
chrUn_gl000244	0	39579	39929	0.991234
chrUn_gl000244	1	350	39929	0.00876556
chrUn_gl000245	0	35701	36651	0.97408
chrUn_gl000245	1	950	36651	0.0259202
chrUn_gl000246	0	38004	38154	0.996069
chrUn_gl000246	1	150	38154	0.00393144
chrUn_gl000247	0	36022	36422	0.989018
chrUn_gl000247	1	400	36422	0.0109824
chrUn_gl000248	0	39636	39786	0.99623
chrUn_gl000248	1	150	39786	0.00377017
chrUn_gl000249	0	38352	38502	0.996104
chrUn_gl000249	1	150	38502	0.0038959
chr18_gl000207_random	0	4262	4262	1
genome	0	3098117277	3137161264	0.987554
genome	1	38547400	3137161264	0.0122874
genome	2	376676	3137161264	0.000120069
genome	3	41095	3137161264	1.30994e-05
genome	4	24826	3137161264	7.91352e-06
genome	5	16432	3137161264	5.23786e-06
genome	6	10468	3137161264	3.33677e-06
genome	7	7106	3137161264	2.26511e-06
genome	8	4674	3137161264	1.48988e-06
genome	9	3119	3137161264	9.94211e-07
genome	10	2183	3137161264	6.95852e-07
genome	11	1606	3137161264	5.11928e-07
genome	12	876	3137161264	2.79233e-07
genome	13	846	3137161264	2.69671e-07
genome	14	663	3137161264	2.11338e-07
genome	15	556	3137161264	1.7723e-07
genome	16	424	3137161264	1.35154e-07
genome	17	417	3137161264	1.32923e-07
genome	18	474	3137161264	1.51092e-07
genome	19	366	3137161264	1.16666e-07
genome	20	331	3137161264	1.05509e-07
genome	21	275	3137161264	8.76589e-08
genome	22	264	3137161264	8.41525e-08
genome	23	309	3137161264	9.84967e-08
genome	24	233	3137161264	7.4271e-08
genome	25	251	3137161264	8.00086e-08
genome	26	162	3137161264	5.1639e-08
genome	27	192	3137161264	6.12018e-08
genome	28	219	3137161264	6.98083e-08
genome	29	160	3137161264	5.10015e-08
genome	30	137	3137161264	4.36701e-08
genome	31	118	3137161264	3.76136e-08
genome	32	124	3137161264	3.95262e-08
genome	33	98	3137161264	3.12384e-08
genome	34	97	3137161264	3.09197e-08
genome	35	84	3137161264	2.67758e-08
genome	36	94	3137161264	2.99634e-08
genome	37	88	3137161264	2.80508e-08
genome	38	55	3137161264	1.75318e-08
genome	39	70	3137161264	2.23132e-08
genome	40	61	3137161264	1.94443e-08
genome	41	43	3137161264	1.37067e-08
genome	42	46	3137161264	1.46629e-08
genome	43	50	3137161264	1.5938e-08
genome	44	55	3137161264	1.75318e-08
genome	45	41	3137161264	1.30691e-08
genome	46	29	3137161264	9.24403e-09
genome	47	29	3137161264	9.24403e-09
genome	48	21	3137161264	6.69395e-09
genome	49	12	3137161264	3.82511e-09
genome	50	9	3137161264	2.86884e-09
genome	51	14	3137161264	4.46263e-09
genome	52	3	3137161264	9.56279e-10
genome	53	3	3137161264	9.56279e-10
genome	54	1	3137161264	3.1876e-10
genome	55	2	3137161264	6.37519e-10
