chrM	0	15904	16571	0.959749
chrM	1	634	16571	0.0382596
chrM	2	33	16571	0.00199143
chr1	0	245705344	249250621	0.985776
chr1	1	3510751	249250621	0.0140852
chr1	2	32431	249250621	0.000130114
chr1	3	471	249250621	1.88966e-06
chr1	4	165	249250621	6.61984e-07
chr1	5	131	249250621	5.25575e-07
chr1	6	34	249250621	1.36409e-07
chr1	7	87	249250621	3.49046e-07
chr1	8	68	249250621	2.72818e-07
chr1	9	43	249250621	1.72517e-07
chr1	10	61	249250621	2.44734e-07
chr1	11	48	249250621	1.92577e-07
chr1	12	49	249250621	1.96589e-07
chr1	13	41	249250621	1.64493e-07
chr1	14	70	249250621	2.80842e-07
chr1	15	48	249250621	1.92577e-07
chr1	16	45	249250621	1.80541e-07
chr1	17	51	249250621	2.04613e-07
chr1	18	51	249250621	2.04613e-07
chr1	19	28	249250621	1.12337e-07
chr1	20	45	249250621	1.80541e-07
chr1	21	35	249250621	1.40421e-07
chr1	22	44	249250621	1.76529e-07
chr1	23	59	249250621	2.3671e-07
chr1	24	56	249250621	2.24673e-07
chr1	25	32	249250621	1.28385e-07
chr1	26	18	249250621	7.22165e-08
chr1	27	10	249250621	4.01203e-08
chr1	28	12	249250621	4.81443e-08
chr1	29	10	249250621	4.01203e-08
chr1	30	9	249250621	3.61082e-08
chr1	31	6	249250621	2.40722e-08
chr1	32	15	249250621	6.01804e-08
chr1	33	8	249250621	3.20962e-08
chr1	34	6	249250621	2.40722e-08
chr1	35	14	249250621	5.61684e-08
chr1	36	15	249250621	6.01804e-08
chr1	37	22	249250621	8.82646e-08
chr1	38	19	249250621	7.62285e-08
chr1	39	5	249250621	2.00601e-08
chr1	40	13	249250621	5.21563e-08
chr1	41	6	249250621	2.40722e-08
chr1	42	9	249250621	3.61082e-08
chr1	43	1	249250621	4.01203e-09
chr1	44	9	249250621	3.61082e-08
chr1	45	18	249250621	7.22165e-08
chr1	46	26	249250621	1.04313e-07
chr1	47	24	249250621	9.62886e-08
chr1	48	22	249250621	8.82646e-08
chr1	49	8	249250621	3.20962e-08
chr1	50	14	249250621	5.61684e-08
chr1	51	8	249250621	3.20962e-08
chr1	52	5	249250621	2.00601e-08
chr1	53	1	249250621	4.01203e-09
chr2	0	240291601	243199373	0.988044
chr2	1	2874507	243199373	0.0118195
chr2	2	25036	243199373	0.000102944
chr2	3	3946	243199373	1.62254e-05
chr2	4	1912	243199373	7.86186e-06
chr2	5	982	243199373	4.03784e-06
chr2	6	667	243199373	2.74261e-06
chr2	7	259	243199373	1.06497e-06
chr2	8	185	243199373	7.60693e-07
chr2	9	90	243199373	3.70067e-07
chr2	10	54	243199373	2.2204e-07
chr2	11	28	243199373	1.15132e-07
chr2	12	24	243199373	9.86845e-08
chr2	13	10	243199373	4.11185e-08
chr2	14	21	243199373	8.63489e-08
chr2	15	15	243199373	6.16778e-08
chr2	16	31	243199373	1.27467e-07
chr2	17	1	243199373	4.11185e-09
chr2	18	4	243199373	1.64474e-08
chr3	0	195237076	198022430	0.985934
chr3	1	2762785	198022430	0.0139519
chr3	2	22116	198022430	0.000111684
chr3	3	304	198022430	1.53518e-06
chr3	4	40	198022430	2.01997e-07
chr3	5	4	198022430	2.01997e-08
chr3	6	5	198022430	2.52497e-08
chr3	7	2	198022430	1.00999e-08
chr3	8	2	198022430	1.00999e-08
chr3	9	4	198022430	2.01997e-08
chr3	10	1	198022430	5.04993e-09
chr3	11	4	198022430	2.01997e-08
chr3	12	1	198022430	5.04993e-09
chr3	13	6	198022430	3.02996e-08
chr3	14	1	198022430	5.04993e-09
chr3	15	2	198022430	1.00999e-08
chr3	16	3	198022430	1.51498e-08
chr3	17	5	198022430	2.52497e-08
chr3	18	3	198022430	1.51498e-08
chr3	19	4	198022430	2.01997e-08
chr3	20	1	198022430	5.04993e-09
chr3	21	3	198022430	1.51498e-08
chr3	22	3	198022430	1.51498e-08
chr3	23	4	198022430	2.01997e-08
chr3	24	3	198022430	1.51498e-08
chr3	25	4	198022430	2.01997e-08
chr3	26	3	198022430	1.51498e-08
chr3	27	3	198022430	1.51498e-08
chr3	28	2	198022430	1.00999e-08
chr3	29	3	198022430	1.51498e-08
chr3	30	2	198022430	1.00999e-08
chr3	31	7	198022430	3.53495e-08
chr3	32	5	198022430	2.52497e-08
chr3	33	8	198022430	4.03995e-08
chr3	34	7	198022430	3.53495e-08
chr3	35	4	198022430	2.01997e-08
chr4	0	189383525	191154276	0.990737
chr4	1	1751431	191154276	0.0091624
chr4	2	15502	191154276	8.10968e-05
chr4	3	1923	191154276	1.00599e-05
chr4	4	827	191154276	4.32635e-06
chr4	5	513	191154276	2.6837e-06
chr4	6	263	191154276	1.37585e-06
chr4	7	142	191154276	7.42855e-07
chr4	8	107	191154276	5.59757e-07
chr4	9	35	191154276	1.83098e-07
chr4	10	8	191154276	4.1851e-08
chr5	0	178849779	180915260	0.988583
chr5	1	2051657	180915260	0.0113404
chr5	2	13481	180915260	7.45155e-05
chr5	3	276	180915260	1.52558e-06
chr5	4	32	180915260	1.76878e-07
chr5	5	35	180915260	1.93461e-07
chr6	0	169389874	171115067	0.989918
chr6	1	1706988	171115067	0.00997567
chr6	2	14235	171115067	8.31896e-05
chr6	3	665	171115067	3.88627e-06
chr6	4	463	171115067	2.70578e-06
chr6	5	494	171115067	2.88695e-06
chr6	6	386	171115067	2.25579e-06
chr6	7	369	171115067	2.15644e-06
chr6	8	357	171115067	2.08632e-06
chr6	9	295	171115067	1.72399e-06
chr6	10	271	171115067	1.58373e-06
chr6	11	238	171115067	1.39088e-06
chr6	12	193	171115067	1.1279e-06
chr6	13	141	171115067	8.24007e-07
chr6	14	57	171115067	3.33109e-07
chr6	15	23	171115067	1.34412e-07
chr6	16	11	171115067	6.42842e-08
chr6	17	7	171115067	4.09081e-08
chr7	0	156971232	159138663	0.98638
chr7	1	2145659	159138663	0.013483
chr7	2	18007	159138663	0.000113153
chr7	3	576	159138663	3.61949e-06
chr7	4	476	159138663	2.9911e-06
chr7	5	392	159138663	2.46326e-06
chr7	6	347	159138663	2.18049e-06
chr7	7	206	159138663	1.29447e-06
chr7	8	230	159138663	1.44528e-06
chr7	9	166	159138663	1.04312e-06
chr7	10	121	159138663	7.60343e-07
chr7	11	112	159138663	7.03789e-07
chr7	12	59	159138663	3.70746e-07
chr7	13	105	159138663	6.59802e-07
chr7	14	94	159138663	5.9068e-07
chr7	15	94	159138663	5.9068e-07
chr7	16	115	159138663	7.2264e-07
chr7	17	88	159138663	5.52977e-07
chr7	18	95	159138663	5.96964e-07
chr7	19	48	159138663	3.01624e-07
chr7	20	55	159138663	3.45611e-07
chr7	21	57	159138663	3.58178e-07
chr7	22	49	159138663	3.07908e-07
chr7	23	41	159138663	2.57637e-07
chr7	24	58	159138663	3.64462e-07
chr7	25	28	159138663	1.75947e-07
chr7	26	42	159138663	2.63921e-07
chr7	27	35	159138663	2.19934e-07
chr7	28	28	159138663	1.75947e-07
chr7	29	19	159138663	1.19393e-07
chr7	30	12	159138663	7.54059e-08
chr7	31	10	159138663	6.28383e-08
chr7	32	5	159138663	3.14191e-08
chr7	33	2	159138663	1.25677e-08
chr8	0	144272076	146364022	0.985707
chr8	1	2066687	146364022	0.0141202
chr8	2	22123	146364022	0.000151151
chr8	3	1855	146364022	1.26739e-05
chr8	4	667	146364022	4.55713e-06
chr8	5	355	146364022	2.42546e-06
chr8	6	146	146364022	9.97513e-07
chr8	7	55	146364022	3.75775e-07
chr8	8	32	146364022	2.18633e-07
chr8	9	18	146364022	1.22981e-07
chr8	10	8	146364022	5.46582e-08
chr9	0	139695148	141213431	0.989248
chr9	1	1506540	141213431	0.0106685
chr9	2	11099	141213431	7.85973e-05
chr9	3	308	141213431	2.1811e-06
chr9	4	138	141213431	9.77244e-07
chr9	5	51	141213431	3.61155e-07
chr9	6	65	141213431	4.60296e-07
chr9	7	39	141213431	2.76178e-07
chr9	8	6	141213431	4.24889e-08
chr9	9	16	141213431	1.13304e-07
chr9	10	5	141213431	3.54074e-08
chr9	11	16	141213431	1.13304e-07
chr10	0	132764858	135534747	0.979563
chr10	1	2708873	135534747	0.0199866
chr10	2	46901	135534747	0.000346044
chr10	3	3296	135534747	2.43185e-05
chr10	4	1502	135534747	1.1082e-05
chr10	5	1273	135534747	9.39243e-06
chr10	6	903	135534747	6.6625e-06
chr10	7	740	135534747	5.45985e-06
chr10	8	745	135534747	5.49675e-06
chr10	9	568	135534747	4.19081e-06
chr10	10	512	135534747	3.77763e-06
chr10	11	407	135534747	3.00292e-06
chr10	12	396	135534747	2.92176e-06
chr10	13	355	135534747	2.61925e-06
chr10	14	268	135534747	1.97735e-06
chr10	15	265	135534747	1.95522e-06
chr10	16	186	135534747	1.37234e-06
chr10	17	173	135534747	1.27643e-06
chr10	18	211	135534747	1.5568e-06
chr10	19	215	135534747	1.58631e-06
chr10	20	163	135534747	1.20264e-06
chr10	21	183	135534747	1.35021e-06
chr10	22	130	135534747	9.59164e-07
chr10	23	142	135534747	1.0477e-06
chr10	24	127	135534747	9.37029e-07
chr10	25	139	135534747	1.02557e-06
chr10	26	124	135534747	9.14894e-07
chr10	27	107	135534747	7.89465e-07
chr10	28	94	135534747	6.93549e-07
chr10	29	113	135534747	8.33735e-07
chr10	30	111	135534747	8.18978e-07
chr10	31	107	135534747	7.89465e-07
chr10	32	82	135534747	6.05011e-07
chr10	33	95	135534747	7.00927e-07
chr10	34	76	135534747	5.60742e-07
chr10	35	42	135534747	3.09884e-07
chr10	36	44	135534747	3.2464e-07
chr10	37	54	135534747	3.98422e-07
chr10	38	47	135534747	3.46775e-07
chr10	39	30	135534747	2.21345e-07
chr10	40	22	135534747	1.6232e-07
chr10	41	14	135534747	1.03295e-07
chr10	42	15	135534747	1.10673e-07
chr10	43	5	135534747	3.68909e-08
chr10	44	16	135534747	1.18051e-07
chr10	45	7	135534747	5.16473e-08
chr10	46	6	135534747	4.42691e-08
chr10	47	3	135534747	2.21345e-08
chr10	48	2	135534747	1.47564e-08
chr11	0	132697779	135006516	0.982899
chr11	1	2284877	135006516	0.0169242
chr11	2	22248	135006516	0.000164792
chr11	3	614	135006516	4.54793e-06
chr11	4	164	135006516	1.21476e-06
chr11	5	134	135006516	9.92545e-07
chr11	6	204	135006516	1.51104e-06
chr11	7	76	135006516	5.62936e-07
chr11	8	137	135006516	1.01477e-06
chr11	9	97	135006516	7.18484e-07
chr11	10	70	135006516	5.18493e-07
chr11	11	43	135006516	3.18503e-07
chr11	12	44	135006516	3.2591e-07
chr11	13	23	135006516	1.70362e-07
chr11	14	6	135006516	4.44423e-08
chr12	0	131741591	133851895	0.984234
chr12	1	2092096	133851895	0.0156299
chr12	2	18098	133851895	0.000135209
chr12	3	68	133851895	5.08024e-07
chr12	4	6	133851895	4.48257e-08
chr12	5	36	133851895	2.68954e-07
chr13	0	114136788	115169878	0.99103
chr13	1	1027246	115169878	0.0089194
chr13	2	5828	115169878	5.06035e-05
chr13	3	16	115169878	1.38925e-07
chr14	0	105530261	107349540	0.983053
chr14	1	1799601	107349540	0.0167639
chr14	2	19585	107349540	0.000182441
chr14	3	93	107349540	8.66329e-07
chr15	0	101610835	102531392	0.991022
chr15	1	915546	102531392	0.00892942
chr15	2	4979	102531392	4.85607e-05
chr15	3	32	102531392	3.121e-07
chr16	0	89424126	90354753	0.9897
chr16	1	895239	90354753	0.00990805
chr16	2	13076	90354753	0.000144718
chr16	3	6023	90354753	6.66595e-05
chr16	4	4938	90354753	5.46512e-05
chr16	5	3759	90354753	4.16027e-05
chr16	6	2522	90354753	2.79122e-05
chr16	7	1875	90354753	2.07515e-05
chr16	8	1410	90354753	1.56052e-05
chr16	9	857	90354753	9.48484e-06
chr16	10	443	90354753	4.9029e-06
chr16	11	178	90354753	1.97001e-06
chr16	12	114	90354753	1.26169e-06
chr16	13	74	90354753	8.18994e-07
chr16	14	41	90354753	4.53767e-07
chr16	15	30	90354753	3.32025e-07
chr16	16	22	90354753	2.43485e-07
chr16	17	20	90354753	2.2135e-07
chr16	18	5	90354753	5.53374e-08
chr16	19	1	90354753	1.10675e-08
chr17	0	80119467	81195210	0.986751
chr17	1	1064650	81195210	0.0131122
chr17	2	10403	81195210	0.000128123
chr17	3	358	81195210	4.40913e-06
chr17	4	139	81195210	1.71192e-06
chr17	5	36	81195210	4.43376e-07
chr17	6	82	81195210	1.00991e-06
chr17	7	58	81195210	7.14328e-07
chr17	8	17	81195210	2.09372e-07
chr18	0	76999129	78077248	0.986192
chr18	1	1069188	78077248	0.013694
chr18	2	7863	78077248	0.000100708
chr18	3	474	78077248	6.07091e-06
chr18	4	224	78077248	2.86895e-06
chr18	5	141	78077248	1.8059e-06
chr18	6	79	78077248	1.01182e-06
chr18	7	40	78077248	5.12313e-07
chr18	8	15	78077248	1.92117e-07
chr18	9	30	78077248	3.84235e-07
chr18	10	7	78077248	8.96548e-08
chr18	11	7	78077248	8.96548e-08
chr18	12	11	78077248	1.40886e-07
chr18	13	5	78077248	6.40391e-08
chr18	14	1	78077248	1.28078e-08
chr18	15	8	78077248	1.02463e-07
chr18	16	4	78077248	5.12313e-08
chr18	17	19	78077248	2.43349e-07
chr18	18	3	78077248	3.84235e-08
chr19	0	58316171	59128983	0.986254
chr19	1	803196	59128983	0.0135838
chr19	2	7568	59128983	0.000127991
chr19	3	572	59128983	9.67377e-06
chr19	4	364	59128983	6.15603e-06
chr19	5	127	59128983	2.14785e-06
chr19	6	97	59128983	1.64048e-06
chr19	7	92	59128983	1.55592e-06
chr19	8	97	59128983	1.64048e-06
chr19	9	67	59128983	1.13312e-06
chr19	10	106	59128983	1.79269e-06
chr19	11	88	59128983	1.48827e-06
chr19	12	38	59128983	6.42663e-07
chr19	13	64	59128983	1.08238e-06
chr19	14	41	59128983	6.93399e-07
chr19	15	79	59128983	1.33606e-06
chr19	16	24	59128983	4.05892e-07
chr19	17	33	59128983	5.58102e-07
chr19	18	14	59128983	2.36771e-07
chr19	19	10	59128983	1.69122e-07
chr19	20	11	59128983	1.86034e-07
chr19	21	20	59128983	3.38244e-07
chr19	22	19	59128983	3.21331e-07
chr19	23	16	59128983	2.70595e-07
chr19	24	17	59128983	2.87507e-07
chr19	25	12	59128983	2.02946e-07
chr19	26	10	59128983	1.69122e-07
chr19	27	7	59128983	1.18385e-07
chr19	28	8	59128983	1.35297e-07
chr19	29	13	59128983	2.19858e-07
chr19	30	2	59128983	3.38244e-08
chr20	0	62175018	63025520	0.986505
chr20	1	843548	63025520	0.0133842
chr20	2	6646	63025520	0.000105449
chr20	3	249	63025520	3.95078e-06
chr20	4	13	63025520	2.06266e-07
chr20	5	4	63025520	6.34664e-08
chr20	6	3	63025520	4.75998e-08
chr20	7	39	63025520	6.18797e-07
chr21	0	47704905	48129895	0.99117
chr21	1	420549	48129895	0.00873779
chr21	2	3888	48129895	8.07814e-05
chr21	3	306	48129895	6.35779e-06
chr21	4	71	48129895	1.47517e-06
chr21	5	23	48129895	4.77873e-07
chr21	6	13	48129895	2.70102e-07
chr21	7	43	48129895	8.93416e-07
chr21	8	8	48129895	1.66217e-07
chr21	9	11	48129895	2.28548e-07
chr21	10	12	48129895	2.49325e-07
chr21	11	26	48129895	5.40205e-07
chr21	12	24	48129895	4.98651e-07
chr21	13	2	48129895	4.15542e-08
chr21	14	14	48129895	2.90879e-07
chr22	0	50954306	51304566	0.993173
chr22	1	348075	51304566	0.00678448
chr22	2	2016	51304566	3.92947e-05
chr22	3	22	51304566	4.28812e-07
chr22	4	12	51304566	2.33897e-07
chr22	5	43	51304566	8.38132e-07
chr22	6	38	51304566	7.40675e-07
chr22	7	8	51304566	1.55932e-07
chr22	8	1	51304566	1.94914e-08
chr22	9	2	51304566	3.89829e-08
chr22	10	3	51304566	5.84743e-08
chr22	11	2	51304566	3.89829e-08
chr22	12	7	51304566	1.3644e-07
chr22	13	16	51304566	3.11863e-07
chr22	14	15	51304566	2.92372e-07
chrX	0	153614312	155270560	0.989333
chrX	1	1624699	155270560	0.0104637
chrX	2	21908	155270560	0.000141096
chrX	3	5720	155270560	3.68389e-05
chrX	4	2366	155270560	1.52379e-05
chrX	5	754	155270560	4.85604e-06
chrX	6	442	155270560	2.84664e-06
chrX	7	182	155270560	1.17215e-06
chrX	8	89	155270560	5.73193e-07
chrX	9	21	155270560	1.35248e-07
chrX	10	13	155270560	8.37248e-08
chrX	11	4	155270560	2.57615e-08
chrX	12	4	155270560	2.57615e-08
chrX	13	3	155270560	1.93211e-08
chrX	14	3	155270560	1.93211e-08
chrX	15	2	155270560	1.28807e-08
chrX	16	4	155270560	2.57615e-08
chrX	17	3	155270560	1.93211e-08
chrX	18	6	155270560	3.86422e-08
chrX	19	8	155270560	5.1523e-08
chrX	20	3	155270560	1.93211e-08
chrX	21	12	155270560	7.72845e-08
chrX	22	2	155270560	1.28807e-08
chrY	0	59310376	59373566	0.998936
chrY	1	59313	59373566	0.00099898
chrY	2	2419	59373566	4.0742e-05
chrY	3	864	59373566	1.45519e-05
chrY	4	303	59373566	5.10328e-06
chrY	5	90	59373566	1.51583e-06
chrY	6	63	59373566	1.06108e-06
chrY	7	28	59373566	4.7159e-07
chrY	8	10	59373566	1.68425e-07
chrY	9	11	59373566	1.85268e-07
chrY	10	12	59373566	2.0211e-07
chrY	11	10	59373566	1.68425e-07
chrY	12	5	59373566	8.42126e-08
chrY	13	12	59373566	2.0211e-07
chrY	14	21	59373566	3.53693e-07
chrY	15	17	59373566	2.86323e-07
chrY	16	7	59373566	1.17898e-07
chrY	17	5	59373566	8.42126e-08
chr1_gl000191_random	0	106083	106433	0.996712
chr1_gl000191_random	1	350	106433	0.00328845
chr1_gl000192_random	0	535063	547496	0.977291
chr1_gl000192_random	1	12366	547496	0.0225865
chr1_gl000192_random	2	67	547496	0.000122375
chr4_ctg9_hap1	0	588676	590426	0.997036
chr4_ctg9_hap1	1	1750	590426	0.00296396
chr4_gl000193_random	0	186551	189789	0.982939
chr4_gl000193_random	1	3126	189789	0.0164709
chr4_gl000193_random	2	112	189789	0.000590129
chr4_gl000194_random	0	185824	191469	0.970517
chr4_gl000194_random	1	5540	191469	0.0289342
chr4_gl000194_random	2	105	191469	0.000548392
chr6_apd_hap1	0	4618740	4622290	0.999232
chr6_apd_hap1	1	3550	4622290	0.000768018
chr6_cox_hap2	0	4785163	4795371	0.997871
chr6_cox_hap2	1	10166	4795371	0.00211996
chr6_cox_hap2	2	42	4795371	8.75845e-06
chr6_dbb_hap3	0	4603146	4610396	0.998427
chr6_dbb_hap3	1	7250	4610396	0.00157253
chr6_mann_hap4	0	4675128	4683263	0.998263
chr6_mann_hap4	1	8120	4683263	0.00173383
chr6_mann_hap4	2	15	4683263	3.2029e-06
chr6_mcf_hap5	0	4825848	4833398	0.998438
chr6_mcf_hap5	1	7550	4833398	0.00156205
chr6_qbl_hap6	0	4604684	4611984	0.998417
chr6_qbl_hap6	1	7300	4611984	0.00158283
chr6_ssto_hap7	0	4921517	4928567	0.99857
chr6_ssto_hap7	1	7050	4928567	0.00143044
chr7_gl000195_random	0	179219	182896	0.979896
chr7_gl000195_random	1	3654	182896	0.0199786
chr7_gl000195_random	2	23	182896	0.000125755
chr8_gl000196_random	0	38389	38914	0.986509
chr8_gl000196_random	1	500	38914	0.0128488
chr8_gl000196_random	2	25	38914	0.000642442
chr8_gl000197_random	0	36925	37175	0.993275
chr8_gl000197_random	1	250	37175	0.00672495
chr9_gl000198_random	0	87317	90085	0.969273
chr9_gl000198_random	1	2686	90085	0.0298163
chr9_gl000198_random	2	82	90085	0.000910251
chr9_gl000199_random	0	144116	169874	0.84837
chr9_gl000199_random	1	20196	169874	0.118888
chr9_gl000199_random	2	4240	169874	0.0249597
chr9_gl000199_random	3	626	169874	0.00368508
chr9_gl000199_random	4	261	169874	0.00153643
chr9_gl000199_random	5	257	169874	0.00151289
chr9_gl000199_random	6	63	169874	0.000370863
chr9_gl000199_random	7	20	169874	0.000117734
chr9_gl000199_random	8	28	169874	0.000164828
chr9_gl000199_random	9	24	169874	0.000141281
chr9_gl000199_random	10	12	169874	7.06406e-05
chr9_gl000199_random	11	10	169874	5.88672e-05
chr9_gl000199_random	12	1	169874	5.88672e-06
chr9_gl000199_random	13	13	169874	7.65273e-05
chr9_gl000199_random	14	7	169874	4.1207e-05
chr9_gl000200_random	0	185785	187035	0.993317
chr9_gl000200_random	1	1250	187035	0.00668324
chr9_gl000201_random	0	35998	36148	0.99585
chr9_gl000201_random	1	150	36148	0.00414961
chr11_gl000202_random	0	39753	40103	0.991272
chr11_gl000202_random	1	350	40103	0.00872753
chr17_ctg5_hap1	0	1673238	1680828	0.995484
chr17_ctg5_hap1	1	7580	1680828	0.00450968
chr17_ctg5_hap1	2	10	1680828	5.94945e-06
chr17_gl000203_random	0	36706	37498	0.978879
chr17_gl000203_random	1	784	37498	0.0209078
chr17_gl000203_random	2	8	37498	0.000213345
chr17_gl000204_random	0	79535	81310	0.97817
chr17_gl000204_random	1	1750	81310	0.0215226
chr17_gl000204_random	2	25	81310	0.000307465
chr17_gl000205_random	0	169986	174588	0.973641
chr17_gl000205_random	1	4504	174588	0.0257979
chr17_gl000205_random	2	98	174588	0.000561322
chr17_gl000206_random	0	40601	41001	0.990244
chr17_gl000206_random	1	400	41001	0.00975586
chr19_gl000208_random	0	87152	92689	0.940263
chr19_gl000208_random	1	4283	92689	0.0462083
chr19_gl000208_random	2	789	92689	0.00851234
chr19_gl000208_random	3	310	92689	0.00334452
chr19_gl000208_random	4	116	92689	0.0012515
chr19_gl000208_random	5	39	92689	0.000420762
chr19_gl000209_random	0	157919	159169	0.992147
chr19_gl000209_random	1	1250	159169	0.00785329
chr21_gl000210_random	0	27532	27682	0.994581
chr21_gl000210_random	1	150	27682	0.00541868
chrUn_gl000211	0	163813	166566	0.983472
chrUn_gl000211	1	2656	166566	0.0159456
chrUn_gl000211	2	97	166566	0.000582352
chrUn_gl000212	0	184658	186858	0.988226
chrUn_gl000212	1	2200	186858	0.0117736
chrUn_gl000213	0	163239	164239	0.993911
chrUn_gl000213	1	1000	164239	0.00608869
chrUn_gl000214	0	130132	137718	0.944916
chrUn_gl000214	1	6969	137718	0.0506034
chrUn_gl000214	2	589	137718	0.00427686
chrUn_gl000214	3	9	137718	6.53509e-05
chrUn_gl000214	4	19	137718	0.000137963
chrUn_gl000215	0	171295	172545	0.992756
chrUn_gl000215	1	1250	172545	0.00724449
chrUn_gl000216	0	162987	172294	0.945982
chrUn_gl000216	1	7158	172294	0.0415453
chrUn_gl000216	2	1212	172294	0.00703449
chrUn_gl000216	3	447	172294	0.0025944
chrUn_gl000216	4	179	172294	0.00103892
chrUn_gl000216	5	183	172294	0.00106214
chrUn_gl000216	6	38	172294	0.000220553
chrUn_gl000216	7	8	172294	4.64323e-05
chrUn_gl000216	8	6	172294	3.48242e-05
chrUn_gl000216	9	46	172294	0.000266986
chrUn_gl000216	10	30	172294	0.000174121
chrUn_gl000217	0	167377	172149	0.97228
chrUn_gl000217	1	4644	172149	0.0269766
chrUn_gl000217	2	128	172149	0.000743542
chrUn_gl000218	0	157632	161147	0.978188
chrUn_gl000218	1	3480	161147	0.0215952
chrUn_gl000218	2	35	161147	0.000217193
chrUn_gl000219	0	176461	179198	0.984726
chrUn_gl000219	1	2674	179198	0.014922
chrUn_gl000219	2	63	179198	0.000351566
chrUn_gl000220	0	113228	161802	0.699794
chrUn_gl000220	1	17226	161802	0.106463
chrUn_gl000220	2	10073	161802	0.0622551
chrUn_gl000220	3	7719	161802	0.0477065
chrUn_gl000220	4	5680	161802	0.0351046
chrUn_gl000220	5	3473	161802	0.0214645
chrUn_gl000220	6	2125	161802	0.0131333
chrUn_gl000220	7	1299	161802	0.00802833
chrUn_gl000220	8	545	161802	0.00336831
chrUn_gl000220	9	227	161802	0.00140295
chrUn_gl000220	10	140	161802	0.000865255
chrUn_gl000220	11	38	161802	0.000234855
chrUn_gl000220	12	15	161802	9.27059e-05
chrUn_gl000220	13	5	161802	3.0902e-05
chrUn_gl000220	14	8	161802	4.94431e-05
chrUn_gl000220	15	1	161802	6.18039e-06
chrUn_gl000221	0	151320	155397	0.973764
chrUn_gl000221	1	4054	155397	0.026088
chrUn_gl000221	2	23	155397	0.000148008
chrUn_gl000222	0	185553	186861	0.993
chrUn_gl000222	1	1266	186861	0.00677509
chrUn_gl000222	2	42	186861	0.000224766
chrUn_gl000223	0	178934	180455	0.991571
chrUn_gl000223	1	1492	180455	0.00826799
chrUn_gl000223	2	29	180455	0.000160705
chrUn_gl000224	0	173180	179693	0.963755
chrUn_gl000224	1	5421	179693	0.0301681
chrUn_gl000224	2	1006	179693	0.00559844
chrUn_gl000224	3	77	179693	0.000428509
chrUn_gl000224	4	9	179693	5.00854e-05
chrUn_gl000225	0	195200	211173	0.924361
chrUn_gl000225	1	14048	211173	0.0665237
chrUn_gl000225	2	1612	211173	0.00763355
chrUn_gl000225	3	215	211173	0.00101812
chrUn_gl000225	4	22	211173	0.00010418
chrUn_gl000225	5	41	211173	0.000194154
chrUn_gl000225	6	5	211173	2.36773e-05
chrUn_gl000225	7	30	211173	0.000142064
chrUn_gl000226	0	1012	15008	0.0674307
chrUn_gl000226	1	1580	15008	0.105277
chrUn_gl000226	2	2038	15008	0.135794
chrUn_gl000226	3	1931	15008	0.128665
chrUn_gl000226	4	2320	15008	0.154584
chrUn_gl000226	5	1928	15008	0.128465
chrUn_gl000226	6	1481	15008	0.0986807
chrUn_gl000226	7	1099	15008	0.0732276
chrUn_gl000226	8	626	15008	0.0417111
chrUn_gl000226	9	414	15008	0.0275853
chrUn_gl000226	10	333	15008	0.0221882
chrUn_gl000226	11	159	15008	0.0105943
chrUn_gl000226	12	58	15008	0.00386461
chrUn_gl000226	13	19	15008	0.00126599
chrUn_gl000226	14	4	15008	0.000266525
chrUn_gl000226	15	6	15008	0.000399787
chrUn_gl000227	0	127449	128374	0.992795
chrUn_gl000227	1	900	128374	0.00701077
chrUn_gl000227	2	25	128374	0.000194743
chrUn_gl000228	0	127176	129120	0.984944
chrUn_gl000228	1	1708	129120	0.013228
chrUn_gl000228	2	216	129120	0.00167286
chrUn_gl000228	3	20	129120	0.000154895
chrUn_gl000229	0	19263	19913	0.967358
chrUn_gl000229	1	650	19913	0.032642
chrUn_gl000230	0	43591	43691	0.997711
chrUn_gl000230	1	100	43691	0.0022888
chrUn_gl000231	0	26636	27386	0.972614
chrUn_gl000231	1	750	27386	0.0273863
chrUn_gl000232	0	38855	40652	0.955796
chrUn_gl000232	1	1694	40652	0.0416708
chrUn_gl000232	2	103	40652	0.0025337
chrUn_gl000233	0	45741	45941	0.995647
chrUn_gl000233	1	200	45941	0.00435341
chrUn_gl000234	0	38829	40531	0.958007
chrUn_gl000234	1	1654	40531	0.0408083
chrUn_gl000234	2	48	40531	0.00118428
chrUn_gl000235	0	33421	34474	0.969455
chrUn_gl000235	1	1006	34474	0.0291814
chrUn_gl000235	2	47	34474	0.00136335
chrUn_gl000236	0	41684	41934	0.994038
chrUn_gl000236	1	250	41934	0.00596175
chrUn_gl000237	0	44717	45867	0.974927
chrUn_gl000237	1	1150	45867	0.0250725
chrUn_gl000238	0	39689	39939	0.99374
chrUn_gl000238	1	250	39939	0.00625955
chrUn_gl000239	0	32874	33824	0.971913
chrUn_gl000239	1	950	33824	0.0280866
chrUn_gl000240	0	41233	41933	0.983307
chrUn_gl000240	1	700	41933	0.0166933
chrUn_gl000241	0	40152	42152	0.952553
chrUn_gl000241	1	2000	42152	0.0474473
chrUn_gl000242	0	43223	43523	0.993107
chrUn_gl000242	1	300	43523	0.00689291
chrUn_gl000243	0	42327	43341	0.976604
chrUn_gl000243	1	978	43341	0.0225652
chrUn_gl000243	2	36	43341	0.000830622
chrUn_gl000244	0	39379	39929	0.986226
chrUn_gl000244	1	550	39929	0.0137744
chrUn_gl000245	0	36001	36651	0.982265
chrUn_gl000245	1	650	36651	0.0177348
chrUn_gl000246	0	37781	38154	0.990224
chrUn_gl000246	1	346	38154	0.00906851
chrUn_gl000246	2	27	38154	0.000707658
chrUn_gl000247	0	35972	36422	0.987645
chrUn_gl000247	1	450	36422	0.0123552
chrUn_gl000248	0	39436	39786	0.991203
chrUn_gl000248	1	350	39786	0.00879706
chrUn_gl000249	0	38302	38502	0.994805
chrUn_gl000249	1	200	38502	0.00519454
chr18_gl000207_random	0	4262	4262	1
genome	0	3098102089	3137161264	0.987549
genome	1	38553094	3137161264	0.0122892
genome	2	390579	3137161264	0.000124501
genome	3	40385	3137161264	1.28731e-05
genome	4	23428	3137161264	7.4679e-06
genome	5	15298	3137161264	4.87638e-06
genome	6	10071	3137161264	3.21023e-06
genome	7	6796	3137161264	2.16629e-06
genome	8	4721	3137161264	1.50486e-06
genome	9	3042	3137161264	9.69666e-07
genome	10	2222	3137161264	7.08284e-07
genome	11	1418	3137161264	4.52001e-07
genome	12	1043	3137161264	3.32466e-07
genome	13	894	3137161264	2.84971e-07
genome	14	672	3137161264	2.14206e-07
genome	15	590	3137161264	1.88068e-07
genome	16	452	3137161264	1.44079e-07
genome	17	405	3137161264	1.29098e-07
genome	18	392	3137161264	1.24954e-07
genome	19	314	3137161264	1.0009e-07
genome	20	278	3137161264	8.86151e-08
genome	21	310	3137161264	9.88154e-08
genome	22	247	3137161264	7.87336e-08
genome	23	262	3137161264	8.3515e-08
genome	24	261	3137161264	8.31962e-08
genome	25	215	3137161264	6.85333e-08
genome	26	197	3137161264	6.27956e-08
genome	27	162	3137161264	5.1639e-08
genome	28	144	3137161264	4.59014e-08
genome	29	158	3137161264	5.0364e-08
genome	30	136	3137161264	4.33513e-08
genome	31	130	3137161264	4.14387e-08
genome	32	107	3137161264	3.41073e-08
genome	33	113	3137161264	3.60198e-08
genome	34	89	3137161264	2.83696e-08
genome	35	60	3137161264	1.91256e-08
genome	36	59	3137161264	1.88068e-08
genome	37	76	3137161264	2.42257e-08
genome	38	66	3137161264	2.10381e-08
genome	39	35	3137161264	1.11566e-08
genome	40	35	3137161264	1.11566e-08
genome	41	20	3137161264	6.37519e-09
genome	42	24	3137161264	7.65023e-09
genome	43	6	3137161264	1.91256e-09
genome	44	25	3137161264	7.96899e-09
genome	45	25	3137161264	7.96899e-09
genome	46	32	3137161264	1.02003e-08
genome	47	27	3137161264	8.60651e-09
genome	48	24	3137161264	7.65023e-09
genome	49	8	3137161264	2.55008e-09
genome	50	14	3137161264	4.46263e-09
genome	51	8	3137161264	2.55008e-09
genome	52	5	3137161264	1.5938e-09
genome	53	1	3137161264	3.1876e-10
