chrM	0	15387	16571	0.92855
chrM	1	985	16571	0.0594412
chrM	2	182	16571	0.010983
chrM	3	17	16571	0.00102589
chr1	0	245270886	249250621	0.984033
chr1	1	3933425	249250621	0.015781
chr1	2	43900	249250621	0.000176128
chr1	3	848	249250621	3.4022e-06
chr1	4	274	249250621	1.0993e-06
chr1	5	73	249250621	2.92878e-07
chr1	6	64	249250621	2.5677e-07
chr1	7	65	249250621	2.60782e-07
chr1	8	32	249250621	1.28385e-07
chr1	9	25	249250621	1.00301e-07
chr1	10	25	249250621	1.00301e-07
chr1	11	38	249250621	1.52457e-07
chr1	12	40	249250621	1.60481e-07
chr1	13	51	249250621	2.04613e-07
chr1	14	37	249250621	1.48445e-07
chr1	15	39	249250621	1.56469e-07
chr1	16	48	249250621	1.92577e-07
chr1	17	79	249250621	3.1695e-07
chr1	18	31	249250621	1.24373e-07
chr1	19	35	249250621	1.40421e-07
chr1	20	33	249250621	1.32397e-07
chr1	21	33	249250621	1.32397e-07
chr1	22	22	249250621	8.82646e-08
chr1	23	22	249250621	8.82646e-08
chr1	24	47	249250621	1.88565e-07
chr1	25	46	249250621	1.84553e-07
chr1	26	27	249250621	1.08325e-07
chr1	27	14	249250621	5.61684e-08
chr1	28	18	249250621	7.22165e-08
chr1	29	39	249250621	1.56469e-07
chr1	30	17	249250621	6.82044e-08
chr1	31	18	249250621	7.22165e-08
chr1	32	7	249250621	2.80842e-08
chr1	33	7	249250621	2.80842e-08
chr1	34	10	249250621	4.01203e-08
chr1	35	5	249250621	2.00601e-08
chr1	36	10	249250621	4.01203e-08
chr1	37	10	249250621	4.01203e-08
chr1	38	7	249250621	2.80842e-08
chr1	39	19	249250621	7.62285e-08
chr1	40	17	249250621	6.82044e-08
chr1	41	17	249250621	6.82044e-08
chr1	42	16	249250621	6.41924e-08
chr1	43	16	249250621	6.41924e-08
chr1	44	10	249250621	4.01203e-08
chr1	45	10	249250621	4.01203e-08
chr1	46	11	249250621	4.41323e-08
chr1	47	16	249250621	6.41924e-08
chr1	48	7	249250621	2.80842e-08
chr1	49	17	249250621	6.82044e-08
chr1	50	29	249250621	1.16349e-07
chr1	51	22	249250621	8.82646e-08
chr1	52	6	249250621	2.40722e-08
chr1	53	1	249250621	4.01203e-09
chr2	0	239377331	243199373	0.984284
chr2	1	3777253	243199373	0.0155315
chr2	2	37470	243199373	0.000154071
chr2	3	3016	243199373	1.24013e-05
chr2	4	1695	243199373	6.96959e-06
chr2	5	917	243199373	3.77057e-06
chr2	6	736	243199373	3.02632e-06
chr2	7	359	243199373	1.47616e-06
chr2	8	159	243199373	6.53785e-07
chr2	9	85	243199373	3.49507e-07
chr2	10	82	243199373	3.37172e-07
chr2	11	106	243199373	4.35856e-07
chr2	12	65	243199373	2.6727e-07
chr2	13	55	243199373	2.26152e-07
chr2	14	13	243199373	5.34541e-08
chr2	15	31	243199373	1.27467e-07
chr3	0	195435985	198022430	0.986939
chr3	1	2567540	198022430	0.0129659
chr3	2	18644	198022430	9.41509e-05
chr3	3	144	198022430	7.2719e-07
chr3	4	2	198022430	1.00999e-08
chr3	5	2	198022430	1.00999e-08
chr3	6	2	198022430	1.00999e-08
chr3	7	1	198022430	5.04993e-09
chr3	8	4	198022430	2.01997e-08
chr3	9	3	198022430	1.51498e-08
chr3	10	3	198022430	1.51498e-08
chr3	11	2	198022430	1.00999e-08
chr3	12	1	198022430	5.04993e-09
chr3	13	3	198022430	1.51498e-08
chr3	14	2	198022430	1.00999e-08
chr3	15	3	198022430	1.51498e-08
chr3	16	2	198022430	1.00999e-08
chr3	17	2	198022430	1.00999e-08
chr3	19	5	198022430	2.52497e-08
chr3	20	6	198022430	3.02996e-08
chr3	21	3	198022430	1.51498e-08
chr3	22	3	198022430	1.51498e-08
chr3	23	3	198022430	1.51498e-08
chr3	24	3	198022430	1.51498e-08
chr3	26	2	198022430	1.00999e-08
chr3	27	7	198022430	3.53495e-08
chr3	28	2	198022430	1.00999e-08
chr3	29	2	198022430	1.00999e-08
chr3	30	4	198022430	2.01997e-08
chr3	31	6	198022430	3.02996e-08
chr3	32	1	198022430	5.04993e-09
chr3	33	2	198022430	1.00999e-08
chr3	34	2	198022430	1.00999e-08
chr3	35	6	198022430	3.02996e-08
chr3	36	10	198022430	5.04993e-08
chr3	37	14	198022430	7.06991e-08
chr3	38	4	198022430	2.01997e-08
chr4	0	189299904	191154276	0.990299
chr4	1	1834744	191154276	0.00959824
chr4	2	15875	191154276	8.30481e-05
chr4	3	1936	191154276	1.01279e-05
chr4	4	793	191154276	4.14848e-06
chr4	5	499	191154276	2.61046e-06
chr4	6	249	191154276	1.30261e-06
chr4	7	125	191154276	6.53922e-07
chr4	8	52	191154276	2.72032e-07
chr4	9	57	191154276	2.98188e-07
chr4	10	29	191154276	1.5171e-07
chr4	11	13	191154276	6.80079e-08
chr5	0	178862260	180915260	0.988652
chr5	1	2039954	180915260	0.0112757
chr5	2	12704	180915260	7.02207e-05
chr5	3	204	180915260	1.1276e-06
chr5	4	14	180915260	7.73843e-08
chr5	5	124	180915260	6.85404e-07
chr6	0	169268784	171115067	0.98921
chr6	1	1828461	171115067	0.0106856
chr6	2	14023	171115067	8.19507e-05
chr6	3	589	171115067	3.44213e-06
chr6	4	414	171115067	2.41942e-06
chr6	5	478	171115067	2.79344e-06
chr6	6	373	171115067	2.17982e-06
chr6	7	404	171115067	2.36098e-06
chr6	8	448	171115067	2.61812e-06
chr6	9	354	171115067	2.06878e-06
chr6	10	244	171115067	1.42594e-06
chr6	11	158	171115067	9.23355e-07
chr6	12	140	171115067	8.18163e-07
chr6	13	81	171115067	4.73366e-07
chr6	14	68	171115067	3.97393e-07
chr6	15	37	171115067	2.16229e-07
chr6	16	11	171115067	6.42842e-08
chr7	0	157312880	159138663	0.988527
chr7	1	1810866	159138663	0.0113792
chr7	2	11319	159138663	7.11267e-05
chr7	3	617	159138663	3.87712e-06
chr7	4	451	159138663	2.83401e-06
chr7	5	382	159138663	2.40042e-06
chr7	6	396	159138663	2.4884e-06
chr7	7	244	159138663	1.53325e-06
chr7	8	189	159138663	1.18764e-06
chr7	9	144	159138663	9.04871e-07
chr7	10	141	159138663	8.8602e-07
chr7	11	153	159138663	9.61426e-07
chr7	12	114	159138663	7.16356e-07
chr7	13	103	159138663	6.47234e-07
chr7	14	108	159138663	6.78653e-07
chr7	15	107	159138663	6.7237e-07
chr7	16	60	159138663	3.7703e-07
chr7	17	58	159138663	3.64462e-07
chr7	18	69	159138663	4.33584e-07
chr7	19	42	159138663	2.63921e-07
chr7	20	31	159138663	1.94799e-07
chr7	21	30	159138663	1.88515e-07
chr7	22	39	159138663	2.45069e-07
chr7	23	14	159138663	8.79736e-08
chr7	24	22	159138663	1.38244e-07
chr7	25	28	159138663	1.75947e-07
chr7	26	37	159138663	2.32502e-07
chr7	27	16	159138663	1.00541e-07
chr7	28	3	159138663	1.88515e-08
chr8	0	144463053	146364022	0.987012
chr8	1	1879361	146364022	0.0128403
chr8	2	19620	146364022	0.000134049
chr8	3	1264	146364022	8.636e-06
chr8	4	540	146364022	3.68943e-06
chr8	5	118	146364022	8.06209e-07
chr8	6	55	146364022	3.75775e-07
chr8	7	11	146364022	7.51551e-08
chr9	0	139713626	141213431	0.989379
chr9	1	1487802	141213431	0.0105358
chr9	2	11458	141213431	8.11396e-05
chr9	3	277	141213431	1.96157e-06
chr9	4	114	141213431	8.07289e-07
chr9	5	51	141213431	3.61155e-07
chr9	6	57	141213431	4.03644e-07
chr9	7	20	141213431	1.4163e-07
chr9	8	26	141213431	1.84118e-07
chr10	0	132782390	135534747	0.979693
chr10	1	2691551	135534747	0.0198588
chr10	2	46903	135534747	0.000346059
chr10	3	3056	135534747	2.25477e-05
chr10	4	1531	135534747	1.1296e-05
chr10	5	1064	135534747	7.85039e-06
chr10	6	862	135534747	6.35999e-06
chr10	7	827	135534747	6.10176e-06
chr10	8	683	135534747	5.0393e-06
chr10	9	522	135534747	3.85141e-06
chr10	10	565	135534747	4.16867e-06
chr10	11	529	135534747	3.90306e-06
chr10	12	363	135534747	2.67828e-06
chr10	13	304	135534747	2.24297e-06
chr10	14	323	135534747	2.38315e-06
chr10	15	246	135534747	1.81503e-06
chr10	16	262	135534747	1.93308e-06
chr10	17	237	135534747	1.74863e-06
chr10	18	201	135534747	1.48301e-06
chr10	19	190	135534747	1.40185e-06
chr10	20	211	135534747	1.5568e-06
chr10	21	167	135534747	1.23216e-06
chr10	22	155	135534747	1.14362e-06
chr10	23	136	135534747	1.00343e-06
chr10	24	100	135534747	7.37818e-07
chr10	25	96	135534747	7.08305e-07
chr10	26	125	135534747	9.22273e-07
chr10	27	100	135534747	7.37818e-07
chr10	28	79	135534747	5.82876e-07
chr10	29	91	135534747	6.71415e-07
chr10	30	123	135534747	9.07516e-07
chr10	31	103	135534747	7.59953e-07
chr10	32	90	135534747	6.64036e-07
chr10	33	68	135534747	5.01716e-07
chr10	34	52	135534747	3.83665e-07
chr10	35	61	135534747	4.50069e-07
chr10	36	40	135534747	2.95127e-07
chr10	37	26	135534747	1.91833e-07
chr10	38	31	135534747	2.28724e-07
chr10	39	41	135534747	3.02505e-07
chr10	40	45	135534747	3.32018e-07
chr10	41	44	135534747	3.2464e-07
chr10	42	23	135534747	1.69698e-07
chr10	43	22	135534747	1.6232e-07
chr10	44	25	135534747	1.84455e-07
chr10	45	13	135534747	9.59164e-08
chr10	46	24	135534747	1.77076e-07
chr10	47	16	135534747	1.18051e-07
chr10	48	7	135534747	5.16473e-08
chr10	49	10	135534747	7.37818e-08
chr10	50	5	135534747	3.68909e-08
chr10	51	1	135534747	7.37818e-09
chr10	52	2	135534747	1.47564e-08
chr10	53	1	135534747	7.37818e-09
chr10	54	1	135534747	7.37818e-09
chr10	55	4	135534747	2.95127e-08
chr11	0	133118473	135006516	0.986015
chr11	1	1869396	135006516	0.0138467
chr11	2	17434	135006516	0.000129135
chr11	3	471	135006516	3.48872e-06
chr11	4	181	135006516	1.34068e-06
chr11	5	133	135006516	9.85138e-07
chr11	6	84	135006516	6.22192e-07
chr11	7	109	135006516	8.07368e-07
chr11	8	97	135006516	7.18484e-07
chr11	9	75	135006516	5.55529e-07
chr11	10	20	135006516	1.48141e-07
chr11	11	15	135006516	1.11106e-07
chr11	12	13	135006516	9.62917e-08
chr11	13	15	135006516	1.11106e-07
chr12	0	131830658	133851895	0.984899
chr12	1	2005108	133851895	0.01498
chr12	2	15915	133851895	0.0001189
chr12	3	165	133851895	1.23271e-06
chr12	4	28	133851895	2.09186e-07
chr12	5	21	133851895	1.5689e-07
chr13	0	114128914	115169878	0.990961
chr13	1	1034887	115169878	0.00898574
chr13	2	6068	115169878	5.26874e-05
chr13	3	9	115169878	7.81454e-08
chr14	0	106363244	107349540	0.990812
chr14	1	979928	107349540	0.00912839
chr14	2	6332	107349540	5.89849e-05
chr14	3	36	107349540	3.35353e-07
chr15	0	101650827	102531392	0.991412
chr15	1	875145	102531392	0.00853539
chr15	2	5405	102531392	5.27156e-05
chr15	3	15	102531392	1.46297e-07
chr16	0	89472720	90354753	0.990238
chr16	1	849061	90354753	0.00939697
chr16	2	12228	90354753	0.000135333
chr16	3	5971	90354753	6.6084e-05
chr16	4	4465	90354753	4.94163e-05
chr16	5	3349	90354753	3.7065e-05
chr16	6	2795	90354753	3.09336e-05
chr16	7	1809	90354753	2.00211e-05
chr16	8	1035	90354753	1.14548e-05
chr16	9	568	90354753	6.28633e-06
chr16	10	330	90354753	3.65227e-06
chr16	11	203	90354753	2.2467e-06
chr16	12	117	90354753	1.2949e-06
chr16	13	79	90354753	8.74331e-07
chr16	14	19	90354753	2.10282e-07
chr16	15	4	90354753	4.42699e-08
chr17	0	80085456	81195210	0.986332
chr17	1	1097313	81195210	0.0135145
chr17	2	11660	81195210	0.000143605
chr17	3	374	81195210	4.60618e-06
chr17	4	189	81195210	2.32772e-06
chr17	5	129	81195210	1.58876e-06
chr17	6	38	81195210	4.68008e-07
chr17	7	3	81195210	3.6948e-08
chr17	8	6	81195210	7.3896e-08
chr17	9	25	81195210	3.079e-07
chr17	10	15	81195210	1.8474e-07
chr17	11	2	81195210	2.4632e-08
chr18	0	77006550	78077248	0.986287
chr18	1	1059974	78077248	0.013576
chr18	2	9778	78077248	0.000125235
chr18	3	454	78077248	5.81475e-06
chr18	4	195	78077248	2.49753e-06
chr18	5	77	78077248	9.86203e-07
chr18	6	158	78077248	2.02364e-06
chr18	7	21	78077248	2.68964e-07
chr18	8	21	78077248	2.68964e-07
chr18	9	20	78077248	2.56157e-07
chr19	0	58325426	59128983	0.98641
chr19	1	794189	59128983	0.0134315
chr19	2	7097	59128983	0.000120026
chr19	3	543	59128983	9.18331e-06
chr19	4	521	59128983	8.81125e-06
chr19	5	244	59128983	4.12657e-06
chr19	6	181	59128983	3.0611e-06
chr19	7	143	59128983	2.41844e-06
chr19	8	53	59128983	8.96346e-07
chr19	9	42	59128983	7.10312e-07
chr19	10	70	59128983	1.18385e-06
chr19	11	70	59128983	1.18385e-06
chr19	12	71	59128983	1.20076e-06
chr19	13	62	59128983	1.04856e-06
chr19	14	41	59128983	6.93399e-07
chr19	15	30	59128983	5.07365e-07
chr19	16	21	59128983	3.55156e-07
chr19	17	29	59128983	4.90453e-07
chr19	18	37	59128983	6.25751e-07
chr19	19	12	59128983	2.02946e-07
chr19	20	22	59128983	3.72068e-07
chr19	21	11	59128983	1.86034e-07
chr19	22	21	59128983	3.55156e-07
chr19	23	9	59128983	1.5221e-07
chr19	24	20	59128983	3.38244e-07
chr19	25	18	59128983	3.04419e-07
chr20	0	62155622	63025520	0.986198
chr20	1	862336	63025520	0.0136823
chr20	2	7330	63025520	0.000116302
chr20	3	174	63025520	2.76079e-06
chr20	4	58	63025520	9.20262e-07
chr21	0	47729522	48129895	0.991681
chr21	1	396089	48129895	0.00822958
chr21	2	3893	48129895	8.08853e-05
chr21	3	177	48129895	3.67755e-06
chr21	4	67	48129895	1.39207e-06
chr21	5	44	48129895	9.14193e-07
chr21	6	8	48129895	1.66217e-07
chr21	7	10	48129895	2.07771e-07
chr21	8	11	48129895	2.28548e-07
chr21	9	10	48129895	2.07771e-07
chr21	10	44	48129895	9.14193e-07
chr21	11	20	48129895	4.15542e-07
chr22	0	50955897	51304566	0.993204
chr22	1	346757	51304566	0.00675879
chr22	2	1855	51304566	3.61566e-05
chr22	3	2	51304566	3.89829e-08
chr22	4	1	51304566	1.94914e-08
chr22	5	2	51304566	3.89829e-08
chr22	6	2	51304566	3.89829e-08
chr22	7	2	51304566	3.89829e-08
chr22	8	2	51304566	3.89829e-08
chr22	9	1	51304566	1.94914e-08
chr22	10	2	51304566	3.89829e-08
chr22	11	7	51304566	1.3644e-07
chr22	12	3	51304566	5.84743e-08
chr22	13	33	51304566	6.43218e-07
chrX	0	152930850	155270560	0.984931
chrX	1	2300767	155270560	0.0148178
chrX	2	29623	155270560	0.000190783
chrX	3	5827	155270560	3.7528e-05
chrX	4	2203	155270560	1.41881e-05
chrX	5	707	155270560	4.55334e-06
chrX	6	315	155270560	2.02872e-06
chrX	7	112	155270560	7.21322e-07
chrX	8	65	155270560	4.18624e-07
chrX	9	51	155270560	3.28459e-07
chrX	10	18	155270560	1.15927e-07
chrX	11	5	155270560	3.22019e-08
chrX	12	3	155270560	1.93211e-08
chrX	13	11	155270560	7.08441e-08
chrX	14	3	155270560	1.93211e-08
chrY	0	59301874	59373566	0.998792
chrY	1	68120	59373566	0.00114731
chrY	2	2548	59373566	4.29147e-05
chrY	3	544	59373566	9.16233e-06
chrY	4	165	59373566	2.77901e-06
chrY	5	156	59373566	2.62743e-06
chrY	6	95	59373566	1.60004e-06
chrY	7	14	59373566	2.35795e-07
chrY	8	17	59373566	2.86323e-07
chrY	9	7	59373566	1.17898e-07
chrY	10	6	59373566	1.01055e-07
chrY	11	5	59373566	8.42126e-08
chrY	12	15	59373566	2.52638e-07
chr1_gl000191_random	0	105883	106433	0.994832
chr1_gl000191_random	1	550	106433	0.00516757
chr1_gl000192_random	0	535650	547496	0.978363
chr1_gl000192_random	1	11742	547496	0.0214467
chr1_gl000192_random	2	104	547496	0.000189956
chr4_ctg9_hap1	0	588566	590426	0.99685
chr4_ctg9_hap1	1	1820	590426	0.00308252
chr4_ctg9_hap1	2	40	590426	6.77477e-05
chr4_gl000193_random	0	186185	189789	0.98101
chr4_gl000193_random	1	3558	189789	0.0187471
chr4_gl000193_random	2	46	189789	0.000242374
chr4_gl000194_random	0	186819	191469	0.975714
chr4_gl000194_random	1	4650	191469	0.0242859
chr6_apd_hap1	0	4617890	4622290	0.999048
chr6_apd_hap1	1	4400	4622290	0.000951909
chr6_cox_hap2	0	4784577	4795371	0.997749
chr6_cox_hap2	1	10788	4795371	0.00224967
chr6_cox_hap2	2	6	4795371	1.25121e-06
chr6_dbb_hap3	0	4601746	4610396	0.998124
chr6_dbb_hap3	1	8600	4610396	0.00186535
chr6_dbb_hap3	2	50	4610396	1.08451e-05
chr6_mann_hap4	0	4676163	4683263	0.998484
chr6_mann_hap4	1	7100	4683263	0.00151604
chr6_mcf_hap5	0	4825850	4833398	0.998438
chr6_mcf_hap5	1	7496	4833398	0.00155088
chr6_mcf_hap5	2	52	4833398	1.07585e-05
chr6_qbl_hap6	0	4604534	4611984	0.998385
chr6_qbl_hap6	1	7450	4611984	0.00161536
chr6_ssto_hap7	0	4920785	4928567	0.998421
chr6_ssto_hap7	1	7764	4928567	0.00157531
chr6_ssto_hap7	2	18	4928567	3.65218e-06
chr7_gl000195_random	0	178519	182896	0.976068
chr7_gl000195_random	1	4304	182896	0.0235325
chr7_gl000195_random	2	73	182896	0.000399134
chr8_gl000196_random	0	38514	38914	0.989721
chr8_gl000196_random	1	400	38914	0.0102791
chr8_gl000197_random	0	37075	37175	0.99731
chr8_gl000197_random	1	100	37175	0.00268998
chr9_gl000198_random	0	87506	90085	0.971371
chr9_gl000198_random	1	2508	90085	0.0278404
chr9_gl000198_random	2	71	90085	0.000788145
chr9_gl000199_random	0	145894	169874	0.858837
chr9_gl000199_random	1	19496	169874	0.114767
chr9_gl000199_random	2	3093	169874	0.0182076
chr9_gl000199_random	3	830	169874	0.00488597
chr9_gl000199_random	4	320	169874	0.00188375
chr9_gl000199_random	5	105	169874	0.000618105
chr9_gl000199_random	6	47	169874	0.000276676
chr9_gl000199_random	7	14	169874	8.2414e-05
chr9_gl000199_random	8	26	169874	0.000153055
chr9_gl000199_random	9	5	169874	2.94336e-05
chr9_gl000199_random	10	5	169874	2.94336e-05
chr9_gl000199_random	11	4	169874	2.35469e-05
chr9_gl000199_random	12	6	169874	3.53203e-05
chr9_gl000199_random	13	7	169874	4.1207e-05
chr9_gl000199_random	14	3	169874	1.76601e-05
chr9_gl000199_random	15	13	169874	7.65273e-05
chr9_gl000199_random	16	6	169874	3.53203e-05
chr9_gl000200_random	0	186185	187035	0.995455
chr9_gl000200_random	1	850	187035	0.0045446
chr9_gl000201_random	0	35998	36148	0.99585
chr9_gl000201_random	1	150	36148	0.00414961
chr11_gl000202_random	0	39753	40103	0.991272
chr11_gl000202_random	1	350	40103	0.00872753
chr17_ctg5_hap1	0	1672778	1680828	0.995211
chr17_ctg5_hap1	1	8050	1680828	0.00478931
chr17_gl000203_random	0	37348	37498	0.996
chr17_gl000203_random	1	150	37498	0.00400021
chr17_gl000204_random	0	79560	81310	0.978477
chr17_gl000204_random	1	1750	81310	0.0215226
chr17_gl000205_random	0	170683	174588	0.977633
chr17_gl000205_random	1	3860	174588	0.0221092
chr17_gl000205_random	2	45	174588	0.00025775
chr17_gl000206_random	0	40651	41001	0.991464
chr17_gl000206_random	1	350	41001	0.00853638
chr19_gl000208_random	0	87803	92689	0.947286
chr19_gl000208_random	1	3882	92689	0.041882
chr19_gl000208_random	2	632	92689	0.0068185
chr19_gl000208_random	3	339	92689	0.00365739
chr19_gl000208_random	4	28	92689	0.000302085
chr19_gl000208_random	5	5	92689	5.39438e-05
chr19_gl000209_random	0	158419	159169	0.995288
chr19_gl000209_random	1	750	159169	0.00471197
chr21_gl000210_random	0	27382	27682	0.989163
chr21_gl000210_random	1	300	27682	0.0108374
chrUn_gl000211	0	163516	166566	0.981689
chrUn_gl000211	1	3050	166566	0.0183111
chrUn_gl000212	0	183816	186858	0.98372
chrUn_gl000212	1	2991	186858	0.0160068
chrUn_gl000212	2	2	186858	1.07033e-05
chrUn_gl000212	3	41	186858	0.000219418
chrUn_gl000212	4	8	186858	4.28133e-05
chrUn_gl000213	0	163489	164239	0.995434
chrUn_gl000213	1	750	164239	0.00456652
chrUn_gl000214	0	129581	137718	0.940915
chrUn_gl000214	1	7238	137718	0.0525567
chrUn_gl000214	2	713	137718	0.00517725
chrUn_gl000214	3	158	137718	0.00114727
chrUn_gl000214	4	28	137718	0.000203314
chrUn_gl000215	0	171695	172545	0.995074
chrUn_gl000215	1	850	172545	0.00492625
chrUn_gl000216	0	163268	172294	0.947613
chrUn_gl000216	1	7241	172294	0.042027
chrUn_gl000216	2	1138	172294	0.00660499
chrUn_gl000216	3	393	172294	0.00228098
chrUn_gl000216	4	72	172294	0.00041789
chrUn_gl000216	5	95	172294	0.000551383
chrUn_gl000216	6	23	172294	0.000133493
chrUn_gl000216	7	34	172294	0.000197337
chrUn_gl000216	8	5	172294	2.90202e-05
chrUn_gl000216	9	25	172294	0.000145101
chrUn_gl000217	0	167167	172149	0.97106
chrUn_gl000217	1	4914	172149	0.028545
chrUn_gl000217	2	68	172149	0.000395007
chrUn_gl000218	0	158292	161147	0.982283
chrUn_gl000218	1	2810	161147	0.0174375
chrUn_gl000218	2	45	161147	0.000279248
chrUn_gl000219	0	176436	179198	0.984587
chrUn_gl000219	1	2712	179198	0.0151341
chrUn_gl000219	2	12	179198	6.6965e-05
chrUn_gl000219	3	38	179198	0.000212056
chrUn_gl000220	0	113676	161802	0.702562
chrUn_gl000220	1	17915	161802	0.110722
chrUn_gl000220	2	10582	161802	0.0654009
chrUn_gl000220	3	7606	161802	0.0470081
chrUn_gl000220	4	5255	161802	0.032478
chrUn_gl000220	5	3176	161802	0.0196289
chrUn_gl000220	6	1925	161802	0.0118973
chrUn_gl000220	7	953	161802	0.00588991
chrUn_gl000220	8	466	161802	0.00288006
chrUn_gl000220	9	181	161802	0.00111865
chrUn_gl000220	10	62	161802	0.000383184
chrUn_gl000220	11	5	161802	3.0902e-05
chrUn_gl000221	0	151048	155397	0.972014
chrUn_gl000221	1	4298	155397	0.0276582
chrUn_gl000221	2	51	155397	0.000328192
chrUn_gl000222	0	185561	186861	0.993043
chrUn_gl000222	1	1300	186861	0.00695704
chrUn_gl000223	0	178355	180455	0.988363
chrUn_gl000223	1	2100	180455	0.0116372
chrUn_gl000224	0	174681	179693	0.972108
chrUn_gl000224	1	4102	179693	0.0228278
chrUn_gl000224	2	746	179693	0.00415152
chrUn_gl000224	3	150	179693	0.000834757
chrUn_gl000224	4	14	179693	7.79107e-05
chrUn_gl000225	0	194378	211173	0.920468
chrUn_gl000225	1	14599	211173	0.0691329
chrUn_gl000225	2	1824	211173	0.00863747
chrUn_gl000225	3	245	211173	0.00116019
chrUn_gl000225	4	51	211173	0.000241508
chrUn_gl000225	5	56	211173	0.000265185
chrUn_gl000225	6	6	211173	2.84127e-05
chrUn_gl000225	7	14	211173	6.62964e-05
chrUn_gl000226	0	1757	15008	0.117071
chrUn_gl000226	1	2730	15008	0.181903
chrUn_gl000226	2	3150	15008	0.209888
chrUn_gl000226	3	2543	15008	0.169443
chrUn_gl000226	4	1752	15008	0.116738
chrUn_gl000226	5	1200	15008	0.0799574
chrUn_gl000226	6	849	15008	0.0565698
chrUn_gl000226	7	572	15008	0.038113
chrUn_gl000226	8	248	15008	0.0165245
chrUn_gl000226	9	116	15008	0.00772921
chrUn_gl000226	10	53	15008	0.00353145
chrUn_gl000226	11	29	15008	0.0019323
chrUn_gl000226	12	9	15008	0.00059968
chrUn_gl000227	0	127324	128374	0.991821
chrUn_gl000227	1	1050	128374	0.00817923
chrUn_gl000228	0	127112	129120	0.984449
chrUn_gl000228	1	1845	129120	0.014289
chrUn_gl000228	2	138	129120	0.00106877
chrUn_gl000228	3	21	129120	0.000162639
chrUn_gl000228	4	4	129120	3.09789e-05
chrUn_gl000229	0	19488	19913	0.978657
chrUn_gl000229	1	350	19913	0.0175765
chrUn_gl000229	2	75	19913	0.00376638
chrUn_gl000230	0	43391	43691	0.993134
chrUn_gl000230	1	300	43691	0.0068664
chrUn_gl000231	0	26424	27386	0.964873
chrUn_gl000231	1	824	27386	0.0300884
chrUn_gl000231	2	138	27386	0.00503907
chrUn_gl000232	0	39117	40652	0.96224
chrUn_gl000232	1	1520	40652	0.0373905
chrUn_gl000232	2	15	40652	0.000368986
chrUn_gl000233	0	45291	45941	0.985851
chrUn_gl000233	1	650	45941	0.0141486
chrUn_gl000234	0	38581	40531	0.951889
chrUn_gl000234	1	1950	40531	0.0481113
chrUn_gl000235	0	33590	34474	0.974357
chrUn_gl000235	1	818	34474	0.023728
chrUn_gl000235	2	66	34474	0.00191449
chrUn_gl000236	0	41334	41934	0.985692
chrUn_gl000236	1	600	41934	0.0143082
chrUn_gl000237	0	44573	45867	0.971788
chrUn_gl000237	1	1238	45867	0.0269911
chrUn_gl000237	2	56	45867	0.00122092
chrUn_gl000238	0	39639	39939	0.992489
chrUn_gl000238	1	300	39939	0.00751146
chrUn_gl000239	0	32803	33824	0.969814
chrUn_gl000239	1	992	33824	0.0293283
chrUn_gl000239	2	29	33824	0.000857379
chrUn_gl000240	0	41283	41933	0.984499
chrUn_gl000240	1	650	41933	0.0155009
chrUn_gl000241	0	40197	42152	0.95362
chrUn_gl000241	1	1910	42152	0.0453122
chrUn_gl000241	2	45	42152	0.00106757
chrUn_gl000242	0	43173	43523	0.991958
chrUn_gl000242	1	350	43523	0.00804173
chrUn_gl000243	0	42273	43341	0.975358
chrUn_gl000243	1	1018	43341	0.0234882
chrUn_gl000243	2	18	43341	0.000415311
chrUn_gl000243	3	32	43341	0.000738331
chrUn_gl000244	0	39629	39929	0.992487
chrUn_gl000244	1	300	39929	0.00751334
chrUn_gl000245	0	36201	36651	0.987722
chrUn_gl000245	1	450	36651	0.012278
chrUn_gl000246	0	38004	38154	0.996069
chrUn_gl000246	1	150	38154	0.00393144
chrUn_gl000247	0	35772	36422	0.982154
chrUn_gl000247	1	650	36422	0.0178464
chrUn_gl000248	0	39586	39786	0.994973
chrUn_gl000248	1	200	39786	0.00502689
chrUn_gl000249	0	38202	38502	0.992208
chrUn_gl000249	1	300	38502	0.0077918
chr18_gl000207_random	0	4262	4262	1
genome	0	3098051200	3137161264	0.987533
genome	1	38612195	3137161264	0.012308
genome	2	392405	3137161264	0.000125083
genome	3	39126	3137161264	1.24718e-05
genome	4	21433	3137161264	6.83197e-06
genome	5	13207	3137161264	4.20986e-06
genome	6	9320	3137161264	2.97084e-06
genome	7	5866	3137161264	1.86984e-06
genome	8	3645	3137161264	1.16188e-06
genome	9	2316	3137161264	7.38247e-07
genome	10	1714	3137161264	5.46354e-07
genome	11	1364	3137161264	4.34788e-07
genome	12	960	3137161264	3.06009e-07
genome	13	804	3137161264	2.56283e-07
genome	14	617	3137161264	1.96675e-07
genome	15	510	3137161264	1.62567e-07
genome	16	410	3137161264	1.30691e-07
genome	17	405	3137161264	1.29098e-07
genome	18	338	3137161264	1.07741e-07
genome	19	284	3137161264	9.05277e-08
genome	20	303	3137161264	9.65841e-08
genome	21	244	3137161264	7.77773e-08
genome	22	240	3137161264	7.65023e-08
genome	23	184	3137161264	5.86518e-08
genome	24	192	3137161264	6.12018e-08
genome	25	188	3137161264	5.99268e-08
genome	26	191	3137161264	6.08831e-08
genome	27	137	3137161264	4.36701e-08
genome	28	102	3137161264	3.25135e-08
genome	29	132	3137161264	4.20763e-08
genome	30	144	3137161264	4.59014e-08
genome	31	127	3137161264	4.04825e-08
genome	32	98	3137161264	3.12384e-08
genome	33	77	3137161264	2.45445e-08
genome	34	64	3137161264	2.04006e-08
genome	35	72	3137161264	2.29507e-08
genome	36	60	3137161264	1.91256e-08
genome	37	50	3137161264	1.5938e-08
genome	38	42	3137161264	1.33879e-08
genome	39	60	3137161264	1.91256e-08
genome	40	62	3137161264	1.97631e-08
genome	41	61	3137161264	1.94443e-08
genome	42	39	3137161264	1.24316e-08
genome	43	38	3137161264	1.21129e-08
genome	44	35	3137161264	1.11566e-08
genome	45	23	3137161264	7.33147e-09
genome	46	35	3137161264	1.11566e-08
genome	47	32	3137161264	1.02003e-08
genome	48	14	3137161264	4.46263e-09
genome	49	27	3137161264	8.60651e-09
genome	50	34	3137161264	1.08378e-08
genome	51	23	3137161264	7.33147e-09
genome	52	8	3137161264	2.55008e-09
genome	53	2	3137161264	6.37519e-10
genome	54	1	3137161264	3.1876e-10
genome	55	4	3137161264	1.27504e-09
