chrM	0	11747	16571	0.708889
chrM	1	4103	16571	0.247601
chrM	2	616	16571	0.0371734
chrM	3	105	16571	0.00633637
chr1	0	245744440	249250621	0.985933
chr1	1	3472475	249250621	0.0139317
chr1	2	31387	249250621	0.000125925
chr1	3	619	249250621	2.48344e-06
chr1	4	229	249250621	9.18754e-07
chr1	5	149	249250621	5.97792e-07
chr1	6	90	249250621	3.61082e-07
chr1	7	91	249250621	3.65094e-07
chr1	8	35	249250621	1.40421e-07
chr1	9	17	249250621	6.82044e-08
chr1	10	33	249250621	1.32397e-07
chr1	11	21	249250621	8.42525e-08
chr1	12	20	249250621	8.02405e-08
chr1	13	42	249250621	1.68505e-07
chr1	14	62	249250621	2.48746e-07
chr1	15	73	249250621	2.92878e-07
chr1	16	50	249250621	2.00601e-07
chr1	17	83	249250621	3.32998e-07
chr1	18	51	249250621	2.04613e-07
chr1	19	65	249250621	2.60782e-07
chr1	20	44	249250621	1.76529e-07
chr1	21	17	249250621	6.82044e-08
chr1	22	39	249250621	1.56469e-07
chr1	23	38	249250621	1.52457e-07
chr1	24	39	249250621	1.56469e-07
chr1	25	43	249250621	1.72517e-07
chr1	26	19	249250621	7.62285e-08
chr1	27	17	249250621	6.82044e-08
chr1	28	12	249250621	4.81443e-08
chr1	29	17	249250621	6.82044e-08
chr1	30	19	249250621	7.62285e-08
chr1	31	11	249250621	4.41323e-08
chr1	32	4	249250621	1.60481e-08
chr1	33	13	249250621	5.21563e-08
chr1	34	7	249250621	2.80842e-08
chr1	35	10	249250621	4.01203e-08
chr1	36	14	249250621	5.61684e-08
chr1	37	6	249250621	2.40722e-08
chr1	38	1	249250621	4.01203e-09
chr1	39	6	249250621	2.40722e-08
chr1	40	2	249250621	8.02405e-09
chr1	41	4	249250621	1.60481e-08
chr1	42	7	249250621	2.80842e-08
chr1	43	9	249250621	3.61082e-08
chr1	44	14	249250621	5.61684e-08
chr1	45	16	249250621	6.41924e-08
chr1	46	25	249250621	1.00301e-07
chr1	47	29	249250621	1.16349e-07
chr1	48	15	249250621	6.01804e-08
chr1	49	23	249250621	9.22766e-08
chr1	50	27	249250621	1.08325e-07
chr1	51	13	249250621	5.21563e-08
chr1	52	7	249250621	2.80842e-08
chr1	53	9	249250621	3.61082e-08
chr1	54	7	249250621	2.80842e-08
chr1	55	6	249250621	2.40722e-08
chr2	0	239396049	243199373	0.984361
chr2	1	3758760	243199373	0.0154555
chr2	2	36507	243199373	0.000150111
chr2	3	3103	243199373	1.27591e-05
chr2	4	2021	243199373	8.31005e-06
chr2	5	1146	243199373	4.71218e-06
chr2	6	827	243199373	3.4005e-06
chr2	7	327	243199373	1.34458e-06
chr2	8	195	243199373	8.01811e-07
chr2	9	137	243199373	5.63324e-07
chr2	10	78	243199373	3.20724e-07
chr2	11	70	243199373	2.8783e-07
chr2	12	94	243199373	3.86514e-07
chr2	13	4	243199373	1.64474e-08
chr2	14	15	243199373	6.16778e-08
chr2	15	5	243199373	2.05593e-08
chr2	16	12	243199373	4.93422e-08
chr2	17	12	243199373	4.93422e-08
chr2	18	11	243199373	4.52304e-08
chr3	0	195377746	198022430	0.986645
chr3	1	2625584	198022430	0.013259
chr3	2	18711	198022430	9.44893e-05
chr3	3	274	198022430	1.38368e-06
chr3	4	1	198022430	5.04993e-09
chr3	5	5	198022430	2.52497e-08
chr3	6	2	198022430	1.00999e-08
chr3	7	3	198022430	1.51498e-08
chr3	8	3	198022430	1.51498e-08
chr3	9	6	198022430	3.02996e-08
chr3	10	2	198022430	1.00999e-08
chr3	12	2	198022430	1.00999e-08
chr3	13	4	198022430	2.01997e-08
chr3	14	3	198022430	1.51498e-08
chr3	15	2	198022430	1.00999e-08
chr3	16	2	198022430	1.00999e-08
chr3	17	2	198022430	1.00999e-08
chr3	18	2	198022430	1.00999e-08
chr3	19	2	198022430	1.00999e-08
chr3	20	4	198022430	2.01997e-08
chr3	21	3	198022430	1.51498e-08
chr3	22	2	198022430	1.00999e-08
chr3	23	2	198022430	1.00999e-08
chr3	24	4	198022430	2.01997e-08
chr3	25	5	198022430	2.52497e-08
chr3	26	4	198022430	2.01997e-08
chr3	27	6	198022430	3.02996e-08
chr3	28	5	198022430	2.52497e-08
chr3	29	3	198022430	1.51498e-08
chr3	30	2	198022430	1.00999e-08
chr3	31	2	198022430	1.00999e-08
chr3	32	5	198022430	2.52497e-08
chr3	33	4	198022430	2.01997e-08
chr3	34	6	198022430	3.02996e-08
chr3	35	7	198022430	3.53495e-08
chr3	36	8	198022430	4.03995e-08
chr3	38	2	198022430	1.00999e-08
chr4	0	189286093	191154276	0.990227
chr4	1	1849888	191154276	0.00967746
chr4	2	15019	191154276	7.857e-05
chr4	3	1762	191154276	9.21769e-06
chr4	4	740	191154276	3.87122e-06
chr4	5	373	191154276	1.9513e-06
chr4	6	95	191154276	4.96981e-07
chr4	7	102	191154276	5.336e-07
chr4	8	157	191154276	8.21326e-07
chr4	9	47	191154276	2.45875e-07
chr5	0	178939997	180915260	0.989082
chr5	1	1962801	180915260	0.0108493
chr5	2	12211	180915260	6.74957e-05
chr5	3	165	180915260	9.12029e-07
chr5	4	39	180915260	2.15571e-07
chr5	5	6	180915260	3.31647e-08
chr5	6	41	180915260	2.26625e-07
chr6	0	169272743	171115067	0.989233
chr6	1	1826415	171115067	0.0106736
chr6	2	12179	171115067	7.11743e-05
chr6	3	472	171115067	2.75838e-06
chr6	4	326	171115067	1.90515e-06
chr6	5	326	171115067	1.90515e-06
chr6	6	366	171115067	2.13891e-06
chr6	7	432	171115067	2.52462e-06
chr6	8	290	171115067	1.69477e-06
chr6	9	229	171115067	1.33828e-06
chr6	10	317	171115067	1.85255e-06
chr6	11	326	171115067	1.90515e-06
chr6	12	241	171115067	1.40841e-06
chr6	13	176	171115067	1.02855e-06
chr6	14	149	171115067	8.70759e-07
chr6	15	57	171115067	3.33109e-07
chr6	16	8	171115067	4.67522e-08
chr6	17	3	171115067	1.75321e-08
chr6	18	8	171115067	4.67522e-08
chr6	19	4	171115067	2.33761e-08
chr7	0	156964250	159138663	0.986336
chr7	1	2153014	159138663	0.0135292
chr7	2	17197	159138663	0.000108063
chr7	3	991	159138663	6.22727e-06
chr7	4	393	159138663	2.46954e-06
chr7	5	369	159138663	2.31873e-06
chr7	6	339	159138663	2.13022e-06
chr7	7	293	159138663	1.84116e-06
chr7	8	266	159138663	1.6715e-06
chr7	9	212	159138663	1.33217e-06
chr7	10	132	159138663	8.29465e-07
chr7	11	130	159138663	8.16898e-07
chr7	12	76	159138663	4.77571e-07
chr7	13	81	159138663	5.0899e-07
chr7	14	74	159138663	4.65003e-07
chr7	15	76	159138663	4.77571e-07
chr7	16	76	159138663	4.77571e-07
chr7	17	82	159138663	5.15274e-07
chr7	18	78	159138663	4.90139e-07
chr7	19	80	159138663	5.02706e-07
chr7	20	47	159138663	2.9534e-07
chr7	21	50	159138663	3.14191e-07
chr7	22	53	159138663	3.33043e-07
chr7	23	63	159138663	3.95881e-07
chr7	24	46	159138663	2.89056e-07
chr7	25	34	159138663	2.1365e-07
chr7	26	23	159138663	1.44528e-07
chr7	27	26	159138663	1.6338e-07
chr7	28	31	159138663	1.94799e-07
chr7	29	30	159138663	1.88515e-07
chr7	30	28	159138663	1.75947e-07
chr7	31	17	159138663	1.06825e-07
chr7	32	6	159138663	3.7703e-08
chr8	0	144449956	146364022	0.986923
chr8	1	1890867	146364022	0.0129189
chr8	2	20567	146364022	0.00014052
chr8	3	1609	146364022	1.09931e-05
chr8	4	635	146364022	4.3385e-06
chr8	5	197	146364022	1.34596e-06
chr8	6	66	146364022	4.50931e-07
chr8	7	106	146364022	7.24222e-07
chr8	8	12	146364022	8.19874e-08
chr8	9	7	146364022	4.7826e-08
chr9	0	139807197	141213431	0.990042
chr9	1	1396321	141213431	0.00988802
chr9	2	9278	141213431	6.5702e-05
chr9	3	356	141213431	2.52101e-06
chr9	4	135	141213431	9.56e-07
chr9	5	78	141213431	5.52355e-07
chr9	6	37	141213431	2.62015e-07
chr9	7	29	141213431	2.05363e-07
chr10	0	133165096	135534747	0.982516
chr10	1	2315015	135534747	0.0170806
chr10	2	40896	135534747	0.000301738
chr10	3	3156	135534747	2.32855e-05
chr10	4	1604	135534747	1.18346e-05
chr10	5	1226	135534747	9.04565e-06
chr10	6	884	135534747	6.52231e-06
chr10	7	744	135534747	5.48937e-06
chr10	8	657	135534747	4.84747e-06
chr10	9	615	135534747	4.53758e-06
chr10	10	425	135534747	3.13573e-06
chr10	11	358	135534747	2.64139e-06
chr10	12	369	135534747	2.72255e-06
chr10	13	293	135534747	2.16181e-06
chr10	14	297	135534747	2.19132e-06
chr10	15	365	135534747	2.69304e-06
chr10	16	220	135534747	1.6232e-06
chr10	17	206	135534747	1.51991e-06
chr10	18	228	135534747	1.68223e-06
chr10	19	147	135534747	1.08459e-06
chr10	20	149	135534747	1.09935e-06
chr10	21	217	135534747	1.60107e-06
chr10	22	143	135534747	1.05508e-06
chr10	23	128	135534747	9.44407e-07
chr10	24	112	135534747	8.26356e-07
chr10	25	136	135534747	1.00343e-06
chr10	26	106	135534747	7.82087e-07
chr10	27	146	135534747	1.07721e-06
chr10	28	116	135534747	8.55869e-07
chr10	29	93	135534747	6.86171e-07
chr10	30	60	135534747	4.42691e-07
chr10	31	65	135534747	4.79582e-07
chr10	32	51	135534747	3.76287e-07
chr10	33	56	135534747	4.13178e-07
chr10	34	50	135534747	3.68909e-07
chr10	35	44	135534747	3.2464e-07
chr10	36	54	135534747	3.98422e-07
chr10	37	56	135534747	4.13178e-07
chr10	38	36	135534747	2.65615e-07
chr10	39	28	135534747	2.06589e-07
chr10	40	29	135534747	2.13967e-07
chr10	41	36	135534747	2.65615e-07
chr10	42	19	135534747	1.40185e-07
chr10	43	10	135534747	7.37818e-08
chr10	44	4	135534747	2.95127e-08
chr10	45	2	135534747	1.47564e-08
chr11	0	132823309	135006516	0.983829
chr11	1	2160921	135006516	0.0160061
chr11	2	20572	135006516	0.000152378
chr11	3	513	135006516	3.79982e-06
chr11	4	244	135006516	1.80732e-06
chr11	5	281	135006516	2.08138e-06
chr11	6	228	135006516	1.68881e-06
chr11	7	163	135006516	1.20735e-06
chr11	8	72	135006516	5.33308e-07
chr11	9	53	135006516	3.92574e-07
chr11	10	44	135006516	3.2591e-07
chr11	11	21	135006516	1.55548e-07
chr11	12	21	135006516	1.55548e-07
chr11	13	21	135006516	1.55548e-07
chr11	14	20	135006516	1.48141e-07
chr11	15	3	135006516	2.22212e-08
chr11	16	2	135006516	1.48141e-08
chr11	17	6	135006516	4.44423e-08
chr11	18	20	135006516	1.48141e-07
chr11	19	2	135006516	1.48141e-08
chr12	0	131862180	133851895	0.985135
chr12	1	1972481	133851895	0.0147363
chr12	2	17046	133851895	0.00012735
chr12	3	125	133851895	9.33868e-07
chr12	4	63	133851895	4.70669e-07
chr13	0	114194105	115169878	0.991527
chr13	1	971407	115169878	0.00843456
chr13	2	4355	115169878	3.78137e-05
chr13	3	11	115169878	9.55111e-08
chr14	0	105715755	107349540	0.984781
chr14	1	1618141	107349540	0.0150736
chr14	2	15523	107349540	0.000144602
chr14	3	121	107349540	1.12716e-06
chr15	0	101628087	102531392	0.99119
chr15	1	898634	102531392	0.00876448
chr15	2	4647	102531392	4.53227e-05
chr15	3	24	102531392	2.34075e-07
chr16	0	89451772	90354753	0.990006
chr16	1	869572	90354753	0.00962398
chr16	2	13048	90354753	0.000144409
chr16	3	6340	90354753	7.01679e-05
chr16	4	5023	90354753	5.5592e-05
chr16	5	3116	90354753	3.44863e-05
chr16	6	2040	90354753	2.25777e-05
chr16	7	1471	90354753	1.62803e-05
chr16	8	926	90354753	1.02485e-05
chr16	9	550	90354753	6.08712e-06
chr16	10	347	90354753	3.84042e-06
chr16	11	219	90354753	2.42378e-06
chr16	12	172	90354753	1.90361e-06
chr16	13	58	90354753	6.41914e-07
chr16	14	53	90354753	5.86577e-07
chr16	15	33	90354753	3.65227e-07
chr16	16	10	90354753	1.10675e-07
chr16	17	3	90354753	3.32025e-08
chr17	0	80116345	81195210	0.986713
chr17	1	1067456	81195210	0.0131468
chr17	2	10652	81195210	0.00013119
chr17	3	468	81195210	5.76389e-06
chr17	4	91	81195210	1.12076e-06
chr17	5	46	81195210	5.66536e-07
chr17	6	38	81195210	4.68008e-07
chr17	7	14	81195210	1.72424e-07
chr17	8	60	81195210	7.3896e-07
chr17	9	14	81195210	1.72424e-07
chr17	10	8	81195210	9.8528e-08
chr17	11	2	81195210	2.4632e-08
chr17	12	5	81195210	6.158e-08
chr17	13	7	81195210	8.6212e-08
chr17	14	3	81195210	3.6948e-08
chr17	15	1	81195210	1.2316e-08
chr18	0	77069408	78077248	0.987092
chr18	1	999458	78077248	0.0128009
chr18	2	7308	78077248	9.35996e-05
chr18	3	406	78077248	5.19998e-06
chr18	4	275	78077248	3.52215e-06
chr18	5	116	78077248	1.48571e-06
chr18	6	111	78077248	1.42167e-06
chr18	7	64	78077248	8.19701e-07
chr18	8	32	78077248	4.09851e-07
chr18	9	21	78077248	2.68964e-07
chr18	10	17	78077248	2.17733e-07
chr18	11	2	78077248	2.56157e-08
chr18	12	5	78077248	6.40391e-08
chr18	13	5	78077248	6.40391e-08
chr18	14	7	78077248	8.96548e-08
chr18	15	4	78077248	5.12313e-08
chr18	16	9	78077248	1.1527e-07
chr19	0	58369067	59128983	0.987148
chr19	1	750895	59128983	0.0126993
chr19	2	6659	59128983	0.000112618
chr19	3	562	59128983	9.50465e-06
chr19	4	425	59128983	7.18768e-06
chr19	5	340	59128983	5.75014e-06
chr19	6	198	59128983	3.34861e-06
chr19	7	160	59128983	2.70595e-06
chr19	8	99	59128983	1.67431e-06
chr19	9	99	59128983	1.67431e-06
chr19	10	87	59128983	1.47136e-06
chr19	11	60	59128983	1.01473e-06
chr19	12	25	59128983	4.22805e-07
chr19	13	30	59128983	5.07365e-07
chr19	14	41	59128983	6.93399e-07
chr19	15	21	59128983	3.55156e-07
chr19	16	42	59128983	7.10312e-07
chr19	17	20	59128983	3.38244e-07
chr19	18	15	59128983	2.53683e-07
chr19	19	15	59128983	2.53683e-07
chr19	20	8	59128983	1.35297e-07
chr19	21	27	59128983	4.56629e-07
chr19	22	14	59128983	2.36771e-07
chr19	23	14	59128983	2.36771e-07
chr19	24	10	59128983	1.69122e-07
chr19	25	5	59128983	8.45609e-08
chr19	26	7	59128983	1.18385e-07
chr19	27	16	59128983	2.70595e-07
chr19	28	1	59128983	1.69122e-08
chr19	29	10	59128983	1.69122e-07
chr19	30	11	59128983	1.86034e-07
chr20	0	62203068	63025520	0.986951
chr20	1	815920	63025520	0.0129459
chr20	2	6293	63025520	9.98484e-05
chr20	3	141	63025520	2.23719e-06
chr20	4	69	63025520	1.09479e-06
chr20	5	29	63025520	4.60131e-07
chr21	0	47753848	48129895	0.992187
chr21	1	371912	48129895	0.00772726
chr21	2	3454	48129895	7.17641e-05
chr21	3	359	48129895	7.45898e-06
chr21	4	150	48129895	3.11657e-06
chr21	5	47	48129895	9.76524e-07
chr21	6	40	48129895	8.31084e-07
chr21	7	52	48129895	1.08041e-06
chr21	8	33	48129895	6.85645e-07
chr22	0	50958702	51304566	0.993259
chr22	1	344090	51304566	0.00670681
chr22	2	1621	51304566	3.15956e-05
chr22	3	45	51304566	8.77115e-07
chr22	4	3	51304566	5.84743e-08
chr22	5	9	51304566	1.75423e-07
chr22	6	39	51304566	7.60166e-07
chr22	7	3	51304566	5.84743e-08
chr22	9	2	51304566	3.89829e-08
chr22	11	2	51304566	3.89829e-08
chr22	12	2	51304566	3.89829e-08
chr22	14	2	51304566	3.89829e-08
chr22	16	3	51304566	5.84743e-08
chr22	17	1	51304566	1.94914e-08
chr22	18	2	51304566	3.89829e-08
chr22	19	1	51304566	1.94914e-08
chr22	20	6	51304566	1.16949e-07
chr22	21	6	51304566	1.16949e-07
chr22	22	8	51304566	1.55932e-07
chr22	23	19	51304566	3.70337e-07
chrX	0	153017225	155270560	0.985488
chrX	1	2212716	155270560	0.0142507
chrX	2	29957	155270560	0.000192934
chrX	3	5752	155270560	3.7045e-05
chrX	4	2823	155270560	1.81812e-05
chrX	5	1135	155270560	7.30982e-06
chrX	6	465	155270560	2.99477e-06
chrX	7	256	155270560	1.64873e-06
chrX	8	117	155270560	7.53523e-07
chrX	9	75	155270560	4.83028e-07
chrX	10	25	155270560	1.61009e-07
chrX	11	14	155270560	9.01652e-08
chrY	0	59307729	59373566	0.998891
chrY	1	62333	59373566	0.00104984
chrY	2	2206	59373566	3.71546e-05
chrY	3	667	59373566	1.1234e-05
chrY	4	353	59373566	5.94541e-06
chrY	5	124	59373566	2.08847e-06
chrY	6	44	59373566	7.4107e-07
chrY	7	16	59373566	2.6948e-07
chrY	8	18	59373566	3.03165e-07
chrY	9	10	59373566	1.68425e-07
chrY	10	9	59373566	1.51583e-07
chrY	11	22	59373566	3.70535e-07
chrY	12	2	59373566	3.3685e-08
chrY	13	8	59373566	1.3474e-07
chrY	14	23	59373566	3.87378e-07
chrY	15	2	59373566	3.3685e-08
chr1_gl000191_random	0	105933	106433	0.995302
chr1_gl000191_random	1	500	106433	0.00469779
chr1_gl000192_random	0	537550	547496	0.981834
chr1_gl000192_random	1	9842	547496	0.0179764
chr1_gl000192_random	2	104	547496	0.000189956
chr4_ctg9_hap1	0	588676	590426	0.997036
chr4_ctg9_hap1	1	1750	590426	0.00296396
chr4_gl000193_random	0	186682	189789	0.983629
chr4_gl000193_random	1	3064	189789	0.0161442
chr4_gl000193_random	2	43	189789	0.000226567
chr4_gl000194_random	0	186953	191469	0.976414
chr4_gl000194_random	1	4432	191469	0.0231474
chr4_gl000194_random	2	84	191469	0.000438713
chr6_apd_hap1	0	4617740	4622290	0.999016
chr6_apd_hap1	1	4550	4622290	0.000984361
chr6_cox_hap2	0	4785571	4795371	0.997956
chr6_cox_hap2	1	9800	4795371	0.00204364
chr6_dbb_hap3	0	4602237	4610396	0.99823
chr6_dbb_hap3	1	8118	4610396	0.0017608
chr6_dbb_hap3	2	41	4610396	8.89295e-06
chr6_mann_hap4	0	4676213	4683263	0.998495
chr6_mann_hap4	1	7050	4683263	0.00150536
chr6_mcf_hap5	0	4827098	4833398	0.998697
chr6_mcf_hap5	1	6300	4833398	0.00130343
chr6_qbl_hap6	0	4603734	4611984	0.998211
chr6_qbl_hap6	1	8250	4611984	0.00178882
chr6_ssto_hap7	0	4920874	4928567	0.998439
chr6_ssto_hap7	1	7686	4928567	0.00155948
chr6_ssto_hap7	2	7	4928567	1.42029e-06
chr7_gl000195_random	0	178091	182896	0.973728
chr7_gl000195_random	1	4710	182896	0.0257523
chr7_gl000195_random	2	95	182896	0.000519421
chr8_gl000196_random	0	38355	38914	0.985635
chr8_gl000196_random	1	518	38914	0.0133114
chr8_gl000196_random	2	41	38914	0.00105361
chr8_gl000197_random	0	36925	37175	0.993275
chr8_gl000197_random	1	250	37175	0.00672495
chr9_gl000198_random	0	87578	90085	0.972171
chr9_gl000198_random	1	2414	90085	0.0267969
chr9_gl000198_random	2	93	90085	0.00103236
chr9_gl000199_random	0	141313	169874	0.831869
chr9_gl000199_random	1	22990	169874	0.135336
chr9_gl000199_random	2	3935	169874	0.0231642
chr9_gl000199_random	3	914	169874	0.00538046
chr9_gl000199_random	4	320	169874	0.00188375
chr9_gl000199_random	5	169	169874	0.000994855
chr9_gl000199_random	6	96	169874	0.000565125
chr9_gl000199_random	7	78	169874	0.000459164
chr9_gl000199_random	8	12	169874	7.06406e-05
chr9_gl000199_random	9	6	169874	3.53203e-05
chr9_gl000199_random	10	3	169874	1.76601e-05
chr9_gl000199_random	11	5	169874	2.94336e-05
chr9_gl000199_random	12	2	169874	1.17734e-05
chr9_gl000199_random	13	11	169874	6.47539e-05
chr9_gl000199_random	14	4	169874	2.35469e-05
chr9_gl000199_random	15	13	169874	7.65273e-05
chr9_gl000199_random	16	3	169874	1.76601e-05
chr9_gl000200_random	0	185213	187035	0.990259
chr9_gl000200_random	1	1794	187035	0.00959179
chr9_gl000200_random	2	28	187035	0.000149705
chr9_gl000201_random	0	35998	36148	0.99585
chr9_gl000201_random	1	150	36148	0.00414961
chr11_gl000202_random	0	39703	40103	0.990026
chr11_gl000202_random	1	400	40103	0.00997432
chr17_ctg5_hap1	0	1672660	1680828	0.99514
chr17_ctg5_hap1	1	8136	1680828	0.00484047
chr17_ctg5_hap1	2	32	1680828	1.90382e-05
chr17_gl000203_random	0	37098	37498	0.989333
chr17_gl000203_random	1	400	37498	0.0106672
chr17_gl000204_random	0	80046	81310	0.984455
chr17_gl000204_random	1	1228	81310	0.0151027
chr17_gl000204_random	2	36	81310	0.00044275
chr17_gl000205_random	0	169960	174588	0.973492
chr17_gl000205_random	1	4606	174588	0.0263821
chr17_gl000205_random	2	22	174588	0.000126011
chr17_gl000206_random	0	40751	41001	0.993903
chr17_gl000206_random	1	250	41001	0.00609741
chr18_gl000207_random	0	4062	4262	0.953074
chr18_gl000207_random	1	200	4262	0.0469263
chr19_gl000208_random	0	87676	92689	0.945916
chr19_gl000208_random	1	4089	92689	0.0441153
chr19_gl000208_random	2	652	92689	0.00703428
chr19_gl000208_random	3	181	92689	0.00195277
chr19_gl000208_random	4	91	92689	0.000981778
chr19_gl000209_random	0	158169	159169	0.993717
chr19_gl000209_random	1	1000	159169	0.00628263
chr21_gl000210_random	0	27582	27682	0.996388
chr21_gl000210_random	1	100	27682	0.00361246
chrUn_gl000211	0	164076	166566	0.985051
chrUn_gl000211	1	2480	166566	0.014889
chrUn_gl000211	2	10	166566	6.00363e-05
chrUn_gl000212	0	183857	186858	0.98394
chrUn_gl000212	1	2952	186858	0.0157981
chrUn_gl000212	2	49	186858	0.000262231
chrUn_gl000213	0	163139	164239	0.993302
chrUn_gl000213	1	1100	164239	0.00669756
chrUn_gl000214	0	129084	137718	0.937307
chrUn_gl000214	1	7869	137718	0.0571385
chrUn_gl000214	2	664	137718	0.00482145
chrUn_gl000214	3	101	137718	0.000733383
chrUn_gl000215	0	171545	172545	0.994204
chrUn_gl000215	1	1000	172545	0.00579559
chrUn_gl000216	0	162589	172294	0.943672
chrUn_gl000216	1	8019	172294	0.0465425
chrUn_gl000216	2	1257	172294	0.00729567
chrUn_gl000216	3	226	172294	0.00131171
chrUn_gl000216	4	123	172294	0.000713896
chrUn_gl000216	5	45	172294	0.000261181
chrUn_gl000216	6	2	172294	1.16081e-05
chrUn_gl000216	7	4	172294	2.32161e-05
chrUn_gl000216	8	29	172294	0.000168317
chrUn_gl000217	0	166873	172149	0.969352
chrUn_gl000217	1	5052	172149	0.0293467
chrUn_gl000217	2	224	172149	0.0013012
chrUn_gl000218	0	157880	161147	0.979727
chrUn_gl000218	1	3234	161147	0.0200686
chrUn_gl000218	2	33	161147	0.000204782
chrUn_gl000219	0	175500	179198	0.979364
chrUn_gl000219	1	3646	179198	0.0203462
chrUn_gl000219	2	52	179198	0.000290182
chrUn_gl000220	0	114615	161802	0.708366
chrUn_gl000220	1	16611	161802	0.102663
chrUn_gl000220	2	10674	161802	0.0659695
chrUn_gl000220	3	7493	161802	0.0463097
chrUn_gl000220	4	5629	161802	0.0347894
chrUn_gl000220	5	3351	161802	0.0207105
chrUn_gl000220	6	1794	161802	0.0110876
chrUn_gl000220	7	982	161802	0.00606915
chrUn_gl000220	8	420	161802	0.00259577
chrUn_gl000220	9	171	161802	0.00105685
chrUn_gl000220	10	39	161802	0.000241035
chrUn_gl000220	11	12	161802	7.41647e-05
chrUn_gl000220	12	11	161802	6.79843e-05
chrUn_gl000221	0	150970	155397	0.971512
chrUn_gl000221	1	4404	155397	0.0283403
chrUn_gl000221	2	23	155397	0.000148008
chrUn_gl000222	0	185461	186861	0.992508
chrUn_gl000222	1	1400	186861	0.0074922
chrUn_gl000223	0	179005	180455	0.991965
chrUn_gl000223	1	1450	180455	0.00803524
chrUn_gl000224	0	174446	179693	0.9708
chrUn_gl000224	1	4592	179693	0.0255547
chrUn_gl000224	2	607	179693	0.00337798
chrUn_gl000224	3	48	179693	0.000267122
chrUn_gl000225	0	196777	211173	0.931828
chrUn_gl000225	1	12636	211173	0.0598372
chrUn_gl000225	2	1346	211173	0.00637392
chrUn_gl000225	3	309	211173	0.00146326
chrUn_gl000225	4	30	211173	0.000142064
chrUn_gl000225	5	75	211173	0.000355159
chrUn_gl000226	0	837	15008	0.0557703
chrUn_gl000226	1	1576	15008	0.105011
chrUn_gl000226	2	1913	15008	0.127465
chrUn_gl000226	3	2061	15008	0.137327
chrUn_gl000226	4	2280	15008	0.151919
chrUn_gl000226	5	1795	15008	0.119603
chrUn_gl000226	6	1642	15008	0.109408
chrUn_gl000226	7	1063	15008	0.0708289
chrUn_gl000226	8	712	15008	0.0474414
chrUn_gl000226	9	440	15008	0.0293177
chrUn_gl000226	10	273	15008	0.0181903
chrUn_gl000226	11	174	15008	0.0115938
chrUn_gl000226	12	106	15008	0.0070629
chrUn_gl000226	13	71	15008	0.00473081
chrUn_gl000226	14	45	15008	0.0029984
chrUn_gl000226	15	18	15008	0.00119936
chrUn_gl000226	16	2	15008	0.000133262
chrUn_gl000227	0	127224	128374	0.991042
chrUn_gl000227	1	1150	128374	0.0089582
chrUn_gl000228	0	127688	129120	0.98891
chrUn_gl000228	1	1264	129120	0.00978934
chrUn_gl000228	2	97	129120	0.000751239
chrUn_gl000228	3	42	129120	0.000325279
chrUn_gl000228	4	29	129120	0.000224597
chrUn_gl000229	0	19224	19913	0.9654
chrUn_gl000229	1	625	19913	0.0313865
chrUn_gl000229	2	17	19913	0.000853714
chrUn_gl000229	3	47	19913	0.00236027
chrUn_gl000230	0	43491	43691	0.995422
chrUn_gl000230	1	200	43691	0.0045776
chrUn_gl000231	0	26141	27386	0.954539
chrUn_gl000231	1	1240	27386	0.0452786
chrUn_gl000231	2	5	27386	0.000182575
chrUn_gl000232	0	38452	40652	0.945882
chrUn_gl000232	1	2200	40652	0.0541179
chrUn_gl000233	0	45491	45941	0.990205
chrUn_gl000233	1	450	45941	0.00979517
chrUn_gl000234	0	38772	40531	0.956601
chrUn_gl000234	1	1718	40531	0.0423873
chrUn_gl000234	2	41	40531	0.00101157
chrUn_gl000235	0	33864	34474	0.982306
chrUn_gl000235	1	570	34474	0.0165342
chrUn_gl000235	2	40	34474	0.00116029
chrUn_gl000236	0	41284	41934	0.984499
chrUn_gl000236	1	650	41934	0.0155005
chrUn_gl000237	0	44267	45867	0.965117
chrUn_gl000237	1	1600	45867	0.0348835
chrUn_gl000238	0	39689	39939	0.99374
chrUn_gl000238	1	250	39939	0.00625955
chrUn_gl000239	0	32824	33824	0.970435
chrUn_gl000239	1	1000	33824	0.0295648
chrUn_gl000240	0	41283	41933	0.984499
chrUn_gl000240	1	650	41933	0.0155009
chrUn_gl000241	0	39923	42152	0.94712
chrUn_gl000241	1	2158	42152	0.0511957
chrUn_gl000241	2	71	42152	0.00168438
chrUn_gl000243	0	42079	43341	0.970882
chrUn_gl000243	1	1224	43341	0.0282412
chrUn_gl000243	2	38	43341	0.000876768
chrUn_gl000244	0	39429	39929	0.987478
chrUn_gl000244	1	500	39929	0.0125222
chrUn_gl000245	0	35555	36651	0.970096
chrUn_gl000245	1	1042	36651	0.0284303
chrUn_gl000245	2	54	36651	0.00147336
chrUn_gl000246	0	38004	38154	0.996069
chrUn_gl000246	1	150	38154	0.00393144
chrUn_gl000247	0	35741	36422	0.981302
chrUn_gl000247	1	662	36422	0.0181758
chrUn_gl000247	2	19	36422	0.000521663
chrUn_gl000248	0	39486	39786	0.99246
chrUn_gl000248	1	300	39786	0.00754034
chrUn_gl000249	0	38402	38502	0.997403
chrUn_gl000249	1	100	38502	0.00259727
chrUn_gl000242	0	43523	43523	1
genome	0	3098074845	3137161264	0.987541
genome	1	38593480	3137161264	0.012302
genome	2	380356	3137161264	0.000121242
genome	3	39568	3137161264	1.26127e-05
genome	4	24144	3137161264	7.69613e-06
genome	5	14553	3137161264	4.63891e-06
genome	6	9484	3137161264	3.02312e-06
genome	7	6453	3137161264	2.05696e-06
genome	8	4145	3137161264	1.32126e-06
genome	9	2711	3137161264	8.64157e-07
genome	10	1839	3137161264	5.86199e-07
genome	11	1438	3137161264	4.58376e-07
genome	12	1153	3137161264	3.6753e-07
genome	13	811	3137161264	2.58514e-07
genome	14	798	3137161264	2.5437e-07
genome	15	673	3137161264	2.14525e-07
genome	16	439	3137161264	1.39935e-07
genome	17	418	3137161264	1.33241e-07
genome	18	415	3137161264	1.32285e-07
genome	19	316	3137161264	1.00728e-07
genome	20	258	3137161264	8.224e-08
genome	21	320	3137161264	1.02003e-07
genome	22	259	3137161264	8.25587e-08
genome	23	264	3137161264	8.41525e-08
genome	24	211	3137161264	6.72583e-08
genome	25	223	3137161264	7.10834e-08
genome	26	159	3137161264	5.06828e-08
genome	27	211	3137161264	6.72583e-08
genome	28	165	3137161264	5.25953e-08
genome	29	153	3137161264	4.87702e-08
genome	30	120	3137161264	3.82511e-08
genome	31	95	3137161264	3.02822e-08
genome	32	66	3137161264	2.10381e-08
genome	33	73	3137161264	2.32694e-08
genome	34	63	3137161264	2.00818e-08
genome	35	61	3137161264	1.94443e-08
genome	36	76	3137161264	2.42257e-08
genome	37	62	3137161264	1.97631e-08
genome	38	39	3137161264	1.24316e-08
genome	39	34	3137161264	1.08378e-08
genome	40	31	3137161264	9.88155e-09
genome	41	40	3137161264	1.27504e-08
genome	42	26	3137161264	8.28775e-09
genome	43	19	3137161264	6.05643e-09
genome	44	18	3137161264	5.73767e-09
genome	45	18	3137161264	5.73767e-09
genome	46	25	3137161264	7.96899e-09
genome	47	29	3137161264	9.24403e-09
genome	48	15	3137161264	4.78139e-09
genome	49	23	3137161264	7.33147e-09
genome	50	27	3137161264	8.60651e-09
genome	51	13	3137161264	4.14387e-09
genome	52	7	3137161264	2.23132e-09
genome	53	9	3137161264	2.86884e-09
genome	54	7	3137161264	2.23132e-09
genome	55	6	3137161264	1.91256e-09
