chrM	0	10185	16571	0.614628
chrM	1	4597	16571	0.277412
chrM	2	1479	16571	0.0892523
chrM	3	295	16571	0.0178022
chrM	4	15	16571	0.000905196
chr1	0	245419253	249250621	0.984628
chr1	1	3789386	249250621	0.0152031
chr1	2	39464	249250621	0.000158331
chr1	3	841	249250621	3.37411e-06
chr1	4	235	249250621	9.42826e-07
chr1	5	100	249250621	4.01203e-07
chr1	6	95	249250621	3.81142e-07
chr1	7	25	249250621	1.00301e-07
chr1	8	33	249250621	1.32397e-07
chr1	9	71	249250621	2.84854e-07
chr1	10	26	249250621	1.04313e-07
chr1	11	52	249250621	2.08625e-07
chr1	12	41	249250621	1.64493e-07
chr1	13	33	249250621	1.32397e-07
chr1	14	29	249250621	1.16349e-07
chr1	15	51	249250621	2.04613e-07
chr1	16	56	249250621	2.24673e-07
chr1	17	41	249250621	1.64493e-07
chr1	18	48	249250621	1.92577e-07
chr1	19	45	249250621	1.80541e-07
chr1	20	37	249250621	1.48445e-07
chr1	21	56	249250621	2.24673e-07
chr1	22	40	249250621	1.60481e-07
chr1	23	33	249250621	1.32397e-07
chr1	24	22	249250621	8.82646e-08
chr1	25	24	249250621	9.62886e-08
chr1	26	45	249250621	1.80541e-07
chr1	27	62	249250621	2.48746e-07
chr1	28	36	249250621	1.44433e-07
chr1	29	24	249250621	9.62886e-08
chr1	30	17	249250621	6.82044e-08
chr1	31	12	249250621	4.81443e-08
chr1	32	8	249250621	3.20962e-08
chr1	33	12	249250621	4.81443e-08
chr1	34	10	249250621	4.01203e-08
chr1	35	9	249250621	3.61082e-08
chr1	36	6	249250621	2.40722e-08
chr1	37	9	249250621	3.61082e-08
chr1	38	6	249250621	2.40722e-08
chr1	39	12	249250621	4.81443e-08
chr1	40	11	249250621	4.41323e-08
chr1	41	7	249250621	2.80842e-08
chr1	42	7	249250621	2.80842e-08
chr1	43	8	249250621	3.20962e-08
chr1	44	13	249250621	5.21563e-08
chr1	45	14	249250621	5.61684e-08
chr1	46	20	249250621	8.02405e-08
chr1	47	25	249250621	1.00301e-07
chr1	48	26	249250621	1.04313e-07
chr1	49	20	249250621	8.02405e-08
chr1	50	12	249250621	4.81443e-08
chr1	51	11	249250621	4.41323e-08
chr1	52	14	249250621	5.61684e-08
chr1	53	5	249250621	2.00601e-08
chr1	54	4	249250621	1.60481e-08
chr1	55	6	249250621	2.40722e-08
chr1	56	7	249250621	2.80842e-08
chr1	57	6	249250621	2.40722e-08
chr2	0	239363284	243199373	0.984227
chr2	1	3791131	243199373	0.0155886
chr2	2	36667	243199373	0.000150769
chr2	3	3669	243199373	1.50864e-05
chr2	4	1904	243199373	7.82897e-06
chr2	5	1076	243199373	4.42435e-06
chr2	6	455	243199373	1.87089e-06
chr2	7	389	243199373	1.59951e-06
chr2	8	309	243199373	1.27056e-06
chr2	9	99	243199373	4.07073e-07
chr2	10	94	243199373	3.86514e-07
chr2	11	77	243199373	3.16613e-07
chr2	12	113	243199373	4.64639e-07
chr2	13	35	243199373	1.43915e-07
chr2	14	24	243199373	9.86845e-08
chr2	15	17	243199373	6.99015e-08
chr2	16	2	243199373	8.22371e-09
chr2	17	9	243199373	3.70067e-08
chr2	18	19	243199373	7.81252e-08
chr3	0	195277338	198022430	0.986138
chr3	1	2724888	198022430	0.0137605
chr3	2	19910	198022430	0.000100544
chr3	3	166	198022430	8.38289e-07
chr3	4	12	198022430	6.05992e-08
chr3	5	1	198022430	5.04993e-09
chr3	6	4	198022430	2.01997e-08
chr3	7	2	198022430	1.00999e-08
chr3	8	2	198022430	1.00999e-08
chr3	9	4	198022430	2.01997e-08
chr3	10	3	198022430	1.51498e-08
chr3	11	2	198022430	1.00999e-08
chr3	12	1	198022430	5.04993e-09
chr3	13	3	198022430	1.51498e-08
chr3	14	1	198022430	5.04993e-09
chr3	15	2	198022430	1.00999e-08
chr3	16	1	198022430	5.04993e-09
chr3	17	2	198022430	1.00999e-08
chr3	18	1	198022430	5.04993e-09
chr3	19	2	198022430	1.00999e-08
chr3	20	2	198022430	1.00999e-08
chr3	21	3	198022430	1.51498e-08
chr3	22	3	198022430	1.51498e-08
chr3	23	1	198022430	5.04993e-09
chr3	24	6	198022430	3.02996e-08
chr3	25	2	198022430	1.00999e-08
chr3	26	3	198022430	1.51498e-08
chr3	27	1	198022430	5.04993e-09
chr3	28	3	198022430	1.51498e-08
chr3	29	6	198022430	3.02996e-08
chr3	30	4	198022430	2.01997e-08
chr3	31	1	198022430	5.04993e-09
chr3	32	1	198022430	5.04993e-09
chr3	33	3	198022430	1.51498e-08
chr3	34	4	198022430	2.01997e-08
chr3	35	4	198022430	2.01997e-08
chr3	36	2	198022430	1.00999e-08
chr3	37	3	198022430	1.51498e-08
chr3	38	4	198022430	2.01997e-08
chr3	39	3	198022430	1.51498e-08
chr3	40	5	198022430	2.52497e-08
chr3	41	9	198022430	4.54494e-08
chr3	42	4	198022430	2.01997e-08
chr3	43	2	198022430	1.00999e-08
chr3	44	4	198022430	2.01997e-08
chr3	45	2	198022430	1.00999e-08
chr4	0	189218634	191154276	0.989874
chr4	1	1916591	191154276	0.0100264
chr4	2	15664	191154276	8.19443e-05
chr4	3	1733	191154276	9.06598e-06
chr4	4	840	191154276	4.39436e-06
chr4	5	448	191154276	2.34366e-06
chr4	6	218	191154276	1.14044e-06
chr4	7	83	191154276	4.34204e-07
chr4	8	42	191154276	2.19718e-07
chr4	9	23	191154276	1.20322e-07
chr5	0	178859261	180915260	0.988636
chr5	1	2043684	180915260	0.0112964
chr5	2	12007	180915260	6.63681e-05
chr5	3	173	180915260	9.56249e-07
chr5	4	81	180915260	4.47723e-07
chr5	5	4	180915260	2.21098e-08
chr5	6	4	180915260	2.21098e-08
chr5	7	3	180915260	1.65823e-08
chr5	8	10	180915260	5.52745e-08
chr5	9	16	180915260	8.84392e-08
chr5	10	17	180915260	9.39666e-08
chr6	0	169255563	171115067	0.989133
chr6	1	1842358	171115067	0.0107668
chr6	2	13741	171115067	8.03027e-05
chr6	3	499	171115067	2.91617e-06
chr6	4	426	171115067	2.48955e-06
chr6	5	398	171115067	2.32592e-06
chr6	6	465	171115067	2.71747e-06
chr6	7	397	171115067	2.32008e-06
chr6	8	483	171115067	2.82266e-06
chr6	9	251	171115067	1.46685e-06
chr6	10	200	171115067	1.1688e-06
chr6	11	119	171115067	6.95438e-07
chr6	12	41	171115067	2.39605e-07
chr6	13	46	171115067	2.68825e-07
chr6	14	37	171115067	2.16229e-07
chr6	15	28	171115067	1.63633e-07
chr6	16	15	171115067	8.76603e-08
chr7	0	157021119	159138663	0.986694
chr7	1	2097654	159138663	0.0131813
chr7	2	15988	159138663	0.000100466
chr7	3	645	159138663	4.05307e-06
chr7	4	500	159138663	3.14191e-06
chr7	5	372	159138663	2.33758e-06
chr7	6	401	159138663	2.51982e-06
chr7	7	215	159138663	1.35102e-06
chr7	8	229	159138663	1.439e-06
chr7	9	207	159138663	1.30075e-06
chr7	10	180	159138663	1.13109e-06
chr7	11	111	159138663	6.97505e-07
chr7	12	66	159138663	4.14733e-07
chr7	13	78	159138663	4.90139e-07
chr7	14	59	159138663	3.70746e-07
chr7	15	48	159138663	3.01624e-07
chr7	16	73	159138663	4.58719e-07
chr7	17	89	159138663	5.59261e-07
chr7	18	62	159138663	3.89597e-07
chr7	19	72	159138663	4.52436e-07
chr7	20	69	159138663	4.33584e-07
chr7	21	77	159138663	4.83855e-07
chr7	22	72	159138663	4.52436e-07
chr7	23	71	159138663	4.46152e-07
chr7	24	59	159138663	3.70746e-07
chr7	25	38	159138663	2.38785e-07
chr7	26	29	159138663	1.82231e-07
chr7	27	26	159138663	1.6338e-07
chr7	28	32	159138663	2.01083e-07
chr7	29	14	159138663	8.79736e-08
chr7	30	5	159138663	3.14191e-08
chr7	31	3	159138663	1.88515e-08
chr8	0	144389728	146364022	0.986511
chr8	1	1950637	146364022	0.0133273
chr8	2	20204	146364022	0.000138039
chr8	3	2116	146364022	1.44571e-05
chr8	4	783	146364022	5.34968e-06
chr8	5	269	146364022	1.83788e-06
chr8	6	156	146364022	1.06584e-06
chr8	7	42	146364022	2.86956e-07
chr8	8	43	146364022	2.93788e-07
chr8	9	5	146364022	3.41614e-08
chr8	10	19	146364022	1.29813e-07
chr8	11	19	146364022	1.29813e-07
chr8	12	1	146364022	6.83228e-09
chr9	0	139705055	141213431	0.989319
chr9	1	1496031	141213431	0.0105941
chr9	2	11696	141213431	8.2825e-05
chr9	3	375	141213431	2.65555e-06
chr9	4	80	141213431	5.66518e-07
chr9	5	57	141213431	4.03644e-07
chr9	6	49	141213431	3.46992e-07
chr9	7	35	141213431	2.47852e-07
chr9	8	26	141213431	1.84118e-07
chr9	9	20	141213431	1.4163e-07
chr9	10	7	141213431	4.95704e-08
chr10	0	132753143	135534747	0.979477
chr10	1	2719598	135534747	0.0200657
chr10	2	47187	135534747	0.000348154
chr10	3	3097	135534747	2.28502e-05
chr10	4	1649	135534747	1.21666e-05
chr10	5	1343	135534747	9.9089e-06
chr10	6	1157	135534747	8.53656e-06
chr10	7	890	135534747	6.56658e-06
chr10	8	660	135534747	4.8696e-06
chr10	9	638	135534747	4.70728e-06
chr10	10	530	135534747	3.91044e-06
chr10	11	356	135534747	2.62663e-06
chr10	12	306	135534747	2.25772e-06
chr10	13	325	135534747	2.39791e-06
chr10	14	287	135534747	2.11754e-06
chr10	15	270	135534747	1.99211e-06
chr10	16	341	135534747	2.51596e-06
chr10	17	224	135534747	1.65271e-06
chr10	18	206	135534747	1.51991e-06
chr10	19	231	135534747	1.70436e-06
chr10	20	184	135534747	1.35759e-06
chr10	21	209	135534747	1.54204e-06
chr10	22	149	135534747	1.09935e-06
chr10	23	86	135534747	6.34524e-07
chr10	24	104	135534747	7.67331e-07
chr10	25	138	135534747	1.01819e-06
chr10	26	122	135534747	9.00138e-07
chr10	27	154	135534747	1.13624e-06
chr10	28	102	135534747	7.52575e-07
chr10	29	110	135534747	8.116e-07
chr10	30	95	135534747	7.00927e-07
chr10	31	118	135534747	8.70625e-07
chr10	32	116	135534747	8.55869e-07
chr10	33	102	135534747	7.52575e-07
chr10	34	74	135534747	5.45985e-07
chr10	35	67	135534747	4.94338e-07
chr10	36	63	135534747	4.64825e-07
chr10	37	50	135534747	3.68909e-07
chr10	38	46	135534747	3.39396e-07
chr10	39	35	135534747	2.58236e-07
chr10	40	37	135534747	2.72993e-07
chr10	41	18	135534747	1.32807e-07
chr10	42	21	135534747	1.54942e-07
chr10	43	22	135534747	1.6232e-07
chr10	44	18	135534747	1.32807e-07
chr10	45	25	135534747	1.84455e-07
chr10	46	8	135534747	5.90255e-08
chr10	47	12	135534747	8.85382e-08
chr10	48	6	135534747	4.42691e-08
chr10	49	2	135534747	1.47564e-08
chr10	50	4	135534747	2.95127e-08
chr10	51	2	135534747	1.47564e-08
chr10	52	4	135534747	2.95127e-08
chr10	53	1	135534747	7.37818e-09
chr10	54	4	135534747	2.95127e-08
chr10	55	1	135534747	7.37818e-09
chr11	0	132690203	135006516	0.982843
chr11	1	2291048	135006516	0.0169699
chr11	2	23323	135006516	0.000172755
chr11	3	740	135006516	5.48122e-06
chr11	4	350	135006516	2.59247e-06
chr11	5	291	135006516	2.15545e-06
chr11	6	150	135006516	1.11106e-06
chr11	7	116	135006516	8.59218e-07
chr11	8	108	135006516	7.99961e-07
chr11	9	69	135006516	5.11086e-07
chr11	10	58	135006516	4.29609e-07
chr11	11	26	135006516	1.92583e-07
chr11	12	24	135006516	1.77769e-07
chr11	13	10	135006516	7.40705e-08
chr12	0	132468083	133851895	0.989662
chr12	1	1375002	133851895	0.0102726
chr12	2	8623	133851895	6.44219e-05
chr12	3	146	133851895	1.09076e-06
chr12	4	41	133851895	3.06309e-07
chr13	0	114107416	115169878	0.990775
chr13	1	1056353	115169878	0.00917213
chr13	2	6080	115169878	5.27916e-05
chr13	3	29	115169878	2.51802e-07
chr14	0	106182648	107349540	0.98913
chr14	1	1157813	107349540	0.0107854
chr14	2	8958	107349540	8.3447e-05
chr14	3	113	107349540	1.05264e-06
chr14	4	8	107349540	7.45229e-08
chr15	0	101692317	102531392	0.991816
chr15	1	834810	102531392	0.00814199
chr15	2	4255	102531392	4.14995e-05
chr15	3	10	102531392	9.75311e-08
chr16	0	89442376	90354753	0.989902
chr16	1	878996	90354753	0.00972828
chr16	2	12473	90354753	0.000138045
chr16	3	6089	90354753	6.73899e-05
chr16	4	4167	90354753	4.61182e-05
chr16	5	3452	90354753	3.8205e-05
chr16	6	2671	90354753	2.95613e-05
chr16	7	1912	90354753	2.1161e-05
chr16	8	1157	90354753	1.28051e-05
chr16	9	644	90354753	7.12746e-06
chr16	10	314	90354753	3.47519e-06
chr16	11	221	90354753	2.44591e-06
chr16	12	94	90354753	1.04034e-06
chr16	13	53	90354753	5.86577e-07
chr16	14	64	90354753	7.08319e-07
chr16	15	58	90354753	6.41914e-07
chr16	16	7	90354753	7.74724e-08
chr16	17	5	90354753	5.53374e-08
chr17	0	80081239	81195210	0.98628
chr17	1	1102182	81195210	0.0135745
chr17	2	10641	81195210	0.000131055
chr17	3	676	81195210	8.32561e-06
chr17	4	201	81195210	2.47552e-06
chr17	5	105	81195210	1.29318e-06
chr17	6	28	81195210	3.44848e-07
chr17	7	59	81195210	7.26644e-07
chr17	8	18	81195210	2.21688e-07
chr17	9	11	81195210	1.35476e-07
chr17	10	1	81195210	1.2316e-08
chr17	11	4	81195210	4.9264e-08
chr17	12	15	81195210	1.8474e-07
chr17	13	14	81195210	1.72424e-07
chr17	14	6	81195210	7.3896e-08
chr17	15	6	81195210	7.3896e-08
chr17	16	3	81195210	3.6948e-08
chr17	17	1	81195210	1.2316e-08
chr18	0	77010494	78077248	0.986337
chr18	1	1057033	78077248	0.0135383
chr18	2	8628	78077248	0.000110506
chr18	3	369	78077248	4.72609e-06
chr18	4	174	78077248	2.22856e-06
chr18	5	197	78077248	2.52314e-06
chr18	6	159	78077248	2.03644e-06
chr18	7	87	78077248	1.11428e-06
chr18	8	21	78077248	2.68964e-07
chr18	9	11	78077248	1.40886e-07
chr18	10	10	78077248	1.28078e-07
chr18	11	13	78077248	1.66502e-07
chr18	12	22	78077248	2.81772e-07
chr18	13	7	78077248	8.96548e-08
chr18	14	3	78077248	3.84235e-08
chr18	15	5	78077248	6.40391e-08
chr18	16	1	78077248	1.28078e-08
chr18	17	2	78077248	2.56157e-08
chr18	18	4	78077248	5.12313e-08
chr18	19	4	78077248	5.12313e-08
chr18	20	4	78077248	5.12313e-08
chr19	0	58356761	59128983	0.98694
chr19	1	763431	59128983	0.0129113
chr19	2	6387	59128983	0.000108018
chr19	3	553	59128983	9.35243e-06
chr19	4	358	59128983	6.05456e-06
chr19	5	232	59128983	3.92363e-06
chr19	6	249	59128983	4.21113e-06
chr19	7	217	59128983	3.66994e-06
chr19	8	64	59128983	1.08238e-06
chr19	9	96	59128983	1.62357e-06
chr19	10	75	59128983	1.26841e-06
chr19	11	102	59128983	1.72504e-06
chr19	12	41	59128983	6.93399e-07
chr19	13	20	59128983	3.38244e-07
chr19	14	23	59128983	3.8898e-07
chr19	15	46	59128983	7.7796e-07
chr19	16	29	59128983	4.90453e-07
chr19	17	48	59128983	8.11785e-07
chr19	18	30	59128983	5.07365e-07
chr19	19	38	59128983	6.42663e-07
chr19	20	44	59128983	7.44136e-07
chr19	21	29	59128983	4.90453e-07
chr19	22	39	59128983	6.59575e-07
chr19	23	16	59128983	2.70595e-07
chr19	24	11	59128983	1.86034e-07
chr19	25	13	59128983	2.19858e-07
chr19	26	18	59128983	3.04419e-07
chr19	27	10	59128983	1.69122e-07
chr19	28	2	59128983	3.38244e-08
chr19	29	1	59128983	1.69122e-08
chr20	0	62186684	63025520	0.986691
chr20	1	832507	63025520	0.013209
chr20	2	6156	63025520	9.76747e-05
chr20	3	44	63025520	6.9813e-07
chr20	4	96	63025520	1.52319e-06
chr20	5	33	63025520	5.23597e-07
chr21	0	47715718	48129895	0.991395
chr21	1	409918	48129895	0.00851691
chr21	2	3542	48129895	7.35925e-05
chr21	3	433	48129895	8.99649e-06
chr21	4	126	48129895	2.61792e-06
chr21	5	26	48129895	5.40205e-07
chr21	6	21	48129895	4.36319e-07
chr21	7	23	48129895	4.77873e-07
chr21	8	60	48129895	1.24663e-06
chr21	9	2	48129895	4.15542e-08
chr21	10	6	48129895	1.24663e-07
chr21	11	20	48129895	4.15542e-07
chr22	0	50945901	51304566	0.993009
chr22	1	357072	51304566	0.00695985
chr22	2	1491	51304566	2.90617e-05
chr22	3	41	51304566	7.99149e-07
chr22	4	2	51304566	3.89829e-08
chr22	5	4	51304566	7.79658e-08
chr22	6	1	51304566	1.94914e-08
chr22	7	1	51304566	1.94914e-08
chr22	8	1	51304566	1.94914e-08
chr22	9	2	51304566	3.89829e-08
chr22	11	2	51304566	3.89829e-08
chr22	12	1	51304566	1.94914e-08
chr22	13	1	51304566	1.94914e-08
chr22	14	1	51304566	1.94914e-08
chr22	15	4	51304566	7.79658e-08
chr22	16	2	51304566	3.89829e-08
chr22	17	1	51304566	1.94914e-08
chr22	18	9	51304566	1.75423e-07
chr22	19	6	51304566	1.16949e-07
chr22	20	23	51304566	4.48303e-07
chrX	0	153453886	155270560	0.9883
chrX	1	1777963	155270560	0.0114507
chrX	2	20772	155270560	0.000133779
chrX	3	7544	155270560	4.85862e-05
chrX	4	4792	155270560	3.08623e-05
chrX	5	2555	155270560	1.64551e-05
chrX	6	1403	155270560	9.03584e-06
chrX	7	774	155270560	4.98485e-06
chrX	8	358	155270560	2.30565e-06
chrX	9	196	155270560	1.26231e-06
chrX	10	109	155270560	7.02e-07
chrX	11	51	155270560	3.28459e-07
chrX	12	28	155270560	1.8033e-07
chrX	13	31	155270560	1.99651e-07
chrX	14	32	155270560	2.06092e-07
chrX	15	18	155270560	1.15927e-07
chrX	16	10	155270560	6.44037e-08
chrX	17	7	155270560	4.50826e-08
chrX	18	2	155270560	1.28807e-08
chrX	19	2	155270560	1.28807e-08
chrX	20	2	155270560	1.28807e-08
chrX	21	11	155270560	7.08441e-08
chrX	22	4	155270560	2.57615e-08
chrX	23	7	155270560	4.50826e-08
chrX	24	2	155270560	1.28807e-08
chrX	25	1	155270560	6.44037e-09
chrY	0	59310783	59373566	0.998943
chrY	1	59229	59373566	0.000997565
chrY	2	2527	59373566	4.2561e-05
chrY	3	639	59373566	1.07624e-05
chrY	4	116	59373566	1.95373e-06
chrY	5	104	59373566	1.75162e-06
chrY	6	44	59373566	7.4107e-07
chrY	7	16	59373566	2.6948e-07
chrY	8	15	59373566	2.52638e-07
chrY	9	8	59373566	1.3474e-07
chrY	10	9	59373566	1.51583e-07
chrY	11	15	59373566	2.52638e-07
chrY	12	26	59373566	4.37905e-07
chrY	13	21	59373566	3.53693e-07
chrY	14	5	59373566	8.42126e-08
chrY	15	6	59373566	1.01055e-07
chrY	16	3	59373566	5.05275e-08
chr1_gl000191_random	0	106033	106433	0.996242
chr1_gl000191_random	1	400	106433	0.00375823
chr1_gl000192_random	0	536640	547496	0.980172
chr1_gl000192_random	1	10712	547496	0.0195654
chr1_gl000192_random	2	144	547496	0.000263016
chr4_ctg9_hap1	0	588126	590426	0.996104
chr4_ctg9_hap1	1	2300	590426	0.00389549
chr4_gl000193_random	0	186576	189789	0.983071
chr4_gl000193_random	1	3176	189789	0.0167344
chr4_gl000193_random	2	37	189789	0.000194953
chr4_gl000194_random	0	186687	191469	0.975025
chr4_gl000194_random	1	4714	191469	0.0246202
chr4_gl000194_random	2	68	191469	0.000355149
chr6_apd_hap1	0	4618390	4622290	0.999156
chr6_apd_hap1	1	3900	4622290	0.000843738
chr6_cox_hap2	0	4785785	4795371	0.998001
chr6_cox_hap2	1	9572	4795371	0.00199609
chr6_cox_hap2	2	14	4795371	2.91948e-06
chr6_dbb_hap3	0	4602346	4610396	0.998254
chr6_dbb_hap3	1	8050	4610396	0.00174605
chr6_mann_hap4	0	4674913	4683263	0.998217
chr6_mann_hap4	1	8350	4683263	0.00178294
chr6_mcf_hap5	0	4825848	4833398	0.998438
chr6_mcf_hap5	1	7550	4833398	0.00156205
chr6_qbl_hap6	0	4604289	4611984	0.998332
chr6_qbl_hap6	1	7690	4611984	0.0016674
chr6_qbl_hap6	2	5	4611984	1.08413e-06
chr6_ssto_hap7	0	4920717	4928567	0.998407
chr6_ssto_hap7	1	7850	4928567	0.00159276
chr7_gl000195_random	0	178710	182896	0.977113
chr7_gl000195_random	1	4122	182896	0.0225374
chr7_gl000195_random	2	64	182896	0.000349926
chr8_gl000196_random	0	38314	38914	0.984581
chr8_gl000196_random	1	600	38914	0.0154186
chr8_gl000197_random	0	36875	37175	0.99193
chr8_gl000197_random	1	300	37175	0.00806994
chr9_gl000198_random	0	87649	90085	0.972959
chr9_gl000198_random	1	2422	90085	0.0268857
chr9_gl000198_random	2	14	90085	0.000155409
chr9_gl000199_random	0	142749	169874	0.840323
chr9_gl000199_random	1	21466	169874	0.126364
chr9_gl000199_random	2	3748	169874	0.0220634
chr9_gl000199_random	3	1182	169874	0.0069581
chr9_gl000199_random	4	339	169874	0.0019956
chr9_gl000199_random	5	151	169874	0.000888894
chr9_gl000199_random	6	126	169874	0.000741726
chr9_gl000199_random	7	34	169874	0.000200148
chr9_gl000199_random	8	17	169874	0.000100074
chr9_gl000199_random	9	31	169874	0.000182488
chr9_gl000199_random	10	22	169874	0.000129508
chr9_gl000199_random	11	6	169874	3.53203e-05
chr9_gl000199_random	12	3	169874	1.76601e-05
chr9_gl000200_random	0	186240	187035	0.995749
chr9_gl000200_random	1	790	187035	0.00422381
chr9_gl000200_random	2	5	187035	2.6733e-05
chr9_gl000201_random	0	36048	36148	0.997234
chr9_gl000201_random	1	100	36148	0.0027664
chr11_gl000202_random	0	39553	40103	0.986285
chr11_gl000202_random	1	550	40103	0.0137147
chr17_ctg5_hap1	0	1673492	1680828	0.995636
chr17_ctg5_hap1	1	7322	1680828	0.00435619
chr17_ctg5_hap1	2	14	1680828	8.32923e-06
chr17_gl000203_random	0	37198	37498	0.992
chr17_gl000203_random	1	300	37498	0.00800043
chr17_gl000204_random	0	79865	81310	0.982229
chr17_gl000204_random	1	1440	81310	0.01771
chr17_gl000204_random	2	5	81310	6.14931e-05
chr17_gl000205_random	0	170951	174588	0.979168
chr17_gl000205_random	1	3574	174588	0.0204711
chr17_gl000205_random	2	63	174588	0.00036085
chr17_gl000206_random	0	40801	41001	0.995122
chr17_gl000206_random	1	200	41001	0.00487793
chr18_gl000207_random	0	4212	4262	0.988268
chr18_gl000207_random	1	50	4262	0.0117316
chr19_gl000208_random	0	87128	92689	0.940004
chr19_gl000208_random	1	4441	92689	0.0479129
chr19_gl000208_random	2	838	92689	0.00904099
chr19_gl000208_random	3	221	92689	0.00238432
chr19_gl000208_random	4	21	92689	0.000226564
chr19_gl000208_random	5	13	92689	0.000140254
chr19_gl000208_random	6	18	92689	0.000194198
chr19_gl000208_random	7	9	92689	9.70989e-05
chr19_gl000209_random	0	157359	159169	0.988628
chr19_gl000209_random	1	1770	159169	0.0111203
chr19_gl000209_random	2	40	159169	0.000251305
chrUn_gl000211	0	163472	166566	0.981425
chrUn_gl000211	1	2988	166566	0.0179388
chrUn_gl000211	2	106	166566	0.000636384
chrUn_gl000212	0	183002	186858	0.979364
chrUn_gl000212	1	3725	186858	0.0199349
chrUn_gl000212	2	118	186858	0.000631496
chrUn_gl000212	3	13	186858	6.95715e-05
chrUn_gl000213	0	163289	164239	0.994216
chrUn_gl000213	1	950	164239	0.00578425
chrUn_gl000214	0	129983	137718	0.943834
chrUn_gl000214	1	7306	137718	0.0530504
chrUn_gl000214	2	379	137718	0.002752
chrUn_gl000214	3	14	137718	0.000101657
chrUn_gl000214	4	36	137718	0.000261404
chrUn_gl000215	0	171945	172545	0.996523
chrUn_gl000215	1	600	172545	0.00347735
chrUn_gl000216	0	162143	172294	0.941083
chrUn_gl000216	1	7794	172294	0.0452366
chrUn_gl000216	2	1632	172294	0.00947218
chrUn_gl000216	3	448	172294	0.00260021
chrUn_gl000216	4	94	172294	0.000545579
chrUn_gl000216	5	26	172294	0.000150905
chrUn_gl000216	6	21	172294	0.000121885
chrUn_gl000216	7	59	172294	0.000342438
chrUn_gl000216	8	40	172294	0.000232161
chrUn_gl000216	9	37	172294	0.000214749
chrUn_gl000217	0	166815	172149	0.969015
chrUn_gl000217	1	5318	172149	0.0308918
chrUn_gl000217	2	16	172149	9.29427e-05
chrUn_gl000218	0	157420	161147	0.976872
chrUn_gl000218	1	3704	161147	0.0229852
chrUn_gl000218	2	23	161147	0.000142727
chrUn_gl000219	0	176809	179198	0.986668
chrUn_gl000219	1	2378	179198	0.0132702
chrUn_gl000219	2	11	179198	6.13846e-05
chrUn_gl000220	0	116952	161802	0.722809
chrUn_gl000220	1	17622	161802	0.108911
chrUn_gl000220	2	9752	161802	0.0602712
chrUn_gl000220	3	6829	161802	0.0422059
chrUn_gl000220	4	4793	161802	0.0296226
chrUn_gl000220	5	2884	161802	0.0178243
chrUn_gl000220	6	1529	161802	0.00944982
chrUn_gl000220	7	873	161802	0.00539548
chrUn_gl000220	8	358	161802	0.00221258
chrUn_gl000220	9	120	161802	0.000741647
chrUn_gl000220	10	36	161802	0.000222494
chrUn_gl000220	11	42	161802	0.000259577
chrUn_gl000220	12	12	161802	7.41647e-05
chrUn_gl000221	0	151554	155397	0.97527
chrUn_gl000221	1	3736	155397	0.0240416
chrUn_gl000221	2	107	155397	0.000688559
chrUn_gl000222	0	185861	186861	0.994648
chrUn_gl000222	1	1000	186861	0.00535157
chrUn_gl000223	0	179405	180455	0.994181
chrUn_gl000223	1	1050	180455	0.00581862
chrUn_gl000224	0	175059	179693	0.974212
chrUn_gl000224	1	3988	179693	0.0221934
chrUn_gl000224	2	576	179693	0.00320547
chrUn_gl000224	3	70	179693	0.000389553
chrUn_gl000225	0	194203	211173	0.919639
chrUn_gl000225	1	14965	211173	0.0708661
chrUn_gl000225	2	1573	211173	0.00744887
chrUn_gl000225	3	266	211173	0.00125963
chrUn_gl000225	4	113	211173	0.000535106
chrUn_gl000225	5	6	211173	2.84127e-05
chrUn_gl000225	6	2	211173	9.47091e-06
chrUn_gl000225	7	26	211173	0.000123122
chrUn_gl000225	8	6	211173	2.84127e-05
chrUn_gl000225	9	13	211173	6.15609e-05
chrUn_gl000226	0	1316	15008	0.0876866
chrUn_gl000226	1	1699	15008	0.113206
chrUn_gl000226	2	2387	15008	0.159049
chrUn_gl000226	3	2623	15008	0.174773
chrUn_gl000226	4	2042	15008	0.136061
chrUn_gl000226	5	1753	15008	0.116804
chrUn_gl000226	6	1274	15008	0.0848881
chrUn_gl000226	7	844	15008	0.0562367
chrUn_gl000226	8	491	15008	0.0327159
chrUn_gl000226	9	284	15008	0.0189232
chrUn_gl000226	10	130	15008	0.00866205
chrUn_gl000226	11	72	15008	0.00479744
chrUn_gl000226	12	68	15008	0.00453092
chrUn_gl000226	13	19	15008	0.00126599
chrUn_gl000226	14	6	15008	0.000399787
chrUn_gl000227	0	127574	128374	0.993768
chrUn_gl000227	1	800	128374	0.00623179
chrUn_gl000228	0	126972	129120	0.983364
chrUn_gl000228	1	1965	129120	0.0152184
chrUn_gl000228	2	104	129120	0.000805452
chrUn_gl000228	3	41	129120	0.000317534
chrUn_gl000228	4	36	129120	0.00027881
chrUn_gl000228	5	2	129120	1.54895e-05
chrUn_gl000229	0	19363	19913	0.97238
chrUn_gl000229	1	550	19913	0.0276201
chrUn_gl000230	0	43291	43691	0.990845
chrUn_gl000230	1	400	43691	0.0091552
chrUn_gl000231	0	26536	27386	0.968962
chrUn_gl000231	1	850	27386	0.0310378
chrUn_gl000232	0	39602	40652	0.974171
chrUn_gl000232	1	1050	40652	0.025829
chrUn_gl000233	0	45441	45941	0.989116
chrUn_gl000233	1	500	45941	0.0108835
chrUn_gl000234	0	39581	40531	0.976561
chrUn_gl000234	1	950	40531	0.0234388
chrUn_gl000235	0	33774	34474	0.979695
chrUn_gl000235	1	700	34474	0.0203052
chrUn_gl000236	0	41334	41934	0.985692
chrUn_gl000236	1	600	41934	0.0143082
chrUn_gl000237	0	44667	45867	0.973837
chrUn_gl000237	1	1200	45867	0.0261626
chrUn_gl000238	0	39489	39939	0.988733
chrUn_gl000238	1	450	39939	0.0112672
chrUn_gl000239	0	32548	33824	0.962275
chrUn_gl000239	1	1252	33824	0.0370151
chrUn_gl000239	2	24	33824	0.000709555
chrUn_gl000240	0	41333	41933	0.985691
chrUn_gl000240	1	600	41933	0.0143085
chrUn_gl000241	0	40436	42152	0.95929
chrUn_gl000241	1	1632	42152	0.038717
chrUn_gl000241	2	84	42152	0.00199279
chrUn_gl000242	0	43223	43523	0.993107
chrUn_gl000242	1	300	43523	0.00689291
chrUn_gl000243	0	42391	43341	0.978081
chrUn_gl000243	1	950	43341	0.0219192
chrUn_gl000244	0	39479	39929	0.98873
chrUn_gl000244	1	450	39929	0.01127
chrUn_gl000245	0	35688	36651	0.973725
chrUn_gl000245	1	926	36651	0.0252653
chrUn_gl000245	2	37	36651	0.00100952
chrUn_gl000246	0	37804	38154	0.990827
chrUn_gl000246	1	350	38154	0.00917335
chrUn_gl000247	0	35922	36422	0.986272
chrUn_gl000247	1	500	36422	0.013728
chrUn_gl000248	0	39736	39786	0.998743
chrUn_gl000248	1	50	39786	0.00125672
chrUn_gl000249	0	38152	38502	0.99091
chrUn_gl000249	1	350	38502	0.00909044
chr21_gl000210_random	0	27682	27682	1
genome	0	3098111812	3137161264	0.987553
genome	1	38549821	3137161264	0.0122881
genome	2	379851	3137161264	0.000121081
genome	3	42742	3137161264	1.36244e-05
genome	4	24430	3137161264	7.78729e-06
genome	5	15902	3137161264	5.06891e-06
genome	6	10700	3137161264	3.41073e-06
genome	7	7131	3137161264	2.27307e-06
genome	8	4551	3137161264	1.45067e-06
genome	9	2858	3137161264	9.11015e-07
genome	10	1846	3137161264	5.8843e-07
genome	11	1310	3137161264	4.17575e-07
genome	12	903	3137161264	2.8784e-07
genome	13	696	3137161264	2.21857e-07
genome	14	577	3137161264	1.83924e-07
genome	15	559	3137161264	1.78187e-07
genome	16	543	3137161264	1.73086e-07
genome	17	429	3137161264	1.36748e-07
genome	18	381	3137161264	1.21447e-07
genome	19	400	3137161264	1.27504e-07
genome	20	365	3137161264	1.16347e-07
genome	21	385	3137161264	1.22722e-07
genome	22	307	3137161264	9.78592e-08
genome	23	214	3137161264	6.82145e-08
genome	24	204	3137161264	6.50269e-08
genome	25	216	3137161264	6.88521e-08
genome	26	217	3137161264	6.91708e-08
genome	27	253	3137161264	8.06462e-08
genome	28	175	3137161264	5.57829e-08
genome	29	155	3137161264	4.94077e-08
genome	30	121	3137161264	3.85699e-08
genome	31	134	3137161264	4.27138e-08
genome	32	125	3137161264	3.98449e-08
genome	33	117	3137161264	3.72949e-08
genome	34	88	3137161264	2.80508e-08
genome	35	80	3137161264	2.55008e-08
genome	36	71	3137161264	2.26319e-08
genome	37	62	3137161264	1.97631e-08
genome	38	56	3137161264	1.78505e-08
genome	39	50	3137161264	1.5938e-08
genome	40	53	3137161264	1.68943e-08
genome	41	34	3137161264	1.08378e-08
genome	42	32	3137161264	1.02003e-08
genome	43	32	3137161264	1.02003e-08
genome	44	35	3137161264	1.11566e-08
genome	45	41	3137161264	1.30691e-08
genome	46	28	3137161264	8.92527e-09
genome	47	37	3137161264	1.17941e-08
genome	48	32	3137161264	1.02003e-08
genome	49	22	3137161264	7.01271e-09
genome	50	16	3137161264	5.10015e-09
genome	51	13	3137161264	4.14387e-09
genome	52	18	3137161264	5.73767e-09
genome	53	6	3137161264	1.91256e-09
genome	54	8	3137161264	2.55008e-09
genome	55	7	3137161264	2.23132e-09
genome	56	7	3137161264	2.23132e-09
genome	57	6	3137161264	1.91256e-09
