chrM	0	15230	16571	0.919075
chrM	1	1282	16571	0.0773641
chrM	2	59	16571	0.00356044
chr1	0	245443643	249250621	0.984726
chr1	1	3765816	249250621	0.0151086
chr1	2	38576	249250621	0.000154768
chr1	3	793	249250621	3.18154e-06
chr1	4	319	249250621	1.27984e-06
chr1	5	147	249250621	5.89768e-07
chr1	6	45	249250621	1.80541e-07
chr1	7	51	249250621	2.04613e-07
chr1	8	55	249250621	2.20661e-07
chr1	9	74	249250621	2.9689e-07
chr1	10	24	249250621	9.62886e-08
chr1	11	21	249250621	8.42525e-08
chr1	12	15	249250621	6.01804e-08
chr1	13	31	249250621	1.24373e-07
chr1	14	67	249250621	2.68806e-07
chr1	15	56	249250621	2.24673e-07
chr1	16	59	249250621	2.3671e-07
chr1	17	42	249250621	1.68505e-07
chr1	18	40	249250621	1.60481e-07
chr1	19	26	249250621	1.04313e-07
chr1	20	39	249250621	1.56469e-07
chr1	21	52	249250621	2.08625e-07
chr1	22	47	249250621	1.88565e-07
chr1	23	47	249250621	1.88565e-07
chr1	24	57	249250621	2.28685e-07
chr1	25	40	249250621	1.60481e-07
chr1	26	26	249250621	1.04313e-07
chr1	27	30	249250621	1.20361e-07
chr1	28	24	249250621	9.62886e-08
chr1	29	18	249250621	7.22165e-08
chr1	30	25	249250621	1.00301e-07
chr1	31	14	249250621	5.61684e-08
chr1	32	9	249250621	3.61082e-08
chr1	33	16	249250621	6.41924e-08
chr1	34	12	249250621	4.81443e-08
chr1	35	6	249250621	2.40722e-08
chr1	36	6	249250621	2.40722e-08
chr1	37	8	249250621	3.20962e-08
chr1	38	9	249250621	3.61082e-08
chr1	39	11	249250621	4.41323e-08
chr1	40	7	249250621	2.80842e-08
chr1	41	5	249250621	2.00601e-08
chr1	42	4	249250621	1.60481e-08
chr1	43	7	249250621	2.80842e-08
chr1	44	10	249250621	4.01203e-08
chr1	45	10	249250621	4.01203e-08
chr1	46	8	249250621	3.20962e-08
chr1	47	2	249250621	8.02405e-09
chr1	48	8	249250621	3.20962e-08
chr1	49	6	249250621	2.40722e-08
chr1	50	8	249250621	3.20962e-08
chr1	51	9	249250621	3.61082e-08
chr1	52	20	249250621	8.02405e-08
chr1	53	9	249250621	3.61082e-08
chr1	54	25	249250621	1.00301e-07
chr1	55	26	249250621	1.04313e-07
chr1	56	11	249250621	4.41323e-08
chr1	57	8	249250621	3.20962e-08
chr1	58	10	249250621	4.01203e-08
chr1	59	7	249250621	2.80842e-08
chr1	60	15	249250621	6.01804e-08
chr1	61	6	249250621	2.40722e-08
chr1	62	4	249250621	1.60481e-08
chr2	0	239517171	243199373	0.984859
chr2	1	3639487	243199373	0.014965
chr2	2	34778	243199373	0.000143002
chr2	3	3080	243199373	1.26645e-05
chr2	4	1866	243199373	7.67272e-06
chr2	5	1412	243199373	5.80594e-06
chr2	6	600	243199373	2.46711e-06
chr2	7	304	243199373	1.25e-06
chr2	8	178	243199373	7.3191e-07
chr2	9	73	243199373	3.00165e-07
chr2	10	88	243199373	3.61843e-07
chr2	11	196	243199373	8.05923e-07
chr2	12	27	243199373	1.1102e-07
chr2	13	18	243199373	7.40134e-08
chr2	14	23	243199373	9.45726e-08
chr2	15	25	243199373	1.02796e-07
chr2	16	6	243199373	2.46711e-08
chr2	17	13	243199373	5.34541e-08
chr2	18	6	243199373	2.46711e-08
chr2	19	22	243199373	9.04608e-08
chr3	0	195440192	198022430	0.98696
chr3	1	2564814	198022430	0.0129521
chr3	2	17074	198022430	8.62226e-05
chr3	3	235	198022430	1.18673e-06
chr3	4	3	198022430	1.51498e-08
chr3	5	4	198022430	2.01997e-08
chr3	6	1	198022430	5.04993e-09
chr3	7	4	198022430	2.01997e-08
chr3	8	2	198022430	1.00999e-08
chr3	9	1	198022430	5.04993e-09
chr3	10	3	198022430	1.51498e-08
chr3	11	2	198022430	1.00999e-08
chr3	12	2	198022430	1.00999e-08
chr3	13	1	198022430	5.04993e-09
chr3	14	1	198022430	5.04993e-09
chr3	15	2	198022430	1.00999e-08
chr3	16	6	198022430	3.02996e-08
chr3	18	2	198022430	1.00999e-08
chr3	19	2	198022430	1.00999e-08
chr3	20	3	198022430	1.51498e-08
chr3	21	5	198022430	2.52497e-08
chr3	22	3	198022430	1.51498e-08
chr3	23	2	198022430	1.00999e-08
chr3	24	3	198022430	1.51498e-08
chr3	26	2	198022430	1.00999e-08
chr3	27	2	198022430	1.00999e-08
chr3	28	3	198022430	1.51498e-08
chr3	29	2	198022430	1.00999e-08
chr3	30	2	198022430	1.00999e-08
chr3	31	2	198022430	1.00999e-08
chr3	33	2	198022430	1.00999e-08
chr3	34	2	198022430	1.00999e-08
chr3	35	2	198022430	1.00999e-08
chr3	36	3	198022430	1.51498e-08
chr3	37	2	198022430	1.00999e-08
chr3	38	2	198022430	1.00999e-08
chr3	40	3	198022430	1.51498e-08
chr3	41	2	198022430	1.00999e-08
chr3	42	4	198022430	2.01997e-08
chr3	43	10	198022430	5.04993e-08
chr3	44	6	198022430	3.02996e-08
chr3	45	8	198022430	4.03995e-08
chr3	46	4	198022430	2.01997e-08
chr4	0	189459639	191154276	0.991135
chr4	1	1678521	191154276	0.00878098
chr4	2	13056	191154276	6.83009e-05
chr4	3	1545	191154276	8.08248e-06
chr4	4	739	191154276	3.86599e-06
chr4	5	397	191154276	2.07686e-06
chr4	6	121	191154276	6.32997e-07
chr4	7	100	191154276	5.23138e-07
chr4	8	30	191154276	1.56941e-07
chr4	9	35	191154276	1.83098e-07
chr4	10	28	191154276	1.46479e-07
chr4	11	50	191154276	2.61569e-07
chr4	12	15	191154276	7.84706e-08
chr5	0	178985748	180915260	0.989335
chr5	1	1917923	180915260	0.0106012
chr5	2	11161	180915260	6.16919e-05
chr5	3	357	180915260	1.9733e-06
chr5	4	71	180915260	3.92449e-07
chr6	0	169218902	171115067	0.988919
chr6	1	1877800	171115067	0.0109739
chr6	2	14660	171115067	8.56733e-05
chr6	3	504	171115067	2.94539e-06
chr6	4	380	171115067	2.22073e-06
chr6	5	257	171115067	1.50191e-06
chr6	6	363	171115067	2.12138e-06
chr6	7	341	171115067	1.99281e-06
chr6	8	393	171115067	2.2967e-06
chr6	9	338	171115067	1.97528e-06
chr6	10	315	171115067	1.84087e-06
chr6	11	235	171115067	1.37334e-06
chr6	12	198	171115067	1.15712e-06
chr6	13	119	171115067	6.95438e-07
chr6	14	96	171115067	5.61026e-07
chr6	15	59	171115067	3.44797e-07
chr6	16	57	171115067	3.33109e-07
chr6	17	39	171115067	2.27917e-07
chr6	18	9	171115067	5.25962e-08
chr6	19	2	171115067	1.1688e-08
chr7	0	156865742	159138663	0.985717
chr7	1	2251026	159138663	0.0141451
chr7	2	17862	159138663	0.000112242
chr7	3	762	159138663	4.78828e-06
chr7	4	410	159138663	2.57637e-06
chr7	5	283	159138663	1.77832e-06
chr7	6	336	159138663	2.11137e-06
chr7	7	277	159138663	1.74062e-06
chr7	8	210	159138663	1.3196e-06
chr7	9	203	159138663	1.27562e-06
chr7	10	202	159138663	1.26933e-06
chr7	11	138	159138663	8.67168e-07
chr7	12	121	159138663	7.60343e-07
chr7	13	101	159138663	6.34667e-07
chr7	14	92	159138663	5.78112e-07
chr7	15	83	159138663	5.21558e-07
chr7	16	64	159138663	4.02165e-07
chr7	17	49	159138663	3.07908e-07
chr7	18	66	159138663	4.14733e-07
chr7	19	54	159138663	3.39327e-07
chr7	20	43	159138663	2.70205e-07
chr7	21	49	159138663	3.07908e-07
chr7	22	76	159138663	4.77571e-07
chr7	23	79	159138663	4.96422e-07
chr7	24	43	159138663	2.70205e-07
chr7	25	31	159138663	1.94799e-07
chr7	26	24	159138663	1.50812e-07
chr7	27	28	159138663	1.75947e-07
chr7	28	23	159138663	1.44528e-07
chr7	29	35	159138663	2.19934e-07
chr7	30	30	159138663	1.88515e-07
chr7	31	21	159138663	1.3196e-07
chr7	32	34	159138663	2.1365e-07
chr7	33	16	159138663	1.00541e-07
chr7	34	18	159138663	1.13109e-07
chr7	35	19	159138663	1.19393e-07
chr7	36	9	159138663	5.65545e-08
chr7	37	4	159138663	2.51353e-08
chr8	0	144404944	146364022	0.986615
chr8	1	1935783	146364022	0.0132258
chr8	2	20727	146364022	0.000141613
chr8	3	1648	146364022	1.12596e-05
chr8	4	568	146364022	3.88074e-06
chr8	5	193	146364022	1.31863e-06
chr8	6	72	146364022	4.91924e-07
chr8	7	53	146364022	3.62111e-07
chr8	8	27	146364022	1.84472e-07
chr8	9	7	146364022	4.7826e-08
chr9	0	139772973	141213431	0.989799
chr9	1	1429296	141213431	0.0101215
chr9	2	10646	141213431	7.53894e-05
chr9	3	266	141213431	1.88367e-06
chr9	4	134	141213431	9.48918e-07
chr9	5	35	141213431	2.47852e-07
chr9	6	38	141213431	2.69096e-07
chr9	7	19	141213431	1.34548e-07
chr9	8	24	141213431	1.69956e-07
chr10	0	132905749	135534747	0.980603
chr10	1	2572816	135534747	0.0189827
chr10	2	41940	135534747	0.000309441
chr10	3	2671	135534747	1.97071e-05
chr10	4	1583	135534747	1.16797e-05
chr10	5	992	135534747	7.31916e-06
chr10	6	1063	135534747	7.84301e-06
chr10	7	900	135534747	6.64036e-06
chr10	8	780	135534747	5.75498e-06
chr10	9	481	135534747	3.54891e-06
chr10	10	466	135534747	3.43823e-06
chr10	11	469	135534747	3.46037e-06
chr10	12	473	135534747	3.48988e-06
chr10	13	386	135534747	2.84798e-06
chr10	14	300	135534747	2.21345e-06
chr10	15	292	135534747	2.15443e-06
chr10	16	254	135534747	1.87406e-06
chr10	17	237	135534747	1.74863e-06
chr10	18	234	135534747	1.72649e-06
chr10	19	242	135534747	1.78552e-06
chr10	20	200	135534747	1.47564e-06
chr10	21	179	135534747	1.32069e-06
chr10	22	123	135534747	9.07516e-07
chr10	23	126	135534747	9.29651e-07
chr10	24	161	135534747	1.18789e-06
chr10	25	114	135534747	8.41113e-07
chr10	26	122	135534747	9.00138e-07
chr10	27	89	135534747	6.56658e-07
chr10	28	119	135534747	8.78004e-07
chr10	29	75	135534747	5.53364e-07
chr10	30	94	135534747	6.93549e-07
chr10	31	93	135534747	6.86171e-07
chr10	32	70	135534747	5.16473e-07
chr10	33	88	135534747	6.4928e-07
chr10	34	82	135534747	6.05011e-07
chr10	35	75	135534747	5.53364e-07
chr10	36	71	135534747	5.23851e-07
chr10	37	62	135534747	4.57447e-07
chr10	38	42	135534747	3.09884e-07
chr10	39	46	135534747	3.39396e-07
chr10	40	42	135534747	3.09884e-07
chr10	41	54	135534747	3.98422e-07
chr10	42	33	135534747	2.4348e-07
chr10	43	44	135534747	3.2464e-07
chr10	44	34	135534747	2.50858e-07
chr10	45	16	135534747	1.18051e-07
chr10	46	33	135534747	2.4348e-07
chr10	47	25	135534747	1.84455e-07
chr10	48	25	135534747	1.84455e-07
chr10	49	15	135534747	1.10673e-07
chr10	50	20	135534747	1.47564e-07
chr10	51	12	135534747	8.85382e-08
chr10	52	10	135534747	7.37818e-08
chr10	53	7	135534747	5.16473e-08
chr10	54	13	135534747	9.59164e-08
chr10	55	4	135534747	2.95127e-08
chr10	56	1	135534747	7.37818e-09
chr11	0	132761809	135006516	0.983373
chr11	1	2220634	135006516	0.0164483
chr11	2	22199	135006516	0.000164429
chr11	3	526	135006516	3.89611e-06
chr11	4	273	135006516	2.02212e-06
chr11	5	275	135006516	2.03694e-06
chr11	6	157	135006516	1.16291e-06
chr11	7	140	135006516	1.03699e-06
chr11	8	97	135006516	7.18484e-07
chr11	9	177	135006516	1.31105e-06
chr11	10	90	135006516	6.66634e-07
chr11	11	70	135006516	5.18493e-07
chr11	12	29	135006516	2.14804e-07
chr11	13	9	135006516	6.66635e-08
chr11	14	5	135006516	3.70352e-08
chr11	15	5	135006516	3.70352e-08
chr11	16	7	135006516	5.18494e-08
chr11	17	12	135006516	8.88846e-08
chr11	18	2	135006516	1.48141e-08
chr12	0	131790235	133851895	0.984597
chr12	1	2044890	133851895	0.0152773
chr12	2	16490	133851895	0.000123196
chr12	3	190	133851895	1.41948e-06
chr12	4	90	133851895	6.72385e-07
chr13	0	114215168	115169878	0.99171
chr13	1	949872	115169878	0.00824757
chr13	2	4836	115169878	4.19901e-05
chr13	3	2	115169878	1.73657e-08
chr14	0	105825966	107349540	0.985807
chr14	1	1508212	107349540	0.0140495
chr14	2	15198	107349540	0.000141575
chr14	3	164	107349540	1.52772e-06
chr15	0	101734822	102531392	0.992231
chr15	1	792467	102531392	0.00772902
chr15	2	4076	102531392	3.97537e-05
chr15	3	27	102531392	2.63334e-07
chr16	0	89542240	90354753	0.991008
chr16	1	780053	90354753	0.00863323
chr16	2	11449	90354753	0.000126712
chr16	3	6068	90354753	6.71575e-05
chr16	4	4122	90354753	4.56202e-05
chr16	5	3188	90354753	3.52831e-05
chr16	6	2637	90354753	2.9185e-05
chr16	7	1969	90354753	2.17919e-05
chr16	8	1344	90354753	1.48747e-05
chr16	9	728	90354753	8.05713e-06
chr16	10	393	90354753	4.34952e-06
chr16	11	272	90354753	3.01036e-06
chr16	12	142	90354753	1.57158e-06
chr16	13	46	90354753	5.09104e-07
chr16	14	29	90354753	3.20957e-07
chr16	15	14	90354753	1.54945e-07
chr16	16	18	90354753	1.99215e-07
chr16	17	13	90354753	1.43877e-07
chr16	18	23	90354753	2.54552e-07
chr16	19	5	90354753	5.53374e-08
chr17	0	80199597	81195210	0.987738
chr17	1	986662	81195210	0.0121517
chr17	2	8289	81195210	0.000102087
chr17	3	339	81195210	4.17512e-06
chr17	4	151	81195210	1.85972e-06
chr17	5	53	81195210	6.52748e-07
chr17	6	66	81195210	8.12856e-07
chr17	7	48	81195210	5.91168e-07
chr17	8	3	81195210	3.6948e-08
chr17	9	2	81195210	2.4632e-08
chr18	0	77046869	78077248	0.986803
chr18	1	1020523	78077248	0.0130707
chr18	2	8813	78077248	0.000112875
chr18	3	430	78077248	5.50737e-06
chr18	4	231	78077248	2.95861e-06
chr18	5	86	78077248	1.10147e-06
chr18	6	72	78077248	9.22164e-07
chr18	7	39	78077248	4.99505e-07
chr18	8	45	78077248	5.76352e-07
chr18	9	55	78077248	7.04431e-07
chr18	10	35	78077248	4.48274e-07
chr18	11	11	78077248	1.40886e-07
chr18	12	31	78077248	3.97043e-07
chr18	13	8	78077248	1.02463e-07
chr19	0	58452224	59128983	0.988555
chr19	1	669104	59128983	0.011316
chr19	2	5585	59128983	9.44545e-05
chr19	3	430	59128983	7.27224e-06
chr19	4	355	59128983	6.00382e-06
chr19	5	270	59128983	4.56629e-06
chr19	6	225	59128983	3.80524e-06
chr19	7	119	59128983	2.01255e-06
chr19	8	104	59128983	1.75887e-06
chr19	9	81	59128983	1.36989e-06
chr19	10	57	59128983	9.63994e-07
chr19	11	56	59128983	9.47082e-07
chr19	12	28	59128983	4.73541e-07
chr19	13	37	59128983	6.25751e-07
chr19	14	25	59128983	4.22805e-07
chr19	15	46	59128983	7.7796e-07
chr19	16	23	59128983	3.8898e-07
chr19	17	19	59128983	3.21331e-07
chr19	18	34	59128983	5.75014e-07
chr19	19	22	59128983	3.72068e-07
chr19	20	22	59128983	3.72068e-07
chr19	21	35	59128983	5.91926e-07
chr19	22	7	59128983	1.18385e-07
chr19	23	4	59128983	6.76487e-08
chr19	24	3	59128983	5.07365e-08
chr19	25	4	59128983	6.76487e-08
chr19	26	7	59128983	1.18385e-07
chr19	27	11	59128983	1.86034e-07
chr19	28	11	59128983	1.86034e-07
chr19	29	6	59128983	1.01473e-07
chr19	30	9	59128983	1.5221e-07
chr19	31	8	59128983	1.35297e-07
chr19	32	10	59128983	1.69122e-07
chr19	33	2	59128983	3.38244e-08
chr20	0	62291921	63025520	0.98836
chr20	1	728566	63025520	0.0115599
chr20	2	4958	63025520	7.86665e-05
chr20	3	27	63025520	4.28398e-07
chr20	4	3	63025520	4.75998e-08
chr20	5	45	63025520	7.13996e-07
chr21	0	47740411	48129895	0.991908
chr21	1	385851	48129895	0.00801687
chr21	2	3110	48129895	6.46168e-05
chr21	3	288	48129895	5.98381e-06
chr21	4	44	48129895	9.14193e-07
chr21	5	59	48129895	1.22585e-06
chr21	6	15	48129895	3.11657e-07
chr21	7	19	48129895	3.94765e-07
chr21	8	61	48129895	1.2674e-06
chr21	9	37	48129895	7.68753e-07
chr22	0	51002244	51304566	0.994107
chr22	1	300492	51304566	0.00585702
chr22	2	1651	51304566	3.21804e-05
chr22	3	30	51304566	5.84743e-07
chr22	4	51	51304566	9.94063e-07
chr22	5	39	51304566	7.60166e-07
chr22	6	3	51304566	5.84743e-08
chr22	7	1	51304566	1.94914e-08
chr22	8	2	51304566	3.89829e-08
chr22	9	1	51304566	1.94914e-08
chr22	10	1	51304566	1.94914e-08
chr22	11	2	51304566	3.89829e-08
chr22	12	1	51304566	1.94914e-08
chr22	13	1	51304566	1.94914e-08
chr22	14	2	51304566	3.89829e-08
chr22	15	1	51304566	1.94914e-08
chr22	16	3	51304566	5.84743e-08
chr22	17	1	51304566	1.94914e-08
chr22	18	2	51304566	3.89829e-08
chr22	19	19	51304566	3.70337e-07
chr22	20	4	51304566	7.79658e-08
chr22	21	5	51304566	9.74572e-08
chr22	22	10	51304566	1.94914e-07
chrX	0	152958654	155270560	0.98511
chrX	1	2269521	155270560	0.0146166
chrX	2	30686	155270560	0.000197629
chrX	3	6296	155270560	4.05486e-05
chrX	4	3039	155270560	1.95723e-05
chrX	5	1180	155270560	7.59964e-06
chrX	6	586	155270560	3.77406e-06
chrX	7	276	155270560	1.77754e-06
chrX	8	135	155270560	8.6945e-07
chrX	9	41	155270560	2.64055e-07
chrX	10	28	155270560	1.8033e-07
chrX	11	19	155270560	1.22367e-07
chrX	12	15	155270560	9.66056e-08
chrX	13	12	155270560	7.72845e-08
chrX	14	25	155270560	1.61009e-07
chrX	15	9	155270560	5.79633e-08
chrX	16	12	155270560	7.72845e-08
chrX	17	11	155270560	7.08441e-08
chrX	18	8	155270560	5.1523e-08
chrX	19	7	155270560	4.50826e-08
chrY	0	59305060	59373566	0.998846
chrY	1	65807	59373566	0.00110836
chrY	2	1731	59373566	2.91544e-05
chrY	3	548	59373566	9.2297e-06
chrY	4	253	59373566	4.26116e-06
chrY	5	64	59373566	1.07792e-06
chrY	6	17	59373566	2.86323e-07
chrY	7	3	59373566	5.05275e-08
chrY	8	17	59373566	2.86323e-07
chrY	9	12	59373566	2.0211e-07
chrY	10	24	59373566	4.0422e-07
chrY	11	17	59373566	2.86323e-07
chrY	12	8	59373566	1.3474e-07
chrY	13	5	59373566	8.42126e-08
chr1_gl000191_random	0	105833	106433	0.994363
chr1_gl000191_random	1	600	106433	0.00563735
chr1_gl000192_random	0	536228	547496	0.979419
chr1_gl000192_random	1	11186	547496	0.0204312
chr1_gl000192_random	2	82	547496	0.000149773
chr4_ctg9_hap1	0	588276	590426	0.996359
chr4_ctg9_hap1	1	2150	590426	0.00364144
chr4_gl000193_random	0	186789	189789	0.984193
chr4_gl000193_random	1	3000	189789	0.015807
chr4_gl000194_random	0	187450	191469	0.97901
chr4_gl000194_random	1	3888	191469	0.0203062
chr4_gl000194_random	2	131	191469	0.000684184
chr6_apd_hap1	0	4617740	4622290	0.999016
chr6_apd_hap1	1	4550	4622290	0.000984361
chr6_cox_hap2	0	4785407	4795371	0.997922
chr6_cox_hap2	1	9928	4795371	0.00207033
chr6_cox_hap2	2	36	4795371	7.50724e-06
chr6_dbb_hap3	0	4602696	4610396	0.99833
chr6_dbb_hap3	1	7700	4610396	0.00167014
chr6_mann_hap4	0	4675908	4683263	0.99843
chr6_mann_hap4	1	7310	4683263	0.00156088
chr6_mann_hap4	2	45	4683263	9.60869e-06
chr6_mcf_hap5	0	4826966	4833398	0.998669
chr6_mcf_hap5	1	6414	4833398	0.00132702
chr6_mcf_hap5	2	18	4833398	3.72409e-06
chr6_qbl_hap6	0	4605172	4611984	0.998523
chr6_qbl_hap6	1	6774	4611984	0.00146878
chr6_qbl_hap6	2	38	4611984	8.2394e-06
chr6_ssto_hap7	0	4920518	4928567	0.998367
chr6_ssto_hap7	1	8048	4928567	0.00163293
chr6_ssto_hap7	2	1	4928567	2.02899e-07
chr7_gl000195_random	0	179318	182896	0.980437
chr7_gl000195_random	1	3506	182896	0.0191694
chr7_gl000195_random	2	72	182896	0.000393666
chr8_gl000196_random	0	38414	38914	0.987151
chr8_gl000196_random	1	500	38914	0.0128488
chr9_gl000198_random	0	87123	90085	0.96712
chr9_gl000198_random	1	2924	90085	0.0324582
chr9_gl000198_random	2	38	90085	0.000421824
chr9_gl000199_random	0	144247	169874	0.849141
chr9_gl000199_random	1	20581	169874	0.121155
chr9_gl000199_random	2	3337	169874	0.019644
chr9_gl000199_random	3	796	169874	0.00468583
chr9_gl000199_random	4	429	169874	0.0025254
chr9_gl000199_random	5	192	169874	0.00113025
chr9_gl000199_random	6	141	169874	0.000830027
chr9_gl000199_random	7	17	169874	0.000100074
chr9_gl000199_random	8	16	169874	9.41875e-05
chr9_gl000199_random	9	21	169874	0.000123621
chr9_gl000199_random	10	12	169874	7.06406e-05
chr9_gl000199_random	11	59	169874	0.000347316
chr9_gl000199_random	12	14	169874	8.2414e-05
chr9_gl000199_random	13	6	169874	3.53203e-05
chr9_gl000199_random	14	6	169874	3.53203e-05
chr9_gl000200_random	0	185685	187035	0.992782
chr9_gl000200_random	1	1350	187035	0.0072179
chr9_gl000201_random	0	36098	36148	0.998617
chr9_gl000201_random	1	50	36148	0.0013832
chr11_gl000202_random	0	39603	40103	0.987532
chr11_gl000202_random	1	500	40103	0.0124679
chr17_ctg5_hap1	0	1675078	1680828	0.996579
chr17_ctg5_hap1	1	5750	1680828	0.00342093
chr17_gl000203_random	0	37248	37498	0.993333
chr17_gl000203_random	1	250	37498	0.00666702
chr17_gl000204_random	0	80010	81310	0.984012
chr17_gl000204_random	1	1300	81310	0.0159882
chr17_gl000205_random	0	171238	174588	0.980812
chr17_gl000205_random	1	3350	174588	0.019188
chr17_gl000206_random	0	40751	41001	0.993903
chr17_gl000206_random	1	250	41001	0.00609741
chr19_gl000208_random	0	87587	92689	0.944956
chr19_gl000208_random	1	4123	92689	0.0444821
chr19_gl000208_random	2	723	92689	0.00780028
chr19_gl000208_random	3	193	92689	0.00208223
chr19_gl000208_random	4	63	92689	0.000679692
chr19_gl000209_random	0	157961	159169	0.992411
chr19_gl000209_random	1	1166	159169	0.00732555
chr19_gl000209_random	2	42	159169	0.00026387
chr21_gl000210_random	0	27482	27682	0.992775
chr21_gl000210_random	1	200	27682	0.00722491
chrUn_gl000211	0	164366	166566	0.986792
chrUn_gl000211	1	2200	166566	0.013208
chrUn_gl000212	0	183589	186858	0.982505
chrUn_gl000212	1	3182	186858	0.017029
chrUn_gl000212	2	43	186858	0.000230121
chrUn_gl000212	3	44	186858	0.000235473
chrUn_gl000213	0	163539	164239	0.995738
chrUn_gl000213	1	700	164239	0.00426208
chrUn_gl000214	0	131831	137718	0.957253
chrUn_gl000214	1	5424	137718	0.0393848
chrUn_gl000214	2	463	137718	0.00336194
chrUn_gl000215	0	171545	172545	0.994204
chrUn_gl000215	1	1000	172545	0.00579559
chrUn_gl000216	0	163063	172294	0.946423
chrUn_gl000216	1	7664	172294	0.0444821
chrUn_gl000216	2	1105	172294	0.00641346
chrUn_gl000216	3	302	172294	0.00175282
chrUn_gl000216	4	74	172294	0.000429498
chrUn_gl000216	5	22	172294	0.000127689
chrUn_gl000216	6	34	172294	0.000197337
chrUn_gl000216	7	30	172294	0.000174121
chrUn_gl000217	0	166893	172149	0.969468
chrUn_gl000217	1	5162	172149	0.0299857
chrUn_gl000217	2	94	172149	0.000546039
chrUn_gl000218	0	157847	161147	0.979522
chrUn_gl000218	1	3300	161147	0.0204782
chrUn_gl000219	0	176986	179198	0.987656
chrUn_gl000219	1	2174	179198	0.0121318
chrUn_gl000219	2	38	179198	0.000212056
chrUn_gl000220	0	116112	161802	0.717618
chrUn_gl000220	1	17609	161802	0.108831
chrUn_gl000220	2	9989	161802	0.061736
chrUn_gl000220	3	7096	161802	0.0438561
chrUn_gl000220	4	4832	161802	0.0298637
chrUn_gl000220	5	3053	161802	0.0188687
chrUn_gl000220	6	1757	161802	0.010859
chrUn_gl000220	7	834	161802	0.00515445
chrUn_gl000220	8	343	161802	0.00211987
chrUn_gl000220	9	125	161802	0.000772549
chrUn_gl000220	10	39	161802	0.000241035
chrUn_gl000220	11	13	161802	8.03451e-05
chrUn_gl000221	0	151708	155397	0.976261
chrUn_gl000221	1	3678	155397	0.0236684
chrUn_gl000221	2	11	155397	7.07864e-05
chrUn_gl000222	0	185811	186861	0.994381
chrUn_gl000222	1	1050	186861	0.00561915
chrUn_gl000223	0	178921	180455	0.991499
chrUn_gl000223	1	1518	180455	0.00841207
chrUn_gl000223	2	16	180455	8.86648e-05
chrUn_gl000224	0	174843	179693	0.97301
chrUn_gl000224	1	4553	179693	0.0253377
chrUn_gl000224	2	294	179693	0.00163612
chrUn_gl000224	3	3	179693	1.66951e-05
chrUn_gl000225	0	195138	211173	0.924067
chrUn_gl000225	1	14009	211173	0.066339
chrUn_gl000225	2	1723	211173	0.00815919
chrUn_gl000225	3	176	211173	0.00083344
chrUn_gl000225	4	47	211173	0.000222566
chrUn_gl000225	5	17	211173	8.05027e-05
chrUn_gl000225	6	15	211173	7.10318e-05
chrUn_gl000225	7	3	211173	1.42064e-05
chrUn_gl000225	8	5	211173	2.36773e-05
chrUn_gl000225	9	7	211173	3.31482e-05
chrUn_gl000225	10	33	211173	0.00015627
chrUn_gl000226	0	1253	15008	0.0834888
chrUn_gl000226	1	1916	15008	0.127665
chrUn_gl000226	2	2240	15008	0.149254
chrUn_gl000226	3	1983	15008	0.13213
chrUn_gl000226	4	2162	15008	0.144056
chrUn_gl000226	5	1878	15008	0.125133
chrUn_gl000226	6	1564	15008	0.104211
chrUn_gl000226	7	954	15008	0.0635661
chrUn_gl000226	8	435	15008	0.0289845
chrUn_gl000226	9	214	15008	0.0142591
chrUn_gl000226	10	149	15008	0.00992804
chrUn_gl000226	11	116	15008	0.00772921
chrUn_gl000226	12	103	15008	0.00686301
chrUn_gl000226	13	31	15008	0.00206556
chrUn_gl000226	14	6	15008	0.000399787
chrUn_gl000226	15	4	15008	0.000266525
chrUn_gl000227	0	127424	128374	0.9926
chrUn_gl000227	1	950	128374	0.00740025
chrUn_gl000228	0	126464	129120	0.97943
chrUn_gl000228	1	2145	129120	0.0166125
chrUn_gl000228	2	420	129120	0.00325279
chrUn_gl000228	3	62	129120	0.000480173
chrUn_gl000228	4	16	129120	0.000123916
chrUn_gl000228	5	13	129120	0.000100682
chrUn_gl000229	0	19263	19913	0.967358
chrUn_gl000229	1	650	19913	0.032642
chrUn_gl000230	0	43441	43691	0.994278
chrUn_gl000230	1	250	43691	0.005722
chrUn_gl000231	0	26399	27386	0.96396
chrUn_gl000231	1	924	27386	0.0337399
chrUn_gl000231	2	63	27386	0.00230045
chrUn_gl000232	0	38201	40652	0.939708
chrUn_gl000232	1	2402	40652	0.0590869
chrUn_gl000232	2	49	40652	0.00120535
chrUn_gl000233	0	45541	45941	0.991293
chrUn_gl000233	1	400	45941	0.00870682
chrUn_gl000234	0	39299	40531	0.969604
chrUn_gl000234	1	1214	40531	0.0299524
chrUn_gl000234	2	18	40531	0.000444105
chrUn_gl000235	0	33637	34474	0.975721
chrUn_gl000235	1	774	34474	0.0224517
chrUn_gl000235	2	63	34474	0.00182746
chrUn_gl000236	0	41534	41934	0.990461
chrUn_gl000236	1	400	41934	0.0095388
chrUn_gl000237	0	44503	45867	0.970262
chrUn_gl000237	1	1278	45867	0.0278632
chrUn_gl000237	2	86	45867	0.00187499
chrUn_gl000238	0	39839	39939	0.997496
chrUn_gl000238	1	100	39939	0.00250382
chrUn_gl000239	0	32993	33824	0.975432
chrUn_gl000239	1	762	33824	0.0225284
chrUn_gl000239	2	69	33824	0.00203997
chrUn_gl000240	0	41133	41933	0.980922
chrUn_gl000240	1	800	41933	0.0190781
chrUn_gl000241	0	40447	42152	0.959551
chrUn_gl000241	1	1610	42152	0.0381951
chrUn_gl000241	2	95	42152	0.00225375
chrUn_gl000242	0	43473	43523	0.998851
chrUn_gl000242	1	50	43523	0.00114882
chrUn_gl000243	0	42779	43341	0.987033
chrUn_gl000243	1	524	43341	0.0120902
chrUn_gl000243	2	38	43341	0.000876768
chrUn_gl000244	0	39479	39929	0.98873
chrUn_gl000244	1	450	39929	0.01127
chrUn_gl000245	0	35851	36651	0.978172
chrUn_gl000245	1	800	36651	0.0218275
chrUn_gl000246	0	37904	38154	0.993448
chrUn_gl000246	1	250	38154	0.00655239
chrUn_gl000247	0	35972	36422	0.987645
chrUn_gl000247	1	450	36422	0.0123552
chrUn_gl000248	0	39686	39786	0.997487
chrUn_gl000248	1	100	39786	0.00251345
chrUn_gl000249	0	38402	38502	0.997403
chrUn_gl000249	1	100	38502	0.00259727
chr8_gl000197_random	0	37175	37175	1
chr18_gl000207_random	0	4262	4262	1
genome	0	3098102525	3137161264	0.98755
genome	1	38567088	3137161264	0.0122936
genome	2	381090	3137161264	0.000121476
genome	3	37881	3137161264	1.20749e-05
genome	4	22308	3137161264	7.11089e-06
genome	5	14154	3137161264	4.51172e-06
genome	6	9928	3137161264	3.16464e-06
genome	7	6501	3137161264	2.07226e-06
genome	8	4306	3137161264	1.37258e-06
genome	9	2713	3137161264	8.64795e-07
genome	10	1987	3137161264	6.33375e-07
genome	11	1746	3137161264	5.56554e-07
genome	12	1222	3137161264	3.89524e-07
genome	13	811	3137161264	2.58514e-07
genome	14	677	3137161264	2.158e-07
genome	15	596	3137161264	1.89981e-07
genome	16	509	3137161264	1.62249e-07
genome	17	436	3137161264	1.38979e-07
genome	18	426	3137161264	1.35792e-07
genome	19	401	3137161264	1.27823e-07
genome	20	311	3137161264	9.91342e-08
genome	21	325	3137161264	1.03597e-07
genome	22	266	3137161264	8.479e-08
genome	23	258	3137161264	8.224e-08
genome	24	267	3137161264	8.51088e-08
genome	25	189	3137161264	6.02455e-08
genome	26	181	3137161264	5.76955e-08
genome	27	160	3137161264	5.10015e-08
genome	28	180	3137161264	5.73767e-08
genome	29	136	3137161264	4.33513e-08
genome	30	160	3137161264	5.10015e-08
genome	31	138	3137161264	4.39888e-08
genome	32	123	3137161264	3.92074e-08
genome	33	124	3137161264	3.95262e-08
genome	34	114	3137161264	3.63386e-08
genome	35	102	3137161264	3.25135e-08
genome	36	89	3137161264	2.83696e-08
genome	37	76	3137161264	2.42257e-08
genome	38	53	3137161264	1.68943e-08
genome	39	57	3137161264	1.81693e-08
genome	40	52	3137161264	1.65755e-08
genome	41	61	3137161264	1.94443e-08
genome	42	41	3137161264	1.30691e-08
genome	43	61	3137161264	1.94443e-08
genome	44	50	3137161264	1.5938e-08
genome	45	34	3137161264	1.08378e-08
genome	46	45	3137161264	1.43442e-08
genome	47	27	3137161264	8.60651e-09
genome	48	33	3137161264	1.05191e-08
genome	49	21	3137161264	6.69395e-09
genome	50	28	3137161264	8.92527e-09
genome	51	21	3137161264	6.69395e-09
genome	52	30	3137161264	9.56279e-09
genome	53	16	3137161264	5.10015e-09
genome	54	38	3137161264	1.21129e-08
genome	55	30	3137161264	9.56279e-09
genome	56	12	3137161264	3.82511e-09
genome	57	8	3137161264	2.55008e-09
genome	58	10	3137161264	3.1876e-09
genome	59	7	3137161264	2.23132e-09
genome	60	15	3137161264	4.78139e-09
genome	61	6	3137161264	1.91256e-09
genome	62	4	3137161264	1.27504e-09
