chrM	0	5063	16571	0.305534
chrM	1	5828	16571	0.351699
chrM	2	3381	16571	0.204031
chrM	3	1437	16571	0.0867178
chrM	4	633	16571	0.0381993
chrM	5	207	16571	0.0124917
chrM	6	22	16571	0.00132762
chr1	0	245525667	249250621	0.985055
chr1	1	3683627	249250621	0.0147788
chr1	2	38829	249250621	0.000155783
chr1	3	627	249250621	2.51554e-06
chr1	4	360	249250621	1.44433e-06
chr1	5	162	249250621	6.49948e-07
chr1	6	89	249250621	3.5707e-07
chr1	7	124	249250621	4.97491e-07
chr1	8	70	249250621	2.80842e-07
chr1	9	29	249250621	1.16349e-07
chr1	10	34	249250621	1.36409e-07
chr1	11	15	249250621	6.01804e-08
chr1	12	50	249250621	2.00601e-07
chr1	13	59	249250621	2.3671e-07
chr1	14	55	249250621	2.20661e-07
chr1	15	60	249250621	2.40722e-07
chr1	16	55	249250621	2.20661e-07
chr1	17	48	249250621	1.92577e-07
chr1	18	65	249250621	2.60782e-07
chr1	19	56	249250621	2.24673e-07
chr1	20	25	249250621	1.00301e-07
chr1	21	30	249250621	1.20361e-07
chr1	22	27	249250621	1.08325e-07
chr1	23	32	249250621	1.28385e-07
chr1	24	35	249250621	1.40421e-07
chr1	25	25	249250621	1.00301e-07
chr1	26	23	249250621	9.22766e-08
chr1	27	19	249250621	7.62285e-08
chr1	28	31	249250621	1.24373e-07
chr1	29	23	249250621	9.22766e-08
chr1	30	13	249250621	5.21563e-08
chr1	31	18	249250621	7.22165e-08
chr1	32	9	249250621	3.61082e-08
chr1	33	6	249250621	2.40722e-08
chr1	34	8	249250621	3.20962e-08
chr1	35	9	249250621	3.61082e-08
chr1	36	3	249250621	1.20361e-08
chr1	37	14	249250621	5.61684e-08
chr1	38	6	249250621	2.40722e-08
chr1	39	13	249250621	5.21563e-08
chr1	40	19	249250621	7.62285e-08
chr1	41	17	249250621	6.82044e-08
chr1	42	14	249250621	5.61684e-08
chr1	43	13	249250621	5.21563e-08
chr1	44	8	249250621	3.20962e-08
chr1	45	9	249250621	3.61082e-08
chr1	46	14	249250621	5.61684e-08
chr1	47	12	249250621	4.81443e-08
chr1	48	20	249250621	8.02405e-08
chr1	49	8	249250621	3.20962e-08
chr1	50	10	249250621	4.01203e-08
chr1	51	7	249250621	2.80842e-08
chr1	52	10	249250621	4.01203e-08
chr1	53	3	249250621	1.20361e-08
chr1	54	6	249250621	2.40722e-08
chr1	55	1	249250621	4.01203e-09
chr2	0	239680970	243199373	0.985533
chr2	1	3477338	243199373	0.0142983
chr2	2	33543	243199373	0.000137924
chr2	3	3438	243199373	1.41365e-05
chr2	4	1804	243199373	7.41778e-06
chr2	5	977	243199373	4.01728e-06
chr2	6	459	243199373	1.88734e-06
chr2	7	254	243199373	1.04441e-06
chr2	8	220	243199373	9.04608e-07
chr2	9	102	243199373	4.19409e-07
chr2	10	87	243199373	3.57731e-07
chr2	11	68	243199373	2.79606e-07
chr2	12	46	243199373	1.89145e-07
chr2	13	31	243199373	1.27467e-07
chr2	14	12	243199373	4.93422e-08
chr2	15	24	243199373	9.86845e-08
chr3	0	195340015	198022430	0.986454
chr3	1	2662390	198022430	0.0134449
chr3	2	19799	198022430	9.99836e-05
chr3	3	71	198022430	3.58545e-07
chr3	4	15	198022430	7.5749e-08
chr3	5	41	198022430	2.07047e-07
chr3	6	1	198022430	5.04993e-09
chr3	7	1	198022430	5.04993e-09
chr3	8	1	198022430	5.04993e-09
chr3	9	3	198022430	1.51498e-08
chr3	10	1	198022430	5.04993e-09
chr3	11	2	198022430	1.00999e-08
chr3	12	2	198022430	1.00999e-08
chr3	13	5	198022430	2.52497e-08
chr3	14	3	198022430	1.51498e-08
chr3	16	4	198022430	2.01997e-08
chr3	17	1	198022430	5.04993e-09
chr3	18	4	198022430	2.01997e-08
chr3	19	4	198022430	2.01997e-08
chr3	20	2	198022430	1.00999e-08
chr3	21	4	198022430	2.01997e-08
chr3	22	1	198022430	5.04993e-09
chr3	23	2	198022430	1.00999e-08
chr3	24	4	198022430	2.01997e-08
chr3	25	2	198022430	1.00999e-08
chr3	26	4	198022430	2.01997e-08
chr3	27	2	198022430	1.00999e-08
chr3	28	4	198022430	2.01997e-08
chr3	29	2	198022430	1.00999e-08
chr3	30	1	198022430	5.04993e-09
chr3	31	4	198022430	2.01997e-08
chr3	32	3	198022430	1.51498e-08
chr3	33	6	198022430	3.02996e-08
chr3	34	3	198022430	1.51498e-08
chr3	35	3	198022430	1.51498e-08
chr3	36	3	198022430	1.51498e-08
chr3	37	1	198022430	5.04993e-09
chr3	38	5	198022430	2.52497e-08
chr3	39	6	198022430	3.02996e-08
chr3	40	3	198022430	1.51498e-08
chr3	42	2	198022430	1.00999e-08
chr4	0	189268370	191154276	0.990134
chr4	1	1866169	191154276	0.00976263
chr4	2	16397	191154276	8.57789e-05
chr4	3	1653	191154276	8.64747e-06
chr4	4	862	191154276	4.50945e-06
chr4	5	318	191154276	1.66358e-06
chr4	6	194	191154276	1.01489e-06
chr4	7	131	191154276	6.8531e-07
chr4	8	135	191154276	7.06236e-07
chr4	9	16	191154276	8.3702e-08
chr4	10	6	191154276	3.13883e-08
chr4	11	25	191154276	1.30784e-07
chr5	0	178825167	180915260	0.988447
chr5	1	2075140	180915260	0.0114702
chr5	2	14655	180915260	8.10048e-05
chr5	3	192	180915260	1.06127e-06
chr5	4	106	180915260	5.8591e-07
chr6	0	169343695	171115067	0.989648
chr6	1	1755150	171115067	0.0102571
chr6	2	12662	171115067	7.3997e-05
chr6	3	643	171115067	3.75771e-06
chr6	4	492	171115067	2.87526e-06
chr6	5	543	171115067	3.1733e-06
chr6	6	325	171115067	1.89931e-06
chr6	7	232	171115067	1.35581e-06
chr6	8	274	171115067	1.60126e-06
chr6	9	317	171115067	1.85255e-06
chr6	10	279	171115067	1.63048e-06
chr6	11	147	171115067	8.59071e-07
chr6	12	137	171115067	8.00631e-07
chr6	13	102	171115067	5.9609e-07
chr6	14	35	171115067	2.04541e-07
chr6	15	16	171115067	9.35043e-08
chr6	16	18	171115067	1.05192e-07
chr7	0	157269595	159138663	0.988255
chr7	1	1851886	159138663	0.0116369
chr7	2	13737	159138663	8.63209e-05
chr7	3	733	159138663	4.60605e-06
chr7	4	538	159138663	3.3807e-06
chr7	5	336	159138663	2.11137e-06
chr7	6	325	159138663	2.04224e-06
chr7	7	176	159138663	1.10595e-06
chr7	8	113	159138663	7.10073e-07
chr7	9	68	159138663	4.273e-07
chr7	10	103	159138663	6.47234e-07
chr7	11	91	159138663	5.71828e-07
chr7	12	119	159138663	7.47776e-07
chr7	13	98	159138663	6.15815e-07
chr7	14	102	159138663	6.4095e-07
chr7	15	74	159138663	4.65003e-07
chr7	16	86	159138663	5.40409e-07
chr7	17	111	159138663	6.97505e-07
chr7	18	70	159138663	4.39868e-07
chr7	19	46	159138663	2.89056e-07
chr7	20	29	159138663	1.82231e-07
chr7	21	32	159138663	2.01083e-07
chr7	22	38	159138663	2.38785e-07
chr7	23	39	159138663	2.45069e-07
chr7	24	28	159138663	1.75947e-07
chr7	25	20	159138663	1.25677e-07
chr7	26	25	159138663	1.57096e-07
chr7	27	11	159138663	6.91221e-08
chr7	28	11	159138663	6.91221e-08
chr7	29	12	159138663	7.54059e-08
chr7	30	8	159138663	5.02706e-08
chr7	31	3	159138663	1.88515e-08
chr8	0	144622835	146364022	0.988104
chr8	1	1721467	146364022	0.0117615
chr8	2	17404	146364022	0.000118909
chr8	3	1539	146364022	1.05149e-05
chr8	4	511	146364022	3.4913e-06
chr8	5	113	146364022	7.72048e-07
chr8	6	57	146364022	3.8944e-07
chr8	7	41	146364022	2.80123e-07
chr8	8	3	146364022	2.04968e-08
chr8	9	5	146364022	3.41614e-08
chr8	10	17	146364022	1.16149e-07
chr8	11	5	146364022	3.41614e-08
chr8	12	5	146364022	3.41614e-08
chr8	13	14	146364022	9.56519e-08
chr8	14	6	146364022	4.09937e-08
chr9	0	139823262	141213431	0.990156
chr9	1	1379978	141213431	0.00977229
chr9	2	9612	141213431	6.80672e-05
chr9	3	372	141213431	2.63431e-06
chr9	4	76	141213431	5.38192e-07
chr9	5	20	141213431	1.4163e-07
chr9	6	42	141213431	2.97422e-07
chr9	7	13	141213431	9.20592e-08
chr9	8	18	141213431	1.27467e-07
chr9	9	11	141213431	7.78963e-08
chr9	10	5	141213431	3.54074e-08
chr9	11	22	141213431	1.55793e-07
chr10	0	132941565	135534747	0.980867
chr10	1	2535142	135534747	0.0187047
chr10	2	43814	135534747	0.000323268
chr10	3	3385	135534747	2.49751e-05
chr10	4	1618	135534747	1.19379e-05
chr10	5	1246	135534747	9.19321e-06
chr10	6	1041	135534747	7.68069e-06
chr10	7	873	135534747	6.44115e-06
chr10	8	578	135534747	4.26459e-06
chr10	9	534	135534747	3.93995e-06
chr10	10	434	135534747	3.20213e-06
chr10	11	428	135534747	3.15786e-06
chr10	12	382	135534747	2.81847e-06
chr10	13	300	135534747	2.21345e-06
chr10	14	273	135534747	2.01424e-06
chr10	15	256	135534747	1.88881e-06
chr10	16	244	135534747	1.80028e-06
chr10	17	246	135534747	1.81503e-06
chr10	18	277	135534747	2.04376e-06
chr10	19	206	135534747	1.51991e-06
chr10	20	159	135534747	1.17313e-06
chr10	21	165	135534747	1.2174e-06
chr10	22	151	135534747	1.11411e-06
chr10	23	147	135534747	1.08459e-06
chr10	24	156	135534747	1.151e-06
chr10	25	156	135534747	1.151e-06
chr10	26	107	135534747	7.89465e-07
chr10	27	87	135534747	6.41902e-07
chr10	28	128	135534747	9.44407e-07
chr10	29	86	135534747	6.34524e-07
chr10	30	76	135534747	5.60742e-07
chr10	31	59	135534747	4.35313e-07
chr10	32	49	135534747	3.61531e-07
chr10	33	58	135534747	4.27935e-07
chr10	34	33	135534747	2.4348e-07
chr10	35	41	135534747	3.02505e-07
chr10	36	26	135534747	1.91833e-07
chr10	37	20	135534747	1.47564e-07
chr10	38	26	135534747	1.91833e-07
chr10	39	30	135534747	2.21345e-07
chr10	40	28	135534747	2.06589e-07
chr10	41	17	135534747	1.25429e-07
chr10	42	21	135534747	1.54942e-07
chr10	43	14	135534747	1.03295e-07
chr10	44	16	135534747	1.18051e-07
chr10	45	19	135534747	1.40185e-07
chr10	46	11	135534747	8.116e-08
chr10	47	9	135534747	6.64036e-08
chr10	48	6	135534747	4.42691e-08
chr10	49	4	135534747	2.95127e-08
chr11	0	132905956	135006516	0.984441
chr11	1	2078965	135006516	0.015399
chr11	2	19854	135006516	0.00014706
chr11	3	753	135006516	5.57751e-06
chr11	4	211	135006516	1.56289e-06
chr11	5	280	135006516	2.07397e-06
chr11	6	76	135006516	5.62936e-07
chr11	7	108	135006516	7.99961e-07
chr11	8	132	135006516	9.77731e-07
chr11	9	66	135006516	4.88865e-07
chr11	10	57	135006516	4.22202e-07
chr11	11	40	135006516	2.96282e-07
chr11	12	1	135006516	7.40705e-09
chr11	13	4	135006516	2.96282e-08
chr11	14	7	135006516	5.18494e-08
chr11	15	6	135006516	4.44423e-08
chr12	0	131878967	133851895	0.98526
chr12	1	1956442	133851895	0.0146165
chr12	2	16270	133851895	0.000121552
chr12	3	119	133851895	8.89042e-07
chr12	4	25	133851895	1.86774e-07
chr12	5	35	133851895	2.61483e-07
chr12	6	2	133851895	1.49419e-08
chr12	7	6	133851895	4.48257e-08
chr12	8	29	133851895	2.16657e-07
chr13	0	114133795	115169878	0.991004
chr13	1	1030465	115169878	0.00894735
chr13	2	5569	115169878	4.83547e-05
chr13	3	49	115169878	4.25458e-07
chr14	0	105546334	107349540	0.983203
chr14	1	1781519	107349540	0.0165955
chr14	2	21480	107349540	0.000200094
chr14	3	207	107349540	1.92828e-06
chr15	0	101603415	102531392	0.990949
chr15	1	922969	102531392	0.00900182
chr15	2	4993	102531392	4.86973e-05
chr15	3	15	102531392	1.46297e-07
chr16	0	89539680	90354753	0.990979
chr16	1	783819	90354753	0.00867491
chr16	2	11911	90354753	0.000131825
chr16	3	5628	90354753	6.22878e-05
chr16	4	4174	90354753	4.61957e-05
chr16	5	3507	90354753	3.88137e-05
chr16	6	2583	90354753	2.85873e-05
chr16	7	1525	90354753	1.68779e-05
chr16	8	862	90354753	9.54017e-06
chr16	9	502	90354753	5.55588e-06
chr16	10	249	90354753	2.7558e-06
chr16	11	160	90354753	1.7708e-06
chr16	12	73	90354753	8.07927e-07
chr16	13	49	90354753	5.42307e-07
chr16	14	21	90354753	2.32417e-07
chr16	15	10	90354753	1.10675e-07
chr17	0	80079133	81195210	0.986254
chr17	1	1104231	81195210	0.0135997
chr17	2	11164	81195210	0.000137496
chr17	3	475	81195210	5.8501e-06
chr17	4	65	81195210	8.0054e-07
chr17	5	29	81195210	3.57164e-07
chr17	6	54	81195210	6.65064e-07
chr17	7	22	81195210	2.70952e-07
chr17	8	10	81195210	1.2316e-07
chr17	9	17	81195210	2.09372e-07
chr17	10	10	81195210	1.2316e-07
chr18	0	77036068	78077248	0.986665
chr18	1	1032135	78077248	0.0132194
chr18	2	8325	78077248	0.000106625
chr18	3	214	78077248	2.74088e-06
chr18	4	197	78077248	2.52314e-06
chr18	5	94	78077248	1.20394e-06
chr18	6	47	78077248	6.01968e-07
chr18	7	61	78077248	7.81278e-07
chr18	8	45	78077248	5.76352e-07
chr18	9	39	78077248	4.99505e-07
chr18	10	8	78077248	1.02463e-07
chr18	11	15	78077248	1.92117e-07
chr19	0	58336481	59128983	0.986597
chr19	1	783667	59128983	0.0132535
chr19	2	6843	59128983	0.00011573
chr19	3	506	59128983	8.55756e-06
chr19	4	331	59128983	5.59793e-06
chr19	5	152	59128983	2.57065e-06
chr19	6	132	59128983	2.23241e-06
chr19	7	202	59128983	3.41626e-06
chr19	8	124	59128983	2.09711e-06
chr19	9	39	59128983	6.59575e-07
chr19	10	62	59128983	1.04856e-06
chr19	11	109	59128983	1.84343e-06
chr19	12	53	59128983	8.96346e-07
chr19	13	38	59128983	6.42663e-07
chr19	14	19	59128983	3.21331e-07
chr19	15	28	59128983	4.73541e-07
chr19	16	21	59128983	3.55156e-07
chr19	17	16	59128983	2.70595e-07
chr19	18	37	59128983	6.25751e-07
chr19	19	15	59128983	2.53683e-07
chr19	20	9	59128983	1.5221e-07
chr19	21	14	59128983	2.36771e-07
chr19	22	27	59128983	4.56629e-07
chr19	23	13	59128983	2.19858e-07
chr19	24	14	59128983	2.36771e-07
chr19	25	12	59128983	2.02946e-07
chr19	26	14	59128983	2.36771e-07
chr19	27	5	59128983	8.45609e-08
chr20	0	62216572	63025520	0.987165
chr20	1	802529	63025520	0.0127334
chr20	2	6188	63025520	9.81824e-05
chr20	3	146	63025520	2.31652e-06
chr20	4	68	63025520	1.07893e-06
chr20	5	17	63025520	2.69732e-07
chr21	0	47749990	48129895	0.992107
chr21	1	375798	48129895	0.007808
chr21	2	3754	48129895	7.79973e-05
chr21	3	156	48129895	3.24123e-06
chr21	4	73	48129895	1.51673e-06
chr21	5	17	48129895	3.53211e-07
chr21	6	5	48129895	1.03886e-07
chr21	7	8	48129895	1.66217e-07
chr21	8	6	48129895	1.24663e-07
chr21	9	10	48129895	2.07771e-07
chr21	10	32	48129895	6.64867e-07
chr21	11	4	48129895	8.31084e-08
chr21	12	5	48129895	1.03886e-07
chr21	13	6	48129895	1.24663e-07
chr21	14	8	48129895	1.66217e-07
chr21	15	12	48129895	2.49325e-07
chr21	16	6	48129895	1.24663e-07
chr21	17	5	48129895	1.03886e-07
chr22	0	50986154	51304566	0.993794
chr22	1	317049	51304566	0.00617974
chr22	2	1179	51304566	2.29804e-05
chr22	3	23	51304566	4.48303e-07
chr22	4	12	51304566	2.33897e-07
chr22	5	16	51304566	3.11863e-07
chr22	6	33	51304566	6.43218e-07
chr22	7	48	51304566	9.35589e-07
chr22	8	1	51304566	1.94914e-08
chr22	9	2	51304566	3.89829e-08
chr22	10	1	51304566	1.94914e-08
chr22	11	3	51304566	5.84743e-08
chr22	12	1	51304566	1.94914e-08
chr22	13	3	51304566	5.84743e-08
chr22	14	2	51304566	3.89829e-08
chr22	15	4	51304566	7.79658e-08
chr22	16	2	51304566	3.89829e-08
chr22	17	22	51304566	4.28812e-07
chr22	18	11	51304566	2.14406e-07
chrX	0	152904094	155270560	0.984759
chrX	1	2321994	155270560	0.0149545
chrX	2	31045	155270560	0.000199941
chrX	3	6703	155270560	4.31698e-05
chrX	4	3368	155270560	2.16912e-05
chrX	5	1558	155270560	1.00341e-05
chrX	6	791	155270560	5.09433e-06
chrX	7	507	155270560	3.26527e-06
chrX	8	256	155270560	1.64873e-06
chrX	9	103	155270560	6.63358e-07
chrX	10	80	155270560	5.1523e-07
chrX	11	17	155270560	1.09486e-07
chrX	12	6	155270560	3.86422e-08
chrX	13	4	155270560	2.57615e-08
chrX	14	15	155270560	9.66056e-08
chrX	15	7	155270560	4.50826e-08
chrX	16	5	155270560	3.22019e-08
chrX	17	7	155270560	4.50826e-08
chrY	0	59300164	59373566	0.998764
chrY	1	69825	59373566	0.00117603
chrY	2	2110	59373566	3.55377e-05
chrY	3	821	59373566	1.38277e-05
chrY	4	214	59373566	3.6043e-06
chrY	5	193	59373566	3.2506e-06
chrY	6	96	59373566	1.61688e-06
chrY	7	48	59373566	8.08441e-07
chrY	8	39	59373566	6.56858e-07
chrY	9	17	59373566	2.86323e-07
chrY	10	35	59373566	5.89488e-07
chrY	11	4	59373566	6.737e-08
chr1_gl000191_random	0	106033	106433	0.996242
chr1_gl000191_random	1	400	106433	0.00375823
chr1_gl000192_random	0	536645	547496	0.980181
chr1_gl000192_random	1	10596	547496	0.0193536
chr1_gl000192_random	2	211	547496	0.000385391
chr1_gl000192_random	3	44	547496	8.03659e-05
chr4_ctg9_hap1	0	588926	590426	0.997459
chr4_ctg9_hap1	1	1500	590426	0.00254054
chr4_gl000193_random	0	186489	189789	0.982612
chr4_gl000193_random	1	3300	189789	0.0173877
chr4_gl000194_random	0	186044	191469	0.971666
chr4_gl000194_random	1	5350	191469	0.0279419
chr4_gl000194_random	2	75	191469	0.000391708
chr6_apd_hap1	0	4618272	4622290	0.999131
chr6_apd_hap1	1	3986	4622290	0.000862343
chr6_apd_hap1	2	32	4622290	6.92298e-06
chr6_cox_hap2	0	4787271	4795371	0.998311
chr6_cox_hap2	1	8100	4795371	0.00168913
chr6_dbb_hap3	0	4603321	4610396	0.998465
chr6_dbb_hap3	1	7050	4610396	0.00152915
chr6_dbb_hap3	2	25	4610396	5.42253e-06
chr6_mann_hap4	0	4675313	4683263	0.998302
chr6_mann_hap4	1	7950	4683263	0.00169753
chr6_mcf_hap5	0	4826898	4833398	0.998655
chr6_mcf_hap5	1	6500	4833398	0.00134481
chr6_qbl_hap6	0	4603734	4611984	0.998211
chr6_qbl_hap6	1	8250	4611984	0.00178882
chr6_ssto_hap7	0	4920667	4928567	0.998397
chr6_ssto_hap7	1	7850	4928567	0.00159276
chr6_ssto_hap7	2	50	4928567	1.01449e-05
chr7_gl000195_random	0	179769	182896	0.982903
chr7_gl000195_random	1	3054	182896	0.016698
chr7_gl000195_random	2	73	182896	0.000399134
chr8_gl000196_random	0	38314	38914	0.984581
chr8_gl000196_random	1	600	38914	0.0154186
chr8_gl000197_random	0	36925	37175	0.993275
chr8_gl000197_random	1	250	37175	0.00672495
chr9_gl000198_random	0	87728	90085	0.973836
chr9_gl000198_random	1	2314	90085	0.0256869
chr9_gl000198_random	2	43	90085	0.000477327
chr9_gl000199_random	0	145439	169874	0.856158
chr9_gl000199_random	1	19680	169874	0.115851
chr9_gl000199_random	2	3568	169874	0.0210038
chr9_gl000199_random	3	610	169874	0.0035909
chr9_gl000199_random	4	194	169874	0.00114202
chr9_gl000199_random	5	160	169874	0.000941875
chr9_gl000199_random	6	121	169874	0.000712293
chr9_gl000199_random	7	33	169874	0.000194262
chr9_gl000199_random	8	21	169874	0.000123621
chr9_gl000199_random	9	2	169874	1.17734e-05
chr9_gl000199_random	10	3	169874	1.76601e-05
chr9_gl000199_random	11	10	169874	5.88672e-05
chr9_gl000199_random	12	5	169874	2.94336e-05
chr9_gl000199_random	13	14	169874	8.2414e-05
chr9_gl000199_random	14	7	169874	4.1207e-05
chr9_gl000199_random	15	7	169874	4.1207e-05
chr9_gl000200_random	0	186060	187035	0.994787
chr9_gl000200_random	1	950	187035	0.00507926
chr9_gl000200_random	2	25	187035	0.000133665
chr9_gl000201_random	0	35948	36148	0.994467
chr9_gl000201_random	1	200	36148	0.00553281
chr11_gl000202_random	0	39653	40103	0.988779
chr11_gl000202_random	1	450	40103	0.0112211
chr17_ctg5_hap1	0	1673478	1680828	0.995627
chr17_ctg5_hap1	1	7350	1680828	0.00437284
chr17_gl000203_random	0	37163	37498	0.991066
chr17_gl000203_random	1	320	37498	0.00853379
chr17_gl000203_random	2	15	37498	0.000400021
chr17_gl000204_random	0	79870	81310	0.98229
chr17_gl000204_random	1	1430	81310	0.017587
chr17_gl000204_random	2	10	81310	0.000122986
chr17_gl000205_random	0	171076	174588	0.979884
chr17_gl000205_random	1	3474	174588	0.0198983
chr17_gl000205_random	2	38	174588	0.000217655
chr17_gl000206_random	0	40701	41001	0.992683
chr17_gl000206_random	1	300	41001	0.00731689
chr18_gl000207_random	0	4162	4262	0.976537
chr18_gl000207_random	1	100	4262	0.0234632
chr19_gl000208_random	0	87482	92689	0.943823
chr19_gl000208_random	1	4408	92689	0.0475569
chr19_gl000208_random	2	451	92689	0.00486573
chr19_gl000208_random	3	183	92689	0.00197434
chr19_gl000208_random	4	134	92689	0.00144569
chr19_gl000208_random	5	31	92689	0.000334452
chr19_gl000209_random	0	158219	159169	0.994031
chr19_gl000209_random	1	950	159169	0.0059685
chr21_gl000210_random	0	27582	27682	0.996388
chr21_gl000210_random	1	100	27682	0.00361246
chrUn_gl000211	0	163895	166566	0.983964
chrUn_gl000211	1	2642	166566	0.0158616
chrUn_gl000211	2	29	166566	0.000174105
chrUn_gl000212	0	184225	186858	0.985909
chrUn_gl000212	1	2616	186858	0.0139999
chrUn_gl000212	2	17	186858	9.09782e-05
chrUn_gl000213	0	163145	164239	0.993339
chrUn_gl000213	1	1088	164239	0.00662449
chrUn_gl000213	2	6	164239	3.65321e-05
chrUn_gl000214	0	131066	137718	0.951698
chrUn_gl000214	1	5983	137718	0.0434438
chrUn_gl000214	2	613	137718	0.00445112
chrUn_gl000214	3	33	137718	0.00023962
chrUn_gl000214	4	23	137718	0.000167008
chrUn_gl000215	0	171145	172545	0.991886
chrUn_gl000215	1	1400	172545	0.00811383
chrUn_gl000216	0	162871	172294	0.945309
chrUn_gl000216	1	7964	172294	0.0462233
chrUn_gl000216	2	949	172294	0.00550803
chrUn_gl000216	3	220	172294	0.00127689
chrUn_gl000216	4	85	172294	0.000493343
chrUn_gl000216	5	72	172294	0.00041789
chrUn_gl000216	6	22	172294	0.000127689
chrUn_gl000216	7	56	172294	0.000325026
chrUn_gl000216	8	41	172294	0.000237965
chrUn_gl000216	9	14	172294	8.12565e-05
chrUn_gl000217	0	167565	172149	0.973372
chrUn_gl000217	1	4450	172149	0.0258497
chrUn_gl000217	2	102	172149	0.00059251
chrUn_gl000217	3	32	172149	0.000185885
chrUn_gl000218	0	158697	161147	0.984796
chrUn_gl000218	1	2450	161147	0.0152035
chrUn_gl000219	0	175648	179198	0.98019
chrUn_gl000219	1	3550	179198	0.0198105
chrUn_gl000220	0	116820	161802	0.721994
chrUn_gl000220	1	17486	161802	0.10807
chrUn_gl000220	2	11061	161802	0.0683613
chrUn_gl000220	3	7152	161802	0.0442022
chrUn_gl000220	4	4410	161802	0.0272555
chrUn_gl000220	5	2607	161802	0.0161123
chrUn_gl000220	6	1407	161802	0.00869581
chrUn_gl000220	7	553	161802	0.00341776
chrUn_gl000220	8	194	161802	0.001199
chrUn_gl000220	9	59	161802	0.000364643
chrUn_gl000220	10	21	161802	0.000129788
chrUn_gl000220	11	29	161802	0.000179231
chrUn_gl000220	12	3	161802	1.85412e-05
chrUn_gl000221	0	152550	155397	0.981679
chrUn_gl000221	1	2797	155397	0.0179991
chrUn_gl000221	2	47	155397	0.000302451
chrUn_gl000221	3	3	155397	1.93054e-05
chrUn_gl000222	0	185461	186861	0.992508
chrUn_gl000222	1	1400	186861	0.0074922
chrUn_gl000223	0	179005	180455	0.991965
chrUn_gl000223	1	1450	180455	0.00803524
chrUn_gl000224	0	173988	179693	0.968251
chrUn_gl000224	1	4530	179693	0.0252097
chrUn_gl000224	2	973	179693	0.00541479
chrUn_gl000224	3	158	179693	0.000879277
chrUn_gl000224	4	20	179693	0.000111301
chrUn_gl000224	5	24	179693	0.000133561
chrUn_gl000225	0	196945	211173	0.932624
chrUn_gl000225	1	12727	211173	0.0602681
chrUn_gl000225	2	1134	211173	0.00537
chrUn_gl000225	3	244	211173	0.00115545
chrUn_gl000225	4	61	211173	0.000288863
chrUn_gl000225	5	43	211173	0.000203625
chrUn_gl000225	6	19	211173	8.99736e-05
chrUn_gl000226	0	1013	15008	0.0674973
chrUn_gl000226	1	1428	15008	0.0951493
chrUn_gl000226	2	2158	15008	0.14379
chrUn_gl000226	3	2159	15008	0.143857
chrUn_gl000226	4	1962	15008	0.13073
chrUn_gl000226	5	1707	15008	0.113739
chrUn_gl000226	6	1546	15008	0.103012
chrUn_gl000226	7	1005	15008	0.0669643
chrUn_gl000226	8	784	15008	0.0522388
chrUn_gl000226	9	488	15008	0.032516
chrUn_gl000226	10	362	15008	0.0241205
chrUn_gl000226	11	236	15008	0.0157249
chrUn_gl000226	12	67	15008	0.00446429
chrUn_gl000226	13	32	15008	0.0021322
chrUn_gl000226	14	35	15008	0.00233209
chrUn_gl000226	15	21	15008	0.00139925
chrUn_gl000226	16	5	15008	0.000333156
chrUn_gl000227	0	127574	128374	0.993768
chrUn_gl000227	1	800	128374	0.00623179
chrUn_gl000228	0	126741	129120	0.981575
chrUn_gl000228	1	2042	129120	0.0158147
chrUn_gl000228	2	253	129120	0.00195942
chrUn_gl000228	3	84	129120	0.000650558
chrUn_gl000229	0	19063	19913	0.957314
chrUn_gl000229	1	850	19913	0.0426857
chrUn_gl000230	0	43541	43691	0.996567
chrUn_gl000230	1	150	43691	0.0034332
chrUn_gl000231	0	26513	27386	0.968122
chrUn_gl000231	1	796	27386	0.0290659
chrUn_gl000231	2	77	27386	0.00281166
chrUn_gl000232	0	38483	40652	0.946645
chrUn_gl000232	1	2088	40652	0.0513628
chrUn_gl000232	2	81	40652	0.00199252
chrUn_gl000233	0	45741	45941	0.995647
chrUn_gl000233	1	200	45941	0.00435341
chrUn_gl000234	0	38941	40531	0.960771
chrUn_gl000234	1	1580	40531	0.0389825
chrUn_gl000234	2	10	40531	0.000246725
chrUn_gl000235	0	33474	34474	0.970993
chrUn_gl000235	1	1000	34474	0.0290074
chrUn_gl000236	0	41484	41934	0.989269
chrUn_gl000236	1	450	41934	0.0107311
chrUn_gl000237	0	44635	45867	0.97314
chrUn_gl000237	1	1214	45867	0.0264678
chrUn_gl000237	2	18	45867	0.000392439
chrUn_gl000238	0	39739	39939	0.994992
chrUn_gl000238	1	200	39939	0.00500764
chrUn_gl000239	0	32723	33824	0.967449
chrUn_gl000239	1	1052	33824	0.0311022
chrUn_gl000239	2	49	33824	0.00144868
chrUn_gl000240	0	41283	41933	0.984499
chrUn_gl000240	1	650	41933	0.0155009
chrUn_gl000241	0	39638	42152	0.940359
chrUn_gl000241	1	2478	42152	0.0587872
chrUn_gl000241	2	36	42152	0.000854052
chrUn_gl000242	0	43373	43523	0.996554
chrUn_gl000242	1	150	43523	0.00344645
chrUn_gl000243	0	42291	43341	0.975774
chrUn_gl000243	1	1050	43341	0.0242265
chrUn_gl000244	0	39429	39929	0.987478
chrUn_gl000244	1	500	39929	0.0125222
chrUn_gl000245	0	35844	36651	0.977982
chrUn_gl000245	1	764	36651	0.0208453
chrUn_gl000245	2	43	36651	0.00117323
chrUn_gl000246	0	37804	38154	0.990827
chrUn_gl000246	1	350	38154	0.00917335
chrUn_gl000247	0	35922	36422	0.986272
chrUn_gl000247	1	500	36422	0.013728
chrUn_gl000248	0	39636	39786	0.99623
chrUn_gl000248	1	150	39786	0.00377017
chrUn_gl000249	0	38252	38502	0.993507
chrUn_gl000249	1	250	38502	0.00649317
genome	0	3098068352	3137161264	0.987539
genome	1	38585509	3137161264	0.0122995
genome	2	396790	3137161264	0.000126481
genome	3	40827	3137161264	1.3014e-05
genome	4	22642	3137161264	7.21735e-06
genome	5	14505	3137161264	4.62361e-06
genome	6	9489	3137161264	3.02471e-06
genome	7	6027	3137161264	1.92116e-06
genome	8	3956	3137161264	1.26101e-06
genome	9	2443	3137161264	7.78729e-07
genome	10	1886	3137161264	6.0118e-07
genome	11	1430	3137161264	4.55826e-07
genome	12	955	3137161264	3.04415e-07
genome	13	759	3137161264	2.41938e-07
genome	14	600	3137161264	1.91256e-07
genome	15	525	3137161264	1.67349e-07
genome	16	446	3137161264	1.42167e-07
genome	17	456	3137161264	1.45354e-07
genome	18	464	3137161264	1.47904e-07
genome	19	327	3137161264	1.04234e-07
genome	20	224	3137161264	7.14021e-08
genome	21	245	3137161264	7.80961e-08
genome	22	244	3137161264	7.77773e-08
genome	23	233	3137161264	7.4271e-08
genome	24	237	3137161264	7.5546e-08
genome	25	215	3137161264	6.85333e-08
genome	26	173	3137161264	5.51454e-08
genome	27	124	3137161264	3.95262e-08
genome	28	174	3137161264	5.54642e-08
genome	29	123	3137161264	3.92074e-08
genome	30	98	3137161264	3.12384e-08
genome	31	84	3137161264	2.67758e-08
genome	32	61	3137161264	1.94443e-08
genome	33	70	3137161264	2.23132e-08
genome	34	44	3137161264	1.40254e-08
genome	35	53	3137161264	1.68943e-08
genome	36	32	3137161264	1.02003e-08
genome	37	35	3137161264	1.11566e-08
genome	38	37	3137161264	1.17941e-08
genome	39	49	3137161264	1.56192e-08
genome	40	50	3137161264	1.5938e-08
genome	41	34	3137161264	1.08378e-08
genome	42	37	3137161264	1.17941e-08
genome	43	27	3137161264	8.60651e-09
genome	44	24	3137161264	7.65023e-09
genome	45	28	3137161264	8.92527e-09
genome	46	25	3137161264	7.96899e-09
genome	47	21	3137161264	6.69395e-09
genome	48	26	3137161264	8.28775e-09
genome	49	12	3137161264	3.82511e-09
genome	50	10	3137161264	3.1876e-09
genome	51	7	3137161264	2.23132e-09
genome	52	10	3137161264	3.1876e-09
genome	53	3	3137161264	9.56279e-10
genome	54	6	3137161264	1.91256e-09
genome	55	1	3137161264	3.1876e-10
