chrM	0	16071	16571	0.969827
chrM	1	500	16571	0.0301732
chr1	0	245449354	249250621	0.984749
chr1	1	3759629	249250621	0.0150837
chr1	2	38816	249250621	0.000155731
chr1	3	1096	249250621	4.39718e-06
chr1	4	262	249250621	1.05115e-06
chr1	5	90	249250621	3.61082e-07
chr1	6	68	249250621	2.72818e-07
chr1	7	80	249250621	3.20962e-07
chr1	8	31	249250621	1.24373e-07
chr1	9	38	249250621	1.52457e-07
chr1	10	50	249250621	2.00601e-07
chr1	11	39	249250621	1.56469e-07
chr1	12	47	249250621	1.88565e-07
chr1	13	44	249250621	1.76529e-07
chr1	14	56	249250621	2.24673e-07
chr1	15	49	249250621	1.96589e-07
chr1	16	44	249250621	1.76529e-07
chr1	17	46	249250621	1.84553e-07
chr1	18	56	249250621	2.24673e-07
chr1	19	46	249250621	1.84553e-07
chr1	20	42	249250621	1.68505e-07
chr1	21	57	249250621	2.28685e-07
chr1	22	66	249250621	2.64794e-07
chr1	23	54	249250621	2.16649e-07
chr1	24	42	249250621	1.68505e-07
chr1	25	30	249250621	1.20361e-07
chr1	26	27	249250621	1.08325e-07
chr1	27	22	249250621	8.82646e-08
chr1	28	20	249250621	8.02405e-08
chr1	29	12	249250621	4.81443e-08
chr1	30	10	249250621	4.01203e-08
chr1	31	7	249250621	2.80842e-08
chr1	32	10	249250621	4.01203e-08
chr1	33	10	249250621	4.01203e-08
chr1	34	10	249250621	4.01203e-08
chr1	35	13	249250621	5.21563e-08
chr1	36	5	249250621	2.00601e-08
chr1	37	10	249250621	4.01203e-08
chr1	38	2	249250621	8.02405e-09
chr1	39	6	249250621	2.40722e-08
chr1	40	4	249250621	1.60481e-08
chr1	41	11	249250621	4.41323e-08
chr1	42	8	249250621	3.20962e-08
chr1	43	12	249250621	4.81443e-08
chr1	44	12	249250621	4.81443e-08
chr1	45	26	249250621	1.04313e-07
chr1	46	18	249250621	7.22165e-08
chr1	47	15	249250621	6.01804e-08
chr1	48	13	249250621	5.21563e-08
chr1	49	16	249250621	6.41924e-08
chr1	50	18	249250621	7.22165e-08
chr1	51	11	249250621	4.41323e-08
chr1	52	7	249250621	2.80842e-08
chr1	53	15	249250621	6.01804e-08
chr1	54	13	249250621	5.21563e-08
chr1	55	6	249250621	2.40722e-08
chr1	56	1	249250621	4.01203e-09
chr1	57	4	249250621	1.60481e-08
chr1	58	2	249250621	8.02405e-09
chr1	59	7	249250621	2.80842e-08
chr1	60	5	249250621	2.00601e-08
chr1	61	1	249250621	4.01203e-09
chr2	0	239610788	243199373	0.985244
chr2	1	3546300	243199373	0.0145819
chr2	2	34136	243199373	0.000140362
chr2	3	3502	243199373	1.43997e-05
chr2	4	2011	243199373	8.26894e-06
chr2	5	1093	243199373	4.49425e-06
chr2	6	564	243199373	2.31908e-06
chr2	7	406	243199373	1.66941e-06
chr2	8	105	243199373	4.31745e-07
chr2	9	101	243199373	4.15297e-07
chr2	10	81	243199373	3.3306e-07
chr2	11	107	243199373	4.39968e-07
chr2	12	76	243199373	3.12501e-07
chr2	13	50	243199373	2.05593e-07
chr2	14	9	243199373	3.70067e-08
chr2	15	12	243199373	4.93422e-08
chr2	16	18	243199373	7.40134e-08
chr2	17	7	243199373	2.8783e-08
chr2	18	7	243199373	2.8783e-08
chr3	0	195441397	198022430	0.986966
chr3	1	2562370	198022430	0.0129398
chr3	2	18442	198022430	9.31309e-05
chr3	3	65	198022430	3.28246e-07
chr3	4	42	198022430	2.12097e-07
chr3	5	1	198022430	5.04993e-09
chr3	6	1	198022430	5.04993e-09
chr3	7	2	198022430	1.00999e-08
chr3	8	2	198022430	1.00999e-08
chr3	10	5	198022430	2.52497e-08
chr3	11	3	198022430	1.51498e-08
chr3	12	2	198022430	1.00999e-08
chr3	13	2	198022430	1.00999e-08
chr3	14	2	198022430	1.00999e-08
chr3	15	2	198022430	1.00999e-08
chr3	16	3	198022430	1.51498e-08
chr3	18	4	198022430	2.01997e-08
chr3	19	2	198022430	1.00999e-08
chr3	20	5	198022430	2.52497e-08
chr3	21	3	198022430	1.51498e-08
chr3	22	3	198022430	1.51498e-08
chr3	23	2	198022430	1.00999e-08
chr3	24	2	198022430	1.00999e-08
chr3	25	3	198022430	1.51498e-08
chr3	26	2	198022430	1.00999e-08
chr3	27	3	198022430	1.51498e-08
chr3	28	3	198022430	1.51498e-08
chr3	29	2	198022430	1.00999e-08
chr3	30	4	198022430	2.01997e-08
chr3	31	2	198022430	1.00999e-08
chr3	32	2	198022430	1.00999e-08
chr3	33	3	198022430	1.51498e-08
chr3	34	2	198022430	1.00999e-08
chr3	35	3	198022430	1.51498e-08
chr3	36	2	198022430	1.00999e-08
chr3	37	4	198022430	2.01997e-08
chr3	38	5	198022430	2.52497e-08
chr3	39	6	198022430	3.02996e-08
chr3	40	5	198022430	2.52497e-08
chr3	41	9	198022430	4.54494e-08
chr3	42	5	198022430	2.52497e-08
chr3	43	3	198022430	1.51498e-08
chr4	0	189021966	191154276	0.988845
chr4	1	2111332	191154276	0.0110452
chr4	2	17462	191154276	9.13503e-05
chr4	3	1833	191154276	9.58911e-06
chr4	4	858	191154276	4.48852e-06
chr4	5	261	191154276	1.36539e-06
chr4	6	265	191154276	1.38631e-06
chr4	7	117	191154276	6.12071e-07
chr4	8	89	191154276	4.65593e-07
chr4	9	93	191154276	4.86518e-07
chr5	0	178963443	180915260	0.989211
chr5	1	1940401	180915260	0.0107255
chr5	2	10999	180915260	6.07964e-05
chr5	3	309	180915260	1.70798e-06
chr5	4	66	180915260	3.64812e-07
chr5	5	42	180915260	2.32153e-07
chr6	0	169306022	171115067	0.989428
chr6	1	1791743	171115067	0.010471
chr6	2	13371	171115067	7.81404e-05
chr6	3	613	171115067	3.58238e-06
chr6	4	562	171115067	3.28434e-06
chr6	5	424	171115067	2.47786e-06
chr6	6	495	171115067	2.89279e-06
chr6	7	468	171115067	2.735e-06
chr6	8	379	171115067	2.21488e-06
chr6	9	302	171115067	1.76489e-06
chr6	10	262	171115067	1.53113e-06
chr6	11	196	171115067	1.14543e-06
chr6	12	132	171115067	7.71411e-07
chr6	13	75	171115067	4.38302e-07
chr6	14	18	171115067	1.05192e-07
chr6	15	5	171115067	2.92201e-08
chr7	0	157070599	159138663	0.987005
chr7	1	2049624	159138663	0.0128795
chr7	2	14618	159138663	9.1857e-05
chr7	3	704	159138663	4.42381e-06
chr7	4	452	159138663	2.84029e-06
chr7	5	334	159138663	2.0988e-06
chr7	6	393	159138663	2.46954e-06
chr7	7	194	159138663	1.21906e-06
chr7	8	260	159138663	1.6338e-06
chr7	9	142	159138663	8.92304e-07
chr7	10	203	159138663	1.27562e-06
chr7	11	156	159138663	9.80277e-07
chr7	12	73	159138663	4.58719e-07
chr7	13	89	159138663	5.59261e-07
chr7	14	64	159138663	4.02165e-07
chr7	15	78	159138663	4.90139e-07
chr7	16	70	159138663	4.39868e-07
chr7	17	77	159138663	4.83855e-07
chr7	18	76	159138663	4.77571e-07
chr7	19	76	159138663	4.77571e-07
chr7	20	77	159138663	4.83855e-07
chr7	21	51	159138663	3.20475e-07
chr7	22	40	159138663	2.51353e-07
chr7	23	38	159138663	2.38785e-07
chr7	24	25	159138663	1.57096e-07
chr7	25	26	159138663	1.6338e-07
chr7	26	17	159138663	1.06825e-07
chr7	27	18	159138663	1.13109e-07
chr7	28	14	159138663	8.79736e-08
chr7	29	13	159138663	8.16898e-08
chr7	30	16	159138663	1.00541e-07
chr7	31	13	159138663	8.16898e-08
chr7	32	14	159138663	8.79736e-08
chr7	33	5	159138663	3.14191e-08
chr7	34	8	159138663	5.02706e-08
chr7	35	6	159138663	3.7703e-08
chr8	0	144422446	146364022	0.986735
chr8	1	1920331	146364022	0.0131202
chr8	2	17909	146364022	0.000122359
chr8	3	1894	146364022	1.29403e-05
chr8	4	752	146364022	5.13787e-06
chr8	5	334	146364022	2.28198e-06
chr8	6	224	146364022	1.53043e-06
chr8	7	56	146364022	3.82608e-07
chr8	8	40	146364022	2.73291e-07
chr8	9	25	146364022	1.70807e-07
chr8	10	11	146364022	7.51551e-08
chr9	0	139826029	141213431	0.990175
chr9	1	1377950	141213431	0.00975792
chr9	2	8992	141213431	6.36767e-05
chr9	3	192	141213431	1.35964e-06
chr9	4	93	141213431	6.58578e-07
chr9	5	58	141213431	4.10726e-07
chr9	6	91	141213431	6.44415e-07
chr9	7	26	141213431	1.84118e-07
chr10	0	132820315	135534747	0.979972
chr10	1	2656024	135534747	0.0195966
chr10	2	44254	135534747	0.000326514
chr10	3	3010	135534747	2.22083e-05
chr10	4	1637	135534747	1.20781e-05
chr10	5	1172	135534747	8.64723e-06
chr10	6	911	135534747	6.72152e-06
chr10	7	853	135534747	6.29359e-06
chr10	8	687	135534747	5.06881e-06
chr10	9	485	135534747	3.57842e-06
chr10	10	493	135534747	3.63744e-06
chr10	11	430	135534747	3.17262e-06
chr10	12	361	135534747	2.66352e-06
chr10	13	255	135534747	1.88144e-06
chr10	14	289	135534747	2.13229e-06
chr10	15	309	135534747	2.27986e-06
chr10	16	306	135534747	2.25772e-06
chr10	17	188	135534747	1.3871e-06
chr10	18	215	135534747	1.58631e-06
chr10	19	151	135534747	1.11411e-06
chr10	20	186	135534747	1.37234e-06
chr10	21	184	135534747	1.35759e-06
chr10	22	208	135534747	1.53466e-06
chr10	23	158	135534747	1.16575e-06
chr10	24	108	135534747	7.96844e-07
chr10	25	122	135534747	9.00138e-07
chr10	26	110	135534747	8.116e-07
chr10	27	135	135534747	9.96054e-07
chr10	28	78	135534747	5.75498e-07
chr10	29	128	135534747	9.44407e-07
chr10	30	95	135534747	7.00927e-07
chr10	31	119	135534747	8.78004e-07
chr10	32	76	135534747	5.60742e-07
chr10	33	83	135534747	6.12389e-07
chr10	34	77	135534747	5.6812e-07
chr10	35	81	135534747	5.97633e-07
chr10	36	62	135534747	4.57447e-07
chr10	37	71	135534747	5.23851e-07
chr10	38	56	135534747	4.13178e-07
chr10	39	55	135534747	4.058e-07
chr10	40	47	135534747	3.46775e-07
chr10	41	43	135534747	3.17262e-07
chr10	42	34	135534747	2.50858e-07
chr10	43	17	135534747	1.25429e-07
chr10	44	21	135534747	1.54942e-07
chr10	45	19	135534747	1.40185e-07
chr10	46	17	135534747	1.25429e-07
chr10	47	8	135534747	5.90255e-08
chr10	48	4	135534747	2.95127e-08
chr11	0	132811418	135006516	0.983741
chr11	1	2170165	135006516	0.0160745
chr11	2	22976	135006516	0.000170184
chr11	3	756	135006516	5.59973e-06
chr11	4	395	135006516	2.92578e-06
chr11	5	294	135006516	2.17767e-06
chr11	6	205	135006516	1.51845e-06
chr11	7	53	135006516	3.92574e-07
chr11	8	94	135006516	6.96263e-07
chr11	9	28	135006516	2.07397e-07
chr11	10	33	135006516	2.44433e-07
chr11	11	28	135006516	2.07397e-07
chr11	12	13	135006516	9.62917e-08
chr11	13	13	135006516	9.62917e-08
chr11	14	4	135006516	2.96282e-08
chr11	15	2	135006516	1.48141e-08
chr11	16	6	135006516	4.44423e-08
chr11	17	4	135006516	2.96282e-08
chr11	18	7	135006516	5.18494e-08
chr11	19	19	135006516	1.40734e-07
chr11	20	3	135006516	2.22212e-08
chr12	0	131748624	133851895	0.984287
chr12	1	2085968	133851895	0.0155841
chr12	2	16939	133851895	0.00012655
chr12	3	288	133851895	2.15163e-06
chr12	4	40	133851895	2.98838e-07
chr12	5	36	133851895	2.68954e-07
chr13	0	114146337	115169878	0.991113
chr13	1	1018858	115169878	0.00884657
chr13	2	4657	115169878	4.04359e-05
chr13	3	26	115169878	2.25753e-07
chr14	0	106248806	107349540	0.989746
chr14	1	1092765	107349540	0.0101795
chr14	2	7902	107349540	7.361e-05
chr14	3	37	107349540	3.44668e-07
chr14	4	30	107349540	2.79461e-07
chr15	0	101678717	102531392	0.991684
chr15	1	848254	102531392	0.00827312
chr15	2	4367	102531392	4.25918e-05
chr15	3	54	102531392	5.26668e-07
chr16	0	89462477	90354753	0.990125
chr16	1	857448	90354753	0.00948979
chr16	2	12483	90354753	0.000138155
chr16	3	5377	90354753	5.95099e-05
chr16	4	4169	90354753	4.61404e-05
chr16	5	3551	90354753	3.93006e-05
chr16	6	2713	90354753	3.00261e-05
chr16	7	2122	90354753	2.34852e-05
chr16	8	1456	90354753	1.61143e-05
chr16	9	1169	90354753	1.29379e-05
chr16	10	671	90354753	7.42628e-06
chr16	11	357	90354753	3.95109e-06
chr16	12	300	90354753	3.32025e-06
chr16	13	173	90354753	1.91468e-06
chr16	14	93	90354753	1.02928e-06
chr16	15	89	90354753	9.85006e-07
chr16	16	68	90354753	7.52589e-07
chr16	17	18	90354753	1.99215e-07
chr16	18	6	90354753	6.64049e-08
chr16	19	12	90354753	1.3281e-07
chr16	20	1	90354753	1.10675e-08
chr17	0	80156656	81195210	0.987209
chr17	1	1028886	81195210	0.0126718
chr17	2	8962	81195210	0.000110376
chr17	3	378	81195210	4.65545e-06
chr17	4	174	81195210	2.14298e-06
chr17	5	60	81195210	7.3896e-07
chr17	6	20	81195210	2.4632e-07
chr17	7	52	81195210	6.40432e-07
chr17	8	22	81195210	2.70952e-07
chr18	0	77012023	78077248	0.986357
chr18	1	1055402	78077248	0.0135174
chr18	2	8668	78077248	0.000111018
chr18	3	425	78077248	5.44333e-06
chr18	4	269	78077248	3.44531e-06
chr18	5	116	78077248	1.48571e-06
chr18	6	70	78077248	8.96548e-07
chr18	7	120	78077248	1.53694e-06
chr18	8	16	78077248	2.04925e-07
chr18	9	19	78077248	2.43349e-07
chr18	10	49	78077248	6.27584e-07
chr18	11	36	78077248	4.61082e-07
chr18	12	3	78077248	3.84235e-08
chr18	13	6	78077248	7.6847e-08
chr18	14	3	78077248	3.84235e-08
chr18	15	6	78077248	7.6847e-08
chr18	16	4	78077248	5.12313e-08
chr18	17	8	78077248	1.02463e-07
chr18	18	5	78077248	6.40391e-08
chr19	0	58368158	59128983	0.987133
chr19	1	752188	59128983	0.0127211
chr19	2	6354	59128983	0.00010746
chr19	3	533	59128983	9.01419e-06
chr19	4	365	59128983	6.17295e-06
chr19	5	324	59128983	5.47955e-06
chr19	6	200	59128983	3.38244e-06
chr19	7	191	59128983	3.23023e-06
chr19	8	60	59128983	1.01473e-06
chr19	9	73	59128983	1.23459e-06
chr19	10	105	59128983	1.77578e-06
chr19	11	70	59128983	1.18385e-06
chr19	12	62	59128983	1.04856e-06
chr19	13	59	59128983	9.97819e-07
chr19	14	26	59128983	4.39717e-07
chr19	15	20	59128983	3.38244e-07
chr19	16	10	59128983	1.69122e-07
chr19	17	24	59128983	4.05892e-07
chr19	18	19	59128983	3.21331e-07
chr19	19	22	59128983	3.72068e-07
chr19	20	17	59128983	2.87507e-07
chr19	21	12	59128983	2.02946e-07
chr19	22	12	59128983	2.02946e-07
chr19	23	14	59128983	2.36771e-07
chr19	24	10	59128983	1.69122e-07
chr19	25	10	59128983	1.69122e-07
chr19	26	22	59128983	3.72068e-07
chr19	27	11	59128983	1.86034e-07
chr19	28	8	59128983	1.35297e-07
chr19	29	3	59128983	5.07365e-08
chr19	30	1	59128983	1.69122e-08
chr20	0	62268608	63025520	0.98799
chr20	1	750896	63025520	0.0119142
chr20	2	5825	63025520	9.24229e-05
chr20	3	110	63025520	1.74532e-06
chr20	4	81	63025520	1.28519e-06
chr21	0	47727075	48129895	0.991631
chr21	1	398217	48129895	0.0082738
chr21	2	4002	48129895	8.315e-05
chr21	3	253	48129895	5.25661e-06
chr21	4	146	48129895	3.03346e-06
chr21	5	46	48129895	9.55747e-07
chr21	6	55	48129895	1.14274e-06
chr21	7	24	48129895	4.98651e-07
chr21	8	18	48129895	3.73988e-07
chr21	9	15	48129895	3.11657e-07
chr21	10	3	48129895	6.23313e-08
chr21	11	3	48129895	6.23313e-08
chr21	12	8	48129895	1.66217e-07
chr21	13	4	48129895	8.31084e-08
chr21	14	22	48129895	4.57096e-07
chr21	15	4	48129895	8.31084e-08
chr22	0	50986559	51304566	0.993802
chr22	1	316382	51304566	0.00616674
chr22	2	1469	51304566	2.86329e-05
chr22	3	37	51304566	7.21183e-07
chr22	4	62	51304566	1.20847e-06
chr22	5	1	51304566	1.94914e-08
chr22	6	2	51304566	3.89829e-08
chr22	7	1	51304566	1.94914e-08
chr22	8	2	51304566	3.89829e-08
chr22	9	1	51304566	1.94914e-08
chr22	10	1	51304566	1.94914e-08
chr22	11	2	51304566	3.89829e-08
chr22	12	1	51304566	1.94914e-08
chr22	13	2	51304566	3.89829e-08
chr22	14	1	51304566	1.94914e-08
chr22	15	3	51304566	5.84743e-08
chr22	16	2	51304566	3.89829e-08
chr22	17	5	51304566	9.74572e-08
chr22	18	1	51304566	1.94914e-08
chr22	19	32	51304566	6.23726e-07
chrX	0	153011731	155270560	0.985452
chrX	1	2221066	155270560	0.0143045
chrX	2	28677	155270560	0.000184691
chrX	3	5459	155270560	3.5158e-05
chrX	4	2139	155270560	1.3776e-05
chrX	5	908	155270560	5.84786e-06
chrX	6	225	155270560	1.44908e-06
chrX	7	180	155270560	1.15927e-06
chrX	8	44	155270560	2.83376e-07
chrX	9	27	155270560	1.7389e-07
chrX	10	39	155270560	2.51174e-07
chrX	11	26	155270560	1.6745e-07
chrX	12	31	155270560	1.99651e-07
chrX	13	8	155270560	5.1523e-08
chrY	0	59304585	59373566	0.998838
chrY	1	65453	59373566	0.00110239
chrY	2	2148	59373566	3.61777e-05
chrY	3	792	59373566	1.33393e-05
chrY	4	270	59373566	4.54748e-06
chrY	5	130	59373566	2.18953e-06
chrY	6	59	59373566	9.93708e-07
chrY	7	45	59373566	7.57913e-07
chrY	8	23	59373566	3.87378e-07
chrY	9	26	59373566	4.37905e-07
chrY	10	27	59373566	4.54748e-07
chrY	11	8	59373566	1.3474e-07
chr1_gl000191_random	0	105833	106433	0.994363
chr1_gl000191_random	1	600	106433	0.00563735
chr1_gl000192_random	0	536281	547496	0.979516
chr1_gl000192_random	1	10980	547496	0.0200549
chr1_gl000192_random	2	235	547496	0.000429227
chr4_ctg9_hap1	0	588926	590426	0.997459
chr4_ctg9_hap1	1	1500	590426	0.00254054
chr4_gl000193_random	0	186398	189789	0.982133
chr4_gl000193_random	1	3382	189789	0.0178198
chr4_gl000193_random	2	9	189789	4.74211e-05
chr4_gl000194_random	0	186344	191469	0.973233
chr4_gl000194_random	1	5050	191469	0.026375
chr4_gl000194_random	2	75	191469	0.000391708
chr6_apd_hap1	0	4618490	4622290	0.999178
chr6_apd_hap1	1	3800	4622290	0.000822103
chr6_cox_hap2	0	4785255	4795371	0.99789
chr6_cox_hap2	1	10082	4795371	0.00210244
chr6_cox_hap2	2	34	4795371	7.09017e-06
chr6_dbb_hap3	0	4603346	4610396	0.998471
chr6_dbb_hap3	1	7050	4610396	0.00152915
chr6_mann_hap4	0	4674822	4683263	0.998198
chr6_mann_hap4	1	8432	4683263	0.00180045
chr6_mann_hap4	2	9	4683263	1.92174e-06
chr6_mcf_hap5	0	4825922	4833398	0.998453
chr6_mcf_hap5	1	7452	4833398	0.00154177
chr6_mcf_hap5	2	24	4833398	4.96545e-06
chr6_qbl_hap6	0	4605161	4611984	0.998521
chr6_qbl_hap6	1	6796	4611984	0.00147355
chr6_qbl_hap6	2	27	4611984	5.85431e-06
chr6_ssto_hap7	0	4921365	4928567	0.998539
chr6_ssto_hap7	1	7154	4928567	0.00145154
chr6_ssto_hap7	2	48	4928567	9.73914e-06
chr7_gl000195_random	0	176987	182896	0.967692
chr7_gl000195_random	1	5818	182896	0.0318104
chr7_gl000195_random	2	91	182896	0.000497551
chr8_gl000196_random	0	38464	38914	0.988436
chr8_gl000196_random	1	450	38914	0.011564
chr8_gl000197_random	0	37075	37175	0.99731
chr8_gl000197_random	1	100	37175	0.00268998
chr9_gl000198_random	0	88050	90085	0.97741
chr9_gl000198_random	1	1970	90085	0.0218682
chr9_gl000198_random	2	65	90085	0.000721541
chr9_gl000199_random	0	145220	169874	0.854869
chr9_gl000199_random	1	19438	169874	0.114426
chr9_gl000199_random	2	3883	169874	0.0228581
chr9_gl000199_random	3	884	169874	0.00520386
chr9_gl000199_random	4	222	169874	0.00130685
chr9_gl000199_random	5	125	169874	0.000735839
chr9_gl000199_random	6	7	169874	4.1207e-05
chr9_gl000199_random	7	4	169874	2.35469e-05
chr9_gl000199_random	8	28	169874	0.000164828
chr9_gl000199_random	9	33	169874	0.000194262
chr9_gl000199_random	10	7	169874	4.1207e-05
chr9_gl000199_random	11	6	169874	3.53203e-05
chr9_gl000199_random	12	17	169874	0.000100074
chr9_gl000200_random	0	185535	187035	0.99198
chr9_gl000200_random	1	1500	187035	0.00801989
chr9_gl000201_random	0	36048	36148	0.997234
chr9_gl000201_random	1	100	36148	0.0027664
chr11_gl000202_random	0	39462	40103	0.984016
chr11_gl000202_random	1	632	40103	0.0157594
chr11_gl000202_random	2	9	40103	0.000224422
chr17_ctg5_hap1	0	1673366	1680828	0.995561
chr17_ctg5_hap1	1	7424	1680828	0.00441687
chr17_ctg5_hap1	2	38	1680828	2.26079e-05
chr17_gl000203_random	0	37248	37498	0.993333
chr17_gl000203_random	1	250	37498	0.00666702
chr17_gl000204_random	0	79932	81310	0.983052
chr17_gl000204_random	1	1306	81310	0.016062
chr17_gl000204_random	2	72	81310	0.0008855
chr17_gl000205_random	0	170033	174588	0.97391
chr17_gl000205_random	1	4510	174588	0.0258322
chr17_gl000205_random	2	45	174588	0.00025775
chr17_gl000206_random	0	40601	41001	0.990244
chr17_gl000206_random	1	400	41001	0.00975586
chr19_gl000208_random	0	87140	92689	0.940133
chr19_gl000208_random	1	4782	92689	0.0515919
chr19_gl000208_random	2	638	92689	0.00688323
chr19_gl000208_random	3	84	92689	0.000906256
chr19_gl000208_random	4	35	92689	0.000377607
chr19_gl000208_random	5	10	92689	0.000107888
chr19_gl000209_random	0	158219	159169	0.994031
chr19_gl000209_random	1	950	159169	0.0059685
chr21_gl000210_random	0	27632	27682	0.998194
chr21_gl000210_random	1	50	27682	0.00180623
chrUn_gl000211	0	163714	166566	0.982878
chrUn_gl000211	1	2804	166566	0.0168342
chrUn_gl000211	2	48	166566	0.000288174
chrUn_gl000212	0	183471	186858	0.981874
chrUn_gl000212	1	3324	186858	0.0177889
chrUn_gl000212	2	63	186858	0.000337154
chrUn_gl000213	0	163289	164239	0.994216
chrUn_gl000213	1	950	164239	0.00578425
chrUn_gl000214	0	130296	137718	0.946107
chrUn_gl000214	1	6899	137718	0.0500951
chrUn_gl000214	2	468	137718	0.00339825
chrUn_gl000214	3	55	137718	0.000399367
chrUn_gl000215	0	171695	172545	0.995074
chrUn_gl000215	1	850	172545	0.00492625
chrUn_gl000216	0	162623	172294	0.943869
chrUn_gl000216	1	8107	172294	0.0470533
chrUn_gl000216	2	1055	172294	0.00612325
chrUn_gl000216	3	229	172294	0.00132912
chrUn_gl000216	4	145	172294	0.000841585
chrUn_gl000216	5	41	172294	0.000237965
chrUn_gl000216	6	29	172294	0.000168317
chrUn_gl000216	7	43	172294	0.000249573
chrUn_gl000216	8	12	172294	6.96484e-05
chrUn_gl000216	9	10	172294	5.80403e-05
chrUn_gl000217	0	166410	172149	0.966663
chrUn_gl000217	1	5578	172149	0.0324022
chrUn_gl000217	2	161	172149	0.000935236
chrUn_gl000218	0	157940	161147	0.980099
chrUn_gl000218	1	3114	161147	0.019324
chrUn_gl000218	2	93	161147	0.000577113
chrUn_gl000219	0	176675	179198	0.985921
chrUn_gl000219	1	2446	179198	0.0136497
chrUn_gl000219	2	77	179198	0.000429692
chrUn_gl000220	0	115096	161802	0.711339
chrUn_gl000220	1	19241	161802	0.118917
chrUn_gl000220	2	10844	161802	0.0670202
chrUn_gl000220	3	6543	161802	0.0404383
chrUn_gl000220	4	4548	161802	0.0281084
chrUn_gl000220	5	2718	161802	0.0167983
chrUn_gl000220	6	1497	161802	0.00925205
chrUn_gl000220	7	794	161802	0.00490723
chrUn_gl000220	8	265	161802	0.0016378
chrUn_gl000220	9	148	161802	0.000914698
chrUn_gl000220	10	80	161802	0.000494431
chrUn_gl000220	11	18	161802	0.000111247
chrUn_gl000220	12	10	161802	6.18039e-05
chrUn_gl000221	0	151492	155397	0.974871
chrUn_gl000221	1	3860	155397	0.0248396
chrUn_gl000221	2	45	155397	0.000289581
chrUn_gl000222	0	185711	186861	0.993846
chrUn_gl000222	1	1150	186861	0.00615431
chrUn_gl000223	0	179205	180455	0.993073
chrUn_gl000223	1	1250	180455	0.00692693
chrUn_gl000224	0	174804	179693	0.972793
chrUn_gl000224	1	4308	179693	0.0239742
chrUn_gl000224	2	551	179693	0.00306634
chrUn_gl000224	3	30	179693	0.000166951
chrUn_gl000225	0	195020	211173	0.923508
chrUn_gl000225	1	14303	211173	0.0677312
chrUn_gl000225	2	1330	211173	0.00629815
chrUn_gl000225	3	454	211173	0.0021499
chrUn_gl000225	4	21	211173	9.94445e-05
chrUn_gl000225	5	9	211173	4.26191e-05
chrUn_gl000225	6	6	211173	2.84127e-05
chrUn_gl000225	7	30	211173	0.000142064
chrUn_gl000226	0	1098	15008	0.073161
chrUn_gl000226	1	1990	15008	0.132596
chrUn_gl000226	2	2761	15008	0.183969
chrUn_gl000226	3	2541	15008	0.16931
chrUn_gl000226	4	2335	15008	0.155584
chrUn_gl000226	5	1664	15008	0.110874
chrUn_gl000226	6	1108	15008	0.0738273
chrUn_gl000226	7	764	15008	0.0509062
chrUn_gl000226	8	408	15008	0.0271855
chrUn_gl000226	9	188	15008	0.0125267
chrUn_gl000226	10	113	15008	0.00752932
chrUn_gl000226	11	33	15008	0.00219883
chrUn_gl000226	12	5	15008	0.000333156
chrUn_gl000227	0	127174	128374	0.990652
chrUn_gl000227	1	1200	128374	0.00934769
chrUn_gl000228	0	127274	129120	0.985703
chrUn_gl000228	1	1679	129120	0.0130034
chrUn_gl000228	2	130	129120	0.00100682
chrUn_gl000228	3	37	129120	0.000286555
chrUn_gl000229	0	19399	19913	0.974188
chrUn_gl000229	1	428	19913	0.0214935
chrUn_gl000229	2	86	19913	0.00431879
chrUn_gl000230	0	43491	43691	0.995422
chrUn_gl000230	1	200	43691	0.0045776
chrUn_gl000231	0	26936	27386	0.983568
chrUn_gl000231	1	450	27386	0.0164318
chrUn_gl000232	0	39169	40652	0.96352
chrUn_gl000232	1	1416	40652	0.0348322
chrUn_gl000232	2	67	40652	0.00164814
chrUn_gl000233	0	45685	45941	0.994428
chrUn_gl000233	1	212	45941	0.00461461
chrUn_gl000233	2	44	45941	0.00095775
chrUn_gl000234	0	39631	40531	0.977795
chrUn_gl000234	1	900	40531	0.0222052
chrUn_gl000235	0	33574	34474	0.973893
chrUn_gl000235	1	900	34474	0.0261066
chrUn_gl000236	0	41534	41934	0.990461
chrUn_gl000236	1	400	41934	0.0095388
chrUn_gl000237	0	45017	45867	0.981468
chrUn_gl000237	1	850	45867	0.0185318
chrUn_gl000238	0	39739	39939	0.994992
chrUn_gl000238	1	200	39939	0.00500764
chrUn_gl000239	0	33147	33824	0.979985
chrUn_gl000239	1	654	33824	0.0193354
chrUn_gl000239	2	23	33824	0.000679991
chrUn_gl000240	0	41033	41933	0.978537
chrUn_gl000240	1	900	41933	0.0214628
chrUn_gl000241	0	40252	42152	0.954925
chrUn_gl000241	1	1900	42152	0.045075
chrUn_gl000242	0	43373	43523	0.996554
chrUn_gl000242	1	150	43523	0.00344645
chrUn_gl000243	0	42375	43341	0.977712
chrUn_gl000243	1	932	43341	0.0215039
chrUn_gl000243	2	34	43341	0.000784477
chrUn_gl000244	0	39729	39929	0.994991
chrUn_gl000244	1	200	39929	0.00500889
chrUn_gl000245	0	35851	36651	0.978172
chrUn_gl000245	1	800	36651	0.0218275
chrUn_gl000246	0	37954	38154	0.994758
chrUn_gl000246	1	200	38154	0.00524191
chrUn_gl000247	0	35922	36422	0.986272
chrUn_gl000247	1	500	36422	0.013728
chrUn_gl000248	0	39636	39786	0.99623
chrUn_gl000248	1	150	39786	0.00377017
chrUn_gl000249	0	38352	38502	0.996104
chrUn_gl000249	1	150	38502	0.0038959
chr18_gl000207_random	0	4262	4262	1
genome	0	3098078407	3137161264	0.987542
genome	1	38595655	3137161264	0.0123027
genome	2	377610	3137161264	0.000120367
genome	3	38600	3137161264	1.23041e-05
genome	4	22181	3137161264	7.0704e-06
genome	5	13842	3137161264	4.41227e-06
genome	6	9208	3137161264	2.93514e-06
genome	7	6625	3137161264	2.11178e-06
genome	8	4041	3137161264	1.28811e-06
genome	9	2923	3137161264	9.31734e-07
genome	10	2233	3137161264	7.1179e-07
genome	11	1518	3137161264	4.83877e-07
genome	12	1141	3137161264	3.63705e-07
genome	13	780	3137161264	2.48632e-07
genome	14	587	3137161264	1.87112e-07
genome	15	579	3137161264	1.84562e-07
genome	16	531	3137161264	1.69261e-07
genome	17	377	3137161264	1.20172e-07
genome	18	396	3137161264	1.26229e-07
genome	19	360	3137161264	1.14753e-07
genome	20	331	3137161264	1.05509e-07
genome	21	307	3137161264	9.78592e-08
genome	22	329	3137161264	1.04872e-07
genome	23	266	3137161264	8.479e-08
genome	24	187	3137161264	5.9608e-08
genome	25	191	3137161264	6.08831e-08
genome	26	178	3137161264	5.67392e-08
genome	27	189	3137161264	6.02455e-08
genome	28	123	3137161264	3.92074e-08
genome	29	158	3137161264	5.0364e-08
genome	30	126	3137161264	4.01637e-08
genome	31	141	3137161264	4.49451e-08
genome	32	102	3137161264	3.25135e-08
genome	33	101	3137161264	3.21947e-08
genome	34	97	3137161264	3.09197e-08
genome	35	103	3137161264	3.28322e-08
genome	36	69	3137161264	2.19944e-08
genome	37	85	3137161264	2.70946e-08
genome	38	63	3137161264	2.00818e-08
genome	39	67	3137161264	2.13569e-08
genome	40	56	3137161264	1.78505e-08
genome	41	63	3137161264	2.00818e-08
genome	42	47	3137161264	1.49817e-08
genome	43	32	3137161264	1.02003e-08
genome	44	33	3137161264	1.05191e-08
genome	45	45	3137161264	1.43442e-08
genome	46	35	3137161264	1.11566e-08
genome	47	23	3137161264	7.33147e-09
genome	48	17	3137161264	5.41891e-09
genome	49	16	3137161264	5.10015e-09
genome	50	18	3137161264	5.73767e-09
genome	51	11	3137161264	3.50635e-09
genome	52	7	3137161264	2.23132e-09
genome	53	15	3137161264	4.78139e-09
genome	54	13	3137161264	4.14387e-09
genome	55	6	3137161264	1.91256e-09
genome	56	1	3137161264	3.1876e-10
genome	57	4	3137161264	1.27504e-09
genome	58	2	3137161264	6.37519e-10
genome	59	7	3137161264	2.23132e-09
genome	60	5	3137161264	1.5938e-09
genome	61	1	3137161264	3.1876e-10
