chrM	0	15029	16571	0.906946
chrM	1	1484	16571	0.089554
chrM	2	58	16571	0.00350009
chr1	0	245330649	249250621	0.984273
chr1	1	3877210	249250621	0.0155555
chr1	2	40184	249250621	0.000161219
chr1	3	882	249250621	3.53861e-06
chr1	4	259	249250621	1.03911e-06
chr1	5	93	249250621	3.73118e-07
chr1	6	92	249250621	3.69106e-07
chr1	7	40	249250621	1.60481e-07
chr1	8	58	249250621	2.32698e-07
chr1	9	26	249250621	1.04313e-07
chr1	10	42	249250621	1.68505e-07
chr1	11	38	249250621	1.52457e-07
chr1	12	23	249250621	9.22766e-08
chr1	13	46	249250621	1.84553e-07
chr1	14	58	249250621	2.32698e-07
chr1	15	56	249250621	2.24673e-07
chr1	16	63	249250621	2.52758e-07
chr1	17	64	249250621	2.5677e-07
chr1	18	53	249250621	2.12637e-07
chr1	19	34	249250621	1.36409e-07
chr1	20	47	249250621	1.88565e-07
chr1	21	65	249250621	2.60782e-07
chr1	22	33	249250621	1.32397e-07
chr1	23	34	249250621	1.36409e-07
chr1	24	27	249250621	1.08325e-07
chr1	25	21	249250621	8.42525e-08
chr1	26	26	249250621	1.04313e-07
chr1	27	23	249250621	9.22766e-08
chr1	28	18	249250621	7.22165e-08
chr1	29	13	249250621	5.21563e-08
chr1	30	7	249250621	2.80842e-08
chr1	31	16	249250621	6.41924e-08
chr1	32	20	249250621	8.02405e-08
chr1	33	17	249250621	6.82044e-08
chr1	34	18	249250621	7.22165e-08
chr1	35	10	249250621	4.01203e-08
chr1	36	5	249250621	2.00601e-08
chr1	37	4	249250621	1.60481e-08
chr1	38	12	249250621	4.81443e-08
chr1	39	9	249250621	3.61082e-08
chr1	40	5	249250621	2.00601e-08
chr1	41	4	249250621	1.60481e-08
chr1	42	6	249250621	2.40722e-08
chr1	43	8	249250621	3.20962e-08
chr1	44	3	249250621	1.20361e-08
chr1	45	8	249250621	3.20962e-08
chr1	46	12	249250621	4.81443e-08
chr1	47	11	249250621	4.41323e-08
chr1	48	20	249250621	8.02405e-08
chr1	49	14	249250621	5.61684e-08
chr1	50	19	249250621	7.62285e-08
chr1	51	19	249250621	7.62285e-08
chr1	52	19	249250621	7.62285e-08
chr1	53	29	249250621	1.16349e-07
chr1	54	18	249250621	7.22165e-08
chr1	55	13	249250621	5.21563e-08
chr1	56	11	249250621	4.41323e-08
chr1	57	5	249250621	2.00601e-08
chr1	59	2	249250621	8.02405e-09
chr2	0	239399485	243199373	0.984375
chr2	1	3759743	243199373	0.0154595
chr2	2	31984	243199373	0.000131514
chr2	3	3313	243199373	1.36226e-05
chr2	4	2026	243199373	8.33061e-06
chr2	5	1148	243199373	4.72041e-06
chr2	6	662	243199373	2.72205e-06
chr2	7	342	243199373	1.40625e-06
chr2	8	167	243199373	6.86679e-07
chr2	9	173	243199373	7.11351e-07
chr2	10	161	243199373	6.62008e-07
chr2	11	57	243199373	2.34376e-07
chr2	12	44	243199373	1.80922e-07
chr2	13	31	243199373	1.27467e-07
chr2	14	27	243199373	1.1102e-07
chr2	15	9	243199373	3.70067e-08
chr2	16	1	243199373	4.11185e-09
chr3	0	195388560	198022430	0.986699
chr3	1	2614240	198022430	0.0132017
chr3	2	19351	198022430	9.77213e-05
chr3	3	167	198022430	8.43339e-07
chr3	4	3	198022430	1.51498e-08
chr3	5	3	198022430	1.51498e-08
chr3	6	2	198022430	1.00999e-08
chr3	7	6	198022430	3.02996e-08
chr3	8	2	198022430	1.00999e-08
chr3	9	3	198022430	1.51498e-08
chr3	10	4	198022430	2.01997e-08
chr3	11	3	198022430	1.51498e-08
chr3	12	3	198022430	1.51498e-08
chr3	13	3	198022430	1.51498e-08
chr3	14	3	198022430	1.51498e-08
chr3	15	4	198022430	2.01997e-08
chr3	16	2	198022430	1.00999e-08
chr3	17	5	198022430	2.52497e-08
chr3	18	1	198022430	5.04993e-09
chr3	19	4	198022430	2.01997e-08
chr3	20	2	198022430	1.00999e-08
chr3	22	8	198022430	4.03995e-08
chr3	23	7	198022430	3.53495e-08
chr3	24	3	198022430	1.51498e-08
chr3	25	1	198022430	5.04993e-09
chr3	26	2	198022430	1.00999e-08
chr3	27	3	198022430	1.51498e-08
chr3	28	4	198022430	2.01997e-08
chr3	29	8	198022430	4.03995e-08
chr3	30	7	198022430	3.53495e-08
chr3	31	8	198022430	4.03995e-08
chr3	32	2	198022430	1.00999e-08
chr3	33	5	198022430	2.52497e-08
chr3	34	1	198022430	5.04993e-09
chr4	0	189276530	191154276	0.990177
chr4	1	1862278	191154276	0.00974228
chr4	2	13927	191154276	7.28574e-05
chr4	3	905	191154276	4.7344e-06
chr4	4	391	191154276	2.04547e-06
chr4	5	129	191154276	6.74848e-07
chr4	6	60	191154276	3.13883e-07
chr4	7	10	191154276	5.23138e-08
chr4	8	2	191154276	1.04628e-08
chr4	9	4	191154276	2.09255e-08
chr4	10	8	191154276	4.1851e-08
chr4	11	2	191154276	1.04628e-08
chr4	12	30	191154276	1.56941e-07
chr5	0	178956293	180915260	0.989172
chr5	1	1947778	180915260	0.0107662
chr5	2	11063	180915260	6.11502e-05
chr5	3	44	180915260	2.43208e-07
chr5	4	35	180915260	1.93461e-07
chr5	5	8	180915260	4.42196e-08
chr5	6	39	180915260	2.15571e-07
chr6	0	169294613	171115067	0.989361
chr6	1	1804215	171115067	0.0105439
chr6	2	12404	171115067	7.24892e-05
chr6	3	611	171115067	3.5707e-06
chr6	4	444	171115067	2.59475e-06
chr6	5	394	171115067	2.30254e-06
chr6	6	421	171115067	2.46033e-06
chr6	7	474	171115067	2.77007e-06
chr6	8	405	171115067	2.36683e-06
chr6	9	301	171115067	1.75905e-06
chr6	10	265	171115067	1.54867e-06
chr6	11	239	171115067	1.39672e-06
chr6	12	121	171115067	7.07127e-07
chr6	13	94	171115067	5.49338e-07
chr6	14	41	171115067	2.39605e-07
chr6	15	22	171115067	1.28568e-07
chr6	16	3	171115067	1.75321e-08
chr7	0	157052604	159138663	0.986892
chr7	1	2067493	159138663	0.0129918
chr7	2	14858	159138663	9.33651e-05
chr7	3	619	159138663	3.88969e-06
chr7	4	551	159138663	3.46239e-06
chr7	5	323	159138663	2.02968e-06
chr7	6	219	159138663	1.37616e-06
chr7	7	220	159138663	1.38244e-06
chr7	8	202	159138663	1.26933e-06
chr7	9	153	159138663	9.61426e-07
chr7	10	149	159138663	9.3629e-07
chr7	11	138	159138663	8.67168e-07
chr7	12	109	159138663	6.84937e-07
chr7	13	120	159138663	7.54059e-07
chr7	14	128	159138663	8.0433e-07
chr7	15	106	159138663	6.66086e-07
chr7	16	95	159138663	5.96964e-07
chr7	17	82	159138663	5.15274e-07
chr7	18	83	159138663	5.21558e-07
chr7	19	54	159138663	3.39327e-07
chr7	20	37	159138663	2.32502e-07
chr7	21	38	159138663	2.38785e-07
chr7	22	35	159138663	2.19934e-07
chr7	23	41	159138663	2.57637e-07
chr7	24	33	159138663	2.07366e-07
chr7	25	45	159138663	2.82772e-07
chr7	26	29	159138663	1.82231e-07
chr7	27	20	159138663	1.25677e-07
chr7	28	20	159138663	1.25677e-07
chr7	29	14	159138663	8.79736e-08
chr7	30	17	159138663	1.06825e-07
chr7	31	15	159138663	9.42574e-08
chr7	32	6	159138663	3.7703e-08
chr7	33	7	159138663	4.39868e-08
chr8	0	144532006	146364022	0.987483
chr8	1	1810744	146364022	0.0123715
chr8	2	18673	146364022	0.000127579
chr8	3	1183	146364022	8.08259e-06
chr8	4	717	146364022	4.89874e-06
chr8	5	485	146364022	3.31366e-06
chr8	6	88	146364022	6.01241e-07
chr8	7	58	146364022	3.96272e-07
chr8	8	35	146364022	2.3913e-07
chr8	9	26	146364022	1.77639e-07
chr8	10	7	146364022	4.7826e-08
chr9	0	139840139	141213431	0.990275
chr9	1	1363749	141213431	0.00965736
chr9	2	9048	141213431	6.40732e-05
chr9	3	122	141213431	8.6394e-07
chr9	4	104	141213431	7.36474e-07
chr9	5	60	141213431	4.24889e-07
chr9	6	129	141213431	9.13511e-07
chr9	7	46	141213431	3.25748e-07
chr9	8	29	141213431	2.05363e-07
chr9	9	5	141213431	3.54074e-08
chr10	0	132810392	135534747	0.979899
chr10	1	2662978	135534747	0.0196479
chr10	2	48312	135534747	0.000356455
chr10	3	2941	135534747	2.16992e-05
chr10	4	1408	135534747	1.03885e-05
chr10	5	982	135534747	7.24537e-06
chr10	6	932	135534747	6.87647e-06
chr10	7	787	135534747	5.80663e-06
chr10	8	596	135534747	4.3974e-06
chr10	9	508	135534747	3.74812e-06
chr10	10	507	135534747	3.74074e-06
chr10	11	398	135534747	2.93652e-06
chr10	12	373	135534747	2.75206e-06
chr10	13	379	135534747	2.79633e-06
chr10	14	304	135534747	2.24297e-06
chr10	15	209	135534747	1.54204e-06
chr10	16	260	135534747	1.91833e-06
chr10	17	185	135534747	1.36496e-06
chr10	18	287	135534747	2.11754e-06
chr10	19	226	135534747	1.66747e-06
chr10	20	170	135534747	1.25429e-06
chr10	21	149	135534747	1.09935e-06
chr10	22	180	135534747	1.32807e-06
chr10	23	117	135534747	8.63247e-07
chr10	24	126	135534747	9.29651e-07
chr10	25	85	135534747	6.27145e-07
chr10	26	127	135534747	9.37029e-07
chr10	27	98	135534747	7.23062e-07
chr10	28	85	135534747	6.27145e-07
chr10	29	98	135534747	7.23062e-07
chr10	30	79	135534747	5.82876e-07
chr10	31	79	135534747	5.82876e-07
chr10	32	67	135534747	4.94338e-07
chr10	33	59	135534747	4.35313e-07
chr10	34	47	135534747	3.46775e-07
chr10	35	41	135534747	3.02505e-07
chr10	36	48	135534747	3.54153e-07
chr10	37	16	135534747	1.18051e-07
chr10	38	30	135534747	2.21345e-07
chr10	39	28	135534747	2.06589e-07
chr10	40	27	135534747	1.99211e-07
chr10	41	24	135534747	1.77076e-07
chr10	42	2	135534747	1.47564e-08
chr10	43	1	135534747	7.37818e-09
chr11	0	132796174	135006516	0.983628
chr11	1	2186492	135006516	0.0161955
chr11	2	22058	135006516	0.000163385
chr11	3	664	135006516	4.91828e-06
chr11	4	295	135006516	2.18508e-06
chr11	5	269	135006516	1.9925e-06
chr11	6	96	135006516	7.11077e-07
chr11	7	173	135006516	1.28142e-06
chr11	8	87	135006516	6.44413e-07
chr11	9	44	135006516	3.2591e-07
chr11	10	29	135006516	2.14804e-07
chr11	11	26	135006516	1.92583e-07
chr11	12	26	135006516	1.92583e-07
chr11	13	36	135006516	2.66654e-07
chr11	14	6	135006516	4.44423e-08
chr11	15	4	135006516	2.96282e-08
chr11	16	7	135006516	5.18494e-08
chr11	17	1	135006516	7.40705e-09
chr11	18	7	135006516	5.18494e-08
chr11	19	4	135006516	2.96282e-08
chr11	20	13	135006516	9.62917e-08
chr11	21	5	135006516	3.70352e-08
chr12	0	131829883	133851895	0.984894
chr12	1	2005863	133851895	0.0149857
chr12	2	15799	133851895	0.000118033
chr12	3	298	133851895	2.22634e-06
chr12	4	4	133851895	2.98838e-08
chr12	5	13	133851895	9.71223e-08
chr12	6	4	133851895	2.98838e-08
chr12	7	8	133851895	5.97676e-08
chr12	8	23	133851895	1.71832e-07
chr13	0	114150230	115169878	0.991147
chr13	1	1013646	115169878	0.00880131
chr13	2	6002	115169878	5.21143e-05
chr14	0	105734587	107349540	0.984956
chr14	1	1598931	107349540	0.0148946
chr14	2	15897	107349540	0.000148086
chr14	3	125	107349540	1.16442e-06
chr15	0	101712174	102531392	0.99201
chr15	1	814736	102531392	0.00794621
chr15	2	4482	102531392	4.37134e-05
chr16	0	89545058	90354753	0.991039
chr16	1	784391	90354753	0.00868124
chr16	2	11995	90354753	0.000132755
chr16	3	5801	90354753	6.42025e-05
chr16	4	3463	90354753	3.83267e-05
chr16	5	1962	90354753	2.17144e-05
chr16	6	942	90354753	1.04256e-05
chr16	7	566	90354753	6.2642e-06
chr16	8	275	90354753	3.04356e-06
chr16	9	155	90354753	1.71546e-06
chr16	10	114	90354753	1.26169e-06
chr16	11	17	90354753	1.88147e-07
chr16	12	14	90354753	1.54945e-07
chr17	0	80104406	81195210	0.986566
chr17	1	1080459	81195210	0.0133069
chr17	2	9491	81195210	0.000116891
chr17	3	398	81195210	4.90177e-06
chr17	4	255	81195210	3.14058e-06
chr17	5	105	81195210	1.29318e-06
chr17	6	42	81195210	5.17272e-07
chr17	7	20	81195210	2.4632e-07
chr17	8	28	81195210	3.44848e-07
chr17	9	6	81195210	7.3896e-08
chr18	0	77119125	78077248	0.987729
chr18	1	950565	78077248	0.0121747
chr18	2	6710	78077248	8.59405e-05
chr18	3	357	78077248	4.57239e-06
chr18	4	179	78077248	2.2926e-06
chr18	5	85	78077248	1.08867e-06
chr18	6	32	78077248	4.09851e-07
chr18	7	68	78077248	8.70932e-07
chr18	8	31	78077248	3.97043e-07
chr18	9	32	78077248	4.09851e-07
chr18	10	22	78077248	2.81772e-07
chr18	11	11	78077248	1.40886e-07
chr18	12	12	78077248	1.53694e-07
chr18	13	9	78077248	1.1527e-07
chr18	14	3	78077248	3.84235e-08
chr18	15	7	78077248	8.96548e-08
chr19	0	58379893	59128983	0.987331
chr19	1	740457	59128983	0.0125227
chr19	2	6393	59128983	0.00010812
chr19	3	534	59128983	9.0311e-06
chr19	4	270	59128983	4.56629e-06
chr19	5	252	59128983	4.26187e-06
chr19	6	163	59128983	2.75669e-06
chr19	7	229	59128983	3.87289e-06
chr19	8	129	59128983	2.18167e-06
chr19	9	83	59128983	1.40371e-06
chr19	10	57	59128983	9.63994e-07
chr19	11	46	59128983	7.7796e-07
chr19	12	62	59128983	1.04856e-06
chr19	13	39	59128983	6.59575e-07
chr19	14	55	59128983	9.3017e-07
chr19	15	51	59128983	8.62521e-07
chr19	16	33	59128983	5.58102e-07
chr19	17	28	59128983	4.73541e-07
chr19	18	17	59128983	2.87507e-07
chr19	19	13	59128983	2.19858e-07
chr19	20	27	59128983	4.56629e-07
chr19	21	27	59128983	4.56629e-07
chr19	22	17	59128983	2.87507e-07
chr19	23	35	59128983	5.91926e-07
chr19	24	23	59128983	3.8898e-07
chr19	25	25	59128983	4.22805e-07
chr19	26	10	59128983	1.69122e-07
chr19	27	8	59128983	1.35297e-07
chr19	28	6	59128983	1.01473e-07
chr19	29	1	59128983	1.69122e-08
chr20	0	62220100	63025520	0.987221
chr20	1	800026	63025520	0.0126937
chr20	2	5241	63025520	8.31568e-05
chr20	3	76	63025520	1.20586e-06
chr20	4	71	63025520	1.12653e-06
chr20	5	6	63025520	9.51995e-08
chr21	0	47776483	48129895	0.992657
chr21	1	350694	48129895	0.00728641
chr21	2	2467	48129895	5.12571e-05
chr21	3	172	48129895	3.57366e-06
chr21	4	31	48129895	6.4409e-07
chr21	5	6	48129895	1.24663e-07
chr21	6	42	48129895	8.72639e-07
chr22	0	50959420	51304566	0.993273
chr22	1	342992	51304566	0.00668541
chr22	2	2034	51304566	3.96456e-05
chr22	3	12	51304566	2.33897e-07
chr22	4	7	51304566	1.3644e-07
chr22	5	43	51304566	8.38132e-07
chr22	6	4	51304566	7.79658e-08
chr22	7	1	51304566	1.94914e-08
chr22	8	1	51304566	1.94914e-08
chr22	9	2	51304566	3.89829e-08
chr22	10	2	51304566	3.89829e-08
chr22	11	1	51304566	1.94914e-08
chr22	12	1	51304566	1.94914e-08
chr22	13	4	51304566	7.79658e-08
chr22	14	1	51304566	1.94914e-08
chr22	15	2	51304566	3.89829e-08
chr22	17	6	51304566	1.16949e-07
chr22	18	14	51304566	2.7288e-07
chr22	19	19	51304566	3.70337e-07
chrX	0	153215833	155270560	0.986767
chrX	1	2016223	155270560	0.0129852
chrX	2	26165	155270560	0.000168512
chrX	3	7008	155270560	4.51341e-05
chrX	4	2896	155270560	1.86513e-05
chrX	5	1314	155270560	8.46265e-06
chrX	6	494	155270560	3.18154e-06
chrX	7	282	155270560	1.81618e-06
chrX	8	155	155270560	9.98258e-07
chrX	9	100	155270560	6.44037e-07
chrX	10	32	155270560	2.06092e-07
chrX	11	12	155270560	7.72845e-08
chrX	12	6	155270560	3.86422e-08
chrX	13	14	155270560	9.01652e-08
chrX	14	10	155270560	6.44037e-08
chrX	15	11	155270560	7.08441e-08
chrX	16	5	155270560	3.22019e-08
chrY	0	59314893	59373566	0.999012
chrY	1	56526	59373566	0.00095204
chrY	2	1397	59373566	2.3529e-05
chrY	3	496	59373566	8.35389e-06
chrY	4	133	59373566	2.24005e-06
chrY	5	116	59373566	1.95373e-06
chrY	6	5	59373566	8.42126e-08
chr1_gl000191_random	0	105583	106433	0.992014
chr1_gl000191_random	1	850	106433	0.00798624
chr1_gl000192_random	0	534730	547496	0.976683
chr1_gl000192_random	1	12482	547496	0.0227983
chr1_gl000192_random	2	284	547496	0.000518725
chr4_ctg9_hap1	0	588826	590426	0.99729
chr4_ctg9_hap1	1	1600	590426	0.00270991
chr4_gl000193_random	0	187398	189789	0.987402
chr4_gl000193_random	1	2332	189789	0.0122873
chr4_gl000193_random	2	59	189789	0.000310872
chr4_gl000194_random	0	187535	191469	0.979454
chr4_gl000194_random	1	3918	191469	0.0204628
chr4_gl000194_random	2	16	191469	8.35644e-05
chr6_apd_hap1	0	4617840	4622290	0.999037
chr6_apd_hap1	1	4450	4622290	0.000962726
chr6_cox_hap2	0	4784829	4795371	0.997802
chr6_cox_hap2	1	10534	4795371	0.0021967
chr6_cox_hap2	2	8	4795371	1.66828e-06
chr6_dbb_hap3	0	4601573	4610396	0.998086
chr6_dbb_hap3	1	8796	4610396	0.00190786
chr6_dbb_hap3	2	27	4610396	5.85633e-06
chr6_mann_hap4	0	4675347	4683263	0.99831
chr6_mann_hap4	1	7882	4683263	0.00168301
chr6_mann_hap4	2	34	4683263	7.2599e-06
chr6_mcf_hap5	0	4827136	4833398	0.998704
chr6_mcf_hap5	1	6224	4833398	0.00128771
chr6_mcf_hap5	2	38	4833398	7.86196e-06
chr6_qbl_hap6	0	4604684	4611984	0.998417
chr6_qbl_hap6	1	7300	4611984	0.00158283
chr6_ssto_hap7	0	4920586	4928567	0.998381
chr6_ssto_hap7	1	7962	4928567	0.00161548
chr6_ssto_hap7	2	19	4928567	3.85508e-06
chr7_gl000195_random	0	180219	182896	0.985363
chr7_gl000195_random	1	2604	182896	0.0142376
chr7_gl000195_random	2	73	182896	0.000399134
chr8_gl000196_random	0	38314	38914	0.984581
chr8_gl000196_random	1	600	38914	0.0154186
chr8_gl000197_random	0	36975	37175	0.99462
chr8_gl000197_random	1	200	37175	0.00537996
chr9_gl000198_random	0	88261	90085	0.979752
chr9_gl000198_random	1	1748	90085	0.0194039
chr9_gl000198_random	2	76	90085	0.000843648
chr9_gl000199_random	0	145246	169874	0.855022
chr9_gl000199_random	1	19921	169874	0.117269
chr9_gl000199_random	2	3408	169874	0.0200619
chr9_gl000199_random	3	871	169874	0.00512733
chr9_gl000199_random	4	127	169874	0.000747613
chr9_gl000199_random	5	170	169874	0.00100074
chr9_gl000199_random	6	77	169874	0.000453277
chr9_gl000199_random	7	16	169874	9.41875e-05
chr9_gl000199_random	8	6	169874	3.53203e-05
chr9_gl000199_random	9	9	169874	5.29804e-05
chr9_gl000199_random	10	14	169874	8.2414e-05
chr9_gl000199_random	11	9	169874	5.29804e-05
chr9_gl000200_random	0	186285	187035	0.99599
chr9_gl000200_random	1	750	187035	0.00400994
chr9_gl000201_random	0	35948	36148	0.994467
chr9_gl000201_random	1	200	36148	0.00553281
chr11_gl000202_random	0	39503	40103	0.985039
chr11_gl000202_random	1	600	40103	0.0149615
chr17_ctg5_hap1	0	1672978	1680828	0.99533
chr17_ctg5_hap1	1	7850	1680828	0.00467032
chr17_gl000203_random	0	37148	37498	0.990666
chr17_gl000203_random	1	350	37498	0.00933383
chr17_gl000204_random	0	79910	81310	0.982782
chr17_gl000204_random	1	1400	81310	0.0172181
chr17_gl000205_random	0	172588	174588	0.988544
chr17_gl000205_random	1	2000	174588	0.0114555
chr17_gl000206_random	0	40701	41001	0.992683
chr17_gl000206_random	1	300	41001	0.00731689
chr18_gl000207_random	0	4212	4262	0.988268
chr18_gl000207_random	1	50	4262	0.0117316
chr19_gl000208_random	0	87997	92689	0.949379
chr19_gl000208_random	1	4055	92689	0.0437484
chr19_gl000208_random	2	523	92689	0.00564252
chr19_gl000208_random	3	107	92689	0.0011544
chr19_gl000208_random	4	7	92689	7.55214e-05
chr19_gl000209_random	0	157996	159169	0.99263
chr19_gl000209_random	1	1146	159169	0.00719989
chr19_gl000209_random	2	27	159169	0.000169631
chr21_gl000210_random	0	27532	27682	0.994581
chr21_gl000210_random	1	150	27682	0.00541868
chrUn_gl000211	0	164666	166566	0.988593
chrUn_gl000211	1	1900	166566	0.0114069
chrUn_gl000212	0	184338	186858	0.986514
chrUn_gl000212	1	2440	186858	0.013058
chrUn_gl000212	2	80	186858	0.000428133
chrUn_gl000213	0	163639	164239	0.996347
chrUn_gl000213	1	600	164239	0.00365321
chrUn_gl000214	0	132596	137718	0.962808
chrUn_gl000214	1	4944	137718	0.0358994
chrUn_gl000214	2	178	137718	0.0012925
chrUn_gl000215	0	172145	172545	0.997682
chrUn_gl000215	1	400	172545	0.00231824
chrUn_gl000216	0	166569	172294	0.966772
chrUn_gl000216	1	4870	172294	0.0282656
chrUn_gl000216	2	527	172294	0.00305873
chrUn_gl000216	3	234	172294	0.00135814
chrUn_gl000216	4	20	172294	0.000116081
chrUn_gl000216	5	50	172294	0.000290202
chrUn_gl000216	6	24	172294	0.000139297
chrUn_gl000217	0	169360	172149	0.983799
chrUn_gl000217	1	2728	172149	0.0158467
chrUn_gl000217	2	61	172149	0.000354344
chrUn_gl000218	0	158320	161147	0.982457
chrUn_gl000218	1	2804	161147	0.0174003
chrUn_gl000218	2	23	161147	0.000142727
chrUn_gl000219	0	176574	179198	0.985357
chrUn_gl000219	1	2548	179198	0.0142189
chrUn_gl000219	2	76	179198	0.000424112
chrUn_gl000220	0	122103	161802	0.754645
chrUn_gl000220	1	17438	161802	0.107774
chrUn_gl000220	2	10437	161802	0.0645048
chrUn_gl000220	3	5754	161802	0.035562
chrUn_gl000220	4	3423	161802	0.0211555
chrUn_gl000220	5	1520	161802	0.0093942
chrUn_gl000220	6	738	161802	0.00456113
chrUn_gl000220	7	287	161802	0.00177377
chrUn_gl000220	8	75	161802	0.000463529
chrUn_gl000220	9	23	161802	0.000142149
chrUn_gl000220	10	4	161802	2.47216e-05
chrUn_gl000221	0	153197	155397	0.985843
chrUn_gl000221	1	2200	155397	0.0141573
chrUn_gl000222	0	185861	186861	0.994648
chrUn_gl000222	1	1000	186861	0.00535157
chrUn_gl000223	0	178905	180455	0.991411
chrUn_gl000223	1	1550	180455	0.0085894
chrUn_gl000224	0	176305	179693	0.981146
chrUn_gl000224	1	2935	179693	0.0163334
chrUn_gl000224	2	444	179693	0.00247088
chrUn_gl000224	3	9	179693	5.00854e-05
chrUn_gl000225	0	199519	211173	0.944813
chrUn_gl000225	1	10626	211173	0.0503189
chrUn_gl000225	2	944	211173	0.00447027
chrUn_gl000225	3	50	211173	0.000236773
chrUn_gl000225	4	34	211173	0.000161005
chrUn_gl000226	0	953	15008	0.0634995
chrUn_gl000226	1	1493	15008	0.0994803
chrUn_gl000226	2	1814	15008	0.120869
chrUn_gl000226	3	2106	15008	0.140325
chrUn_gl000226	4	2013	15008	0.134128
chrUn_gl000226	5	1984	15008	0.132196
chrUn_gl000226	6	1565	15008	0.104278
chrUn_gl000226	7	1253	15008	0.0834888
chrUn_gl000226	8	755	15008	0.0503065
chrUn_gl000226	9	423	15008	0.028185
chrUn_gl000226	10	281	15008	0.0187233
chrUn_gl000226	11	184	15008	0.0122601
chrUn_gl000226	12	96	15008	0.00639659
chrUn_gl000226	13	52	15008	0.00346482
chrUn_gl000226	14	23	15008	0.00153252
chrUn_gl000226	15	11	15008	0.000732942
chrUn_gl000226	16	2	15008	0.000133262
chrUn_gl000227	0	127524	128374	0.993379
chrUn_gl000227	1	850	128374	0.00662128
chrUn_gl000228	0	127759	129120	0.989459
chrUn_gl000228	1	1322	129120	0.0102385
chrUn_gl000228	2	39	129120	0.000302045
chrUn_gl000229	0	19163	19913	0.962336
chrUn_gl000229	1	750	19913	0.0376638
chrUn_gl000230	0	43641	43691	0.998856
chrUn_gl000230	1	50	43691	0.0011444
chrUn_gl000231	0	26736	27386	0.976265
chrUn_gl000231	1	650	27386	0.0237348
chrUn_gl000232	0	39202	40652	0.964331
chrUn_gl000232	1	1450	40652	0.0356686
chrUn_gl000233	0	45741	45941	0.995647
chrUn_gl000233	1	200	45941	0.00435341
chrUn_gl000234	0	39197	40531	0.967087
chrUn_gl000234	1	1268	40531	0.0312847
chrUn_gl000234	2	66	40531	0.00162838
chrUn_gl000235	0	33919	34474	0.983901
chrUn_gl000235	1	510	34474	0.0147938
chrUn_gl000235	2	45	34474	0.00130533
chrUn_gl000236	0	41734	41934	0.995231
chrUn_gl000236	1	200	41934	0.0047694
chrUn_gl000237	0	45217	45867	0.985829
chrUn_gl000237	1	650	45867	0.0141714
chrUn_gl000238	0	39789	39939	0.996244
chrUn_gl000238	1	150	39939	0.00375573
chrUn_gl000239	0	33474	33824	0.989652
chrUn_gl000239	1	350	33824	0.0103477
chrUn_gl000240	0	41533	41933	0.990461
chrUn_gl000240	1	400	41933	0.00953903
chrUn_gl000241	0	40413	42152	0.958745
chrUn_gl000241	1	1728	42152	0.0409945
chrUn_gl000241	2	11	42152	0.00026096
chrUn_gl000242	0	43323	43523	0.995405
chrUn_gl000242	1	200	43523	0.00459527
chrUn_gl000243	0	42391	43341	0.978081
chrUn_gl000243	1	950	43341	0.0219192
chrUn_gl000244	0	39779	39929	0.996243
chrUn_gl000244	1	150	39929	0.00375667
chrUn_gl000245	0	36351	36651	0.991815
chrUn_gl000245	1	300	36651	0.00818532
chrUn_gl000246	0	38004	38154	0.996069
chrUn_gl000246	1	150	38154	0.00393144
chrUn_gl000247	0	35822	36422	0.983526
chrUn_gl000247	1	600	36422	0.0164736
chrUn_gl000248	0	39486	39786	0.99246
chrUn_gl000248	1	300	39786	0.00754034
chrUn_gl000249	0	38352	38502	0.996104
chrUn_gl000249	1	150	38502	0.0038959
genome	0	3097986039	3137161264	0.987513
genome	1	38705971	3137161264	0.0123379
genome	2	375330	3137161264	0.00011964
genome	3	35859	3137161264	1.14304e-05
genome	4	19166	3137161264	6.10935e-06
genome	5	11520	3137161264	3.67211e-06
genome	6	6872	3137161264	2.19052e-06
genome	7	4886	3137161264	1.55746e-06
genome	8	3061	3137161264	9.75723e-07
genome	9	2076	3137161264	6.61745e-07
genome	10	1698	3137161264	5.41254e-07
genome	11	1181	3137161264	3.76455e-07
genome	12	920	3137161264	2.93259e-07
genome	13	827	3137161264	2.63614e-07
genome	14	659	3137161264	2.10063e-07
genome	15	492	3137161264	1.5683e-07
genome	16	471	3137161264	1.50136e-07
genome	17	371	3137161264	1.1826e-07
genome	18	462	3137161264	1.47267e-07
genome	19	354	3137161264	1.12841e-07
genome	20	296	3137161264	9.43528e-08
genome	21	284	3137161264	9.05277e-08
genome	22	273	3137161264	8.70213e-08
genome	23	234	3137161264	7.45897e-08
genome	24	212	3137161264	6.7577e-08
genome	25	177	3137161264	5.64204e-08
genome	26	194	3137161264	6.18393e-08
genome	27	152	3137161264	4.84514e-08
genome	28	133	3137161264	4.2395e-08
genome	29	134	3137161264	4.27138e-08
genome	30	110	3137161264	3.50635e-08
genome	31	118	3137161264	3.76136e-08
genome	32	95	3137161264	3.02822e-08
genome	33	88	3137161264	2.80508e-08
genome	34	66	3137161264	2.10381e-08
genome	35	51	3137161264	1.62567e-08
genome	36	53	3137161264	1.68943e-08
genome	37	20	3137161264	6.37519e-09
genome	38	42	3137161264	1.33879e-08
genome	39	37	3137161264	1.17941e-08
genome	40	32	3137161264	1.02003e-08
genome	41	28	3137161264	8.92527e-09
genome	42	8	3137161264	2.55008e-09
genome	43	9	3137161264	2.86884e-09
genome	44	3	3137161264	9.56279e-10
genome	45	8	3137161264	2.55008e-09
genome	46	12	3137161264	3.82511e-09
genome	47	11	3137161264	3.50635e-09
genome	48	20	3137161264	6.37519e-09
genome	49	14	3137161264	4.46263e-09
genome	50	19	3137161264	6.05643e-09
genome	51	19	3137161264	6.05643e-09
genome	52	19	3137161264	6.05643e-09
genome	53	29	3137161264	9.24403e-09
genome	54	18	3137161264	5.73767e-09
genome	55	13	3137161264	4.14387e-09
genome	56	11	3137161264	3.50635e-09
genome	57	5	3137161264	1.5938e-09
genome	59	2	3137161264	6.37519e-10
