chrM	0	15871	16571	0.957758
chrM	1	700	16571	0.0422425
chr1	0	246156599	249250621	0.987587
chr1	1	3065611	249250621	0.0122993
chr1	2	25833	249250621	0.000103643
chr1	3	782	249250621	3.1374e-06
chr1	4	242	249250621	9.7091e-07
chr1	5	228	249250621	9.14742e-07
chr1	6	116	249250621	4.65395e-07
chr1	7	49	249250621	1.96589e-07
chr1	8	30	249250621	1.20361e-07
chr1	9	24	249250621	9.62886e-08
chr1	10	34	249250621	1.36409e-07
chr1	11	17	249250621	6.82044e-08
chr1	12	19	249250621	7.62285e-08
chr1	13	12	249250621	4.81443e-08
chr1	14	16	249250621	6.41924e-08
chr1	15	19	249250621	7.62285e-08
chr1	16	36	249250621	1.44433e-07
chr1	17	37	249250621	1.48445e-07
chr1	18	46	249250621	1.84553e-07
chr1	19	53	249250621	2.12637e-07
chr1	20	53	249250621	2.12637e-07
chr1	21	55	249250621	2.20661e-07
chr1	22	41	249250621	1.64493e-07
chr1	23	40	249250621	1.60481e-07
chr1	24	45	249250621	1.80541e-07
chr1	25	63	249250621	2.52758e-07
chr1	26	67	249250621	2.68806e-07
chr1	27	49	249250621	1.96589e-07
chr1	28	34	249250621	1.36409e-07
chr1	29	19	249250621	7.62285e-08
chr1	30	18	249250621	7.22165e-08
chr1	31	17	249250621	6.82044e-08
chr1	32	18	249250621	7.22165e-08
chr1	33	13	249250621	5.21563e-08
chr1	34	18	249250621	7.22165e-08
chr1	35	17	249250621	6.82044e-08
chr1	36	2	249250621	8.02405e-09
chr1	37	9	249250621	3.61082e-08
chr1	38	4	249250621	1.60481e-08
chr1	39	8	249250621	3.20962e-08
chr1	40	8	249250621	3.20962e-08
chr1	41	10	249250621	4.01203e-08
chr1	42	10	249250621	4.01203e-08
chr1	43	15	249250621	6.01804e-08
chr1	44	19	249250621	7.62285e-08
chr1	45	17	249250621	6.82044e-08
chr1	46	17	249250621	6.82044e-08
chr1	47	18	249250621	7.22165e-08
chr1	48	9	249250621	3.61082e-08
chr1	49	7	249250621	2.80842e-08
chr1	50	9	249250621	3.61082e-08
chr1	51	8	249250621	3.20962e-08
chr1	52	9	249250621	3.61082e-08
chr1	53	7	249250621	2.80842e-08
chr1	54	7	249250621	2.80842e-08
chr1	55	6	249250621	2.40722e-08
chr1	56	6	249250621	2.40722e-08
chr1	57	10	249250621	4.01203e-08
chr1	58	7	249250621	2.80842e-08
chr1	59	11	249250621	4.41323e-08
chr1	60	10	249250621	4.01203e-08
chr1	61	5	249250621	2.00601e-08
chr1	62	3	249250621	1.20361e-08
chr2	0	239493271	243199373	0.984761
chr2	1	3662750	243199373	0.0150607
chr2	2	35438	243199373	0.000145716
chr2	3	3514	243199373	1.44491e-05
chr2	4	1756	243199373	7.22041e-06
chr2	5	911	243199373	3.7459e-06
chr2	6	596	243199373	2.45066e-06
chr2	7	352	243199373	1.44737e-06
chr2	8	311	243199373	1.27879e-06
chr2	9	168	243199373	6.90791e-07
chr2	10	70	243199373	2.8783e-07
chr2	11	123	243199373	5.05758e-07
chr2	12	28	243199373	1.15132e-07
chr2	13	13	243199373	5.34541e-08
chr2	14	18	243199373	7.40134e-08
chr2	15	10	243199373	4.11185e-08
chr2	16	2	243199373	8.22371e-09
chr2	17	2	243199373	8.22371e-09
chr2	18	2	243199373	8.22371e-09
chr2	19	3	243199373	1.23356e-08
chr2	20	3	243199373	1.23356e-08
chr2	21	6	243199373	2.46711e-08
chr2	22	5	243199373	2.05593e-08
chr2	23	6	243199373	2.46711e-08
chr2	24	15	243199373	6.16778e-08
chr3	0	195222600	198022430	0.985861
chr3	1	2777592	198022430	0.0140267
chr3	2	21878	198022430	0.000110482
chr3	3	194	198022430	9.79687e-07
chr3	4	57	198022430	2.87846e-07
chr3	5	1	198022430	5.04993e-09
chr3	6	3	198022430	1.51498e-08
chr3	7	2	198022430	1.00999e-08
chr3	8	1	198022430	5.04993e-09
chr3	9	4	198022430	2.01997e-08
chr3	10	3	198022430	1.51498e-08
chr3	11	3	198022430	1.51498e-08
chr3	12	6	198022430	3.02996e-08
chr3	13	2	198022430	1.00999e-08
chr3	14	5	198022430	2.52497e-08
chr3	15	2	198022430	1.00999e-08
chr3	16	2	198022430	1.00999e-08
chr3	17	2	198022430	1.00999e-08
chr3	18	1	198022430	5.04993e-09
chr3	19	1	198022430	5.04993e-09
chr3	20	2	198022430	1.00999e-08
chr3	21	4	198022430	2.01997e-08
chr3	22	6	198022430	3.02996e-08
chr3	23	2	198022430	1.00999e-08
chr3	24	2	198022430	1.00999e-08
chr3	25	3	198022430	1.51498e-08
chr3	26	4	198022430	2.01997e-08
chr3	27	3	198022430	1.51498e-08
chr3	28	3	198022430	1.51498e-08
chr3	29	4	198022430	2.01997e-08
chr3	30	5	198022430	2.52497e-08
chr3	31	4	198022430	2.01997e-08
chr3	32	2	198022430	1.00999e-08
chr3	33	3	198022430	1.51498e-08
chr3	34	5	198022430	2.52497e-08
chr3	35	7	198022430	3.53495e-08
chr3	36	9	198022430	4.54494e-08
chr3	37	3	198022430	1.51498e-08
chr4	0	189099781	191154276	0.989252
chr4	1	2034055	191154276	0.0106409
chr4	2	17201	191154276	8.99849e-05
chr4	3	1709	191154276	8.94042e-06
chr4	4	793	191154276	4.14848e-06
chr4	5	331	191154276	1.73159e-06
chr4	6	198	191154276	1.03581e-06
chr4	7	127	191154276	6.64385e-07
chr4	8	36	191154276	1.8833e-07
chr4	9	26	191154276	1.36016e-07
chr4	10	19	191154276	9.93962e-08
chr5	0	178899789	180915260	0.98886
chr5	1	2002500	180915260	0.0110687
chr5	2	12613	180915260	6.97177e-05
chr5	3	358	180915260	1.97883e-06
chr6	0	169031936	171115067	0.987826
chr6	1	2061901	171115067	0.0120498
chr6	2	17276	171115067	0.000100961
chr6	3	434	171115067	2.5363e-06
chr6	4	408	171115067	2.38436e-06
chr6	5	385	171115067	2.24995e-06
chr6	6	227	171115067	1.32659e-06
chr6	7	255	171115067	1.49023e-06
chr6	8	285	171115067	1.66555e-06
chr6	9	340	171115067	1.98697e-06
chr6	10	245	171115067	1.43178e-06
chr6	11	292	171115067	1.70645e-06
chr6	12	275	171115067	1.60711e-06
chr6	13	275	171115067	1.60711e-06
chr6	14	179	171115067	1.04608e-06
chr6	15	159	171115067	9.29199e-07
chr6	16	95	171115067	5.55182e-07
chr6	17	62	171115067	3.62329e-07
chr6	18	25	171115067	1.46101e-07
chr6	19	11	171115067	6.42842e-08
chr6	20	2	171115067	1.1688e-08
chr7	0	156919007	159138663	0.986052
chr7	1	2197118	159138663	0.0138063
chr7	2	18646	159138663	0.000117168
chr7	3	614	159138663	3.85827e-06
chr7	4	542	159138663	3.40584e-06
chr7	5	382	159138663	2.40042e-06
chr7	6	313	159138663	1.96684e-06
chr7	7	341	159138663	2.14279e-06
chr7	8	141	159138663	8.8602e-07
chr7	9	140	159138663	8.79736e-07
chr7	10	135	159138663	8.48317e-07
chr7	11	157	159138663	9.86561e-07
chr7	12	79	159138663	4.96422e-07
chr7	13	100	159138663	6.28383e-07
chr7	14	54	159138663	3.39327e-07
chr7	15	100	159138663	6.28383e-07
chr7	16	114	159138663	7.16356e-07
chr7	17	69	159138663	4.33584e-07
chr7	18	49	159138663	3.07908e-07
chr7	19	66	159138663	4.14733e-07
chr7	20	63	159138663	3.95881e-07
chr7	21	66	159138663	4.14733e-07
chr7	22	66	159138663	4.14733e-07
chr7	23	52	159138663	3.26759e-07
chr7	24	34	159138663	2.1365e-07
chr7	25	32	159138663	2.01083e-07
chr7	26	21	159138663	1.3196e-07
chr7	27	36	159138663	2.26218e-07
chr7	28	44	159138663	2.76488e-07
chr7	29	26	159138663	1.6338e-07
chr7	30	24	159138663	1.50812e-07
chr7	31	16	159138663	1.00541e-07
chr7	32	8	159138663	5.02706e-08
chr7	33	5	159138663	3.14191e-08
chr7	34	3	159138663	1.88515e-08
chr8	0	144477063	146364022	0.987108
chr8	1	1863249	146364022	0.0127302
chr8	2	20644	146364022	0.000141046
chr8	3	1852	146364022	1.26534e-05
chr8	4	911	146364022	6.22421e-06
chr8	5	196	146364022	1.33913e-06
chr8	6	59	146364022	4.03105e-07
chr8	7	21	146364022	1.43478e-07
chr8	8	11	146364022	7.51551e-08
chr8	9	16	146364022	1.09316e-07
chr9	0	139826495	141213431	0.990179
chr9	1	1375383	141213431	0.00973975
chr9	2	10990	141213431	7.78255e-05
chr9	3	347	141213431	2.45727e-06
chr9	4	126	141213431	8.92266e-07
chr9	5	48	141213431	3.39911e-07
chr9	6	42	141213431	2.97422e-07
chr10	0	132778000	135534747	0.97966
chr10	1	2693840	135534747	0.0198756
chr10	2	48897	135534747	0.000360771
chr10	3	3253	135534747	2.40012e-05
chr10	4	1710	135534747	1.26167e-05
chr10	5	1210	135534747	8.9276e-06
chr10	6	946	135534747	6.97976e-06
chr10	7	755	135534747	5.57053e-06
chr10	8	535	135534747	3.94733e-06
chr10	9	668	135534747	4.92863e-06
chr10	10	462	135534747	3.40872e-06
chr10	11	397	135534747	2.92914e-06
chr10	12	295	135534747	2.17656e-06
chr10	13	306	135534747	2.25772e-06
chr10	14	353	135534747	2.6045e-06
chr10	15	318	135534747	2.34626e-06
chr10	16	267	135534747	1.96997e-06
chr10	17	217	135534747	1.60107e-06
chr10	18	178	135534747	1.31332e-06
chr10	19	162	135534747	1.19527e-06
chr10	20	176	135534747	1.29856e-06
chr10	21	151	135534747	1.11411e-06
chr10	22	144	135534747	1.06246e-06
chr10	23	144	135534747	1.06246e-06
chr10	24	192	135534747	1.41661e-06
chr10	25	154	135534747	1.13624e-06
chr10	26	111	135534747	8.18978e-07
chr10	27	111	135534747	8.18978e-07
chr10	28	88	135534747	6.4928e-07
chr10	29	73	135534747	5.38607e-07
chr10	30	84	135534747	6.19767e-07
chr10	31	90	135534747	6.64036e-07
chr10	32	72	135534747	5.31229e-07
chr10	33	62	135534747	4.57447e-07
chr10	34	68	135534747	5.01716e-07
chr10	35	57	135534747	4.20556e-07
chr10	36	28	135534747	2.06589e-07
chr10	37	43	135534747	3.17262e-07
chr10	38	23	135534747	1.69698e-07
chr10	39	13	135534747	9.59164e-08
chr10	40	6	135534747	4.42691e-08
chr10	41	23	135534747	1.69698e-07
chr10	42	13	135534747	9.59164e-08
chr10	43	14	135534747	1.03295e-07
chr10	44	13	135534747	9.59164e-08
chr10	45	7	135534747	5.16473e-08
chr10	46	5	135534747	3.68909e-08
chr10	47	9	135534747	6.64036e-08
chr10	48	3	135534747	2.21345e-08
chr10	49	1	135534747	7.37818e-09
chr11	0	132415519	135006516	0.980808
chr11	1	2556961	135006516	0.0189395
chr11	2	32055	135006516	0.000237433
chr11	3	740	135006516	5.48122e-06
chr11	4	426	135006516	3.1554e-06
chr11	5	245	135006516	1.81473e-06
chr11	6	106	135006516	7.85147e-07
chr11	7	75	135006516	5.55529e-07
chr11	8	73	135006516	5.40715e-07
chr11	9	96	135006516	7.11077e-07
chr11	10	148	135006516	1.09624e-06
chr11	11	17	135006516	1.2592e-07
chr11	12	21	135006516	1.55548e-07
chr11	13	24	135006516	1.77769e-07
chr11	14	10	135006516	7.40705e-08
chr12	0	131739162	133851895	0.984216
chr12	1	2094039	133851895	0.0156444
chr12	2	18323	133851895	0.00013689
chr12	3	246	133851895	1.83785e-06
chr12	4	98	133851895	7.32153e-07
chr12	5	27	133851895	2.01715e-07
chr13	0	114164113	115169878	0.991267
chr13	1	999947	115169878	0.00868237
chr13	2	5801	115169878	5.03691e-05
chr13	3	17	115169878	1.47608e-07
chr14	0	106246147	107349540	0.989721
chr14	1	1096361	107349540	0.010213
chr14	2	6957	107349540	6.4807e-05
chr14	3	75	107349540	6.98652e-07
chr15	0	101677673	102531392	0.991674
chr15	1	849022	102531392	0.00828061
chr15	2	4663	102531392	4.54788e-05
chr15	3	34	102531392	3.31606e-07
chr16	0	89557000	90354753	0.991171
chr16	1	765502	90354753	0.00847218
chr16	2	12493	90354753	0.000138266
chr16	3	5836	90354753	6.45899e-05
chr16	4	4754	90354753	5.26148e-05
chr16	5	3305	90354753	3.6578e-05
chr16	6	1925	90354753	2.13049e-05
chr16	7	1372	90354753	1.51846e-05
chr16	8	991	90354753	1.09679e-05
chr16	9	666	90354753	7.37095e-06
chr16	10	370	90354753	4.09497e-06
chr16	11	207	90354753	2.29097e-06
chr16	12	177	90354753	1.95895e-06
chr16	13	90	90354753	9.96074e-07
chr16	14	33	90354753	3.65227e-07
chr16	15	13	90354753	1.43877e-07
chr16	16	14	90354753	1.54945e-07
chr16	17	5	90354753	5.53374e-08
chr17	0	80193358	81195210	0.987661
chr17	1	992876	81195210	0.0122283
chr17	2	8385	81195210	0.00010327
chr17	3	351	81195210	4.32292e-06
chr17	4	83	81195210	1.02223e-06
chr17	5	31	81195210	3.81796e-07
chr17	6	45	81195210	5.5422e-07
chr17	7	22	81195210	2.70952e-07
chr17	8	41	81195210	5.04956e-07
chr17	9	18	81195210	2.21688e-07
chr18	0	77034412	78077248	0.986644
chr18	1	1033603	78077248	0.0132382
chr18	2	8004	78077248	0.000102514
chr18	3	501	78077248	6.41672e-06
chr18	4	279	78077248	3.57338e-06
chr18	5	204	78077248	2.6128e-06
chr18	6	107	78077248	1.37044e-06
chr18	7	49	78077248	6.27584e-07
chr18	8	4	78077248	5.12313e-08
chr18	9	8	78077248	1.02463e-07
chr18	10	7	78077248	8.96548e-08
chr18	11	16	78077248	2.04925e-07
chr18	12	20	78077248	2.56157e-07
chr18	13	10	78077248	1.28078e-07
chr18	14	2	78077248	2.56157e-08
chr18	15	4	78077248	5.12313e-08
chr18	16	4	78077248	5.12313e-08
chr18	17	9	78077248	1.1527e-07
chr18	18	5	78077248	6.40391e-08
chr19	0	58516712	59128983	0.989645
chr19	1	605553	59128983	0.0102412
chr19	2	4562	59128983	7.71534e-05
chr19	3	453	59128983	7.66122e-06
chr19	4	328	59128983	5.5472e-06
chr19	5	181	59128983	3.0611e-06
chr19	6	262	59128983	4.43099e-06
chr19	7	175	59128983	2.95963e-06
chr19	8	130	59128983	2.19858e-06
chr19	9	124	59128983	2.09711e-06
chr19	10	99	59128983	1.67431e-06
chr19	11	51	59128983	8.62521e-07
chr19	12	26	59128983	4.39717e-07
chr19	13	20	59128983	3.38244e-07
chr19	14	35	59128983	5.91926e-07
chr19	15	17	59128983	2.87507e-07
chr19	16	19	59128983	3.21331e-07
chr19	17	35	59128983	5.91926e-07
chr19	18	19	59128983	3.21331e-07
chr19	19	29	59128983	4.90453e-07
chr19	20	11	59128983	1.86034e-07
chr19	21	14	59128983	2.36771e-07
chr19	22	19	59128983	3.21331e-07
chr19	23	19	59128983	3.21331e-07
chr19	24	11	59128983	1.86034e-07
chr19	25	10	59128983	1.69122e-07
chr19	26	12	59128983	2.02946e-07
chr19	27	9	59128983	1.5221e-07
chr19	28	8	59128983	1.35297e-07
chr19	29	29	59128983	4.90453e-07
chr19	30	10	59128983	1.69122e-07
chr19	31	1	59128983	1.69122e-08
chr20	0	62262424	63025520	0.987892
chr20	1	757317	63025520	0.012016
chr20	2	5580	63025520	8.85356e-05
chr20	3	135	63025520	2.14199e-06
chr20	4	52	63025520	8.25063e-07
chr20	5	12	63025520	1.90399e-07
chr21	0	47749200	48129895	0.99209
chr21	1	377098	48129895	0.00783501
chr21	2	3007	48129895	6.24768e-05
chr21	3	310	48129895	6.4409e-06
chr21	4	70	48129895	1.4544e-06
chr21	5	65	48129895	1.35051e-06
chr21	6	41	48129895	8.51861e-07
chr21	7	10	48129895	2.07771e-07
chr21	8	9	48129895	1.86994e-07
chr21	9	13	48129895	2.70102e-07
chr21	10	16	48129895	3.32434e-07
chr21	11	16	48129895	3.32434e-07
chr21	12	13	48129895	2.70102e-07
chr21	13	22	48129895	4.57096e-07
chr21	14	5	48129895	1.03886e-07
chr22	0	51101589	51304566	0.996044
chr22	1	201627	51304566	0.00393
chr22	2	1289	51304566	2.51245e-05
chr22	3	4	51304566	7.79658e-08
chr22	4	1	51304566	1.94914e-08
chr22	5	1	51304566	1.94914e-08
chr22	6	1	51304566	1.94914e-08
chr22	7	1	51304566	1.94914e-08
chr22	8	1	51304566	1.94914e-08
chr22	9	2	51304566	3.89829e-08
chr22	10	2	51304566	3.89829e-08
chr22	11	1	51304566	1.94914e-08
chr22	12	1	51304566	1.94914e-08
chr22	13	1	51304566	1.94914e-08
chr22	14	1	51304566	1.94914e-08
chr22	15	1	51304566	1.94914e-08
chr22	16	4	51304566	7.79658e-08
chr22	17	2	51304566	3.89829e-08
chr22	18	1	51304566	1.94914e-08
chr22	19	36	51304566	7.01692e-07
chrX	0	153007477	155270560	0.985425
chrX	1	2225773	155270560	0.0143348
chrX	2	28866	155270560	0.000185908
chrX	3	5160	155270560	3.32323e-05
chrX	4	2042	155270560	1.31512e-05
chrX	5	732	155270560	4.71435e-06
chrX	6	300	155270560	1.93211e-06
chrX	7	70	155270560	4.50826e-07
chrX	8	42	155270560	2.70496e-07
chrX	9	13	155270560	8.37248e-08
chrX	10	4	155270560	2.57615e-08
chrX	11	13	155270560	8.37248e-08
chrX	12	33	155270560	2.12532e-07
chrX	13	12	155270560	7.72845e-08
chrX	14	2	155270560	1.28807e-08
chrX	15	8	155270560	5.1523e-08
chrX	16	10	155270560	6.44037e-08
chrX	17	3	155270560	1.93211e-08
chrY	0	59308204	59373566	0.998899
chrY	1	62023	59373566	0.00104462
chrY	2	2248	59373566	3.7862e-05
chrY	3	522	59373566	8.79179e-06
chrY	4	192	59373566	3.23376e-06
chrY	5	227	59373566	3.82325e-06
chrY	6	85	59373566	1.43161e-06
chrY	7	16	59373566	2.6948e-07
chrY	8	20	59373566	3.3685e-07
chrY	9	10	59373566	1.68425e-07
chrY	10	19	59373566	3.20008e-07
chr1_gl000191_random	0	105844	106433	0.994466
chr1_gl000191_random	1	578	106433	0.00543065
chr1_gl000191_random	2	11	106433	0.000103351
chr1_gl000192_random	0	537538	547496	0.981812
chr1_gl000192_random	1	9916	547496	0.0181115
chr1_gl000192_random	2	42	547496	7.67129e-05
chr4_ctg9_hap1	0	588734	590426	0.997134
chr4_ctg9_hap1	1	1684	590426	0.00285218
chr4_ctg9_hap1	2	8	590426	1.35495e-05
chr4_gl000193_random	0	186477	189789	0.982549
chr4_gl000193_random	1	3224	189789	0.0169873
chr4_gl000193_random	2	88	189789	0.000463673
chr4_gl000194_random	0	186226	191469	0.972617
chr4_gl000194_random	1	5129	191469	0.0267876
chr4_gl000194_random	2	71	191469	0.000370817
chr4_gl000194_random	3	43	191469	0.000224579
chr6_apd_hap1	0	4617172	4622290	0.998893
chr6_apd_hap1	1	5086	4622290	0.00110032
chr6_apd_hap1	2	32	4622290	6.92298e-06
chr6_cox_hap2	0	4781517	4795371	0.997111
chr6_cox_hap2	1	13808	4795371	0.00287944
chr6_cox_hap2	2	46	4795371	9.59258e-06
chr6_dbb_hap3	0	4598796	4610396	0.997484
chr6_dbb_hap3	1	11600	4610396	0.00251605
chr6_mann_hap4	0	4673713	4683263	0.997961
chr6_mann_hap4	1	9550	4683263	0.00203918
chr6_mcf_hap5	0	4824736	4833398	0.998208
chr6_mcf_hap5	1	8624	4833398	0.00178425
chr6_mcf_hap5	2	38	4833398	7.86196e-06
chr6_qbl_hap6	0	4601512	4611984	0.997729
chr6_qbl_hap6	1	10444	4611984	0.00226454
chr6_qbl_hap6	2	28	4611984	6.07114e-06
chr6_ssto_hap7	0	4918567	4928567	0.997971
chr6_ssto_hap7	1	10000	4928567	0.00202899
chr7_gl000195_random	0	178789	182896	0.977545
chr7_gl000195_random	1	4064	182896	0.0222203
chr7_gl000195_random	2	43	182896	0.000235106
chr8_gl000196_random	0	38564	38914	0.991006
chr8_gl000196_random	1	350	38914	0.00899419
chr8_gl000197_random	0	36875	37175	0.99193
chr8_gl000197_random	1	300	37175	0.00806994
chr9_gl000198_random	0	87751	90085	0.974091
chr9_gl000198_random	1	2268	90085	0.0251762
chr9_gl000198_random	2	66	90085	0.000732641
chr9_gl000199_random	0	143041	169874	0.842042
chr9_gl000199_random	1	20917	169874	0.123132
chr9_gl000199_random	2	4115	169874	0.0242238
chr9_gl000199_random	3	1165	169874	0.00685802
chr9_gl000199_random	4	333	169874	0.00196028
chr9_gl000199_random	5	180	169874	0.00105961
chr9_gl000199_random	6	55	169874	0.000323769
chr9_gl000199_random	7	17	169874	0.000100074
chr9_gl000199_random	8	1	169874	5.88672e-06
chr9_gl000199_random	9	1	169874	5.88672e-06
chr9_gl000199_random	10	5	169874	2.94336e-05
chr9_gl000199_random	11	8	169874	4.70937e-05
chr9_gl000199_random	12	5	169874	2.94336e-05
chr9_gl000199_random	13	23	169874	0.000135394
chr9_gl000199_random	14	7	169874	4.1207e-05
chr9_gl000199_random	15	1	169874	5.88672e-06
chr9_gl000200_random	0	185685	187035	0.992782
chr9_gl000200_random	1	1350	187035	0.0072179
chr9_gl000201_random	0	35998	36148	0.99585
chr9_gl000201_random	1	150	36148	0.00414961
chr11_gl000202_random	0	39603	40103	0.987532
chr11_gl000202_random	1	500	40103	0.0124679
chr17_ctg5_hap1	0	1672683	1680828	0.995154
chr17_ctg5_hap1	1	8090	1680828	0.0048131
chr17_ctg5_hap1	2	55	1680828	3.2722e-05
chr17_gl000203_random	0	37048	37498	0.987999
chr17_gl000203_random	1	450	37498	0.0120006
chr17_gl000204_random	0	79910	81310	0.982782
chr17_gl000204_random	1	1400	81310	0.0172181
chr17_gl000205_random	0	170438	174588	0.97623
chr17_gl000205_random	1	4150	174588	0.0237702
chr17_gl000206_random	0	40453	41001	0.986634
chr17_gl000206_random	1	546	41001	0.0133167
chr17_gl000206_random	2	2	41001	4.87793e-05
chr18_gl000207_random	0	4162	4262	0.976537
chr18_gl000207_random	1	100	4262	0.0234632
chr19_gl000208_random	0	88076	92689	0.950231
chr19_gl000208_random	1	3862	92689	0.0416662
chr19_gl000208_random	2	488	92689	0.00526492
chr19_gl000208_random	3	165	92689	0.00178015
chr19_gl000208_random	4	30	92689	0.000323663
chr19_gl000208_random	5	18	92689	0.000194198
chr19_gl000208_random	6	43	92689	0.000463917
chr19_gl000208_random	7	7	92689	7.55214e-05
chr19_gl000209_random	0	158719	159169	0.997173
chr19_gl000209_random	1	450	159169	0.00282718
chr21_gl000210_random	0	27482	27682	0.992775
chr21_gl000210_random	1	200	27682	0.00722491
chrUn_gl000211	0	164224	166566	0.98594
chrUn_gl000211	1	2284	166566	0.0137123
chrUn_gl000211	2	58	166566	0.00034821
chrUn_gl000212	0	183575	186858	0.982431
chrUn_gl000212	1	3142	186858	0.0168149
chrUn_gl000212	2	115	186858	0.000615441
chrUn_gl000212	3	26	186858	0.000139143
chrUn_gl000213	0	163039	164239	0.992694
chrUn_gl000213	1	1200	164239	0.00730643
chrUn_gl000214	0	130438	137718	0.947138
chrUn_gl000214	1	6919	137718	0.0502403
chrUn_gl000214	2	352	137718	0.00255595
chrUn_gl000214	3	9	137718	6.53509e-05
chrUn_gl000215	0	171545	172545	0.994204
chrUn_gl000215	1	1000	172545	0.00579559
chrUn_gl000216	0	163878	172294	0.951153
chrUn_gl000216	1	7053	172294	0.0409358
chrUn_gl000216	2	775	172294	0.00449813
chrUn_gl000216	3	232	172294	0.00134654
chrUn_gl000216	4	150	172294	0.000870605
chrUn_gl000216	5	83	172294	0.000481735
chrUn_gl000216	6	35	172294	0.000203141
chrUn_gl000216	7	44	172294	0.000255377
chrUn_gl000216	8	7	172294	4.06282e-05
chrUn_gl000216	9	6	172294	3.48242e-05
chrUn_gl000216	10	2	172294	1.16081e-05
chrUn_gl000216	11	10	172294	5.80403e-05
chrUn_gl000216	12	19	172294	0.000110277
chrUn_gl000217	0	166497	172149	0.967168
chrUn_gl000217	1	5604	172149	0.0325532
chrUn_gl000217	2	48	172149	0.000278828
chrUn_gl000218	0	157381	161147	0.97663
chrUn_gl000218	1	3682	161147	0.0228487
chrUn_gl000218	2	84	161147	0.000521263
chrUn_gl000219	0	175793	179198	0.980999
chrUn_gl000219	1	3310	179198	0.0184712
chrUn_gl000219	2	95	179198	0.00053014
chrUn_gl000220	0	119447	161802	0.738229
chrUn_gl000220	1	17304	161802	0.106946
chrUn_gl000220	2	9210	161802	0.0569214
chrUn_gl000220	3	6224	161802	0.0384668
chrUn_gl000220	4	4189	161802	0.0258897
chrUn_gl000220	5	2820	161802	0.0174287
chrUn_gl000220	6	1567	161802	0.00968468
chrUn_gl000220	7	607	161802	0.0037515
chrUn_gl000220	8	231	161802	0.00142767
chrUn_gl000220	9	101	161802	0.00062422
chrUn_gl000220	10	58	161802	0.000358463
chrUn_gl000220	11	23	161802	0.000142149
chrUn_gl000220	12	16	161802	9.88863e-05
chrUn_gl000220	13	5	161802	3.0902e-05
chrUn_gl000221	0	151897	155397	0.977477
chrUn_gl000221	1	3500	155397	0.022523
chrUn_gl000222	0	185497	186861	0.9927
chrUn_gl000222	1	1328	186861	0.00710689
chrUn_gl000222	2	36	186861	0.000192657
chrUn_gl000223	0	179031	180455	0.992109
chrUn_gl000223	1	1398	180455	0.00774708
chrUn_gl000223	2	26	180455	0.00014408
chrUn_gl000224	0	175392	179693	0.976065
chrUn_gl000224	1	3859	179693	0.0214755
chrUn_gl000224	2	401	179693	0.00223158
chrUn_gl000224	3	25	179693	0.000139126
chrUn_gl000224	4	16	179693	8.90408e-05
chrUn_gl000225	0	197600	211173	0.935726
chrUn_gl000225	1	12095	211173	0.0572753
chrUn_gl000225	2	1254	211173	0.00593826
chrUn_gl000225	3	142	211173	0.000672434
chrUn_gl000225	4	39	211173	0.000184683
chrUn_gl000225	5	43	211173	0.000203625
chrUn_gl000226	0	1006	15008	0.0670309
chrUn_gl000226	1	1488	15008	0.0991471
chrUn_gl000226	2	1486	15008	0.0990139
chrUn_gl000226	3	2084	15008	0.138859
chrUn_gl000226	4	1977	15008	0.13173
chrUn_gl000226	5	1656	15008	0.110341
chrUn_gl000226	6	1403	15008	0.0934835
chrUn_gl000226	7	1140	15008	0.0759595
chrUn_gl000226	8	883	15008	0.0588353
chrUn_gl000226	9	682	15008	0.0454424
chrUn_gl000226	10	469	15008	0.03125
chrUn_gl000226	11	303	15008	0.0201892
chrUn_gl000226	12	171	15008	0.0113939
chrUn_gl000226	13	89	15008	0.00593017
chrUn_gl000226	14	68	15008	0.00453092
chrUn_gl000226	15	45	15008	0.0029984
chrUn_gl000226	16	21	15008	0.00139925
chrUn_gl000226	17	18	15008	0.00119936
chrUn_gl000226	18	12	15008	0.000799574
chrUn_gl000226	19	7	15008	0.000466418
chrUn_gl000227	0	127217	128374	0.990987
chrUn_gl000227	1	1114	128374	0.00867777
chrUn_gl000227	2	43	128374	0.000334959
chrUn_gl000228	0	127312	129120	0.985997
chrUn_gl000228	1	1599	129120	0.0123838
chrUn_gl000228	2	176	129120	0.00136307
chrUn_gl000228	3	33	129120	0.000255576
chrUn_gl000229	0	18861	19913	0.94717
chrUn_gl000229	1	1004	19913	0.0504193
chrUn_gl000229	2	48	19913	0.00241049
chrUn_gl000230	0	43591	43691	0.997711
chrUn_gl000230	1	100	43691	0.0022888
chrUn_gl000231	0	26625	27386	0.972212
chrUn_gl000231	1	722	27386	0.0263638
chrUn_gl000231	2	39	27386	0.00142409
chrUn_gl000232	0	38974	40652	0.958723
chrUn_gl000232	1	1506	40652	0.0370461
chrUn_gl000232	2	172	40652	0.00423103
chrUn_gl000233	0	45541	45941	0.991293
chrUn_gl000233	1	400	45941	0.00870682
chrUn_gl000234	0	38646	40531	0.953492
chrUn_gl000234	1	1820	40531	0.0449039
chrUn_gl000234	2	65	40531	0.00160371
chrUn_gl000235	0	33774	34474	0.979695
chrUn_gl000235	1	700	34474	0.0203052
chrUn_gl000236	0	41334	41934	0.985692
chrUn_gl000236	1	600	41934	0.0143082
chrUn_gl000237	0	44816	45867	0.977086
chrUn_gl000237	1	1002	45867	0.0218458
chrUn_gl000237	2	49	45867	0.00106831
chrUn_gl000238	0	39589	39939	0.991237
chrUn_gl000238	1	350	39939	0.00876336
chrUn_gl000239	0	33164	33824	0.980487
chrUn_gl000239	1	620	33824	0.0183302
chrUn_gl000239	2	40	33824	0.00118259
chrUn_gl000240	0	41283	41933	0.984499
chrUn_gl000240	1	650	41933	0.0155009
chrUn_gl000241	0	39858	42152	0.945578
chrUn_gl000241	1	2188	42152	0.0519074
chrUn_gl000241	2	106	42152	0.00251471
chrUn_gl000242	0	43373	43523	0.996554
chrUn_gl000242	1	150	43523	0.00344645
chrUn_gl000243	0	42391	43341	0.978081
chrUn_gl000243	1	950	43341	0.0219192
chrUn_gl000244	0	39629	39929	0.992487
chrUn_gl000244	1	300	39929	0.00751334
chrUn_gl000245	0	35951	36651	0.980901
chrUn_gl000245	1	700	36651	0.0190991
chrUn_gl000246	0	37804	38154	0.990827
chrUn_gl000246	1	350	38154	0.00917335
chrUn_gl000247	0	36072	36422	0.99039
chrUn_gl000247	1	350	36422	0.00960958
chrUn_gl000248	0	39686	39786	0.997487
chrUn_gl000248	1	100	39786	0.00251345
chrUn_gl000249	0	38502	38502	1
genome	0	3098079744	3137161264	0.987542
genome	1	38583632	3137161264	0.0122989
genome	2	391460	3137161264	0.000124782
genome	3	37589	3137161264	1.19819e-05
genome	4	21604	3137161264	6.88648e-06
genome	5	13522	3137161264	4.31027e-06
genome	6	8475	3137161264	2.70149e-06
genome	7	5507	3137161264	1.75541e-06
genome	8	3783	3137161264	1.20587e-06
genome	9	3126	3137161264	9.96442e-07
genome	10	2167	3137161264	6.90752e-07
genome	11	1654	3137161264	5.27228e-07
genome	12	1204	3137161264	3.83786e-07
genome	13	1004	3137161264	3.20035e-07
genome	14	788	3137161264	2.51183e-07
genome	15	697	3137161264	2.22175e-07
genome	16	588	3137161264	1.87431e-07
genome	17	461	3137161264	1.46948e-07
genome	18	338	3137161264	1.07741e-07
genome	19	368	3137161264	1.17304e-07
genome	20	310	3137161264	9.88154e-08
genome	21	296	3137161264	9.43528e-08
genome	22	281	3137161264	8.95714e-08
genome	23	263	3137161264	8.38338e-08
genome	24	299	3137161264	9.53091e-08
genome	25	262	3137161264	8.3515e-08
genome	26	215	3137161264	6.85333e-08
genome	27	208	3137161264	6.6302e-08
genome	28	177	3137161264	5.64204e-08
genome	29	151	3137161264	4.81327e-08
genome	30	141	3137161264	4.49451e-08
genome	31	128	3137161264	4.08012e-08
genome	32	100	3137161264	3.1876e-08
genome	33	83	3137161264	2.6457e-08
genome	34	94	3137161264	2.99634e-08
genome	35	81	3137161264	2.58195e-08
genome	36	39	3137161264	1.24316e-08
genome	37	55	3137161264	1.75318e-08
genome	38	27	3137161264	8.60651e-09
genome	39	21	3137161264	6.69395e-09
genome	40	14	3137161264	4.46263e-09
genome	41	33	3137161264	1.05191e-08
genome	42	23	3137161264	7.33147e-09
genome	43	29	3137161264	9.24403e-09
genome	44	32	3137161264	1.02003e-08
genome	45	24	3137161264	7.65023e-09
genome	46	22	3137161264	7.01271e-09
genome	47	27	3137161264	8.60651e-09
genome	48	12	3137161264	3.82511e-09
genome	49	8	3137161264	2.55008e-09
genome	50	9	3137161264	2.86884e-09
genome	51	8	3137161264	2.55008e-09
genome	52	9	3137161264	2.86884e-09
genome	53	7	3137161264	2.23132e-09
genome	54	7	3137161264	2.23132e-09
genome	55	6	3137161264	1.91256e-09
genome	56	6	3137161264	1.91256e-09
genome	57	10	3137161264	3.1876e-09
genome	58	7	3137161264	2.23132e-09
genome	59	11	3137161264	3.50635e-09
genome	60	10	3137161264	3.1876e-09
genome	61	5	3137161264	1.5938e-09
genome	62	3	3137161264	9.56279e-10
