chrM	0	45	16571	0.00271559
chrM	1	210	16571	0.0126727
chrM	2	310	16571	0.0187074
chrM	3	685	16571	0.0413373
chrM	4	1215	16571	0.0733209
chrM	5	1579	16571	0.095287
chrM	6	1651	16571	0.0996319
chrM	7	1893	16571	0.114236
chrM	8	1929	16571	0.116408
chrM	9	1754	16571	0.105848
chrM	10	1411	16571	0.0851488
chrM	11	1272	16571	0.0767606
chrM	12	936	16571	0.0564842
chrM	13	624	16571	0.0376561
chrM	14	425	16571	0.0256472
chrM	15	271	16571	0.0163539
chrM	16	151	16571	0.00911231
chrM	17	114	16571	0.00687949
chrM	18	68	16571	0.00410355
chrM	19	16	16571	0.000965542
chrM	20	10	16571	0.000603464
chrM	21	2	16571	0.000120693
chr1	0	245766703	249250621	0.986022
chr1	1	3444120	249250621	0.0138179
chr1	2	34733	249250621	0.00013935
chr1	3	1447	249250621	5.8054e-06
chr1	4	681	249250621	2.73219e-06
chr1	5	618	249250621	2.47943e-06
chr1	6	525	249250621	2.10631e-06
chr1	7	369	249250621	1.48044e-06
chr1	8	280	249250621	1.12337e-06
chr1	9	82	249250621	3.28986e-07
chr1	10	72	249250621	2.88866e-07
chr1	11	46	249250621	1.84553e-07
chr1	12	37	249250621	1.48445e-07
chr1	13	22	249250621	8.82646e-08
chr1	14	31	249250621	1.24373e-07
chr1	15	48	249250621	1.92577e-07
chr1	16	53	249250621	2.12637e-07
chr1	17	34	249250621	1.36409e-07
chr1	18	22	249250621	8.82646e-08
chr1	19	35	249250621	1.40421e-07
chr1	20	36	249250621	1.44433e-07
chr1	21	52	249250621	2.08625e-07
chr1	22	32	249250621	1.28385e-07
chr1	23	49	249250621	1.96589e-07
chr1	24	51	249250621	2.04613e-07
chr1	25	27	249250621	1.08325e-07
chr1	26	27	249250621	1.08325e-07
chr1	27	29	249250621	1.16349e-07
chr1	28	24	249250621	9.62886e-08
chr1	29	11	249250621	4.41323e-08
chr1	30	13	249250621	5.21563e-08
chr1	31	11	249250621	4.41323e-08
chr1	32	13	249250621	5.21563e-08
chr1	33	24	249250621	9.62886e-08
chr1	34	16	249250621	6.41924e-08
chr1	35	20	249250621	8.02405e-08
chr1	36	15	249250621	6.01804e-08
chr1	37	8	249250621	3.20962e-08
chr1	38	13	249250621	5.21563e-08
chr1	39	13	249250621	5.21563e-08
chr1	40	17	249250621	6.82044e-08
chr1	41	6	249250621	2.40722e-08
chr1	42	4	249250621	1.60481e-08
chr1	43	2	249250621	8.02405e-09
chr1	44	12	249250621	4.81443e-08
chr1	45	13	249250621	5.21563e-08
chr1	46	13	249250621	5.21563e-08
chr1	47	13	249250621	5.21563e-08
chr1	48	20	249250621	8.02405e-08
chr1	49	9	249250621	3.61082e-08
chr1	50	10	249250621	4.01203e-08
chr1	51	9	249250621	3.61082e-08
chr1	52	8	249250621	3.20962e-08
chr1	53	4	249250621	1.60481e-08
chr1	54	9	249250621	3.61082e-08
chr1	55	12	249250621	4.81443e-08
chr1	56	9	249250621	3.61082e-08
chr1	57	3	249250621	1.20361e-08
chr1	58	2	249250621	8.02405e-09
chr1	59	4	249250621	1.60481e-08
chr2	0	239556161	243199373	0.98502
chr2	1	3598870	243199373	0.014798
chr2	2	36459	243199373	0.000149914
chr2	3	3416	243199373	1.40461e-05
chr2	4	1819	243199373	7.47946e-06
chr2	5	1229	243199373	5.05347e-06
chr2	6	442	243199373	1.81744e-06
chr2	7	291	243199373	1.19655e-06
chr2	8	221	243199373	9.08719e-07
chr2	9	128	243199373	5.26317e-07
chr2	10	84	243199373	3.45396e-07
chr2	11	72	243199373	2.96053e-07
chr2	12	65	243199373	2.6727e-07
chr2	13	18	243199373	7.40134e-08
chr2	14	12	243199373	4.93422e-08
chr2	15	17	243199373	6.99015e-08
chr2	16	58	243199373	2.38487e-07
chr2	17	11	243199373	4.52304e-08
chr3	0	195579113	198022430	0.987661
chr3	1	2425396	198022430	0.0122481
chr3	2	17602	198022430	8.88889e-05
chr3	3	205	198022430	1.03524e-06
chr3	4	2	198022430	1.00999e-08
chr3	5	1	198022430	5.04993e-09
chr3	6	6	198022430	3.02996e-08
chr3	7	2	198022430	1.00999e-08
chr3	8	8	198022430	4.03995e-08
chr3	9	1	198022430	5.04993e-09
chr3	10	2	198022430	1.00999e-08
chr3	11	1	198022430	5.04993e-09
chr3	12	4	198022430	2.01997e-08
chr3	13	2	198022430	1.00999e-08
chr3	14	1	198022430	5.04993e-09
chr3	15	4	198022430	2.01997e-08
chr3	16	3	198022430	1.51498e-08
chr3	17	1	198022430	5.04993e-09
chr3	18	5	198022430	2.52497e-08
chr3	19	2	198022430	1.00999e-08
chr3	20	3	198022430	1.51498e-08
chr3	21	2	198022430	1.00999e-08
chr3	22	2	198022430	1.00999e-08
chr3	23	2	198022430	1.00999e-08
chr3	24	5	198022430	2.52497e-08
chr3	25	3	198022430	1.51498e-08
chr3	26	1	198022430	5.04993e-09
chr3	27	1	198022430	5.04993e-09
chr3	28	1	198022430	5.04993e-09
chr3	29	1	198022430	5.04993e-09
chr3	30	3	198022430	1.51498e-08
chr3	31	5	198022430	2.52497e-08
chr3	32	2	198022430	1.00999e-08
chr3	33	2	198022430	1.00999e-08
chr3	34	2	198022430	1.00999e-08
chr3	35	3	198022430	1.51498e-08
chr3	36	3	198022430	1.51498e-08
chr3	37	9	198022430	4.54494e-08
chr3	38	4	198022430	2.01997e-08
chr3	39	12	198022430	6.05992e-08
chr3	40	2	198022430	1.00999e-08
chr3	41	1	198022430	5.04993e-09
chr4	0	189439468	191154276	0.991029
chr4	1	1697254	191154276	0.00887898
chr4	2	14189	191154276	7.4228e-05
chr4	3	1739	191154276	9.09736e-06
chr4	4	798	191154276	4.17464e-06
chr4	5	288	191154276	1.50664e-06
chr4	6	218	191154276	1.14044e-06
chr4	7	147	191154276	7.69012e-07
chr4	8	39	191154276	2.04024e-07
chr4	9	37	191154276	1.93561e-07
chr4	10	39	191154276	2.04024e-07
chr4	11	23	191154276	1.20322e-07
chr4	12	37	191154276	1.93561e-07
chr5	0	178790485	180915260	0.988255
chr5	1	2111011	180915260	0.0116685
chr5	2	13164	180915260	7.27633e-05
chr5	3	272	180915260	1.50347e-06
chr5	4	121	180915260	6.68821e-07
chr5	5	77	180915260	4.25614e-07
chr5	6	86	180915260	4.75361e-07
chr5	7	7	180915260	3.86921e-08
chr5	8	9	180915260	4.9747e-08
chr5	9	8	180915260	4.42196e-08
chr5	10	3	180915260	1.65823e-08
chr5	11	17	180915260	9.39666e-08
chr6	0	169359470	171115067	0.98974
chr6	1	1739224	171115067	0.0101641
chr6	2	12746	171115067	7.44879e-05
chr6	3	526	171115067	3.07395e-06
chr6	4	481	171115067	2.81097e-06
chr6	5	424	171115067	2.47786e-06
chr6	6	412	171115067	2.40774e-06
chr6	7	430	171115067	2.51293e-06
chr6	8	385	171115067	2.24995e-06
chr6	9	306	171115067	1.78827e-06
chr6	10	202	171115067	1.18049e-06
chr6	11	181	171115067	1.05777e-06
chr6	12	120	171115067	7.01282e-07
chr6	13	86	171115067	5.02586e-07
chr6	14	49	171115067	2.86357e-07
chr6	15	15	171115067	8.76603e-08
chr6	16	6	171115067	3.50641e-08
chr6	17	2	171115067	1.1688e-08
chr6	18	2	171115067	1.1688e-08
chr7	0	156924468	159138663	0.986086
chr7	1	2192413	159138663	0.0137767
chr7	2	17801	159138663	0.000111858
chr7	3	639	159138663	4.01537e-06
chr7	4	431	159138663	2.70833e-06
chr7	5	387	159138663	2.43184e-06
chr7	6	351	159138663	2.20562e-06
chr7	7	212	159138663	1.33217e-06
chr7	8	225	159138663	1.41386e-06
chr7	9	250	159138663	1.57096e-06
chr7	10	220	159138663	1.38244e-06
chr7	11	153	159138663	9.61426e-07
chr7	12	145	159138663	9.11155e-07
chr7	13	90	159138663	5.65545e-07
chr7	14	81	159138663	5.0899e-07
chr7	15	53	159138663	3.33043e-07
chr7	16	71	159138663	4.46152e-07
chr7	17	41	159138663	2.57637e-07
chr7	18	38	159138663	2.38785e-07
chr7	19	53	159138663	3.33043e-07
chr7	20	66	159138663	4.14733e-07
chr7	21	45	159138663	2.82772e-07
chr7	22	36	159138663	2.26218e-07
chr7	23	44	159138663	2.76488e-07
chr7	24	58	159138663	3.64462e-07
chr7	25	41	159138663	2.57637e-07
chr7	26	27	159138663	1.69663e-07
chr7	27	23	159138663	1.44528e-07
chr7	28	24	159138663	1.50812e-07
chr7	29	31	159138663	1.94799e-07
chr7	30	28	159138663	1.75947e-07
chr7	31	21	159138663	1.3196e-07
chr7	32	36	159138663	2.26218e-07
chr7	33	29	159138663	1.82231e-07
chr7	34	28	159138663	1.75947e-07
chr7	35	3	159138663	1.88515e-08
chr7	36	1	159138663	6.28383e-09
chr8	0	144291430	146364022	0.985839
chr8	1	2047311	146364022	0.0139878
chr8	2	21743	146364022	0.000148554
chr8	3	1985	146364022	1.35621e-05
chr8	4	777	146364022	5.30868e-06
chr8	5	361	146364022	2.46645e-06
chr8	6	204	146364022	1.39379e-06
chr8	7	123	146364022	8.4037e-07
chr8	8	42	146364022	2.86956e-07
chr8	9	46	146364022	3.14285e-07
chr9	0	139823265	141213431	0.990156
chr9	1	1380089	141213431	0.00977307
chr9	2	9338	141213431	6.61269e-05
chr9	3	333	141213431	2.35813e-06
chr9	4	147	141213431	1.04098e-06
chr9	5	112	141213431	7.93126e-07
chr9	6	75	141213431	5.31111e-07
chr9	7	37	141213431	2.62015e-07
chr9	8	1	141213431	7.08148e-09
chr9	9	19	141213431	1.34548e-07
chr9	10	15	141213431	1.06222e-07
chr10	0	132754024	135534747	0.979483
chr10	1	2714432	135534747	0.0200276
chr10	2	52120	135534747	0.000384551
chr10	3	2923	135534747	2.15664e-05
chr10	4	1715	135534747	1.26536e-05
chr10	5	1216	135534747	8.97187e-06
chr10	6	1033	135534747	7.62166e-06
chr10	7	679	135534747	5.00979e-06
chr10	8	549	135534747	4.05062e-06
chr10	9	599	135534747	4.41953e-06
chr10	10	510	135534747	3.76287e-06
chr10	11	399	135534747	2.94389e-06
chr10	12	361	135534747	2.66352e-06
chr10	13	319	135534747	2.35364e-06
chr10	14	324	135534747	2.39053e-06
chr10	15	262	135534747	1.93308e-06
chr10	16	248	135534747	1.82979e-06
chr10	17	247	135534747	1.82241e-06
chr10	18	208	135534747	1.53466e-06
chr10	19	180	135534747	1.32807e-06
chr10	20	184	135534747	1.35759e-06
chr10	21	134	135534747	9.88676e-07
chr10	22	217	135534747	1.60107e-06
chr10	23	160	135534747	1.18051e-06
chr10	24	122	135534747	9.00138e-07
chr10	25	136	135534747	1.00343e-06
chr10	26	103	135534747	7.59953e-07
chr10	27	111	135534747	8.18978e-07
chr10	28	147	135534747	1.08459e-06
chr10	29	94	135534747	6.93549e-07
chr10	30	120	135534747	8.85382e-07
chr10	31	120	135534747	8.85382e-07
chr10	32	105	135534747	7.74709e-07
chr10	33	101	135534747	7.45196e-07
chr10	34	88	135534747	6.4928e-07
chr10	35	81	135534747	5.97633e-07
chr10	36	48	135534747	3.54153e-07
chr10	37	49	135534747	3.61531e-07
chr10	38	60	135534747	4.42691e-07
chr10	39	30	135534747	2.21345e-07
chr10	40	26	135534747	1.91833e-07
chr10	41	18	135534747	1.32807e-07
chr10	42	24	135534747	1.77076e-07
chr10	43	33	135534747	2.4348e-07
chr10	44	30	135534747	2.21345e-07
chr10	45	23	135534747	1.69698e-07
chr10	46	17	135534747	1.25429e-07
chr10	47	12	135534747	8.85382e-08
chr10	48	4	135534747	2.95127e-08
chr10	49	2	135534747	1.47564e-08
chr11	0	132825644	135006516	0.983846
chr11	1	2157074	135006516	0.0159776
chr11	2	21974	135006516	0.000162763
chr11	3	680	135006516	5.03679e-06
chr11	4	435	135006516	3.22207e-06
chr11	5	185	135006516	1.3703e-06
chr11	6	153	135006516	1.13328e-06
chr11	7	47	135006516	3.48131e-07
chr11	8	77	135006516	5.70343e-07
chr11	9	100	135006516	7.40705e-07
chr11	10	42	135006516	3.11096e-07
chr11	11	24	135006516	1.77769e-07
chr11	12	12	135006516	8.88846e-08
chr11	13	14	135006516	1.03699e-07
chr11	14	18	135006516	1.33327e-07
chr11	15	12	135006516	8.88846e-08
chr11	16	9	135006516	6.66635e-08
chr11	17	14	135006516	1.03699e-07
chr11	18	2	135006516	1.48141e-08
chr12	0	131713794	133851895	0.984026
chr12	1	2120478	133851895	0.015842
chr12	2	17404	133851895	0.000130024
chr12	3	212	133851895	1.58384e-06
chr12	4	7	133851895	5.22966e-08
chr13	0	114202062	115169878	0.991597
chr13	1	962448	115169878	0.00835677
chr13	2	5270	115169878	4.57585e-05
chr13	3	80	115169878	6.94626e-07
chr13	4	18	115169878	1.56291e-07
chr14	0	105719432	107349540	0.984815
chr14	1	1613305	107349540	0.0150285
chr14	2	16664	107349540	0.000155231
chr14	3	139	107349540	1.29484e-06
chr15	0	101679885	102531392	0.991695
chr15	1	847364	102531392	0.00826443
chr15	2	4143	102531392	4.04071e-05
chr16	0	89534521	90354753	0.990922
chr16	1	789250	90354753	0.00873501
chr16	2	11520	90354753	0.000127497
chr16	3	5739	90354753	6.35163e-05
chr16	4	5093	90354753	5.63667e-05
chr16	5	3227	90354753	3.57148e-05
chr16	6	2313	90354753	2.55991e-05
chr16	7	1338	90354753	1.48083e-05
chr16	8	686	90354753	7.5923e-06
chr16	9	415	90354753	4.59301e-06
chr16	10	291	90354753	3.22064e-06
chr16	11	156	90354753	1.72653e-06
chr16	12	101	90354753	1.11782e-06
chr16	13	68	90354753	7.52589e-07
chr16	14	28	90354753	3.0989e-07
chr16	15	7	90354753	7.74724e-08
chr17	0	80203942	81195210	0.987792
chr17	1	982385	81195210	0.0120991
chr17	2	8184	81195210	0.000100794
chr17	3	372	81195210	4.58155e-06
chr17	4	179	81195210	2.20456e-06
chr17	5	45	81195210	5.5422e-07
chr17	6	82	81195210	1.00991e-06
chr17	7	20	81195210	2.4632e-07
chr17	8	1	81195210	1.2316e-08
chr18	0	77023815	78077248	0.986508
chr18	1	1043270	78077248	0.013362
chr18	2	9070	78077248	0.000116167
chr18	3	480	78077248	6.14776e-06
chr18	4	252	78077248	3.22757e-06
chr18	5	137	78077248	1.75467e-06
chr18	6	57	78077248	7.30046e-07
chr18	7	67	78077248	8.58125e-07
chr18	8	58	78077248	7.42854e-07
chr18	9	12	78077248	1.53694e-07
chr18	10	15	78077248	1.92117e-07
chr18	11	6	78077248	7.6847e-08
chr18	12	9	78077248	1.1527e-07
chr19	0	58415904	59128983	0.98794
chr19	1	705573	59128983	0.0119328
chr19	2	5350	59128983	9.04802e-05
chr19	3	348	59128983	5.88544e-06
chr19	4	425	59128983	7.18768e-06
chr19	5	189	59128983	3.1964e-06
chr19	6	152	59128983	2.57065e-06
chr19	7	249	59128983	4.21113e-06
chr19	8	114	59128983	1.92799e-06
chr19	9	94	59128983	1.58974e-06
chr19	10	73	59128983	1.23459e-06
chr19	11	40	59128983	6.76487e-07
chr19	12	53	59128983	8.96346e-07
chr19	13	28	59128983	4.73541e-07
chr19	14	51	59128983	8.62521e-07
chr19	15	48	59128983	8.11785e-07
chr19	16	21	59128983	3.55156e-07
chr19	17	46	59128983	7.7796e-07
chr19	18	31	59128983	5.24278e-07
chr19	19	37	59128983	6.25751e-07
chr19	20	34	59128983	5.75014e-07
chr19	21	16	59128983	2.70595e-07
chr19	22	11	59128983	1.86034e-07
chr19	23	20	59128983	3.38244e-07
chr19	24	7	59128983	1.18385e-07
chr19	25	14	59128983	2.36771e-07
chr19	26	23	59128983	3.8898e-07
chr19	27	6	59128983	1.01473e-07
chr19	28	14	59128983	2.36771e-07
chr19	29	6	59128983	1.01473e-07
chr19	30	6	59128983	1.01473e-07
chr20	0	62248901	63025520	0.987678
chr20	1	770675	63025520	0.012228
chr20	2	5729	63025520	9.08997e-05
chr20	3	193	63025520	3.06225e-06
chr20	4	22	63025520	3.49065e-07
chr21	0	47706811	48129895	0.99121
chr21	1	418353	48129895	0.00869216
chr21	2	4156	48129895	8.63497e-05
chr21	3	349	48129895	7.25121e-06
chr21	4	80	48129895	1.66217e-06
chr21	5	24	48129895	4.98651e-07
chr21	6	72	48129895	1.49595e-06
chr21	7	3	48129895	6.23313e-08
chr21	8	3	48129895	6.23313e-08
chr21	9	4	48129895	8.31084e-08
chr21	10	1	48129895	2.07771e-08
chr21	11	9	48129895	1.86994e-07
chr21	12	14	48129895	2.90879e-07
chr21	13	16	48129895	3.32434e-07
chr22	0	51030495	51304566	0.994658
chr22	1	272314	51304566	0.00530779
chr22	2	1601	51304566	3.12058e-05
chr22	3	57	51304566	1.11101e-06
chr22	4	17	51304566	3.31354e-07
chr22	5	28	51304566	5.4576e-07
chr22	6	2	51304566	3.89829e-08
chr22	7	1	51304566	1.94914e-08
chr22	8	2	51304566	3.89829e-08
chr22	9	1	51304566	1.94914e-08
chr22	10	2	51304566	3.89829e-08
chr22	11	2	51304566	3.89829e-08
chr22	12	3	51304566	5.84743e-08
chr22	13	2	51304566	3.89829e-08
chr22	14	2	51304566	3.89829e-08
chr22	15	13	51304566	2.53389e-07
chr22	16	24	51304566	4.67795e-07
chrX	0	153106679	155270560	0.986064
chrX	1	2126696	155270560	0.0136967
chrX	2	27856	155270560	0.000179403
chrX	3	5381	155270560	3.46556e-05
chrX	4	2310	155270560	1.48773e-05
chrX	5	930	155270560	5.98955e-06
chrX	6	321	155270560	2.06736e-06
chrX	7	151	155270560	9.72496e-07
chrX	8	108	155270560	6.9556e-07
chrX	9	53	155270560	3.4134e-07
chrX	10	18	155270560	1.15927e-07
chrX	11	32	155270560	2.06092e-07
chrX	12	22	155270560	1.41688e-07
chrX	13	3	155270560	1.93211e-08
chrY	0	59308064	59373566	0.998897
chrY	1	62441	59373566	0.00105166
chrY	2	1932	59373566	3.25397e-05
chrY	3	708	59373566	1.19245e-05
chrY	4	271	59373566	4.56432e-06
chrY	5	24	59373566	4.0422e-07
chrY	6	20	59373566	3.3685e-07
chrY	7	12	59373566	2.0211e-07
chrY	8	10	59373566	1.68425e-07
chrY	9	12	59373566	2.0211e-07
chrY	10	6	59373566	1.01055e-07
chrY	11	8	59373566	1.3474e-07
chrY	12	20	59373566	3.3685e-07
chrY	13	6	59373566	1.01055e-07
chrY	14	2	59373566	3.3685e-08
chrY	15	12	59373566	2.0211e-07
chrY	16	8	59373566	1.3474e-07
chrY	17	7	59373566	1.17898e-07
chrY	18	3	59373566	5.05275e-08
chr1_gl000191_random	0	105921	106433	0.995189
chr1_gl000191_random	1	474	106433	0.00445351
chr1_gl000191_random	2	38	106433	0.000357032
chr1_gl000192_random	0	536720	547496	0.980318
chr1_gl000192_random	1	10702	547496	0.0195472
chr1_gl000192_random	2	74	547496	0.000135161
chr4_ctg9_hap1	0	588726	590426	0.997121
chr4_ctg9_hap1	1	1700	590426	0.00287928
chr4_gl000193_random	0	186789	189789	0.984193
chr4_gl000193_random	1	3000	189789	0.015807
chr4_gl000194_random	0	185732	191469	0.970037
chr4_gl000194_random	1	5674	191469	0.029634
chr4_gl000194_random	2	63	191469	0.000329035
chr6_apd_hap1	0	4617540	4622290	0.998972
chr6_apd_hap1	1	4750	4622290	0.00102763
chr6_cox_hap2	0	4785421	4795371	0.997925
chr6_cox_hap2	1	9950	4795371	0.00207492
chr6_dbb_hap3	0	4602932	4610396	0.998381
chr6_dbb_hap3	1	7428	4610396	0.00161114
chr6_dbb_hap3	2	36	4610396	7.80844e-06
chr6_mann_hap4	0	4676432	4683263	0.998541
chr6_mann_hap4	1	6812	4683263	0.00145454
chr6_mann_hap4	2	19	4683263	4.057e-06
chr6_mcf_hap5	0	4826298	4833398	0.998531
chr6_mcf_hap5	1	7100	4833398	0.00146895
chr6_qbl_hap6	0	4604534	4611984	0.998385
chr6_qbl_hap6	1	7450	4611984	0.00161536
chr6_ssto_hap7	0	4919992	4928567	0.99826
chr6_ssto_hap7	1	8550	4928567	0.00173478
chr6_ssto_hap7	2	25	4928567	5.07247e-06
chr7_gl000195_random	0	179141	182896	0.979469
chr7_gl000195_random	1	3710	182896	0.0202848
chr7_gl000195_random	2	45	182896	0.000246041
chr8_gl000196_random	0	38464	38914	0.988436
chr8_gl000196_random	1	450	38914	0.011564
chr8_gl000197_random	0	37075	37175	0.99731
chr8_gl000197_random	1	100	37175	0.00268998
chr9_gl000198_random	0	87777	90085	0.97438
chr9_gl000198_random	1	2266	90085	0.025154
chr9_gl000198_random	2	42	90085	0.000466226
chr9_gl000199_random	0	144595	169874	0.85119
chr9_gl000199_random	1	19897	169874	0.117128
chr9_gl000199_random	2	4165	169874	0.0245182
chr9_gl000199_random	3	794	169874	0.00467405
chr9_gl000199_random	4	199	169874	0.00117146
chr9_gl000199_random	5	99	169874	0.000582785
chr9_gl000199_random	6	21	169874	0.000123621
chr9_gl000199_random	7	45	169874	0.000264902
chr9_gl000199_random	8	33	169874	0.000194262
chr9_gl000199_random	9	15	169874	8.83007e-05
chr9_gl000199_random	10	11	169874	6.47539e-05
chr9_gl000200_random	0	185585	187035	0.992247
chr9_gl000200_random	1	1450	187035	0.00775256
chr9_gl000201_random	0	35998	36148	0.99585
chr9_gl000201_random	1	150	36148	0.00414961
chr11_gl000202_random	0	39553	40103	0.986285
chr11_gl000202_random	1	550	40103	0.0137147
chr17_ctg5_hap1	0	1674488	1680828	0.996228
chr17_ctg5_hap1	1	6280	1680828	0.00373625
chr17_ctg5_hap1	2	60	1680828	3.56967e-05
chr17_gl000203_random	0	37148	37498	0.990666
chr17_gl000203_random	1	350	37498	0.00933383
chr17_gl000204_random	0	79902	81310	0.982684
chr17_gl000204_random	1	1366	81310	0.0167999
chr17_gl000204_random	2	42	81310	0.000516542
chr17_gl000205_random	0	170538	174588	0.976803
chr17_gl000205_random	1	4050	174588	0.0231975
chr17_gl000206_random	0	40551	41001	0.989025
chr17_gl000206_random	1	450	41001	0.0109753
chr18_gl000207_random	0	4112	4262	0.964805
chr18_gl000207_random	1	150	4262	0.0351947
chr19_gl000208_random	0	86696	92689	0.935343
chr19_gl000208_random	1	4926	92689	0.0531455
chr19_gl000208_random	2	688	92689	0.00742267
chr19_gl000208_random	3	302	92689	0.00325821
chr19_gl000208_random	4	55	92689	0.000593382
chr19_gl000208_random	5	10	92689	0.000107888
chr19_gl000208_random	6	12	92689	0.000129465
chr19_gl000209_random	0	158419	159169	0.995288
chr19_gl000209_random	1	750	159169	0.00471197
chr21_gl000210_random	0	27432	27682	0.990969
chr21_gl000210_random	1	250	27682	0.00903114
chrUn_gl000211	0	163793	166566	0.983352
chrUn_gl000211	1	2646	166566	0.0158856
chrUn_gl000211	2	127	166566	0.000762461
chrUn_gl000212	0	184272	186858	0.986161
chrUn_gl000212	1	2492	186858	0.0133363
chrUn_gl000212	2	74	186858	0.000396023
chrUn_gl000212	3	20	186858	0.000107033
chrUn_gl000213	0	163439	164239	0.995129
chrUn_gl000213	1	800	164239	0.00487095
chrUn_gl000214	0	130318	137718	0.946267
chrUn_gl000214	1	6451	137718	0.0468421
chrUn_gl000214	2	748	137718	0.00543139
chrUn_gl000214	3	201	137718	0.0014595
chrUn_gl000215	0	171745	172545	0.995364
chrUn_gl000215	1	800	172545	0.00463647
chrUn_gl000216	0	162879	172294	0.945355
chrUn_gl000216	1	7934	172294	0.0460492
chrUn_gl000216	2	1057	172294	0.00613486
chrUn_gl000216	3	176	172294	0.00102151
chrUn_gl000216	4	123	172294	0.000713896
chrUn_gl000216	5	69	172294	0.000400478
chrUn_gl000216	6	55	172294	0.000319222
chrUn_gl000216	7	1	172294	5.80403e-06
chrUn_gl000217	0	167747	172149	0.974429
chrUn_gl000217	1	4354	172149	0.025292
chrUn_gl000217	2	48	172149	0.000278828
chrUn_gl000218	0	157877	161147	0.979708
chrUn_gl000218	1	3190	161147	0.0197956
chrUn_gl000218	2	80	161147	0.000496441
chrUn_gl000219	0	175605	179198	0.97995
chrUn_gl000219	1	3436	179198	0.0191743
chrUn_gl000219	2	157	179198	0.000876126
chrUn_gl000220	0	114581	161802	0.708156
chrUn_gl000220	1	18527	161802	0.114504
chrUn_gl000220	2	10242	161802	0.0632996
chrUn_gl000220	3	6780	161802	0.0419031
chrUn_gl000220	4	5060	161802	0.0312728
chrUn_gl000220	5	2812	161802	0.0173793
chrUn_gl000220	6	1843	161802	0.0113905
chrUn_gl000220	7	970	161802	0.00599498
chrUn_gl000220	8	503	161802	0.00310874
chrUn_gl000220	9	284	161802	0.00175523
chrUn_gl000220	10	139	161802	0.000859075
chrUn_gl000220	11	51	161802	0.0003152
chrUn_gl000220	12	10	161802	6.18039e-05
chrUn_gl000221	0	152097	155397	0.978764
chrUn_gl000221	1	3300	155397	0.0212359
chrUn_gl000222	0	185290	186861	0.991593
chrUn_gl000222	1	1492	186861	0.00798455
chrUn_gl000222	2	79	186861	0.000422774
chrUn_gl000223	0	179105	180455	0.992519
chrUn_gl000223	1	1350	180455	0.00748109
chrUn_gl000224	0	175117	179693	0.974534
chrUn_gl000224	1	4095	179693	0.0227889
chrUn_gl000224	2	438	179693	0.00243749
chrUn_gl000224	3	43	179693	0.000239297
chrUn_gl000225	0	195049	211173	0.923646
chrUn_gl000225	1	14057	211173	0.0665663
chrUn_gl000225	2	1621	211173	0.00767617
chrUn_gl000225	3	299	211173	0.0014159
chrUn_gl000225	4	77	211173	0.00036463
chrUn_gl000225	5	39	211173	0.000184683
chrUn_gl000225	6	16	211173	7.57673e-05
chrUn_gl000225	7	15	211173	7.10318e-05
chrUn_gl000226	0	1414	15008	0.0942164
chrUn_gl000226	1	2383	15008	0.158782
chrUn_gl000226	2	2762	15008	0.184035
chrUn_gl000226	3	2608	15008	0.173774
chrUn_gl000226	4	1930	15008	0.128598
chrUn_gl000226	5	1439	15008	0.0958822
chrUn_gl000226	6	1148	15008	0.0764925
chrUn_gl000226	7	657	15008	0.0437767
chrUn_gl000226	8	359	15008	0.0239206
chrUn_gl000226	9	204	15008	0.0135928
chrUn_gl000226	10	87	15008	0.00579691
chrUn_gl000226	11	15	15008	0.000999467
chrUn_gl000226	12	2	15008	0.000133262
chrUn_gl000227	0	127524	128374	0.993379
chrUn_gl000227	1	850	128374	0.00662128
chrUn_gl000228	0	127111	129120	0.984441
chrUn_gl000228	1	1699	129120	0.0131583
chrUn_gl000228	2	231	129120	0.00178903
chrUn_gl000228	3	77	129120	0.000596344
chrUn_gl000228	4	2	129120	1.54895e-05
chrUn_gl000229	0	18852	19913	0.946718
chrUn_gl000229	1	972	19913	0.0488123
chrUn_gl000229	2	89	19913	0.00446944
chrUn_gl000230	0	43641	43691	0.998856
chrUn_gl000230	1	50	43691	0.0011444
chrUn_gl000231	0	26680	27386	0.97422
chrUn_gl000231	1	611	27386	0.0223107
chrUn_gl000231	2	55	27386	0.00200833
chrUn_gl000231	3	31	27386	0.00113197
chrUn_gl000231	4	9	27386	0.000328635
chrUn_gl000232	0	38852	40652	0.955722
chrUn_gl000232	1	1750	40652	0.0430483
chrUn_gl000232	2	50	40652	0.00122995
chrUn_gl000233	0	45891	45941	0.998912
chrUn_gl000233	1	50	45941	0.00108835
chrUn_gl000234	0	38840	40531	0.958279
chrUn_gl000234	1	1682	40531	0.0414991
chrUn_gl000234	2	9	40531	0.000222052
chrUn_gl000235	0	33325	34474	0.966671
chrUn_gl000235	1	1148	34474	0.0333005
chrUn_gl000235	2	1	34474	2.90074e-05
chrUn_gl000236	0	41534	41934	0.990461
chrUn_gl000236	1	400	41934	0.0095388
chrUn_gl000237	0	44317	45867	0.966207
chrUn_gl000237	1	1550	45867	0.0337934
chrUn_gl000238	0	39747	39939	0.995193
chrUn_gl000238	1	184	39939	0.00460703
chrUn_gl000238	2	8	39939	0.000200305
chrUn_gl000239	0	32713	33824	0.967153
chrUn_gl000239	1	1072	33824	0.0316935
chrUn_gl000239	2	39	33824	0.00115303
chrUn_gl000240	0	41308	41933	0.985095
chrUn_gl000240	1	600	41933	0.0143085
chrUn_gl000240	2	25	41933	0.000596189
chrUn_gl000241	0	40024	42152	0.949516
chrUn_gl000241	1	2106	42152	0.049962
chrUn_gl000241	2	22	42152	0.000521921
chrUn_gl000242	0	43123	43523	0.990809
chrUn_gl000242	1	400	43523	0.00919054
chrUn_gl000243	0	42420	43341	0.97875
chrUn_gl000243	1	842	43341	0.0194273
chrUn_gl000243	2	79	43341	0.00182275
chrUn_gl000244	0	39629	39929	0.992487
chrUn_gl000244	1	300	39929	0.00751334
chrUn_gl000245	0	35842	36651	0.977927
chrUn_gl000245	1	768	36651	0.0209544
chrUn_gl000245	2	41	36651	0.00111866
chrUn_gl000246	0	38004	38154	0.996069
chrUn_gl000246	1	150	38154	0.00393144
chrUn_gl000247	0	36272	36422	0.995882
chrUn_gl000247	1	150	36422	0.00411839
chrUn_gl000248	0	39586	39786	0.994973
chrUn_gl000248	1	200	39786	0.00502689
chrUn_gl000249	0	38352	38502	0.996104
chrUn_gl000249	1	150	38502	0.0038959
genome	0	3098203007	3137161264	0.987582
genome	1	38437682	3137161264	0.0122524
genome	2	394437	3137161264	0.000125731
genome	3	40239	3137161264	1.28266e-05
genome	4	24751	3137161264	7.88962e-06
genome	5	15549	3137161264	4.95639e-06
genome	6	11270	3137161264	3.59242e-06
genome	7	7766	3137161264	2.47549e-06
genome	8	5642	3137161264	1.79844e-06
genome	9	4424	3137161264	1.41019e-06
genome	10	3243	3137161264	1.03374e-06
genome	11	2507	3137161264	7.9913e-07
genome	12	1951	3137161264	6.219e-07
genome	13	1298	3137161264	4.1375e-07
genome	14	1024	3137161264	3.2641e-07
genome	15	762	3137161264	2.42895e-07
genome	16	652	3137161264	2.07831e-07
genome	17	517	3137161264	1.64799e-07
genome	18	379	3137161264	1.2081e-07
genome	19	323	3137161264	1.02959e-07
genome	20	333	3137161264	1.06147e-07
genome	21	251	3137161264	8.00086e-08
genome	22	298	3137161264	9.49903e-08
genome	23	275	3137161264	8.76589e-08
genome	24	243	3137161264	7.74586e-08
genome	25	221	3137161264	7.04459e-08
genome	26	181	3137161264	5.76955e-08
genome	27	170	3137161264	5.41891e-08
genome	28	210	3137161264	6.69395e-08
genome	29	143	3137161264	4.55826e-08
genome	30	170	3137161264	5.41891e-08
genome	31	157	3137161264	5.00452e-08
genome	32	156	3137161264	4.97265e-08
genome	33	156	3137161264	4.97265e-08
genome	34	134	3137161264	4.27138e-08
genome	35	107	3137161264	3.41073e-08
genome	36	67	3137161264	2.13569e-08
genome	37	66	3137161264	2.10381e-08
genome	38	77	3137161264	2.45445e-08
genome	39	55	3137161264	1.75318e-08
genome	40	45	3137161264	1.43442e-08
genome	41	25	3137161264	7.96899e-09
genome	42	28	3137161264	8.92527e-09
genome	43	35	3137161264	1.11566e-08
genome	44	42	3137161264	1.33879e-08
genome	45	36	3137161264	1.14753e-08
genome	46	30	3137161264	9.56279e-09
genome	47	25	3137161264	7.96899e-09
genome	48	24	3137161264	7.65023e-09
genome	49	11	3137161264	3.50635e-09
genome	50	10	3137161264	3.1876e-09
genome	51	9	3137161264	2.86884e-09
genome	52	8	3137161264	2.55008e-09
genome	53	4	3137161264	1.27504e-09
genome	54	9	3137161264	2.86884e-09
genome	55	12	3137161264	3.82511e-09
genome	56	9	3137161264	2.86884e-09
genome	57	3	3137161264	9.56279e-10
genome	58	2	3137161264	6.37519e-10
genome	59	4	3137161264	1.27504e-09
