chrM	0	735	16571	0.0443546
chrM	1	2242	16571	0.135297
chrM	2	3119	16571	0.18822
chrM	3	3194	16571	0.192746
chrM	4	2676	16571	0.161487
chrM	5	1814	16571	0.109468
chrM	6	1201	16571	0.072476
chrM	7	813	16571	0.0490616
chrM	8	445	16571	0.0268541
chrM	9	212	16571	0.0127934
chrM	10	79	16571	0.00476736
chrM	11	33	16571	0.00199143
chrM	12	8	16571	0.000482771
chr1	0	245328750	249250621	0.984265
chr1	1	3878344	249250621	0.01556
chr1	2	40396	249250621	0.00016207
chr1	3	1310	249250621	5.25575e-06
chr1	4	294	249250621	1.17954e-06
chr1	5	206	249250621	8.26477e-07
chr1	6	116	249250621	4.65395e-07
chr1	7	91	249250621	3.65094e-07
chr1	8	23	249250621	9.22766e-08
chr1	9	30	249250621	1.20361e-07
chr1	10	23	249250621	9.22766e-08
chr1	11	25	249250621	1.00301e-07
chr1	12	37	249250621	1.48445e-07
chr1	13	11	249250621	4.41323e-08
chr1	14	28	249250621	1.12337e-07
chr1	15	43	249250621	1.72517e-07
chr1	16	59	249250621	2.3671e-07
chr1	17	48	249250621	1.92577e-07
chr1	18	39	249250621	1.56469e-07
chr1	19	29	249250621	1.16349e-07
chr1	20	20	249250621	8.02405e-08
chr1	21	42	249250621	1.68505e-07
chr1	22	47	249250621	1.88565e-07
chr1	23	64	249250621	2.5677e-07
chr1	24	54	249250621	2.16649e-07
chr1	25	49	249250621	1.96589e-07
chr1	26	29	249250621	1.16349e-07
chr1	27	30	249250621	1.20361e-07
chr1	28	17	249250621	6.82044e-08
chr1	29	11	249250621	4.41323e-08
chr1	30	16	249250621	6.41924e-08
chr1	31	14	249250621	5.61684e-08
chr1	32	24	249250621	9.62886e-08
chr1	33	15	249250621	6.01804e-08
chr1	34	4	249250621	1.60481e-08
chr1	35	12	249250621	4.81443e-08
chr1	36	5	249250621	2.00601e-08
chr1	37	12	249250621	4.81443e-08
chr1	38	6	249250621	2.40722e-08
chr1	39	12	249250621	4.81443e-08
chr1	40	9	249250621	3.61082e-08
chr1	41	5	249250621	2.00601e-08
chr1	42	5	249250621	2.00601e-08
chr1	43	2	249250621	8.02405e-09
chr1	44	4	249250621	1.60481e-08
chr1	45	4	249250621	1.60481e-08
chr1	46	6	249250621	2.40722e-08
chr1	47	4	249250621	1.60481e-08
chr1	48	5	249250621	2.00601e-08
chr1	49	7	249250621	2.80842e-08
chr1	50	11	249250621	4.41323e-08
chr1	51	11	249250621	4.41323e-08
chr1	52	25	249250621	1.00301e-07
chr1	53	32	249250621	1.28385e-07
chr1	54	22	249250621	8.82646e-08
chr1	55	18	249250621	7.22165e-08
chr1	56	24	249250621	9.62886e-08
chr1	57	17	249250621	6.82044e-08
chr1	58	13	249250621	5.21563e-08
chr1	59	8	249250621	3.20962e-08
chr1	60	4	249250621	1.60481e-08
chr2	0	239160267	243199373	0.983392
chr2	1	3989344	243199373	0.0164036
chr2	2	40883	243199373	0.000168105
chr2	3	4177	243199373	1.71752e-05
chr2	4	2002	243199373	8.23193e-06
chr2	5	1070	243199373	4.39968e-06
chr2	6	590	243199373	2.42599e-06
chr2	7	369	243199373	1.51727e-06
chr2	8	218	243199373	8.96384e-07
chr2	9	145	243199373	5.96219e-07
chr2	10	69	243199373	2.83718e-07
chr2	11	61	243199373	2.50823e-07
chr2	12	77	243199373	3.16613e-07
chr2	13	25	243199373	1.02796e-07
chr2	14	24	243199373	9.86845e-08
chr2	15	22	243199373	9.04608e-08
chr2	16	18	243199373	7.40134e-08
chr2	17	5	243199373	2.05593e-08
chr2	18	3	243199373	1.23356e-08
chr2	19	4	243199373	1.64474e-08
chr3	0	195447088	198022430	0.986995
chr3	1	2557436	198022430	0.0129149
chr3	2	17678	198022430	8.92727e-05
chr3	3	67	198022430	3.38346e-07
chr3	4	46	198022430	2.32297e-07
chr3	5	2	198022430	1.00999e-08
chr3	6	3	198022430	1.51498e-08
chr3	7	1	198022430	5.04993e-09
chr3	8	2	198022430	1.00999e-08
chr3	9	2	198022430	1.00999e-08
chr3	10	4	198022430	2.01997e-08
chr3	11	6	198022430	3.02996e-08
chr3	12	1	198022430	5.04993e-09
chr3	13	1	198022430	5.04993e-09
chr3	14	2	198022430	1.00999e-08
chr3	15	1	198022430	5.04993e-09
chr3	16	1	198022430	5.04993e-09
chr3	17	3	198022430	1.51498e-08
chr3	18	1	198022430	5.04993e-09
chr3	19	2	198022430	1.00999e-08
chr3	20	4	198022430	2.01997e-08
chr3	21	3	198022430	1.51498e-08
chr3	22	2	198022430	1.00999e-08
chr3	23	5	198022430	2.52497e-08
chr3	24	2	198022430	1.00999e-08
chr3	25	2	198022430	1.00999e-08
chr3	26	3	198022430	1.51498e-08
chr3	27	3	198022430	1.51498e-08
chr3	28	1	198022430	5.04993e-09
chr3	29	3	198022430	1.51498e-08
chr3	30	2	198022430	1.00999e-08
chr3	31	3	198022430	1.51498e-08
chr3	32	3	198022430	1.51498e-08
chr3	33	2	198022430	1.00999e-08
chr3	34	3	198022430	1.51498e-08
chr3	35	1	198022430	5.04993e-09
chr3	36	3	198022430	1.51498e-08
chr3	37	4	198022430	2.01997e-08
chr3	38	2	198022430	1.00999e-08
chr3	39	8	198022430	4.03995e-08
chr3	40	8	198022430	4.03995e-08
chr3	41	7	198022430	3.53495e-08
chr3	42	7	198022430	3.53495e-08
chr3	43	2	198022430	1.00999e-08
chr4	0	189286878	191154276	0.990231
chr4	1	1848877	191154276	0.00967217
chr4	2	14894	191154276	7.79161e-05
chr4	3	1748	191154276	9.14445e-06
chr4	4	786	191154276	4.11186e-06
chr4	5	516	191154276	2.69939e-06
chr4	6	293	191154276	1.53279e-06
chr4	7	99	191154276	5.17906e-07
chr4	8	40	191154276	2.09255e-07
chr4	9	77	191154276	4.02816e-07
chr4	10	19	191154276	9.93962e-08
chr4	11	25	191154276	1.30784e-07
chr4	12	24	191154276	1.25553e-07
chr5	0	178808946	180915260	0.988357
chr5	1	2092039	180915260	0.0115636
chr5	2	13724	180915260	7.58587e-05
chr5	3	404	180915260	2.23309e-06
chr5	4	47	180915260	2.5979e-07
chr5	5	71	180915260	3.92449e-07
chr5	6	8	180915260	4.42196e-08
chr5	7	8	180915260	4.42196e-08
chr5	8	13	180915260	7.18568e-08
chr6	0	168834435	171115067	0.986672
chr6	1	2256841	171115067	0.013189
chr6	2	19850	171115067	0.000116004
chr6	3	533	171115067	3.11486e-06
chr6	4	439	171115067	2.56552e-06
chr6	5	405	171115067	2.36683e-06
chr6	6	391	171115067	2.28501e-06
chr6	7	494	171115067	2.88695e-06
chr6	8	394	171115067	2.30254e-06
chr6	9	349	171115067	2.03956e-06
chr6	10	246	171115067	1.43763e-06
chr6	11	207	171115067	1.20971e-06
chr6	12	193	171115067	1.1279e-06
chr6	13	163	171115067	9.52575e-07
chr6	14	76	171115067	4.44146e-07
chr6	15	32	171115067	1.87009e-07
chr6	16	8	171115067	4.67522e-08
chr6	17	10	171115067	5.84402e-08
chr6	18	1	171115067	5.84402e-09
chr7	0	157078909	159138663	0.987057
chr7	1	2040740	159138663	0.0128237
chr7	2	15178	159138663	9.53759e-05
chr7	3	782	159138663	4.91395e-06
chr7	4	435	159138663	2.73347e-06
chr7	5	288	159138663	1.80974e-06
chr7	6	364	159138663	2.28731e-06
chr7	7	285	159138663	1.79089e-06
chr7	8	195	159138663	1.22535e-06
chr7	9	121	159138663	7.60343e-07
chr7	10	142	159138663	8.92304e-07
chr7	11	108	159138663	6.78653e-07
chr7	12	113	159138663	7.10073e-07
chr7	13	113	159138663	7.10073e-07
chr7	14	62	159138663	3.89597e-07
chr7	15	84	159138663	5.27842e-07
chr7	16	51	159138663	3.20475e-07
chr7	17	67	159138663	4.21016e-07
chr7	18	72	159138663	4.52436e-07
chr7	19	60	159138663	3.7703e-07
chr7	20	46	159138663	2.89056e-07
chr7	21	57	159138663	3.58178e-07
chr7	22	78	159138663	4.90139e-07
chr7	23	73	159138663	4.58719e-07
chr7	24	35	159138663	2.19934e-07
chr7	25	39	159138663	2.45069e-07
chr7	26	30	159138663	1.88515e-07
chr7	27	31	159138663	1.94799e-07
chr7	28	26	159138663	1.6338e-07
chr7	29	25	159138663	1.57096e-07
chr7	30	32	159138663	2.01083e-07
chr7	31	16	159138663	1.00541e-07
chr7	32	3	159138663	1.88515e-08
chr7	33	3	159138663	1.88515e-08
chr8	0	144548917	146364022	0.987599
chr8	1	1793704	146364022	0.0122551
chr8	2	18603	146364022	0.000127101
chr8	3	1682	146364022	1.14919e-05
chr8	4	584	146364022	3.99005e-06
chr8	5	225	146364022	1.53726e-06
chr8	6	171	146364022	1.16832e-06
chr8	7	81	146364022	5.53415e-07
chr8	8	55	146364022	3.75775e-07
chr9	0	139808047	141213431	0.990048
chr9	1	1395660	141213431	0.00988334
chr9	2	9142	141213431	6.47389e-05
chr9	3	289	141213431	2.04655e-06
chr9	4	160	141213431	1.13304e-06
chr9	5	49	141213431	3.46992e-07
chr9	6	84	141213431	5.94844e-07
chr10	0	132808481	135534747	0.979885
chr10	1	2664520	135534747	0.0196593
chr10	2	47942	135534747	0.000353725
chr10	3	3072	135534747	2.26658e-05
chr10	4	1523	135534747	1.1237e-05
chr10	5	1027	135534747	7.57739e-06
chr10	6	906	135534747	6.68463e-06
chr10	7	715	135534747	5.2754e-06
chr10	8	573	135534747	4.2277e-06
chr10	9	543	135534747	4.00635e-06
chr10	10	416	135534747	3.06932e-06
chr10	11	412	135534747	3.03981e-06
chr10	12	332	135534747	2.44956e-06
chr10	13	350	135534747	2.58236e-06
chr10	14	306	135534747	2.25772e-06
chr10	15	302	135534747	2.22821e-06
chr10	16	361	135534747	2.66352e-06
chr10	17	205	135534747	1.51253e-06
chr10	18	187	135534747	1.37972e-06
chr10	19	127	135534747	9.37029e-07
chr10	20	163	135534747	1.20264e-06
chr10	21	197	135534747	1.4535e-06
chr10	22	155	135534747	1.14362e-06
chr10	23	107	135534747	7.89465e-07
chr10	24	124	135534747	9.14894e-07
chr10	25	161	135534747	1.18789e-06
chr10	26	125	135534747	9.22273e-07
chr10	27	134	135534747	9.88676e-07
chr10	28	150	135534747	1.10673e-06
chr10	29	131	135534747	9.66542e-07
chr10	30	111	135534747	8.18978e-07
chr10	31	105	135534747	7.74709e-07
chr10	32	87	135534747	6.41902e-07
chr10	33	88	135534747	6.4928e-07
chr10	34	95	135534747	7.00927e-07
chr10	35	68	135534747	5.01716e-07
chr10	36	58	135534747	4.27935e-07
chr10	37	52	135534747	3.83665e-07
chr10	38	31	135534747	2.28724e-07
chr10	39	28	135534747	2.06589e-07
chr10	40	27	135534747	1.99211e-07
chr10	41	40	135534747	2.95127e-07
chr10	42	36	135534747	2.65615e-07
chr10	43	30	135534747	2.21345e-07
chr10	44	47	135534747	3.46775e-07
chr10	45	36	135534747	2.65615e-07
chr10	46	22	135534747	1.6232e-07
chr10	47	13	135534747	9.59164e-08
chr10	48	9	135534747	6.64036e-08
chr10	49	9	135534747	6.64036e-08
chr10	50	5	135534747	3.68909e-08
chr10	51	2	135534747	1.47564e-08
chr10	52	1	135534747	7.37818e-09
chr11	0	132791639	135006516	0.983594
chr11	1	2191778	135006516	0.0162346
chr11	2	21257	135006516	0.000157452
chr11	3	575	135006516	4.25905e-06
chr11	4	350	135006516	2.59247e-06
chr11	5	314	135006516	2.32581e-06
chr11	6	204	135006516	1.51104e-06
chr11	7	104	135006516	7.70333e-07
chr11	8	103	135006516	7.62926e-07
chr11	9	81	135006516	5.99971e-07
chr11	10	26	135006516	1.92583e-07
chr11	11	33	135006516	2.44433e-07
chr11	12	7	135006516	5.18494e-08
chr11	13	1	135006516	7.40705e-09
chr11	14	3	135006516	2.22212e-08
chr11	15	2	135006516	1.48141e-08
chr11	16	5	135006516	3.70352e-08
chr11	17	4	135006516	2.96282e-08
chr11	18	1	135006516	7.40705e-09
chr11	19	3	135006516	2.22212e-08
chr11	20	13	135006516	9.62917e-08
chr11	21	5	135006516	3.70352e-08
chr11	22	6	135006516	4.44423e-08
chr11	23	2	135006516	1.48141e-08
chr12	0	132447968	133851895	0.989511
chr12	1	1396058	133851895	0.0104299
chr12	2	7639	133851895	5.70705e-05
chr12	3	137	133851895	1.02352e-06
chr12	4	20	133851895	1.49419e-07
chr12	5	15	133851895	1.12064e-07
chr12	6	58	133851895	4.33315e-07
chr13	0	114106174	115169878	0.990764
chr13	1	1057737	115169878	0.00918415
chr13	2	5918	115169878	5.1385e-05
chr13	3	19	115169878	1.64974e-07
chr13	4	30	115169878	2.60485e-07
chr14	0	106302995	107349540	0.990251
chr14	1	1039090	107349540	0.0096795
chr14	2	7455	107349540	6.9446e-05
chr15	0	101786735	102531392	0.992737
chr15	1	740621	102531392	0.00722336
chr15	2	4029	102531392	3.92953e-05
chr15	3	7	102531392	6.82718e-08
chr16	0	89559254	90354753	0.991196
chr16	1	763661	90354753	0.00845181
chr16	2	11909	90354753	0.000131803
chr16	3	5923	90354753	6.55527e-05
chr16	4	4809	90354753	5.32235e-05
chr16	5	3440	90354753	3.80722e-05
chr16	6	2087	90354753	2.30978e-05
chr16	7	1489	90354753	1.64795e-05
chr16	8	849	90354753	9.3963e-06
chr16	9	485	90354753	5.36773e-06
chr16	10	317	90354753	3.50839e-06
chr16	11	225	90354753	2.49018e-06
chr16	12	135	90354753	1.49411e-06
chr16	13	73	90354753	8.07927e-07
chr16	14	62	90354753	6.86184e-07
chr16	15	28	90354753	3.0989e-07
chr16	16	7	90354753	7.74724e-08
chr17	0	80104742	81195210	0.98657
chr17	1	1079394	81195210	0.0132938
chr17	2	10306	81195210	0.000126929
chr17	3	452	81195210	5.56683e-06
chr17	4	138	81195210	1.69961e-06
chr17	5	46	81195210	5.66536e-07
chr17	6	27	81195210	3.32532e-07
chr17	7	20	81195210	2.4632e-07
chr17	8	19	81195210	2.34004e-07
chr17	9	29	81195210	3.57164e-07
chr17	10	17	81195210	2.09372e-07
chr17	11	19	81195210	2.34004e-07
chr17	12	1	81195210	1.2316e-08
chr18	0	77074463	78077248	0.987157
chr18	1	992522	78077248	0.0127121
chr18	2	9055	78077248	0.000115975
chr18	3	557	78077248	7.13396e-06
chr18	4	210	78077248	2.68964e-06
chr18	5	127	78077248	1.62659e-06
chr18	6	57	78077248	7.30046e-07
chr18	7	107	78077248	1.37044e-06
chr18	8	59	78077248	7.55662e-07
chr18	9	63	78077248	8.06893e-07
chr18	10	1	78077248	1.28078e-08
chr18	11	9	78077248	1.1527e-07
chr18	12	1	78077248	1.28078e-08
chr18	13	17	78077248	2.17733e-07
chr19	0	58368236	59128983	0.987134
chr19	1	751474	59128983	0.0127091
chr19	2	6887	59128983	0.000116474
chr19	3	581	59128983	9.82598e-06
chr19	4	380	59128983	6.42663e-06
chr19	5	211	59128983	3.56847e-06
chr19	6	288	59128983	4.87071e-06
chr19	7	155	59128983	2.62139e-06
chr19	8	209	59128983	3.53465e-06
chr19	9	60	59128983	1.01473e-06
chr19	10	68	59128983	1.15003e-06
chr19	11	53	59128983	8.96346e-07
chr19	12	50	59128983	8.45609e-07
chr19	13	67	59128983	1.13312e-06
chr19	14	63	59128983	1.06547e-06
chr19	15	48	59128983	8.11785e-07
chr19	16	16	59128983	2.70595e-07
chr19	17	20	59128983	3.38244e-07
chr19	18	6	59128983	1.01473e-07
chr19	19	7	59128983	1.18385e-07
chr19	20	15	59128983	2.53683e-07
chr19	21	11	59128983	1.86034e-07
chr19	22	8	59128983	1.35297e-07
chr19	23	12	59128983	2.02946e-07
chr19	24	10	59128983	1.69122e-07
chr19	25	10	59128983	1.69122e-07
chr19	26	13	59128983	2.19858e-07
chr19	27	7	59128983	1.18385e-07
chr19	28	3	59128983	5.07365e-08
chr19	29	4	59128983	6.76487e-08
chr19	30	7	59128983	1.18385e-07
chr19	31	2	59128983	3.38244e-08
chr19	32	2	59128983	3.38244e-08
chr20	0	62203528	63025520	0.986958
chr20	1	815851	63025520	0.0129448
chr20	2	5988	63025520	9.50091e-05
chr20	3	60	63025520	9.51995e-07
chr20	4	72	63025520	1.14239e-06
chr20	5	21	63025520	3.33198e-07
chr21	0	47712339	48129895	0.991324
chr21	1	413671	48129895	0.00859489
chr21	2	3556	48129895	7.38834e-05
chr21	3	177	48129895	3.67755e-06
chr21	4	11	48129895	2.28548e-07
chr21	5	56	48129895	1.16352e-06
chr21	6	39	48129895	8.10307e-07
chr21	7	5	48129895	1.03886e-07
chr21	8	6	48129895	1.24663e-07
chr21	9	5	48129895	1.03886e-07
chr21	10	30	48129895	6.23313e-07
chr22	0	50978232	51304566	0.993639
chr22	1	324144	51304566	0.00631803
chr22	2	2036	51304566	3.96846e-05
chr22	3	46	51304566	8.96606e-07
chr22	4	44	51304566	8.57623e-07
chr22	5	4	51304566	7.79658e-08
chr22	7	3	51304566	5.84743e-08
chr22	8	4	51304566	7.79658e-08
chr22	9	2	51304566	3.89829e-08
chr22	10	1	51304566	1.94914e-08
chr22	11	1	51304566	1.94914e-08
chr22	12	2	51304566	3.89829e-08
chr22	13	4	51304566	7.79658e-08
chr22	14	3	51304566	5.84743e-08
chr22	16	4	51304566	7.79658e-08
chr22	17	2	51304566	3.89829e-08
chr22	18	4	51304566	7.79658e-08
chr22	19	3	51304566	5.84743e-08
chr22	20	4	51304566	7.79658e-08
chr22	21	23	51304566	4.48303e-07
chrX	0	153062989	155270560	0.985782
chrX	1	2173568	155270560	0.0139986
chrX	2	26193	155270560	0.000168693
chrX	3	4794	155270560	3.08751e-05
chrX	4	1635	155270560	1.053e-05
chrX	5	888	155270560	5.71905e-06
chrX	6	303	155270560	1.95143e-06
chrX	7	99	155270560	6.37597e-07
chrX	8	48	155270560	3.09138e-07
chrX	9	9	155270560	5.79633e-08
chrX	10	6	155270560	3.86422e-08
chrX	11	10	155270560	6.44037e-08
chrX	12	5	155270560	3.22019e-08
chrX	13	4	155270560	2.57615e-08
chrX	14	9	155270560	5.79633e-08
chrY	0	59307206	59373566	0.998882
chrY	1	63148	59373566	0.00106357
chrY	2	2091	59373566	3.52177e-05
chrY	3	534	59373566	8.9939e-06
chrY	4	317	59373566	5.33908e-06
chrY	5	101	59373566	1.70109e-06
chrY	6	104	59373566	1.75162e-06
chrY	7	10	59373566	1.68425e-07
chrY	8	44	59373566	7.4107e-07
chrY	9	11	59373566	1.85268e-07
chr1_gl000191_random	0	105783	106433	0.993893
chr1_gl000191_random	1	650	106433	0.00610713
chr1_gl000192_random	0	537045	547496	0.980911
chr1_gl000192_random	1	10202	547496	0.0186339
chr1_gl000192_random	2	249	547496	0.000454798
chr4_ctg9_hap1	0	588626	590426	0.996951
chr4_ctg9_hap1	1	1800	590426	0.00304865
chr4_gl000193_random	0	186813	189789	0.984319
chr4_gl000193_random	1	2926	189789	0.0154171
chr4_gl000193_random	2	26	189789	0.000136994
chr4_gl000193_random	3	24	189789	0.000126456
chr4_gl000194_random	0	186286	191469	0.97293
chr4_gl000194_random	1	5016	191469	0.0261975
chr4_gl000194_random	2	167	191469	0.000872204
chr6_apd_hap1	0	4617540	4622290	0.998972
chr6_apd_hap1	1	4750	4622290	0.00102763
chr6_cox_hap2	0	4784621	4795371	0.997758
chr6_cox_hap2	1	10750	4795371	0.00224175
chr6_dbb_hap3	0	4601896	4610396	0.998156
chr6_dbb_hap3	1	8500	4610396	0.00184366
chr6_mann_hap4	0	4674251	4683263	0.998076
chr6_mann_hap4	1	8974	4683263	0.00191619
chr6_mann_hap4	2	38	4683263	8.114e-06
chr6_mcf_hap5	0	4826348	4833398	0.998541
chr6_mcf_hap5	1	7050	4833398	0.0014586
chr6_qbl_hap6	0	4604134	4611984	0.998298
chr6_qbl_hap6	1	7850	4611984	0.00170209
chr6_ssto_hap7	0	4920017	4928567	0.998265
chr6_ssto_hap7	1	8550	4928567	0.00173478
chr7_gl000195_random	0	178906	182896	0.978184
chr7_gl000195_random	1	3880	182896	0.0212142
chr7_gl000195_random	2	110	182896	0.000601435
chr8_gl000196_random	0	38414	38914	0.987151
chr8_gl000196_random	1	500	38914	0.0128488
chr8_gl000197_random	0	37125	37175	0.998655
chr8_gl000197_random	1	50	37175	0.00134499
chr9_gl000198_random	0	87413	90085	0.970339
chr9_gl000198_random	1	2544	90085	0.02824
chr9_gl000198_random	2	128	90085	0.00142088
chr9_gl000199_random	0	144810	169874	0.852455
chr9_gl000199_random	1	20453	169874	0.120401
chr9_gl000199_random	2	3087	169874	0.0181723
chr9_gl000199_random	3	853	169874	0.00502137
chr9_gl000199_random	4	245	169874	0.00144225
chr9_gl000199_random	5	246	169874	0.00144813
chr9_gl000199_random	6	96	169874	0.000565125
chr9_gl000199_random	7	34	169874	0.000200148
chr9_gl000199_random	8	3	169874	1.76601e-05
chr9_gl000199_random	9	4	169874	2.35469e-05
chr9_gl000199_random	10	7	169874	4.1207e-05
chr9_gl000199_random	11	8	169874	4.70937e-05
chr9_gl000199_random	12	4	169874	2.35469e-05
chr9_gl000199_random	13	12	169874	7.06406e-05
chr9_gl000199_random	14	12	169874	7.06406e-05
chr9_gl000200_random	0	186035	187035	0.994653
chr9_gl000200_random	1	1000	187035	0.00534659
chr9_gl000201_random	0	36048	36148	0.997234
chr9_gl000201_random	1	100	36148	0.0027664
chr11_gl000202_random	0	39603	40103	0.987532
chr11_gl000202_random	1	500	40103	0.0124679
chr17_ctg5_hap1	0	1673778	1680828	0.995806
chr17_ctg5_hap1	1	7050	1680828	0.00419436
chr17_gl000203_random	0	36898	37498	0.983999
chr17_gl000203_random	1	600	37498	0.0160009
chr17_gl000204_random	0	79860	81310	0.982167
chr17_gl000204_random	1	1450	81310	0.017833
chr17_gl000205_random	0	170895	174588	0.978847
chr17_gl000205_random	1	3636	174588	0.0208262
chr17_gl000205_random	2	57	174588	0.000326483
chr17_gl000206_random	0	40651	41001	0.991464
chr17_gl000206_random	1	350	41001	0.00853638
chr18_gl000207_random	0	4162	4262	0.976537
chr18_gl000207_random	1	100	4262	0.0234632
chr19_gl000208_random	0	88371	92689	0.953414
chr19_gl000208_random	1	3675	92689	0.0396487
chr19_gl000208_random	2	514	92689	0.00554543
chr19_gl000208_random	3	33	92689	0.000356029
chr19_gl000208_random	4	34	92689	0.000366818
chr19_gl000208_random	5	60	92689	0.000647326
chr19_gl000208_random	6	2	92689	2.15775e-05
chr19_gl000209_random	0	157819	159169	0.991518
chr19_gl000209_random	1	1350	159169	0.00848155
chr21_gl000210_random	0	27582	27682	0.996388
chr21_gl000210_random	1	100	27682	0.00361246
chrUn_gl000211	0	163898	166566	0.983982
chrUn_gl000211	1	2636	166566	0.0158256
chrUn_gl000211	2	32	166566	0.000192116
chrUn_gl000212	0	183844	186858	0.98387
chrUn_gl000212	1	2828	186858	0.0151345
chrUn_gl000212	2	186	186858	0.000995408
chrUn_gl000213	0	163575	164239	0.995957
chrUn_gl000213	1	628	164239	0.0038237
chrUn_gl000213	2	36	164239	0.000219193
chrUn_gl000214	0	130834	137718	0.950014
chrUn_gl000214	1	6457	137718	0.0468857
chrUn_gl000214	2	388	137718	0.00281735
chrUn_gl000214	3	39	137718	0.000283187
chrUn_gl000215	0	171745	172545	0.995364
chrUn_gl000215	1	800	172545	0.00463647
chrUn_gl000216	0	163390	172294	0.948321
chrUn_gl000216	1	7292	172294	0.042323
chrUn_gl000216	2	1101	172294	0.00639024
chrUn_gl000216	3	236	172294	0.00136975
chrUn_gl000216	4	117	172294	0.000679072
chrUn_gl000216	5	45	172294	0.000261181
chrUn_gl000216	6	48	172294	0.000278594
chrUn_gl000216	7	53	172294	0.000307614
chrUn_gl000216	8	12	172294	6.96484e-05
chrUn_gl000217	0	167448	172149	0.972692
chrUn_gl000217	1	4602	172149	0.0267327
chrUn_gl000217	2	99	172149	0.000575083
chrUn_gl000218	0	157047	161147	0.974557
chrUn_gl000218	1	4100	161147	0.0254426
chrUn_gl000219	0	176059	179198	0.982483
chrUn_gl000219	1	3078	179198	0.0171765
chrUn_gl000219	2	61	179198	0.000340406
chrUn_gl000220	0	115026	161802	0.710906
chrUn_gl000220	1	18001	161802	0.111253
chrUn_gl000220	2	10447	161802	0.0645666
chrUn_gl000220	3	7084	161802	0.0437819
chrUn_gl000220	4	4416	161802	0.0272926
chrUn_gl000220	5	3163	161802	0.0195486
chrUn_gl000220	6	1866	161802	0.0115326
chrUn_gl000220	7	962	161802	0.00594554
chrUn_gl000220	8	514	161802	0.00317672
chrUn_gl000220	9	220	161802	0.00135969
chrUn_gl000220	10	81	161802	0.000500612
chrUn_gl000220	11	22	161802	0.000135969
chrUn_gl000221	0	151347	155397	0.973938
chrUn_gl000221	1	4050	155397	0.0260623
chrUn_gl000222	0	185611	186861	0.993311
chrUn_gl000222	1	1250	186861	0.00668946
chrUn_gl000223	0	179605	180455	0.99529
chrUn_gl000223	1	850	180455	0.00471032
chrUn_gl000224	0	175066	179693	0.974251
chrUn_gl000224	1	4218	179693	0.0234734
chrUn_gl000224	2	395	179693	0.00219819
chrUn_gl000224	3	14	179693	7.79107e-05
chrUn_gl000225	0	194818	211173	0.922552
chrUn_gl000225	1	14160	211173	0.067054
chrUn_gl000225	2	1863	211173	0.00882215
chrUn_gl000225	3	243	211173	0.00115072
chrUn_gl000225	4	22	211173	0.00010418
chrUn_gl000225	5	55	211173	0.00026045
chrUn_gl000225	6	12	211173	5.68254e-05
chrUn_gl000226	0	1306	15008	0.0870203
chrUn_gl000226	1	2020	15008	0.134595
chrUn_gl000226	2	2421	15008	0.161314
chrUn_gl000226	3	2538	15008	0.16911
chrUn_gl000226	4	2076	15008	0.138326
chrUn_gl000226	5	1554	15008	0.103545
chrUn_gl000226	6	1269	15008	0.0845549
chrUn_gl000226	7	856	15008	0.0570362
chrUn_gl000226	8	521	15008	0.0347148
chrUn_gl000226	9	283	15008	0.0188566
chrUn_gl000226	10	96	15008	0.00639659
chrUn_gl000226	11	47	15008	0.00313166
chrUn_gl000226	12	21	15008	0.00139925
chrUn_gl000227	0	127624	128374	0.994158
chrUn_gl000227	1	750	128374	0.0058423
chrUn_gl000228	0	127322	129120	0.986075
chrUn_gl000228	1	1578	129120	0.0122212
chrUn_gl000228	2	188	129120	0.00145601
chrUn_gl000228	3	32	129120	0.000247831
chrUn_gl000229	0	19380	19913	0.973234
chrUn_gl000229	1	516	19913	0.0259127
chrUn_gl000229	2	17	19913	0.000853714
chrUn_gl000230	0	43591	43691	0.997711
chrUn_gl000230	1	100	43691	0.0022888
chrUn_gl000231	0	26681	27386	0.974257
chrUn_gl000231	1	660	27386	0.0240999
chrUn_gl000231	2	45	27386	0.00164318
chrUn_gl000232	0	38912	40652	0.957198
chrUn_gl000232	1	1680	40652	0.0413264
chrUn_gl000232	2	60	40652	0.00147594
chrUn_gl000233	0	45691	45941	0.994558
chrUn_gl000233	1	250	45941	0.00544176
chrUn_gl000234	0	39101	40531	0.964718
chrUn_gl000234	1	1410	40531	0.0347882
chrUn_gl000234	2	20	40531	0.000493449
chrUn_gl000235	0	33574	34474	0.973893
chrUn_gl000235	1	900	34474	0.0261066
chrUn_gl000236	0	41684	41934	0.994038
chrUn_gl000236	1	250	41934	0.00596175
chrUn_gl000237	0	44351	45867	0.966948
chrUn_gl000237	1	1482	45867	0.0323108
chrUn_gl000237	2	34	45867	0.000741274
chrUn_gl000238	0	39639	39939	0.992489
chrUn_gl000238	1	300	39939	0.00751146
chrUn_gl000239	0	33175	33824	0.980812
chrUn_gl000239	1	648	33824	0.019158
chrUn_gl000239	2	1	33824	2.95648e-05
chrUn_gl000240	0	41301	41933	0.984928
chrUn_gl000240	1	564	41933	0.01345
chrUn_gl000240	2	68	41933	0.00162163
chrUn_gl000241	0	40426	42152	0.959053
chrUn_gl000241	1	1702	42152	0.0403777
chrUn_gl000241	2	24	42152	0.000569368
chrUn_gl000242	0	43373	43523	0.996554
chrUn_gl000242	1	150	43523	0.00344645
chrUn_gl000243	0	42205	43341	0.973789
chrUn_gl000243	1	1122	43341	0.0258877
chrUn_gl000243	2	14	43341	0.00032302
chrUn_gl000244	0	39629	39929	0.992487
chrUn_gl000244	1	300	39929	0.00751334
chrUn_gl000245	0	35756	36651	0.97558
chrUn_gl000245	1	890	36651	0.0242831
chrUn_gl000245	2	5	36651	0.000136422
chrUn_gl000246	0	37754	38154	0.989516
chrUn_gl000246	1	400	38154	0.0104838
chrUn_gl000247	0	36020	36422	0.988963
chrUn_gl000247	1	354	36422	0.0097194
chrUn_gl000247	2	48	36422	0.00131788
chrUn_gl000248	0	39536	39786	0.993716
chrUn_gl000248	1	250	39786	0.00628362
chrUn_gl000249	0	38252	38502	0.993507
chrUn_gl000249	1	250	38502	0.00649317
genome	0	3098115279	3137161264	0.987554
genome	1	38540296	3137161264	0.0122851
genome	2	387657	3137161264	0.000123569
genome	3	42216	3137161264	1.34568e-05
genome	4	23918	3137161264	7.62409e-06
genome	5	16019	3137161264	5.10621e-06
genome	6	10587	3137161264	3.37471e-06
genome	7	6853	3137161264	2.18446e-06
genome	8	4349	3137161264	1.38629e-06
genome	9	2731	3137161264	8.70532e-07
genome	10	1648	3137161264	5.25316e-07
genome	11	1304	3137161264	4.15662e-07
genome	12	1011	3137161264	3.22266e-07
genome	13	841	3137161264	2.68077e-07
genome	14	650	3137161264	2.07194e-07
genome	15	562	3137161264	1.79143e-07
genome	16	530	3137161264	1.68943e-07
genome	17	364	3137161264	1.16028e-07
genome	18	314	3137161264	1.0009e-07
genome	19	235	3137161264	7.49085e-08
genome	20	265	3137161264	8.44713e-08
genome	21	338	3137161264	1.07741e-07
genome	22	296	3137161264	9.43528e-08
genome	23	263	3137161264	8.38338e-08
genome	24	225	3137161264	7.17209e-08
genome	25	261	3137161264	8.31962e-08
genome	26	200	3137161264	6.37519e-08
genome	27	205	3137161264	6.53457e-08
genome	28	197	3137161264	6.27956e-08
genome	29	174	3137161264	5.54642e-08
genome	30	168	3137161264	5.35516e-08
genome	31	140	3137161264	4.46263e-08
genome	32	119	3137161264	3.79324e-08
genome	33	108	3137161264	3.4426e-08
genome	34	102	3137161264	3.25135e-08
genome	35	81	3137161264	2.58195e-08
genome	36	66	3137161264	2.10381e-08
genome	37	68	3137161264	2.16756e-08
genome	38	39	3137161264	1.24316e-08
genome	39	48	3137161264	1.53005e-08
genome	40	44	3137161264	1.40254e-08
genome	41	52	3137161264	1.65755e-08
genome	42	48	3137161264	1.53005e-08
genome	43	34	3137161264	1.08378e-08
genome	44	51	3137161264	1.62567e-08
genome	45	40	3137161264	1.27504e-08
genome	46	28	3137161264	8.92527e-09
genome	47	17	3137161264	5.41891e-09
genome	48	14	3137161264	4.46263e-09
genome	49	16	3137161264	5.10015e-09
genome	50	16	3137161264	5.10015e-09
genome	51	13	3137161264	4.14387e-09
genome	52	26	3137161264	8.28775e-09
genome	53	32	3137161264	1.02003e-08
genome	54	22	3137161264	7.01271e-09
genome	55	18	3137161264	5.73767e-09
genome	56	24	3137161264	7.65023e-09
genome	57	17	3137161264	5.41891e-09
genome	58	13	3137161264	4.14387e-09
genome	59	8	3137161264	2.55008e-09
genome	60	4	3137161264	1.27504e-09
