chrM	0	13980	16571	0.843643
chrM	1	2288	16571	0.138073
chrM	2	269	16571	0.0162332
chrM	3	12	16571	0.000724157
chrM	4	22	16571	0.00132762
chr1	0	245281803	249250621	0.984077
chr1	1	3924208	249250621	0.015744
chr1	2	42392	249250621	0.000170078
chr1	3	629	249250621	2.52356e-06
chr1	4	200	249250621	8.02405e-07
chr1	5	87	249250621	3.49046e-07
chr1	6	101	249250621	4.05215e-07
chr1	7	85	249250621	3.41022e-07
chr1	8	29	249250621	1.16349e-07
chr1	9	33	249250621	1.32397e-07
chr1	10	35	249250621	1.40421e-07
chr1	11	41	249250621	1.64493e-07
chr1	12	33	249250621	1.32397e-07
chr1	13	33	249250621	1.32397e-07
chr1	14	24	249250621	9.62886e-08
chr1	15	43	249250621	1.72517e-07
chr1	16	47	249250621	1.88565e-07
chr1	17	29	249250621	1.16349e-07
chr1	18	21	249250621	8.42525e-08
chr1	19	29	249250621	1.16349e-07
chr1	20	34	249250621	1.36409e-07
chr1	21	32	249250621	1.28385e-07
chr1	22	46	249250621	1.84553e-07
chr1	23	50	249250621	2.00601e-07
chr1	24	50	249250621	2.00601e-07
chr1	25	50	249250621	2.00601e-07
chr1	26	31	249250621	1.24373e-07
chr1	27	32	249250621	1.28385e-07
chr1	28	28	249250621	1.12337e-07
chr1	29	26	249250621	1.04313e-07
chr1	30	33	249250621	1.32397e-07
chr1	31	21	249250621	8.42525e-08
chr1	32	16	249250621	6.41924e-08
chr1	33	14	249250621	5.61684e-08
chr1	34	7	249250621	2.80842e-08
chr1	35	3	249250621	1.20361e-08
chr1	36	19	249250621	7.62285e-08
chr1	37	12	249250621	4.81443e-08
chr1	38	17	249250621	6.82044e-08
chr1	39	15	249250621	6.01804e-08
chr1	40	11	249250621	4.41323e-08
chr1	41	11	249250621	4.41323e-08
chr1	42	12	249250621	4.81443e-08
chr1	43	12	249250621	4.81443e-08
chr1	44	23	249250621	9.22766e-08
chr1	45	19	249250621	7.62285e-08
chr1	46	19	249250621	7.62285e-08
chr1	47	18	249250621	7.22165e-08
chr1	48	15	249250621	6.01804e-08
chr1	49	12	249250621	4.81443e-08
chr1	50	12	249250621	4.81443e-08
chr1	51	12	249250621	4.81443e-08
chr1	52	3	249250621	1.20361e-08
chr1	53	4	249250621	1.60481e-08
chr2	0	239477480	243199373	0.984696
chr2	1	3679125	243199373	0.015128
chr2	2	35961	243199373	0.000147866
chr2	3	2859	243199373	1.17558e-05
chr2	4	1479	243199373	6.08143e-06
chr2	5	962	243199373	3.9556e-06
chr2	6	443	243199373	1.82155e-06
chr2	7	437	243199373	1.79688e-06
chr2	8	189	243199373	7.7714e-07
chr2	9	108	243199373	4.4408e-07
chr2	10	47	243199373	1.93257e-07
chr2	11	97	243199373	3.9885e-07
chr2	12	72	243199373	2.96053e-07
chr2	13	24	243199373	9.86845e-08
chr2	14	20	243199373	8.22371e-08
chr2	15	10	243199373	4.11185e-08
chr2	16	10	243199373	4.11185e-08
chr2	17	30	243199373	1.23356e-07
chr2	18	3	243199373	1.23356e-08
chr2	19	8	243199373	3.28948e-08
chr2	20	9	243199373	3.70067e-08
chr3	0	195258377	198022430	0.986042
chr3	1	2742098	198022430	0.0138474
chr3	2	21690	198022430	0.000109533
chr3	3	151	198022430	7.6254e-07
chr3	4	2	198022430	1.00999e-08
chr3	5	2	198022430	1.00999e-08
chr3	6	3	198022430	1.51498e-08
chr3	7	5	198022430	2.52497e-08
chr3	8	2	198022430	1.00999e-08
chr3	9	2	198022430	1.00999e-08
chr3	10	3	198022430	1.51498e-08
chr3	11	2	198022430	1.00999e-08
chr3	12	2	198022430	1.00999e-08
chr3	13	4	198022430	2.01997e-08
chr3	14	2	198022430	1.00999e-08
chr3	15	3	198022430	1.51498e-08
chr3	16	5	198022430	2.52497e-08
chr3	17	4	198022430	2.01997e-08
chr3	18	3	198022430	1.51498e-08
chr3	19	3	198022430	1.51498e-08
chr3	20	3	198022430	1.51498e-08
chr3	21	3	198022430	1.51498e-08
chr3	22	3	198022430	1.51498e-08
chr3	23	1	198022430	5.04993e-09
chr3	24	1	198022430	5.04993e-09
chr3	25	4	198022430	2.01997e-08
chr3	26	2	198022430	1.00999e-08
chr3	27	2	198022430	1.00999e-08
chr3	28	4	198022430	2.01997e-08
chr3	29	1	198022430	5.04993e-09
chr3	30	1	198022430	5.04993e-09
chr3	31	3	198022430	1.51498e-08
chr3	32	3	198022430	1.51498e-08
chr3	33	3	198022430	1.51498e-08
chr3	34	4	198022430	2.01997e-08
chr3	35	6	198022430	3.02996e-08
chr3	36	5	198022430	2.52497e-08
chr3	37	8	198022430	4.03995e-08
chr3	38	9	198022430	4.54494e-08
chr3	39	1	198022430	5.04993e-09
chr4	0	189214574	191154276	0.989853
chr4	1	1920797	191154276	0.0100484
chr4	2	15066	191154276	7.88159e-05
chr4	3	2348	191154276	1.22833e-05
chr4	4	794	191154276	4.15371e-06
chr4	5	415	191154276	2.17102e-06
chr4	6	136	191154276	7.11467e-07
chr4	7	72	191154276	3.76659e-07
chr4	8	60	191154276	3.13883e-07
chr4	9	14	191154276	7.32393e-08
chr5	0	178914413	180915260	0.98894
chr5	1	1989699	180915260	0.010998
chr5	2	11043	180915260	6.10396e-05
chr5	3	105	180915260	5.80382e-07
chr6	0	169353865	171115067	0.989708
chr6	1	1745683	171115067	0.0102018
chr6	2	11714	171115067	6.84569e-05
chr6	3	601	171115067	3.51226e-06
chr6	4	540	171115067	3.15577e-06
chr6	5	648	171115067	3.78693e-06
chr6	6	525	171115067	3.06811e-06
chr6	7	512	171115067	2.99214e-06
chr6	8	399	171115067	2.33176e-06
chr6	9	253	171115067	1.47854e-06
chr6	10	147	171115067	8.59071e-07
chr6	11	71	171115067	4.14925e-07
chr6	12	35	171115067	2.04541e-07
chr6	13	20	171115067	1.1688e-07
chr6	14	24	171115067	1.40256e-07
chr6	15	16	171115067	9.35043e-08
chr6	16	12	171115067	7.01282e-08
chr6	17	2	171115067	1.1688e-08
chr7	0	157121339	159138663	0.987324
chr7	1	1998991	159138663	0.0125613
chr7	2	14410	159138663	9.055e-05
chr7	3	735	159138663	4.61861e-06
chr7	4	524	159138663	3.29273e-06
chr7	5	549	159138663	3.44982e-06
chr7	6	342	159138663	2.14907e-06
chr7	7	137	159138663	8.60884e-07
chr7	8	190	159138663	1.19393e-06
chr7	9	137	159138663	8.60884e-07
chr7	10	154	159138663	9.6771e-07
chr7	11	101	159138663	6.34667e-07
chr7	12	105	159138663	6.59802e-07
chr7	13	108	159138663	6.78653e-07
chr7	14	103	159138663	6.47234e-07
chr7	15	128	159138663	8.0433e-07
chr7	16	101	159138663	6.34667e-07
chr7	17	75	159138663	4.71287e-07
chr7	18	59	159138663	3.70746e-07
chr7	19	77	159138663	4.83855e-07
chr7	20	55	159138663	3.45611e-07
chr7	21	52	159138663	3.26759e-07
chr7	22	51	159138663	3.20475e-07
chr7	23	39	159138663	2.45069e-07
chr7	24	22	159138663	1.38244e-07
chr7	25	15	159138663	9.42574e-08
chr7	26	8	159138663	5.02706e-08
chr7	27	23	159138663	1.44528e-07
chr7	28	21	159138663	1.3196e-07
chr7	29	6	159138663	3.7703e-08
chr7	30	5	159138663	3.14191e-08
chr7	31	1	159138663	6.28383e-09
chr8	0	144399817	146364022	0.98658
chr8	1	1941244	146364022	0.0132631
chr8	2	20442	146364022	0.000139665
chr8	3	1423	146364022	9.72233e-06
chr8	4	577	146364022	3.94223e-06
chr8	5	172	146364022	1.17515e-06
chr8	6	180	146364022	1.22981e-06
chr8	7	131	146364022	8.95029e-07
chr8	8	36	146364022	2.45962e-07
chr9	0	139746319	141213431	0.989611
chr9	1	1455547	141213431	0.0103074
chr9	2	11033	141213431	7.813e-05
chr9	3	276	141213431	1.95449e-06
chr9	4	119	141213431	8.42696e-07
chr9	5	80	141213431	5.66518e-07
chr9	6	27	141213431	1.912e-07
chr9	7	19	141213431	1.34548e-07
chr9	8	11	141213431	7.78963e-08
chr10	0	132741129	135534747	0.979388
chr10	1	2730234	135534747	0.0201442
chr10	2	48768	135534747	0.000359819
chr10	3	3625	135534747	2.67459e-05
chr10	4	1487	135534747	1.09714e-05
chr10	5	1306	135534747	9.63591e-06
chr10	6	1130	135534747	8.33735e-06
chr10	7	793	135534747	5.8509e-06
chr10	8	549	135534747	4.05062e-06
chr10	9	398	135534747	2.93652e-06
chr10	10	409	135534747	3.01768e-06
chr10	11	359	135534747	2.64877e-06
chr10	12	352	135534747	2.59712e-06
chr10	13	348	135534747	2.56761e-06
chr10	14	320	135534747	2.36102e-06
chr10	15	311	135534747	2.29461e-06
chr10	16	265	135534747	1.95522e-06
chr10	17	226	135534747	1.66747e-06
chr10	18	202	135534747	1.49039e-06
chr10	19	234	135534747	1.72649e-06
chr10	20	197	135534747	1.4535e-06
chr10	21	212	135534747	1.56417e-06
chr10	22	170	135534747	1.25429e-06
chr10	23	156	135534747	1.151e-06
chr10	24	127	135534747	9.37029e-07
chr10	25	146	135534747	1.07721e-06
chr10	26	149	135534747	1.09935e-06
chr10	27	108	135534747	7.96844e-07
chr10	28	106	135534747	7.82087e-07
chr10	29	67	135534747	4.94338e-07
chr10	30	124	135534747	9.14894e-07
chr10	31	75	135534747	5.53364e-07
chr10	32	89	135534747	6.56658e-07
chr10	33	67	135534747	4.94338e-07
chr10	34	54	135534747	3.98422e-07
chr10	35	71	135534747	5.23851e-07
chr10	36	58	135534747	4.27935e-07
chr10	37	62	135534747	4.57447e-07
chr10	38	47	135534747	3.46775e-07
chr10	39	44	135534747	3.2464e-07
chr10	40	41	135534747	3.02505e-07
chr10	41	25	135534747	1.84455e-07
chr10	42	27	135534747	1.99211e-07
chr10	43	15	135534747	1.10673e-07
chr10	44	13	135534747	9.59164e-08
chr10	45	9	135534747	6.64036e-08
chr10	46	7	135534747	5.16473e-08
chr10	47	12	135534747	8.85382e-08
chr10	48	6	135534747	4.42691e-08
chr10	49	6	135534747	4.42691e-08
chr10	50	6	135534747	4.42691e-08
chr10	51	3	135534747	2.21345e-08
chr10	52	3	135534747	2.21345e-08
chr11	0	132864317	135006516	0.984133
chr11	1	2120754	135006516	0.0157085
chr11	2	19855	135006516	0.000147067
chr11	3	573	135006516	4.24424e-06
chr11	4	268	135006516	1.98509e-06
chr11	5	231	135006516	1.71103e-06
chr11	6	153	135006516	1.13328e-06
chr11	7	137	135006516	1.01477e-06
chr11	8	54	135006516	3.99981e-07
chr11	9	57	135006516	4.22202e-07
chr11	10	22	135006516	1.62955e-07
chr11	11	19	135006516	1.40734e-07
chr11	12	14	135006516	1.03699e-07
chr11	13	15	135006516	1.11106e-07
chr11	14	8	135006516	5.92564e-08
chr11	15	5	135006516	3.70352e-08
chr11	16	5	135006516	3.70352e-08
chr11	17	15	135006516	1.11106e-07
chr11	18	12	135006516	8.88846e-08
chr11	19	2	135006516	1.48141e-08
chr12	0	131812363	133851895	0.984763
chr12	1	2022685	133851895	0.0151114
chr12	2	16596	133851895	0.000123988
chr12	3	231	133851895	1.72579e-06
chr12	4	20	133851895	1.49419e-07
chr13	0	114189360	115169878	0.991486
chr13	1	975495	115169878	0.00847005
chr13	2	5014	115169878	4.35357e-05
chr13	3	9	115169878	7.81454e-08
chr14	0	106304658	107349540	0.990267
chr14	1	1037465	107349540	0.00966436
chr14	2	7316	107349540	6.81512e-05
chr14	3	101	107349540	9.40852e-07
chr15	0	101667464	102531392	0.991574
chr15	1	859706	102531392	0.00838481
chr15	2	4222	102531392	4.11776e-05
chr16	0	89536677	90354753	0.990946
chr16	1	786430	90354753	0.0087038
chr16	2	11088	90354753	0.000122716
chr16	3	5681	90354753	6.28744e-05
chr16	4	4672	90354753	5.17073e-05
chr16	5	3419	90354753	3.78397e-05
chr16	6	2478	90354753	2.74252e-05
chr16	7	1789	90354753	1.97997e-05
chr16	8	1003	90354753	1.11007e-05
chr16	9	612	90354753	6.7733e-06
chr16	10	395	90354753	4.37166e-06
chr16	11	193	90354753	2.13602e-06
chr16	12	123	90354753	1.3613e-06
chr16	13	98	90354753	1.08461e-06
chr16	14	65	90354753	7.19387e-07
chr16	15	20	90354753	2.2135e-07
chr16	16	8	90354753	8.85399e-08
chr16	17	2	90354753	2.2135e-08
chr17	0	80183794	81195210	0.987543
chr17	1	1001474	81195210	0.0123342
chr17	2	9287	81195210	0.000114379
chr17	3	274	81195210	3.37458e-06
chr17	4	189	81195210	2.32772e-06
chr17	5	60	81195210	7.3896e-07
chr17	6	28	81195210	3.44848e-07
chr17	7	10	81195210	1.2316e-07
chr17	8	15	81195210	1.8474e-07
chr17	9	7	81195210	8.6212e-08
chr17	10	14	81195210	1.72424e-07
chr17	11	38	81195210	4.68008e-07
chr17	12	15	81195210	1.8474e-07
chr17	13	5	81195210	6.158e-08
chr18	0	77059390	78077248	0.986963
chr18	1	1008250	78077248	0.0129135
chr18	2	8546	78077248	0.000109456
chr18	3	383	78077248	4.9054e-06
chr18	4	298	78077248	3.81673e-06
chr18	5	217	78077248	2.7793e-06
chr18	6	56	78077248	7.17238e-07
chr18	7	19	78077248	2.43349e-07
chr18	8	28	78077248	3.58619e-07
chr18	9	24	78077248	3.07388e-07
chr18	10	15	78077248	1.92117e-07
chr18	11	3	78077248	3.84235e-08
chr18	12	7	78077248	8.96548e-08
chr18	13	12	78077248	1.53694e-07
chr19	0	58397959	59128983	0.987637
chr19	1	723647	59128983	0.0122384
chr19	2	5213	59128983	8.81632e-05
chr19	3	618	59128983	1.04517e-05
chr19	4	237	59128983	4.00819e-06
chr19	5	282	59128983	4.76923e-06
chr19	6	225	59128983	3.80524e-06
chr19	7	102	59128983	1.72504e-06
chr19	8	101	59128983	1.70813e-06
chr19	9	161	59128983	2.72286e-06
chr19	10	45	59128983	7.61048e-07
chr19	11	56	59128983	9.47082e-07
chr19	12	39	59128983	6.59575e-07
chr19	13	29	59128983	4.90453e-07
chr19	14	39	59128983	6.59575e-07
chr19	15	38	59128983	6.42663e-07
chr19	16	62	59128983	1.04856e-06
chr19	17	27	59128983	4.56629e-07
chr19	18	9	59128983	1.5221e-07
chr19	19	11	59128983	1.86034e-07
chr19	20	2	59128983	3.38244e-08
chr19	21	9	59128983	1.5221e-07
chr19	22	8	59128983	1.35297e-07
chr19	23	11	59128983	1.86034e-07
chr19	24	3	59128983	5.07365e-08
chr19	25	4	59128983	6.76487e-08
chr19	26	5	59128983	8.45609e-08
chr19	27	22	59128983	3.72068e-07
chr19	28	10	59128983	1.69122e-07
chr19	29	9	59128983	1.5221e-07
chr20	0	62238605	63025520	0.987514
chr20	1	780500	63025520	0.0123839
chr20	2	6227	63025520	9.88012e-05
chr20	3	144	63025520	2.28479e-06
chr20	4	6	63025520	9.51995e-08
chr20	5	38	63025520	6.0293e-07
chr21	0	47730744	48129895	0.991707
chr21	1	395666	48129895	0.00822079
chr21	2	2941	48129895	6.11055e-05
chr21	3	251	48129895	5.21505e-06
chr21	4	101	48129895	2.09849e-06
chr21	5	94	48129895	1.95305e-06
chr21	6	38	48129895	7.8953e-07
chr21	7	4	48129895	8.31084e-08
chr21	8	12	48129895	2.49325e-07
chr21	9	9	48129895	1.86994e-07
chr21	10	3	48129895	6.23313e-08
chr21	11	2	48129895	4.15542e-08
chr21	12	13	48129895	2.70102e-07
chr21	13	8	48129895	1.66217e-07
chr21	14	5	48129895	1.03886e-07
chr21	15	4	48129895	8.31084e-08
chr22	0	51000083	51304566	0.994065
chr22	1	302756	51304566	0.00590115
chr22	2	1562	51304566	3.04456e-05
chr22	3	61	51304566	1.18898e-06
chr22	4	5	51304566	9.74572e-08
chr22	5	42	51304566	8.18641e-07
chr22	6	2	51304566	3.89829e-08
chr22	7	2	51304566	3.89829e-08
chr22	9	3	51304566	5.84743e-08
chr22	11	3	51304566	5.84743e-08
chr22	13	2	51304566	3.89829e-08
chr22	14	2	51304566	3.89829e-08
chr22	15	2	51304566	3.89829e-08
chr22	16	2	51304566	3.89829e-08
chr22	17	1	51304566	1.94914e-08
chr22	18	2	51304566	3.89829e-08
chr22	19	18	51304566	3.50846e-07
chr22	20	18	51304566	3.50846e-07
chrX	0	153025900	155270560	0.985544
chrX	1	2210523	155270560	0.0142366
chrX	2	26708	155270560	0.000172009
chrX	3	4423	155270560	2.84858e-05
chrX	4	1793	155270560	1.15476e-05
chrX	5	708	155270560	4.55978e-06
chrX	6	280	155270560	1.8033e-06
chrX	7	74	155270560	4.76587e-07
chrX	8	56	155270560	3.60661e-07
chrX	9	44	155270560	2.83376e-07
chrX	10	27	155270560	1.7389e-07
chrX	11	20	155270560	1.28807e-07
chrX	12	4	155270560	2.57615e-08
chrY	0	59304024	59373566	0.998829
chrY	1	66409	59373566	0.00111849
chrY	2	2038	59373566	3.4325e-05
chrY	3	449	59373566	7.56229e-06
chrY	4	206	59373566	3.46956e-06
chrY	5	218	59373566	3.67167e-06
chrY	6	36	59373566	6.0633e-07
chrY	7	88	59373566	1.48214e-06
chrY	8	29	59373566	4.88433e-07
chrY	9	25	59373566	4.21063e-07
chrY	10	4	59373566	6.737e-08
chrY	11	6	59373566	1.01055e-07
chrY	12	4	59373566	6.737e-08
chrY	13	9	59373566	1.51583e-07
chrY	14	21	59373566	3.53693e-07
chr1_gl000191_random	0	105783	106433	0.993893
chr1_gl000191_random	1	650	106433	0.00610713
chr1_gl000192_random	0	534968	547496	0.977118
chr1_gl000192_random	1	12306	547496	0.0224769
chr1_gl000192_random	2	222	547496	0.000405482
chr4_ctg9_hap1	0	588876	590426	0.997375
chr4_ctg9_hap1	1	1550	590426	0.00262522
chr4_gl000193_random	0	186758	189789	0.98403
chr4_gl000193_random	1	3012	189789	0.0158703
chr4_gl000193_random	2	19	189789	0.000100111
chr4_gl000194_random	0	185850	191469	0.970653
chr4_gl000194_random	1	5588	191469	0.0291849
chr4_gl000194_random	2	31	191469	0.000161906
chr6_apd_hap1	0	4618821	4622290	0.99925
chr6_apd_hap1	1	3438	4622290	0.000743787
chr6_apd_hap1	2	31	4622290	6.70663e-06
chr6_cox_hap2	0	4785821	4795371	0.998008
chr6_cox_hap2	1	9550	4795371	0.0019915
chr6_dbb_hap3	0	4602946	4610396	0.998384
chr6_dbb_hap3	1	7450	4610396	0.00161591
chr6_mann_hap4	0	4676797	4683263	0.998619
chr6_mann_hap4	1	6382	4683263	0.00136273
chr6_mann_hap4	2	84	4683263	1.79362e-05
chr6_mcf_hap5	0	4826848	4833398	0.998645
chr6_mcf_hap5	1	6550	4833398	0.00135515
chr6_qbl_hap6	0	4604784	4611984	0.998439
chr6_qbl_hap6	1	7200	4611984	0.00156115
chr6_ssto_hap7	0	4921067	4928567	0.998478
chr6_ssto_hap7	1	7500	4928567	0.00152174
chr7_gl000195_random	0	179406	182896	0.980918
chr7_gl000195_random	1	3430	182896	0.0187538
chr7_gl000195_random	2	60	182896	0.000328055
chr8_gl000196_random	0	38514	38914	0.989721
chr8_gl000196_random	1	400	38914	0.0102791
chr8_gl000197_random	0	36975	37175	0.99462
chr8_gl000197_random	1	200	37175	0.00537996
chr9_gl000198_random	0	87511	90085	0.971427
chr9_gl000198_random	1	2448	90085	0.0271743
chr9_gl000198_random	2	126	90085	0.00139868
chr9_gl000199_random	0	145254	169874	0.855069
chr9_gl000199_random	1	20495	169874	0.120648
chr9_gl000199_random	2	3092	169874	0.0182017
chr9_gl000199_random	3	502	169874	0.00295513
chr9_gl000199_random	4	193	169874	0.00113614
chr9_gl000199_random	5	118	169874	0.000694632
chr9_gl000199_random	6	87	169874	0.000512144
chr9_gl000199_random	7	23	169874	0.000135394
chr9_gl000199_random	8	63	169874	0.000370863
chr9_gl000199_random	9	2	169874	1.17734e-05
chr9_gl000199_random	10	5	169874	2.94336e-05
chr9_gl000199_random	11	6	169874	3.53203e-05
chr9_gl000199_random	12	10	169874	5.88672e-05
chr9_gl000199_random	13	24	169874	0.000141281
chr9_gl000200_random	0	185735	187035	0.993049
chr9_gl000200_random	1	1300	187035	0.00695057
chr11_gl000202_random	0	39903	40103	0.995013
chr11_gl000202_random	1	200	40103	0.00498716
chr17_ctg5_hap1	0	1673101	1680828	0.995403
chr17_ctg5_hap1	1	7704	1680828	0.00458346
chr17_ctg5_hap1	2	23	1680828	1.36837e-05
chr17_gl000203_random	0	37141	37498	0.990479
chr17_gl000203_random	1	314	37498	0.00837378
chr17_gl000203_random	2	43	37498	0.00114673
chr17_gl000204_random	0	80160	81310	0.985857
chr17_gl000204_random	1	1150	81310	0.0141434
chr17_gl000205_random	0	170273	174588	0.975285
chr17_gl000205_random	1	4230	174588	0.0242285
chr17_gl000205_random	2	85	174588	0.00048686
chr17_gl000206_random	0	40651	41001	0.991464
chr17_gl000206_random	1	350	41001	0.00853638
chr18_gl000207_random	0	4212	4262	0.988268
chr18_gl000207_random	1	50	4262	0.0117316
chr19_gl000208_random	0	87609	92689	0.945193
chr19_gl000208_random	1	4225	92689	0.0455825
chr19_gl000208_random	2	694	92689	0.0074874
chr19_gl000208_random	3	157	92689	0.00169384
chr19_gl000208_random	4	4	92689	4.31551e-05
chr19_gl000209_random	0	158269	159169	0.994346
chr19_gl000209_random	1	900	159169	0.00565437
chr21_gl000210_random	0	27632	27682	0.998194
chr21_gl000210_random	1	50	27682	0.00180623
chrUn_gl000211	0	164035	166566	0.984805
chrUn_gl000211	1	2462	166566	0.0147809
chrUn_gl000211	2	69	166566	0.00041425
chrUn_gl000212	0	184144	186858	0.985476
chrUn_gl000212	1	2644	186858	0.0141498
chrUn_gl000212	2	29	186858	0.000155198
chrUn_gl000212	3	16	186858	8.56265e-05
chrUn_gl000212	4	25	186858	0.000133791
chrUn_gl000213	0	163289	164239	0.994216
chrUn_gl000213	1	950	164239	0.00578425
chrUn_gl000214	0	129333	137718	0.939115
chrUn_gl000214	1	7676	137718	0.0557371
chrUn_gl000214	2	653	137718	0.00474157
chrUn_gl000214	3	56	137718	0.000406628
chrUn_gl000215	0	171595	172545	0.994494
chrUn_gl000215	1	950	172545	0.00550581
chrUn_gl000216	0	162486	172294	0.943074
chrUn_gl000216	1	8184	172294	0.0475002
chrUn_gl000216	2	1083	172294	0.00628577
chrUn_gl000216	3	311	172294	0.00180505
chrUn_gl000216	4	102	172294	0.000592011
chrUn_gl000216	5	89	172294	0.000516559
chrUn_gl000216	6	9	172294	5.22363e-05
chrUn_gl000216	7	30	172294	0.000174121
chrUn_gl000217	0	167065	172149	0.970467
chrUn_gl000217	1	5018	172149	0.0291492
chrUn_gl000217	2	66	172149	0.000383389
chrUn_gl000218	0	157778	161147	0.979094
chrUn_gl000218	1	3127	161147	0.0194046
chrUn_gl000218	2	203	161147	0.00125972
chrUn_gl000218	3	39	161147	0.000242015
chrUn_gl000219	0	175864	179198	0.981395
chrUn_gl000219	1	3268	179198	0.0182368
chrUn_gl000219	2	66	179198	0.000368308
chrUn_gl000220	0	116331	161802	0.718971
chrUn_gl000220	1	17572	161802	0.108602
chrUn_gl000220	2	10096	161802	0.0623973
chrUn_gl000220	3	7454	161802	0.0460687
chrUn_gl000220	4	4571	161802	0.0282506
chrUn_gl000220	5	2879	161802	0.0177934
chrUn_gl000220	6	1570	161802	0.00970322
chrUn_gl000220	7	651	161802	0.00402344
chrUn_gl000220	8	343	161802	0.00211987
chrUn_gl000220	9	190	161802	0.00117427
chrUn_gl000220	10	92	161802	0.000568596
chrUn_gl000220	11	42	161802	0.000259577
chrUn_gl000220	12	11	161802	6.79843e-05
chrUn_gl000221	0	151497	155397	0.974903
chrUn_gl000221	1	3900	155397	0.025097
chrUn_gl000222	0	185734	186861	0.993969
chrUn_gl000222	1	1104	186861	0.00590813
chrUn_gl000222	2	23	186861	0.000123086
chrUn_gl000223	0	178955	180455	0.991688
chrUn_gl000223	1	1500	180455	0.00831232
chrUn_gl000224	0	175010	179693	0.973939
chrUn_gl000224	1	4094	179693	0.0227833
chrUn_gl000224	2	481	179693	0.00267679
chrUn_gl000224	3	88	179693	0.000489724
chrUn_gl000224	4	20	179693	0.000111301
chrUn_gl000225	0	193812	211173	0.917788
chrUn_gl000225	1	15105	211173	0.071529
chrUn_gl000225	2	1875	211173	0.00887898
chrUn_gl000225	3	275	211173	0.00130225
chrUn_gl000225	4	54	211173	0.000255715
chrUn_gl000225	5	8	211173	3.78836e-05
chrUn_gl000225	6	44	211173	0.00020836
chrUn_gl000226	0	1701	15008	0.11334
chrUn_gl000226	1	2224	15008	0.148188
chrUn_gl000226	2	2782	15008	0.185368
chrUn_gl000226	3	2554	15008	0.170176
chrUn_gl000226	4	2124	15008	0.141525
chrUn_gl000226	5	1565	15008	0.104278
chrUn_gl000226	6	888	15008	0.0591684
chrUn_gl000226	7	582	15008	0.0387793
chrUn_gl000226	8	302	15008	0.0201226
chrUn_gl000226	9	175	15008	0.0116604
chrUn_gl000226	10	70	15008	0.00466418
chrUn_gl000226	11	13	15008	0.000866205
chrUn_gl000226	12	8	15008	0.000533049
chrUn_gl000226	13	2	15008	0.000133262
chrUn_gl000226	14	3	15008	0.000199893
chrUn_gl000226	15	11	15008	0.000732942
chrUn_gl000226	16	4	15008	0.000266525
chrUn_gl000227	0	127524	128374	0.993379
chrUn_gl000227	1	850	128374	0.00662128
chrUn_gl000228	0	127456	129120	0.987113
chrUn_gl000228	1	1439	129120	0.0111447
chrUn_gl000228	2	214	129120	0.00165737
chrUn_gl000228	3	11	129120	8.51921e-05
chrUn_gl000229	0	19328	19913	0.970622
chrUn_gl000229	1	520	19913	0.0261136
chrUn_gl000229	2	65	19913	0.0032642
chrUn_gl000230	0	43341	43691	0.991989
chrUn_gl000230	1	350	43691	0.0080108
chrUn_gl000231	0	26286	27386	0.959834
chrUn_gl000231	1	1100	27386	0.0401665
chrUn_gl000232	0	39314	40652	0.967086
chrUn_gl000232	1	1326	40652	0.0326183
chrUn_gl000232	2	12	40652	0.000295188
chrUn_gl000233	0	45579	45941	0.99212
chrUn_gl000233	1	324	45941	0.00705252
chrUn_gl000233	2	38	45941	0.000827148
chrUn_gl000234	0	39014	40531	0.962572
chrUn_gl000234	1	1484	40531	0.0366139
chrUn_gl000234	2	33	40531	0.000814192
chrUn_gl000235	0	33674	34474	0.976794
chrUn_gl000235	1	800	34474	0.0232059
chrUn_gl000236	0	41434	41934	0.988077
chrUn_gl000236	1	500	41934	0.0119235
chrUn_gl000237	0	44223	45867	0.964157
chrUn_gl000237	1	1588	45867	0.0346218
chrUn_gl000237	2	56	45867	0.00122092
chrUn_gl000238	0	39789	39939	0.996244
chrUn_gl000238	1	150	39939	0.00375573
chrUn_gl000239	0	32774	33824	0.968957
chrUn_gl000239	1	1050	33824	0.031043
chrUn_gl000240	0	41633	41933	0.992846
chrUn_gl000240	1	300	41933	0.00715427
chrUn_gl000241	0	40019	42152	0.949397
chrUn_gl000241	1	2116	42152	0.0501993
chrUn_gl000241	2	17	42152	0.000403302
chrUn_gl000242	0	43323	43523	0.995405
chrUn_gl000242	1	200	43523	0.00459527
chrUn_gl000243	0	42530	43341	0.981288
chrUn_gl000243	1	772	43341	0.0178122
chrUn_gl000243	2	39	43341	0.000899841
chrUn_gl000244	0	39579	39929	0.991234
chrUn_gl000244	1	350	39929	0.00876556
chrUn_gl000245	0	35503	36651	0.968678
chrUn_gl000245	1	1096	36651	0.0299037
chrUn_gl000245	2	52	36651	0.00141879
chrUn_gl000246	0	37754	38154	0.989516
chrUn_gl000246	1	400	38154	0.0104838
chrUn_gl000247	0	35518	36422	0.97518
chrUn_gl000247	1	858	36422	0.0235572
chrUn_gl000247	2	46	36422	0.00126297
chrUn_gl000248	0	39686	39786	0.997487
chrUn_gl000248	1	100	39786	0.00251345
chrUn_gl000249	0	38302	38502	0.994805
chrUn_gl000249	1	200	38502	0.00519454
chr9_gl000201_random	0	36148	36148	1
genome	0	3098038459	3137161264	0.987529
genome	1	38637947	3137161264	0.0123162
genome	2	381909	3137161264	0.000121737
genome	3	37425	3137161264	1.19296e-05
genome	4	20632	3137161264	6.57665e-06
genome	5	14189	3137161264	4.52288e-06
genome	6	8781	3137161264	2.79903e-06
genome	7	5702	3137161264	1.81757e-06
genome	8	3471	3137161264	1.10641e-06
genome	9	2254	3137161264	7.18484e-07
genome	10	1487	3137161264	4.73995e-07
genome	11	1072	3137161264	3.4171e-07
genome	12	847	3137161264	2.69989e-07
genome	13	741	3137161264	2.36201e-07
genome	14	636	3137161264	2.02731e-07
genome	15	591	3137161264	1.88387e-07
genome	16	521	3137161264	1.66074e-07
genome	17	411	3137161264	1.3101e-07
genome	18	311	3137161264	9.91342e-08
genome	19	382	3137161264	1.21766e-07
genome	20	318	3137161264	1.01366e-07
genome	21	308	3137161264	9.81779e-08
genome	22	278	3137161264	8.86151e-08
genome	23	257	3137161264	8.19212e-08
genome	24	203	3137161264	6.47082e-08
genome	25	219	3137161264	6.98083e-08
genome	26	195	3137161264	6.21581e-08
genome	27	187	3137161264	5.9608e-08
genome	28	169	3137161264	5.38704e-08
genome	29	109	3137161264	3.47448e-08
genome	30	163	3137161264	5.19578e-08
genome	31	100	3137161264	3.1876e-08
genome	32	108	3137161264	3.4426e-08
genome	33	84	3137161264	2.67758e-08
genome	34	65	3137161264	2.07194e-08
genome	35	80	3137161264	2.55008e-08
genome	36	82	3137161264	2.61383e-08
genome	37	82	3137161264	2.61383e-08
genome	38	73	3137161264	2.32694e-08
genome	39	60	3137161264	1.91256e-08
genome	40	52	3137161264	1.65755e-08
genome	41	36	3137161264	1.14753e-08
genome	42	39	3137161264	1.24316e-08
genome	43	27	3137161264	8.60651e-09
genome	44	36	3137161264	1.14753e-08
genome	45	28	3137161264	8.92527e-09
genome	46	26	3137161264	8.28775e-09
genome	47	30	3137161264	9.56279e-09
genome	48	21	3137161264	6.69395e-09
genome	49	18	3137161264	5.73767e-09
genome	50	18	3137161264	5.73767e-09
genome	51	15	3137161264	4.78139e-09
genome	52	6	3137161264	1.91256e-09
genome	53	4	3137161264	1.27504e-09
