chrM	0	14853	16571	0.896325
chrM	1	1453	16571	0.0876833
chrM	2	198	16571	0.0119486
chrM	3	67	16571	0.00404321
chr1	0	244535115	249250621	0.981081
chr1	1	4316353	249250621	0.0173173
chr1	2	356483	249250621	0.00143022
chr1	3	36047	249250621	0.000144622
chr1	4	4589	249250621	1.84112e-05
chr1	5	641	249250621	2.57171e-06
chr1	6	259	249250621	1.03911e-06
chr1	7	90	249250621	3.61082e-07
chr1	8	35	249250621	1.40421e-07
chr1	9	43	249250621	1.72517e-07
chr1	10	33	249250621	1.32397e-07
chr1	11	66	249250621	2.64794e-07
chr1	12	56	249250621	2.24673e-07
chr1	13	67	249250621	2.68806e-07
chr1	14	49	249250621	1.96589e-07
chr1	15	69	249250621	2.7683e-07
chr1	16	61	249250621	2.44734e-07
chr1	17	63	249250621	2.52758e-07
chr1	18	59	249250621	2.3671e-07
chr1	19	67	249250621	2.68806e-07
chr1	20	71	249250621	2.84854e-07
chr1	21	47	249250621	1.88565e-07
chr1	22	29	249250621	1.16349e-07
chr1	23	17	249250621	6.82044e-08
chr1	24	14	249250621	5.61684e-08
chr1	25	4	249250621	1.60481e-08
chr1	26	6	249250621	2.40722e-08
chr1	27	22	249250621	8.82646e-08
chr1	28	12	249250621	4.81443e-08
chr1	29	10	249250621	4.01203e-08
chr1	30	13	249250621	5.21563e-08
chr1	31	7	249250621	2.80842e-08
chr1	32	13	249250621	5.21563e-08
chr1	33	25	249250621	1.00301e-07
chr1	34	16	249250621	6.41924e-08
chr1	35	12	249250621	4.81443e-08
chr1	36	4	249250621	1.60481e-08
chr1	37	5	249250621	2.00601e-08
chr1	38	8	249250621	3.20962e-08
chr1	39	9	249250621	3.61082e-08
chr1	40	5	249250621	2.00601e-08
chr1	41	4	249250621	1.60481e-08
chr1	42	5	249250621	2.00601e-08
chr1	43	1	249250621	4.01203e-09
chr1	44	6	249250621	2.40722e-08
chr1	45	6	249250621	2.40722e-08
chr1	46	4	249250621	1.60481e-08
chr1	47	1	249250621	4.01203e-09
chr2	0	240383599	243199373	0.988422
chr2	1	2613014	243199373	0.0107443
chr2	2	183090	243199373	0.000752839
chr2	3	16740	243199373	6.88324e-05
chr2	4	2161	243199373	8.88571e-06
chr2	5	466	243199373	1.91612e-06
chr2	6	142	243199373	5.83883e-07
chr2	7	100	243199373	4.11185e-07
chr2	8	39	243199373	1.60362e-07
chr2	9	22	243199373	9.04608e-08
chr3	0	195614792	198022430	0.987842
chr3	1	2232873	198022430	0.0112759
chr3	2	158721	198022430	0.00080153
chr3	3	14201	198022430	7.17141e-05
chr3	4	1461	198022430	7.37795e-06
chr3	5	272	198022430	1.37358e-06
chr3	6	53	198022430	2.67646e-07
chr3	7	7	198022430	3.53495e-08
chr3	8	11	198022430	5.55493e-08
chr3	9	19	198022430	9.59487e-08
chr3	10	18	198022430	9.08988e-08
chr3	11	2	198022430	1.00999e-08
chr4	0	189026774	191154276	0.98887
chr4	1	1976786	191154276	0.0103413
chr4	2	137416	191154276	0.000718875
chr4	3	12041	191154276	6.2991e-05
chr4	4	1060	191154276	5.54526e-06
chr4	5	125	191154276	6.53922e-07
chr4	6	74	191154276	3.87122e-07
chr5	0	177985626	180915260	0.983807
chr5	1	2714360	180915260	0.0150035
chr5	2	195941	180915260	0.00108305
chr5	3	17001	180915260	9.39722e-05
chr5	4	2003	180915260	1.10715e-05
chr5	5	297	180915260	1.64165e-06
chr5	6	16	180915260	8.84392e-08
chr5	7	16	180915260	8.84392e-08
chr6	0	168686894	171115067	0.98581
chr6	1	2246782	171115067	0.0131302
chr6	2	161137	171115067	0.000941688
chr6	3	15307	171115067	8.94544e-05
chr6	4	2176	171115067	1.27166e-05
chr6	5	624	171115067	3.64667e-06
chr6	6	419	171115067	2.44864e-06
chr6	7	322	171115067	1.88177e-06
chr6	8	226	171115067	1.32075e-06
chr6	9	269	171115067	1.57204e-06
chr6	10	192	171115067	1.12205e-06
chr6	11	162	171115067	9.46731e-07
chr6	12	161	171115067	9.40887e-07
chr6	13	135	171115067	7.88943e-07
chr6	14	87	171115067	5.0843e-07
chr6	15	84	171115067	4.90898e-07
chr6	16	49	171115067	2.86357e-07
chr6	17	37	171115067	2.16229e-07
chr6	18	4	171115067	2.33761e-08
chr7	0	156660162	159138663	0.984426
chr7	1	2291547	159138663	0.0143997
chr7	2	168932	159138663	0.00106154
chr7	3	14615	159138663	9.18381e-05
chr7	4	1716	159138663	1.0783e-05
chr7	5	288	159138663	1.80974e-06
chr7	6	173	159138663	1.0871e-06
chr7	7	91	159138663	5.71828e-07
chr7	8	87	159138663	5.46693e-07
chr7	9	73	159138663	4.58719e-07
chr7	10	83	159138663	5.21558e-07
chr7	11	83	159138663	5.21558e-07
chr7	12	123	159138663	7.72911e-07
chr7	13	132	159138663	8.29465e-07
chr7	14	154	159138663	9.6771e-07
chr7	15	88	159138663	5.52977e-07
chr7	16	62	159138663	3.89597e-07
chr7	17	25	159138663	1.57096e-07
chr7	18	25	159138663	1.57096e-07
chr7	19	15	159138663	9.42574e-08
chr7	20	24	159138663	1.50812e-07
chr7	21	25	159138663	1.57096e-07
chr7	22	21	159138663	1.3196e-07
chr7	23	17	159138663	1.06825e-07
chr7	24	9	159138663	5.65545e-08
chr7	25	12	159138663	7.54059e-08
chr7	26	12	159138663	7.54059e-08
chr7	27	16	159138663	1.00541e-07
chr7	28	11	159138663	6.91221e-08
chr7	29	15	159138663	9.42574e-08
chr7	30	12	159138663	7.54059e-08
chr7	31	8	159138663	5.02706e-08
chr7	32	3	159138663	1.88515e-08
chr7	33	2	159138663	1.25677e-08
chr7	34	2	159138663	1.25677e-08
chr8	0	144553948	146364022	0.987633
chr8	1	1679290	146364022	0.0114734
chr8	2	118309	146364022	0.00080832
chr8	3	10574	146364022	7.22445e-05
chr8	4	1357	146364022	9.2714e-06
chr8	5	287	146364022	1.96086e-06
chr8	6	65	146364022	4.44098e-07
chr8	7	35	146364022	2.3913e-07
chr8	8	39	146364022	2.66459e-07
chr8	9	21	146364022	1.43478e-07
chr8	10	13	146364022	8.88196e-08
chr8	11	8	146364022	5.46582e-08
chr8	12	22	146364022	1.5031e-07
chr8	13	9	146364022	6.14905e-08
chr8	14	4	146364022	2.73291e-08
chr8	15	8	146364022	5.46582e-08
chr8	16	3	146364022	2.04968e-08
chr8	17	10	146364022	6.83228e-08
chr8	18	11	146364022	7.51551e-08
chr8	19	2	146364022	1.36646e-08
chr8	20	5	146364022	3.41614e-08
chr8	21	2	146364022	1.36646e-08
chr9	0	139950726	141213431	0.991058
chr9	1	1183158	141213431	0.00837851
chr9	2	73232	141213431	0.000518591
chr9	3	5375	141213431	3.8063e-05
chr9	4	743	141213431	5.26154e-06
chr9	5	140	141213431	9.91407e-07
chr9	6	30	141213431	2.12444e-07
chr9	7	15	141213431	1.06222e-07
chr9	8	12	141213431	8.49778e-08
chr10	0	134044562	135534747	0.989005
chr10	1	1384101	135534747	0.0102121
chr10	2	93629	135534747	0.000690812
chr10	3	8810	135534747	6.50018e-05
chr10	4	1831	135534747	1.35095e-05
chr10	5	620	135534747	4.57447e-06
chr10	6	318	135534747	2.34626e-06
chr10	7	299	135534747	2.20608e-06
chr10	8	232	135534747	1.71174e-06
chr10	9	219	135534747	1.61582e-06
chr10	10	89	135534747	6.56658e-07
chr10	11	29	135534747	2.13967e-07
chr10	12	4	135534747	2.95127e-08
chr10	13	4	135534747	2.95127e-08
chr11	0	133619853	135006516	0.989729
chr11	1	1295684	135006516	0.0095972
chr11	2	83374	135006516	0.000617555
chr11	3	6780	135006516	5.02198e-05
chr11	4	682	135006516	5.05161e-06
chr11	5	82	135006516	6.07378e-07
chr11	6	6	135006516	4.44423e-08
chr11	7	4	135006516	2.96282e-08
chr11	8	2	135006516	1.48141e-08
chr11	9	4	135006516	2.96282e-08
chr11	10	3	135006516	2.22212e-08
chr11	11	9	135006516	6.66635e-08
chr11	12	8	135006516	5.92564e-08
chr11	13	10	135006516	7.40705e-08
chr11	14	6	135006516	4.44423e-08
chr11	15	9	135006516	6.66635e-08
chr12	0	132514232	133851895	0.990006
chr12	1	1244741	133851895	0.00929939
chr12	2	84087	133851895	0.000628209
chr12	3	7860	133851895	5.87216e-05
chr12	4	870	133851895	6.49972e-06
chr12	5	105	133851895	7.84449e-07
chr13	0	113692682	115169878	0.987174
chr13	1	1365395	115169878	0.0118555
chr13	2	102207	115169878	0.000887446
chr13	3	8354	115169878	7.25363e-05
chr13	4	1033	115169878	8.96936e-06
chr13	5	119	115169878	1.03326e-06
chr13	6	64	115169878	5.55701e-07
chr13	7	24	115169878	2.08388e-07
chr14	0	106377706	107349540	0.990947
chr14	1	901190	107349540	0.00839491
chr14	2	63800	107349540	0.00059432
chr14	3	6058	107349540	5.64325e-05
chr14	4	701	107349540	6.53007e-06
chr14	5	79	107349540	7.35914e-07
chr14	6	5	107349540	4.65768e-08
chr14	7	1	107349540	9.31536e-09
chr15	0	101560734	102531392	0.990533
chr15	1	905560	102531392	0.00883203
chr15	2	59724	102531392	0.000582495
chr15	3	4951	102531392	4.82876e-05
chr15	4	378	102531392	3.68668e-06
chr15	5	43	102531392	4.19384e-07
chr15	6	2	102531392	1.95062e-08
chr16	0	89583532	90354753	0.991465
chr16	1	721810	90354753	0.00798862
chr16	2	44953	90354753	0.000497517
chr16	3	3781	90354753	4.18462e-05
chr16	4	597	90354753	6.60729e-06
chr16	5	77	90354753	8.52196e-07
chr16	6	3	90354753	3.32025e-08
chr17	0	80482799	81195210	0.991226
chr17	1	663478	81195210	0.00817139
chr17	2	44712	81195210	0.000550673
chr17	3	3580	81195210	4.40913e-05
chr17	4	476	81195210	5.86242e-06
chr17	5	67	81195210	8.25172e-07
chr17	6	33	81195210	4.06428e-07
chr17	7	33	81195210	4.06428e-07
chr17	8	3	81195210	3.6948e-08
chr17	9	3	81195210	3.6948e-08
chr17	10	9	81195210	1.10844e-07
chr17	11	10	81195210	1.2316e-07
chr17	12	2	81195210	2.4632e-08
chr17	13	5	81195210	6.158e-08
chr18	0	77580309	78077248	0.993635
chr18	1	464191	78077248	0.00594528
chr18	2	29485	78077248	0.000377639
chr18	3	2401	78077248	3.07516e-05
chr18	4	374	78077248	4.79013e-06
chr18	5	190	78077248	2.43349e-06
chr18	6	82	78077248	1.05024e-06
chr18	7	44	78077248	5.63544e-07
chr18	8	37	78077248	4.7389e-07
chr18	9	32	78077248	4.09851e-07
chr18	10	29	78077248	3.71427e-07
chr18	11	15	78077248	1.92117e-07
chr18	12	22	78077248	2.81772e-07
chr18	13	11	78077248	1.40886e-07
chr18	14	4	78077248	5.12313e-08
chr18	15	14	78077248	1.7931e-07
chr18	16	8	78077248	1.02463e-07
chr19	0	58673557	59128983	0.992298
chr19	1	424537	59128983	0.00717985
chr19	2	27360	59128983	0.000462717
chr19	3	2722	59128983	4.6035e-05
chr19	4	375	59128983	6.34207e-06
chr19	5	127	59128983	2.14785e-06
chr19	6	38	59128983	6.42663e-07
chr19	7	28	59128983	4.73541e-07
chr19	8	21	59128983	3.55156e-07
chr19	9	22	59128983	3.72068e-07
chr19	10	17	59128983	2.87507e-07
chr19	11	20	59128983	3.38244e-07
chr19	12	17	59128983	2.87507e-07
chr19	13	30	59128983	5.07365e-07
chr19	14	26	59128983	4.39717e-07
chr19	15	26	59128983	4.39717e-07
chr19	16	19	59128983	3.21331e-07
chr19	17	18	59128983	3.04419e-07
chr19	18	6	59128983	1.01473e-07
chr19	19	3	59128983	5.07365e-08
chr19	20	6	59128983	1.01473e-07
chr19	21	7	59128983	1.18385e-07
chr19	22	1	59128983	1.69122e-08
chr20	0	62339988	63025520	0.989123
chr20	1	635812	63025520	0.0100882
chr20	2	45576	63025520	0.000723136
chr20	3	3842	63025520	6.09594e-05
chr20	4	300	63025520	4.75998e-06
chr20	5	2	63025520	3.17332e-08
chr21	0	47556275	48129895	0.988082
chr21	1	531789	48129895	0.011049
chr21	2	38083	48129895	0.000791255
chr21	3	3199	48129895	6.6466e-05
chr21	4	456	48129895	9.47436e-06
chr21	5	84	48129895	1.74528e-06
chr21	6	9	48129895	1.86994e-07
chr22	0	50947030	51304566	0.993031
chr22	1	333916	51304566	0.0065085
chr22	2	21571	51304566	0.00042045
chr22	3	1844	51304566	3.59422e-05
chr22	4	165	51304566	3.21609e-06
chr22	5	40	51304566	7.79658e-07
chrX	0	153367032	155270560	0.987741
chrX	1	1758710	155270560	0.0113267
chrX	2	127994	155270560	0.000824329
chrX	3	13871	155270560	8.93344e-05
chrX	4	2157	155270560	1.38919e-05
chrX	5	516	155270560	3.32323e-06
chrX	6	229	155270560	1.47484e-06
chrX	7	51	155270560	3.28459e-07
chrY	0	59330983	59373566	0.999283
chrY	1	41398	59373566	0.000697246
chrY	2	1065	59373566	1.79373e-05
chrY	3	57	59373566	9.60023e-07
chrY	4	26	59373566	4.37905e-07
chrY	5	1	59373566	1.68425e-08
chrY	6	10	59373566	1.68425e-07
chrY	7	26	59373566	4.37905e-07
chr1_gl000191_random	0	106119	106433	0.99705
chr1_gl000191_random	1	278	106433	0.00261197
chr1_gl000191_random	2	36	106433	0.000338241
chr1_gl000192_random	0	533903	547496	0.975172
chr1_gl000192_random	1	12965	547496	0.0236805
chr1_gl000192_random	2	599	547496	0.00109407
chr1_gl000192_random	3	29	547496	5.29684e-05
chr4_ctg9_hap1	0	587579	590426	0.995178
chr4_ctg9_hap1	1	2794	590426	0.00473218
chr4_ctg9_hap1	2	53	590426	8.97657e-05
chr4_gl000193_random	0	180834	189789	0.952816
chr4_gl000193_random	1	7805	189789	0.0411246
chr4_gl000193_random	2	1006	189789	0.00530062
chr4_gl000193_random	3	143	189789	0.000753468
chr4_gl000193_random	4	1	189789	5.26901e-06
chr4_gl000194_random	0	186559	191469	0.974356
chr4_gl000194_random	1	4625	191469	0.0241553
chr4_gl000194_random	2	220	191469	0.00114901
chr4_gl000194_random	3	25	191469	0.000130569
chr4_gl000194_random	4	40	191469	0.000208911
chr6_apd_hap1	0	4617747	4622290	0.999017
chr6_apd_hap1	1	4536	4622290	0.000981332
chr6_apd_hap1	2	7	4622290	1.5144e-06
chr6_cox_hap2	0	4782317	4795371	0.997278
chr6_cox_hap2	1	12858	4795371	0.00268134
chr6_cox_hap2	2	196	4795371	4.08728e-05
chr6_dbb_hap3	0	4598893	4610396	0.997505
chr6_dbb_hap3	1	11156	4610396	0.00241975
chr6_dbb_hap3	2	347	4610396	7.52647e-05
chr6_mann_hap4	0	4670277	4683263	0.997227
chr6_mann_hap4	1	12772	4683263	0.00272716
chr6_mann_hap4	2	214	4683263	4.56946e-05
chr6_mcf_hap5	0	4822837	4833398	0.997815
chr6_mcf_hap5	1	10376	4833398	0.00214673
chr6_mcf_hap5	2	181	4833398	3.74478e-05
chr6_mcf_hap5	3	4	4833398	8.27575e-07
chr6_qbl_hap6	0	4602134	4611984	0.997864
chr6_qbl_hap6	1	9750	4611984	0.00211406
chr6_qbl_hap6	2	100	4611984	2.16826e-05
chr6_ssto_hap7	0	4918781	4928567	0.998014
chr6_ssto_hap7	1	9622	4928567	0.00195229
chr6_ssto_hap7	2	164	4928567	3.32754e-05
chr7_gl000195_random	0	175271	182896	0.95831
chr7_gl000195_random	1	6990	182896	0.0382184
chr7_gl000195_random	2	595	182896	0.00325321
chr7_gl000195_random	3	40	182896	0.000218704
chr8_gl000196_random	0	38514	38914	0.989721
chr8_gl000196_random	1	400	38914	0.0102791
chr9_gl000198_random	0	84748	90085	0.940756
chr9_gl000198_random	1	4747	90085	0.0526947
chr9_gl000198_random	2	528	90085	0.00586113
chr9_gl000198_random	3	12	90085	0.000133208
chr9_gl000198_random	4	39	90085	0.000432924
chr9_gl000198_random	5	11	90085	0.000122107
chr9_gl000199_random	0	151911	169874	0.894257
chr9_gl000199_random	1	14732	169874	0.0867231
chr9_gl000199_random	2	2114	169874	0.0124445
chr9_gl000199_random	3	586	169874	0.00344962
chr9_gl000199_random	4	173	169874	0.0010184
chr9_gl000199_random	5	137	169874	0.00080648
chr9_gl000199_random	6	76	169874	0.00044739
chr9_gl000199_random	7	72	169874	0.000423844
chr9_gl000199_random	8	11	169874	6.47539e-05
chr9_gl000199_random	9	13	169874	7.65273e-05
chr9_gl000199_random	10	3	169874	1.76601e-05
chr9_gl000199_random	11	8	169874	4.70937e-05
chr9_gl000199_random	12	8	169874	4.70937e-05
chr9_gl000199_random	13	11	169874	6.47539e-05
chr9_gl000199_random	14	7	169874	4.1207e-05
chr9_gl000199_random	15	7	169874	4.1207e-05
chr9_gl000199_random	16	5	169874	2.94336e-05
chr9_gl000200_random	0	186285	187035	0.99599
chr9_gl000200_random	1	750	187035	0.00400994
chr11_gl000202_random	0	40053	40103	0.998753
chr11_gl000202_random	1	50	40103	0.00124679
chr17_ctg5_hap1	0	1674672	1680828	0.996338
chr17_ctg5_hap1	1	5950	1680828	0.00353992
chr17_ctg5_hap1	2	168	1680828	9.99507e-05
chr17_ctg5_hap1	3	38	1680828	2.26079e-05
chr17_gl000203_random	0	36798	37498	0.981332
chr17_gl000203_random	1	700	37498	0.0186677
chr17_gl000204_random	0	81110	81310	0.99754
chr17_gl000204_random	1	200	81310	0.00245972
chr17_gl000205_random	0	168682	174588	0.966172
chr17_gl000205_random	1	5327	174588	0.0305118
chr17_gl000205_random	2	514	174588	0.00294407
chr17_gl000205_random	3	65	174588	0.000372305
chr17_gl000206_random	0	40951	41001	0.99878
chr17_gl000206_random	1	50	41001	0.00121948
chr18_gl000207_random	0	4212	4262	0.988268
chr18_gl000207_random	1	50	4262	0.0117316
chr19_gl000208_random	0	89933	92689	0.970266
chr19_gl000208_random	1	2339	92689	0.0252349
chr19_gl000208_random	2	349	92689	0.00376528
chr19_gl000208_random	3	59	92689	0.000636537
chr19_gl000208_random	4	9	92689	9.70989e-05
chr19_gl000209_random	0	158608	159169	0.996475
chr19_gl000209_random	1	522	159169	0.00327953
chr19_gl000209_random	2	39	159169	0.000245023
chr21_gl000210_random	0	27432	27682	0.990969
chr21_gl000210_random	1	250	27682	0.00903114
chrUn_gl000211	0	161896	166566	0.971963
chrUn_gl000211	1	4390	166566	0.0263559
chrUn_gl000211	2	280	166566	0.00168102
chrUn_gl000212	0	182119	186858	0.974639
chrUn_gl000212	1	4304	186858	0.0230335
chrUn_gl000212	2	387	186858	0.00207109
chrUn_gl000212	3	20	186858	0.000107033
chrUn_gl000212	4	28	186858	0.000149846
chrUn_gl000213	0	162846	164239	0.991518
chrUn_gl000213	1	1336	164239	0.00813449
chrUn_gl000213	2	57	164239	0.000347055
chrUn_gl000214	0	129512	137718	0.940414
chrUn_gl000214	1	7204	137718	0.0523098
chrUn_gl000214	2	820	137718	0.0059542
chrUn_gl000214	3	172	137718	0.00124893
chrUn_gl000214	4	10	137718	7.26122e-05
chrUn_gl000215	0	171478	172545	0.993816
chrUn_gl000215	1	963	172545	0.00558115
chrUn_gl000215	2	75	172545	0.000434669
chrUn_gl000215	3	29	172545	0.000168072
chrUn_gl000216	0	168762	172294	0.9795
chrUn_gl000216	1	3294	172294	0.0191185
chrUn_gl000216	2	208	172294	0.00120724
chrUn_gl000216	3	30	172294	0.000174121
chrUn_gl000217	0	170017	172149	0.987615
chrUn_gl000217	1	2064	172149	0.0119896
chrUn_gl000217	2	68	172149	0.000395007
chrUn_gl000218	0	156375	161147	0.970387
chrUn_gl000218	1	4444	161147	0.0275773
chrUn_gl000218	2	328	161147	0.00203541
chrUn_gl000219	0	174422	179198	0.973348
chrUn_gl000219	1	4402	179198	0.024565
chrUn_gl000219	2	374	179198	0.00208708
chrUn_gl000220	0	136133	161802	0.841356
chrUn_gl000220	1	13821	161802	0.0854192
chrUn_gl000220	2	5135	161802	0.0317363
chrUn_gl000220	3	2867	161802	0.0177192
chrUn_gl000220	4	1466	161802	0.00906046
chrUn_gl000220	5	943	161802	0.00582811
chrUn_gl000220	6	585	161802	0.00361553
chrUn_gl000220	7	366	161802	0.00226202
chrUn_gl000220	8	155	161802	0.000957961
chrUn_gl000220	9	124	161802	0.000766369
chrUn_gl000220	10	80	161802	0.000494431
chrUn_gl000220	11	25	161802	0.00015451
chrUn_gl000220	12	24	161802	0.000148329
chrUn_gl000220	13	26	161802	0.00016069
chrUn_gl000220	14	30	161802	0.000185412
chrUn_gl000220	15	22	161802	0.000135969
chrUn_gl000221	0	150652	155397	0.969465
chrUn_gl000221	1	4564	155397	0.0293699
chrUn_gl000221	2	157	155397	0.00101032
chrUn_gl000221	3	24	155397	0.000154443
chrUn_gl000222	0	184602	186861	0.987911
chrUn_gl000222	1	1988	186861	0.0106389
chrUn_gl000222	2	251	186861	0.00134324
chrUn_gl000222	3	20	186861	0.000107031
chrUn_gl000223	0	179655	180455	0.995567
chrUn_gl000223	1	800	180455	0.00443324
chrUn_gl000224	0	174089	179693	0.968813
chrUn_gl000224	1	4222	179693	0.0234956
chrUn_gl000224	2	1139	179693	0.00633859
chrUn_gl000224	3	222	179693	0.00123544
chrUn_gl000224	4	21	179693	0.000116866
chrUn_gl000225	0	206024	211173	0.975617
chrUn_gl000225	1	4512	211173	0.0213664
chrUn_gl000225	2	583	211173	0.00276077
chrUn_gl000225	3	44	211173	0.00020836
chrUn_gl000225	4	10	211173	4.73545e-05
chrUn_gl000226	0	2343	15008	0.156117
chrUn_gl000226	1	2805	15008	0.1869
chrUn_gl000226	2	2959	15008	0.197162
chrUn_gl000226	3	1995	15008	0.132929
chrUn_gl000226	4	1558	15008	0.103811
chrUn_gl000226	5	1135	15008	0.0756263
chrUn_gl000226	6	878	15008	0.0585021
chrUn_gl000226	7	632	15008	0.0421109
chrUn_gl000226	8	370	15008	0.0246535
chrUn_gl000226	9	194	15008	0.0129264
chrUn_gl000226	10	55	15008	0.00366471
chrUn_gl000226	11	22	15008	0.00146588
chrUn_gl000226	12	28	15008	0.00186567
chrUn_gl000226	13	22	15008	0.00146588
chrUn_gl000226	14	7	15008	0.000466418
chrUn_gl000226	15	5	15008	0.000333156
chrUn_gl000227	0	127017	128374	0.989429
chrUn_gl000227	1	1314	128374	0.0102357
chrUn_gl000227	2	43	128374	0.000334959
chrUn_gl000228	0	128177	129120	0.992697
chrUn_gl000228	1	936	129120	0.00724907
chrUn_gl000228	2	7	129120	5.42131e-05
chrUn_gl000229	0	19613	19913	0.984934
chrUn_gl000229	1	300	19913	0.0150655
chrUn_gl000230	0	43011	43691	0.984436
chrUn_gl000230	1	610	43691	0.0139617
chrUn_gl000230	2	70	43691	0.00160216
chrUn_gl000231	0	26689	27386	0.974549
chrUn_gl000231	1	644	27386	0.0235157
chrUn_gl000231	2	53	27386	0.0019353
chrUn_gl000232	0	37998	40652	0.934714
chrUn_gl000232	1	2211	40652	0.0543885
chrUn_gl000232	2	393	40652	0.00966742
chrUn_gl000232	3	47	40652	0.00115615
chrUn_gl000232	4	3	40652	7.37971e-05
chrUn_gl000233	0	44459	45941	0.967741
chrUn_gl000233	1	1364	45941	0.0296903
chrUn_gl000233	2	118	45941	0.00256851
chrUn_gl000234	0	38165	40531	0.941625
chrUn_gl000234	1	2136	40531	0.0527004
chrUn_gl000234	2	226	40531	0.00557598
chrUn_gl000234	3	4	40531	9.86899e-05
chrUn_gl000235	0	33494	34474	0.971573
chrUn_gl000235	1	960	34474	0.0278471
chrUn_gl000235	2	20	34474	0.000580147
chrUn_gl000236	0	41287	41934	0.984571
chrUn_gl000236	1	644	41934	0.0153575
chrUn_gl000236	2	3	41934	7.1541e-05
chrUn_gl000237	0	43890	45867	0.956897
chrUn_gl000237	1	1769	45867	0.038568
chrUn_gl000237	2	193	45867	0.00420782
chrUn_gl000237	3	15	45867	0.000327032
chrUn_gl000238	0	39889	39939	0.998748
chrUn_gl000238	1	50	39939	0.00125191
chrUn_gl000239	0	32777	33824	0.969046
chrUn_gl000239	1	994	33824	0.0293874
chrUn_gl000239	2	53	33824	0.00156693
chrUn_gl000240	0	40784	41933	0.972599
chrUn_gl000240	1	1098	41933	0.0261846
chrUn_gl000240	2	51	41933	0.00121623
chrUn_gl000241	0	39822	42152	0.944724
chrUn_gl000241	1	2210	42152	0.0524293
chrUn_gl000241	2	120	42152	0.00284684
chrUn_gl000242	0	42984	43523	0.987616
chrUn_gl000242	1	528	43523	0.0121315
chrUn_gl000242	2	11	43523	0.00025274
chrUn_gl000243	0	41942	43341	0.967721
chrUn_gl000243	1	1321	43341	0.0304792
chrUn_gl000243	2	55	43341	0.00126901
chrUn_gl000243	3	23	43341	0.000530675
chrUn_gl000244	0	39629	39929	0.992487
chrUn_gl000244	1	300	39929	0.00751334
chrUn_gl000245	0	35551	36651	0.969987
chrUn_gl000245	1	1100	36651	0.0300128
chrUn_gl000246	0	38004	38154	0.996069
chrUn_gl000246	1	150	38154	0.00393144
chrUn_gl000247	0	35822	36422	0.983526
chrUn_gl000247	1	600	36422	0.0164736
chrUn_gl000248	0	39305	39786	0.98791
chrUn_gl000248	1	462	39786	0.0116121
chrUn_gl000248	2	19	39786	0.000477555
chrUn_gl000249	0	38102	38502	0.989611
chrUn_gl000249	1	400	38502	0.0103891
chr8_gl000197_random	0	37175	37175	1
chr9_gl000201_random	0	36148	36148	1
genome	0	3100283582	3137161264	0.988245
genome	1	34157736	3137161264	0.0108881
genome	2	2442765	3137161264	0.000778655
genome	3	226591	3137161264	7.2228e-05
genome	4	31045	3137161264	9.89589e-06
genome	5	7518	3137161264	2.39643e-06
genome	6	3569	3137161264	1.13765e-06
genome	7	2256	3137161264	7.19121e-07
genome	8	1280	3137161264	4.08012e-07
genome	9	1058	3137161264	3.37248e-07
genome	10	624	3137161264	1.98906e-07
genome	11	459	3137161264	1.46311e-07
genome	12	475	3137161264	1.51411e-07
genome	13	462	3137161264	1.47267e-07
genome	14	374	3137161264	1.19216e-07
genome	15	332	3137161264	1.05828e-07
genome	16	207	3137161264	6.59832e-08
genome	17	153	3137161264	4.87702e-08
genome	18	105	3137161264	3.34697e-08
genome	19	87	3137161264	2.77321e-08
genome	20	106	3137161264	3.37885e-08
genome	21	81	3137161264	2.58195e-08
genome	22	51	3137161264	1.62567e-08
genome	23	34	3137161264	1.08378e-08
genome	24	23	3137161264	7.33147e-09
genome	25	16	3137161264	5.10015e-09
genome	26	18	3137161264	5.73767e-09
genome	27	38	3137161264	1.21129e-08
genome	28	23	3137161264	7.33147e-09
genome	29	25	3137161264	7.96899e-09
genome	30	25	3137161264	7.96899e-09
genome	31	15	3137161264	4.78139e-09
genome	32	16	3137161264	5.10015e-09
genome	33	27	3137161264	8.60651e-09
genome	34	18	3137161264	5.73767e-09
genome	35	12	3137161264	3.82511e-09
genome	36	4	3137161264	1.27504e-09
genome	37	5	3137161264	1.5938e-09
genome	38	8	3137161264	2.55008e-09
genome	39	9	3137161264	2.86884e-09
genome	40	5	3137161264	1.5938e-09
genome	41	4	3137161264	1.27504e-09
genome	42	5	3137161264	1.5938e-09
genome	43	1	3137161264	3.1876e-10
genome	44	6	3137161264	1.91256e-09
genome	45	6	3137161264	1.91256e-09
genome	46	4	3137161264	1.27504e-09
genome	47	1	3137161264	3.1876e-10
