chrM	0	15442	16571	0.931869
chrM	1	1068	16571	0.0644499
chrM	2	51	16571	0.00307767
chrM	3	10	16571	0.000603464
chr1	0	243957756	249250621	0.978765
chr1	1	4816240	249250621	0.0193229
chr1	2	419822	249250621	0.00168434
chr1	3	46787	249250621	0.000187711
chr1	4	6562	249250621	2.63269e-05
chr1	5	1434	249250621	5.75325e-06
chr1	6	515	249250621	2.06619e-06
chr1	7	237	249250621	9.5085e-07
chr1	8	81	249250621	3.24974e-07
chr1	9	78	249250621	3.12938e-07
chr1	10	36	249250621	1.44433e-07
chr1	11	44	249250621	1.76529e-07
chr1	12	30	249250621	1.20361e-07
chr1	13	17	249250621	6.82044e-08
chr1	14	16	249250621	6.41924e-08
chr1	15	24	249250621	9.62886e-08
chr1	16	24	249250621	9.62886e-08
chr1	17	22	249250621	8.82646e-08
chr1	18	28	249250621	1.12337e-07
chr1	19	29	249250621	1.16349e-07
chr1	20	23	249250621	9.22766e-08
chr1	21	30	249250621	1.20361e-07
chr1	22	39	249250621	1.56469e-07
chr1	23	44	249250621	1.76529e-07
chr1	24	41	249250621	1.64493e-07
chr1	25	63	249250621	2.52758e-07
chr1	26	67	249250621	2.68806e-07
chr1	27	77	249250621	3.08926e-07
chr1	28	82	249250621	3.28986e-07
chr1	29	69	249250621	2.7683e-07
chr1	30	38	249250621	1.52457e-07
chr1	31	22	249250621	8.82646e-08
chr1	32	18	249250621	7.22165e-08
chr1	33	13	249250621	5.21563e-08
chr1	34	12	249250621	4.81443e-08
chr1	35	2	249250621	8.02405e-09
chr1	36	9	249250621	3.61082e-08
chr1	37	6	249250621	2.40722e-08
chr1	38	11	249250621	4.41323e-08
chr1	39	17	249250621	6.82044e-08
chr1	40	14	249250621	5.61684e-08
chr1	41	17	249250621	6.82044e-08
chr1	42	17	249250621	6.82044e-08
chr1	43	13	249250621	5.21563e-08
chr1	44	10	249250621	4.01203e-08
chr1	45	10	249250621	4.01203e-08
chr1	46	19	249250621	7.62285e-08
chr1	47	11	249250621	4.41323e-08
chr1	48	9	249250621	3.61082e-08
chr1	49	13	249250621	5.21563e-08
chr1	50	9	249250621	3.61082e-08
chr1	51	12	249250621	4.81443e-08
chr1	52	1	249250621	4.01203e-09
chr1	53	1	249250621	4.01203e-09
chr2	0	240937678	243199373	0.9907
chr2	1	2091579	243199373	0.00860026
chr2	2	151897	243199373	0.000624578
chr2	3	14938	243199373	6.14229e-05
chr2	4	2199	243199373	9.04196e-06
chr2	5	593	243199373	2.43833e-06
chr2	6	244	243199373	1.00329e-06
chr2	7	149	243199373	6.12666e-07
chr2	8	62	243199373	2.54935e-07
chr2	9	15	243199373	6.16778e-08
chr2	10	3	243199373	1.23356e-08
chr2	11	8	243199373	3.28948e-08
chr2	12	8	243199373	3.28948e-08
chr3	0	196043106	198022430	0.990005
chr3	1	1838996	198022430	0.00928681
chr3	2	127649	198022430	0.000644619
chr3	3	11082	198022430	5.59634e-05
chr3	4	1176	198022430	5.93872e-06
chr3	5	249	198022430	1.25743e-06
chr3	6	67	198022430	3.38346e-07
chr3	7	36	198022430	1.81798e-07
chr3	8	5	198022430	2.52497e-08
chr3	9	5	198022430	2.52497e-08
chr3	10	2	198022430	1.00999e-08
chr3	11	4	198022430	2.01997e-08
chr3	12	3	198022430	1.51498e-08
chr3	13	3	198022430	1.51498e-08
chr3	14	4	198022430	2.01997e-08
chr3	15	2	198022430	1.00999e-08
chr3	16	10	198022430	5.04993e-08
chr3	17	3	198022430	1.51498e-08
chr3	18	7	198022430	3.53495e-08
chr3	19	11	198022430	5.55493e-08
chr3	20	9	198022430	4.54494e-08
chr3	21	1	198022430	5.04993e-09
chr4	0	189141906	191154276	0.989473
chr4	1	1872830	191154276	0.00979748
chr4	2	125323	191154276	0.000655612
chr4	3	12327	191154276	6.44872e-05
chr4	4	1519	191154276	7.94646e-06
chr4	5	267	191154276	1.39678e-06
chr4	6	97	191154276	5.07444e-07
chr4	7	6	191154276	3.13883e-08
chr4	8	1	191154276	5.23138e-09
chr5	0	178037262	180915260	0.984092
chr5	1	2657901	180915260	0.0146914
chr5	2	198032	180915260	0.00109461
chr5	3	19123	180915260	0.000105701
chr5	4	2512	180915260	1.3885e-05
chr5	5	293	180915260	1.61954e-06
chr5	6	112	180915260	6.19074e-07
chr5	7	19	180915260	1.05022e-07
chr5	8	6	180915260	3.31647e-08
chr6	0	168614095	171115067	0.985384
chr6	1	2310811	171115067	0.0135044
chr6	2	168882	171115067	0.00098695
chr6	3	15586	171115067	9.10849e-05
chr6	4	2319	171115067	1.35523e-05
chr6	5	372	171115067	2.17398e-06
chr6	6	275	171115067	1.60711e-06
chr6	7	252	171115067	1.47269e-06
chr6	8	264	171115067	1.54282e-06
chr6	9	221	171115067	1.29153e-06
chr6	10	217	171115067	1.26815e-06
chr6	11	173	171115067	1.01102e-06
chr6	12	219	171115067	1.27984e-06
chr6	13	211	171115067	1.23309e-06
chr6	14	229	171115067	1.33828e-06
chr6	15	181	171115067	1.05777e-06
chr6	16	159	171115067	9.29199e-07
chr6	17	188	171115067	1.09868e-06
chr6	18	76	171115067	4.44146e-07
chr6	19	62	171115067	3.62329e-07
chr6	20	47	171115067	2.74669e-07
chr6	21	47	171115067	2.74669e-07
chr6	22	55	171115067	3.21421e-07
chr6	23	26	171115067	1.51945e-07
chr6	24	25	171115067	1.46101e-07
chr6	25	33	171115067	1.92853e-07
chr6	26	35	171115067	2.04541e-07
chr6	27	2	171115067	1.1688e-08
chr6	28	4	171115067	2.33761e-08
chr6	29	1	171115067	5.84402e-09
chr7	0	156702328	159138663	0.984691
chr7	1	2249262	159138663	0.014134
chr7	2	166271	159138663	0.00104482
chr7	3	16581	159138663	0.000104192
chr7	4	2123	159138663	1.33406e-05
chr7	5	592	159138663	3.72003e-06
chr7	6	110	159138663	6.91221e-07
chr7	7	82	159138663	5.15274e-07
chr7	8	58	159138663	3.64462e-07
chr7	9	67	159138663	4.21016e-07
chr7	10	68	159138663	4.273e-07
chr7	11	82	159138663	5.15274e-07
chr7	12	122	159138663	7.66627e-07
chr7	13	101	159138663	6.34667e-07
chr7	14	67	159138663	4.21016e-07
chr7	15	74	159138663	4.65003e-07
chr7	16	78	159138663	4.90139e-07
chr7	17	68	159138663	4.273e-07
chr7	18	106	159138663	6.66086e-07
chr7	19	62	159138663	3.89597e-07
chr7	20	54	159138663	3.39327e-07
chr7	21	38	159138663	2.38785e-07
chr7	22	33	159138663	2.07366e-07
chr7	23	31	159138663	1.94799e-07
chr7	24	24	159138663	1.50812e-07
chr7	25	44	159138663	2.76488e-07
chr7	26	28	159138663	1.75947e-07
chr7	27	13	159138663	8.16898e-08
chr7	28	8	159138663	5.02706e-08
chr7	29	11	159138663	6.91221e-08
chr7	30	10	159138663	6.28383e-08
chr7	31	13	159138663	8.16898e-08
chr7	32	8	159138663	5.02706e-08
chr7	33	10	159138663	6.28383e-08
chr7	34	5	159138663	3.14191e-08
chr7	35	7	159138663	4.39868e-08
chr7	36	2	159138663	1.25677e-08
chr7	37	4	159138663	2.51353e-08
chr7	38	6	159138663	3.7703e-08
chr7	39	4	159138663	2.51353e-08
chr7	40	2	159138663	1.25677e-08
chr7	41	3	159138663	1.88515e-08
chr7	42	2	159138663	1.25677e-08
chr7	43	1	159138663	6.28383e-09
chr8	0	144849286	146364022	0.989651
chr8	1	1402527	146364022	0.00958246
chr8	2	101745	146364022	0.00069515
chr8	3	8644	146364022	5.90582e-05
chr8	4	1294	146364022	8.84097e-06
chr8	5	280	146364022	1.91304e-06
chr8	6	150	146364022	1.02484e-06
chr8	7	93	146364022	6.35402e-07
chr8	8	3	146364022	2.04968e-08
chr9	0	139733249	141213431	0.989518
chr9	1	1372908	141213431	0.00972222
chr9	2	96264	141213431	0.000681692
chr9	3	9395	141213431	6.65305e-05
chr9	4	1264	141213431	8.95099e-06
chr9	5	238	141213431	1.68539e-06
chr9	6	47	141213431	3.3283e-07
chr9	7	39	141213431	2.76178e-07
chr9	8	19	141213431	1.34548e-07
chr9	9	4	141213431	2.83259e-08
chr9	10	4	141213431	2.83259e-08
chr10	0	134058273	135534747	0.989106
chr10	1	1366427	135534747	0.0100817
chr10	2	96144	135534747	0.000709368
chr10	3	9723	135534747	7.17381e-05
chr10	4	1531	135534747	1.1296e-05
chr10	5	595	135534747	4.39002e-06
chr10	6	374	135534747	2.75944e-06
chr10	7	278	135534747	2.05113e-06
chr10	8	235	135534747	1.73387e-06
chr10	9	183	135534747	1.35021e-06
chr10	10	142	135534747	1.0477e-06
chr10	11	165	135534747	1.2174e-06
chr10	12	184	135534747	1.35759e-06
chr10	13	105	135534747	7.74709e-07
chr10	14	100	135534747	7.37818e-07
chr10	15	53	135534747	3.91044e-07
chr10	16	69	135534747	5.09095e-07
chr10	17	45	135534747	3.32018e-07
chr10	18	37	135534747	2.72993e-07
chr10	19	23	135534747	1.69698e-07
chr10	20	36	135534747	2.65615e-07
chr10	21	6	135534747	4.42691e-08
chr10	22	9	135534747	6.64036e-08
chr10	23	9	135534747	6.64036e-08
chr10	24	1	135534747	7.37818e-09
chr11	0	133391686	135006516	0.988039
chr11	1	1499067	135006516	0.0111037
chr11	2	104956	135006516	0.000777414
chr11	3	8941	135006516	6.62264e-05
chr11	4	1311	135006516	9.71064e-06
chr11	5	243	135006516	1.79991e-06
chr11	6	106	135006516	7.85147e-07
chr11	7	66	135006516	4.88865e-07
chr11	8	40	135006516	2.96282e-07
chr11	9	5	135006516	3.70352e-08
chr11	10	17	135006516	1.2592e-07
chr11	11	18	135006516	1.33327e-07
chr11	12	6	135006516	4.44423e-08
chr11	13	13	135006516	9.62917e-08
chr11	14	4	135006516	2.96282e-08
chr11	15	4	135006516	2.96282e-08
chr11	16	3	135006516	2.22212e-08
chr11	17	7	135006516	5.18494e-08
chr11	18	12	135006516	8.88846e-08
chr11	19	3	135006516	2.22212e-08
chr11	20	7	135006516	5.18494e-08
chr11	21	1	135006516	7.40705e-09
chr12	0	132570735	133851895	0.990429
chr12	1	1193788	133851895	0.00891872
chr12	2	79663	133851895	0.000595158
chr12	3	6813	133851895	5.08995e-05
chr12	4	833	133851895	6.2233e-06
chr12	5	63	133851895	4.70669e-07
chr13	0	113604252	115169878	0.986406
chr13	1	1441717	115169878	0.0125182
chr13	2	110808	115169878	0.000962127
chr13	3	11171	115169878	9.69958e-05
chr13	4	1658	115169878	1.43961e-05
chr13	5	231	115169878	2.00573e-06
chr13	6	24	115169878	2.08388e-07
chr13	7	13	115169878	1.12877e-07
chr13	8	4	115169878	3.47313e-08
chr14	0	106423844	107349540	0.991377
chr14	1	859215	107349540	0.0080039
chr14	2	59999	107349540	0.000558913
chr14	3	5936	107349540	5.5296e-05
chr14	4	501	107349540	4.667e-06
chr14	5	45	107349540	4.19191e-07
chr15	0	101667197	102531392	0.991571
chr15	1	799427	102531392	0.0077969
chr15	2	57908	102531392	0.000564783
chr15	3	6058	102531392	5.90843e-05
chr15	4	727	102531392	7.09051e-06
chr15	5	75	102531392	7.31483e-07
chr16	0	89461814	90354753	0.990117
chr16	1	826616	90354753	0.00914856
chr16	2	60301	90354753	0.000667381
chr16	3	5009	90354753	5.5437e-05
chr16	4	697	90354753	7.71404e-06
chr16	5	279	90354753	3.08783e-06
chr16	6	37	90354753	4.09497e-07
chr17	0	80145970	81195210	0.987078
chr17	1	968362	81195210	0.0119263
chr17	2	73134	81195210	0.000900718
chr17	3	6539	81195210	8.05343e-05
chr17	4	858	81195210	1.05671e-05
chr17	5	151	81195210	1.85972e-06
chr17	6	60	81195210	7.3896e-07
chr17	7	57	81195210	7.02012e-07
chr17	8	22	81195210	2.70952e-07
chr17	9	43	81195210	5.29588e-07
chr17	10	10	81195210	1.2316e-07
chr17	11	4	81195210	4.9264e-08
chr18	0	77497901	78077248	0.99258
chr18	1	539127	78077248	0.00690505
chr18	2	36103	78077248	0.000462401
chr18	3	3049	78077248	3.90511e-05
chr18	4	458	78077248	5.86599e-06
chr18	5	177	78077248	2.26699e-06
chr18	6	107	78077248	1.37044e-06
chr18	7	79	78077248	1.01182e-06
chr18	8	59	78077248	7.55662e-07
chr18	9	50	78077248	6.40391e-07
chr18	10	56	78077248	7.17238e-07
chr18	11	24	78077248	3.07388e-07
chr18	12	20	78077248	2.56157e-07
chr18	13	16	78077248	2.04925e-07
chr18	14	16	78077248	2.04925e-07
chr18	15	6	78077248	7.6847e-08
chr19	0	58614145	59128983	0.991293
chr19	1	476087	59128983	0.00805167
chr19	2	34055	59128983	0.000575944
chr19	3	3383	59128983	5.72139e-05
chr19	4	547	59128983	9.25096e-06
chr19	5	161	59128983	2.72286e-06
chr19	6	64	59128983	1.08238e-06
chr19	7	58	59128983	9.80906e-07
chr19	8	82	59128983	1.3868e-06
chr19	9	30	59128983	5.07365e-07
chr19	10	42	59128983	7.10312e-07
chr19	11	29	59128983	4.90453e-07
chr19	12	42	59128983	7.10312e-07
chr19	13	29	59128983	4.90453e-07
chr19	14	28	59128983	4.73541e-07
chr19	15	29	59128983	4.90453e-07
chr19	16	22	59128983	3.72068e-07
chr19	17	13	59128983	2.19858e-07
chr19	18	9	59128983	1.5221e-07
chr19	19	12	59128983	2.02946e-07
chr19	20	6	59128983	1.01473e-07
chr19	21	6	59128983	1.01473e-07
chr19	22	7	59128983	1.18385e-07
chr19	23	6	59128983	1.01473e-07
chr19	24	26	59128983	4.39717e-07
chr19	25	8	59128983	1.35297e-07
chr19	26	7	59128983	1.18385e-07
chr19	27	7	59128983	1.18385e-07
chr19	28	18	59128983	3.04419e-07
chr19	29	11	59128983	1.86034e-07
chr19	30	6	59128983	1.01473e-07
chr19	31	7	59128983	1.18385e-07
chr19	32	1	59128983	1.69122e-08
chr20	0	62414226	63025520	0.990301
chr20	1	567131	63025520	0.00899843
chr20	2	39748	63025520	0.000630665
chr20	3	3767	63025520	5.97694e-05
chr20	4	484	63025520	7.67943e-06
chr20	5	127	63025520	2.01506e-06
chr20	6	18	63025520	2.85599e-07
chr20	7	9	63025520	1.42799e-07
chr20	8	10	63025520	1.58666e-07
chr21	0	47597857	48129895	0.988946
chr21	1	491784	48129895	0.0102178
chr21	2	36475	48129895	0.000757845
chr21	3	3273	48129895	6.80035e-05
chr21	4	449	48129895	9.32892e-06
chr21	5	43	48129895	8.93416e-07
chr21	6	12	48129895	2.49325e-07
chr21	7	2	48129895	4.15542e-08
chr22	0	51099186	51304566	0.995997
chr22	1	191550	51304566	0.00373359
chr22	2	12504	51304566	0.000243721
chr22	3	1193	51304566	2.32533e-05
chr22	4	102	51304566	1.98813e-06
chr22	5	31	51304566	6.04235e-07
chrX	0	153393735	155270560	0.987912
chrX	1	1728680	155270560	0.0111333
chrX	2	131933	155270560	0.000849697
chrX	3	13323	155270560	8.58051e-05
chrX	4	2102	155270560	1.35377e-05
chrX	5	456	155270560	2.93681e-06
chrX	6	135	155270560	8.6945e-07
chrX	7	75	155270560	4.83028e-07
chrX	8	59	155270560	3.79982e-07
chrX	9	32	155270560	2.06092e-07
chrX	10	28	155270560	1.8033e-07
chrX	11	2	155270560	1.28807e-08
chrY	0	59329844	59373566	0.999264
chrY	1	42183	59373566	0.000710468
chrY	2	1335	59373566	2.24848e-05
chrY	3	98	59373566	1.65057e-06
chrY	4	82	59373566	1.38109e-06
chrY	5	19	59373566	3.20008e-07
chrY	6	5	59373566	8.42126e-08
chr1_gl000191_random	0	105933	106433	0.995302
chr1_gl000191_random	1	500	106433	0.00469779
chr1_gl000192_random	0	531408	547496	0.970615
chr1_gl000192_random	1	15455	547496	0.0282285
chr1_gl000192_random	2	604	547496	0.0011032
chr1_gl000192_random	3	29	547496	5.29684e-05
chr4_ctg9_hap1	0	585902	590426	0.992338
chr4_ctg9_hap1	1	4454	590426	0.00754371
chr4_ctg9_hap1	2	64	590426	0.000108396
chr4_ctg9_hap1	3	6	590426	1.01622e-05
chr4_gl000193_random	0	184916	189789	0.974324
chr4_gl000193_random	1	4548	189789	0.0239635
chr4_gl000193_random	2	323	189789	0.00170189
chr4_gl000193_random	3	2	189789	1.0538e-05
chr4_gl000194_random	0	185432	191469	0.96847
chr4_gl000194_random	1	5413	191469	0.0282709
chr4_gl000194_random	2	479	191469	0.00250171
chr4_gl000194_random	3	83	191469	0.000433491
chr4_gl000194_random	4	39	191469	0.000203688
chr4_gl000194_random	5	14	191469	7.31189e-05
chr4_gl000194_random	6	9	191469	4.7005e-05
chr6_apd_hap1	0	4616897	4622290	0.998833
chr6_apd_hap1	1	5386	4622290	0.00116522
chr6_apd_hap1	2	7	4622290	1.5144e-06
chr6_cox_hap2	0	4782182	4795371	0.99725
chr6_cox_hap2	1	12778	4795371	0.00266465
chr6_cox_hap2	2	411	4795371	8.57077e-05
chr6_dbb_hap3	0	4598227	4610396	0.997361
chr6_dbb_hap3	1	12088	4610396	0.0026219
chr6_dbb_hap3	2	81	4610396	1.7569e-05
chr6_mann_hap4	0	4671393	4683263	0.997465
chr6_mann_hap4	1	11740	4683263	0.0025068
chr6_mann_hap4	2	130	4683263	2.77584e-05
chr6_mcf_hap5	0	4821611	4833398	0.997561
chr6_mcf_hap5	1	11674	4833398	0.00241528
chr6_mcf_hap5	2	113	4833398	2.3379e-05
chr6_qbl_hap6	0	4600743	4611984	0.997563
chr6_qbl_hap6	1	11082	4611984	0.00240287
chr6_qbl_hap6	2	159	4611984	3.44754e-05
chr6_ssto_hap7	0	4917402	4928567	0.997735
chr6_ssto_hap7	1	11030	4928567	0.00223797
chr6_ssto_hap7	2	135	4928567	2.73913e-05
chr7_gl000195_random	0	172801	182896	0.944805
chr7_gl000195_random	1	9055	182896	0.049509
chr7_gl000195_random	2	934	182896	0.00510673
chr7_gl000195_random	3	73	182896	0.000399134
chr7_gl000195_random	4	7	182896	3.82731e-05
chr7_gl000195_random	5	26	182896	0.000142157
chr8_gl000196_random	0	38588	38914	0.991623
chr8_gl000196_random	1	302	38914	0.0077607
chr8_gl000196_random	2	24	38914	0.000616745
chr8_gl000197_random	0	37125	37175	0.998655
chr8_gl000197_random	1	50	37175	0.00134499
chr9_gl000198_random	0	86797	90085	0.963501
chr9_gl000198_random	1	2921	90085	0.0324249
chr9_gl000198_random	2	322	90085	0.0035744
chr9_gl000198_random	3	45	90085	0.000499528
chr9_gl000199_random	0	151227	169874	0.89023
chr9_gl000199_random	1	14668	169874	0.0863464
chr9_gl000199_random	2	2645	169874	0.0155704
chr9_gl000199_random	3	770	169874	0.00453277
chr9_gl000199_random	4	259	169874	0.00152466
chr9_gl000199_random	5	109	169874	0.000641652
chr9_gl000199_random	6	58	169874	0.00034143
chr9_gl000199_random	7	18	169874	0.000105961
chr9_gl000199_random	8	13	169874	7.65273e-05
chr9_gl000199_random	9	7	169874	4.1207e-05
chr9_gl000199_random	10	11	169874	6.47539e-05
chr9_gl000199_random	11	17	169874	0.000100074
chr9_gl000199_random	12	19	169874	0.000111848
chr9_gl000199_random	13	6	169874	3.53203e-05
chr9_gl000199_random	14	2	169874	1.17734e-05
chr9_gl000199_random	15	5	169874	2.94336e-05
chr9_gl000199_random	16	4	169874	2.35469e-05
chr9_gl000199_random	17	1	169874	5.88672e-06
chr9_gl000199_random	18	3	169874	1.76601e-05
chr9_gl000199_random	19	7	169874	4.1207e-05
chr9_gl000199_random	20	10	169874	5.88672e-05
chr9_gl000199_random	21	5	169874	2.94336e-05
chr9_gl000199_random	22	2	169874	1.17734e-05
chr9_gl000199_random	23	5	169874	2.94336e-05
chr9_gl000199_random	24	3	169874	1.76601e-05
chr9_gl000200_random	0	186095	187035	0.994974
chr9_gl000200_random	1	930	187035	0.00497233
chr9_gl000200_random	2	10	187035	5.34659e-05
chr9_gl000201_random	0	36048	36148	0.997234
chr9_gl000201_random	1	100	36148	0.0027664
chr11_gl000202_random	0	40053	40103	0.998753
chr11_gl000202_random	1	50	40103	0.00124679
chr17_ctg5_hap1	0	1672060	1680828	0.994784
chr17_ctg5_hap1	1	8486	1680828	0.0050487
chr17_ctg5_hap1	2	282	1680828	0.000167774
chr17_gl000203_random	0	36761	37498	0.980346
chr17_gl000203_random	1	537	37498	0.0143208
chr17_gl000203_random	2	108	37498	0.00288015
chr17_gl000203_random	3	71	37498	0.00189343
chr17_gl000203_random	4	21	37498	0.00056003
chr17_gl000204_random	0	80573	81310	0.990936
chr17_gl000204_random	1	724	81310	0.00890419
chr17_gl000204_random	2	13	81310	0.000159882
chr17_gl000205_random	0	167920	174588	0.961807
chr17_gl000205_random	1	6174	174588	0.0353633
chr17_gl000205_random	2	424	174588	0.00242857
chr17_gl000205_random	3	27	174588	0.00015465
chr17_gl000205_random	4	18	174588	0.0001031
chr17_gl000205_random	5	25	174588	0.000143194
chr17_gl000206_random	0	40901	41001	0.997561
chr17_gl000206_random	1	100	41001	0.00243896
chr18_gl000207_random	0	4212	4262	0.988268
chr18_gl000207_random	1	50	4262	0.0117316
chr19_gl000208_random	0	87066	92689	0.939335
chr19_gl000208_random	1	4741	92689	0.0511495
chr19_gl000208_random	2	572	92689	0.00617117
chr19_gl000208_random	3	174	92689	0.00187725
chr19_gl000208_random	4	89	92689	0.0009602
chr19_gl000208_random	5	45	92689	0.000485495
chr19_gl000208_random	6	2	92689	2.15775e-05
chr19_gl000209_random	0	159019	159169	0.999058
chr19_gl000209_random	1	150	159169	0.000942395
chr21_gl000210_random	0	27632	27682	0.998194
chr21_gl000210_random	1	50	27682	0.00180623
chrUn_gl000211	0	164266	166566	0.986192
chrUn_gl000211	1	2300	166566	0.0138083
chrUn_gl000212	0	183506	186858	0.982061
chrUn_gl000212	1	3157	186858	0.0168952
chrUn_gl000212	2	192	186858	0.00102752
chrUn_gl000212	3	3	186858	1.6055e-05
chrUn_gl000213	0	163106	164239	0.993102
chrUn_gl000213	1	1116	164239	0.00679498
chrUn_gl000213	2	17	164239	0.000103508
chrUn_gl000214	0	127056	137718	0.922581
chrUn_gl000214	1	8581	137718	0.0623085
chrUn_gl000214	2	1586	137718	0.0115163
chrUn_gl000214	3	285	137718	0.00206945
chrUn_gl000214	4	106	137718	0.000769689
chrUn_gl000214	5	44	137718	0.000319493
chrUn_gl000214	6	5	137718	3.63061e-05
chrUn_gl000214	7	26	137718	0.000188792
chrUn_gl000214	8	25	137718	0.00018153
chrUn_gl000214	9	4	137718	2.90449e-05
chrUn_gl000215	0	171988	172545	0.996772
chrUn_gl000215	1	514	172545	0.00297893
chrUn_gl000215	2	43	172545	0.00024921
chrUn_gl000216	0	168940	172294	0.980533
chrUn_gl000216	1	3230	172294	0.018747
chrUn_gl000216	2	102	172294	0.000592011
chrUn_gl000216	3	22	172294	0.000127689
chrUn_gl000217	0	169166	172149	0.982672
chrUn_gl000217	1	2916	172149	0.0169388
chrUn_gl000217	2	67	172149	0.000389198
chrUn_gl000218	0	157410	161147	0.97681
chrUn_gl000218	1	3524	161147	0.0218682
chrUn_gl000218	2	213	161147	0.00132177
chrUn_gl000219	0	175179	179198	0.977572
chrUn_gl000219	1	3860	179198	0.0215404
chrUn_gl000219	2	99	179198	0.000552462
chrUn_gl000219	3	48	179198	0.00026786
chrUn_gl000219	4	12	179198	6.6965e-05
chrUn_gl000220	0	132504	161802	0.818927
chrUn_gl000220	1	15805	161802	0.0976811
chrUn_gl000220	2	5971	161802	0.0369031
chrUn_gl000220	3	3130	161802	0.0193446
chrUn_gl000220	4	1593	161802	0.00984537
chrUn_gl000220	5	951	161802	0.00587755
chrUn_gl000220	6	656	161802	0.00405434
chrUn_gl000220	7	463	161802	0.00286152
chrUn_gl000220	8	325	161802	0.00200863
chrUn_gl000220	9	145	161802	0.000896157
chrUn_gl000220	10	81	161802	0.000500612
chrUn_gl000220	11	51	161802	0.0003152
chrUn_gl000220	12	16	161802	9.88863e-05
chrUn_gl000220	13	31	161802	0.000191592
chrUn_gl000220	14	15	161802	9.27059e-05
chrUn_gl000220	15	19	161802	0.000117427
chrUn_gl000220	16	4	161802	2.47216e-05
chrUn_gl000220	17	9	161802	5.56235e-05
chrUn_gl000220	18	5	161802	3.0902e-05
chrUn_gl000220	19	4	161802	2.47216e-05
chrUn_gl000220	20	7	161802	4.32628e-05
chrUn_gl000220	21	6	161802	3.70824e-05
chrUn_gl000220	22	9	161802	5.56235e-05
chrUn_gl000220	23	2	161802	1.23608e-05
chrUn_gl000221	0	150363	155397	0.967606
chrUn_gl000221	1	4855	155397	0.0312426
chrUn_gl000221	2	142	155397	0.000913789
chrUn_gl000221	3	37	155397	0.0002381
chrUn_gl000222	0	185682	186861	0.99369
chrUn_gl000222	1	1108	186861	0.00592954
chrUn_gl000222	2	71	186861	0.000379962
chrUn_gl000223	0	180055	180455	0.997783
chrUn_gl000223	1	400	180455	0.00221662
chrUn_gl000224	0	173685	179693	0.966565
chrUn_gl000224	1	4733	179693	0.0263394
chrUn_gl000224	2	913	179693	0.00508089
chrUn_gl000224	3	322	179693	0.00179195
chrUn_gl000224	4	25	179693	0.000139126
chrUn_gl000224	5	15	179693	8.34757e-05
chrUn_gl000225	0	206150	211173	0.976214
chrUn_gl000225	1	4646	211173	0.0220009
chrUn_gl000225	2	327	211173	0.00154849
chrUn_gl000225	3	50	211173	0.000236773
chrUn_gl000226	0	2251	15008	0.149987
chrUn_gl000226	1	2286	15008	0.152319
chrUn_gl000226	2	2295	15008	0.152918
chrUn_gl000226	3	2313	15008	0.154118
chrUn_gl000226	4	1759	15008	0.117204
chrUn_gl000226	5	1302	15008	0.0867537
chrUn_gl000226	6	985	15008	0.0656317
chrUn_gl000226	7	559	15008	0.0372468
chrUn_gl000226	8	400	15008	0.0266525
chrUn_gl000226	9	288	15008	0.0191898
chrUn_gl000226	10	183	15008	0.0121935
chrUn_gl000226	11	125	15008	0.00832889
chrUn_gl000226	12	57	15008	0.00379797
chrUn_gl000226	13	27	15008	0.00179904
chrUn_gl000226	14	13	15008	0.000866205
chrUn_gl000226	15	40	15008	0.00266525
chrUn_gl000226	16	32	15008	0.0021322
chrUn_gl000226	17	38	15008	0.00253198
chrUn_gl000226	18	22	15008	0.00146588
chrUn_gl000226	19	12	15008	0.000799574
chrUn_gl000226	20	21	15008	0.00139925
chrUn_gl000227	0	127148	128374	0.99045
chrUn_gl000227	1	1152	128374	0.00897378
chrUn_gl000227	2	74	128374	0.000576441
chrUn_gl000228	0	128422	129120	0.994594
chrUn_gl000228	1	696	129120	0.00539033
chrUn_gl000228	2	2	129120	1.54895e-05
chrUn_gl000229	0	19441	19913	0.976297
chrUn_gl000229	1	394	19913	0.0197861
chrUn_gl000229	2	78	19913	0.00391704
chrUn_gl000230	0	43241	43691	0.9897
chrUn_gl000230	1	450	43691	0.0102996
chrUn_gl000231	0	27007	27386	0.986161
chrUn_gl000231	1	358	27386	0.0130724
chrUn_gl000231	2	21	27386	0.000766815
chrUn_gl000232	0	38630	40652	0.950261
chrUn_gl000232	1	1894	40652	0.0465906
chrUn_gl000232	2	128	40652	0.00314868
chrUn_gl000233	0	44943	45941	0.978276
chrUn_gl000233	1	901	45941	0.0196121
chrUn_gl000233	2	92	45941	0.00200257
chrUn_gl000233	3	5	45941	0.000108835
chrUn_gl000234	0	38595	40531	0.952234
chrUn_gl000234	1	1772	40531	0.0437196
chrUn_gl000234	2	164	40531	0.00404629
chrUn_gl000235	0	32171	34474	0.933196
chrUn_gl000235	1	2156	34474	0.0625399
chrUn_gl000235	2	147	34474	0.00426408
chrUn_gl000236	0	41434	41934	0.988077
chrUn_gl000236	1	500	41934	0.0119235
chrUn_gl000237	0	44785	45867	0.97641
chrUn_gl000237	1	1016	45867	0.022151
chrUn_gl000237	2	64	45867	0.00139534
chrUn_gl000237	3	2	45867	4.36043e-05
chrUn_gl000238	0	39839	39939	0.997496
chrUn_gl000238	1	100	39939	0.00250382
chrUn_gl000239	0	33124	33824	0.979305
chrUn_gl000239	1	700	33824	0.0206954
chrUn_gl000240	0	40597	41933	0.96814
chrUn_gl000240	1	1140	41933	0.0271862
chrUn_gl000240	2	178	41933	0.00424487
chrUn_gl000240	3	18	41933	0.000429256
chrUn_gl000241	0	39927	42152	0.947215
chrUn_gl000241	1	2008	42152	0.0476371
chrUn_gl000241	2	159	42152	0.00377206
chrUn_gl000241	3	58	42152	0.00137597
chrUn_gl000242	0	43373	43523	0.996554
chrUn_gl000242	1	150	43523	0.00344645
chrUn_gl000243	0	42011	43341	0.969313
chrUn_gl000243	1	1235	43341	0.028495
chrUn_gl000243	2	70	43341	0.0016151
chrUn_gl000243	3	25	43341	0.000576821
chrUn_gl000244	0	39729	39929	0.994991
chrUn_gl000244	1	200	39929	0.00500889
chrUn_gl000245	0	35732	36651	0.974926
chrUn_gl000245	1	888	36651	0.0242285
chrUn_gl000245	2	31	36651	0.000845816
chrUn_gl000246	0	38004	38154	0.996069
chrUn_gl000246	1	150	38154	0.00393144
chrUn_gl000247	0	35722	36422	0.980781
chrUn_gl000247	1	650	36422	0.0178464
chrUn_gl000247	2	50	36422	0.0013728
chrUn_gl000248	0	39536	39786	0.993716
chrUn_gl000248	1	250	39786	0.00628362
chrUn_gl000249	0	38352	38502	0.996104
chrUn_gl000249	1	150	38502	0.0038959
genome	0	3100492767	3137161264	0.988312
genome	1	33842460	3137161264	0.0107876
genome	2	2512138	3137161264	0.000800768
genome	3	250347	3137161264	7.98005e-05
genome	4	37236	3137161264	1.18693e-05
genome	5	9545	3137161264	3.04256e-06
genome	6	4274	3137161264	1.36238e-06
genome	7	2616	3137161264	8.33875e-07
genome	8	1773	3137161264	5.65161e-07
genome	9	1177	3137161264	3.7518e-07
genome	10	900	3137161264	2.86884e-07
genome	11	746	3137161264	2.37795e-07
genome	12	726	3137161264	2.31419e-07
genome	13	559	3137161264	1.78187e-07
genome	14	494	3137161264	1.57467e-07
genome	15	437	3137161264	1.39298e-07
genome	16	405	3137161264	1.29098e-07
genome	17	394	3137161264	1.25591e-07
genome	18	305	3137161264	9.72217e-08
genome	19	225	3137161264	7.17209e-08
genome	20	220	3137161264	7.01271e-08
genome	21	140	3137161264	4.46263e-08
genome	22	154	3137161264	4.9089e-08
genome	23	123	3137161264	3.92074e-08
genome	24	120	3137161264	3.82511e-08
genome	25	148	3137161264	4.71764e-08
genome	26	137	3137161264	4.36701e-08
genome	27	99	3137161264	3.15572e-08
genome	28	112	3137161264	3.57011e-08
genome	29	92	3137161264	2.93259e-08
genome	30	54	3137161264	1.7213e-08
genome	31	42	3137161264	1.33879e-08
genome	32	27	3137161264	8.60651e-09
genome	33	23	3137161264	7.33147e-09
genome	34	17	3137161264	5.41891e-09
genome	35	9	3137161264	2.86884e-09
genome	36	11	3137161264	3.50635e-09
genome	37	10	3137161264	3.1876e-09
genome	38	17	3137161264	5.41891e-09
genome	39	21	3137161264	6.69395e-09
genome	40	16	3137161264	5.10015e-09
genome	41	20	3137161264	6.37519e-09
genome	42	19	3137161264	6.05643e-09
genome	43	14	3137161264	4.46263e-09
genome	44	10	3137161264	3.1876e-09
genome	45	10	3137161264	3.1876e-09
genome	46	19	3137161264	6.05643e-09
genome	47	11	3137161264	3.50635e-09
genome	48	9	3137161264	2.86884e-09
genome	49	13	3137161264	4.14387e-09
genome	50	9	3137161264	2.86884e-09
genome	51	12	3137161264	3.82511e-09
genome	52	1	3137161264	3.1876e-10
genome	53	1	3137161264	3.1876e-10
