chrM	0	2980	16571	0.179832
chrM	1	3998	16571	0.241265
chrM	2	3588	16571	0.216523
chrM	3	2167	16571	0.130771
chrM	4	1670	16571	0.100778
chrM	5	1231	16571	0.0742864
chrM	6	549	16571	0.0331302
chrM	7	248	16571	0.0149659
chrM	8	80	16571	0.00482771
chrM	9	14	16571	0.000844849
chrM	10	16	16571	0.000965542
chrM	11	26	16571	0.00156901
chrM	12	4	16571	0.000241386
chr1	0	244443623	249250621	0.980714
chr1	1	4462062	249250621	0.0179019
chr1	2	313589	249250621	0.00125813
chr1	3	27137	249250621	0.000108874
chr1	4	2610	249250621	1.04714e-05
chr1	5	372	249250621	1.49247e-06
chr1	6	90	249250621	3.61082e-07
chr1	7	46	249250621	1.84553e-07
chr1	8	20	249250621	8.02405e-08
chr1	9	35	249250621	1.40421e-07
chr1	10	22	249250621	8.82646e-08
chr1	11	37	249250621	1.48445e-07
chr1	12	56	249250621	2.24673e-07
chr1	13	48	249250621	1.92577e-07
chr1	14	51	249250621	2.04613e-07
chr1	15	45	249250621	1.80541e-07
chr1	16	58	249250621	2.32698e-07
chr1	17	46	249250621	1.84553e-07
chr1	18	60	249250621	2.40722e-07
chr1	19	52	249250621	2.08625e-07
chr1	20	38	249250621	1.52457e-07
chr1	21	44	249250621	1.76529e-07
chr1	22	58	249250621	2.32698e-07
chr1	23	42	249250621	1.68505e-07
chr1	24	19	249250621	7.62285e-08
chr1	25	12	249250621	4.81443e-08
chr1	26	14	249250621	5.61684e-08
chr1	27	14	249250621	5.61684e-08
chr1	28	11	249250621	4.41323e-08
chr1	29	23	249250621	9.22766e-08
chr1	30	28	249250621	1.12337e-07
chr1	31	22	249250621	8.82646e-08
chr1	32	15	249250621	6.01804e-08
chr1	33	30	249250621	1.20361e-07
chr1	34	31	249250621	1.24373e-07
chr1	35	31	249250621	1.24373e-07
chr1	36	18	249250621	7.22165e-08
chr1	37	20	249250621	8.02405e-08
chr1	38	5	249250621	2.00601e-08
chr1	39	4	249250621	1.60481e-08
chr1	40	9	249250621	3.61082e-08
chr1	41	9	249250621	3.61082e-08
chr1	42	9	249250621	3.61082e-08
chr1	43	5	249250621	2.00601e-08
chr1	44	11	249250621	4.41323e-08
chr1	45	16	249250621	6.41924e-08
chr1	46	8	249250621	3.20962e-08
chr1	47	8	249250621	3.20962e-08
chr1	48	5	249250621	2.00601e-08
chr1	49	2	249250621	8.02405e-09
chr1	50	1	249250621	4.01203e-09
chr2	0	240234414	243199373	0.987809
chr2	1	2785261	243199373	0.0114526
chr2	2	164393	243199373	0.00067596
chr2	3	12236	243199373	5.03126e-05
chr2	4	1873	243199373	7.7015e-06
chr2	5	604	243199373	2.48356e-06
chr2	6	270	243199373	1.1102e-06
chr2	7	182	243199373	7.48357e-07
chr2	8	75	243199373	3.08389e-07
chr2	9	26	243199373	1.06908e-07
chr2	10	24	243199373	9.86845e-08
chr2	11	15	243199373	6.16778e-08
chr3	0	195934441	198022430	0.989456
chr3	1	1968145	198022430	0.009939
chr3	2	112199	198022430	0.000566597
chr3	3	7212	198022430	3.64201e-05
chr3	4	312	198022430	1.57558e-06
chr3	5	46	198022430	2.32297e-07
chr3	6	17	198022430	8.58489e-08
chr3	7	8	198022430	4.03995e-08
chr3	8	8	198022430	4.03995e-08
chr3	9	19	198022430	9.59487e-08
chr3	10	8	198022430	4.03995e-08
chr3	11	10	198022430	5.04993e-08
chr3	12	5	198022430	2.52497e-08
chr4	0	188889959	191154276	0.988154
chr4	1	2129426	191154276	0.0111398
chr4	2	126293	191154276	0.000660686
chr4	3	7777	191154276	4.06844e-05
chr4	4	636	191154276	3.32716e-06
chr4	5	147	191154276	7.69012e-07
chr4	6	38	191154276	1.98792e-07
chr5	0	178056935	180915260	0.984201
chr5	1	2678144	180915260	0.0148033
chr5	2	167683	180915260	0.000926859
chr5	3	11643	180915260	6.43561e-05
chr5	4	814	180915260	4.49934e-06
chr5	5	41	180915260	2.26625e-07
chr6	0	168544926	171115067	0.98498
chr6	1	2402418	171115067	0.0140398
chr6	2	151964	171115067	0.000888081
chr6	3	11723	171115067	6.85095e-05
chr6	4	1355	171115067	7.91865e-06
chr6	5	413	171115067	2.41358e-06
chr6	6	456	171115067	2.66487e-06
chr6	7	318	171115067	1.8584e-06
chr6	8	328	171115067	1.91684e-06
chr6	9	303	171115067	1.77074e-06
chr6	10	215	171115067	1.25646e-06
chr6	11	190	171115067	1.11036e-06
chr6	12	152	171115067	8.88291e-07
chr6	13	146	171115067	8.53227e-07
chr6	14	52	171115067	3.03889e-07
chr6	15	54	171115067	3.15577e-07
chr6	16	31	171115067	1.81165e-07
chr6	17	23	171115067	1.34412e-07
chr7	0	156416739	159138663	0.982896
chr7	1	2546463	159138663	0.0160015
chr7	2	161353	159138663	0.00101391
chr7	3	11379	159138663	7.15037e-05
chr7	4	921	159138663	5.78741e-06
chr7	5	196	159138663	1.23163e-06
chr7	6	103	159138663	6.47234e-07
chr7	7	104	159138663	6.53518e-07
chr7	8	75	159138663	4.71287e-07
chr7	9	94	159138663	5.9068e-07
chr7	10	86	159138663	5.40409e-07
chr7	11	80	159138663	5.02706e-07
chr7	12	123	159138663	7.72911e-07
chr7	13	90	159138663	5.65545e-07
chr7	14	65	159138663	4.08449e-07
chr7	15	57	159138663	3.58178e-07
chr7	16	58	159138663	3.64462e-07
chr7	17	59	159138663	3.70746e-07
chr7	18	60	159138663	3.7703e-07
chr7	19	49	159138663	3.07908e-07
chr7	20	40	159138663	2.51353e-07
chr7	21	36	159138663	2.26218e-07
chr7	22	50	159138663	3.14191e-07
chr7	23	64	159138663	4.02165e-07
chr7	24	66	159138663	4.14733e-07
chr7	25	74	159138663	4.65003e-07
chr7	26	51	159138663	3.20475e-07
chr7	27	35	159138663	2.19934e-07
chr7	28	31	159138663	1.94799e-07
chr7	29	15	159138663	9.42574e-08
chr7	30	20	159138663	1.25677e-07
chr7	31	15	159138663	9.42574e-08
chr7	32	4	159138663	2.51353e-08
chr7	33	6	159138663	3.7703e-08
chr7	34	2	159138663	1.25677e-08
chr8	0	144699765	146364022	0.988629
chr8	1	1563686	146364022	0.0106835
chr8	2	92366	146364022	0.00063107
chr8	3	6913	146364022	4.72316e-05
chr8	4	805	146364022	5.49999e-06
chr8	5	218	146364022	1.48944e-06
chr8	6	98	146364022	6.69563e-07
chr8	7	43	146364022	2.93788e-07
chr8	8	23	146364022	1.57142e-07
chr8	9	16	146364022	1.09316e-07
chr8	10	10	146364022	6.83228e-08
chr8	11	9	146364022	6.14905e-08
chr8	12	7	146364022	4.7826e-08
chr8	13	26	146364022	1.77639e-07
chr8	14	3	146364022	2.04968e-08
chr8	15	2	146364022	1.36646e-08
chr8	16	7	146364022	4.7826e-08
chr8	17	5	146364022	3.41614e-08
chr8	18	4	146364022	2.73291e-08
chr8	19	16	146364022	1.09316e-07
chr9	0	139948912	141213431	0.991045
chr9	1	1191764	141213431	0.00843945
chr9	2	67451	141213431	0.000477653
chr9	3	4815	141213431	3.40973e-05
chr9	4	294	141213431	2.08196e-06
chr9	5	102	141213431	7.22311e-07
chr9	6	43	141213431	3.04504e-07
chr9	7	28	141213431	1.98281e-07
chr9	8	3	141213431	2.12444e-08
chr9	9	15	141213431	1.06222e-07
chr9	10	4	141213431	2.83259e-08
chr10	0	134122980	135534747	0.989584
chr10	1	1325720	135534747	0.0097814
chr10	2	77237	135534747	0.000569869
chr10	3	5674	135534747	4.18638e-05
chr10	4	1055	135534747	7.78398e-06
chr10	5	420	135534747	3.09884e-06
chr10	6	338	135534747	2.49383e-06
chr10	7	248	135534747	1.82979e-06
chr10	8	198	135534747	1.46088e-06
chr10	9	194	135534747	1.43137e-06
chr10	10	134	135534747	9.88676e-07
chr10	11	104	135534747	7.67331e-07
chr10	12	118	135534747	8.70625e-07
chr10	13	101	135534747	7.45196e-07
chr10	14	64	135534747	4.72204e-07
chr10	15	48	135534747	3.54153e-07
chr10	16	39	135534747	2.87749e-07
chr10	17	31	135534747	2.28724e-07
chr10	18	14	135534747	1.03295e-07
chr10	19	14	135534747	1.03295e-07
chr10	20	14	135534747	1.03295e-07
chr10	21	2	135534747	1.47564e-08
chr11	0	133487339	135006516	0.988747
chr11	1	1426737	135006516	0.0105679
chr11	2	85279	135006516	0.000631666
chr11	3	5626	135006516	4.16721e-05
chr11	4	921	135006516	6.82189e-06
chr11	5	289	135006516	2.14064e-06
chr11	6	123	135006516	9.11067e-07
chr11	7	60	135006516	4.44423e-07
chr11	8	47	135006516	3.48131e-07
chr11	9	8	135006516	5.92564e-08
chr11	10	7	135006516	5.18494e-08
chr11	11	5	135006516	3.70352e-08
chr11	12	4	135006516	2.96282e-08
chr11	13	3	135006516	2.22212e-08
chr11	14	1	135006516	7.40705e-09
chr11	15	6	135006516	4.44423e-08
chr11	16	5	135006516	3.70352e-08
chr11	17	1	135006516	7.40705e-09
chr11	18	5	135006516	3.70352e-08
chr11	19	5	135006516	3.70352e-08
chr11	20	1	135006516	7.40705e-09
chr11	21	5	135006516	3.70352e-08
chr11	22	6	135006516	4.44423e-08
chr11	23	2	135006516	1.48141e-08
chr11	24	8	135006516	5.92564e-08
chr11	25	8	135006516	5.92564e-08
chr11	26	6	135006516	4.44423e-08
chr11	27	9	135006516	6.66635e-08
chr12	0	132292872	133851895	0.988353
chr12	1	1464964	133851895	0.0109447
chr12	2	87190	133851895	0.000651392
chr12	3	6105	133851895	4.56101e-05
chr12	4	619	133851895	4.62451e-06
chr12	5	90	133851895	6.72385e-07
chr12	6	25	133851895	1.86774e-07
chr12	7	25	133851895	1.86774e-07
chr12	8	5	133851895	3.73547e-08
chr13	0	113627579	115169878	0.986608
chr13	1	1444886	115169878	0.0125457
chr13	2	91165	115169878	0.00079157
chr13	3	5621	115169878	4.88062e-05
chr13	4	564	115169878	4.89711e-06
chr13	5	63	115169878	5.47018e-07
chr14	0	106296034	107349540	0.990186
chr14	1	991356	107349540	0.00923484
chr14	2	57702	107349540	0.000537515
chr14	3	3923	107349540	3.65442e-05
chr14	4	475	107349540	4.4248e-06
chr14	5	29	107349540	2.70146e-07
chr14	6	21	107349540	1.95623e-07
chr15	0	101679695	102531392	0.991693
chr15	1	800977	102531392	0.00781202
chr15	2	47486	102531392	0.000463136
chr15	3	2947	102531392	2.87424e-05
chr15	4	275	102531392	2.68211e-06
chr15	5	12	102531392	1.17037e-07
chr16	0	89553353	90354753	0.991131
chr16	1	753946	90354753	0.00834429
chr16	2	44127	90354753	0.000488375
chr16	3	2947	90354753	3.26159e-05
chr16	4	301	90354753	3.33131e-06
chr16	5	37	90354753	4.09497e-07
chr16	6	24	90354753	2.6562e-07
chr16	7	18	90354753	1.99215e-07
chr17	0	80330839	81195210	0.989354
chr17	1	810851	81195210	0.00998644
chr17	2	49315	81195210	0.000607363
chr17	3	3767	81195210	4.63944e-05
chr17	4	352	81195210	4.33523e-06
chr17	5	27	81195210	3.32532e-07
chr17	6	38	81195210	4.68008e-07
chr17	7	21	81195210	2.58636e-07
chr18	0	77614241	78077248	0.99407
chr18	1	435902	78077248	0.00558296
chr18	2	24752	78077248	0.000317019
chr18	3	1637	78077248	2.09664e-05
chr18	4	200	78077248	2.56157e-06
chr18	5	108	78077248	1.38325e-06
chr18	6	113	78077248	1.44728e-06
chr18	7	105	78077248	1.34482e-06
chr18	8	69	78077248	8.8374e-07
chr18	9	60	78077248	7.6847e-07
chr18	10	41	78077248	5.25121e-07
chr18	11	13	78077248	1.66502e-07
chr18	12	6	78077248	7.6847e-08
chr18	13	1	78077248	1.28078e-08
chr19	0	58626002	59128983	0.991493
chr19	1	472200	59128983	0.00798593
chr19	2	27736	59128983	0.000469076
chr19	3	1978	59128983	3.34523e-05
chr19	4	402	59128983	6.7987e-06
chr19	5	101	59128983	1.70813e-06
chr19	6	139	59128983	2.35079e-06
chr19	7	101	59128983	1.70813e-06
chr19	8	68	59128983	1.15003e-06
chr19	9	36	59128983	6.08838e-07
chr19	10	17	59128983	2.87507e-07
chr19	11	17	59128983	2.87507e-07
chr19	12	14	59128983	2.36771e-07
chr19	13	23	59128983	3.8898e-07
chr19	14	19	59128983	3.21331e-07
chr19	15	31	59128983	5.24278e-07
chr19	16	11	59128983	1.86034e-07
chr19	17	29	59128983	4.90453e-07
chr19	18	15	59128983	2.53683e-07
chr19	19	14	59128983	2.36771e-07
chr19	20	2	59128983	3.38244e-08
chr19	21	8	59128983	1.35297e-07
chr19	22	9	59128983	1.5221e-07
chr19	23	8	59128983	1.35297e-07
chr19	24	3	59128983	5.07365e-08
chr20	0	62454049	63025520	0.990933
chr20	1	537167	63025520	0.00852301
chr20	2	32078	63025520	0.000508968
chr20	3	2129	63025520	3.378e-05
chr20	4	95	63025520	1.50733e-06
chr20	5	2	63025520	3.17332e-08
chr21	0	47591016	48129895	0.988804
chr21	1	505205	48129895	0.0104967
chr21	2	31099	48129895	0.000646147
chr21	3	2388	48129895	4.96157e-05
chr21	4	152	48129895	3.15812e-06
chr21	5	35	48129895	7.27199e-07
chr22	0	50982651	51304566	0.993725
chr22	1	304479	51304566	0.00593473
chr22	2	16382	51304566	0.000319309
chr22	3	1009	51304566	1.96669e-05
chr22	4	45	51304566	8.77115e-07
chrX	0	153532165	155270560	0.988804
chrX	1	1631396	155270560	0.0105068
chrX	2	99169	155270560	0.000638685
chrX	3	6733	155270560	4.3363e-05
chrX	4	936	155270560	6.02819e-06
chrX	5	108	155270560	6.9556e-07
chrX	6	43	155270560	2.76936e-07
chrX	7	5	155270560	3.22019e-08
chrX	8	5	155270560	3.22019e-08
chrY	0	59325986	59373566	0.999199
chrY	1	45955	59373566	0.000773998
chrY	2	1360	59373566	2.29058e-05
chrY	3	142	59373566	2.39164e-06
chrY	4	44	59373566	7.4107e-07
chrY	5	41	59373566	6.90543e-07
chrY	6	14	59373566	2.35795e-07
chrY	7	8	59373566	1.3474e-07
chrY	8	16	59373566	2.6948e-07
chr1_gl000191_random	0	105768	106433	0.993752
chr1_gl000191_random	1	615	106433	0.00577828
chr1_gl000191_random	2	15	106433	0.000140934
chr1_gl000191_random	3	35	106433	0.000328845
chr1_gl000192_random	0	530199	547496	0.968407
chr1_gl000192_random	1	16082	547496	0.0293737
chr1_gl000192_random	2	1177	547496	0.00214979
chr1_gl000192_random	3	38	547496	6.94069e-05
chr4_ctg9_hap1	0	586421	590426	0.993217
chr4_ctg9_hap1	1	3827	590426	0.00648176
chr4_ctg9_hap1	2	161	590426	0.000272684
chr4_ctg9_hap1	3	17	590426	2.87928e-05
chr4_gl000193_random	0	185789	189789	0.978924
chr4_gl000193_random	1	3823	189789	0.0201434
chr4_gl000193_random	2	154	189789	0.000811427
chr4_gl000193_random	3	23	189789	0.000121187
chr4_gl000194_random	0	186441	191469	0.97374
chr4_gl000194_random	1	4795	191469	0.0250432
chr4_gl000194_random	2	194	191469	0.00101322
chr4_gl000194_random	3	39	191469	0.000203688
chr6_apd_hap1	0	4617095	4622290	0.998876
chr6_apd_hap1	1	5190	4622290	0.00112282
chr6_apd_hap1	2	5	4622290	1.08171e-06
chr6_cox_hap2	0	4782211	4795371	0.997256
chr6_cox_hap2	1	13120	4795371	0.00273597
chr6_cox_hap2	2	40	4795371	8.34138e-06
chr6_dbb_hap3	0	4598377	4610396	0.997393
chr6_dbb_hap3	1	11938	4610396	0.00258937
chr6_dbb_hap3	2	81	4610396	1.7569e-05
chr6_mann_hap4	0	4669004	4683263	0.996955
chr6_mann_hap4	1	14018	4683263	0.00299321
chr6_mann_hap4	2	241	4683263	5.14598e-05
chr6_mcf_hap5	0	4822409	4833398	0.997726
chr6_mcf_hap5	1	10778	4833398	0.0022299
chr6_mcf_hap5	2	211	4833398	4.36546e-05
chr6_qbl_hap6	0	4601599	4611984	0.997748
chr6_qbl_hap6	1	10170	4611984	0.00220512
chr6_qbl_hap6	2	215	4611984	4.66177e-05
chr6_ssto_hap7	0	4916278	4928567	0.997507
chr6_ssto_hap7	1	12078	4928567	0.00245061
chr6_ssto_hap7	2	211	4928567	4.28116e-05
chr7_gl000195_random	0	174142	182896	0.952137
chr7_gl000195_random	1	8004	182896	0.0437626
chr7_gl000195_random	2	661	182896	0.00361408
chr7_gl000195_random	3	82	182896	0.000448342
chr7_gl000195_random	4	7	182896	3.82731e-05
chr8_gl000196_random	0	38791	38914	0.996839
chr8_gl000196_random	1	96	38914	0.00246698
chr8_gl000196_random	2	27	38914	0.000693838
chr9_gl000198_random	0	84542	90085	0.938469
chr9_gl000198_random	1	5128	90085	0.056924
chr9_gl000198_random	2	373	90085	0.00414053
chr9_gl000198_random	3	42	90085	0.000466226
chr9_gl000199_random	0	147490	169874	0.868232
chr9_gl000199_random	1	17855	169874	0.105107
chr9_gl000199_random	2	2829	169874	0.0166535
chr9_gl000199_random	3	852	169874	0.00501548
chr9_gl000199_random	4	350	169874	0.00206035
chr9_gl000199_random	5	136	169874	0.000800593
chr9_gl000199_random	6	146	169874	0.000859461
chr9_gl000199_random	7	104	169874	0.000612218
chr9_gl000199_random	8	40	169874	0.000235469
chr9_gl000199_random	9	23	169874	0.000135394
chr9_gl000199_random	10	6	169874	3.53203e-05
chr9_gl000199_random	11	4	169874	2.35469e-05
chr9_gl000199_random	12	5	169874	2.94336e-05
chr9_gl000199_random	13	6	169874	3.53203e-05
chr9_gl000199_random	14	6	169874	3.53203e-05
chr9_gl000199_random	15	13	169874	7.65273e-05
chr9_gl000199_random	16	5	169874	2.94336e-05
chr9_gl000199_random	17	3	169874	1.76601e-05
chr9_gl000199_random	18	1	169874	5.88672e-06
chr9_gl000200_random	0	186535	187035	0.997327
chr9_gl000200_random	1	500	187035	0.0026733
chr9_gl000201_random	0	36063	36148	0.997649
chr9_gl000201_random	1	70	36148	0.00193648
chr9_gl000201_random	2	15	36148	0.000414961
chr11_gl000202_random	0	39753	40103	0.991272
chr11_gl000202_random	1	350	40103	0.00872753
chr17_ctg5_hap1	0	1674613	1680828	0.996302
chr17_ctg5_hap1	1	6030	1680828	0.00358752
chr17_ctg5_hap1	2	185	1680828	0.000110065
chr17_gl000203_random	0	36649	37498	0.977359
chr17_gl000203_random	1	769	37498	0.0205078
chr17_gl000203_random	2	59	37498	0.00157342
chr17_gl000203_random	3	21	37498	0.00056003
chr17_gl000204_random	0	80307	81310	0.987665
chr17_gl000204_random	1	956	81310	0.0117575
chr17_gl000204_random	2	47	81310	0.000578035
chr17_gl000205_random	0	167726	174588	0.960696
chr17_gl000205_random	1	6624	174588	0.0379408
chr17_gl000205_random	2	238	174588	0.00136321
chr17_gl000206_random	0	40751	41001	0.993903
chr17_gl000206_random	1	250	41001	0.00609741
chr18_gl000207_random	0	4012	4262	0.941342
chr18_gl000207_random	1	250	4262	0.0586579
chr19_gl000208_random	0	87128	92689	0.940004
chr19_gl000208_random	1	4699	92689	0.0506964
chr19_gl000208_random	2	609	92689	0.00657036
chr19_gl000208_random	3	229	92689	0.00247063
chr19_gl000208_random	4	24	92689	0.00025893
chr19_gl000209_random	0	159119	159169	0.999686
chr19_gl000209_random	1	50	159169	0.000314132
chr21_gl000210_random	0	27632	27682	0.998194
chr21_gl000210_random	1	50	27682	0.00180623
chrUn_gl000211	0	163761	166566	0.98316
chrUn_gl000211	1	2560	166566	0.0153693
chrUn_gl000211	2	245	166566	0.00147089
chrUn_gl000212	0	182312	186858	0.975671
chrUn_gl000212	1	4278	186858	0.0228944
chrUn_gl000212	2	232	186858	0.00124158
chrUn_gl000212	3	36	186858	0.00019266
chrUn_gl000213	0	163739	164239	0.996956
chrUn_gl000213	1	500	164239	0.00304434
chrUn_gl000214	0	129833	137718	0.942745
chrUn_gl000214	1	6712	137718	0.0487373
chrUn_gl000214	2	875	137718	0.00635356
chrUn_gl000214	3	153	137718	0.00111097
chrUn_gl000214	4	75	137718	0.000544591
chrUn_gl000214	5	42	137718	0.000304971
chrUn_gl000214	6	27	137718	0.000196053
chrUn_gl000214	7	1	137718	7.26122e-06
chrUn_gl000215	0	171695	172545	0.995074
chrUn_gl000215	1	850	172545	0.00492625
chrUn_gl000216	0	168950	172294	0.980591
chrUn_gl000216	1	3038	172294	0.0176327
chrUn_gl000216	2	306	172294	0.00177603
chrUn_gl000217	0	168707	172149	0.980006
chrUn_gl000217	1	3184	172149	0.0184956
chrUn_gl000217	2	258	172149	0.0014987
chrUn_gl000218	0	156858	161147	0.973385
chrUn_gl000218	1	4028	161147	0.0249958
chrUn_gl000218	2	261	161147	0.00161964
chrUn_gl000219	0	174642	179198	0.974576
chrUn_gl000219	1	4138	179198	0.0230918
chrUn_gl000219	2	392	179198	0.00218752
chrUn_gl000219	3	26	179198	0.000145091
chrUn_gl000220	0	134176	161802	0.82926
chrUn_gl000220	1	14481	161802	0.0894983
chrUn_gl000220	2	6380	161802	0.0394309
chrUn_gl000220	3	2873	161802	0.0177563
chrUn_gl000220	4	1745	161802	0.0107848
chrUn_gl000220	5	954	161802	0.0058961
chrUn_gl000220	6	595	161802	0.00367733
chrUn_gl000220	7	234	161802	0.00144621
chrUn_gl000220	8	170	161802	0.00105067
chrUn_gl000220	9	37	161802	0.000228675
chrUn_gl000220	10	33	161802	0.000203953
chrUn_gl000220	11	15	161802	9.27059e-05
chrUn_gl000220	12	8	161802	4.94431e-05
chrUn_gl000220	13	6	161802	3.70824e-05
chrUn_gl000220	14	17	161802	0.000105067
chrUn_gl000220	15	14	161802	8.65255e-05
chrUn_gl000220	16	14	161802	8.65255e-05
chrUn_gl000220	17	5	161802	3.0902e-05
chrUn_gl000220	18	20	161802	0.000123608
chrUn_gl000220	19	11	161802	6.79843e-05
chrUn_gl000220	20	5	161802	3.0902e-05
chrUn_gl000220	21	4	161802	2.47216e-05
chrUn_gl000220	22	5	161802	3.0902e-05
chrUn_gl000221	0	148506	155397	0.955656
chrUn_gl000221	1	6682	155397	0.0429995
chrUn_gl000221	2	209	155397	0.00134494
chrUn_gl000222	0	185540	186861	0.992931
chrUn_gl000222	1	1292	186861	0.00691423
chrUn_gl000222	2	29	186861	0.000155196
chrUn_gl000223	0	179887	180455	0.996852
chrUn_gl000223	1	536	180455	0.00297027
chrUn_gl000223	2	32	180455	0.00017733
chrUn_gl000224	0	171733	179693	0.955702
chrUn_gl000224	1	6456	179693	0.0359279
chrUn_gl000224	2	1140	179693	0.00634415
chrUn_gl000224	3	250	179693	0.00139126
chrUn_gl000224	4	56	179693	0.000311643
chrUn_gl000224	5	58	179693	0.000322773
chrUn_gl000225	0	205551	211173	0.973377
chrUn_gl000225	1	5169	211173	0.0244776
chrUn_gl000225	2	389	211173	0.00184209
chrUn_gl000225	3	53	211173	0.000250979
chrUn_gl000225	4	11	211173	5.209e-05
chrUn_gl000226	0	2384	15008	0.158849
chrUn_gl000226	1	2089	15008	0.139192
chrUn_gl000226	2	2367	15008	0.157716
chrUn_gl000226	3	2185	15008	0.145589
chrUn_gl000226	4	1795	15008	0.119603
chrUn_gl000226	5	1341	15008	0.0893523
chrUn_gl000226	6	972	15008	0.0647655
chrUn_gl000226	7	838	15008	0.0558369
chrUn_gl000226	8	499	15008	0.0332489
chrUn_gl000226	9	222	15008	0.0147921
chrUn_gl000226	10	172	15008	0.0114606
chrUn_gl000226	11	73	15008	0.00486407
chrUn_gl000226	12	33	15008	0.00219883
chrUn_gl000226	13	7	15008	0.000466418
chrUn_gl000226	14	26	15008	0.00173241
chrUn_gl000226	15	5	15008	0.000333156
chrUn_gl000227	0	127174	128374	0.990652
chrUn_gl000227	1	1200	128374	0.00934769
chrUn_gl000228	0	128183	129120	0.992743
chrUn_gl000228	1	809	129120	0.00626549
chrUn_gl000228	2	80	129120	0.000619579
chrUn_gl000228	3	11	129120	8.51921e-05
chrUn_gl000228	4	37	129120	0.000286555
chrUn_gl000229	0	19613	19913	0.984934
chrUn_gl000229	1	300	19913	0.0150655
chrUn_gl000230	0	42867	43691	0.98114
chrUn_gl000230	1	798	43691	0.0182646
chrUn_gl000230	2	26	43691	0.000595088
chrUn_gl000231	0	26936	27386	0.983568
chrUn_gl000231	1	450	27386	0.0164318
chrUn_gl000232	0	37436	40652	0.920889
chrUn_gl000232	1	2777	40652	0.0683115
chrUn_gl000232	2	394	40652	0.00969202
chrUn_gl000232	3	45	40652	0.00110696
chrUn_gl000233	0	45001	45941	0.979539
chrUn_gl000233	1	930	45941	0.0202434
chrUn_gl000233	2	10	45941	0.00021767
chrUn_gl000234	0	39112	40531	0.96499
chrUn_gl000234	1	1288	40531	0.0317781
chrUn_gl000234	2	131	40531	0.00323209
chrUn_gl000235	0	32484	34474	0.942275
chrUn_gl000235	1	1783	34474	0.0517201
chrUn_gl000235	2	161	34474	0.00467019
chrUn_gl000235	3	39	34474	0.00113129
chrUn_gl000235	4	7	34474	0.000203052
chrUn_gl000236	0	41539	41934	0.99058
chrUn_gl000236	1	390	41934	0.00930033
chrUn_gl000236	2	5	41934	0.000119235
chrUn_gl000237	0	44369	45867	0.96734
chrUn_gl000237	1	1496	45867	0.032616
chrUn_gl000237	2	2	45867	4.36043e-05
chrUn_gl000239	0	32738	33824	0.967893
chrUn_gl000239	1	1072	33824	0.0316935
chrUn_gl000239	2	14	33824	0.000413907
chrUn_gl000240	0	41005	41933	0.977869
chrUn_gl000240	1	850	41933	0.0202704
chrUn_gl000240	2	34	41933	0.000810817
chrUn_gl000240	3	44	41933	0.00104929
chrUn_gl000241	0	40221	42152	0.95419
chrUn_gl000241	1	1812	42152	0.0429873
chrUn_gl000241	2	119	42152	0.00282312
chrUn_gl000242	0	43423	43523	0.997702
chrUn_gl000242	1	100	43523	0.00229764
chrUn_gl000243	0	42454	43341	0.979534
chrUn_gl000243	1	774	43341	0.0178584
chrUn_gl000243	2	113	43341	0.00260723
chrUn_gl000244	0	39390	39929	0.986501
chrUn_gl000244	1	528	39929	0.0132235
chrUn_gl000244	2	11	39929	0.000275489
chrUn_gl000245	0	34373	36651	0.937846
chrUn_gl000245	1	2073	36651	0.0565605
chrUn_gl000245	2	188	36651	0.00512946
chrUn_gl000245	3	17	36651	0.000463835
chrUn_gl000246	0	37597	38154	0.985401
chrUn_gl000246	1	514	38154	0.0134717
chrUn_gl000246	2	43	38154	0.00112701
chrUn_gl000247	0	35797	36422	0.98284
chrUn_gl000247	1	600	36422	0.0164736
chrUn_gl000247	2	25	36422	0.000686398
chrUn_gl000248	0	39403	39786	0.990373
chrUn_gl000248	1	333	39786	0.00836978
chrUn_gl000248	2	33	39786	0.000829438
chrUn_gl000248	3	17	39786	0.000427286
chrUn_gl000249	0	38102	38502	0.989611
chrUn_gl000249	1	400	38502	0.0103891
chr8_gl000197_random	0	37175	37175	1
chrUn_gl000238	0	39939	39939	1
genome	0	3099870944	3137161264	0.988113
genome	1	34928493	3137161264	0.0111338
genome	2	2155208	3137161264	0.000686993
genome	3	162755	3137161264	5.18797e-05
genome	4	21833	3137161264	6.95948e-06
genome	5	7263	3137161264	2.31515e-06
genome	6	4282	3137161264	1.36493e-06
genome	7	2745	3137161264	8.74995e-07
genome	8	1729	3137161264	5.51135e-07
genome	9	1102	3137161264	3.51273e-07
genome	10	795	3137161264	2.53414e-07
genome	11	598	3137161264	1.90618e-07
genome	12	535	3137161264	1.70536e-07
genome	13	457	3137161264	1.45673e-07
genome	14	304	3137161264	9.69029e-08
genome	15	275	3137161264	8.76589e-08
genome	16	228	3137161264	7.26772e-08
genome	17	202	3137161264	6.43894e-08
genome	18	179	3137161264	5.7058e-08
genome	19	161	3137161264	5.13203e-08
genome	20	100	3137161264	3.1876e-08
genome	21	99	3137161264	3.15572e-08
genome	22	128	3137161264	4.08012e-08
genome	23	116	3137161264	3.69761e-08
genome	24	96	3137161264	3.06009e-08
genome	25	94	3137161264	2.99634e-08
genome	26	71	3137161264	2.26319e-08
genome	27	58	3137161264	1.84881e-08
genome	28	42	3137161264	1.33879e-08
genome	29	38	3137161264	1.21129e-08
genome	30	48	3137161264	1.53005e-08
genome	31	37	3137161264	1.17941e-08
genome	32	19	3137161264	6.05643e-09
genome	33	36	3137161264	1.14753e-08
genome	34	33	3137161264	1.05191e-08
genome	35	31	3137161264	9.88155e-09
genome	36	18	3137161264	5.73767e-09
genome	37	20	3137161264	6.37519e-09
genome	38	5	3137161264	1.5938e-09
genome	39	4	3137161264	1.27504e-09
genome	40	9	3137161264	2.86884e-09
genome	41	9	3137161264	2.86884e-09
genome	42	9	3137161264	2.86884e-09
genome	43	5	3137161264	1.5938e-09
genome	44	11	3137161264	3.50635e-09
genome	45	16	3137161264	5.10015e-09
genome	46	8	3137161264	2.55008e-09
genome	47	8	3137161264	2.55008e-09
genome	48	5	3137161264	1.5938e-09
genome	49	2	3137161264	6.37519e-10
genome	50	1	3137161264	3.1876e-10
