chrM	0	11956	16571	0.721501
chrM	1	3841	16571	0.23179
chrM	2	713	16571	0.043027
chrM	3	61	16571	0.00368113
chr1	0	244670207	249250621	0.981623
chr1	1	4525607	249250621	0.0181569
chr1	2	52075	249250621	0.000208926
chr1	3	943	249250621	3.78334e-06
chr1	4	352	249250621	1.41223e-06
chr1	5	106	249250621	4.25275e-07
chr1	6	65	249250621	2.60782e-07
chr1	7	80	249250621	3.20962e-07
chr1	8	18	249250621	7.22165e-08
chr1	9	22	249250621	8.82646e-08
chr1	10	27	249250621	1.08325e-07
chr1	11	20	249250621	8.02405e-08
chr1	12	13	249250621	5.21563e-08
chr1	13	5	249250621	2.00601e-08
chr1	14	19	249250621	7.62285e-08
chr1	15	19	249250621	7.62285e-08
chr1	16	37	249250621	1.48445e-07
chr1	17	47	249250621	1.88565e-07
chr1	18	40	249250621	1.60481e-07
chr1	19	29	249250621	1.16349e-07
chr1	20	38	249250621	1.52457e-07
chr1	21	28	249250621	1.12337e-07
chr1	22	29	249250621	1.16349e-07
chr1	23	42	249250621	1.68505e-07
chr1	24	44	249250621	1.76529e-07
chr1	25	60	249250621	2.40722e-07
chr1	26	46	249250621	1.84553e-07
chr1	27	56	249250621	2.24673e-07
chr1	28	46	249250621	1.84553e-07
chr1	29	25	249250621	1.00301e-07
chr1	30	29	249250621	1.16349e-07
chr1	31	32	249250621	1.28385e-07
chr1	32	22	249250621	8.82646e-08
chr1	33	16	249250621	6.41924e-08
chr1	34	24	249250621	9.62886e-08
chr1	35	26	249250621	1.04313e-07
chr1	36	17	249250621	6.82044e-08
chr1	37	17	249250621	6.82044e-08
chr1	38	16	249250621	6.41924e-08
chr1	39	9	249250621	3.61082e-08
chr1	40	15	249250621	6.01804e-08
chr1	41	11	249250621	4.41323e-08
chr1	42	6	249250621	2.40722e-08
chr1	43	7	249250621	2.80842e-08
chr1	44	10	249250621	4.01203e-08
chr1	45	12	249250621	4.81443e-08
chr1	46	14	249250621	5.61684e-08
chr1	47	13	249250621	5.21563e-08
chr1	48	14	249250621	5.61684e-08
chr1	49	17	249250621	6.82044e-08
chr1	50	6	249250621	2.40722e-08
chr1	51	14	249250621	5.61684e-08
chr1	52	13	249250621	5.21563e-08
chr1	53	13	249250621	5.21563e-08
chr1	54	26	249250621	1.04313e-07
chr1	55	15	249250621	6.01804e-08
chr1	56	13	249250621	5.21563e-08
chr1	57	26	249250621	1.04313e-07
chr1	58	13	249250621	5.21563e-08
chr1	59	6	249250621	2.40722e-08
chr1	60	3	249250621	1.20361e-08
chr1	61	1	249250621	4.01203e-09
chr2	0	239667201	243199373	0.985476
chr2	1	3493710	243199373	0.0143656
chr2	2	30472	243199373	0.000125296
chr2	3	3183	243199373	1.3088e-05
chr2	4	2253	243199373	9.264e-06
chr2	5	1128	243199373	4.63817e-06
chr2	6	520	243199373	2.13816e-06
chr2	7	283	243199373	1.16365e-06
chr2	8	200	243199373	8.22371e-07
chr2	9	154	243199373	6.33225e-07
chr2	10	143	243199373	5.87995e-07
chr2	11	20	243199373	8.22371e-08
chr2	12	27	243199373	1.1102e-07
chr2	13	72	243199373	2.96053e-07
chr2	14	7	243199373	2.8783e-08
chr3	0	194602751	198022430	0.982731
chr3	1	3392041	198022430	0.0171296
chr3	2	27243	198022430	0.000137575
chr3	3	231	198022430	1.16653e-06
chr3	4	5	198022430	2.52497e-08
chr3	5	31	198022430	1.56548e-07
chr3	6	17	198022430	8.58489e-08
chr3	7	2	198022430	1.00999e-08
chr3	8	4	198022430	2.01997e-08
chr3	9	3	198022430	1.51498e-08
chr3	10	3	198022430	1.51498e-08
chr3	11	3	198022430	1.51498e-08
chr3	12	1	198022430	5.04993e-09
chr3	13	6	198022430	3.02996e-08
chr3	14	2	198022430	1.00999e-08
chr3	15	6	198022430	3.02996e-08
chr3	16	3	198022430	1.51498e-08
chr3	17	4	198022430	2.01997e-08
chr3	18	3	198022430	1.51498e-08
chr3	19	5	198022430	2.52497e-08
chr3	20	2	198022430	1.00999e-08
chr3	21	2	198022430	1.00999e-08
chr3	22	3	198022430	1.51498e-08
chr3	23	3	198022430	1.51498e-08
chr3	24	3	198022430	1.51498e-08
chr3	25	2	198022430	1.00999e-08
chr3	26	2	198022430	1.00999e-08
chr3	27	2	198022430	1.00999e-08
chr3	28	2	198022430	1.00999e-08
chr3	29	2	198022430	1.00999e-08
chr3	30	3	198022430	1.51498e-08
chr3	31	3	198022430	1.51498e-08
chr3	32	9	198022430	4.54494e-08
chr3	33	7	198022430	3.53495e-08
chr3	34	9	198022430	4.54494e-08
chr3	35	5	198022430	2.52497e-08
chr3	36	7	198022430	3.53495e-08
chr4	0	189308723	191154276	0.990345
chr4	1	1831947	191154276	0.0095836
chr4	2	11883	191154276	6.21645e-05
chr4	3	1052	191154276	5.50341e-06
chr4	4	362	191154276	1.89376e-06
chr4	5	159	191154276	8.31789e-07
chr4	6	113	191154276	5.91146e-07
chr4	7	6	191154276	3.13883e-08
chr4	8	15	191154276	7.84706e-08
chr4	9	12	191154276	6.27765e-08
chr4	10	4	191154276	2.09255e-08
chr5	0	178650397	180915260	0.987481
chr5	1	2250626	180915260	0.0124402
chr5	2	13552	180915260	7.4908e-05
chr5	3	518	180915260	2.86322e-06
chr5	4	68	180915260	3.75867e-07
chr5	5	9	180915260	4.9747e-08
chr5	6	55	180915260	3.0401e-07
chr5	7	19	180915260	1.05022e-07
chr5	8	8	180915260	4.42196e-08
chr5	9	8	180915260	4.42196e-08
chr6	0	169000399	171115067	0.987642
chr6	1	2098656	171115067	0.0122646
chr6	2	11924	171115067	6.96841e-05
chr6	3	357	171115067	2.08632e-06
chr6	4	312	171115067	1.82333e-06
chr6	5	257	171115067	1.50191e-06
chr6	6	324	171115067	1.89346e-06
chr6	7	369	171115067	2.15644e-06
chr6	8	358	171115067	2.09216e-06
chr6	9	290	171115067	1.69477e-06
chr6	10	358	171115067	2.09216e-06
chr6	11	262	171115067	1.53113e-06
chr6	12	261	171115067	1.52529e-06
chr6	13	262	171115067	1.53113e-06
chr6	14	235	171115067	1.37334e-06
chr6	15	182	171115067	1.06361e-06
chr6	16	134	171115067	7.83099e-07
chr6	17	58	171115067	3.38953e-07
chr6	18	33	171115067	1.92853e-07
chr6	19	25	171115067	1.46101e-07
chr6	20	9	171115067	5.25962e-08
chr6	21	2	171115067	1.1688e-08
chr7	0	156560233	159138663	0.983798
chr7	1	2553543	159138663	0.016046
chr7	2	20897	159138663	0.000131313
chr7	3	779	159138663	4.8951e-06
chr7	4	602	159138663	3.78286e-06
chr7	5	501	159138663	3.1482e-06
chr7	6	457	159138663	2.87171e-06
chr7	7	159	159138663	9.99129e-07
chr7	8	109	159138663	6.84937e-07
chr7	9	90	159138663	5.65545e-07
chr7	10	159	159138663	9.99129e-07
chr7	11	126	159138663	7.91762e-07
chr7	12	133	159138663	8.35749e-07
chr7	13	124	159138663	7.79195e-07
chr7	14	124	159138663	7.79195e-07
chr7	15	118	159138663	7.41492e-07
chr7	16	94	159138663	5.9068e-07
chr7	17	75	159138663	4.71287e-07
chr7	18	55	159138663	3.45611e-07
chr7	19	28	159138663	1.75947e-07
chr7	20	28	159138663	1.75947e-07
chr7	21	26	159138663	1.6338e-07
chr7	22	36	159138663	2.26218e-07
chr7	23	44	159138663	2.76488e-07
chr7	24	30	159138663	1.88515e-07
chr7	25	25	159138663	1.57096e-07
chr7	26	14	159138663	8.79736e-08
chr7	27	19	159138663	1.19393e-07
chr7	28	20	159138663	1.25677e-07
chr7	29	9	159138663	5.65545e-08
chr7	30	4	159138663	2.51353e-08
chr7	31	2	159138663	1.25677e-08
chr8	0	144306015	146364022	0.985939
chr8	1	2032493	146364022	0.0138866
chr8	2	19923	146364022	0.00013612
chr8	3	2721	146364022	1.85906e-05
chr8	4	1424	146364022	9.72917e-06
chr8	5	625	146364022	4.27018e-06
chr8	6	292	146364022	1.99503e-06
chr8	7	266	146364022	1.81739e-06
chr8	8	139	146364022	9.49687e-07
chr8	9	89	146364022	6.08073e-07
chr8	10	35	146364022	2.3913e-07
chr9	0	139866561	141213431	0.990462
chr9	1	1337618	141213431	0.00947232
chr9	2	8360	141213431	5.92012e-05
chr9	3	521	141213431	3.68945e-06
chr9	4	179	141213431	1.26758e-06
chr9	5	113	141213431	8.00207e-07
chr9	6	49	141213431	3.46992e-07
chr9	7	16	141213431	1.13304e-07
chr9	8	14	141213431	9.91407e-08
chr10	0	133814117	135534747	0.987305
chr10	1	1693161	135534747	0.0124924
chr10	2	14863	135534747	0.000109662
chr10	3	2362	135534747	1.74273e-05
chr10	4	1326	135534747	9.78347e-06
chr10	5	955	135534747	7.04616e-06
chr10	6	890	135534747	6.56658e-06
chr10	7	855	135534747	6.30835e-06
chr10	8	613	135534747	4.52283e-06
chr10	9	759	135534747	5.60004e-06
chr10	10	494	135534747	3.64482e-06
chr10	11	354	135534747	2.61188e-06
chr10	12	285	135534747	2.10278e-06
chr10	13	286	135534747	2.11016e-06
chr10	14	334	135534747	2.46431e-06
chr10	15	264	135534747	1.94784e-06
chr10	16	201	135534747	1.48301e-06
chr10	17	230	135534747	1.69698e-06
chr10	18	242	135534747	1.78552e-06
chr10	19	242	135534747	1.78552e-06
chr10	20	198	135534747	1.46088e-06
chr10	21	185	135534747	1.36496e-06
chr10	22	155	135534747	1.14362e-06
chr10	23	169	135534747	1.24691e-06
chr10	24	134	135534747	9.88676e-07
chr10	25	155	135534747	1.14362e-06
chr10	26	95	135534747	7.00927e-07
chr10	27	96	135534747	7.08305e-07
chr10	28	87	135534747	6.41902e-07
chr10	29	55	135534747	4.058e-07
chr10	30	50	135534747	3.68909e-07
chr10	31	61	135534747	4.50069e-07
chr10	32	53	135534747	3.91044e-07
chr10	33	61	135534747	4.50069e-07
chr10	34	56	135534747	4.13178e-07
chr10	35	41	135534747	3.02505e-07
chr10	36	35	135534747	2.58236e-07
chr10	37	36	135534747	2.65615e-07
chr10	38	32	135534747	2.36102e-07
chr10	39	25	135534747	1.84455e-07
chr10	40	23	135534747	1.69698e-07
chr10	41	15	135534747	1.10673e-07
chr10	42	15	135534747	1.10673e-07
chr10	43	12	135534747	8.85382e-08
chr10	44	12	135534747	8.85382e-08
chr10	45	10	135534747	7.37818e-08
chr10	46	10	135534747	7.37818e-08
chr10	47	11	135534747	8.116e-08
chr10	48	10	135534747	7.37818e-08
chr10	49	14	135534747	1.03295e-07
chr10	50	3	135534747	2.21345e-08
chr11	0	132874437	135006516	0.984208
chr11	1	2110930	135006516	0.0156358
chr11	2	19183	135006516	0.000142089
chr11	3	588	135006516	4.35535e-06
chr11	4	371	135006516	2.74802e-06
chr11	5	255	135006516	1.8888e-06
chr11	6	176	135006516	1.30364e-06
chr11	7	138	135006516	1.02217e-06
chr11	8	150	135006516	1.11106e-06
chr11	9	76	135006516	5.62936e-07
chr11	10	45	135006516	3.33317e-07
chr11	11	90	135006516	6.66634e-07
chr11	12	13	135006516	9.62917e-08
chr11	13	21	135006516	1.55548e-07
chr11	14	3	135006516	2.22212e-08
chr11	15	3	135006516	2.22212e-08
chr11	16	6	135006516	4.44423e-08
chr11	17	1	135006516	7.40705e-09
chr11	18	5	135006516	3.70352e-08
chr11	19	4	135006516	2.96282e-08
chr11	20	5	135006516	3.70352e-08
chr11	21	12	135006516	8.88846e-08
chr11	22	4	135006516	2.96282e-08
chr12	0	132313375	133851895	0.988506
chr12	1	1529963	133851895	0.0114303
chr12	2	8321	133851895	6.21657e-05
chr12	3	105	133851895	7.84449e-07
chr12	4	39	133851895	2.91367e-07
chr12	5	8	133851895	5.97676e-08
chr12	6	27	133851895	2.01715e-07
chr12	7	34	133851895	2.54012e-07
chr12	8	23	133851895	1.71832e-07
chr13	0	114523179	115169878	0.994385
chr13	1	644698	115169878	0.0055978
chr13	2	2001	115169878	1.73743e-05
chr14	0	105722882	107349540	0.984847
chr14	1	1611146	107349540	0.0150084
chr14	2	15382	107349540	0.000143289
chr14	3	130	107349540	1.211e-06
chr15	0	101820477	102531392	0.993066
chr15	1	707830	102531392	0.00690354
chr15	2	3085	102531392	3.00883e-05
chr16	0	89501781	90354753	0.99056
chr16	1	813634	90354753	0.00900488
chr16	2	12272	90354753	0.00013582
chr16	3	4865	90354753	5.38433e-05
chr16	4	4704	90354753	5.20615e-05
chr16	5	4061	90354753	4.49451e-05
chr16	6	3408	90354753	3.7718e-05
chr16	7	2629	90354753	2.90964e-05
chr16	8	2160	90354753	2.39058e-05
chr16	9	1547	90354753	1.71214e-05
chr16	10	1292	90354753	1.42992e-05
chr16	11	732	90354753	8.1014e-06
chr16	12	507	90354753	5.61122e-06
chr16	13	397	90354753	4.39379e-06
chr16	14	243	90354753	2.6894e-06
chr16	15	211	90354753	2.33524e-06
chr16	16	119	90354753	1.31703e-06
chr16	17	92	90354753	1.01821e-06
chr16	18	58	90354753	6.41914e-07
chr16	19	24	90354753	2.6562e-07
chr16	20	7	90354753	7.74724e-08
chr16	21	10	90354753	1.10675e-07
chr17	0	80288993	81195210	0.988839
chr17	1	898342	81195210	0.011064
chr17	2	6959	81195210	8.5707e-05
chr17	3	472	81195210	5.81315e-06
chr17	4	190	81195210	2.34004e-06
chr17	5	146	81195210	1.79814e-06
chr17	6	37	81195210	4.55692e-07
chr17	7	23	81195210	2.83268e-07
chr17	8	17	81195210	2.09372e-07
chr17	9	8	81195210	9.8528e-08
chr17	10	13	81195210	1.60108e-07
chr17	11	7	81195210	8.6212e-08
chr17	12	3	81195210	3.6948e-08
chr18	0	77162091	78077248	0.988279
chr18	1	908193	78077248	0.011632
chr18	2	6106	78077248	7.82046e-05
chr18	3	180	78077248	2.30541e-06
chr18	4	186	78077248	2.38226e-06
chr18	5	146	78077248	1.86994e-06
chr18	6	74	78077248	9.47779e-07
chr18	7	41	78077248	5.25121e-07
chr18	8	55	78077248	7.04431e-07
chr18	9	51	78077248	6.53199e-07
chr18	10	55	78077248	7.04431e-07
chr18	11	46	78077248	5.8916e-07
chr18	12	4	78077248	5.12313e-08
chr18	13	4	78077248	5.12313e-08
chr18	14	2	78077248	2.56157e-08
chr18	15	7	78077248	8.96548e-08
chr18	16	7	78077248	8.96548e-08
chr19	0	58219151	59128983	0.984613
chr19	1	897565	59128983	0.0151798
chr19	2	9276	59128983	0.000156877
chr19	3	647	59128983	1.09422e-05
chr19	4	294	59128983	4.97218e-06
chr19	5	281	59128983	4.75232e-06
chr19	6	215	59128983	3.63612e-06
chr19	7	247	59128983	4.17731e-06
chr19	8	185	59128983	3.12875e-06
chr19	9	213	59128983	3.60229e-06
chr19	10	108	59128983	1.82652e-06
chr19	11	114	59128983	1.92799e-06
chr19	12	129	59128983	2.18167e-06
chr19	13	106	59128983	1.79269e-06
chr19	14	44	59128983	7.44136e-07
chr19	15	37	59128983	6.25751e-07
chr19	16	42	59128983	7.10312e-07
chr19	17	64	59128983	1.08238e-06
chr19	18	13	59128983	2.19858e-07
chr19	19	14	59128983	2.36771e-07
chr19	20	22	59128983	3.72068e-07
chr19	21	28	59128983	4.73541e-07
chr19	22	21	59128983	3.55156e-07
chr19	23	12	59128983	2.02946e-07
chr19	24	17	59128983	2.87507e-07
chr19	25	21	59128983	3.55156e-07
chr19	26	32	59128983	5.4119e-07
chr19	27	17	59128983	2.87507e-07
chr19	28	11	59128983	1.86034e-07
chr19	29	11	59128983	1.86034e-07
chr19	30	5	59128983	8.45609e-08
chr19	31	12	59128983	2.02946e-07
chr19	33	2	59128983	3.38244e-08
chr19	34	2	59128983	3.38244e-08
chr19	35	4	59128983	6.76487e-08
chr19	36	3	59128983	5.07365e-08
chr19	37	5	59128983	8.45609e-08
chr19	38	9	59128983	1.5221e-07
chr19	39	4	59128983	6.76487e-08
chr20	0	62136995	63025520	0.985902
chr20	1	882211	63025520	0.0139977
chr20	2	6224	63025520	9.87536e-05
chr20	3	40	63025520	6.34664e-07
chr20	4	5	63025520	7.93329e-08
chr20	5	5	63025520	7.93329e-08
chr20	6	4	63025520	6.34664e-08
chr20	7	36	63025520	5.71197e-07
chr21	0	47797721	48129895	0.993098
chr21	1	330217	48129895	0.00686095
chr21	2	1735	48129895	3.60483e-05
chr21	3	96	48129895	1.9946e-06
chr21	4	20	48129895	4.15542e-07
chr21	5	15	48129895	3.11657e-07
chr21	6	18	48129895	3.73988e-07
chr21	7	9	48129895	1.86994e-07
chr21	8	14	48129895	2.90879e-07
chr21	9	13	48129895	2.70102e-07
chr21	10	37	48129895	7.68753e-07
chr22	0	50874452	51304566	0.991616
chr22	1	426822	51304566	0.00831938
chr22	2	3202	51304566	6.24116e-05
chr22	3	29	51304566	5.65252e-07
chr22	4	2	51304566	3.89829e-08
chr22	5	1	51304566	1.94914e-08
chr22	6	3	51304566	5.84743e-08
chr22	7	1	51304566	1.94914e-08
chr22	8	1	51304566	1.94914e-08
chr22	9	3	51304566	5.84743e-08
chr22	11	3	51304566	5.84743e-08
chr22	12	1	51304566	1.94914e-08
chr22	13	1	51304566	1.94914e-08
chr22	14	3	51304566	5.84743e-08
chr22	15	1	51304566	1.94914e-08
chr22	16	2	51304566	3.89829e-08
chr22	17	2	51304566	3.89829e-08
chr22	18	2	51304566	3.89829e-08
chr22	19	3	51304566	5.84743e-08
chr22	20	32	51304566	6.23726e-07
chrX	0	153900263	155270560	0.991175
chrX	1	1358194	155270560	0.00874727
chrX	2	10319	155270560	6.64582e-05
chrX	3	1158	155270560	7.45795e-06
chrX	4	380	155270560	2.44734e-06
chrX	5	104	155270560	6.69799e-07
chrX	6	88	155270560	5.66753e-07
chrX	7	25	155270560	1.61009e-07
chrX	8	10	155270560	6.44037e-08
chrX	9	19	155270560	1.22367e-07
chrY	0	59312058	59373566	0.998964
chrY	1	58645	59373566	0.000987729
chrY	2	1888	59373566	3.17987e-05
chrY	3	613	59373566	1.03245e-05
chrY	4	108	59373566	1.81899e-06
chrY	5	123	59373566	2.07163e-06
chrY	6	42	59373566	7.07385e-07
chrY	7	40	59373566	6.737e-07
chrY	8	2	59373566	3.3685e-08
chrY	9	3	59373566	5.05275e-08
chrY	10	5	59373566	8.42126e-08
chrY	11	4	59373566	6.737e-08
chrY	12	5	59373566	8.42126e-08
chrY	13	6	59373566	1.01055e-07
chrY	14	24	59373566	4.0422e-07
chr1_gl000191_random	0	105383	106433	0.990135
chr1_gl000191_random	1	1050	106433	0.00986536
chr1_gl000192_random	0	535147	547496	0.977445
chr1_gl000192_random	1	12198	547496	0.0222796
chr1_gl000192_random	2	151	547496	0.000275801
chr4_ctg9_hap1	0	587126	590426	0.994411
chr4_ctg9_hap1	1	3300	590426	0.00558918
chr4_gl000193_random	0	186072	189789	0.980415
chr4_gl000193_random	1	3684	189789	0.019411
chr4_gl000193_random	2	33	189789	0.000173877
chr4_gl000194_random	0	188869	191469	0.986421
chr4_gl000194_random	1	2600	191469	0.0135792
chr6_apd_hap1	0	4617940	4622290	0.999059
chr6_apd_hap1	1	4350	4622290	0.000941092
chr6_cox_hap2	0	4783771	4795371	0.997581
chr6_cox_hap2	1	11550	4795371	0.00240857
chr6_cox_hap2	2	50	4795371	1.04267e-05
chr6_dbb_hap3	0	4601896	4610396	0.998156
chr6_dbb_hap3	1	8500	4610396	0.00184366
chr6_mann_hap4	0	4673463	4683263	0.997907
chr6_mann_hap4	1	9800	4683263	0.00209256
chr6_mcf_hap5	0	4824593	4833398	0.998178
chr6_mcf_hap5	1	8760	4833398	0.00181239
chr6_mcf_hap5	2	45	4833398	9.31022e-06
chr6_qbl_hap6	0	4601779	4611984	0.997787
chr6_qbl_hap6	1	10160	4611984	0.00220296
chr6_qbl_hap6	2	45	4611984	9.75719e-06
chr6_ssto_hap7	0	4917317	4928567	0.997717
chr6_ssto_hap7	1	11250	4928567	0.00228261
chr7_gl000195_random	0	177252	182896	0.969141
chr7_gl000195_random	1	5588	182896	0.0305529
chr7_gl000195_random	2	56	182896	0.000306185
chr8_gl000196_random	0	38614	38914	0.992291
chr8_gl000196_random	1	300	38914	0.00770931
chr8_gl000197_random	0	37025	37175	0.995965
chr8_gl000197_random	1	150	37175	0.00403497
chr9_gl000198_random	0	87859	90085	0.97529
chr9_gl000198_random	1	2102	90085	0.0233335
chr9_gl000198_random	2	124	90085	0.00137648
chr9_gl000199_random	0	120951	169874	0.712004
chr9_gl000199_random	1	31621	169874	0.186144
chr9_gl000199_random	2	11480	169874	0.0675795
chr9_gl000199_random	3	3362	169874	0.0197911
chr9_gl000199_random	4	1236	169874	0.00727598
chr9_gl000199_random	5	561	169874	0.00330245
chr9_gl000199_random	6	213	169874	0.00125387
chr9_gl000199_random	7	168	169874	0.000988968
chr9_gl000199_random	8	87	169874	0.000512144
chr9_gl000199_random	9	106	169874	0.000623992
chr9_gl000199_random	10	45	169874	0.000264902
chr9_gl000199_random	11	15	169874	8.83007e-05
chr9_gl000199_random	12	12	169874	7.06406e-05
chr9_gl000199_random	13	17	169874	0.000100074
chr9_gl000200_random	0	185585	187035	0.992247
chr9_gl000200_random	1	1450	187035	0.00775256
chr9_gl000201_random	0	35898	36148	0.993084
chr9_gl000201_random	1	250	36148	0.00691601
chr11_gl000202_random	0	39653	40103	0.988779
chr11_gl000202_random	1	450	40103	0.0112211
chr17_ctg5_hap1	0	1675635	1680828	0.99691
chr17_ctg5_hap1	1	5136	1680828	0.00305564
chr17_ctg5_hap1	2	57	1680828	3.39119e-05
chr17_gl000203_random	0	36862	37498	0.983039
chr17_gl000203_random	1	622	37498	0.0165876
chr17_gl000203_random	2	14	37498	0.000373353
chr17_gl000204_random	0	80510	81310	0.990161
chr17_gl000204_random	1	800	81310	0.00983889
chr17_gl000205_random	0	170263	174588	0.975227
chr17_gl000205_random	1	4300	174588	0.0246294
chr17_gl000205_random	2	25	174588	0.000143194
chr17_gl000206_random	0	40451	41001	0.986586
chr17_gl000206_random	1	550	41001	0.0134143
chr18_gl000207_random	0	4212	4262	0.988268
chr18_gl000207_random	1	50	4262	0.0117316
chr19_gl000208_random	0	86048	92689	0.928352
chr19_gl000208_random	1	4691	92689	0.0506101
chr19_gl000208_random	2	973	92689	0.0104975
chr19_gl000208_random	3	520	92689	0.00561016
chr19_gl000208_random	4	260	92689	0.00280508
chr19_gl000208_random	5	93	92689	0.00100336
chr19_gl000208_random	6	56	92689	0.000604171
chr19_gl000208_random	7	23	92689	0.000248142
chr19_gl000208_random	8	24	92689	0.00025893
chr19_gl000208_random	9	1	92689	1.07888e-05
chr19_gl000209_random	0	157278	159169	0.98812
chr19_gl000209_random	1	1882	159169	0.0118239
chr19_gl000209_random	2	9	159169	5.65437e-05
chr21_gl000210_random	0	27432	27682	0.990969
chr21_gl000210_random	1	250	27682	0.00903114
chrUn_gl000211	0	164029	166566	0.984769
chrUn_gl000211	1	2524	166566	0.0151532
chrUn_gl000211	2	13	166566	7.80471e-05
chrUn_gl000212	0	183861	186858	0.983961
chrUn_gl000212	1	2894	186858	0.0154877
chrUn_gl000212	2	103	186858	0.000551221
chrUn_gl000213	0	163189	164239	0.993607
chrUn_gl000213	1	1050	164239	0.00639312
chrUn_gl000214	0	132847	137718	0.964631
chrUn_gl000214	1	4659	137718	0.03383
chrUn_gl000214	2	195	137718	0.00141594
chrUn_gl000214	3	17	137718	0.000123441
chrUn_gl000215	0	171795	172545	0.995653
chrUn_gl000215	1	750	172545	0.00434669
chrUn_gl000216	0	161511	172294	0.937415
chrUn_gl000216	1	9438	172294	0.0547785
chrUn_gl000216	2	965	172294	0.00560089
chrUn_gl000216	3	237	172294	0.00137556
chrUn_gl000216	4	86	172294	0.000499147
chrUn_gl000216	5	15	172294	8.70605e-05
chrUn_gl000216	6	11	172294	6.38444e-05
chrUn_gl000216	7	12	172294	6.96484e-05
chrUn_gl000216	8	19	172294	0.000110277
chrUn_gl000217	0	168324	172149	0.977781
chrUn_gl000217	1	3800	172149	0.0220739
chrUn_gl000217	2	25	172149	0.000145223
chrUn_gl000218	0	157897	161147	0.979832
chrUn_gl000218	1	3250	161147	0.0201679
chrUn_gl000219	0	175785	179198	0.980954
chrUn_gl000219	1	3326	179198	0.0185605
chrUn_gl000219	2	87	179198	0.000485496
chrUn_gl000220	0	128510	161802	0.794242
chrUn_gl000220	1	20546	161802	0.126982
chrUn_gl000220	2	7846	161802	0.0484914
chrUn_gl000220	3	3226	161802	0.0199379
chrUn_gl000220	4	1202	161802	0.00742883
chrUn_gl000220	5	317	161802	0.00195918
chrUn_gl000220	6	99	161802	0.000611859
chrUn_gl000220	7	51	161802	0.0003152
chrUn_gl000220	8	5	161802	3.0902e-05
chrUn_gl000221	0	151090	155397	0.972284
chrUn_gl000221	1	4214	155397	0.0271176
chrUn_gl000221	2	93	155397	0.000598467
chrUn_gl000222	0	184077	186861	0.985101
chrUn_gl000222	1	2768	186861	0.0148132
chrUn_gl000222	2	16	186861	8.56251e-05
chrUn_gl000223	0	178755	180455	0.990579
chrUn_gl000223	1	1700	180455	0.00942063
chrUn_gl000224	0	174618	179693	0.971757
chrUn_gl000224	1	4275	179693	0.0237906
chrUn_gl000224	2	725	179693	0.00403466
chrUn_gl000224	3	75	179693	0.000417379
chrUn_gl000225	0	195105	211173	0.923911
chrUn_gl000225	1	13992	211173	0.0662585
chrUn_gl000225	2	1681	211173	0.0079603
chrUn_gl000225	3	307	211173	0.00145378
chrUn_gl000225	4	65	211173	0.000307804
chrUn_gl000225	5	23	211173	0.000108915
chrUn_gl000226	0	832	15008	0.0554371
chrUn_gl000226	1	974	15008	0.0648987
chrUn_gl000226	2	1175	15008	0.0782916
chrUn_gl000226	3	1441	15008	0.0960155
chrUn_gl000226	4	1686	15008	0.11234
chrUn_gl000226	5	2064	15008	0.137527
chrUn_gl000226	6	1787	15008	0.11907
chrUn_gl000226	7	1428	15008	0.0951493
chrUn_gl000226	8	1231	15008	0.0820229
chrUn_gl000226	9	974	15008	0.0648987
chrUn_gl000226	10	535	15008	0.0356477
chrUn_gl000226	11	342	15008	0.0227878
chrUn_gl000226	12	205	15008	0.0136594
chrUn_gl000226	13	144	15008	0.00959488
chrUn_gl000226	14	65	15008	0.00433102
chrUn_gl000226	15	54	15008	0.00359808
chrUn_gl000226	16	39	15008	0.00259861
chrUn_gl000226	17	18	15008	0.00119936
chrUn_gl000226	18	7	15008	0.000466418
chrUn_gl000226	19	3	15008	0.000199893
chrUn_gl000226	20	4	15008	0.000266525
chrUn_gl000227	0	127174	128374	0.990652
chrUn_gl000227	1	1200	128374	0.00934769
chrUn_gl000228	0	126633	129120	0.980739
chrUn_gl000228	1	2229	129120	0.017263
chrUn_gl000228	2	253	129120	0.00195942
chrUn_gl000228	3	5	129120	3.87237e-05
chrUn_gl000229	0	19207	19913	0.964546
chrUn_gl000229	1	662	19913	0.0332446
chrUn_gl000229	2	44	19913	0.00220961
chrUn_gl000230	0	42791	43691	0.979401
chrUn_gl000230	1	900	43691	0.0205992
chrUn_gl000231	0	26207	27386	0.956949
chrUn_gl000231	1	1158	27386	0.0422844
chrUn_gl000231	2	21	27386	0.000766815
chrUn_gl000232	0	38709	40652	0.952204
chrUn_gl000232	1	1836	40652	0.0451638
chrUn_gl000232	2	107	40652	0.0026321
chrUn_gl000233	0	45391	45941	0.988028
chrUn_gl000233	1	550	45941	0.0119719
chrUn_gl000234	0	38772	40531	0.956601
chrUn_gl000234	1	1649	40531	0.0406849
chrUn_gl000234	2	79	40531	0.00194913
chrUn_gl000234	3	31	40531	0.000764847
chrUn_gl000235	0	33474	34474	0.970993
chrUn_gl000235	1	1000	34474	0.0290074
chrUn_gl000236	0	41441	41934	0.988243
chrUn_gl000236	1	486	41934	0.0115896
chrUn_gl000236	2	7	41934	0.000166929
chrUn_gl000237	0	44646	45867	0.97338
chrUn_gl000237	1	1192	45867	0.0259882
chrUn_gl000237	2	29	45867	0.000632263
chrUn_gl000238	0	39739	39939	0.994992
chrUn_gl000238	1	200	39939	0.00500764
chrUn_gl000239	0	32627	33824	0.964611
chrUn_gl000239	1	1144	33824	0.0338221
chrUn_gl000239	2	53	33824	0.00156693
chrUn_gl000240	0	41483	41933	0.989269
chrUn_gl000240	1	450	41933	0.0107314
chrUn_gl000241	0	40312	42152	0.956348
chrUn_gl000241	1	1830	42152	0.0434143
chrUn_gl000241	2	10	42152	0.000237237
chrUn_gl000242	0	43323	43523	0.995405
chrUn_gl000242	1	200	43523	0.00459527
chrUn_gl000243	0	42391	43341	0.978081
chrUn_gl000243	1	950	43341	0.0219192
chrUn_gl000244	0	38349	39929	0.96043
chrUn_gl000244	1	1560	39929	0.0390693
chrUn_gl000244	2	20	39929	0.000500889
chrUn_gl000245	0	35751	36651	0.975444
chrUn_gl000245	1	900	36651	0.0245559
chrUn_gl000246	0	38004	38154	0.996069
chrUn_gl000246	1	150	38154	0.00393144
chrUn_gl000247	0	35772	36422	0.982154
chrUn_gl000247	1	650	36422	0.0178464
chrUn_gl000248	0	39395	39786	0.990172
chrUn_gl000248	1	382	39786	0.00960137
chrUn_gl000248	2	9	39786	0.00022621
chrUn_gl000249	0	38402	38502	0.997403
chrUn_gl000249	1	100	38502	0.00259727
genome	0	3098073517	3137161264	0.98754
genome	1	38640565	3137161264	0.012317
genome	2	344476	3137161264	0.000109805
genome	3	30872	3137161264	9.84074e-06
genome	4	17717	3137161264	5.64746e-06
genome	5	12102	3137161264	3.85763e-06
genome	6	9040	3137161264	2.88159e-06
genome	7	6960	3137161264	2.21857e-06
genome	8	5461	3137161264	1.74075e-06
genome	9	4441	3137161264	1.41561e-06
genome	10	3358	3137161264	1.07039e-06
genome	11	2138	3137161264	6.81508e-07
genome	12	1599	3137161264	5.09696e-07
genome	13	1451	3137161264	4.6252e-07
genome	14	1105	3137161264	3.52229e-07
genome	15	902	3137161264	2.87521e-07
genome	16	684	3137161264	2.18032e-07
genome	17	591	3137161264	1.88387e-07
genome	18	458	3137161264	1.45992e-07
genome	19	377	3137161264	1.20172e-07
genome	20	345	3137161264	1.09972e-07
genome	21	293	3137161264	9.33965e-08
genome	22	248	3137161264	7.90524e-08
genome	23	270	3137161264	8.60651e-08
genome	24	228	3137161264	7.26772e-08
genome	25	263	3137161264	8.38338e-08
genome	26	189	3137161264	6.02455e-08
genome	27	190	3137161264	6.05643e-08
genome	28	166	3137161264	5.29141e-08
genome	29	102	3137161264	3.25135e-08
genome	30	91	3137161264	2.90071e-08
genome	31	110	3137161264	3.50635e-08
genome	32	84	3137161264	2.67758e-08
genome	33	86	3137161264	2.74133e-08
genome	34	91	3137161264	2.90071e-08
genome	35	76	3137161264	2.42257e-08
genome	36	62	3137161264	1.97631e-08
genome	37	58	3137161264	1.84881e-08
genome	38	57	3137161264	1.81693e-08
genome	39	38	3137161264	1.21129e-08
genome	40	38	3137161264	1.21129e-08
genome	41	26	3137161264	8.28775e-09
genome	42	21	3137161264	6.69395e-09
genome	43	19	3137161264	6.05643e-09
genome	44	22	3137161264	7.01271e-09
genome	45	22	3137161264	7.01271e-09
genome	46	24	3137161264	7.65023e-09
genome	47	24	3137161264	7.65023e-09
genome	48	24	3137161264	7.65023e-09
genome	49	31	3137161264	9.88155e-09
genome	50	9	3137161264	2.86884e-09
genome	51	14	3137161264	4.46263e-09
genome	52	13	3137161264	4.14387e-09
genome	53	13	3137161264	4.14387e-09
genome	54	26	3137161264	8.28775e-09
genome	55	15	3137161264	4.78139e-09
genome	56	13	3137161264	4.14387e-09
genome	57	26	3137161264	8.28775e-09
genome	58	13	3137161264	4.14387e-09
genome	59	6	3137161264	1.91256e-09
genome	60	3	3137161264	9.56279e-10
genome	61	1	3137161264	3.1876e-10
