chrM	0	6056	16571	0.365458
chrM	1	6267	16571	0.378191
chrM	2	2737	16571	0.165168
chrM	3	1079	16571	0.0651138
chrM	4	394	16571	0.0237765
chrM	5	32	16571	0.00193108
chrM	6	6	16571	0.000362078
chr1	0	244707727	249250621	0.981774
chr1	1	4486116	249250621	0.0179984
chr1	2	54070	249250621	0.00021693
chr1	3	986	249250621	3.95586e-06
chr1	4	262	249250621	1.05115e-06
chr1	5	141	249250621	5.65696e-07
chr1	6	103	249250621	4.13239e-07
chr1	7	68	249250621	2.72818e-07
chr1	8	33	249250621	1.32397e-07
chr1	9	14	249250621	5.61684e-08
chr1	10	21	249250621	8.42525e-08
chr1	11	21	249250621	8.42525e-08
chr1	12	21	249250621	8.42525e-08
chr1	13	11	249250621	4.41323e-08
chr1	14	18	249250621	7.22165e-08
chr1	15	45	249250621	1.80541e-07
chr1	16	51	249250621	2.04613e-07
chr1	17	48	249250621	1.92577e-07
chr1	18	66	249250621	2.64794e-07
chr1	19	44	249250621	1.76529e-07
chr1	20	48	249250621	1.92577e-07
chr1	21	32	249250621	1.28385e-07
chr1	22	39	249250621	1.56469e-07
chr1	23	51	249250621	2.04613e-07
chr1	24	43	249250621	1.72517e-07
chr1	25	27	249250621	1.08325e-07
chr1	26	38	249250621	1.52457e-07
chr1	27	55	249250621	2.20661e-07
chr1	28	58	249250621	2.32698e-07
chr1	29	27	249250621	1.08325e-07
chr1	30	12	249250621	4.81443e-08
chr1	31	10	249250621	4.01203e-08
chr1	32	10	249250621	4.01203e-08
chr1	33	11	249250621	4.41323e-08
chr1	34	20	249250621	8.02405e-08
chr1	35	9	249250621	3.61082e-08
chr1	36	12	249250621	4.81443e-08
chr1	37	19	249250621	7.62285e-08
chr1	38	12	249250621	4.81443e-08
chr1	39	9	249250621	3.61082e-08
chr1	40	17	249250621	6.82044e-08
chr1	41	17	249250621	6.82044e-08
chr1	42	12	249250621	4.81443e-08
chr1	43	17	249250621	6.82044e-08
chr1	44	15	249250621	6.01804e-08
chr1	45	24	249250621	9.62886e-08
chr1	46	28	249250621	1.12337e-07
chr1	47	22	249250621	8.82646e-08
chr1	48	18	249250621	7.22165e-08
chr1	49	5	249250621	2.00601e-08
chr1	50	3	249250621	1.20361e-08
chr1	51	2	249250621	8.02405e-09
chr1	52	2	249250621	8.02405e-09
chr1	53	1	249250621	4.01203e-09
chr1	54	1	249250621	4.01203e-09
chr1	55	3	249250621	1.20361e-08
chr1	56	7	249250621	2.80842e-08
chr1	57	15	249250621	6.01804e-08
chr1	58	4	249250621	1.60481e-08
chr2	0	240185252	243199373	0.987606
chr2	1	2986338	243199373	0.0122794
chr2	2	21003	243199373	8.63612e-05
chr2	3	2881	243199373	1.18462e-05
chr2	4	1458	243199373	5.99508e-06
chr2	5	999	243199373	4.10774e-06
chr2	6	543	243199373	2.23274e-06
chr2	7	331	243199373	1.36102e-06
chr2	8	186	243199373	7.64805e-07
chr2	9	94	243199373	3.86514e-07
chr2	10	71	243199373	2.91942e-07
chr2	11	108	243199373	4.4408e-07
chr2	12	80	243199373	3.28948e-07
chr2	13	11	243199373	4.52304e-08
chr2	14	3	243199373	1.23356e-08
chr2	15	6	243199373	2.46711e-08
chr2	16	9	243199373	3.70067e-08
chr3	0	194585140	198022430	0.982642
chr3	1	3408578	198022430	0.0172131
chr3	2	28344	198022430	0.000143135
chr3	3	253	198022430	1.27763e-06
chr3	4	1	198022430	5.04993e-09
chr3	5	5	198022430	2.52497e-08
chr3	6	3	198022430	1.51498e-08
chr3	7	1	198022430	5.04993e-09
chr3	8	5	198022430	2.52497e-08
chr3	9	1	198022430	5.04993e-09
chr3	10	2	198022430	1.00999e-08
chr3	11	3	198022430	1.51498e-08
chr3	12	9	198022430	4.54494e-08
chr3	14	3	198022430	1.51498e-08
chr3	15	1	198022430	5.04993e-09
chr3	16	5	198022430	2.52497e-08
chr3	17	1	198022430	5.04993e-09
chr3	18	3	198022430	1.51498e-08
chr3	19	2	198022430	1.00999e-08
chr3	20	1	198022430	5.04993e-09
chr3	21	3	198022430	1.51498e-08
chr3	22	1	198022430	5.04993e-09
chr3	23	7	198022430	3.53495e-08
chr3	24	4	198022430	2.01997e-08
chr3	25	3	198022430	1.51498e-08
chr3	26	2	198022430	1.00999e-08
chr3	27	2	198022430	1.00999e-08
chr3	28	3	198022430	1.51498e-08
chr3	29	4	198022430	2.01997e-08
chr3	30	6	198022430	3.02996e-08
chr3	31	1	198022430	5.04993e-09
chr3	32	3	198022430	1.51498e-08
chr3	33	4	198022430	2.01997e-08
chr3	34	7	198022430	3.53495e-08
chr3	35	4	198022430	2.01997e-08
chr3	36	6	198022430	3.02996e-08
chr3	37	5	198022430	2.52497e-08
chr3	38	2	198022430	1.00999e-08
chr3	39	2	198022430	1.00999e-08
chr4	0	188762067	191154276	0.987485
chr4	1	2372987	191154276	0.012414
chr4	2	16845	191154276	8.81225e-05
chr4	3	1280	191154276	6.69616e-06
chr4	4	647	191154276	3.3847e-06
chr4	5	199	191154276	1.04104e-06
chr4	6	173	191154276	9.05028e-07
chr4	7	62	191154276	3.24345e-07
chr4	8	16	191154276	8.3702e-08
chr5	0	178664721	180915260	0.98756
chr5	1	2235531	180915260	0.0123568
chr5	2	14654	180915260	8.09992e-05
chr5	3	305	180915260	1.68587e-06
chr5	4	49	180915260	2.70845e-07
chr6	0	169037512	171115067	0.987859
chr6	1	2061273	171115067	0.0120461
chr6	2	12297	171115067	7.18639e-05
chr6	3	443	171115067	2.5889e-06
chr6	4	275	171115067	1.60711e-06
chr6	5	358	171115067	2.09216e-06
chr6	6	239	171115067	1.39672e-06
chr6	7	419	171115067	2.44864e-06
chr6	8	396	171115067	2.31423e-06
chr6	9	288	171115067	1.68308e-06
chr6	10	274	171115067	1.60126e-06
chr6	11	225	171115067	1.3149e-06
chr6	12	238	171115067	1.39088e-06
chr6	13	212	171115067	1.23893e-06
chr6	14	224	171115067	1.30906e-06
chr6	15	164	171115067	9.58419e-07
chr6	16	127	171115067	7.42191e-07
chr6	17	76	171115067	4.44146e-07
chr6	18	23	171115067	1.34412e-07
chr6	19	4	171115067	2.33761e-08
chr7	0	156582204	159138663	0.983936
chr7	1	2531100	159138663	0.015905
chr7	2	21741	159138663	0.000136617
chr7	3	756	159138663	4.75057e-06
chr7	4	392	159138663	2.46326e-06
chr7	5	254	159138663	1.59609e-06
chr7	6	314	159138663	1.97312e-06
chr7	7	176	159138663	1.10595e-06
chr7	8	183	159138663	1.14994e-06
chr7	9	216	159138663	1.35731e-06
chr7	10	97	159138663	6.09531e-07
chr7	11	144	159138663	9.04871e-07
chr7	12	101	159138663	6.34667e-07
chr7	13	128	159138663	8.0433e-07
chr7	14	128	159138663	8.0433e-07
chr7	15	116	159138663	7.28924e-07
chr7	16	114	159138663	7.16356e-07
chr7	17	107	159138663	6.7237e-07
chr7	18	78	159138663	4.90139e-07
chr7	19	61	159138663	3.83314e-07
chr7	20	64	159138663	4.02165e-07
chr7	21	77	159138663	4.83855e-07
chr7	22	48	159138663	3.01624e-07
chr7	23	21	159138663	1.3196e-07
chr7	24	14	159138663	8.79736e-08
chr7	25	12	159138663	7.54059e-08
chr7	26	12	159138663	7.54059e-08
chr7	27	4	159138663	2.51353e-08
chr7	28	1	159138663	6.28383e-09
chr8	0	144199163	146364022	0.985209
chr8	1	2139214	146364022	0.0146157
chr8	2	20608	146364022	0.0001408
chr8	3	2782	146364022	1.90074e-05
chr8	4	1151	146364022	7.86396e-06
chr8	5	535	146364022	3.65527e-06
chr8	6	293	146364022	2.00186e-06
chr8	7	140	146364022	9.56519e-07
chr8	8	59	146364022	4.03105e-07
chr8	9	35	146364022	2.3913e-07
chr8	10	15	146364022	1.02484e-07
chr8	11	13	146364022	8.88196e-08
chr8	12	5	146364022	3.41614e-08
chr8	13	9	146364022	6.14905e-08
chr9	0	139815128	141213431	0.990098
chr9	1	1388825	141213431	0.00983494
chr9	2	8728	141213431	6.18072e-05
chr9	3	393	141213431	2.78302e-06
chr9	4	110	141213431	7.78963e-07
chr9	5	153	141213431	1.08347e-06
chr9	6	15	141213431	1.06222e-07
chr9	7	37	141213431	2.62015e-07
chr9	8	42	141213431	2.97422e-07
chr10	0	133983933	135534747	0.988558
chr10	1	1525540	135534747	0.0112557
chr10	2	12600	135534747	9.29651e-05
chr10	3	2431	135534747	1.79364e-05
chr10	4	1568	135534747	1.1569e-05
chr10	5	1240	135534747	9.14894e-06
chr10	6	715	135534747	5.2754e-06
chr10	7	840	135534747	6.19767e-06
chr10	8	692	135534747	5.1057e-06
chr10	9	478	135534747	3.52677e-06
chr10	10	481	135534747	3.54891e-06
chr10	11	494	135534747	3.64482e-06
chr10	12	320	135534747	2.36102e-06
chr10	13	339	135534747	2.5012e-06
chr10	14	245	135534747	1.80765e-06
chr10	15	224	135534747	1.65271e-06
chr10	16	339	135534747	2.5012e-06
chr10	17	199	135534747	1.46826e-06
chr10	18	230	135534747	1.69698e-06
chr10	19	185	135534747	1.36496e-06
chr10	20	209	135534747	1.54204e-06
chr10	21	177	135534747	1.30594e-06
chr10	22	134	135534747	9.88676e-07
chr10	23	160	135534747	1.18051e-06
chr10	24	130	135534747	9.59164e-07
chr10	25	95	135534747	7.00927e-07
chr10	26	108	135534747	7.96844e-07
chr10	27	66	135534747	4.8696e-07
chr10	28	83	135534747	6.12389e-07
chr10	29	72	135534747	5.31229e-07
chr10	30	75	135534747	5.53364e-07
chr10	31	38	135534747	2.80371e-07
chr10	32	66	135534747	4.8696e-07
chr10	33	47	135534747	3.46775e-07
chr10	34	31	135534747	2.28724e-07
chr10	35	17	135534747	1.25429e-07
chr10	36	19	135534747	1.40185e-07
chr10	37	16	135534747	1.18051e-07
chr10	38	24	135534747	1.77076e-07
chr10	39	22	135534747	1.6232e-07
chr10	40	18	135534747	1.32807e-07
chr10	41	5	135534747	3.68909e-08
chr10	42	6	135534747	4.42691e-08
chr10	43	10	135534747	7.37818e-08
chr10	44	9	135534747	6.64036e-08
chr10	45	4	135534747	2.95127e-08
chr10	46	8	135534747	5.90255e-08
chr10	47	5	135534747	3.68909e-08
chr11	0	132856305	135006516	0.984073
chr11	1	2131236	135006516	0.0157862
chr11	2	16977	135006516	0.000125749
chr11	3	633	135006516	4.68866e-06
chr11	4	242	135006516	1.79251e-06
chr11	5	301	135006516	2.22952e-06
chr11	6	205	135006516	1.51845e-06
chr11	7	176	135006516	1.30364e-06
chr11	8	95	135006516	7.0367e-07
chr11	9	104	135006516	7.70333e-07
chr11	10	73	135006516	5.40715e-07
chr11	11	53	135006516	3.92574e-07
chr11	12	39	135006516	2.88875e-07
chr11	13	40	135006516	2.96282e-07
chr11	14	26	135006516	1.92583e-07
chr11	15	11	135006516	8.14776e-08
chr12	0	132545270	133851895	0.990238
chr12	1	1300192	133851895	0.00971366
chr12	2	6288	133851895	4.69773e-05
chr12	3	78	133851895	5.82734e-07
chr12	4	26	133851895	1.94245e-07
chr12	5	2	133851895	1.49419e-08
chr12	6	39	133851895	2.91367e-07
chr13	0	114349174	115169878	0.992874
chr13	1	817508	115169878	0.00709828
chr13	2	3196	115169878	2.77503e-05
chr14	0	105559293	107349540	0.983323
chr14	1	1772342	107349540	0.01651
chr14	2	17744	107349540	0.000165292
chr14	3	124	107349540	1.15511e-06
chr14	4	37	107349540	3.44668e-07
chr15	0	101832087	102531392	0.99318
chr15	1	697510	102531392	0.00680289
chr15	2	1795	102531392	1.75068e-05
chr16	0	89491851	90354753	0.99045
chr16	1	825414	90354753	0.00913526
chr16	2	11804	90354753	0.000130641
chr16	3	5685	90354753	6.29187e-05
chr16	4	4321	90354753	4.78226e-05
chr16	5	3809	90354753	4.21561e-05
chr16	6	3029	90354753	3.35234e-05
chr16	7	2535	90354753	2.80561e-05
chr16	8	2058	90354753	2.27769e-05
chr16	9	1398	90354753	1.54723e-05
chr16	10	1015	90354753	1.12335e-05
chr16	11	740	90354753	8.18994e-06
chr16	12	457	90354753	5.05784e-06
chr16	13	228	90354753	2.52339e-06
chr16	14	158	90354753	1.74866e-06
chr16	15	91	90354753	1.00714e-06
chr16	16	59	90354753	6.52982e-07
chr16	17	40	90354753	4.42699e-07
chr16	18	9	90354753	9.96074e-08
chr16	19	28	90354753	3.0989e-07
chr16	20	16	90354753	1.7708e-07
chr16	21	4	90354753	4.42699e-08
chr16	22	1	90354753	1.10675e-08
chr16	23	2	90354753	2.2135e-08
chr16	24	1	90354753	1.10675e-08
chr17	0	80319140	81195210	0.98921
chr17	1	868389	81195210	0.0106951
chr17	2	6751	81195210	8.31453e-05
chr17	3	483	81195210	5.94863e-06
chr17	4	253	81195210	3.11595e-06
chr17	5	82	81195210	1.00991e-06
chr17	6	40	81195210	4.9264e-07
chr17	7	9	81195210	1.10844e-07
chr17	8	20	81195210	2.4632e-07
chr17	9	4	81195210	4.9264e-08
chr17	10	3	81195210	3.6948e-08
chr17	11	4	81195210	4.9264e-08
chr17	12	11	81195210	1.35476e-07
chr17	13	12	81195210	1.47792e-07
chr17	14	8	81195210	9.8528e-08
chr17	15	1	81195210	1.2316e-08
chr18	0	77134911	78077248	0.987931
chr18	1	934419	78077248	0.0119679
chr18	2	6832	78077248	8.75031e-05
chr18	3	270	78077248	3.45811e-06
chr18	4	250	78077248	3.20196e-06
chr18	5	102	78077248	1.3064e-06
chr18	6	112	78077248	1.43448e-06
chr18	7	106	78077248	1.35763e-06
chr18	8	53	78077248	6.78815e-07
chr18	9	36	78077248	4.61082e-07
chr18	10	35	78077248	4.48274e-07
chr18	11	53	78077248	6.78815e-07
chr18	12	24	78077248	3.07388e-07
chr18	13	26	78077248	3.33004e-07
chr18	14	9	78077248	1.1527e-07
chr18	15	10	78077248	1.28078e-07
chr19	0	58260431	59128983	0.985311
chr19	1	858832	59128983	0.0145247
chr19	2	7222	59128983	0.00012214
chr19	3	314	59128983	5.31042e-06
chr19	4	347	59128983	5.86853e-06
chr19	5	349	59128983	5.90235e-06
chr19	6	227	59128983	3.83906e-06
chr19	7	208	59128983	3.51773e-06
chr19	8	142	59128983	2.40153e-06
chr19	9	110	59128983	1.86034e-06
chr19	10	132	59128983	2.23241e-06
chr19	11	124	59128983	2.09711e-06
chr19	12	68	59128983	1.15003e-06
chr19	13	83	59128983	1.40371e-06
chr19	14	36	59128983	6.08838e-07
chr19	15	33	59128983	5.58102e-07
chr19	16	58	59128983	9.80906e-07
chr19	17	32	59128983	5.4119e-07
chr19	18	24	59128983	4.05892e-07
chr19	19	58	59128983	9.80906e-07
chr19	20	32	59128983	5.4119e-07
chr19	21	23	59128983	3.8898e-07
chr19	22	12	59128983	2.02946e-07
chr19	23	12	59128983	2.02946e-07
chr19	24	21	59128983	3.55156e-07
chr19	25	20	59128983	3.38244e-07
chr19	26	10	59128983	1.69122e-07
chr19	27	6	59128983	1.01473e-07
chr19	28	11	59128983	1.86034e-07
chr19	29	6	59128983	1.01473e-07
chr20	0	62076882	63025520	0.984948
chr20	1	941172	63025520	0.0149332
chr20	2	7245	63025520	0.000114953
chr20	3	126	63025520	1.99919e-06
chr20	4	24	63025520	3.80798e-07
chr20	5	24	63025520	3.80798e-07
chr20	6	3	63025520	4.75998e-08
chr20	7	3	63025520	4.75998e-08
chr20	8	14	63025520	2.22132e-07
chr20	9	27	63025520	4.28398e-07
chr21	0	47815703	48129895	0.993472
chr21	1	311904	48129895	0.00648046
chr21	2	1995	48129895	4.14503e-05
chr21	3	114	48129895	2.36859e-06
chr21	4	71	48129895	1.47517e-06
chr21	5	27	48129895	5.60982e-07
chr21	6	8	48129895	1.66217e-07
chr21	7	37	48129895	7.68753e-07
chr21	8	36	48129895	7.47976e-07
chr22	0	50893351	51304566	0.991985
chr22	1	408467	51304566	0.00796161
chr22	2	2608	51304566	5.08337e-05
chr22	3	76	51304566	1.48135e-06
chr22	4	3	51304566	5.84743e-08
chr22	5	1	51304566	1.94914e-08
chr22	6	3	51304566	5.84743e-08
chr22	7	2	51304566	3.89829e-08
chr22	8	2	51304566	3.89829e-08
chr22	9	1	51304566	1.94914e-08
chr22	10	1	51304566	1.94914e-08
chr22	11	2	51304566	3.89829e-08
chr22	12	1	51304566	1.94914e-08
chr22	13	1	51304566	1.94914e-08
chr22	14	2	51304566	3.89829e-08
chr22	15	2	51304566	3.89829e-08
chr22	16	3	51304566	5.84743e-08
chr22	17	1	51304566	1.94914e-08
chr22	18	3	51304566	5.84743e-08
chr22	19	1	51304566	1.94914e-08
chr22	20	3	51304566	5.84743e-08
chr22	21	2	51304566	3.89829e-08
chr22	22	30	51304566	5.84743e-07
chrX	0	153909289	155270560	0.991233
chrX	1	1351148	155270560	0.00870189
chrX	2	8609	155270560	5.54452e-05
chrX	3	943	155270560	6.07327e-06
chrX	4	439	155270560	2.82732e-06
chrX	5	100	155270560	6.44037e-07
chrX	6	25	155270560	1.61009e-07
chrX	7	7	155270560	4.50826e-08
chrY	0	59312057	59373566	0.998964
chrY	1	57634	59373566	0.000970701
chrY	2	2569	59373566	4.32684e-05
chrY	3	785	59373566	1.32214e-05
chrY	4	268	59373566	4.51379e-06
chrY	5	89	59373566	1.49898e-06
chrY	6	46	59373566	7.74756e-07
chrY	7	55	59373566	9.26338e-07
chrY	8	15	59373566	2.52638e-07
chrY	9	20	59373566	3.3685e-07
chrY	10	13	59373566	2.18953e-07
chrY	11	15	59373566	2.52638e-07
chr1_gl000191_random	0	105533	106433	0.991544
chr1_gl000191_random	1	900	106433	0.00845602
chr1_gl000192_random	0	535626	547496	0.978319
chr1_gl000192_random	1	11740	547496	0.0214431
chr1_gl000192_random	2	130	547496	0.000237445
chr4_ctg9_hap1	0	585776	590426	0.992124
chr4_ctg9_hap1	1	4650	590426	0.00787567
chr4_gl000193_random	0	185761	189789	0.978776
chr4_gl000193_random	1	3956	189789	0.0208442
chr4_gl000193_random	2	72	189789	0.000379369
chr4_gl000194_random	0	187785	191469	0.980759
chr4_gl000194_random	1	3668	191469	0.0191571
chr4_gl000194_random	2	16	191469	8.35644e-05
chr6_apd_hap1	0	4617940	4622290	0.999059
chr6_apd_hap1	1	4350	4622290	0.000941092
chr6_cox_hap2	0	4783071	4795371	0.997435
chr6_cox_hap2	1	12300	4795371	0.00256497
chr6_dbb_hap3	0	4601005	4610396	0.997963
chr6_dbb_hap3	1	9382	4610396	0.00203497
chr6_dbb_hap3	2	9	4610396	1.95211e-06
chr6_mann_hap4	0	4673963	4683263	0.998014
chr6_mann_hap4	1	9300	4683263	0.00198579
chr6_mcf_hap5	0	4825746	4833398	0.998417
chr6_mcf_hap5	1	7604	4833398	0.00157322
chr6_mcf_hap5	2	48	4833398	9.9309e-06
chr6_qbl_hap6	0	4602087	4611984	0.997854
chr6_qbl_hap6	1	9894	4611984	0.00214528
chr6_qbl_hap6	2	3	4611984	6.50479e-07
chr6_ssto_hap7	0	4917817	4928567	0.997819
chr6_ssto_hap7	1	10750	4928567	0.00218116
chr7_gl000195_random	0	177922	182896	0.972804
chr7_gl000195_random	1	4798	182896	0.0262335
chr7_gl000195_random	2	176	182896	0.000962296
chr8_gl000196_random	0	38614	38914	0.992291
chr8_gl000196_random	1	300	38914	0.00770931
chr8_gl000197_random	0	37075	37175	0.99731
chr8_gl000197_random	1	100	37175	0.00268998
chr9_gl000198_random	0	88110	90085	0.978076
chr9_gl000198_random	1	1950	90085	0.0216462
chr9_gl000198_random	2	25	90085	0.000277516
chr9_gl000199_random	0	111529	169874	0.65654
chr9_gl000199_random	1	35794	169874	0.210709
chr9_gl000199_random	2	13913	169874	0.0819019
chr9_gl000199_random	3	5049	169874	0.029722
chr9_gl000199_random	4	1838	169874	0.0108198
chr9_gl000199_random	5	736	169874	0.00433262
chr9_gl000199_random	6	410	169874	0.00241355
chr9_gl000199_random	7	248	169874	0.00145991
chr9_gl000199_random	8	179	169874	0.00105372
chr9_gl000199_random	9	31	169874	0.000182488
chr9_gl000199_random	10	70	169874	0.00041207
chr9_gl000199_random	11	45	169874	0.000264902
chr9_gl000199_random	12	17	169874	0.000100074
chr9_gl000199_random	13	15	169874	8.83007e-05
chr9_gl000200_random	0	185456	187035	0.991558
chr9_gl000200_random	1	1558	187035	0.00832999
chr9_gl000200_random	2	21	187035	0.000112278
chr9_gl000201_random	0	35998	36148	0.99585
chr9_gl000201_random	1	150	36148	0.00414961
chr11_gl000202_random	0	39703	40103	0.990026
chr11_gl000202_random	1	400	40103	0.00997432
chr17_ctg5_hap1	0	1675112	1680828	0.996599
chr17_ctg5_hap1	1	5682	1680828	0.00338048
chr17_ctg5_hap1	2	34	1680828	2.02281e-05
chr17_gl000203_random	0	37198	37498	0.992
chr17_gl000203_random	1	300	37498	0.00800043
chr17_gl000204_random	0	80834	81310	0.994146
chr17_gl000204_random	1	452	81310	0.00555897
chr17_gl000204_random	2	24	81310	0.000295167
chr17_gl000205_random	0	169387	174588	0.97021
chr17_gl000205_random	1	5052	174588	0.0289367
chr17_gl000205_random	2	149	174588	0.000853438
chr17_gl000206_random	0	40801	41001	0.995122
chr17_gl000206_random	1	200	41001	0.00487793
chr18_gl000207_random	0	4212	4262	0.988268
chr18_gl000207_random	1	50	4262	0.0117316
chr19_gl000208_random	0	84968	92689	0.9167
chr19_gl000208_random	1	5835	92689	0.0629525
chr19_gl000208_random	2	1050	92689	0.0113282
chr19_gl000208_random	3	549	92689	0.00592303
chr19_gl000208_random	4	167	92689	0.00180172
chr19_gl000208_random	5	120	92689	0.00129465
chr19_gl000209_random	0	157819	159169	0.991518
chr19_gl000209_random	1	1350	159169	0.00848155
chr21_gl000210_random	0	27582	27682	0.996388
chr21_gl000210_random	1	100	27682	0.00361246
chrUn_gl000211	0	163816	166566	0.98349
chrUn_gl000211	1	2750	166566	0.01651
chrUn_gl000212	0	183832	186858	0.983806
chrUn_gl000212	1	2952	186858	0.0157981
chrUn_gl000212	2	74	186858	0.000396023
chrUn_gl000213	0	163139	164239	0.993302
chrUn_gl000213	1	1100	164239	0.00669756
chrUn_gl000214	0	132086	137718	0.959105
chrUn_gl000214	1	5564	137718	0.0404014
chrUn_gl000214	2	68	137718	0.000493763
chrUn_gl000215	0	171095	172545	0.991596
chrUn_gl000215	1	1450	172545	0.0084036
chrUn_gl000216	0	162904	172294	0.9455
chrUn_gl000216	1	8240	172294	0.0478252
chrUn_gl000216	2	673	172294	0.00390611
chrUn_gl000216	3	238	172294	0.00138136
chrUn_gl000216	4	101	172294	0.000586207
chrUn_gl000216	5	56	172294	0.000325026
chrUn_gl000216	6	37	172294	0.000214749
chrUn_gl000216	7	2	172294	1.16081e-05
chrUn_gl000216	8	7	172294	4.06282e-05
chrUn_gl000216	9	36	172294	0.000208945
chrUn_gl000217	0	169177	172149	0.982736
chrUn_gl000217	1	2944	172149	0.0171015
chrUn_gl000217	2	28	172149	0.00016265
chrUn_gl000218	0	157897	161147	0.979832
chrUn_gl000218	1	3250	161147	0.0201679
chrUn_gl000219	0	176062	179198	0.9825
chrUn_gl000219	1	3072	179198	0.017143
chrUn_gl000219	2	64	179198	0.000357147
chrUn_gl000220	0	127366	161802	0.787172
chrUn_gl000220	1	21284	161802	0.131543
chrUn_gl000220	2	8515	161802	0.052626
chrUn_gl000220	3	3338	161802	0.0206302
chrUn_gl000220	4	927	161802	0.00572922
chrUn_gl000220	5	288	161802	0.00177995
chrUn_gl000220	6	64	161802	0.000395545
chrUn_gl000220	7	20	161802	0.000123608
chrUn_gl000221	0	152265	155397	0.979845
chrUn_gl000221	1	3064	155397	0.0197172
chrUn_gl000221	2	68	155397	0.000437589
chrUn_gl000222	0	183730	186861	0.983244
chrUn_gl000222	1	3112	186861	0.0166541
chrUn_gl000222	2	19	186861	0.00010168
chrUn_gl000223	0	179405	180455	0.994181
chrUn_gl000223	1	1050	180455	0.00581862
chrUn_gl000224	0	174264	179693	0.969787
chrUn_gl000224	1	4829	179693	0.0268736
chrUn_gl000224	2	504	179693	0.00280478
chrUn_gl000224	3	71	179693	0.000395118
chrUn_gl000224	4	25	179693	0.000139126
chrUn_gl000225	0	196011	211173	0.928201
chrUn_gl000225	1	13115	211173	0.0621055
chrUn_gl000225	2	1456	211173	0.00689482
chrUn_gl000225	3	418	211173	0.00197942
chrUn_gl000225	4	106	211173	0.000501958
chrUn_gl000225	5	18	211173	8.52382e-05
chrUn_gl000225	6	3	211173	1.42064e-05
chrUn_gl000225	7	7	211173	3.31482e-05
chrUn_gl000225	8	13	211173	6.15609e-05
chrUn_gl000225	9	26	211173	0.000123122
chrUn_gl000226	0	831	15008	0.0553705
chrUn_gl000226	1	1196	15008	0.0796908
chrUn_gl000226	2	1111	15008	0.0740272
chrUn_gl000226	3	1299	15008	0.0865538
chrUn_gl000226	4	1799	15008	0.119869
chrUn_gl000226	5	2027	15008	0.135061
chrUn_gl000226	6	1676	15008	0.111674
chrUn_gl000226	7	1596	15008	0.106343
chrUn_gl000226	8	1258	15008	0.083822
chrUn_gl000226	9	730	15008	0.0486407
chrUn_gl000226	10	600	15008	0.0399787
chrUn_gl000226	11	371	15008	0.0247201
chrUn_gl000226	12	278	15008	0.0185235
chrUn_gl000226	13	120	15008	0.00799574
chrUn_gl000226	14	59	15008	0.00393124
chrUn_gl000226	15	33	15008	0.00219883
chrUn_gl000226	16	18	15008	0.00119936
chrUn_gl000226	17	2	15008	0.000133262
chrUn_gl000226	18	4	15008	0.000266525
chrUn_gl000227	0	127374	128374	0.99221
chrUn_gl000227	1	1000	128374	0.00778974
chrUn_gl000228	0	127121	129120	0.984518
chrUn_gl000228	1	1775	129120	0.0137469
chrUn_gl000228	2	147	129120	0.00113848
chrUn_gl000228	3	77	129120	0.000596344
chrUn_gl000229	0	18813	19913	0.94476
chrUn_gl000229	1	1100	19913	0.0552403
chrUn_gl000230	0	42941	43691	0.982834
chrUn_gl000230	1	750	43691	0.017166
chrUn_gl000231	0	26386	27386	0.963485
chrUn_gl000231	1	1000	27386	0.036515
chrUn_gl000232	0	37879	40652	0.931787
chrUn_gl000232	1	2696	40652	0.066319
chrUn_gl000232	2	77	40652	0.00189413
chrUn_gl000233	0	45141	45941	0.982586
chrUn_gl000233	1	800	45941	0.0174136
chrUn_gl000234	0	39395	40531	0.971972
chrUn_gl000234	1	1072	40531	0.0264489
chrUn_gl000234	2	64	40531	0.00157904
chrUn_gl000235	0	33574	34474	0.973893
chrUn_gl000235	1	900	34474	0.0261066
chrUn_gl000236	0	41484	41934	0.989269
chrUn_gl000236	1	450	41934	0.0107311
chrUn_gl000237	0	44817	45867	0.977108
chrUn_gl000237	1	1050	45867	0.0228923
chrUn_gl000238	0	39839	39939	0.997496
chrUn_gl000238	1	100	39939	0.00250382
chrUn_gl000239	0	32924	33824	0.973392
chrUn_gl000239	1	900	33824	0.0266083
chrUn_gl000240	0	41383	41933	0.986884
chrUn_gl000240	1	550	41933	0.0131162
chrUn_gl000241	0	40321	42152	0.956562
chrUn_gl000241	1	1762	42152	0.0418011
chrUn_gl000241	2	69	42152	0.00163693
chrUn_gl000243	0	42278	43341	0.975474
chrUn_gl000243	1	1026	43341	0.0236727
chrUn_gl000243	2	37	43341	0.000853695
chrUn_gl000244	0	38486	39929	0.963861
chrUn_gl000244	1	1436	39929	0.0359638
chrUn_gl000244	2	7	39929	0.000175311
chrUn_gl000245	0	35977	36651	0.98161
chrUn_gl000245	1	648	36651	0.0176803
chrUn_gl000245	2	26	36651	0.000709394
chrUn_gl000246	0	37954	38154	0.994758
chrUn_gl000246	1	200	38154	0.00524191
chrUn_gl000247	0	35672	36422	0.979408
chrUn_gl000247	1	750	36422	0.020592
chrUn_gl000248	0	39486	39786	0.99246
chrUn_gl000248	1	300	39786	0.00754034
chrUn_gl000249	0	38202	38502	0.992208
chrUn_gl000249	1	300	38502	0.0077918
chrUn_gl000242	0	43523	43523	1
genome	0	3098043927	3137161264	0.987531
genome	1	38670038	3137161264	0.0123264
genome	2	343939	3137161264	0.000109634
genome	3	34259	3137161264	1.09204e-05
genome	4	17551	3137161264	5.59455e-06
genome	5	12047	3137161264	3.8401e-06
genome	6	8331	3137161264	2.65559e-06
genome	7	7085	3137161264	2.25841e-06
genome	8	5504	3137161264	1.75445e-06
genome	9	3649	3137161264	1.16315e-06
genome	10	2903	3137161264	9.25359e-07
genome	11	2415	3137161264	7.69804e-07
genome	12	1669	3137161264	5.3201e-07
genome	13	1235	3137161264	3.93668e-07
genome	14	919	3137161264	2.9294e-07
genome	15	737	3137161264	2.34926e-07
genome	16	783	3137161264	2.49589e-07
genome	17	506	3137161264	1.61292e-07
genome	18	440	3137161264	1.40254e-07
genome	19	383	3137161264	1.22085e-07
genome	20	373	3137161264	1.18897e-07
genome	21	318	3137161264	1.01366e-07
genome	22	265	3137161264	8.44713e-08
genome	23	253	3137161264	8.06462e-08
genome	24	213	3137161264	6.78958e-08
genome	25	157	3137161264	5.00452e-08
genome	26	170	3137161264	5.41891e-08
genome	27	133	3137161264	4.2395e-08
genome	28	156	3137161264	4.97265e-08
genome	29	109	3137161264	3.47448e-08
genome	30	93	3137161264	2.96446e-08
genome	31	49	3137161264	1.56192e-08
genome	32	79	3137161264	2.5182e-08
genome	33	62	3137161264	1.97631e-08
genome	34	58	3137161264	1.84881e-08
genome	35	30	3137161264	9.56279e-09
genome	36	37	3137161264	1.17941e-08
genome	37	40	3137161264	1.27504e-08
genome	38	38	3137161264	1.21129e-08
genome	39	33	3137161264	1.05191e-08
genome	40	35	3137161264	1.11566e-08
genome	41	22	3137161264	7.01271e-09
genome	42	18	3137161264	5.73767e-09
genome	43	27	3137161264	8.60651e-09
genome	44	24	3137161264	7.65023e-09
genome	45	28	3137161264	8.92527e-09
genome	46	36	3137161264	1.14753e-08
genome	47	27	3137161264	8.60651e-09
genome	48	18	3137161264	5.73767e-09
genome	49	5	3137161264	1.5938e-09
genome	50	3	3137161264	9.56279e-10
genome	51	2	3137161264	6.37519e-10
genome	52	2	3137161264	6.37519e-10
genome	53	1	3137161264	3.1876e-10
genome	54	1	3137161264	3.1876e-10
genome	55	3	3137161264	9.56279e-10
genome	56	7	3137161264	2.23132e-09
genome	57	15	3137161264	4.78139e-09
genome	58	4	3137161264	1.27504e-09
