chrM	0	12402	16571	0.748416
chrM	1	3422	16571	0.206505
chrM	2	663	16571	0.0400097
chrM	3	84	16571	0.0050691
chr1	0	244832154	249250621	0.982273
chr1	1	4367999	249250621	0.0175245
chr1	2	47575	249250621	0.000190872
chr1	3	1110	249250621	4.45335e-06
chr1	4	344	249250621	1.38014e-06
chr1	5	80	249250621	3.20962e-07
chr1	6	48	249250621	1.92577e-07
chr1	7	86	249250621	3.45034e-07
chr1	8	30	249250621	1.20361e-07
chr1	9	54	249250621	2.16649e-07
chr1	10	56	249250621	2.24673e-07
chr1	11	11	249250621	4.41323e-08
chr1	12	19	249250621	7.62285e-08
chr1	13	15	249250621	6.01804e-08
chr1	14	14	249250621	5.61684e-08
chr1	15	12	249250621	4.81443e-08
chr1	16	27	249250621	1.08325e-07
chr1	17	28	249250621	1.12337e-07
chr1	18	33	249250621	1.32397e-07
chr1	19	47	249250621	1.88565e-07
chr1	20	66	249250621	2.64794e-07
chr1	21	47	249250621	1.88565e-07
chr1	22	41	249250621	1.64493e-07
chr1	23	68	249250621	2.72818e-07
chr1	24	49	249250621	1.96589e-07
chr1	25	43	249250621	1.72517e-07
chr1	26	48	249250621	1.92577e-07
chr1	27	28	249250621	1.12337e-07
chr1	28	29	249250621	1.16349e-07
chr1	29	41	249250621	1.64493e-07
chr1	30	30	249250621	1.20361e-07
chr1	31	22	249250621	8.82646e-08
chr1	32	21	249250621	8.42525e-08
chr1	33	21	249250621	8.42525e-08
chr1	34	12	249250621	4.81443e-08
chr1	35	12	249250621	4.81443e-08
chr1	36	19	249250621	7.62285e-08
chr1	37	17	249250621	6.82044e-08
chr1	38	16	249250621	6.41924e-08
chr1	39	6	249250621	2.40722e-08
chr1	40	6	249250621	2.40722e-08
chr1	41	7	249250621	2.80842e-08
chr1	42	6	249250621	2.40722e-08
chr1	43	10	249250621	4.01203e-08
chr1	44	7	249250621	2.80842e-08
chr1	45	10	249250621	4.01203e-08
chr1	46	2	249250621	8.02405e-09
chr1	47	8	249250621	3.20962e-08
chr1	48	4	249250621	1.60481e-08
chr1	49	8	249250621	3.20962e-08
chr1	50	15	249250621	6.01804e-08
chr1	51	19	249250621	7.62285e-08
chr1	52	33	249250621	1.32397e-07
chr1	53	16	249250621	6.41924e-08
chr1	54	12	249250621	4.81443e-08
chr1	55	19	249250621	7.62285e-08
chr1	56	6	249250621	2.40722e-08
chr1	57	9	249250621	3.61082e-08
chr1	58	10	249250621	4.01203e-08
chr1	59	13	249250621	5.21563e-08
chr1	60	13	249250621	5.21563e-08
chr1	61	5	249250621	2.00601e-08
chr1	63	2	249250621	8.02405e-09
chr1	64	2	249250621	8.02405e-09
chr1	65	1	249250621	4.01203e-09
chr2	0	239601726	243199373	0.985207
chr2	1	3558161	243199373	0.0146306
chr2	2	31374	243199373	0.000129005
chr2	3	3280	243199373	1.34869e-05
chr2	4	1960	243199373	8.05923e-06
chr2	5	1163	243199373	4.78208e-06
chr2	6	812	243199373	3.33882e-06
chr2	7	350	243199373	1.43915e-06
chr2	8	220	243199373	9.04608e-07
chr2	9	128	243199373	5.26317e-07
chr2	10	59	243199373	2.42599e-07
chr2	11	37	243199373	1.52139e-07
chr2	12	20	243199373	8.22371e-08
chr2	13	15	243199373	6.16778e-08
chr2	14	16	243199373	6.57896e-08
chr2	15	10	243199373	4.11185e-08
chr2	16	8	243199373	3.28948e-08
chr2	17	34	243199373	1.39803e-07
chr3	0	194701970	198022430	0.983232
chr3	1	3292818	198022430	0.0166285
chr3	2	27259	198022430	0.000137656
chr3	3	198	198022430	9.99887e-07
chr3	4	73	198022430	3.68645e-07
chr3	5	1	198022430	5.04993e-09
chr3	6	4	198022430	2.01997e-08
chr3	7	5	198022430	2.52497e-08
chr3	8	2	198022430	1.00999e-08
chr3	10	3	198022430	1.51498e-08
chr3	11	4	198022430	2.01997e-08
chr3	12	3	198022430	1.51498e-08
chr3	13	1	198022430	5.04993e-09
chr3	14	2	198022430	1.00999e-08
chr3	15	3	198022430	1.51498e-08
chr3	16	4	198022430	2.01997e-08
chr3	17	2	198022430	1.00999e-08
chr3	19	3	198022430	1.51498e-08
chr3	20	1	198022430	5.04993e-09
chr3	21	3	198022430	1.51498e-08
chr3	22	6	198022430	3.02996e-08
chr3	23	3	198022430	1.51498e-08
chr3	24	3	198022430	1.51498e-08
chr3	25	3	198022430	1.51498e-08
chr3	26	3	198022430	1.51498e-08
chr3	27	2	198022430	1.00999e-08
chr3	28	2	198022430	1.00999e-08
chr3	29	1	198022430	5.04993e-09
chr3	30	3	198022430	1.51498e-08
chr3	31	3	198022430	1.51498e-08
chr3	32	2	198022430	1.00999e-08
chr3	33	3	198022430	1.51498e-08
chr3	34	3	198022430	1.51498e-08
chr3	35	7	198022430	3.53495e-08
chr3	36	2	198022430	1.00999e-08
chr3	37	4	198022430	2.01997e-08
chr3	38	3	198022430	1.51498e-08
chr3	39	2	198022430	1.00999e-08
chr3	40	13	198022430	6.56491e-08
chr3	41	2	198022430	1.00999e-08
chr3	42	1	198022430	5.04993e-09
chr4	0	188874260	191154276	0.988072
chr4	1	2261954	191154276	0.0118331
chr4	2	15777	191154276	8.25354e-05
chr4	3	1160	191154276	6.0684e-06
chr4	4	504	191154276	2.63661e-06
chr4	5	315	191154276	1.64788e-06
chr4	6	81	191154276	4.23742e-07
chr4	7	51	191154276	2.668e-07
chr4	8	99	191154276	5.17906e-07
chr4	9	8	191154276	4.1851e-08
chr4	10	17	191154276	8.89334e-08
chr4	11	12	191154276	6.27765e-08
chr4	12	32	191154276	1.67404e-07
chr4	13	6	191154276	3.13883e-08
chr5	0	178719258	180915260	0.987862
chr5	1	2181058	180915260	0.0120557
chr5	2	14242	180915260	7.87219e-05
chr5	3	527	180915260	2.91297e-06
chr5	4	102	180915260	5.638e-07
chr5	5	19	180915260	1.05022e-07
chr5	6	54	180915260	2.98482e-07
chr6	0	169084116	171115067	0.988131
chr6	1	2014879	171115067	0.011775
chr6	2	11874	171115067	6.93919e-05
chr6	3	343	171115067	2.0045e-06
chr6	4	430	171115067	2.51293e-06
chr6	5	243	171115067	1.4201e-06
chr6	6	326	171115067	1.90515e-06
chr6	7	277	171115067	1.61879e-06
chr6	8	337	171115067	1.96943e-06
chr6	9	334	171115067	1.9519e-06
chr6	10	309	171115067	1.8058e-06
chr6	11	365	171115067	2.13307e-06
chr6	12	261	171115067	1.52529e-06
chr6	13	315	171115067	1.84087e-06
chr6	14	222	171115067	1.29737e-06
chr6	15	125	171115067	7.30503e-07
chr6	16	124	171115067	7.24659e-07
chr6	17	81	171115067	4.73366e-07
chr6	18	47	171115067	2.74669e-07
chr6	19	23	171115067	1.34412e-07
chr6	20	12	171115067	7.01282e-08
chr6	21	17	171115067	9.93483e-08
chr6	22	5	171115067	2.92201e-08
chr6	23	2	171115067	1.1688e-08
chr7	0	156666531	159138663	0.984466
chr7	1	2448993	159138663	0.0153891
chr7	2	19235	159138663	0.000120869
chr7	3	820	159138663	5.15274e-06
chr7	4	557	159138663	3.50009e-06
chr7	5	412	159138663	2.58894e-06
chr7	6	314	159138663	1.97312e-06
chr7	7	176	159138663	1.10595e-06
chr7	8	217	159138663	1.36359e-06
chr7	9	142	159138663	8.92304e-07
chr7	10	136	159138663	8.54601e-07
chr7	11	130	159138663	8.16898e-07
chr7	12	164	159138663	1.03055e-06
chr7	13	116	159138663	7.28924e-07
chr7	14	103	159138663	6.47234e-07
chr7	15	93	159138663	5.84396e-07
chr7	16	86	159138663	5.40409e-07
chr7	17	67	159138663	4.21016e-07
chr7	18	68	159138663	4.273e-07
chr7	19	63	159138663	3.95881e-07
chr7	20	56	159138663	3.51894e-07
chr7	21	61	159138663	3.83314e-07
chr7	22	62	159138663	3.89597e-07
chr7	23	32	159138663	2.01083e-07
chr7	24	10	159138663	6.28383e-08
chr7	25	15	159138663	9.42574e-08
chr7	26	4	159138663	2.51353e-08
chr8	0	144261547	146364022	0.985635
chr8	1	2076907	146364022	0.01419
chr8	2	19795	146364022	0.000135245
chr8	3	3081	146364022	2.10503e-05
chr8	4	1319	146364022	9.01178e-06
chr8	5	769	146364022	5.25402e-06
chr8	6	315	146364022	2.15217e-06
chr8	7	191	146364022	1.30497e-06
chr8	8	43	146364022	2.93788e-07
chr8	9	9	146364022	6.14905e-08
chr8	10	19	146364022	1.29813e-07
chr8	11	27	146364022	1.84472e-07
chr9	0	139852430	141213431	0.990362
chr9	1	1352810	141213431	0.0095799
chr9	2	7700	141213431	5.45274e-05
chr9	3	251	141213431	1.77745e-06
chr9	4	151	141213431	1.0693e-06
chr9	5	39	141213431	2.76178e-07
chr9	6	12	141213431	8.49778e-08
chr9	7	38	141213431	2.69096e-07
chr10	0	133869463	135534747	0.987713
chr10	1	1638747	135534747	0.012091
chr10	2	13551	135534747	9.99817e-05
chr10	3	2176	135534747	1.60549e-05
chr10	4	1760	135534747	1.29856e-05
chr10	5	1368	135534747	1.00934e-05
chr10	6	1217	135534747	8.97925e-06
chr10	7	582	135534747	4.2941e-06
chr10	8	741	135534747	5.46723e-06
chr10	9	530	135534747	3.91044e-06
chr10	10	441	135534747	3.25378e-06
chr10	11	413	135534747	3.04719e-06
chr10	12	363	135534747	2.67828e-06
chr10	13	283	135534747	2.08803e-06
chr10	14	314	135534747	2.31675e-06
chr10	15	218	135534747	1.60844e-06
chr10	16	198	135534747	1.46088e-06
chr10	17	208	135534747	1.53466e-06
chr10	18	204	135534747	1.50515e-06
chr10	19	157	135534747	1.15837e-06
chr10	20	149	135534747	1.09935e-06
chr10	21	165	135534747	1.2174e-06
chr10	22	166	135534747	1.22478e-06
chr10	23	131	135534747	9.66542e-07
chr10	24	102	135534747	7.52575e-07
chr10	25	108	135534747	7.96844e-07
chr10	26	104	135534747	7.67331e-07
chr10	27	104	135534747	7.67331e-07
chr10	28	92	135534747	6.78793e-07
chr10	29	73	135534747	5.38607e-07
chr10	30	107	135534747	7.89465e-07
chr10	31	110	135534747	8.116e-07
chr10	32	71	135534747	5.23851e-07
chr10	33	49	135534747	3.61531e-07
chr10	34	55	135534747	4.058e-07
chr10	35	43	135534747	3.17262e-07
chr10	36	47	135534747	3.46775e-07
chr10	37	21	135534747	1.54942e-07
chr10	38	25	135534747	1.84455e-07
chr10	39	23	135534747	1.69698e-07
chr10	40	19	135534747	1.40185e-07
chr10	41	15	135534747	1.10673e-07
chr10	42	10	135534747	7.37818e-08
chr10	43	12	135534747	8.85382e-08
chr10	44	9	135534747	6.64036e-08
chr10	45	2	135534747	1.47564e-08
chr10	46	1	135534747	7.37818e-09
chr11	0	132980636	135006516	0.984994
chr11	1	2008372	135006516	0.0148761
chr11	2	15719	135006516	0.000116431
chr11	3	514	135006516	3.80722e-06
chr11	4	394	135006516	2.91838e-06
chr11	5	241	135006516	1.7851e-06
chr11	6	100	135006516	7.40705e-07
chr11	7	135	135006516	9.99952e-07
chr11	8	75	135006516	5.55529e-07
chr11	9	88	135006516	6.5182e-07
chr11	10	63	135006516	4.66644e-07
chr11	11	68	135006516	5.03679e-07
chr11	12	72	135006516	5.33308e-07
chr11	13	9	135006516	6.66635e-08
chr11	14	29	135006516	2.14804e-07
chr11	15	1	135006516	7.40705e-09
chr12	0	132341673	133851895	0.988717
chr12	1	1500693	133851895	0.0112116
chr12	2	9322	133851895	6.96441e-05
chr12	3	165	133851895	1.23271e-06
chr12	4	42	133851895	3.1378e-07
chr13	0	114375116	115169878	0.993099
chr13	1	791924	115169878	0.00687614
chr13	2	2838	115169878	2.46419e-05
chr14	0	105582669	107349540	0.983541
chr14	1	1748503	107349540	0.0162879
chr14	2	18207	107349540	0.000169605
chr14	3	161	107349540	1.49977e-06
chr15	0	101833584	102531392	0.993194
chr15	1	695630	102531392	0.00678456
chr15	2	2164	102531392	2.11057e-05
chr15	3	14	102531392	1.36544e-07
chr16	0	89494903	90354753	0.990484
chr16	1	823980	90354753	0.00911939
chr16	2	9941	90354753	0.000110022
chr16	3	5366	90354753	5.93881e-05
chr16	4	4628	90354753	5.12203e-05
chr16	5	3932	90354753	4.35174e-05
chr16	6	3405	90354753	3.76848e-05
chr16	7	2881	90354753	3.18854e-05
chr16	8	1877	90354753	2.07737e-05
chr16	9	1282	90354753	1.41885e-05
chr16	10	924	90354753	1.02264e-05
chr16	11	606	90354753	6.7069e-06
chr16	12	314	90354753	3.47519e-06
chr16	13	283	90354753	3.1321e-06
chr16	14	196	90354753	2.16923e-06
chr16	15	116	90354753	1.28383e-06
chr16	16	64	90354753	7.08319e-07
chr16	17	34	90354753	3.76295e-07
chr16	18	21	90354753	2.32417e-07
chr17	0	80319325	81195210	0.989213
chr17	1	869362	81195210	0.0107071
chr17	2	5863	81195210	7.22087e-05
chr17	3	406	81195210	5.0003e-06
chr17	4	141	81195210	1.73656e-06
chr17	5	58	81195210	7.14328e-07
chr17	6	2	81195210	2.4632e-08
chr17	7	3	81195210	3.6948e-08
chr17	8	3	81195210	3.6948e-08
chr17	9	2	81195210	2.4632e-08
chr17	10	8	81195210	9.8528e-08
chr17	11	2	81195210	2.4632e-08
chr17	12	4	81195210	4.9264e-08
chr17	13	19	81195210	2.34004e-07
chr17	14	12	81195210	1.47792e-07
chr18	0	77176046	78077248	0.988458
chr18	1	894074	78077248	0.0114511
chr18	2	5680	78077248	7.27485e-05
chr18	3	410	78077248	5.25121e-06
chr18	4	248	78077248	3.17634e-06
chr18	5	160	78077248	2.04925e-06
chr18	6	188	78077248	2.40787e-06
chr18	7	93	78077248	1.19113e-06
chr18	8	67	78077248	8.58125e-07
chr18	9	110	78077248	1.40886e-06
chr18	10	34	78077248	4.35466e-07
chr18	11	33	78077248	4.22658e-07
chr18	12	18	78077248	2.30541e-07
chr18	13	40	78077248	5.12313e-07
chr18	14	9	78077248	1.1527e-07
chr18	15	8	78077248	1.02463e-07
chr18	16	1	78077248	1.28078e-08
chr18	17	2	78077248	2.56157e-08
chr18	18	2	78077248	2.56157e-08
chr18	19	6	78077248	7.6847e-08
chr18	20	10	78077248	1.28078e-07
chr18	21	1	78077248	1.28078e-08
chr18	22	4	78077248	5.12313e-08
chr18	23	1	78077248	1.28078e-08
chr18	24	3	78077248	3.84235e-08
chr19	0	58224178	59128983	0.984698
chr19	1	894248	59128983	0.0151237
chr19	2	8078	59128983	0.000136617
chr19	3	501	59128983	8.473e-06
chr19	4	294	59128983	4.97218e-06
chr19	5	298	59128983	5.03983e-06
chr19	6	166	59128983	2.80742e-06
chr19	7	169	59128983	2.85816e-06
chr19	8	125	59128983	2.11402e-06
chr19	9	119	59128983	2.01255e-06
chr19	10	100	59128983	1.69122e-06
chr19	11	91	59128983	1.53901e-06
chr19	12	49	59128983	8.28697e-07
chr19	13	89	59128983	1.50518e-06
chr19	14	54	59128983	9.13258e-07
chr19	15	54	59128983	9.13258e-07
chr19	16	57	59128983	9.63994e-07
chr19	17	41	59128983	6.93399e-07
chr19	18	12	59128983	2.02946e-07
chr19	19	48	59128983	8.11785e-07
chr19	20	28	59128983	4.73541e-07
chr19	21	41	59128983	6.93399e-07
chr19	22	28	59128983	4.73541e-07
chr19	23	20	59128983	3.38244e-07
chr19	24	36	59128983	6.08838e-07
chr19	25	32	59128983	5.4119e-07
chr19	26	16	59128983	2.70595e-07
chr19	27	7	59128983	1.18385e-07
chr19	28	4	59128983	6.76487e-08
chr20	0	62090387	63025520	0.985163
chr20	1	927531	63025520	0.0147168
chr20	2	7419	63025520	0.000117714
chr20	3	139	63025520	2.20546e-06
chr20	4	6	63025520	9.51995e-08
chr20	5	38	63025520	6.0293e-07
chr21	0	47819395	48129895	0.993549
chr21	1	307934	48129895	0.00639798
chr21	2	2283	48129895	4.74341e-05
chr21	3	83	48129895	1.7245e-06
chr21	4	46	48129895	9.55747e-07
chr21	5	11	48129895	2.28548e-07
chr21	6	15	48129895	3.11657e-07
chr21	7	12	48129895	2.49325e-07
chr21	8	18	48129895	3.73988e-07
chr21	9	86	48129895	1.78683e-06
chr21	10	12	48129895	2.49325e-07
chr22	0	50888965	51304566	0.991899
chr22	1	412716	51304566	0.00804443
chr22	2	2822	51304566	5.50048e-05
chr22	3	2	51304566	3.89829e-08
chr22	5	2	51304566	3.89829e-08
chr22	6	4	51304566	7.79658e-08
chr22	7	2	51304566	3.89829e-08
chr22	8	1	51304566	1.94914e-08
chr22	9	2	51304566	3.89829e-08
chr22	10	2	51304566	3.89829e-08
chr22	11	1	51304566	1.94914e-08
chr22	12	2	51304566	3.89829e-08
chr22	13	4	51304566	7.79658e-08
chr22	14	2	51304566	3.89829e-08
chr22	16	2	51304566	3.89829e-08
chr22	17	3	51304566	5.84743e-08
chr22	18	4	51304566	7.79658e-08
chr22	19	30	51304566	5.84743e-07
chrX	0	153974993	155270560	0.991656
chrX	1	1284068	155270560	0.00826987
chrX	2	9632	155270560	6.20337e-05
chrX	3	1227	155270560	7.90233e-06
chrX	4	260	155270560	1.6745e-06
chrX	5	204	155270560	1.31384e-06
chrX	6	101	155270560	6.50477e-07
chrX	7	25	155270560	1.61009e-07
chrX	8	11	155270560	7.08441e-08
chrX	9	8	155270560	5.1523e-08
chrX	10	5	155270560	3.22019e-08
chrX	11	26	155270560	1.6745e-07
chrY	0	59317198	59373566	0.999051
chrY	1	53590	59373566	0.00090259
chrY	2	1864	59373566	3.13944e-05
chrY	3	489	59373566	8.23599e-06
chrY	4	245	59373566	4.12642e-06
chrY	5	94	59373566	1.5832e-06
chrY	6	23	59373566	3.87378e-07
chrY	7	23	59373566	3.87378e-07
chrY	8	9	59373566	1.51583e-07
chrY	9	16	59373566	2.6948e-07
chrY	10	15	59373566	2.52638e-07
chr1_gl000191_random	0	106033	106433	0.996242
chr1_gl000191_random	1	400	106433	0.00375823
chr1_gl000192_random	0	533795	547496	0.974975
chr1_gl000192_random	1	13502	547496	0.0246614
chr1_gl000192_random	2	199	547496	0.000363473
chr4_ctg9_hap1	0	587845	590426	0.995629
chr4_ctg9_hap1	1	2562	590426	0.00433924
chr4_ctg9_hap1	2	19	590426	3.21802e-05
chr4_gl000193_random	0	184871	189789	0.974087
chr4_gl000193_random	1	4836	189789	0.0254809
chr4_gl000193_random	2	82	189789	0.000432059
chr4_gl000194_random	0	187954	191469	0.981642
chr4_gl000194_random	1	3480	191469	0.0181753
chr4_gl000194_random	2	35	191469	0.000182797
chr6_apd_hap1	0	4618065	4622290	0.999086
chr6_apd_hap1	1	4200	4622290	0.000908641
chr6_apd_hap1	2	25	4622290	5.40857e-06
chr6_cox_hap2	0	4783036	4795371	0.997428
chr6_cox_hap2	1	12320	4795371	0.00256914
chr6_cox_hap2	2	15	4795371	3.12802e-06
chr6_dbb_hap3	0	4601446	4610396	0.998059
chr6_dbb_hap3	1	8950	4610396	0.00194126
chr6_mann_hap4	0	4672413	4683263	0.997683
chr6_mann_hap4	1	10850	4683263	0.00231676
chr6_mcf_hap5	0	4825548	4833398	0.998376
chr6_mcf_hap5	1	7850	4833398	0.00162412
chr6_qbl_hap6	0	4602884	4611984	0.998027
chr6_qbl_hap6	1	9100	4611984	0.00197312
chr6_ssto_hap7	0	4918417	4928567	0.997941
chr6_ssto_hap7	1	10150	4928567	0.00205942
chr7_gl000195_random	0	179147	182896	0.979502
chr7_gl000195_random	1	3698	182896	0.0202191
chr7_gl000195_random	2	51	182896	0.000278847
chr8_gl000196_random	0	38364	38914	0.985866
chr8_gl000196_random	1	550	38914	0.0141337
chr8_gl000197_random	0	36825	37175	0.990585
chr8_gl000197_random	1	350	37175	0.00941493
chr9_gl000198_random	0	88155	90085	0.978576
chr9_gl000198_random	1	1865	90085	0.0207027
chr9_gl000198_random	2	60	90085	0.000666038
chr9_gl000198_random	3	5	90085	5.55031e-05
chr9_gl000199_random	0	112853	169874	0.664334
chr9_gl000199_random	1	36873	169874	0.217061
chr9_gl000199_random	2	13030	169874	0.0767039
chr9_gl000199_random	3	4310	169874	0.0253717
chr9_gl000199_random	4	1317	169874	0.00775281
chr9_gl000199_random	5	511	169874	0.00300811
chr9_gl000199_random	6	393	169874	0.00231348
chr9_gl000199_random	7	202	169874	0.00118912
chr9_gl000199_random	8	86	169874	0.000506258
chr9_gl000199_random	9	81	169874	0.000476824
chr9_gl000199_random	10	58	169874	0.00034143
chr9_gl000199_random	11	22	169874	0.000129508
chr9_gl000199_random	12	26	169874	0.000153055
chr9_gl000199_random	13	9	169874	5.29804e-05
chr9_gl000199_random	14	46	169874	0.000270789
chr9_gl000199_random	15	17	169874	0.000100074
chr9_gl000199_random	16	2	169874	1.17734e-05
chr9_gl000199_random	17	15	169874	8.83007e-05
chr9_gl000199_random	18	5	169874	2.94336e-05
chr9_gl000199_random	19	12	169874	7.06406e-05
chr9_gl000199_random	20	6	169874	3.53203e-05
chr9_gl000200_random	0	185385	187035	0.991178
chr9_gl000200_random	1	1650	187035	0.00882188
chr9_gl000201_random	0	35848	36148	0.991701
chr9_gl000201_random	1	300	36148	0.00829921
chr11_gl000202_random	0	39853	40103	0.993766
chr11_gl000202_random	1	250	40103	0.00623395
chr17_ctg5_hap1	0	1673719	1680828	0.995771
chr17_ctg5_hap1	1	7068	1680828	0.00420507
chr17_ctg5_hap1	2	41	1680828	2.43927e-05
chr17_gl000203_random	0	36948	37498	0.985333
chr17_gl000203_random	1	550	37498	0.0146674
chr17_gl000204_random	0	80560	81310	0.990776
chr17_gl000204_random	1	750	81310	0.00922396
chr17_gl000205_random	0	170783	174588	0.978206
chr17_gl000205_random	1	3710	174588	0.02125
chr17_gl000205_random	2	95	174588	0.000544138
chr17_gl000206_random	0	40751	41001	0.993903
chr17_gl000206_random	1	250	41001	0.00609741
chr18_gl000207_random	0	4162	4262	0.976537
chr18_gl000207_random	1	100	4262	0.0234632
chr19_gl000208_random	0	84690	92689	0.913701
chr19_gl000208_random	1	6050	92689	0.065272
chr19_gl000208_random	2	1205	92689	0.0130005
chr19_gl000208_random	3	472	92689	0.0050923
chr19_gl000208_random	4	111	92689	0.00119755
chr19_gl000208_random	5	35	92689	0.000377607
chr19_gl000208_random	6	31	92689	0.000334452
chr19_gl000208_random	7	8	92689	8.63101e-05
chr19_gl000208_random	8	31	92689	0.000334452
chr19_gl000208_random	9	45	92689	0.000485495
chr19_gl000208_random	10	11	92689	0.000118676
chr19_gl000209_random	0	157919	159169	0.992147
chr19_gl000209_random	1	1250	159169	0.00785329
chrUn_gl000211	0	164011	166566	0.984661
chrUn_gl000211	1	2510	166566	0.0150691
chrUn_gl000211	2	45	166566	0.000270163
chrUn_gl000212	0	183394	186858	0.981462
chrUn_gl000212	1	3356	186858	0.0179602
chrUn_gl000212	2	80	186858	0.000428133
chrUn_gl000212	3	28	186858	0.000149846
chrUn_gl000213	0	163789	164239	0.99726
chrUn_gl000213	1	450	164239	0.00273991
chrUn_gl000214	0	132704	137718	0.963592
chrUn_gl000214	1	4628	137718	0.0336049
chrUn_gl000214	2	348	137718	0.0025269
chrUn_gl000214	3	26	137718	0.000188792
chrUn_gl000214	4	12	137718	8.71346e-05
chrUn_gl000215	0	171595	172545	0.994494
chrUn_gl000215	1	950	172545	0.00550581
chrUn_gl000216	0	162186	172294	0.941333
chrUn_gl000216	1	8714	172294	0.0505763
chrUn_gl000216	2	873	172294	0.00506692
chrUn_gl000216	3	279	172294	0.00161933
chrUn_gl000216	4	142	172294	0.000824173
chrUn_gl000216	5	46	172294	0.000266986
chrUn_gl000216	6	23	172294	0.000133493
chrUn_gl000216	7	31	172294	0.000179925
chrUn_gl000217	0	169349	172149	0.983735
chrUn_gl000217	1	2800	172149	0.016265
chrUn_gl000218	0	158097	161147	0.981073
chrUn_gl000218	1	3050	161147	0.0189268
chrUn_gl000219	0	175738	179198	0.980692
chrUn_gl000219	1	3370	179198	0.018806
chrUn_gl000219	2	90	179198	0.000502238
chrUn_gl000220	0	128828	161802	0.796208
chrUn_gl000220	1	19583	161802	0.121031
chrUn_gl000220	2	8280	161802	0.0511737
chrUn_gl000220	3	3613	161802	0.0223298
chrUn_gl000220	4	1148	161802	0.00709509
chrUn_gl000220	5	286	161802	0.00176759
chrUn_gl000220	6	52	161802	0.00032138
chrUn_gl000220	7	12	161802	7.41647e-05
chrUn_gl000221	0	151235	155397	0.973217
chrUn_gl000221	1	4124	155397	0.0265385
chrUn_gl000221	2	38	155397	0.000244535
chrUn_gl000222	0	184643	186861	0.98813
chrUn_gl000222	1	2186	186861	0.0116985
chrUn_gl000222	2	32	186861	0.00017125
chrUn_gl000223	0	179005	180455	0.991965
chrUn_gl000223	1	1450	180455	0.00803524
chrUn_gl000224	0	173937	179693	0.967968
chrUn_gl000224	1	5080	179693	0.0282704
chrUn_gl000224	2	658	179693	0.0036618
chrUn_gl000224	3	18	179693	0.000100171
chrUn_gl000225	0	195287	211173	0.924773
chrUn_gl000225	1	14063	211173	0.0665947
chrUn_gl000225	2	1241	211173	0.0058767
chrUn_gl000225	3	431	211173	0.00204098
chrUn_gl000225	4	17	211173	8.05027e-05
chrUn_gl000225	5	54	211173	0.000255715
chrUn_gl000225	6	43	211173	0.000203625
chrUn_gl000225	7	13	211173	6.15609e-05
chrUn_gl000225	8	4	211173	1.89418e-05
chrUn_gl000225	9	7	211173	3.31482e-05
chrUn_gl000225	10	13	211173	6.15609e-05
chrUn_gl000226	0	635	15008	0.0423108
chrUn_gl000226	1	1075	15008	0.0716285
chrUn_gl000226	2	1189	15008	0.0792244
chrUn_gl000226	3	1462	15008	0.0974147
chrUn_gl000226	4	1904	15008	0.126866
chrUn_gl000226	5	1798	15008	0.119803
chrUn_gl000226	6	1819	15008	0.121202
chrUn_gl000226	7	1539	15008	0.102545
chrUn_gl000226	8	1092	15008	0.0727612
chrUn_gl000226	9	843	15008	0.05617
chrUn_gl000226	10	558	15008	0.0371802
chrUn_gl000226	11	484	15008	0.0322495
chrUn_gl000226	12	277	15008	0.0184568
chrUn_gl000226	13	105	15008	0.00699627
chrUn_gl000226	14	76	15008	0.00506397
chrUn_gl000226	15	62	15008	0.00413113
chrUn_gl000226	16	27	15008	0.00179904
chrUn_gl000226	17	20	15008	0.00133262
chrUn_gl000226	18	12	15008	0.000799574
chrUn_gl000226	19	7	15008	0.000466418
chrUn_gl000226	20	19	15008	0.00126599
chrUn_gl000226	21	3	15008	0.000199893
chrUn_gl000226	22	2	15008	0.000133262
chrUn_gl000227	0	127024	128374	0.989484
chrUn_gl000227	1	1350	128374	0.0105161
chrUn_gl000228	0	126704	129120	0.981289
chrUn_gl000228	1	2299	129120	0.0178051
chrUn_gl000228	2	100	129120	0.000774473
chrUn_gl000228	3	17	129120	0.00013166
chrUn_gl000229	0	19063	19913	0.957314
chrUn_gl000229	1	850	19913	0.0426857
chrUn_gl000230	0	42891	43691	0.98169
chrUn_gl000230	1	800	43691	0.0183104
chrUn_gl000231	0	26386	27386	0.963485
chrUn_gl000231	1	1000	27386	0.036515
chrUn_gl000232	0	38664	40652	0.951097
chrUn_gl000232	1	1938	40652	0.0476729
chrUn_gl000232	2	38	40652	0.000934763
chrUn_gl000232	3	12	40652	0.000295188
chrUn_gl000233	0	44692	45941	0.972813
chrUn_gl000233	1	1198	45941	0.0260769
chrUn_gl000233	2	51	45941	0.00111012
chrUn_gl000234	0	38757	40531	0.956231
chrUn_gl000234	1	1748	40531	0.0431275
chrUn_gl000234	2	26	40531	0.000641484
chrUn_gl000235	0	33524	34474	0.972443
chrUn_gl000235	1	950	34474	0.027557
chrUn_gl000236	0	41634	41934	0.992846
chrUn_gl000236	1	300	41934	0.0071541
chrUn_gl000237	0	44378	45867	0.967537
chrUn_gl000237	1	1478	45867	0.0322236
chrUn_gl000237	2	11	45867	0.000239824
chrUn_gl000238	0	39839	39939	0.997496
chrUn_gl000238	1	100	39939	0.00250382
chrUn_gl000239	0	32774	33824	0.968957
chrUn_gl000239	1	1050	33824	0.031043
chrUn_gl000240	0	41033	41933	0.978537
chrUn_gl000240	1	900	41933	0.0214628
chrUn_gl000241	0	40039	42152	0.949872
chrUn_gl000241	1	2076	42152	0.0492503
chrUn_gl000241	2	37	42152	0.000877776
chrUn_gl000242	0	43123	43523	0.990809
chrUn_gl000242	1	400	43523	0.00919054
chrUn_gl000243	0	42191	43341	0.973466
chrUn_gl000243	1	1150	43341	0.0265338
chrUn_gl000244	0	39026	39929	0.977385
chrUn_gl000244	1	856	39929	0.0214381
chrUn_gl000244	2	47	39929	0.00117709
chrUn_gl000245	0	35694	36651	0.973889
chrUn_gl000245	1	914	36651	0.0249379
chrUn_gl000245	2	43	36651	0.00117323
chrUn_gl000246	0	38004	38154	0.996069
chrUn_gl000246	1	150	38154	0.00393144
chrUn_gl000247	0	35622	36422	0.978035
chrUn_gl000247	1	800	36422	0.0219647
chrUn_gl000248	0	39386	39786	0.989946
chrUn_gl000248	1	400	39786	0.0100538
chrUn_gl000249	0	38352	38502	0.996104
chrUn_gl000249	1	150	38502	0.0038959
chr21_gl000210_random	0	27682	27682	1
genome	0	3098054109	3137161264	0.987534
genome	1	38664083	3137161264	0.0123245
genome	2	338961	3137161264	0.000108047
genome	3	33180	3137161264	1.05764e-05
genome	4	18155	3137161264	5.78708e-06
genome	5	12177	3137161264	3.88153e-06
genome	6	9548	3137161264	3.04352e-06
genome	7	6904	3137161264	2.20072e-06
genome	8	5088	3137161264	1.62185e-06
genome	9	3894	3137161264	1.24125e-06
genome	10	2843	3137161264	9.06233e-07
genome	11	2332	3137161264	7.43347e-07
genome	12	1624	3137161264	5.17665e-07
genome	13	1309	3137161264	4.17256e-07
genome	14	1095	3137161264	3.49042e-07
genome	15	719	3137161264	2.29188e-07
genome	16	600	3137161264	1.91256e-07
genome	17	535	3137161264	1.70536e-07
genome	18	408	3137161264	1.30054e-07
genome	19	396	3137161264	1.26229e-07
genome	20	347	3137161264	1.1061e-07
genome	21	338	3137161264	1.07741e-07
genome	22	314	3137161264	1.0009e-07
genome	23	257	3137161264	8.19212e-08
genome	24	203	3137161264	6.47082e-08
genome	25	201	3137161264	6.40707e-08
genome	26	175	3137161264	5.57829e-08
genome	27	141	3137161264	4.49451e-08
genome	28	127	3137161264	4.04825e-08
genome	29	115	3137161264	3.66573e-08
genome	30	140	3137161264	4.46263e-08
genome	31	135	3137161264	4.30325e-08
genome	32	94	3137161264	2.99634e-08
genome	33	73	3137161264	2.32694e-08
genome	34	70	3137161264	2.23132e-08
genome	35	62	3137161264	1.97631e-08
genome	36	68	3137161264	2.16756e-08
genome	37	42	3137161264	1.33879e-08
genome	38	44	3137161264	1.40254e-08
genome	39	31	3137161264	9.88155e-09
genome	40	38	3137161264	1.21129e-08
genome	41	24	3137161264	7.65023e-09
genome	42	17	3137161264	5.41891e-09
genome	43	22	3137161264	7.01271e-09
genome	44	16	3137161264	5.10015e-09
genome	45	12	3137161264	3.82511e-09
genome	46	3	3137161264	9.56279e-10
genome	47	8	3137161264	2.55008e-09
genome	48	4	3137161264	1.27504e-09
genome	49	8	3137161264	2.55008e-09
genome	50	15	3137161264	4.78139e-09
genome	51	19	3137161264	6.05643e-09
genome	52	33	3137161264	1.05191e-08
genome	53	16	3137161264	5.10015e-09
genome	54	12	3137161264	3.82511e-09
genome	55	19	3137161264	6.05643e-09
genome	56	6	3137161264	1.91256e-09
genome	57	9	3137161264	2.86884e-09
genome	58	10	3137161264	3.1876e-09
genome	59	13	3137161264	4.14387e-09
genome	60	13	3137161264	4.14387e-09
genome	61	5	3137161264	1.5938e-09
genome	63	2	3137161264	6.37519e-10
genome	64	2	3137161264	6.37519e-10
genome	65	1	3137161264	3.1876e-10
