chrM	0	12292	16571	0.741778
chrM	1	3531	16571	0.213083
chrM	2	625	16571	0.0377165
chrM	3	123	16571	0.00742261
chr1	0	244860142	249250621	0.982385
chr1	1	4338029	249250621	0.0174043
chr1	2	49838	249250621	0.000199951
chr1	3	870	249250621	3.49046e-06
chr1	4	264	249250621	1.05917e-06
chr1	5	110	249250621	4.41323e-07
chr1	6	62	249250621	2.48746e-07
chr1	7	67	249250621	2.68806e-07
chr1	8	36	249250621	1.44433e-07
chr1	9	36	249250621	1.44433e-07
chr1	10	59	249250621	2.3671e-07
chr1	11	24	249250621	9.62886e-08
chr1	12	29	249250621	1.16349e-07
chr1	13	27	249250621	1.08325e-07
chr1	14	14	249250621	5.61684e-08
chr1	15	20	249250621	8.02405e-08
chr1	16	8	249250621	3.20962e-08
chr1	17	16	249250621	6.41924e-08
chr1	18	24	249250621	9.62886e-08
chr1	19	22	249250621	8.82646e-08
chr1	20	24	249250621	9.62886e-08
chr1	21	46	249250621	1.84553e-07
chr1	22	33	249250621	1.32397e-07
chr1	23	57	249250621	2.28685e-07
chr1	24	53	249250621	2.12637e-07
chr1	25	62	249250621	2.48746e-07
chr1	26	48	249250621	1.92577e-07
chr1	27	44	249250621	1.76529e-07
chr1	28	34	249250621	1.36409e-07
chr1	29	37	249250621	1.48445e-07
chr1	30	28	249250621	1.12337e-07
chr1	31	25	249250621	1.00301e-07
chr1	32	29	249250621	1.16349e-07
chr1	33	21	249250621	8.42525e-08
chr1	34	21	249250621	8.42525e-08
chr1	35	20	249250621	8.02405e-08
chr1	36	20	249250621	8.02405e-08
chr1	37	15	249250621	6.01804e-08
chr1	38	16	249250621	6.41924e-08
chr1	39	12	249250621	4.81443e-08
chr1	40	10	249250621	4.01203e-08
chr1	41	13	249250621	5.21563e-08
chr1	42	9	249250621	3.61082e-08
chr1	43	15	249250621	6.01804e-08
chr1	44	9	249250621	3.61082e-08
chr1	45	10	249250621	4.01203e-08
chr1	46	12	249250621	4.81443e-08
chr1	47	11	249250621	4.41323e-08
chr1	48	9	249250621	3.61082e-08
chr1	49	5	249250621	2.00601e-08
chr1	50	9	249250621	3.61082e-08
chr1	51	15	249250621	6.01804e-08
chr1	52	11	249250621	4.41323e-08
chr1	53	19	249250621	7.62285e-08
chr1	54	7	249250621	2.80842e-08
chr1	55	10	249250621	4.01203e-08
chr1	56	15	249250621	6.01804e-08
chr1	57	11	249250621	4.41323e-08
chr1	58	14	249250621	5.61684e-08
chr1	59	15	249250621	6.01804e-08
chr1	60	22	249250621	8.82646e-08
chr1	61	13	249250621	5.21563e-08
chr1	62	2	249250621	8.02405e-09
chr1	63	2	249250621	8.02405e-09
chr1	64	4	249250621	1.60481e-08
chr1	65	6	249250621	2.40722e-08
chr1	67	1	249250621	4.01203e-09
chr2	0	239604346	243199373	0.985218
chr2	1	3555056	243199373	0.0146179
chr2	2	31392	243199373	0.000129079
chr2	3	3467	243199373	1.42558e-05
chr2	4	1888	243199373	7.76318e-06
chr2	5	1143	243199373	4.69985e-06
chr2	6	718	243199373	2.95231e-06
chr2	7	470	243199373	1.93257e-06
chr2	8	324	243199373	1.33224e-06
chr2	9	201	243199373	8.26482e-07
chr2	10	159	243199373	6.53785e-07
chr2	11	80	243199373	3.28948e-07
chr2	12	48	243199373	1.97369e-07
chr2	13	4	243199373	1.64474e-08
chr2	14	10	243199373	4.11185e-08
chr2	15	11	243199373	4.52304e-08
chr2	16	15	243199373	6.16778e-08
chr2	17	38	243199373	1.5625e-07
chr2	18	3	243199373	1.23356e-08
chr3	0	194681080	198022430	0.983126
chr3	1	3313987	198022430	0.0167354
chr3	2	27124	198022430	0.000136974
chr3	3	74	198022430	3.73695e-07
chr3	4	36	198022430	1.81798e-07
chr3	5	3	198022430	1.51498e-08
chr3	6	12	198022430	6.05992e-08
chr3	7	5	198022430	2.52497e-08
chr3	8	1	198022430	5.04993e-09
chr3	9	1	198022430	5.04993e-09
chr3	10	1	198022430	5.04993e-09
chr3	11	8	198022430	4.03995e-08
chr3	12	8	198022430	4.03995e-08
chr3	13	5	198022430	2.52497e-08
chr3	14	3	198022430	1.51498e-08
chr3	15	3	198022430	1.51498e-08
chr3	16	3	198022430	1.51498e-08
chr3	17	3	198022430	1.51498e-08
chr3	18	1	198022430	5.04993e-09
chr3	19	3	198022430	1.51498e-08
chr3	20	3	198022430	1.51498e-08
chr3	21	1	198022430	5.04993e-09
chr3	22	3	198022430	1.51498e-08
chr3	23	4	198022430	2.01997e-08
chr3	24	3	198022430	1.51498e-08
chr3	25	7	198022430	3.53495e-08
chr3	26	4	198022430	2.01997e-08
chr3	27	3	198022430	1.51498e-08
chr3	28	1	198022430	5.04993e-09
chr3	29	8	198022430	4.03995e-08
chr3	30	10	198022430	5.04993e-08
chr3	31	7	198022430	3.53495e-08
chr3	32	7	198022430	3.53495e-08
chr3	33	4	198022430	2.01997e-08
chr3	34	4	198022430	2.01997e-08
chr4	0	188837072	191154276	0.987878
chr4	1	2298907	191154276	0.0120264
chr4	2	16155	191154276	8.45129e-05
chr4	3	1228	191154276	6.42413e-06
chr4	4	482	191154276	2.52152e-06
chr4	5	232	191154276	1.21368e-06
chr4	6	107	191154276	5.59757e-07
chr4	7	26	191154276	1.36016e-07
chr4	8	16	191154276	8.3702e-08
chr4	9	51	191154276	2.668e-07
chr5	0	178693560	180915260	0.98772
chr5	1	2208548	180915260	0.0122076
chr5	2	12702	180915260	7.02097e-05
chr5	3	348	180915260	1.92355e-06
chr5	4	56	180915260	3.09537e-07
chr5	5	46	180915260	2.54263e-07
chr6	0	169058539	171115067	0.987982
chr6	1	2040871	171115067	0.0119269
chr6	2	11721	171115067	6.84978e-05
chr6	3	254	171115067	1.48438e-06
chr6	4	269	171115067	1.57204e-06
chr6	5	266	171115067	1.55451e-06
chr6	6	322	171115067	1.88177e-06
chr6	7	298	171115067	1.74152e-06
chr6	8	247	171115067	1.44347e-06
chr6	9	358	171115067	2.09216e-06
chr6	10	382	171115067	2.23242e-06
chr6	11	384	171115067	2.2441e-06
chr6	12	335	171115067	1.95775e-06
chr6	13	273	171115067	1.59542e-06
chr6	14	223	171115067	1.30322e-06
chr6	15	163	171115067	9.52575e-07
chr6	16	71	171115067	4.14925e-07
chr6	17	45	171115067	2.62981e-07
chr6	18	17	171115067	9.93483e-08
chr6	19	16	171115067	9.35043e-08
chr6	20	11	171115067	6.42842e-08
chr6	21	2	171115067	1.1688e-08
chr7	0	156642084	159138663	0.984312
chr7	1	2473907	159138663	0.0155456
chr7	2	19141	159138663	0.000120279
chr7	3	781	159138663	4.90767e-06
chr7	4	450	159138663	2.82772e-06
chr7	5	370	159138663	2.32502e-06
chr7	6	268	159138663	1.68407e-06
chr7	7	273	159138663	1.71549e-06
chr7	8	124	159138663	7.79195e-07
chr7	9	135	159138663	8.48317e-07
chr7	10	107	159138663	6.7237e-07
chr7	11	151	159138663	9.48858e-07
chr7	12	87	159138663	5.46693e-07
chr7	13	81	159138663	5.0899e-07
chr7	14	63	159138663	3.95881e-07
chr7	15	61	159138663	3.83314e-07
chr7	16	72	159138663	4.52436e-07
chr7	17	58	159138663	3.64462e-07
chr7	18	78	159138663	4.90139e-07
chr7	19	86	159138663	5.40409e-07
chr7	20	67	159138663	4.21016e-07
chr7	21	68	159138663	4.273e-07
chr7	22	52	159138663	3.26759e-07
chr7	23	41	159138663	2.57637e-07
chr7	24	27	159138663	1.69663e-07
chr7	25	21	159138663	1.3196e-07
chr7	26	7	159138663	4.39868e-08
chr7	27	3	159138663	1.88515e-08
chr8	0	144245581	146364022	0.985526
chr8	1	2091591	146364022	0.0142903
chr8	2	21453	146364022	0.000146573
chr8	3	2994	146364022	2.04558e-05
chr8	4	1203	146364022	8.21923e-06
chr8	5	655	146364022	4.47514e-06
chr8	6	300	146364022	2.04968e-06
chr8	7	99	146364022	6.76396e-07
chr8	8	73	146364022	4.98756e-07
chr8	9	73	146364022	4.98756e-07
chr9	0	139856509	141213431	0.990391
chr9	1	1347728	141213431	0.00954391
chr9	2	8464	141213431	5.99376e-05
chr9	3	388	141213431	2.74761e-06
chr9	4	146	141213431	1.0339e-06
chr9	5	82	141213431	5.80681e-07
chr9	6	66	141213431	4.67378e-07
chr9	8	8	141213431	5.66518e-08
chr9	9	14	141213431	9.91407e-08
chr9	10	2	141213431	1.4163e-08
chr9	11	8	141213431	5.66518e-08
chr9	12	16	141213431	1.13304e-07
chr10	0	133887016	135534747	0.987843
chr10	1	1620265	135534747	0.0119546
chr10	2	14551	135534747	0.00010736
chr10	3	2401	135534747	1.7715e-05
chr10	4	1510	135534747	1.11411e-05
chr10	5	1175	135534747	8.66936e-06
chr10	6	1012	135534747	7.46672e-06
chr10	7	690	135534747	5.09095e-06
chr10	8	654	135534747	4.82533e-06
chr10	9	481	135534747	3.54891e-06
chr10	10	466	135534747	3.43823e-06
chr10	11	464	135534747	3.42348e-06
chr10	12	317	135534747	2.33888e-06
chr10	13	323	135534747	2.38315e-06
chr10	14	253	135534747	1.86668e-06
chr10	15	266	135534747	1.9626e-06
chr10	16	212	135534747	1.56417e-06
chr10	17	195	135534747	1.43875e-06
chr10	18	246	135534747	1.81503e-06
chr10	19	233	135534747	1.71912e-06
chr10	20	190	135534747	1.40185e-06
chr10	21	180	135534747	1.32807e-06
chr10	22	153	135534747	1.12886e-06
chr10	23	137	135534747	1.01081e-06
chr10	24	116	135534747	8.55869e-07
chr10	25	142	135534747	1.0477e-06
chr10	26	123	135534747	9.07516e-07
chr10	27	126	135534747	9.29651e-07
chr10	28	133	135534747	9.81298e-07
chr10	29	108	135534747	7.96844e-07
chr10	30	93	135534747	6.86171e-07
chr10	31	97	135534747	7.15684e-07
chr10	32	56	135534747	4.13178e-07
chr10	33	37	135534747	2.72993e-07
chr10	34	55	135534747	4.058e-07
chr10	35	38	135534747	2.80371e-07
chr10	36	36	135534747	2.65615e-07
chr10	37	31	135534747	2.28724e-07
chr10	38	44	135534747	3.2464e-07
chr10	39	28	135534747	2.06589e-07
chr10	40	17	135534747	1.25429e-07
chr10	41	15	135534747	1.10673e-07
chr10	42	14	135534747	1.03295e-07
chr10	43	20	135534747	1.47564e-07
chr10	44	18	135534747	1.32807e-07
chr10	45	8	135534747	5.90255e-08
chr10	46	2	135534747	1.47564e-08
chr11	0	132950245	135006516	0.984769
chr11	1	2038789	135006516	0.0151014
chr11	2	15476	135006516	0.000114632
chr11	3	718	135006516	5.31826e-06
chr11	4	315	135006516	2.33322e-06
chr11	5	233	135006516	1.72584e-06
chr11	6	169	135006516	1.25179e-06
chr11	7	134	135006516	9.92545e-07
chr11	8	94	135006516	6.96263e-07
chr11	9	87	135006516	6.44413e-07
chr11	10	42	135006516	3.11096e-07
chr11	11	49	135006516	3.62945e-07
chr11	12	56	135006516	4.14795e-07
chr11	13	43	135006516	3.18503e-07
chr11	14	48	135006516	3.55538e-07
chr11	15	10	135006516	7.40705e-08
chr11	16	5	135006516	3.70352e-08
chr11	17	3	135006516	2.22212e-08
chr12	0	132360515	133851895	0.988858
chr12	1	1481718	133851895	0.0110698
chr12	2	9320	133851895	6.96292e-05
chr12	3	147	133851895	1.09823e-06
chr12	4	104	133851895	7.76978e-07
chr12	5	61	133851895	4.55728e-07
chr12	6	30	133851895	2.24128e-07
chr13	0	114355281	115169878	0.992927
chr13	1	811844	115169878	0.0070491
chr13	2	2753	115169878	2.39038e-05
chr14	0	105580819	107349540	0.983524
chr14	1	1751261	107349540	0.0163136
chr14	2	17279	107349540	0.00016096
chr14	3	143	107349540	1.3321e-06
chr14	4	38	107349540	3.53984e-07
chr15	0	101863248	102531392	0.993484
chr15	1	665688	102531392	0.00649253
chr15	2	2456	102531392	2.39536e-05
chr16	0	89568825	90354753	0.991302
chr16	1	750354	90354753	0.00830453
chr16	2	10505	90354753	0.000116264
chr16	3	5400	90354753	5.97644e-05
chr16	4	4219	90354753	4.66937e-05
chr16	5	3834	90354753	4.24327e-05
chr16	6	3108	90354753	3.43977e-05
chr16	7	2628	90354753	2.90854e-05
chr16	8	1760	90354753	1.94788e-05
chr16	9	1174	90354753	1.29932e-05
chr16	10	992	90354753	1.09789e-05
chr16	11	684	90354753	7.57016e-06
chr16	12	389	90354753	4.30525e-06
chr16	13	280	90354753	3.0989e-06
chr16	14	203	90354753	2.2467e-06
chr16	15	129	90354753	1.42771e-06
chr16	16	104	90354753	1.15102e-06
chr16	17	70	90354753	7.74724e-07
chr16	18	57	90354753	6.30847e-07
chr16	19	21	90354753	2.32417e-07
chr16	20	15	90354753	1.66012e-07
chr16	21	2	90354753	2.2135e-08
chr17	0	80334374	81195210	0.989398
chr17	1	853423	81195210	0.0105108
chr17	2	6435	81195210	7.92534e-05
chr17	3	528	81195210	6.50285e-06
chr17	4	189	81195210	2.32772e-06
chr17	5	90	81195210	1.10844e-06
chr17	6	101	81195210	1.24392e-06
chr17	7	33	81195210	4.06428e-07
chr17	8	15	81195210	1.8474e-07
chr17	9	10	81195210	1.2316e-07
chr17	10	12	81195210	1.47792e-07
chr18	0	77148756	78077248	0.988108
chr18	1	921706	78077248	0.0118051
chr18	2	5839	78077248	7.47849e-05
chr18	3	279	78077248	3.57338e-06
chr18	4	106	78077248	1.35763e-06
chr18	5	137	78077248	1.75467e-06
chr18	6	143	78077248	1.83152e-06
chr18	7	41	78077248	5.25121e-07
chr18	8	50	78077248	6.40391e-07
chr18	9	51	78077248	6.53199e-07
chr18	10	38	78077248	4.86698e-07
chr18	11	13	78077248	1.66502e-07
chr18	12	15	78077248	1.92117e-07
chr18	13	8	78077248	1.02463e-07
chr18	14	9	78077248	1.1527e-07
chr18	15	10	78077248	1.28078e-07
chr18	16	11	78077248	1.40886e-07
chr18	17	18	78077248	2.30541e-07
chr18	18	5	78077248	6.40391e-08
chr18	19	3	78077248	3.84235e-08
chr18	20	6	78077248	7.6847e-08
chr18	21	4	78077248	5.12313e-08
chr19	0	58269465	59128983	0.985464
chr19	1	849150	59128983	0.014361
chr19	2	7529	59128983	0.000127332
chr19	3	587	59128983	9.92745e-06
chr19	4	340	59128983	5.75014e-06
chr19	5	420	59128983	7.10312e-06
chr19	6	230	59128983	3.8898e-06
chr19	7	188	59128983	3.17949e-06
chr19	8	129	59128983	2.18167e-06
chr19	9	169	59128983	2.85816e-06
chr19	10	144	59128983	2.43535e-06
chr19	11	72	59128983	1.21768e-06
chr19	12	53	59128983	8.96346e-07
chr19	13	32	59128983	5.4119e-07
chr19	14	20	59128983	3.38244e-07
chr19	15	28	59128983	4.73541e-07
chr19	16	60	59128983	1.01473e-06
chr19	17	17	59128983	2.87507e-07
chr19	18	9	59128983	1.5221e-07
chr19	19	31	59128983	5.24278e-07
chr19	20	43	59128983	7.27224e-07
chr19	21	27	59128983	4.56629e-07
chr19	22	9	59128983	1.5221e-07
chr19	23	10	59128983	1.69122e-07
chr19	24	8	59128983	1.35297e-07
chr19	25	14	59128983	2.36771e-07
chr19	26	26	59128983	4.39717e-07
chr19	27	12	59128983	2.02946e-07
chr19	28	24	59128983	4.05892e-07
chr19	29	15	59128983	2.53683e-07
chr19	30	10	59128983	1.69122e-07
chr19	31	9	59128983	1.5221e-07
chr19	32	14	59128983	2.36771e-07
chr19	33	15	59128983	2.53683e-07
chr19	34	15	59128983	2.53683e-07
chr19	35	14	59128983	2.36771e-07
chr19	36	11	59128983	1.86034e-07
chr19	37	7	59128983	1.18385e-07
chr19	38	8	59128983	1.35297e-07
chr19	39	8	59128983	1.35297e-07
chr19	40	10	59128983	1.69122e-07
chr19	41	1	59128983	1.69122e-08
chr20	0	62102900	63025520	0.985361
chr20	1	915488	63025520	0.0145257
chr20	2	6985	63025520	0.000110828
chr20	3	85	63025520	1.34866e-06
chr20	4	14	63025520	2.22132e-07
chr20	5	7	63025520	1.11066e-07
chr20	6	41	63025520	6.5053e-07
chr21	0	47806879	48129895	0.993289
chr21	1	320667	48129895	0.00666253
chr21	2	2072	48129895	4.30502e-05
chr21	3	120	48129895	2.49325e-06
chr21	4	42	48129895	8.72639e-07
chr21	5	28	48129895	5.81759e-07
chr21	6	7	48129895	1.4544e-07
chr21	7	11	48129895	2.28548e-07
chr21	8	69	48129895	1.43362e-06
chr22	0	50910940	51304566	0.992328
chr22	1	390671	51304566	0.00761474
chr22	2	2828	51304566	5.51218e-05
chr22	3	66	51304566	1.28644e-06
chr22	4	5	51304566	9.74572e-08
chr22	5	1	51304566	1.94914e-08
chr22	6	1	51304566	1.94914e-08
chr22	7	2	51304566	3.89829e-08
chr22	8	2	51304566	3.89829e-08
chr22	10	2	51304566	3.89829e-08
chr22	11	2	51304566	3.89829e-08
chr22	12	1	51304566	1.94914e-08
chr22	13	1	51304566	1.94914e-08
chr22	14	5	51304566	9.74572e-08
chr22	15	2	51304566	3.89829e-08
chr22	16	4	51304566	7.79658e-08
chr22	17	11	51304566	2.14406e-07
chr22	18	22	51304566	4.28812e-07
chrX	0	153951067	155270560	0.991502
chrX	1	1308997	155270560	0.00843043
chrX	2	9197	155270560	5.92321e-05
chrX	3	932	155270560	6.00243e-06
chrX	4	192	155270560	1.23655e-06
chrX	5	106	155270560	6.82679e-07
chrX	6	43	155270560	2.76936e-07
chrX	7	1	155270560	6.44037e-09
chrX	8	25	155270560	1.61009e-07
chrY	0	59313067	59373566	0.998981
chrY	1	57075	59373566	0.000961286
chrY	2	2392	59373566	4.02873e-05
chrY	3	572	59373566	9.63392e-06
chrY	4	251	59373566	4.22747e-06
chrY	5	101	59373566	1.70109e-06
chrY	6	41	59373566	6.90543e-07
chrY	7	35	59373566	5.89488e-07
chrY	8	13	59373566	2.18953e-07
chrY	9	19	59373566	3.20008e-07
chr1_gl000191_random	0	105683	106433	0.992953
chr1_gl000191_random	1	750	106433	0.00704669
chr1_gl000192_random	0	535950	547496	0.978911
chr1_gl000192_random	1	11442	547496	0.0208988
chr1_gl000192_random	2	104	547496	0.000189956
chr4_ctg9_hap1	0	586226	590426	0.992886
chr4_ctg9_hap1	1	4200	590426	0.00711351
chr4_gl000193_random	0	185353	189789	0.976627
chr4_gl000193_random	1	4372	189789	0.0230361
chr4_gl000193_random	2	64	189789	0.000337217
chr4_gl000194_random	0	187868	191469	0.981193
chr4_gl000194_random	1	3552	191469	0.0185513
chr4_gl000194_random	2	49	191469	0.000255916
chr6_apd_hap1	0	4617213	4622290	0.998902
chr6_apd_hap1	1	5054	4622290	0.0010934
chr6_apd_hap1	2	23	4622290	4.97589e-06
chr6_cox_hap2	0	4782280	4795371	0.99727
chr6_cox_hap2	1	13082	4795371	0.00272805
chr6_cox_hap2	2	9	4795371	1.87681e-06
chr6_dbb_hap3	0	4600925	4610396	0.997946
chr6_dbb_hap3	1	9442	4610396	0.00204798
chr6_dbb_hap3	2	29	4610396	6.29013e-06
chr6_mann_hap4	0	4673313	4683263	0.997875
chr6_mann_hap4	1	9950	4683263	0.00212459
chr6_mcf_hap5	0	4826174	4833398	0.998505
chr6_mcf_hap5	1	7198	4833398	0.00148922
chr6_mcf_hap5	2	26	4833398	5.37924e-06
chr6_qbl_hap6	0	4602629	4611984	0.997972
chr6_qbl_hap6	1	9310	4611984	0.00201865
chr6_qbl_hap6	2	45	4611984	9.75719e-06
chr6_ssto_hap7	0	4918093	4928567	0.997875
chr6_ssto_hap7	1	10448	4928567	0.00211989
chr6_ssto_hap7	2	26	4928567	5.27537e-06
chr7_gl000195_random	0	178090	182896	0.973723
chr7_gl000195_random	1	4712	182896	0.0257633
chr7_gl000195_random	2	94	182896	0.000513953
chr8_gl000196_random	0	38564	38914	0.991006
chr8_gl000196_random	1	350	38914	0.00899419
chr9_gl000198_random	0	88137	90085	0.978376
chr9_gl000198_random	1	1946	90085	0.0216018
chr9_gl000198_random	2	2	90085	2.22013e-05
chr9_gl000199_random	0	115231	169874	0.678332
chr9_gl000199_random	1	33162	169874	0.195215
chr9_gl000199_random	2	13680	169874	0.0805303
chr9_gl000199_random	3	4449	169874	0.02619
chr9_gl000199_random	4	1764	169874	0.0103842
chr9_gl000199_random	5	715	169874	0.004209
chr9_gl000199_random	6	346	169874	0.0020368
chr9_gl000199_random	7	118	169874	0.000694632
chr9_gl000199_random	8	101	169874	0.000594558
chr9_gl000199_random	9	118	169874	0.000694632
chr9_gl000199_random	10	75	169874	0.000441504
chr9_gl000199_random	11	46	169874	0.000270789
chr9_gl000199_random	12	11	169874	6.47539e-05
chr9_gl000199_random	13	7	169874	4.1207e-05
chr9_gl000199_random	14	23	169874	0.000135394
chr9_gl000199_random	15	21	169874	0.000123621
chr9_gl000199_random	16	7	169874	4.1207e-05
chr9_gl000200_random	0	185535	187035	0.99198
chr9_gl000200_random	1	1500	187035	0.00801989
chr9_gl000201_random	0	36098	36148	0.998617
chr9_gl000201_random	1	50	36148	0.0013832
chr11_gl000202_random	0	39671	40103	0.989228
chr11_gl000202_random	1	414	40103	0.0103234
chr11_gl000202_random	2	18	40103	0.000448844
chr17_ctg5_hap1	0	1675978	1680828	0.997115
chr17_ctg5_hap1	1	4850	1680828	0.00288548
chr17_gl000203_random	0	37048	37498	0.987999
chr17_gl000203_random	1	450	37498	0.0120006
chr17_gl000204_random	0	80327	81310	0.98791
chr17_gl000204_random	1	966	81310	0.0118805
chr17_gl000204_random	2	17	81310	0.000209076
chr17_gl000205_random	0	170545	174588	0.976843
chr17_gl000205_random	1	3986	174588	0.0228309
chr17_gl000205_random	2	57	174588	0.000326483
chr17_gl000206_random	0	40751	41001	0.993903
chr17_gl000206_random	1	250	41001	0.00609741
chr18_gl000207_random	0	4162	4262	0.976537
chr18_gl000207_random	1	100	4262	0.0234632
chr19_gl000208_random	0	85225	92689	0.919473
chr19_gl000208_random	1	5468	92689	0.058993
chr19_gl000208_random	2	1113	92689	0.0120079
chr19_gl000208_random	3	537	92689	0.00579357
chr19_gl000208_random	4	222	92689	0.00239511
chr19_gl000208_random	5	60	92689	0.000647326
chr19_gl000208_random	6	41	92689	0.000442339
chr19_gl000208_random	7	23	92689	0.000248142
chr19_gl000209_random	0	158319	159169	0.99466
chr19_gl000209_random	1	850	159169	0.00534024
chr21_gl000210_random	0	27632	27682	0.998194
chr21_gl000210_random	1	50	27682	0.00180623
chrUn_gl000211	0	163266	166566	0.980188
chrUn_gl000211	1	3300	166566	0.019812
chrUn_gl000212	0	183821	186858	0.983747
chrUn_gl000212	1	2924	186858	0.0156482
chrUn_gl000212	2	113	186858	0.000604737
chrUn_gl000213	0	163127	164239	0.993229
chrUn_gl000213	1	1074	164239	0.00653925
chrUn_gl000213	2	38	164239	0.00023137
chrUn_gl000214	0	132656	137718	0.963244
chrUn_gl000214	1	4924	137718	0.0357542
chrUn_gl000214	2	138	137718	0.00100205
chrUn_gl000215	0	171545	172545	0.994204
chrUn_gl000215	1	1000	172545	0.00579559
chrUn_gl000216	0	160115	172294	0.929313
chrUn_gl000216	1	10472	172294	0.0607798
chrUn_gl000216	2	1160	172294	0.00673268
chrUn_gl000216	3	350	172294	0.00203141
chrUn_gl000216	4	118	172294	0.000684876
chrUn_gl000216	5	38	172294	0.000220553
chrUn_gl000216	6	41	172294	0.000237965
chrUn_gl000217	0	168300	172149	0.977641
chrUn_gl000217	1	3748	172149	0.0217718
chrUn_gl000217	2	101	172149	0.000586701
chrUn_gl000218	0	158664	161147	0.984592
chrUn_gl000218	1	2466	161147	0.0153028
chrUn_gl000218	2	17	161147	0.000105494
chrUn_gl000219	0	175865	179198	0.9814
chrUn_gl000219	1	3216	179198	0.0179466
chrUn_gl000219	2	117	179198	0.000652909
chrUn_gl000220	0	128992	161802	0.797221
chrUn_gl000220	1	20499	161802	0.126692
chrUn_gl000220	2	7751	161802	0.0479042
chrUn_gl000220	3	3189	161802	0.0197093
chrUn_gl000220	4	968	161802	0.00598262
chrUn_gl000220	5	308	161802	0.00190356
chrUn_gl000220	6	66	161802	0.000407906
chrUn_gl000220	7	8	161802	4.94431e-05
chrUn_gl000220	8	21	161802	0.000129788
chrUn_gl000221	0	151601	155397	0.975572
chrUn_gl000221	1	3742	155397	0.0240803
chrUn_gl000221	2	54	155397	0.000347497
chrUn_gl000222	0	184054	186861	0.984978
chrUn_gl000222	1	2714	186861	0.0145242
chrUn_gl000222	2	93	186861	0.000497696
chrUn_gl000223	0	179055	180455	0.992242
chrUn_gl000223	1	1400	180455	0.00775817
chrUn_gl000224	0	174392	179693	0.9705
chrUn_gl000224	1	4659	179693	0.0259276
chrUn_gl000224	2	516	179693	0.00287156
chrUn_gl000224	3	95	179693	0.000528679
chrUn_gl000224	4	31	179693	0.000172516
chrUn_gl000225	0	196356	211173	0.929835
chrUn_gl000225	1	13143	211173	0.0622381
chrUn_gl000225	2	1379	211173	0.00653019
chrUn_gl000225	3	164	211173	0.000776614
chrUn_gl000225	4	56	211173	0.000265185
chrUn_gl000225	5	12	211173	5.68254e-05
chrUn_gl000225	6	26	211173	0.000123122
chrUn_gl000225	7	5	211173	2.36773e-05
chrUn_gl000225	8	6	211173	2.84127e-05
chrUn_gl000225	9	26	211173	0.000123122
chrUn_gl000226	0	782	15008	0.0521055
chrUn_gl000226	1	1200	15008	0.0799574
chrUn_gl000226	2	1174	15008	0.0782249
chrUn_gl000226	3	1691	15008	0.112673
chrUn_gl000226	4	1953	15008	0.130131
chrUn_gl000226	5	1888	15008	0.1258
chrUn_gl000226	6	1570	15008	0.104611
chrUn_gl000226	7	1252	15008	0.0834222
chrUn_gl000226	8	1185	15008	0.0789579
chrUn_gl000226	9	819	15008	0.0545709
chrUn_gl000226	10	591	15008	0.039379
chrUn_gl000226	11	348	15008	0.0231876
chrUn_gl000226	12	221	15008	0.0147255
chrUn_gl000226	13	168	15008	0.011194
chrUn_gl000226	14	72	15008	0.00479744
chrUn_gl000226	15	36	15008	0.00239872
chrUn_gl000226	16	18	15008	0.00119936
chrUn_gl000226	17	13	15008	0.000866205
chrUn_gl000226	18	4	15008	0.000266525
chrUn_gl000226	19	4	15008	0.000266525
chrUn_gl000226	21	9	15008	0.00059968
chrUn_gl000226	22	6	15008	0.000399787
chrUn_gl000226	23	4	15008	0.000266525
chrUn_gl000227	0	127424	128374	0.9926
chrUn_gl000227	1	950	128374	0.00740025
chrUn_gl000228	0	126676	129120	0.981072
chrUn_gl000228	1	2264	129120	0.0175341
chrUn_gl000228	2	115	129120	0.000890644
chrUn_gl000228	3	54	129120	0.000418216
chrUn_gl000228	4	11	129120	8.51921e-05
chrUn_gl000229	0	19169	19913	0.962637
chrUn_gl000229	1	738	19913	0.0370612
chrUn_gl000229	2	6	19913	0.000301311
chrUn_gl000230	0	42715	43691	0.977661
chrUn_gl000230	1	952	43691	0.0217894
chrUn_gl000230	2	24	43691	0.000549312
chrUn_gl000231	0	26426	27386	0.964946
chrUn_gl000231	1	920	27386	0.0335938
chrUn_gl000231	2	40	27386	0.0014606
chrUn_gl000232	0	38483	40652	0.946645
chrUn_gl000232	1	2088	40652	0.0513628
chrUn_gl000232	2	81	40652	0.00199252
chrUn_gl000233	0	45391	45941	0.988028
chrUn_gl000233	1	550	45941	0.0119719
chrUn_gl000234	0	38981	40531	0.961758
chrUn_gl000234	1	1550	40531	0.0382423
chrUn_gl000235	0	33552	34474	0.973255
chrUn_gl000235	1	894	34474	0.0259326
chrUn_gl000235	2	28	34474	0.000812206
chrUn_gl000236	0	41584	41934	0.991654
chrUn_gl000236	1	350	41934	0.00834645
chrUn_gl000237	0	44567	45867	0.971657
chrUn_gl000237	1	1300	45867	0.0283428
chrUn_gl000238	0	39739	39939	0.994992
chrUn_gl000238	1	200	39939	0.00500764
chrUn_gl000239	0	33193	33824	0.981345
chrUn_gl000239	1	612	33824	0.0180937
chrUn_gl000239	2	19	33824	0.000561731
chrUn_gl000240	0	41483	41933	0.989269
chrUn_gl000240	1	450	41933	0.0107314
chrUn_gl000241	0	40094	42152	0.951177
chrUn_gl000241	1	1966	42152	0.0466407
chrUn_gl000241	2	92	42152	0.00218258
chrUn_gl000242	0	43373	43523	0.996554
chrUn_gl000242	1	150	43523	0.00344645
chrUn_gl000243	0	42520	43341	0.981057
chrUn_gl000243	1	792	43341	0.0182737
chrUn_gl000243	2	29	43341	0.000669112
chrUn_gl000244	0	38529	39929	0.964938
chrUn_gl000244	1	1400	39929	0.0350622
chrUn_gl000245	0	35851	36651	0.978172
chrUn_gl000245	1	800	36651	0.0218275
chrUn_gl000246	0	37704	38154	0.988206
chrUn_gl000246	1	450	38154	0.0117943
chrUn_gl000247	0	35972	36422	0.987645
chrUn_gl000247	1	450	36422	0.0123552
chrUn_gl000248	0	39486	39786	0.99246
chrUn_gl000248	1	300	39786	0.00754034
chrUn_gl000249	0	38352	38502	0.996104
chrUn_gl000249	1	150	38502	0.0038959
chr8_gl000197_random	0	37175	37175	1
genome	0	3098058652	3137161264	0.987536
genome	1	38657912	3137161264	0.0123226
genome	2	342673	3137161264	0.00010923
genome	3	33034	3137161264	1.05299e-05
genome	4	17242	3137161264	5.49605e-06
genome	5	12121	3137161264	3.86368e-06
genome	6	8871	3137161264	2.82772e-06
genome	7	6407	3137161264	2.04229e-06
genome	8	4953	3137161264	1.57882e-06
genome	9	3823	3137161264	1.21862e-06
genome	10	3072	3137161264	9.79229e-07
genome	11	2333	3137161264	7.43666e-07
genome	12	1586	3137161264	5.05553e-07
genome	13	1252	3137161264	3.99087e-07
genome	14	946	3137161264	3.01546e-07
genome	15	760	3137161264	2.42257e-07
genome	16	590	3137161264	1.88068e-07
genome	17	487	3137161264	1.55236e-07
genome	18	466	3137161264	1.48542e-07
genome	19	419	3137161264	1.3356e-07
genome	20	359	3137161264	1.14435e-07
genome	21	339	3137161264	1.08059e-07
genome	22	256	3137161264	8.16024e-08
genome	23	253	3137161264	8.06462e-08
genome	24	207	3137161264	6.59832e-08
genome	25	246	3137161264	7.84148e-08
genome	26	208	3137161264	6.6302e-08
genome	27	188	3137161264	5.99268e-08
genome	28	192	3137161264	6.12018e-08
genome	29	168	3137161264	5.35516e-08
genome	30	141	3137161264	4.49451e-08
genome	31	138	3137161264	4.39888e-08
genome	32	106	3137161264	3.37885e-08
genome	33	77	3137161264	2.45445e-08
genome	34	95	3137161264	3.02822e-08
genome	35	72	3137161264	2.29507e-08
genome	36	67	3137161264	2.13569e-08
genome	37	53	3137161264	1.68943e-08
genome	38	68	3137161264	2.16756e-08
genome	39	48	3137161264	1.53005e-08
genome	40	37	3137161264	1.17941e-08
genome	41	29	3137161264	9.24403e-09
genome	42	23	3137161264	7.33147e-09
genome	43	35	3137161264	1.11566e-08
genome	44	27	3137161264	8.60651e-09
genome	45	18	3137161264	5.73767e-09
genome	46	14	3137161264	4.46263e-09
genome	47	11	3137161264	3.50635e-09
genome	48	9	3137161264	2.86884e-09
genome	49	5	3137161264	1.5938e-09
genome	50	9	3137161264	2.86884e-09
genome	51	15	3137161264	4.78139e-09
genome	52	11	3137161264	3.50635e-09
genome	53	19	3137161264	6.05643e-09
genome	54	7	3137161264	2.23132e-09
genome	55	10	3137161264	3.1876e-09
genome	56	15	3137161264	4.78139e-09
genome	57	11	3137161264	3.50635e-09
genome	58	14	3137161264	4.46263e-09
genome	59	15	3137161264	4.78139e-09
genome	60	22	3137161264	7.01271e-09
genome	61	13	3137161264	4.14387e-09
genome	62	2	3137161264	6.37519e-10
genome	63	2	3137161264	6.37519e-10
genome	64	4	3137161264	1.27504e-09
genome	65	6	3137161264	1.91256e-09
genome	67	1	3137161264	3.1876e-10
