chrM	0	13198	16571	0.796452
chrM	1	3012	16571	0.181763
chrM	2	310	16571	0.0187074
chrM	3	36	16571	0.00217247
chrM	4	15	16571	0.000905196
chr1	0	244914180	249250621	0.982602
chr1	1	4286922	249250621	0.0171992
chr1	2	47071	249250621	0.00018885
chr1	3	721	249250621	2.89267e-06
chr1	4	361	249250621	1.44834e-06
chr1	5	85	249250621	3.41022e-07
chr1	6	26	249250621	1.04313e-07
chr1	7	20	249250621	8.02405e-08
chr1	8	52	249250621	2.08625e-07
chr1	9	20	249250621	8.02405e-08
chr1	10	19	249250621	7.62285e-08
chr1	11	26	249250621	1.04313e-07
chr1	12	29	249250621	1.16349e-07
chr1	13	26	249250621	1.04313e-07
chr1	14	33	249250621	1.32397e-07
chr1	15	28	249250621	1.12337e-07
chr1	16	30	249250621	1.20361e-07
chr1	17	35	249250621	1.40421e-07
chr1	18	29	249250621	1.16349e-07
chr1	19	44	249250621	1.76529e-07
chr1	20	56	249250621	2.24673e-07
chr1	21	50	249250621	2.00601e-07
chr1	22	51	249250621	2.04613e-07
chr1	23	49	249250621	1.96589e-07
chr1	24	41	249250621	1.64493e-07
chr1	25	52	249250621	2.08625e-07
chr1	26	42	249250621	1.68505e-07
chr1	27	28	249250621	1.12337e-07
chr1	28	26	249250621	1.04313e-07
chr1	29	18	249250621	7.22165e-08
chr1	30	22	249250621	8.82646e-08
chr1	31	29	249250621	1.16349e-07
chr1	32	32	249250621	1.28385e-07
chr1	33	33	249250621	1.32397e-07
chr1	34	28	249250621	1.12337e-07
chr1	35	18	249250621	7.22165e-08
chr1	36	9	249250621	3.61082e-08
chr1	37	13	249250621	5.21563e-08
chr1	38	7	249250621	2.80842e-08
chr1	39	6	249250621	2.40722e-08
chr1	40	6	249250621	2.40722e-08
chr1	41	9	249250621	3.61082e-08
chr1	42	5	249250621	2.00601e-08
chr1	43	6	249250621	2.40722e-08
chr1	44	11	249250621	4.41323e-08
chr1	45	9	249250621	3.61082e-08
chr1	46	11	249250621	4.41323e-08
chr1	47	9	249250621	3.61082e-08
chr1	48	8	249250621	3.20962e-08
chr1	49	28	249250621	1.12337e-07
chr1	50	30	249250621	1.20361e-07
chr1	51	9	249250621	3.61082e-08
chr1	52	8	249250621	3.20962e-08
chr1	53	5	249250621	2.00601e-08
chr1	54	5	249250621	2.00601e-08
chr1	55	20	249250621	8.02405e-08
chr1	56	13	249250621	5.21563e-08
chr1	57	16	249250621	6.41924e-08
chr1	58	13	249250621	5.21563e-08
chr1	59	17	249250621	6.82044e-08
chr1	60	10	249250621	4.01203e-08
chr1	61	5	249250621	2.00601e-08
chr1	62	1	249250621	4.01203e-09
chr2	0	239276903	243199373	0.983871
chr2	1	3879979	243199373	0.0159539
chr2	2	33928	243199373	0.000139507
chr2	3	3471	243199373	1.42722e-05
chr2	4	1985	243199373	8.16203e-06
chr2	5	1187	243199373	4.88077e-06
chr2	6	601	243199373	2.47122e-06
chr2	7	461	243199373	1.89556e-06
chr2	8	316	243199373	1.29935e-06
chr2	9	247	243199373	1.01563e-06
chr2	10	163	243199373	6.70232e-07
chr2	11	81	243199373	3.3306e-07
chr2	12	5	243199373	2.05593e-08
chr2	13	3	243199373	1.23356e-08
chr2	14	9	243199373	3.70067e-08
chr2	15	2	243199373	8.22371e-09
chr2	16	9	243199373	3.70067e-08
chr2	17	4	243199373	1.64474e-08
chr2	18	9	243199373	3.70067e-08
chr2	19	7	243199373	2.8783e-08
chr2	20	3	243199373	1.23356e-08
chr3	0	194652083	198022430	0.98298
chr3	1	3341402	198022430	0.0168739
chr3	2	28517	198022430	0.000144009
chr3	3	273	198022430	1.37863e-06
chr3	4	38	198022430	1.91897e-07
chr3	5	3	198022430	1.51498e-08
chr3	6	3	198022430	1.51498e-08
chr3	7	6	198022430	3.02996e-08
chr3	8	1	198022430	5.04993e-09
chr3	9	1	198022430	5.04993e-09
chr3	10	6	198022430	3.02996e-08
chr3	11	3	198022430	1.51498e-08
chr3	12	3	198022430	1.51498e-08
chr3	13	2	198022430	1.00999e-08
chr3	14	2	198022430	1.00999e-08
chr3	15	4	198022430	2.01997e-08
chr3	16	3	198022430	1.51498e-08
chr3	17	2	198022430	1.00999e-08
chr3	18	2	198022430	1.00999e-08
chr3	19	3	198022430	1.51498e-08
chr3	20	1	198022430	5.04993e-09
chr3	21	2	198022430	1.00999e-08
chr3	22	2	198022430	1.00999e-08
chr3	23	5	198022430	2.52497e-08
chr3	24	5	198022430	2.52497e-08
chr3	25	3	198022430	1.51498e-08
chr3	26	5	198022430	2.52497e-08
chr3	27	4	198022430	2.01997e-08
chr3	28	3	198022430	1.51498e-08
chr3	29	6	198022430	3.02996e-08
chr3	30	5	198022430	2.52497e-08
chr3	31	7	198022430	3.53495e-08
chr3	32	4	198022430	2.01997e-08
chr3	33	4	198022430	2.01997e-08
chr3	34	6	198022430	3.02996e-08
chr3	35	7	198022430	3.53495e-08
chr3	36	3	198022430	1.51498e-08
chr3	37	1	198022430	5.04993e-09
chr4	0	188813265	191154276	0.987753
chr4	1	2321781	191154276	0.0121461
chr4	2	17378	191154276	9.09109e-05
chr4	3	1064	191154276	5.56618e-06
chr4	4	257	191154276	1.34446e-06
chr4	5	319	191154276	1.66881e-06
chr4	6	63	191154276	3.29577e-07
chr4	7	63	191154276	3.29577e-07
chr4	8	6	191154276	3.13883e-08
chr4	9	46	191154276	2.40643e-07
chr4	10	2	191154276	1.04628e-08
chr4	11	11	191154276	5.75451e-08
chr4	12	2	191154276	1.04628e-08
chr4	13	14	191154276	7.32393e-08
chr4	14	5	191154276	2.61569e-08
chr5	0	178687176	180915260	0.987684
chr5	1	2212777	180915260	0.012231
chr5	2	14629	180915260	8.08611e-05
chr5	3	433	180915260	2.39339e-06
chr5	4	82	180915260	4.53251e-07
chr5	5	140	180915260	7.73843e-07
chr5	6	23	180915260	1.27131e-07
chr6	0	169046213	171115067	0.987909
chr6	1	2052635	171115067	0.0119956
chr6	2	12164	171115067	7.10867e-05
chr6	3	270	171115067	1.57789e-06
chr6	4	337	171115067	1.96943e-06
chr6	5	232	171115067	1.35581e-06
chr6	6	319	171115067	1.86424e-06
chr6	7	378	171115067	2.20904e-06
chr6	8	388	171115067	2.26748e-06
chr6	9	335	171115067	1.95775e-06
chr6	10	353	171115067	2.06294e-06
chr6	11	267	171115067	1.56035e-06
chr6	12	233	171115067	1.36166e-06
chr6	13	265	171115067	1.54867e-06
chr6	14	241	171115067	1.40841e-06
chr6	15	160	171115067	9.35043e-07
chr6	16	117	171115067	6.8375e-07
chr6	17	64	171115067	3.74017e-07
chr6	18	47	171115067	2.74669e-07
chr6	19	11	171115067	6.42842e-08
chr6	20	2	171115067	1.1688e-08
chr6	21	8	171115067	4.67522e-08
chr6	22	13	171115067	7.59723e-08
chr6	23	11	171115067	6.42842e-08
chr6	24	4	171115067	2.33761e-08
chr7	0	156659051	159138663	0.984419
chr7	1	2457308	159138663	0.0154413
chr7	2	18496	159138663	0.000116226
chr7	3	688	159138663	4.32327e-06
chr7	4	637	159138663	4.0028e-06
chr7	5	418	159138663	2.62664e-06
chr7	6	427	159138663	2.68319e-06
chr7	7	133	159138663	8.35749e-07
chr7	8	141	159138663	8.8602e-07
chr7	9	125	159138663	7.85479e-07
chr7	10	129	159138663	8.10614e-07
chr7	11	128	159138663	8.0433e-07
chr7	12	126	159138663	7.91762e-07
chr7	13	114	159138663	7.16356e-07
chr7	14	79	159138663	4.96422e-07
chr7	15	66	159138663	4.14733e-07
chr7	16	44	159138663	2.76488e-07
chr7	17	65	159138663	4.08449e-07
chr7	18	88	159138663	5.52977e-07
chr7	19	82	159138663	5.15274e-07
chr7	20	70	159138663	4.39868e-07
chr7	21	37	159138663	2.32502e-07
chr7	22	24	159138663	1.50812e-07
chr7	23	25	159138663	1.57096e-07
chr7	24	28	159138663	1.75947e-07
chr7	25	12	159138663	7.54059e-08
chr7	26	30	159138663	1.88515e-07
chr7	27	13	159138663	8.16898e-08
chr7	28	17	159138663	1.06825e-07
chr7	29	14	159138663	8.79736e-08
chr7	30	13	159138663	8.16898e-08
chr7	31	15	159138663	9.42574e-08
chr7	32	17	159138663	1.06825e-07
chr7	33	3	159138663	1.88515e-08
chr8	0	144285078	146364022	0.985796
chr8	1	2052941	146364022	0.0140263
chr8	2	20345	146364022	0.000139003
chr8	3	2863	146364022	1.95608e-05
chr8	4	1387	146364022	9.47637e-06
chr8	5	748	146364022	5.11055e-06
chr8	6	405	146364022	2.76707e-06
chr8	7	122	146364022	8.33538e-07
chr8	8	82	146364022	5.60247e-07
chr8	9	22	146364022	1.5031e-07
chr8	10	15	146364022	1.02484e-07
chr8	11	14	146364022	9.56519e-08
chr9	0	139854052	141213431	0.990374
chr9	1	1350792	141213431	0.00956561
chr9	2	7773	141213431	5.50443e-05
chr9	3	389	141213431	2.7547e-06
chr9	4	187	141213431	1.32424e-06
chr9	5	44	141213431	3.11585e-07
chr9	6	102	141213431	7.22311e-07
chr9	7	74	141213431	5.24029e-07
chr9	8	15	141213431	1.06222e-07
chr9	9	3	141213431	2.12444e-08
chr10	0	133876701	135534747	0.987767
chr10	1	1629778	135534747	0.0120248
chr10	2	14950	135534747	0.000110304
chr10	3	2596	135534747	1.91538e-05
chr10	4	1614	135534747	1.19084e-05
chr10	5	1359	135534747	1.00269e-05
chr10	6	895	135534747	6.60347e-06
chr10	7	654	135534747	4.82533e-06
chr10	8	717	135534747	5.29016e-06
chr10	9	504	135534747	3.7186e-06
chr10	10	449	135534747	3.3128e-06
chr10	11	405	135534747	2.98816e-06
chr10	12	356	135534747	2.62663e-06
chr10	13	397	135534747	2.92914e-06
chr10	14	270	135534747	1.99211e-06
chr10	15	297	135534747	2.19132e-06
chr10	16	217	135534747	1.60107e-06
chr10	17	213	135534747	1.57155e-06
chr10	18	197	135534747	1.4535e-06
chr10	19	205	135534747	1.51253e-06
chr10	20	145	135534747	1.06984e-06
chr10	21	146	135534747	1.07721e-06
chr10	22	190	135534747	1.40185e-06
chr10	23	154	135534747	1.13624e-06
chr10	24	149	135534747	1.09935e-06
chr10	25	177	135534747	1.30594e-06
chr10	26	180	135534747	1.32807e-06
chr10	27	137	135534747	1.01081e-06
chr10	28	96	135534747	7.08305e-07
chr10	29	82	135534747	6.05011e-07
chr10	30	81	135534747	5.97633e-07
chr10	31	64	135534747	4.72204e-07
chr10	32	58	135534747	4.27935e-07
chr10	33	63	135534747	4.64825e-07
chr10	34	49	135534747	3.61531e-07
chr10	35	40	135534747	2.95127e-07
chr10	36	21	135534747	1.54942e-07
chr10	37	13	135534747	9.59164e-08
chr10	38	14	135534747	1.03295e-07
chr10	39	14	135534747	1.03295e-07
chr10	40	21	135534747	1.54942e-07
chr10	41	20	135534747	1.47564e-07
chr10	42	11	135534747	8.116e-08
chr10	43	12	135534747	8.85382e-08
chr10	44	15	135534747	1.10673e-07
chr10	45	14	135534747	1.03295e-07
chr10	46	5	135534747	3.68909e-08
chr10	47	2	135534747	1.47564e-08
chr11	0	133385466	135006516	0.987993
chr11	1	1608980	135006516	0.0119178
chr11	2	10043	135006516	7.4389e-05
chr11	3	565	135006516	4.18498e-06
chr11	4	357	135006516	2.64432e-06
chr11	5	203	135006516	1.50363e-06
chr11	6	245	135006516	1.81473e-06
chr11	7	163	135006516	1.20735e-06
chr11	8	145	135006516	1.07402e-06
chr11	9	122	135006516	9.0366e-07
chr11	10	73	135006516	5.40715e-07
chr11	11	65	135006516	4.81458e-07
chr11	12	40	135006516	2.96282e-07
chr11	13	12	135006516	8.88846e-08
chr11	14	3	135006516	2.22212e-08
chr11	15	1	135006516	7.40705e-09
chr11	16	4	135006516	2.96282e-08
chr11	17	7	135006516	5.18494e-08
chr11	18	12	135006516	8.88846e-08
chr11	19	10	135006516	7.40705e-08
chr12	0	132343923	133851895	0.988734
chr12	1	1498471	133851895	0.011195
chr12	2	9132	133851895	6.82247e-05
chr12	3	234	133851895	1.7482e-06
chr12	4	105	133851895	7.84449e-07
chr12	5	6	133851895	4.48257e-08
chr12	6	5	133851895	3.73547e-08
chr12	7	19	133851895	1.41948e-07
chr13	0	114360277	115169878	0.99297
chr13	1	806052	115169878	0.00699881
chr13	2	3549	115169878	3.08154e-05
chr14	0	105548554	107349540	0.983223
chr14	1	1783104	107349540	0.0166103
chr14	2	17800	107349540	0.000165813
chr14	3	82	107349540	7.6386e-07
chr15	0	101826327	102531392	0.993123
chr15	1	702376	102531392	0.00685035
chr15	2	2643	102531392	2.57775e-05
chr15	3	46	102531392	4.48643e-07
chr16	0	89516862	90354753	0.990727
chr16	1	800774	90354753	0.00886256
chr16	2	11028	90354753	0.000122052
chr16	3	4987	90354753	5.51936e-05
chr16	4	4421	90354753	4.89294e-05
chr16	5	4135	90354753	4.57641e-05
chr16	6	3422	90354753	3.78729e-05
chr16	7	2844	90354753	3.14759e-05
chr16	8	2075	90354753	2.2965e-05
chr16	9	1497	90354753	1.6568e-05
chr16	10	1016	90354753	1.12446e-05
chr16	11	606	90354753	6.7069e-06
chr16	12	374	90354753	4.13924e-06
chr16	13	284	90354753	3.14317e-06
chr16	14	167	90354753	1.84827e-06
chr16	15	103	90354753	1.13995e-06
chr16	16	44	90354753	4.86969e-07
chr16	17	44	90354753	4.86969e-07
chr16	18	41	90354753	4.53767e-07
chr16	19	22	90354753	2.43485e-07
chr16	20	7	90354753	7.74724e-08
chr17	0	80335015	81195210	0.989406
chr17	1	853060	81195210	0.0105063
chr17	2	6358	81195210	7.83051e-05
chr17	3	376	81195210	4.63082e-06
chr17	4	185	81195210	2.27846e-06
chr17	5	89	81195210	1.09612e-06
chr17	6	96	81195210	1.18234e-06
chr17	7	13	81195210	1.60108e-07
chr17	8	18	81195210	2.21688e-07
chr18	0	77157320	78077248	0.988218
chr18	1	912466	78077248	0.0116867
chr18	2	6128	78077248	7.84864e-05
chr18	3	542	78077248	6.94184e-06
chr18	4	212	78077248	2.71526e-06
chr18	5	147	78077248	1.88275e-06
chr18	6	103	78077248	1.31921e-06
chr18	7	83	78077248	1.06305e-06
chr18	8	74	78077248	9.47779e-07
chr18	9	46	78077248	5.8916e-07
chr18	10	37	78077248	4.7389e-07
chr18	11	20	78077248	2.56157e-07
chr18	12	9	78077248	1.1527e-07
chr18	13	7	78077248	8.96548e-08
chr18	14	12	78077248	1.53694e-07
chr18	15	11	78077248	1.40886e-07
chr18	16	3	78077248	3.84235e-08
chr18	17	2	78077248	2.56157e-08
chr18	18	7	78077248	8.96548e-08
chr18	19	3	78077248	3.84235e-08
chr18	20	9	78077248	1.1527e-07
chr18	21	7	78077248	8.96548e-08
chr19	0	58277513	59128983	0.9856
chr19	1	840978	59128983	0.0142228
chr19	2	7698	59128983	0.00013019
chr19	3	538	59128983	9.09875e-06
chr19	4	393	59128983	6.64649e-06
chr19	5	305	59128983	5.15821e-06
chr19	6	233	59128983	3.94054e-06
chr19	7	86	59128983	1.45445e-06
chr19	8	104	59128983	1.75887e-06
chr19	9	149	59128983	2.51991e-06
chr19	10	141	59128983	2.38462e-06
chr19	11	130	59128983	2.19858e-06
chr19	12	118	59128983	1.99564e-06
chr19	13	65	59128983	1.09929e-06
chr19	14	44	59128983	7.44136e-07
chr19	15	52	59128983	8.79433e-07
chr19	16	42	59128983	7.10312e-07
chr19	17	63	59128983	1.06547e-06
chr19	18	54	59128983	9.13258e-07
chr19	19	33	59128983	5.58102e-07
chr19	20	32	59128983	5.4119e-07
chr19	21	10	59128983	1.69122e-07
chr19	22	9	59128983	1.5221e-07
chr19	23	21	59128983	3.55156e-07
chr19	24	23	59128983	3.8898e-07
chr19	25	27	59128983	4.56629e-07
chr19	26	27	59128983	4.56629e-07
chr19	27	25	59128983	4.22805e-07
chr19	28	28	59128983	4.73541e-07
chr19	29	9	59128983	1.5221e-07
chr19	30	7	59128983	1.18385e-07
chr19	31	4	59128983	6.76487e-08
chr19	32	3	59128983	5.07365e-08
chr19	33	1	59128983	1.69122e-08
chr19	34	2	59128983	3.38244e-08
chr19	35	4	59128983	6.76487e-08
chr19	36	1	59128983	1.69122e-08
chr19	37	4	59128983	6.76487e-08
chr19	38	5	59128983	8.45609e-08
chr19	39	2	59128983	3.38244e-08
chr20	0	62100555	63025520	0.985324
chr20	1	917193	63025520	0.0145527
chr20	2	7597	63025520	0.000120538
chr20	3	123	63025520	1.95159e-06
chr20	4	16	63025520	2.53865e-07
chr20	5	36	63025520	5.71197e-07
chr21	0	47818055	48129895	0.993521
chr21	1	309575	48129895	0.00643207
chr21	2	1927	48129895	4.00375e-05
chr21	3	157	48129895	3.26201e-06
chr21	4	42	48129895	8.72639e-07
chr21	5	7	48129895	1.4544e-07
chr21	6	51	48129895	1.05963e-06
chr21	7	57	48129895	1.1843e-06
chr21	8	24	48129895	4.98651e-07
chr22	0	50905606	51304566	0.992224
chr22	1	396599	51304566	0.00773029
chr22	2	2301	51304566	4.48498e-05
chr22	3	5	51304566	9.74572e-08
chr22	5	3	51304566	5.84743e-08
chr22	7	2	51304566	3.89829e-08
chr22	8	2	51304566	3.89829e-08
chr22	10	3	51304566	5.84743e-08
chr22	12	2	51304566	3.89829e-08
chr22	13	3	51304566	5.84743e-08
chr22	14	4	51304566	7.79658e-08
chr22	15	36	51304566	7.01692e-07
chrX	0	153933945	155270560	0.991392
chrX	1	1325615	155270560	0.00853745
chrX	2	9655	155270560	6.21818e-05
chrX	3	1100	155270560	7.08441e-06
chrX	4	161	155270560	1.0369e-06
chrX	5	47	155270560	3.02697e-07
chrX	6	13	155270560	8.37248e-08
chrX	7	24	155270560	1.54569e-07
chrY	0	59315212	59373566	0.999017
chrY	1	54933	59373566	0.00092521
chrY	2	2106	59373566	3.54703e-05
chrY	3	632	59373566	1.06445e-05
chrY	4	317	59373566	5.33908e-06
chrY	5	154	59373566	2.59375e-06
chrY	6	88	59373566	1.48214e-06
chrY	7	52	59373566	8.75811e-07
chrY	8	8	59373566	1.3474e-07
chrY	9	15	59373566	2.52638e-07
chrY	10	17	59373566	2.86323e-07
chrY	11	24	59373566	4.0422e-07
chrY	12	8	59373566	1.3474e-07
chr1_gl000191_random	0	105883	106433	0.994832
chr1_gl000191_random	1	550	106433	0.00516757
chr1_gl000192_random	0	536298	547496	0.979547
chr1_gl000192_random	1	11096	547496	0.0202668
chr1_gl000192_random	2	102	547496	0.000186303
chr4_ctg9_hap1	0	585676	590426	0.991955
chr4_ctg9_hap1	1	4750	590426	0.00804504
chr4_gl000193_random	0	186083	189789	0.980473
chr4_gl000193_random	1	3612	189789	0.0190317
chr4_gl000193_random	2	94	189789	0.000495287
chr4_gl000194_random	0	188196	191469	0.982906
chr4_gl000194_random	1	3246	191469	0.0169531
chr4_gl000194_random	2	27	191469	0.000141015
chr6_apd_hap1	0	4616990	4622290	0.998853
chr6_apd_hap1	1	5300	4622290	0.00114662
chr6_cox_hap2	0	4784351	4795371	0.997702
chr6_cox_hap2	1	10990	4795371	0.00229179
chr6_cox_hap2	2	30	4795371	6.25603e-06
chr6_dbb_hap3	0	4601280	4610396	0.998023
chr6_dbb_hap3	1	9082	4610396	0.0019699
chr6_dbb_hap3	2	34	4610396	7.37464e-06
chr6_mann_hap4	0	4673013	4683263	0.997811
chr6_mann_hap4	1	10250	4683263	0.00218865
chr6_mcf_hap5	0	4825135	4833398	0.99829
chr6_mcf_hap5	1	8226	4833398	0.00170191
chr6_mcf_hap5	2	37	4833398	7.65507e-06
chr6_qbl_hap6	0	4602507	4611984	0.997945
chr6_qbl_hap6	1	9454	4611984	0.00204988
chr6_qbl_hap6	2	23	4611984	4.98701e-06
chr6_ssto_hap7	0	4918738	4928567	0.998006
chr6_ssto_hap7	1	9808	4928567	0.00199003
chr6_ssto_hap7	2	21	4928567	4.26087e-06
chr7_gl000195_random	0	177495	182896	0.97047
chr7_gl000195_random	1	5352	182896	0.0292625
chr7_gl000195_random	2	49	182896	0.000267912
chr8_gl000196_random	0	38514	38914	0.989721
chr8_gl000196_random	1	400	38914	0.0102791
chr8_gl000197_random	0	37125	37175	0.998655
chr8_gl000197_random	1	50	37175	0.00134499
chr9_gl000198_random	0	88240	90085	0.979519
chr9_gl000198_random	1	1840	90085	0.0204252
chr9_gl000198_random	2	5	90085	5.55031e-05
chr9_gl000199_random	0	113402	169874	0.667565
chr9_gl000199_random	1	35118	169874	0.20673
chr9_gl000199_random	2	13333	169874	0.0784876
chr9_gl000199_random	3	4462	169874	0.0262665
chr9_gl000199_random	4	1715	169874	0.0100957
chr9_gl000199_random	5	680	169874	0.00400297
chr9_gl000199_random	6	393	169874	0.00231348
chr9_gl000199_random	7	230	169874	0.00135394
chr9_gl000199_random	8	227	169874	0.00133628
chr9_gl000199_random	9	122	169874	0.000718179
chr9_gl000199_random	10	88	169874	0.000518031
chr9_gl000199_random	11	46	169874	0.000270789
chr9_gl000199_random	12	6	169874	3.53203e-05
chr9_gl000199_random	13	13	169874	7.65273e-05
chr9_gl000199_random	14	3	169874	1.76601e-05
chr9_gl000199_random	15	5	169874	2.94336e-05
chr9_gl000199_random	16	2	169874	1.17734e-05
chr9_gl000199_random	17	14	169874	8.2414e-05
chr9_gl000199_random	18	11	169874	6.47539e-05
chr9_gl000199_random	19	4	169874	2.35469e-05
chr9_gl000200_random	0	185685	187035	0.992782
chr9_gl000200_random	1	1350	187035	0.0072179
chr9_gl000201_random	0	35948	36148	0.994467
chr9_gl000201_random	1	200	36148	0.00553281
chr11_gl000202_random	0	39653	40103	0.988779
chr11_gl000202_random	1	450	40103	0.0112211
chr17_ctg5_hap1	0	1675078	1680828	0.996579
chr17_ctg5_hap1	1	5750	1680828	0.00342093
chr17_gl000203_random	0	37198	37498	0.992
chr17_gl000203_random	1	300	37498	0.00800043
chr17_gl000204_random	0	80620	81310	0.991514
chr17_gl000204_random	1	680	81310	0.00836306
chr17_gl000204_random	2	10	81310	0.000122986
chr17_gl000205_random	0	169301	174588	0.969717
chr17_gl000205_random	1	5124	174588	0.0293491
chr17_gl000205_random	2	163	174588	0.000933627
chr17_gl000206_random	0	40801	41001	0.995122
chr17_gl000206_random	1	200	41001	0.00487793
chr19_gl000208_random	0	85745	92689	0.925083
chr19_gl000208_random	1	5184	92689	0.055929
chr19_gl000208_random	2	800	92689	0.00863101
chr19_gl000208_random	3	521	92689	0.00562095
chr19_gl000208_random	4	281	92689	0.00303164
chr19_gl000208_random	5	128	92689	0.00138096
chr19_gl000208_random	6	21	92689	0.000226564
chr19_gl000208_random	7	9	92689	9.70989e-05
chr19_gl000209_random	0	157919	159169	0.992147
chr19_gl000209_random	1	1250	159169	0.00785329
chr21_gl000210_random	0	27532	27682	0.994581
chr21_gl000210_random	1	150	27682	0.00541868
chrUn_gl000211	0	164066	166566	0.984991
chrUn_gl000211	1	2500	166566	0.0150091
chrUn_gl000212	0	183833	186858	0.983811
chrUn_gl000212	1	3000	186858	0.016055
chrUn_gl000212	2	25	186858	0.000133791
chrUn_gl000213	0	163189	164239	0.993607
chrUn_gl000213	1	1050	164239	0.00639312
chrUn_gl000214	0	132396	137718	0.961356
chrUn_gl000214	1	5045	137718	0.0366328
chrUn_gl000214	2	276	137718	0.0020041
chrUn_gl000214	3	1	137718	7.26122e-06
chrUn_gl000215	0	171545	172545	0.994204
chrUn_gl000215	1	1000	172545	0.00579559
chrUn_gl000216	0	160746	172294	0.932975
chrUn_gl000216	1	10197	172294	0.0591837
chrUn_gl000216	2	898	172294	0.00521202
chrUn_gl000216	3	217	172294	0.00125948
chrUn_gl000216	4	79	172294	0.000458519
chrUn_gl000216	5	114	172294	0.00066166
chrUn_gl000216	6	5	172294	2.90202e-05
chrUn_gl000216	7	14	172294	8.12565e-05
chrUn_gl000216	8	24	172294	0.000139297
chrUn_gl000217	0	169085	172149	0.982201
chrUn_gl000217	1	3028	172149	0.0175894
chrUn_gl000217	2	36	172149	0.000209121
chrUn_gl000218	0	158253	161147	0.982041
chrUn_gl000218	1	2888	161147	0.0179215
chrUn_gl000218	2	6	161147	3.72331e-05
chrUn_gl000219	0	176122	179198	0.982835
chrUn_gl000219	1	3002	179198	0.0167524
chrUn_gl000219	2	74	179198	0.000412951
chrUn_gl000220	0	128156	161802	0.792054
chrUn_gl000220	1	21673	161802	0.133948
chrUn_gl000220	2	7680	161802	0.0474654
chrUn_gl000220	3	3086	161802	0.0190727
chrUn_gl000220	4	783	161802	0.00483925
chrUn_gl000220	5	324	161802	0.00200245
chrUn_gl000220	6	93	161802	0.000574777
chrUn_gl000220	7	7	161802	4.32628e-05
chrUn_gl000221	0	151671	155397	0.976023
chrUn_gl000221	1	3702	155397	0.0238229
chrUn_gl000221	2	24	155397	0.000154443
chrUn_gl000222	0	184370	186861	0.986669
chrUn_gl000222	1	2482	186861	0.0132826
chrUn_gl000222	2	9	186861	4.81641e-05
chrUn_gl000223	0	179113	180455	0.992563
chrUn_gl000223	1	1334	180455	0.00739242
chrUn_gl000223	2	8	180455	4.43324e-05
chrUn_gl000224	0	174750	179693	0.972492
chrUn_gl000224	1	4152	179693	0.0231061
chrUn_gl000224	2	675	179693	0.00375641
chrUn_gl000224	3	116	179693	0.000645545
chrUn_gl000225	0	196365	211173	0.929877
chrUn_gl000225	1	13188	211173	0.0624512
chrUn_gl000225	2	1227	211173	0.0058104
chrUn_gl000225	3	227	211173	0.00107495
chrUn_gl000225	4	91	211173	0.000430926
chrUn_gl000225	5	37	211173	0.000175212
chrUn_gl000225	6	38	211173	0.000179947
chrUn_gl000226	0	636	15008	0.0423774
chrUn_gl000226	1	1063	15008	0.0708289
chrUn_gl000226	2	1833	15008	0.122135
chrUn_gl000226	3	1700	15008	0.113273
chrUn_gl000226	4	1728	15008	0.115139
chrUn_gl000226	5	1753	15008	0.116804
chrUn_gl000226	6	1729	15008	0.115205
chrUn_gl000226	7	1373	15008	0.0914845
chrUn_gl000226	8	934	15008	0.0622335
chrUn_gl000226	9	753	15008	0.0501732
chrUn_gl000226	10	508	15008	0.0338486
chrUn_gl000226	11	316	15008	0.0210554
chrUn_gl000226	12	282	15008	0.01879
chrUn_gl000226	13	194	15008	0.0129264
chrUn_gl000226	14	116	15008	0.00772921
chrUn_gl000226	15	67	15008	0.00446429
chrUn_gl000226	16	22	15008	0.00146588
chrUn_gl000226	17	1	15008	6.66311e-05
chrUn_gl000227	0	127124	128374	0.990263
chrUn_gl000227	1	1250	128374	0.00973717
chrUn_gl000228	0	126663	129120	0.980971
chrUn_gl000228	1	2414	129120	0.0186958
chrUn_gl000228	2	43	129120	0.000333024
chrUn_gl000229	0	19313	19913	0.969869
chrUn_gl000229	1	600	19913	0.0301311
chrUn_gl000230	0	42717	43691	0.977707
chrUn_gl000230	1	948	43691	0.0216978
chrUn_gl000230	2	26	43691	0.000595088
chrUn_gl000231	0	26428	27386	0.965019
chrUn_gl000231	1	916	27386	0.0334477
chrUn_gl000231	2	42	27386	0.00153363
chrUn_gl000232	0	39102	40652	0.961872
chrUn_gl000232	1	1550	40652	0.0381285
chrUn_gl000233	0	45241	45941	0.984763
chrUn_gl000233	1	700	45941	0.0152369
chrUn_gl000234	0	39291	40531	0.969406
chrUn_gl000234	1	1230	40531	0.0303471
chrUn_gl000234	2	10	40531	0.000246725
chrUn_gl000235	0	33524	34474	0.972443
chrUn_gl000235	1	950	34474	0.027557
chrUn_gl000236	0	41314	41934	0.985215
chrUn_gl000236	1	590	41934	0.0140697
chrUn_gl000236	2	30	41934	0.00071541
chrUn_gl000237	0	44555	45867	0.971396
chrUn_gl000237	1	1274	45867	0.027776
chrUn_gl000237	2	38	45867	0.000828482
chrUn_gl000238	0	39549	39939	0.990235
chrUn_gl000238	1	380	39939	0.00951451
chrUn_gl000238	2	10	39939	0.000250382
chrUn_gl000239	0	32924	33824	0.973392
chrUn_gl000239	1	900	33824	0.0266083
chrUn_gl000240	0	41083	41933	0.97973
chrUn_gl000240	1	850	41933	0.0202704
chrUn_gl000241	0	39635	42152	0.940288
chrUn_gl000241	1	2434	42152	0.0577434
chrUn_gl000241	2	83	42152	0.00196906
chrUn_gl000242	0	43423	43523	0.997702
chrUn_gl000242	1	100	43523	0.00229764
chrUn_gl000243	0	42176	43341	0.97312
chrUn_gl000243	1	1080	43341	0.0249187
chrUn_gl000243	2	85	43341	0.00196119
chrUn_gl000244	0	38886	39929	0.973879
chrUn_gl000244	1	1036	39929	0.0259461
chrUn_gl000244	2	7	39929	0.000175311
chrUn_gl000245	0	36151	36651	0.986358
chrUn_gl000245	1	500	36651	0.0136422
chrUn_gl000246	0	37804	38154	0.990827
chrUn_gl000246	1	350	38154	0.00917335
chrUn_gl000247	0	35872	36422	0.984899
chrUn_gl000247	1	550	36422	0.0151008
chrUn_gl000248	0	39586	39786	0.994973
chrUn_gl000248	1	200	39786	0.00502689
chrUn_gl000249	0	38152	38502	0.99091
chrUn_gl000249	1	350	38502	0.00909044
chr18_gl000207_random	0	4262	4262	1
genome	0	3098066007	3137161264	0.987538
genome	1	38649721	3137161264	0.01232
genome	2	341399	3137161264	0.000108824
genome	3	32521	3137161264	1.03664e-05
genome	4	17786	3137161264	5.66946e-06
genome	5	12703	3137161264	4.0492e-06
genome	6	9399	3137161264	2.99602e-06
genome	7	6887	3137161264	2.1953e-06
genome	8	5353	3137161264	1.70632e-06
genome	9	4007	3137161264	1.27727e-06
genome	10	3019	3137161264	9.62335e-07
genome	11	2142	3137161264	6.82783e-07
genome	12	1593	3137161264	5.07784e-07
genome	13	1399	3137161264	4.45945e-07
genome	14	988	3137161264	3.14934e-07
genome	15	832	3137161264	2.65208e-07
genome	16	537	3137161264	1.71174e-07
genome	17	514	3137161264	1.63842e-07
genome	18	497	3137161264	1.58423e-07
genome	19	424	3137161264	1.35154e-07
genome	20	325	3137161264	1.03597e-07
genome	21	260	3137161264	8.28775e-08
genome	22	289	3137161264	9.21215e-08
genome	23	265	3137161264	8.44713e-08
genome	24	250	3137161264	7.96899e-08
genome	25	271	3137161264	8.63838e-08
genome	26	284	3137161264	9.05277e-08
genome	27	207	3137161264	6.59832e-08
genome	28	170	3137161264	5.41891e-08
genome	29	129	3137161264	4.112e-08
genome	30	128	3137161264	4.08012e-08
genome	31	119	3137161264	3.79324e-08
genome	32	114	3137161264	3.63386e-08
genome	33	104	3137161264	3.3151e-08
genome	34	85	3137161264	2.70946e-08
genome	35	69	3137161264	2.19944e-08
genome	36	34	3137161264	1.08378e-08
genome	37	31	3137161264	9.88155e-09
genome	38	26	3137161264	8.28775e-09
genome	39	22	3137161264	7.01271e-09
genome	40	27	3137161264	8.60651e-09
genome	41	29	3137161264	9.24403e-09
genome	42	16	3137161264	5.10015e-09
genome	43	18	3137161264	5.73767e-09
genome	44	26	3137161264	8.28775e-09
genome	45	23	3137161264	7.33147e-09
genome	46	16	3137161264	5.10015e-09
genome	47	11	3137161264	3.50635e-09
genome	48	8	3137161264	2.55008e-09
genome	49	28	3137161264	8.92527e-09
genome	50	30	3137161264	9.56279e-09
genome	51	9	3137161264	2.86884e-09
genome	52	8	3137161264	2.55008e-09
genome	53	5	3137161264	1.5938e-09
genome	54	5	3137161264	1.5938e-09
genome	55	20	3137161264	6.37519e-09
genome	56	13	3137161264	4.14387e-09
genome	57	16	3137161264	5.10015e-09
genome	58	13	3137161264	4.14387e-09
genome	59	17	3137161264	5.41891e-09
genome	60	10	3137161264	3.1876e-09
genome	61	5	3137161264	1.5938e-09
genome	62	1	3137161264	3.1876e-10
