chrM	0	4646	16571	0.280369
chrM	1	5272	16571	0.318146
chrM	2	3788	16571	0.228592
chrM	3	2008	16571	0.121176
chrM	4	682	16571	0.0411562
chrM	5	150	16571	0.00905196
chrM	6	25	16571	0.00150866
chr1	0	244817625	249250621	0.982215
chr1	1	4382039	249250621	0.0175809
chr1	2	48278	249250621	0.000193693
chr1	3	908	249250621	3.64292e-06
chr1	4	329	249250621	1.31996e-06
chr1	5	159	249250621	6.37912e-07
chr1	6	67	249250621	2.68806e-07
chr1	7	19	249250621	7.62285e-08
chr1	8	16	249250621	6.41924e-08
chr1	9	22	249250621	8.82646e-08
chr1	10	11	249250621	4.41323e-08
chr1	11	27	249250621	1.08325e-07
chr1	12	30	249250621	1.20361e-07
chr1	13	20	249250621	8.02405e-08
chr1	14	45	249250621	1.80541e-07
chr1	15	32	249250621	1.28385e-07
chr1	16	50	249250621	2.00601e-07
chr1	17	32	249250621	1.28385e-07
chr1	18	47	249250621	1.88565e-07
chr1	19	61	249250621	2.44734e-07
chr1	20	39	249250621	1.56469e-07
chr1	21	48	249250621	1.92577e-07
chr1	22	89	249250621	3.5707e-07
chr1	23	47	249250621	1.88565e-07
chr1	24	55	249250621	2.20661e-07
chr1	25	44	249250621	1.76529e-07
chr1	26	40	249250621	1.60481e-07
chr1	27	44	249250621	1.76529e-07
chr1	28	15	249250621	6.01804e-08
chr1	29	15	249250621	6.01804e-08
chr1	30	19	249250621	7.62285e-08
chr1	31	19	249250621	7.62285e-08
chr1	32	11	249250621	4.41323e-08
chr1	33	16	249250621	6.41924e-08
chr1	34	8	249250621	3.20962e-08
chr1	35	13	249250621	5.21563e-08
chr1	36	6	249250621	2.40722e-08
chr1	37	8	249250621	3.20962e-08
chr1	38	16	249250621	6.41924e-08
chr1	39	11	249250621	4.41323e-08
chr1	40	14	249250621	5.61684e-08
chr1	41	25	249250621	1.00301e-07
chr1	42	22	249250621	8.82646e-08
chr1	43	23	249250621	9.22766e-08
chr1	44	11	249250621	4.41323e-08
chr1	45	18	249250621	7.22165e-08
chr1	46	19	249250621	7.62285e-08
chr1	47	17	249250621	6.82044e-08
chr1	48	21	249250621	8.42525e-08
chr1	49	24	249250621	9.62886e-08
chr1	50	17	249250621	6.82044e-08
chr1	51	8	249250621	3.20962e-08
chr1	52	3	249250621	1.20361e-08
chr1	53	2	249250621	8.02405e-09
chr1	54	5	249250621	2.00601e-08
chr1	55	2	249250621	8.02405e-09
chr1	56	2	249250621	8.02405e-09
chr1	57	2	249250621	8.02405e-09
chr1	58	2	249250621	8.02405e-09
chr1	59	3	249250621	1.20361e-08
chr1	60	1	249250621	4.01203e-09
chr2	0	239595898	243199373	0.985183
chr2	1	3564181	243199373	0.0146554
chr2	2	31584	243199373	0.000129869
chr2	3	3115	243199373	1.28084e-05
chr2	4	2223	243199373	9.14065e-06
chr2	5	1147	243199373	4.71629e-06
chr2	6	499	243199373	2.05181e-06
chr2	7	282	243199373	1.15954e-06
chr2	8	204	243199373	8.38818e-07
chr2	9	69	243199373	2.83718e-07
chr2	10	30	243199373	1.23356e-07
chr2	11	19	243199373	7.81252e-08
chr2	12	16	243199373	6.57896e-08
chr2	13	27	243199373	1.1102e-07
chr2	14	43	243199373	1.7681e-07
chr2	15	23	243199373	9.45726e-08
chr2	16	12	243199373	4.93422e-08
chr2	17	1	243199373	4.11185e-09
chr3	0	194939759	198022430	0.984433
chr3	1	3059251	198022430	0.015449
chr3	2	23155	198022430	0.000116931
chr3	3	91	198022430	4.59544e-07
chr3	4	61	198022430	3.08046e-07
chr3	5	5	198022430	2.52497e-08
chr3	6	2	198022430	1.00999e-08
chr3	7	8	198022430	4.03995e-08
chr3	8	3	198022430	1.51498e-08
chr3	9	1	198022430	5.04993e-09
chr3	10	5	198022430	2.52497e-08
chr3	11	6	198022430	3.02996e-08
chr3	12	2	198022430	1.00999e-08
chr3	13	2	198022430	1.00999e-08
chr3	14	1	198022430	5.04993e-09
chr3	15	5	198022430	2.52497e-08
chr3	16	2	198022430	1.00999e-08
chr3	17	8	198022430	4.03995e-08
chr3	18	9	198022430	4.54494e-08
chr3	19	6	198022430	3.02996e-08
chr3	20	3	198022430	1.51498e-08
chr3	21	5	198022430	2.52497e-08
chr3	22	2	198022430	1.00999e-08
chr3	23	5	198022430	2.52497e-08
chr3	24	2	198022430	1.00999e-08
chr3	25	5	198022430	2.52497e-08
chr3	26	9	198022430	4.54494e-08
chr3	27	12	198022430	6.05992e-08
chr3	28	3	198022430	1.51498e-08
chr3	29	2	198022430	1.00999e-08
chr4	0	188363207	191154276	0.985399
chr4	1	2765949	191154276	0.0144697
chr4	2	22751	191154276	0.000119019
chr4	3	1133	191154276	5.92715e-06
chr4	4	702	191154276	3.67243e-06
chr4	5	210	191154276	1.09859e-06
chr4	6	114	191154276	5.96377e-07
chr4	7	112	191154276	5.85914e-07
chr4	8	58	191154276	3.0342e-07
chr4	9	40	191154276	2.09255e-07
chr5	0	178257993	180915260	0.985312
chr5	1	2636872	180915260	0.0145752
chr5	2	19463	180915260	0.000107581
chr5	3	749	180915260	4.14006e-06
chr5	4	160	180915260	8.84392e-07
chr5	5	23	180915260	1.27131e-07
chr6	0	169224027	171115067	0.988949
chr6	1	1877193	171115067	0.0109704
chr6	2	9718	171115067	5.67922e-05
chr6	3	327	171115067	1.91099e-06
chr6	4	325	171115067	1.89931e-06
chr6	5	162	171115067	9.46731e-07
chr6	6	235	171115067	1.37334e-06
chr6	7	311	171115067	1.81749e-06
chr6	8	347	171115067	2.02788e-06
chr6	9	259	171115067	1.5136e-06
chr6	10	277	171115067	1.61879e-06
chr6	11	272	171115067	1.58957e-06
chr6	12	251	171115067	1.46685e-06
chr6	13	258	171115067	1.50776e-06
chr6	14	252	171115067	1.47269e-06
chr6	15	241	171115067	1.40841e-06
chr6	16	198	171115067	1.15712e-06
chr6	17	171	171115067	9.99328e-07
chr6	18	111	171115067	6.48686e-07
chr6	19	54	171115067	3.15577e-07
chr6	20	41	171115067	2.39605e-07
chr6	21	22	171115067	1.28568e-07
chr6	22	11	171115067	6.42842e-08
chr6	23	4	171115067	2.33761e-08
chr7	0	156828036	159138663	0.98548
chr7	1	2289990	159138663	0.0143899
chr7	2	16931	159138663	0.000106391
chr7	3	702	159138663	4.41125e-06
chr7	4	533	159138663	3.34928e-06
chr7	5	431	159138663	2.70833e-06
chr7	6	168	159138663	1.05568e-06
chr7	7	219	159138663	1.37616e-06
chr7	8	340	159138663	2.1365e-06
chr7	9	181	159138663	1.13737e-06
chr7	10	146	159138663	9.17439e-07
chr7	11	85	159138663	5.34125e-07
chr7	12	130	159138663	8.16898e-07
chr7	13	132	159138663	8.29465e-07
chr7	14	98	159138663	6.15815e-07
chr7	15	107	159138663	6.7237e-07
chr7	16	88	159138663	5.52977e-07
chr7	17	82	159138663	5.15274e-07
chr7	18	97	159138663	6.09531e-07
chr7	19	51	159138663	3.20475e-07
chr7	20	29	159138663	1.82231e-07
chr7	21	30	159138663	1.88515e-07
chr7	22	32	159138663	2.01083e-07
chr7	23	17	159138663	1.06825e-07
chr7	24	5	159138663	3.14191e-08
chr7	25	3	159138663	1.88515e-08
chr8	0	144267971	146364022	0.985679
chr8	1	2071914	146364022	0.0141559
chr8	2	19197	146364022	0.000131159
chr8	3	2540	146364022	1.7354e-05
chr8	4	1136	146364022	7.76147e-06
chr8	5	724	146364022	4.94657e-06
chr8	6	300	146364022	2.04968e-06
chr8	7	91	146364022	6.21738e-07
chr8	8	48	146364022	3.27949e-07
chr8	9	47	146364022	3.21117e-07
chr8	10	13	146364022	8.88196e-08
chr8	11	6	146364022	4.09937e-08
chr8	12	4	146364022	2.73291e-08
chr8	13	16	146364022	1.09316e-07
chr8	14	13	146364022	8.88196e-08
chr8	15	2	146364022	1.36646e-08
chr9	0	139945087	141213431	0.991018
chr9	1	1260023	141213431	0.00892283
chr9	2	7657	141213431	5.42229e-05
chr9	3	364	141213431	2.57766e-06
chr9	4	128	141213431	9.06429e-07
chr9	5	123	141213431	8.71022e-07
chr9	6	49	141213431	3.46992e-07
chr10	0	133569711	135534747	0.985502
chr10	1	1933281	135534747	0.0142641
chr10	2	19090	135534747	0.000140849
chr10	3	2857	135534747	2.10795e-05
chr10	4	1581	135534747	1.16649e-05
chr10	5	1240	135534747	9.14894e-06
chr10	6	999	135534747	7.3708e-06
chr10	7	774	135534747	5.71071e-06
chr10	8	520	135534747	3.83665e-06
chr10	9	473	135534747	3.48988e-06
chr10	10	483	135534747	3.56366e-06
chr10	11	435	135534747	3.20951e-06
chr10	12	365	135534747	2.69304e-06
chr10	13	239	135534747	1.76339e-06
chr10	14	263	135534747	1.94046e-06
chr10	15	245	135534747	1.80765e-06
chr10	16	260	135534747	1.91833e-06
chr10	17	257	135534747	1.89619e-06
chr10	18	257	135534747	1.89619e-06
chr10	19	238	135534747	1.75601e-06
chr10	20	142	135534747	1.0477e-06
chr10	21	141	135534747	1.04032e-06
chr10	22	151	135534747	1.11411e-06
chr10	23	106	135534747	7.82087e-07
chr10	24	104	135534747	7.67331e-07
chr10	25	70	135534747	5.16473e-07
chr10	26	57	135534747	4.20556e-07
chr10	27	54	135534747	3.98422e-07
chr10	28	40	135534747	2.95127e-07
chr10	29	54	135534747	3.98422e-07
chr10	30	46	135534747	3.39396e-07
chr10	31	48	135534747	3.54153e-07
chr10	32	41	135534747	3.02505e-07
chr10	33	26	135534747	1.91833e-07
chr10	34	19	135534747	1.40185e-07
chr10	35	22	135534747	1.6232e-07
chr10	36	14	135534747	1.03295e-07
chr10	37	18	135534747	1.32807e-07
chr10	38	5	135534747	3.68909e-08
chr10	39	4	135534747	2.95127e-08
chr10	40	4	135534747	2.95127e-08
chr10	41	2	135534747	1.47564e-08
chr10	42	2	135534747	1.47564e-08
chr10	43	3	135534747	2.21345e-08
chr10	44	2	135534747	1.47564e-08
chr10	45	2	135534747	1.47564e-08
chr10	46	1	135534747	7.37818e-09
chr10	47	1	135534747	7.37818e-09
chr11	0	133130195	135006516	0.986102
chr11	1	1860606	135006516	0.0137816
chr11	2	14026	135006516	0.000103891
chr11	3	486	135006516	3.59983e-06
chr11	4	339	135006516	2.51099e-06
chr11	5	198	135006516	1.4666e-06
chr11	6	247	135006516	1.82954e-06
chr11	7	134	135006516	9.92545e-07
chr11	8	91	135006516	6.74042e-07
chr11	9	76	135006516	5.62936e-07
chr11	10	48	135006516	3.55538e-07
chr11	11	11	135006516	8.14776e-08
chr11	12	24	135006516	1.77769e-07
chr11	13	9	135006516	6.66635e-08
chr11	14	3	135006516	2.22212e-08
chr11	15	10	135006516	7.40705e-08
chr11	16	13	135006516	9.62917e-08
chr12	0	132454827	133851895	0.989563
chr12	1	1388985	133851895	0.010377
chr12	2	7866	133851895	5.87664e-05
chr12	3	168	133851895	1.25512e-06
chr12	4	3	133851895	2.24128e-08
chr12	5	9	133851895	6.72385e-08
chr12	6	37	133851895	2.76425e-07
chr13	0	114420476	115169878	0.993493
chr13	1	746846	115169878	0.00648473
chr13	2	2514	115169878	2.18286e-05
chr13	3	42	115169878	3.64679e-07
chr14	0	105720201	107349540	0.984822
chr14	1	1614889	107349540	0.0150433
chr14	2	14439	107349540	0.000134505
chr14	3	11	107349540	1.02469e-07
chr15	0	101635959	102531392	0.991267
chr15	1	889996	102531392	0.00868023
chr15	2	5407	102531392	5.27351e-05
chr15	3	30	102531392	2.92593e-07
chr16	0	89532771	90354753	0.990903
chr16	1	786143	90354753	0.00870063
chr16	2	10667	90354753	0.000118057
chr16	3	5483	90354753	6.0683e-05
chr16	4	4760	90354753	5.26812e-05
chr16	5	3989	90354753	4.41482e-05
chr16	6	3110	90354753	3.44199e-05
chr16	7	2263	90354753	2.50457e-05
chr16	8	1876	90354753	2.07626e-05
chr16	9	1337	90354753	1.47972e-05
chr16	10	966	90354753	1.06912e-05
chr16	11	651	90354753	7.20493e-06
chr16	12	351	90354753	3.88469e-06
chr16	13	194	90354753	2.14709e-06
chr16	14	95	90354753	1.05141e-06
chr16	15	34	90354753	3.76295e-07
chr16	16	15	90354753	1.66012e-07
chr16	17	24	90354753	2.6562e-07
chr16	18	8	90354753	8.85399e-08
chr16	19	10	90354753	1.10675e-07
chr16	20	6	90354753	6.64049e-08
chr17	0	80417500	81195210	0.990422
chr17	1	772368	81195210	0.00951248
chr17	2	4663	81195210	5.74295e-05
chr17	3	332	81195210	4.08891e-06
chr17	4	196	81195210	2.41394e-06
chr17	5	89	81195210	1.09612e-06
chr17	6	53	81195210	6.52748e-07
chr17	7	9	81195210	1.10844e-07
chr18	0	76968008	78077248	0.985793
chr18	1	1100268	78077248	0.014092
chr18	2	7853	78077248	0.00010058
chr18	3	372	78077248	4.76451e-06
chr18	4	192	78077248	2.4591e-06
chr18	5	131	78077248	1.67783e-06
chr18	6	125	78077248	1.60098e-06
chr18	7	58	78077248	7.42854e-07
chr18	8	54	78077248	6.91623e-07
chr18	9	24	78077248	3.07388e-07
chr18	10	50	78077248	6.40391e-07
chr18	11	25	78077248	3.20196e-07
chr18	12	28	78077248	3.58619e-07
chr18	13	22	78077248	2.81772e-07
chr18	14	7	78077248	8.96548e-08
chr18	15	8	78077248	1.02463e-07
chr18	16	23	78077248	2.9458e-07
chr19	0	58304415	59128983	0.986055
chr19	1	813830	59128983	0.0137636
chr19	2	8150	59128983	0.000137834
chr19	3	634	59128983	1.07223e-05
chr19	4	238	59128983	4.0251e-06
chr19	5	234	59128983	3.95745e-06
chr19	6	216	59128983	3.65303e-06
chr19	7	202	59128983	3.41626e-06
chr19	8	129	59128983	2.18167e-06
chr19	9	141	59128983	2.38462e-06
chr19	10	152	59128983	2.57065e-06
chr19	11	72	59128983	1.21768e-06
chr19	12	76	59128983	1.28533e-06
chr19	13	54	59128983	9.13258e-07
chr19	14	27	59128983	4.56629e-07
chr19	15	56	59128983	9.47082e-07
chr19	16	39	59128983	6.59575e-07
chr19	17	30	59128983	5.07365e-07
chr19	18	50	59128983	8.45609e-07
chr19	19	26	59128983	4.39717e-07
chr19	20	14	59128983	2.36771e-07
chr19	21	14	59128983	2.36771e-07
chr19	22	29	59128983	4.90453e-07
chr19	23	41	59128983	6.93399e-07
chr19	24	12	59128983	2.02946e-07
chr19	25	28	59128983	4.73541e-07
chr19	26	13	59128983	2.19858e-07
chr19	27	12	59128983	2.02946e-07
chr19	28	9	59128983	1.5221e-07
chr19	29	17	59128983	2.87507e-07
chr19	30	10	59128983	1.69122e-07
chr19	31	5	59128983	8.45609e-08
chr19	32	6	59128983	1.01473e-07
chr19	33	2	59128983	3.38244e-08
chr20	0	62270358	63025520	0.988018
chr20	1	749830	63025520	0.0118972
chr20	2	5192	63025520	8.23793e-05
chr20	3	84	63025520	1.33279e-06
chr20	4	7	63025520	1.11066e-07
chr20	5	4	63025520	6.34664e-08
chr20	6	6	63025520	9.51995e-08
chr20	7	12	63025520	1.90399e-07
chr20	8	27	63025520	4.28398e-07
chr21	0	47720183	48129895	0.991487
chr21	1	405651	48129895	0.00842825
chr21	2	3741	48129895	7.77272e-05
chr21	3	155	48129895	3.22045e-06
chr21	4	15	48129895	3.11657e-07
chr21	5	14	48129895	2.90879e-07
chr21	6	20	48129895	4.15542e-07
chr21	7	17	48129895	3.53211e-07
chr21	8	69	48129895	1.43362e-06
chr21	9	19	48129895	3.94765e-07
chr21	10	11	48129895	2.28548e-07
chr22	0	50931745	51304566	0.992733
chr22	1	370771	51304566	0.00722686
chr22	2	1994	51304566	3.88659e-05
chr22	3	2	51304566	3.89829e-08
chr22	4	1	51304566	1.94914e-08
chr22	5	3	51304566	5.84743e-08
chr22	6	3	51304566	5.84743e-08
chr22	7	1	51304566	1.94914e-08
chr22	8	2	51304566	3.89829e-08
chr22	9	1	51304566	1.94914e-08
chr22	10	7	51304566	1.3644e-07
chr22	11	36	51304566	7.01692e-07
chrX	0	154234086	155270560	0.993325
chrX	1	1029626	155270560	0.00663117
chrX	2	6052	155270560	3.89771e-05
chrX	3	577	155270560	3.71609e-06
chrX	4	139	155270560	8.95212e-07
chrX	5	47	155270560	3.02697e-07
chrX	6	33	155270560	2.12532e-07
chrY	0	59321125	59373566	0.999117
chrY	1	48968	59373566	0.000824744
chrY	2	2197	59373566	3.7003e-05
chrY	3	735	59373566	1.23792e-05
chrY	4	319	59373566	5.37276e-06
chrY	5	105	59373566	1.76846e-06
chrY	6	37	59373566	6.23173e-07
chrY	7	12	59373566	2.0211e-07
chrY	8	18	59373566	3.03165e-07
chrY	9	18	59373566	3.03165e-07
chrY	10	32	59373566	5.3896e-07
chr1_gl000191_random	0	105633	106433	0.992484
chr1_gl000191_random	1	800	106433	0.00751647
chr1_gl000192_random	0	534695	547496	0.976619
chr1_gl000192_random	1	12702	547496	0.0232002
chr1_gl000192_random	2	99	547496	0.000180823
chr4_ctg9_hap1	0	585517	590426	0.991686
chr4_ctg9_hap1	1	4868	590426	0.00824489
chr4_ctg9_hap1	2	41	590426	6.94414e-05
chr4_gl000193_random	0	184174	189789	0.970415
chr4_gl000193_random	1	5530	189789	0.0291376
chr4_gl000193_random	2	85	189789	0.000447866
chr4_gl000194_random	0	188419	191469	0.984071
chr4_gl000194_random	1	3050	191469	0.0159295
chr6_apd_hap1	0	4617790	4622290	0.999026
chr6_apd_hap1	1	4500	4622290	0.000973543
chr6_cox_hap2	0	4784116	4795371	0.997653
chr6_cox_hap2	1	11210	4795371	0.00233767
chr6_cox_hap2	2	45	4795371	9.38405e-06
chr6_dbb_hap3	0	4601496	4610396	0.99807
chr6_dbb_hap3	1	8900	4610396	0.00193042
chr6_mann_hap4	0	4674363	4683263	0.9981
chr6_mann_hap4	1	8900	4683263	0.00190038
chr6_mcf_hap5	0	4826598	4833398	0.998593
chr6_mcf_hap5	1	6800	4833398	0.00140688
chr6_qbl_hap6	0	4603583	4611984	0.998178
chr6_qbl_hap6	1	8352	4611984	0.00181093
chr6_qbl_hap6	2	49	4611984	1.06245e-05
chr6_ssto_hap7	0	4918317	4928567	0.99792
chr6_ssto_hap7	1	10250	4928567	0.00207971
chr7_gl000195_random	0	177792	182896	0.972093
chr7_gl000195_random	1	4958	182896	0.0271083
chr7_gl000195_random	2	146	182896	0.000798268
chr8_gl000196_random	0	38714	38914	0.99486
chr8_gl000196_random	1	200	38914	0.00513954
chr8_gl000197_random	0	37075	37175	0.99731
chr8_gl000197_random	1	100	37175	0.00268998
chr9_gl000198_random	0	88303	90085	0.980219
chr9_gl000198_random	1	1614	90085	0.0179164
chr9_gl000198_random	2	168	90085	0.00186491
chr9_gl000199_random	0	116279	169874	0.684501
chr9_gl000199_random	1	34122	169874	0.200867
chr9_gl000199_random	2	12131	169874	0.0714118
chr9_gl000199_random	3	4300	169874	0.0253129
chr9_gl000199_random	4	1265	169874	0.0074467
chr9_gl000199_random	5	580	169874	0.0034143
chr9_gl000199_random	6	366	169874	0.00215454
chr9_gl000199_random	7	399	169874	0.0023488
chr9_gl000199_random	8	144	169874	0.000847687
chr9_gl000199_random	9	109	169874	0.000641652
chr9_gl000199_random	10	51	169874	0.000300223
chr9_gl000199_random	11	39	169874	0.000229582
chr9_gl000199_random	12	20	169874	0.000117734
chr9_gl000199_random	13	27	169874	0.000158941
chr9_gl000199_random	14	8	169874	4.70937e-05
chr9_gl000199_random	15	10	169874	5.88672e-05
chr9_gl000199_random	16	16	169874	9.41875e-05
chr9_gl000199_random	17	8	169874	4.70937e-05
chr9_gl000200_random	0	185635	187035	0.992515
chr9_gl000200_random	1	1400	187035	0.00748523
chr9_gl000201_random	0	35848	36148	0.991701
chr9_gl000201_random	1	300	36148	0.00829921
chr11_gl000202_random	0	39953	40103	0.99626
chr11_gl000202_random	1	150	40103	0.00374037
chr17_ctg5_hap1	0	1676028	1680828	0.997144
chr17_ctg5_hap1	1	4800	1680828	0.00285574
chr17_gl000203_random	0	37148	37498	0.990666
chr17_gl000203_random	1	350	37498	0.00933383
chr17_gl000204_random	0	80710	81310	0.992621
chr17_gl000204_random	1	600	81310	0.00737917
chr17_gl000205_random	0	169336	174588	0.969918
chr17_gl000205_random	1	5204	174588	0.0298073
chr17_gl000205_random	2	48	174588	0.000274933
chr17_gl000206_random	0	40851	41001	0.996342
chr17_gl000206_random	1	150	41001	0.00365845
chr19_gl000208_random	0	86057	92689	0.928449
chr19_gl000208_random	1	5198	92689	0.05608
chr19_gl000208_random	2	1019	92689	0.0109938
chr19_gl000208_random	3	264	92689	0.00284823
chr19_gl000208_random	4	136	92689	0.00146727
chr19_gl000208_random	5	12	92689	0.000129465
chr19_gl000208_random	6	3	92689	3.23663e-05
chr19_gl000209_random	0	157569	159169	0.989948
chr19_gl000209_random	1	1600	159169	0.0100522
chrUn_gl000211	0	164198	166566	0.985783
chrUn_gl000211	1	2336	166566	0.0140245
chrUn_gl000211	2	32	166566	0.000192116
chrUn_gl000212	0	183529	186858	0.982184
chrUn_gl000212	1	3258	186858	0.0174357
chrUn_gl000212	2	71	186858	0.000379968
chrUn_gl000213	0	162889	164239	0.99178
chrUn_gl000213	1	1350	164239	0.00821973
chrUn_gl000214	0	131064	137718	0.951684
chrUn_gl000214	1	6379	137718	0.0463193
chrUn_gl000214	2	254	137718	0.00184435
chrUn_gl000214	3	21	137718	0.000152486
chrUn_gl000215	0	170945	172545	0.990727
chrUn_gl000215	1	1600	172545	0.00927294
chrUn_gl000216	0	160870	172294	0.933695
chrUn_gl000216	1	9559	172294	0.0554807
chrUn_gl000216	2	1265	172294	0.0073421
chrUn_gl000216	3	282	172294	0.00163674
chrUn_gl000216	4	162	172294	0.000940253
chrUn_gl000216	5	62	172294	0.00035985
chrUn_gl000216	6	69	172294	0.000400478
chrUn_gl000216	7	7	172294	4.06282e-05
chrUn_gl000216	8	18	172294	0.000104473
chrUn_gl000217	0	169208	172149	0.982916
chrUn_gl000217	1	2932	172149	0.0170318
chrUn_gl000217	2	9	172149	5.22803e-05
chrUn_gl000218	0	157942	161147	0.980111
chrUn_gl000218	1	3160	161147	0.0196094
chrUn_gl000218	2	45	161147	0.000279248
chrUn_gl000219	0	175743	179198	0.98072
chrUn_gl000219	1	3325	179198	0.0185549
chrUn_gl000219	2	115	179198	0.000641748
chrUn_gl000219	3	15	179198	8.37063e-05
chrUn_gl000220	0	123894	161802	0.765714
chrUn_gl000220	1	20063	161802	0.123997
chrUn_gl000220	2	9332	161802	0.0576754
chrUn_gl000220	3	4925	161802	0.0304384
chrUn_gl000220	4	2114	161802	0.0130654
chrUn_gl000220	5	959	161802	0.005927
chrUn_gl000220	6	385	161802	0.00237945
chrUn_gl000220	7	104	161802	0.000642761
chrUn_gl000220	8	25	161802	0.00015451
chrUn_gl000220	9	1	161802	6.18039e-06
chrUn_gl000221	0	151670	155397	0.976016
chrUn_gl000221	1	3654	155397	0.023514
chrUn_gl000221	2	73	155397	0.000469765
chrUn_gl000222	0	184411	186861	0.986889
chrUn_gl000222	1	2450	186861	0.0131114
chrUn_gl000223	0	179655	180455	0.995567
chrUn_gl000223	1	800	180455	0.00443324
chrUn_gl000224	0	173518	179693	0.965636
chrUn_gl000224	1	5465	179693	0.030413
chrUn_gl000224	2	645	179693	0.00358946
chrUn_gl000224	3	65	179693	0.000361728
chrUn_gl000225	0	194269	211173	0.919952
chrUn_gl000225	1	14892	211173	0.0705204
chrUn_gl000225	2	1540	211173	0.0072926
chrUn_gl000225	3	273	211173	0.00129278
chrUn_gl000225	4	118	211173	0.000558784
chrUn_gl000225	5	49	211173	0.000232037
chrUn_gl000225	6	32	211173	0.000151535
chrUn_gl000226	0	863	15008	0.0575027
chrUn_gl000226	1	1070	15008	0.0712953
chrUn_gl000226	2	1440	15008	0.0959488
chrUn_gl000226	3	1715	15008	0.114272
chrUn_gl000226	4	1953	15008	0.130131
chrUn_gl000226	5	2068	15008	0.137793
chrUn_gl000226	6	1738	15008	0.115805
chrUn_gl000226	7	1188	15008	0.0791578
chrUn_gl000226	8	1004	15008	0.0668977
chrUn_gl000226	9	726	15008	0.0483742
chrUn_gl000226	10	519	15008	0.0345816
chrUn_gl000226	11	254	15008	0.0169243
chrUn_gl000226	12	179	15008	0.011927
chrUn_gl000226	13	133	15008	0.00886194
chrUn_gl000226	14	74	15008	0.0049307
chrUn_gl000226	15	55	15008	0.00366471
chrUn_gl000226	16	23	15008	0.00153252
chrUn_gl000226	17	5	15008	0.000333156
chrUn_gl000226	18	1	15008	6.66311e-05
chrUn_gl000227	0	127424	128374	0.9926
chrUn_gl000227	1	950	128374	0.00740025
chrUn_gl000228	0	126247	129120	0.977749
chrUn_gl000228	1	2739	129120	0.0212128
chrUn_gl000228	2	91	129120	0.000704771
chrUn_gl000228	3	43	129120	0.000333024
chrUn_gl000229	0	19460	19913	0.977251
chrUn_gl000229	1	406	19913	0.0203887
chrUn_gl000229	2	47	19913	0.00236027
chrUn_gl000230	0	43291	43691	0.990845
chrUn_gl000230	1	400	43691	0.0091552
chrUn_gl000231	0	26613	27386	0.971774
chrUn_gl000231	1	746	27386	0.0272402
chrUn_gl000231	2	27	27386	0.000985905
chrUn_gl000232	0	38734	40652	0.952819
chrUn_gl000232	1	1886	40652	0.0463938
chrUn_gl000232	2	32	40652	0.000787169
chrUn_gl000233	0	45141	45941	0.982586
chrUn_gl000233	1	800	45941	0.0174136
chrUn_gl000234	0	38578	40531	0.951815
chrUn_gl000234	1	1906	40531	0.0470257
chrUn_gl000234	2	47	40531	0.00115961
chrUn_gl000235	0	33468	34474	0.970819
chrUn_gl000235	1	962	34474	0.0279051
chrUn_gl000235	2	44	34474	0.00127632
chrUn_gl000236	0	41534	41934	0.990461
chrUn_gl000236	1	400	41934	0.0095388
chrUn_gl000237	0	45167	45867	0.984738
chrUn_gl000237	1	700	45867	0.0152615
chrUn_gl000238	0	39639	39939	0.992489
chrUn_gl000238	1	300	39939	0.00751146
chrUn_gl000239	0	32974	33824	0.97487
chrUn_gl000239	1	850	33824	0.0251301
chrUn_gl000240	0	41533	41933	0.990461
chrUn_gl000240	1	400	41933	0.00953903
chrUn_gl000241	0	39377	42152	0.934167
chrUn_gl000241	1	2650	42152	0.0628677
chrUn_gl000241	2	125	42152	0.00296546
chrUn_gl000242	0	43323	43523	0.995405
chrUn_gl000242	1	200	43523	0.00459527
chrUn_gl000243	0	42362	43341	0.977412
chrUn_gl000243	1	958	43341	0.0221038
chrUn_gl000243	2	21	43341	0.00048453
chrUn_gl000244	0	38979	39929	0.976208
chrUn_gl000244	1	950	39929	0.0237922
chrUn_gl000245	0	36101	36651	0.984994
chrUn_gl000245	1	550	36651	0.0150064
chrUn_gl000246	0	37804	38154	0.990827
chrUn_gl000246	1	350	38154	0.00917335
chrUn_gl000247	0	35977	36422	0.987782
chrUn_gl000247	1	440	36422	0.0120806
chrUn_gl000247	2	5	36422	0.00013728
chrUn_gl000248	0	39636	39786	0.99623
chrUn_gl000248	1	150	39786	0.00377017
chrUn_gl000249	0	38152	38502	0.99091
chrUn_gl000249	1	350	38502	0.00909044
chr18_gl000207_random	0	4262	4262	1
chr21_gl000210_random	0	27682	27682	1
genome	0	3098035934	3137161264	0.987528
genome	1	38673686	3137161264	0.0123276
genome	2	345464	3137161264	0.00011012
genome	3	35808	3137161264	1.14141e-05
genome	4	19817	3137161264	6.31686e-06
genome	5	12927	3137161264	4.1206e-06
genome	6	8938	3137161264	2.84907e-06
genome	7	6222	3137161264	1.98332e-06
genome	8	4993	3137161264	1.59157e-06
genome	9	3544	3137161264	1.12968e-06
genome	10	2801	3137161264	8.92845e-07
genome	11	1938	3137161264	6.17756e-07
genome	12	1476	3137161264	4.70489e-07
genome	13	1133	3137161264	3.61155e-07
genome	14	929	3137161264	2.96128e-07
genome	15	828	3137161264	2.63933e-07
genome	16	739	3137161264	2.35563e-07
genome	17	618	3137161264	1.96993e-07
genome	18	580	3137161264	1.84881e-07
genome	19	446	3137161264	1.42167e-07
genome	20	274	3137161264	8.73401e-08
genome	21	260	3137161264	8.28775e-08
genome	22	314	3137161264	1.0009e-07
genome	23	220	3137161264	7.01271e-08
genome	24	178	3137161264	5.67392e-08
genome	25	150	3137161264	4.78139e-08
genome	26	119	3137161264	3.79324e-08
genome	27	122	3137161264	3.88887e-08
genome	28	67	3137161264	2.13569e-08
genome	29	88	3137161264	2.80508e-08
genome	30	75	3137161264	2.3907e-08
genome	31	72	3137161264	2.29507e-08
genome	32	58	3137161264	1.84881e-08
genome	33	44	3137161264	1.40254e-08
genome	34	27	3137161264	8.60651e-09
genome	35	35	3137161264	1.11566e-08
genome	36	20	3137161264	6.37519e-09
genome	37	26	3137161264	8.28775e-09
genome	38	21	3137161264	6.69395e-09
genome	39	15	3137161264	4.78139e-09
genome	40	18	3137161264	5.73767e-09
genome	41	27	3137161264	8.60651e-09
genome	42	24	3137161264	7.65023e-09
genome	43	26	3137161264	8.28775e-09
genome	44	13	3137161264	4.14387e-09
genome	45	20	3137161264	6.37519e-09
genome	46	20	3137161264	6.37519e-09
genome	47	18	3137161264	5.73767e-09
genome	48	21	3137161264	6.69395e-09
genome	49	24	3137161264	7.65023e-09
genome	50	17	3137161264	5.41891e-09
genome	51	8	3137161264	2.55008e-09
genome	52	3	3137161264	9.56279e-10
genome	53	2	3137161264	6.37519e-10
genome	54	5	3137161264	1.5938e-09
genome	55	2	3137161264	6.37519e-10
genome	56	2	3137161264	6.37519e-10
genome	57	2	3137161264	6.37519e-10
genome	58	2	3137161264	6.37519e-10
genome	59	3	3137161264	9.56279e-10
genome	60	1	3137161264	3.1876e-10
