chrM	0	13851	16571	0.835858
chrM	1	2540	16571	0.15328
chrM	2	180	16571	0.0108623
chr1	0	244693195	249250621	0.981716
chr1	1	4501961	249250621	0.018062
chr1	2	52853	249250621	0.000212048
chr1	3	759	249250621	3.04513e-06
chr1	4	275	249250621	1.10331e-06
chr1	5	122	249250621	4.89467e-07
chr1	6	70	249250621	2.80842e-07
chr1	7	98	249250621	3.93179e-07
chr1	8	89	249250621	3.5707e-07
chr1	9	51	249250621	2.04613e-07
chr1	10	37	249250621	1.48445e-07
chr1	11	35	249250621	1.40421e-07
chr1	12	14	249250621	5.61684e-08
chr1	13	30	249250621	1.20361e-07
chr1	14	19	249250621	7.62285e-08
chr1	15	21	249250621	8.42525e-08
chr1	16	23	249250621	9.22766e-08
chr1	17	38	249250621	1.52457e-07
chr1	18	46	249250621	1.84553e-07
chr1	19	42	249250621	1.68505e-07
chr1	20	47	249250621	1.88565e-07
chr1	21	36	249250621	1.44433e-07
chr1	22	35	249250621	1.40421e-07
chr1	23	34	249250621	1.36409e-07
chr1	24	28	249250621	1.12337e-07
chr1	25	39	249250621	1.56469e-07
chr1	26	63	249250621	2.52758e-07
chr1	27	34	249250621	1.36409e-07
chr1	28	32	249250621	1.28385e-07
chr1	29	24	249250621	9.62886e-08
chr1	30	23	249250621	9.22766e-08
chr1	31	28	249250621	1.12337e-07
chr1	32	23	249250621	9.22766e-08
chr1	33	30	249250621	1.20361e-07
chr1	34	30	249250621	1.20361e-07
chr1	35	18	249250621	7.22165e-08
chr1	36	18	249250621	7.22165e-08
chr1	37	20	249250621	8.02405e-08
chr1	38	12	249250621	4.81443e-08
chr1	39	13	249250621	5.21563e-08
chr1	40	4	249250621	1.60481e-08
chr1	41	9	249250621	3.61082e-08
chr1	42	6	249250621	2.40722e-08
chr1	43	12	249250621	4.81443e-08
chr1	44	7	249250621	2.80842e-08
chr1	45	8	249250621	3.20962e-08
chr1	46	7	249250621	2.80842e-08
chr1	47	12	249250621	4.81443e-08
chr1	48	10	249250621	4.01203e-08
chr1	49	8	249250621	3.20962e-08
chr1	50	4	249250621	1.60481e-08
chr1	51	13	249250621	5.21563e-08
chr1	52	4	249250621	1.60481e-08
chr1	53	10	249250621	4.01203e-08
chr1	54	7	249250621	2.80842e-08
chr1	55	9	249250621	3.61082e-08
chr1	56	16	249250621	6.41924e-08
chr1	57	12	249250621	4.81443e-08
chr1	58	14	249250621	5.61684e-08
chr1	59	22	249250621	8.82646e-08
chr1	60	18	249250621	7.22165e-08
chr1	61	6	249250621	2.40722e-08
chr1	62	10	249250621	4.01203e-08
chr1	63	11	249250621	4.41323e-08
chr1	64	6	249250621	2.40722e-08
chr1	65	2	249250621	8.02405e-09
chr1	66	6	249250621	2.40722e-08
chr1	67	3	249250621	1.20361e-08
chr2	0	240140822	243199373	0.987424
chr2	1	3028948	243199373	0.0124546
chr2	2	22328	243199373	9.18094e-05
chr2	3	2910	243199373	1.19655e-05
chr2	4	1729	243199373	7.10939e-06
chr2	5	1153	243199373	4.74097e-06
chr2	6	515	243199373	2.1176e-06
chr2	7	315	243199373	1.29523e-06
chr2	8	182	243199373	7.48357e-07
chr2	9	143	243199373	5.87995e-07
chr2	10	109	243199373	4.48192e-07
chr2	11	50	243199373	2.05593e-07
chr2	12	34	243199373	1.39803e-07
chr2	13	85	243199373	3.49507e-07
chr2	14	10	243199373	4.11185e-08
chr2	15	7	243199373	2.8783e-08
chr2	16	7	243199373	2.8783e-08
chr2	17	2	243199373	8.22371e-09
chr2	18	3	243199373	1.23356e-08
chr2	19	21	243199373	8.63489e-08
chr3	0	194600112	198022430	0.982718
chr3	1	3392365	198022430	0.0171312
chr3	2	29498	198022430	0.000148963
chr3	3	270	198022430	1.36348e-06
chr3	4	48	198022430	2.42397e-07
chr3	5	20	198022430	1.00999e-07
chr3	6	4	198022430	2.01997e-08
chr3	7	2	198022430	1.00999e-08
chr3	8	4	198022430	2.01997e-08
chr3	9	1	198022430	5.04993e-09
chr3	10	3	198022430	1.51498e-08
chr3	11	5	198022430	2.52497e-08
chr3	12	3	198022430	1.51498e-08
chr3	13	2	198022430	1.00999e-08
chr3	14	3	198022430	1.51498e-08
chr3	15	7	198022430	3.53495e-08
chr3	16	4	198022430	2.01997e-08
chr3	17	3	198022430	1.51498e-08
chr3	18	1	198022430	5.04993e-09
chr3	19	5	198022430	2.52497e-08
chr3	20	6	198022430	3.02996e-08
chr3	21	4	198022430	2.01997e-08
chr3	22	2	198022430	1.00999e-08
chr3	23	4	198022430	2.01997e-08
chr3	24	3	198022430	1.51498e-08
chr3	25	2	198022430	1.00999e-08
chr3	26	3	198022430	1.51498e-08
chr3	27	4	198022430	2.01997e-08
chr3	28	2	198022430	1.00999e-08
chr3	29	2	198022430	1.00999e-08
chr3	30	6	198022430	3.02996e-08
chr3	31	4	198022430	2.01997e-08
chr3	32	10	198022430	5.04993e-08
chr3	33	12	198022430	6.05992e-08
chr3	34	6	198022430	3.02996e-08
chr4	0	188778046	191154276	0.987569
chr4	1	2356717	191154276	0.0123289
chr4	2	16942	191154276	8.863e-05
chr4	3	1571	191154276	8.21849e-06
chr4	4	475	191154276	2.4849e-06
chr4	5	219	191154276	1.14567e-06
chr4	6	135	191154276	7.06236e-07
chr4	7	33	191154276	1.72635e-07
chr4	8	72	191154276	3.76659e-07
chr4	9	36	191154276	1.8833e-07
chr4	10	30	191154276	1.56941e-07
chr5	0	178687281	180915260	0.987685
chr5	1	2213479	180915260	0.0122349
chr5	2	13949	180915260	7.71024e-05
chr5	3	435	180915260	2.40444e-06
chr5	4	112	180915260	6.19074e-07
chr5	5	4	180915260	2.21098e-08
chr6	0	168989894	171115067	0.98758
chr6	1	2109342	171115067	0.012327
chr6	2	11823	171115067	6.90939e-05
chr6	3	352	171115067	2.0571e-06
chr6	4	393	171115067	2.2967e-06
chr6	5	364	171115067	2.12722e-06
chr6	6	280	171115067	1.63633e-06
chr6	7	230	171115067	1.34412e-06
chr6	8	193	171115067	1.1279e-06
chr6	9	244	171115067	1.42594e-06
chr6	10	313	171115067	1.82918e-06
chr6	11	294	171115067	1.71814e-06
chr6	12	217	171115067	1.26815e-06
chr6	13	228	171115067	1.33244e-06
chr6	14	226	171115067	1.32075e-06
chr6	15	214	171115067	1.25062e-06
chr6	16	192	171115067	1.12205e-06
chr6	17	109	171115067	6.36998e-07
chr6	18	60	171115067	3.50641e-07
chr6	19	53	171115067	3.09733e-07
chr6	20	17	171115067	9.93483e-08
chr6	21	18	171115067	1.05192e-07
chr6	22	5	171115067	2.92201e-08
chr6	23	6	171115067	3.50641e-08
chr7	0	156551577	159138663	0.983743
chr7	1	2562213	159138663	0.0161005
chr7	2	21094	159138663	0.000132551
chr7	3	932	159138663	5.85653e-06
chr7	4	391	159138663	2.45698e-06
chr7	5	348	159138663	2.18677e-06
chr7	6	203	159138663	1.27562e-06
chr7	7	347	159138663	2.18049e-06
chr7	8	119	159138663	7.47776e-07
chr7	9	117	159138663	7.35208e-07
chr7	10	143	159138663	8.98587e-07
chr7	11	140	159138663	8.79736e-07
chr7	12	150	159138663	9.42574e-07
chr7	13	95	159138663	5.96964e-07
chr7	14	105	159138663	6.59802e-07
chr7	15	81	159138663	5.0899e-07
chr7	16	93	159138663	5.84396e-07
chr7	17	77	159138663	4.83855e-07
chr7	18	37	159138663	2.32502e-07
chr7	19	49	159138663	3.07908e-07
chr7	20	53	159138663	3.33043e-07
chr7	21	51	159138663	3.20475e-07
chr7	22	68	159138663	4.273e-07
chr7	23	59	159138663	3.70746e-07
chr7	24	35	159138663	2.19934e-07
chr7	25	14	159138663	8.79736e-08
chr7	26	8	159138663	5.02706e-08
chr7	27	10	159138663	6.28383e-08
chr7	28	16	159138663	1.00541e-07
chr7	29	12	159138663	7.54059e-08
chr7	30	1	159138663	6.28383e-09
chr7	31	3	159138663	1.88515e-08
chr7	32	8	159138663	5.02706e-08
chr7	33	4	159138663	2.51353e-08
chr7	34	3	159138663	1.88515e-08
chr7	35	2	159138663	1.25677e-08
chr7	36	3	159138663	1.88515e-08
chr7	37	2	159138663	1.25677e-08
chr8	0	144274431	146364022	0.985723
chr8	1	2063778	146364022	0.0141003
chr8	2	20391	146364022	0.000139317
chr8	3	2920	146364022	1.99503e-05
chr8	4	1181	146364022	8.06892e-06
chr8	5	682	146364022	4.65962e-06
chr8	6	354	146364022	2.41863e-06
chr8	7	150	146364022	1.02484e-06
chr8	8	51	146364022	3.48446e-07
chr8	9	23	146364022	1.57142e-07
chr8	10	36	146364022	2.45962e-07
chr8	11	5	146364022	3.41614e-08
chr8	12	18	146364022	1.22981e-07
chr8	13	2	146364022	1.36646e-08
chr9	0	139830315	141213431	0.990206
chr9	1	1374075	141213431	0.00973048
chr9	2	8149	141213431	5.7707e-05
chr9	3	384	141213431	2.71929e-06
chr9	4	227	141213431	1.6075e-06
chr9	5	149	141213431	1.05514e-06
chr9	6	51	141213431	3.61155e-07
chr9	7	29	141213431	2.05363e-07
chr9	8	15	141213431	1.06222e-07
chr9	9	27	141213431	1.912e-07
chr9	10	10	141213431	7.08148e-08
chr10	0	133958836	135534747	0.988373
chr10	1	1549189	135534747	0.0114302
chr10	2	13375	135534747	9.86832e-05
chr10	3	2415	135534747	1.78183e-05
chr10	4	1867	135534747	1.37751e-05
chr10	5	1190	135534747	8.78004e-06
chr10	6	954	135534747	7.03879e-06
chr10	7	894	135534747	6.59609e-06
chr10	8	613	135534747	4.52283e-06
chr10	9	484	135534747	3.57104e-06
chr10	10	425	135534747	3.13573e-06
chr10	11	396	135534747	2.92176e-06
chr10	12	328	135534747	2.42004e-06
chr10	13	377	135534747	2.78157e-06
chr10	14	288	135534747	2.12492e-06
chr10	15	271	135534747	1.99949e-06
chr10	16	284	135534747	2.0954e-06
chr10	17	211	135534747	1.5568e-06
chr10	18	167	135534747	1.23216e-06
chr10	19	234	135534747	1.72649e-06
chr10	20	147	135534747	1.08459e-06
chr10	21	200	135534747	1.47564e-06
chr10	22	156	135534747	1.151e-06
chr10	23	141	135534747	1.04032e-06
chr10	24	143	135534747	1.05508e-06
chr10	25	136	135534747	1.00343e-06
chr10	26	130	135534747	9.59164e-07
chr10	27	123	135534747	9.07516e-07
chr10	28	95	135534747	7.00927e-07
chr10	29	93	135534747	6.86171e-07
chr10	30	102	135534747	7.52575e-07
chr10	31	72	135534747	5.31229e-07
chr10	32	57	135534747	4.20556e-07
chr10	33	37	135534747	2.72993e-07
chr10	34	40	135534747	2.95127e-07
chr10	35	27	135534747	1.99211e-07
chr10	36	24	135534747	1.77076e-07
chr10	37	50	135534747	3.68909e-07
chr10	38	20	135534747	1.47564e-07
chr10	39	30	135534747	2.21345e-07
chr10	40	22	135534747	1.6232e-07
chr10	41	20	135534747	1.47564e-07
chr10	42	26	135534747	1.91833e-07
chr10	43	21	135534747	1.54942e-07
chr10	44	12	135534747	8.85382e-08
chr10	45	6	135534747	4.42691e-08
chr10	46	6	135534747	4.42691e-08
chr10	47	5	135534747	3.68909e-08
chr10	48	4	135534747	2.95127e-08
chr10	49	4	135534747	2.95127e-08
chr11	0	132843185	135006516	0.983976
chr11	1	2143687	135006516	0.0158784
chr11	2	17801	135006516	0.000131853
chr11	3	476	135006516	3.52576e-06
chr11	4	247	135006516	1.82954e-06
chr11	5	329	135006516	2.43692e-06
chr11	6	118	135006516	8.74032e-07
chr11	7	103	135006516	7.62926e-07
chr11	8	120	135006516	8.88846e-07
chr11	9	87	135006516	6.44413e-07
chr11	10	31	135006516	2.29619e-07
chr11	11	60	135006516	4.44423e-07
chr11	12	65	135006516	4.81458e-07
chr11	13	38	135006516	2.81468e-07
chr11	14	40	135006516	2.96282e-07
chr11	15	33	135006516	2.44433e-07
chr11	16	22	135006516	1.62955e-07
chr11	17	28	135006516	2.07397e-07
chr11	18	28	135006516	2.07397e-07
chr11	19	13	135006516	9.62917e-08
chr11	20	5	135006516	3.70352e-08
chr12	0	132548851	133851895	0.990265
chr12	1	1295884	133851895	0.00968148
chr12	2	6945	133851895	5.18857e-05
chr12	3	91	133851895	6.79856e-07
chr12	4	86	133851895	6.42501e-07
chr12	5	19	133851895	1.41948e-07
chr12	6	19	133851895	1.41948e-07
chr13	0	114346489	115169878	0.992851
chr13	1	819928	115169878	0.00711929
chr13	2	3461	115169878	3.00513e-05
chr14	0	105520308	107349540	0.98296
chr14	1	1810281	107349540	0.0168634
chr14	2	18734	107349540	0.000174514
chr14	3	217	107349540	2.02143e-06
chr15	0	101823521	102531392	0.993096
chr15	1	705392	102531392	0.00687977
chr15	2	2479	102531392	2.4178e-05
chr16	0	89499116	90354753	0.99053
chr16	1	818419	90354753	0.00905784
chr16	2	11157	90354753	0.00012348
chr16	3	4844	90354753	5.36109e-05
chr16	4	4656	90354753	5.15302e-05
chr16	5	3827	90354753	4.23553e-05
chr16	6	3240	90354753	3.58587e-05
chr16	7	2646	90354753	2.92846e-05
chr16	8	2015	90354753	2.2301e-05
chr16	9	1570	90354753	1.7376e-05
chr16	10	1096	90354753	1.213e-05
chr16	11	870	90354753	9.62871e-06
chr16	12	473	90354753	5.23492e-06
chr16	13	283	90354753	3.1321e-06
chr16	14	207	90354753	2.29097e-06
chr16	15	116	90354753	1.28383e-06
chr16	16	90	90354753	9.96074e-07
chr16	17	59	90354753	6.52982e-07
chr16	18	25	90354753	2.76687e-07
chr16	19	33	90354753	3.65227e-07
chr16	20	10	90354753	1.10675e-07
chr16	21	1	90354753	1.10675e-08
chr17	0	80329711	81195210	0.989341
chr17	1	858657	81195210	0.0105752
chr17	2	6121	81195210	7.53862e-05
chr17	3	453	81195210	5.57915e-06
chr17	4	102	81195210	1.25623e-06
chr17	5	77	81195210	9.48332e-07
chr17	6	48	81195210	5.91168e-07
chr17	7	5	81195210	6.158e-08
chr17	8	9	81195210	1.10844e-07
chr17	9	19	81195210	2.34004e-07
chr17	10	5	81195210	6.158e-08
chr17	11	3	81195210	3.6948e-08
chr18	0	77148229	78077248	0.988101
chr18	1	921982	78077248	0.0118086
chr18	2	5843	78077248	7.48361e-05
chr18	3	381	78077248	4.87978e-06
chr18	4	284	78077248	3.63742e-06
chr18	5	154	78077248	1.97241e-06
chr18	6	96	78077248	1.22955e-06
chr18	7	79	78077248	1.01182e-06
chr18	8	32	78077248	4.09851e-07
chr18	9	12	78077248	1.53694e-07
chr18	10	16	78077248	2.04925e-07
chr18	11	58	78077248	7.42854e-07
chr18	12	22	78077248	2.81772e-07
chr18	13	14	78077248	1.7931e-07
chr18	14	18	78077248	2.30541e-07
chr18	15	8	78077248	1.02463e-07
chr18	16	3	78077248	3.84235e-08
chr18	17	3	78077248	3.84235e-08
chr18	18	2	78077248	2.56157e-08
chr18	19	5	78077248	6.40391e-08
chr18	20	3	78077248	3.84235e-08
chr18	21	4	78077248	5.12313e-08
chr19	0	58264403	59128983	0.985378
chr19	1	854085	59128983	0.0144444
chr19	2	7716	59128983	0.000130494
chr19	3	535	59128983	9.04802e-06
chr19	4	334	59128983	5.64867e-06
chr19	5	341	59128983	5.76705e-06
chr19	6	269	59128983	4.54938e-06
chr19	7	254	59128983	4.29569e-06
chr19	8	196	59128983	3.31479e-06
chr19	9	92	59128983	1.55592e-06
chr19	10	54	59128983	9.13258e-07
chr19	11	107	59128983	1.8096e-06
chr19	12	91	59128983	1.53901e-06
chr19	13	98	59128983	1.65739e-06
chr19	14	23	59128983	3.8898e-07
chr19	15	16	59128983	2.70595e-07
chr19	16	37	59128983	6.25751e-07
chr19	17	21	59128983	3.55156e-07
chr19	18	15	59128983	2.53683e-07
chr19	19	9	59128983	1.5221e-07
chr19	20	25	59128983	4.22805e-07
chr19	21	24	59128983	4.05892e-07
chr19	22	31	59128983	5.24278e-07
chr19	23	13	59128983	2.19858e-07
chr19	24	14	59128983	2.36771e-07
chr19	25	15	59128983	2.53683e-07
chr19	26	11	59128983	1.86034e-07
chr19	27	16	59128983	2.70595e-07
chr19	28	10	59128983	1.69122e-07
chr19	29	14	59128983	2.36771e-07
chr19	30	10	59128983	1.69122e-07
chr19	31	19	59128983	3.21331e-07
chr19	32	20	59128983	3.38244e-07
chr19	33	11	59128983	1.86034e-07
chr19	34	14	59128983	2.36771e-07
chr19	35	7	59128983	1.18385e-07
chr19	36	22	59128983	3.72068e-07
chr19	37	9	59128983	1.5221e-07
chr19	38	2	59128983	3.38244e-08
chr20	0	62074683	63025520	0.984913
chr20	1	943352	63025520	0.0149678
chr20	2	7293	63025520	0.000115715
chr20	3	91	63025520	1.44386e-06
chr20	4	51	63025520	8.09196e-07
chr20	5	2	63025520	3.17332e-08
chr20	6	7	63025520	1.11066e-07
chr20	7	2	63025520	3.17332e-08
chr20	8	32	63025520	5.07731e-07
chr20	9	7	63025520	1.11066e-07
chr21	0	47807559	48129895	0.993303
chr21	1	320128	48129895	0.00665133
chr21	2	1935	48129895	4.02037e-05
chr21	3	95	48129895	1.97383e-06
chr21	4	61	48129895	1.2674e-06
chr21	5	17	48129895	3.53211e-07
chr21	6	25	48129895	5.19428e-07
chr21	7	62	48129895	1.28818e-06
chr21	8	13	48129895	2.70102e-07
chr22	0	50890681	51304566	0.991933
chr22	1	411538	51304566	0.00802147
chr22	2	2285	51304566	4.45379e-05
chr22	3	2	51304566	3.89829e-08
chr22	5	2	51304566	3.89829e-08
chr22	6	4	51304566	7.79658e-08
chr22	7	2	51304566	3.89829e-08
chr22	8	2	51304566	3.89829e-08
chr22	9	2	51304566	3.89829e-08
chr22	10	2	51304566	3.89829e-08
chr22	11	4	51304566	7.79658e-08
chr22	12	2	51304566	3.89829e-08
chr22	14	2	51304566	3.89829e-08
chr22	15	1	51304566	1.94914e-08
chr22	16	6	51304566	1.16949e-07
chr22	17	31	51304566	6.04235e-07
chrX	0	153976155	155270560	0.991664
chrX	1	1285255	155270560	0.00827752
chrX	2	7927	155270560	5.10528e-05
chrX	3	827	155270560	5.32619e-06
chrX	4	315	155270560	2.02872e-06
chrX	5	36	155270560	2.31853e-07
chrX	6	45	155270560	2.89817e-07
chrY	0	59315103	59373566	0.999015
chrY	1	55667	59373566	0.000937572
chrY	2	1806	59373566	3.04176e-05
chrY	3	462	59373566	7.78124e-06
chrY	4	233	59373566	3.92431e-06
chrY	5	150	59373566	2.52638e-06
chrY	6	103	59373566	1.73478e-06
chrY	7	5	59373566	8.42126e-08
chrY	8	6	59373566	1.01055e-07
chrY	9	8	59373566	1.3474e-07
chrY	10	23	59373566	3.87378e-07
chr1_gl000191_random	0	105783	106433	0.993893
chr1_gl000191_random	1	650	106433	0.00610713
chr1_gl000192_random	0	536385	547496	0.979706
chr1_gl000192_random	1	10972	547496	0.0200403
chr1_gl000192_random	2	139	547496	0.000253883
chr4_ctg9_hap1	0	586376	590426	0.993141
chr4_ctg9_hap1	1	4050	590426	0.00685945
chr4_gl000193_random	0	185746	189789	0.978697
chr4_gl000193_random	1	3986	189789	0.0210023
chr4_gl000193_random	2	57	189789	0.000300334
chr4_gl000194_random	0	188464	191469	0.984306
chr4_gl000194_random	1	2960	191469	0.0154594
chr4_gl000194_random	2	45	191469	0.000235025
chr6_apd_hap1	0	4617490	4622290	0.998962
chr6_apd_hap1	1	4800	4622290	0.00103845
chr6_cox_hap2	0	4782412	4795371	0.997298
chr6_cox_hap2	1	12918	4795371	0.00269385
chr6_cox_hap2	2	41	4795371	8.54991e-06
chr6_dbb_hap3	0	4600906	4610396	0.997942
chr6_dbb_hap3	1	9480	4610396	0.00205622
chr6_dbb_hap3	2	10	4610396	2.16901e-06
chr6_mann_hap4	0	4673413	4683263	0.997897
chr6_mann_hap4	1	9850	4683263	0.00210323
chr6_mcf_hap5	0	4825498	4833398	0.998366
chr6_mcf_hap5	1	7900	4833398	0.00163446
chr6_qbl_hap6	0	4601873	4611984	0.997808
chr6_qbl_hap6	1	10072	4611984	0.00218388
chr6_qbl_hap6	2	39	4611984	8.45623e-06
chr6_ssto_hap7	0	4918817	4928567	0.998022
chr6_ssto_hap7	1	9750	4928567	0.00197826
chr7_gl000195_random	0	178947	182896	0.978409
chr7_gl000195_random	1	3848	182896	0.0210393
chr7_gl000195_random	2	101	182896	0.000552226
chr8_gl000196_random	0	38764	38914	0.996145
chr8_gl000196_random	1	150	38914	0.00385465
chr8_gl000197_random	0	36875	37175	0.99193
chr8_gl000197_random	1	300	37175	0.00806994
chr9_gl000198_random	0	87503	90085	0.971338
chr9_gl000198_random	1	2514	90085	0.027907
chr9_gl000198_random	2	68	90085	0.000754843
chr9_gl000199_random	0	112342	169874	0.661325
chr9_gl000199_random	1	36520	169874	0.214983
chr9_gl000199_random	2	12651	169874	0.0744728
chr9_gl000199_random	3	4595	169874	0.0270495
chr9_gl000199_random	4	1790	169874	0.0105372
chr9_gl000199_random	5	874	169874	0.00514499
chr9_gl000199_random	6	362	169874	0.00213099
chr9_gl000199_random	7	240	169874	0.00141281
chr9_gl000199_random	8	191	169874	0.00112436
chr9_gl000199_random	9	117	169874	0.000688746
chr9_gl000199_random	10	79	169874	0.000465051
chr9_gl000199_random	11	51	169874	0.000300223
chr9_gl000199_random	12	19	169874	0.000111848
chr9_gl000199_random	13	21	169874	0.000123621
chr9_gl000199_random	14	10	169874	5.88672e-05
chr9_gl000199_random	15	5	169874	2.94336e-05
chr9_gl000199_random	16	6	169874	3.53203e-05
chr9_gl000199_random	17	1	169874	5.88672e-06
chr9_gl000200_random	0	185885	187035	0.993851
chr9_gl000200_random	1	1150	187035	0.00614858
chr9_gl000201_random	0	36048	36148	0.997234
chr9_gl000201_random	1	100	36148	0.0027664
chr11_gl000202_random	0	39653	40103	0.988779
chr11_gl000202_random	1	450	40103	0.0112211
chr17_ctg5_hap1	0	1676680	1680828	0.997532
chr17_ctg5_hap1	1	4146	1680828	0.00246664
chr17_ctg5_hap1	2	2	1680828	1.18989e-06
chr17_gl000203_random	0	37148	37498	0.990666
chr17_gl000203_random	1	350	37498	0.00933383
chr17_gl000204_random	0	80510	81310	0.990161
chr17_gl000204_random	1	800	81310	0.00983889
chr17_gl000205_random	0	170977	174588	0.979317
chr17_gl000205_random	1	3572	174588	0.0204596
chr17_gl000205_random	2	39	174588	0.000223383
chr17_gl000206_random	0	40801	41001	0.995122
chr17_gl000206_random	1	200	41001	0.00487793
chr18_gl000207_random	0	4212	4262	0.988268
chr18_gl000207_random	1	50	4262	0.0117316
chr19_gl000208_random	0	85912	92689	0.926885
chr19_gl000208_random	1	4922	92689	0.0531023
chr19_gl000208_random	2	971	92689	0.0104759
chr19_gl000208_random	3	432	92689	0.00466075
chr19_gl000208_random	4	237	92689	0.00255694
chr19_gl000208_random	5	121	92689	0.00130544
chr19_gl000208_random	6	71	92689	0.000766002
chr19_gl000208_random	7	23	92689	0.000248142
chr19_gl000209_random	0	157748	159169	0.991072
chr19_gl000209_random	1	1392	159169	0.00874542
chr19_gl000209_random	2	29	159169	0.000182196
chr21_gl000210_random	0	27582	27682	0.996388
chr21_gl000210_random	1	100	27682	0.00361246
chrUn_gl000211	0	162973	166566	0.978429
chrUn_gl000211	1	3586	166566	0.021529
chrUn_gl000211	2	7	166566	4.20254e-05
chrUn_gl000212	0	184105	186858	0.985267
chrUn_gl000212	1	2656	186858	0.014214
chrUn_gl000212	2	97	186858	0.000519111
chrUn_gl000213	0	163589	164239	0.996042
chrUn_gl000213	1	650	164239	0.00395765
chrUn_gl000214	0	133002	137718	0.965756
chrUn_gl000214	1	4482	137718	0.0325448
chrUn_gl000214	2	234	137718	0.00169912
chrUn_gl000215	0	171695	172545	0.995074
chrUn_gl000215	1	850	172545	0.00492625
chrUn_gl000216	0	161070	172294	0.934856
chrUn_gl000216	1	9662	172294	0.0560786
chrUn_gl000216	2	1101	172294	0.00639024
chrUn_gl000216	3	314	172294	0.00182247
chrUn_gl000216	4	91	172294	0.000528167
chrUn_gl000216	5	56	172294	0.000325026
chrUn_gl000217	0	168649	172149	0.979669
chrUn_gl000217	1	3500	172149	0.0203312
chrUn_gl000218	0	158074	161147	0.98093
chrUn_gl000218	1	3046	161147	0.018902
chrUn_gl000218	2	27	161147	0.000167549
chrUn_gl000219	0	175205	179198	0.977717
chrUn_gl000219	1	3936	179198	0.0219645
chrUn_gl000219	2	57	179198	0.000318084
chrUn_gl000220	0	130145	161802	0.804347
chrUn_gl000220	1	18958	161802	0.117168
chrUn_gl000220	2	8030	161802	0.0496286
chrUn_gl000220	3	3191	161802	0.0197216
chrUn_gl000220	4	1174	161802	0.00725578
chrUn_gl000220	5	261	161802	0.00161308
chrUn_gl000220	6	43	161802	0.000265757
chrUn_gl000221	0	152384	155397	0.980611
chrUn_gl000221	1	2976	155397	0.0191509
chrUn_gl000221	2	37	155397	0.0002381
chrUn_gl000222	0	184461	186861	0.987156
chrUn_gl000222	1	2400	186861	0.0128438
chrUn_gl000223	0	179505	180455	0.994736
chrUn_gl000223	1	950	180455	0.00526447
chrUn_gl000224	0	174868	179693	0.973149
chrUn_gl000224	1	4400	179693	0.0244862
chrUn_gl000224	2	425	179693	0.00236514
chrUn_gl000225	0	196426	211173	0.930166
chrUn_gl000225	1	13128	211173	0.062167
chrUn_gl000225	2	1235	211173	0.00584829
chrUn_gl000225	3	293	211173	0.00138749
chrUn_gl000225	4	32	211173	0.000151535
chrUn_gl000225	5	59	211173	0.000279392
chrUn_gl000226	0	697	15008	0.0464419
chrUn_gl000226	1	1137	15008	0.0757596
chrUn_gl000226	2	1238	15008	0.0824893
chrUn_gl000226	3	1352	15008	0.0900853
chrUn_gl000226	4	1612	15008	0.107409
chrUn_gl000226	5	1800	15008	0.119936
chrUn_gl000226	6	1720	15008	0.114606
chrUn_gl000226	7	1398	15008	0.0931503
chrUn_gl000226	8	1201	15008	0.080024
chrUn_gl000226	9	913	15008	0.0608342
chrUn_gl000226	10	633	15008	0.0421775
chrUn_gl000226	11	413	15008	0.0275187
chrUn_gl000226	12	285	15008	0.0189899
chrUn_gl000226	13	239	15008	0.0159248
chrUn_gl000226	14	164	15008	0.0109275
chrUn_gl000226	15	70	15008	0.00466418
chrUn_gl000226	16	54	15008	0.00359808
chrUn_gl000226	17	45	15008	0.0029984
chrUn_gl000226	18	27	15008	0.00179904
chrUn_gl000226	19	9	15008	0.00059968
chrUn_gl000226	20	1	15008	6.66311e-05
chrUn_gl000227	0	127074	128374	0.989873
chrUn_gl000227	1	1300	128374	0.0101267
chrUn_gl000228	0	126822	129120	0.982203
chrUn_gl000228	1	2104	129120	0.0162949
chrUn_gl000228	2	186	129120	0.00144052
chrUn_gl000228	3	8	129120	6.19579e-05
chrUn_gl000229	0	19063	19913	0.957314
chrUn_gl000229	1	850	19913	0.0426857
chrUn_gl000230	0	43091	43691	0.986267
chrUn_gl000230	1	600	43691	0.0137328
chrUn_gl000231	0	26486	27386	0.967137
chrUn_gl000231	1	900	27386	0.0328635
chrUn_gl000232	0	38593	40652	0.949351
chrUn_gl000232	1	2018	40652	0.0496409
chrUn_gl000232	2	41	40652	0.00100856
chrUn_gl000233	0	45341	45941	0.98694
chrUn_gl000233	1	600	45941	0.0130602
chrUn_gl000234	0	38631	40531	0.953122
chrUn_gl000234	1	1900	40531	0.0468777
chrUn_gl000235	0	33077	34474	0.959477
chrUn_gl000235	1	1306	34474	0.0378836
chrUn_gl000235	2	79	34474	0.00229158
chrUn_gl000235	3	12	34474	0.000348088
chrUn_gl000236	0	41234	41934	0.983307
chrUn_gl000236	1	700	41934	0.0166929
chrUn_gl000237	0	44867	45867	0.978198
chrUn_gl000237	1	1000	45867	0.0218022
chrUn_gl000238	0	39839	39939	0.997496
chrUn_gl000238	1	100	39939	0.00250382
chrUn_gl000239	0	32974	33824	0.97487
chrUn_gl000239	1	850	33824	0.0251301
chrUn_gl000240	0	41250	41933	0.983712
chrUn_gl000240	1	666	41933	0.0158825
chrUn_gl000240	2	17	41933	0.000405409
chrUn_gl000241	0	39642	42152	0.940454
chrUn_gl000241	1	2352	42152	0.0557981
chrUn_gl000241	2	126	42152	0.00298918
chrUn_gl000241	3	32	42152	0.000759157
chrUn_gl000242	0	43273	43523	0.994256
chrUn_gl000242	1	250	43523	0.00574409
chrUn_gl000243	0	42107	43341	0.971528
chrUn_gl000243	1	1168	43341	0.0269491
chrUn_gl000243	2	66	43341	0.00152281
chrUn_gl000244	0	38787	39929	0.971399
chrUn_gl000244	1	1134	39929	0.0284004
chrUn_gl000244	2	8	39929	0.000200356
chrUn_gl000245	0	35801	36651	0.976808
chrUn_gl000245	1	850	36651	0.0231917
chrUn_gl000246	0	37854	38154	0.992137
chrUn_gl000246	1	300	38154	0.00786287
chrUn_gl000247	0	35772	36422	0.982154
chrUn_gl000247	1	650	36422	0.0178464
chrUn_gl000248	0	39636	39786	0.99623
chrUn_gl000248	1	150	39786	0.00377017
chrUn_gl000249	0	38302	38502	0.994805
chrUn_gl000249	1	200	38502	0.00519454
genome	0	3098073468	3137161264	0.98754
genome	1	38645079	3137161264	0.0123185
genome	2	339288	3137161264	0.000108151
genome	3	31651	3137161264	1.00891e-05
genome	4	18003	3137161264	5.73863e-06
genome	5	12376	3137161264	3.94497e-06
genome	6	8736	3137161264	2.78468e-06
genome	7	6917	3137161264	2.20486e-06
genome	8	5155	3137161264	1.64321e-06
genome	9	3953	3137161264	1.26006e-06
genome	10	3045	3137161264	9.70623e-07
genome	11	2491	3137161264	7.9403e-07
genome	12	1721	3137161264	5.48585e-07
genome	13	1512	3137161264	4.81964e-07
genome	14	1115	3137161264	3.55417e-07
genome	15	850	3137161264	2.70946e-07
genome	16	821	3137161264	2.61702e-07
genome	17	628	3137161264	2.00181e-07
genome	18	411	3137161264	1.3101e-07
genome	19	473	3137161264	1.50773e-07
genome	20	314	3137161264	1.0009e-07
genome	21	338	3137161264	1.07741e-07
genome	22	297	3137161264	9.46716e-08
genome	23	257	3137161264	8.19212e-08
genome	24	223	3137161264	7.10834e-08
genome	25	206	3137161264	6.56645e-08
genome	26	215	3137161264	6.85333e-08
genome	27	187	3137161264	5.9608e-08
genome	28	155	3137161264	4.94077e-08
genome	29	145	3137161264	4.62201e-08
genome	30	142	3137161264	4.52639e-08
genome	31	126	3137161264	4.01637e-08
genome	32	118	3137161264	3.76136e-08
genome	33	94	3137161264	2.99634e-08
genome	34	93	3137161264	2.96446e-08
genome	35	54	3137161264	1.7213e-08
genome	36	67	3137161264	2.13569e-08
genome	37	81	3137161264	2.58195e-08
genome	38	34	3137161264	1.08378e-08
genome	39	43	3137161264	1.37067e-08
genome	40	26	3137161264	8.28775e-09
genome	41	29	3137161264	9.24403e-09
genome	42	32	3137161264	1.02003e-08
genome	43	33	3137161264	1.05191e-08
genome	44	19	3137161264	6.05643e-09
genome	45	14	3137161264	4.46263e-09
genome	46	13	3137161264	4.14387e-09
genome	47	17	3137161264	5.41891e-09
genome	48	14	3137161264	4.46263e-09
genome	49	12	3137161264	3.82511e-09
genome	50	4	3137161264	1.27504e-09
genome	51	13	3137161264	4.14387e-09
genome	52	4	3137161264	1.27504e-09
genome	53	10	3137161264	3.1876e-09
genome	54	7	3137161264	2.23132e-09
genome	55	9	3137161264	2.86884e-09
genome	56	16	3137161264	5.10015e-09
genome	57	12	3137161264	3.82511e-09
genome	58	14	3137161264	4.46263e-09
genome	59	22	3137161264	7.01271e-09
genome	60	18	3137161264	5.73767e-09
genome	61	6	3137161264	1.91256e-09
genome	62	10	3137161264	3.1876e-09
genome	63	11	3137161264	3.50635e-09
genome	64	6	3137161264	1.91256e-09
genome	65	2	3137161264	6.37519e-10
genome	66	6	3137161264	1.91256e-09
genome	67	3	3137161264	9.56279e-10
