chrM	0	11505	16571	0.694285
chrM	1	4101	16571	0.247481
chrM	2	774	16571	0.0467081
chrM	3	163	16571	0.00983646
chrM	4	28	16571	0.0016897
chr1	0	244872302	249250621	0.982434
chr1	1	4325867	249250621	0.0173555
chr1	2	49668	249250621	0.000199269
chr1	3	922	249250621	3.69909e-06
chr1	4	187	249250621	7.50249e-07
chr1	5	190	249250621	7.62285e-07
chr1	6	127	249250621	5.09527e-07
chr1	7	142	249250621	5.69708e-07
chr1	8	33	249250621	1.32397e-07
chr1	9	20	249250621	8.02405e-08
chr1	10	26	249250621	1.04313e-07
chr1	11	51	249250621	2.04613e-07
chr1	12	17	249250621	6.82044e-08
chr1	13	18	249250621	7.22165e-08
chr1	14	12	249250621	4.81443e-08
chr1	15	17	249250621	6.82044e-08
chr1	16	21	249250621	8.42525e-08
chr1	17	25	249250621	1.00301e-07
chr1	18	27	249250621	1.08325e-07
chr1	19	21	249250621	8.42525e-08
chr1	20	34	249250621	1.36409e-07
chr1	21	29	249250621	1.16349e-07
chr1	22	60	249250621	2.40722e-07
chr1	23	54	249250621	2.16649e-07
chr1	24	43	249250621	1.72517e-07
chr1	25	43	249250621	1.72517e-07
chr1	26	35	249250621	1.40421e-07
chr1	27	45	249250621	1.80541e-07
chr1	28	59	249250621	2.3671e-07
chr1	29	42	249250621	1.68505e-07
chr1	30	39	249250621	1.56469e-07
chr1	31	36	249250621	1.44433e-07
chr1	32	22	249250621	8.82646e-08
chr1	33	34	249250621	1.36409e-07
chr1	34	34	249250621	1.36409e-07
chr1	35	25	249250621	1.00301e-07
chr1	36	25	249250621	1.00301e-07
chr1	37	15	249250621	6.01804e-08
chr1	38	17	249250621	6.82044e-08
chr1	39	9	249250621	3.61082e-08
chr1	40	5	249250621	2.00601e-08
chr1	41	9	249250621	3.61082e-08
chr1	42	11	249250621	4.41323e-08
chr1	43	3	249250621	1.20361e-08
chr1	44	7	249250621	2.80842e-08
chr1	45	10	249250621	4.01203e-08
chr1	46	11	249250621	4.41323e-08
chr1	47	11	249250621	4.41323e-08
chr1	48	12	249250621	4.81443e-08
chr1	49	7	249250621	2.80842e-08
chr1	50	14	249250621	5.61684e-08
chr1	51	10	249250621	4.01203e-08
chr1	52	14	249250621	5.61684e-08
chr1	53	17	249250621	6.82044e-08
chr1	54	17	249250621	6.82044e-08
chr1	55	10	249250621	4.01203e-08
chr1	56	5	249250621	2.00601e-08
chr1	57	6	249250621	2.40722e-08
chr1	58	9	249250621	3.61082e-08
chr1	59	20	249250621	8.02405e-08
chr1	60	9	249250621	3.61082e-08
chr1	61	7	249250621	2.80842e-08
chr1	62	3	249250621	1.20361e-08
chr1	63	1	249250621	4.01203e-09
chr2	0	239540330	243199373	0.984955
chr2	1	3618213	243199373	0.0148776
chr2	2	31737	243199373	0.000130498
chr2	3	3135	243199373	1.28907e-05
chr2	4	2202	243199373	9.0543e-06
chr2	5	1632	243199373	6.71054e-06
chr2	6	877	243199373	3.60609e-06
chr2	7	531	243199373	2.18339e-06
chr2	8	277	243199373	1.13898e-06
chr2	9	115	243199373	4.72863e-07
chr2	10	79	243199373	3.24836e-07
chr2	11	87	243199373	3.57731e-07
chr2	12	17	243199373	6.99015e-08
chr2	13	35	243199373	1.43915e-07
chr2	14	19	243199373	7.81252e-08
chr2	15	9	243199373	3.70067e-08
chr2	16	14	243199373	5.75659e-08
chr2	17	10	243199373	4.11185e-08
chr2	18	13	243199373	5.34541e-08
chr2	19	21	243199373	8.63489e-08
chr2	20	8	243199373	3.28948e-08
chr2	21	1	243199373	4.11185e-09
chr2	22	8	243199373	3.28948e-08
chr2	23	3	243199373	1.23356e-08
chr3	0	194603128	198022430	0.982733
chr3	1	3389220	198022430	0.0171153
chr3	2	29764	198022430	0.000150306
chr3	3	204	198022430	1.03019e-06
chr3	4	2	198022430	1.00999e-08
chr3	5	3	198022430	1.51498e-08
chr3	6	1	198022430	5.04993e-09
chr3	7	4	198022430	2.01997e-08
chr3	8	3	198022430	1.51498e-08
chr3	9	1	198022430	5.04993e-09
chr3	10	2	198022430	1.00999e-08
chr3	11	3	198022430	1.51498e-08
chr3	12	3	198022430	1.51498e-08
chr3	13	1	198022430	5.04993e-09
chr3	14	4	198022430	2.01997e-08
chr3	15	2	198022430	1.00999e-08
chr3	16	2	198022430	1.00999e-08
chr3	17	4	198022430	2.01997e-08
chr3	18	1	198022430	5.04993e-09
chr3	19	3	198022430	1.51498e-08
chr3	20	2	198022430	1.00999e-08
chr3	21	4	198022430	2.01997e-08
chr3	22	3	198022430	1.51498e-08
chr3	23	2	198022430	1.00999e-08
chr3	24	4	198022430	2.01997e-08
chr3	25	2	198022430	1.00999e-08
chr3	26	2	198022430	1.00999e-08
chr3	27	5	198022430	2.52497e-08
chr3	29	2	198022430	1.00999e-08
chr3	31	6	198022430	3.02996e-08
chr3	32	2	198022430	1.00999e-08
chr3	33	2	198022430	1.00999e-08
chr3	34	4	198022430	2.01997e-08
chr3	35	2	198022430	1.00999e-08
chr3	36	3	198022430	1.51498e-08
chr3	37	4	198022430	2.01997e-08
chr3	38	6	198022430	3.02996e-08
chr3	39	6	198022430	3.02996e-08
chr3	40	7	198022430	3.53495e-08
chr3	41	5	198022430	2.52497e-08
chr3	42	1	198022430	5.04993e-09
chr3	43	1	198022430	5.04993e-09
chr4	0	188818321	191154276	0.98778
chr4	1	2318127	191154276	0.012127
chr4	2	16003	191154276	8.37177e-05
chr4	3	1126	191154276	5.89053e-06
chr4	4	333	191154276	1.74205e-06
chr4	5	130	191154276	6.80079e-07
chr4	6	93	191154276	4.86518e-07
chr4	7	80	191154276	4.1851e-07
chr4	8	43	191154276	2.24949e-07
chr4	9	5	191154276	2.61569e-08
chr4	10	15	191154276	7.84706e-08
chr5	0	178741389	180915260	0.987984
chr5	1	2159134	180915260	0.0119345
chr5	2	14080	180915260	7.78265e-05
chr5	3	443	180915260	2.44866e-06
chr5	4	77	180915260	4.25614e-07
chr5	5	72	180915260	3.97976e-07
chr5	6	46	180915260	2.54263e-07
chr5	7	19	180915260	1.05022e-07
chr6	0	169053321	171115067	0.987951
chr6	1	2045130	171115067	0.0119518
chr6	2	12402	171115067	7.24775e-05
chr6	3	359	171115067	2.098e-06
chr6	4	375	171115067	2.19151e-06
chr6	5	241	171115067	1.40841e-06
chr6	6	381	171115067	2.22657e-06
chr6	7	325	171115067	1.89931e-06
chr6	8	355	171115067	2.07463e-06
chr6	9	250	171115067	1.46101e-06
chr6	10	291	171115067	1.70061e-06
chr6	11	342	171115067	1.99866e-06
chr6	12	335	171115067	1.95775e-06
chr6	13	279	171115067	1.63048e-06
chr6	14	191	171115067	1.11621e-06
chr6	15	133	171115067	7.77255e-07
chr6	16	103	171115067	6.01934e-07
chr6	17	76	171115067	4.44146e-07
chr6	18	55	171115067	3.21421e-07
chr6	19	37	171115067	2.16229e-07
chr6	20	31	171115067	1.81165e-07
chr6	21	28	171115067	1.63633e-07
chr6	22	17	171115067	9.93483e-08
chr6	23	10	171115067	5.84402e-08
chr7	0	156603055	159138663	0.984067
chr7	1	2512682	159138663	0.0157893
chr7	2	19405	159138663	0.000121938
chr7	3	766	159138663	4.81341e-06
chr7	4	275	159138663	1.72805e-06
chr7	5	407	159138663	2.55752e-06
chr7	6	255	159138663	1.60238e-06
chr7	7	216	159138663	1.35731e-06
chr7	8	179	159138663	1.12481e-06
chr7	9	220	159138663	1.38244e-06
chr7	10	140	159138663	8.79736e-07
chr7	11	122	159138663	7.66627e-07
chr7	12	150	159138663	9.42574e-07
chr7	13	92	159138663	5.78112e-07
chr7	14	89	159138663	5.59261e-07
chr7	15	109	159138663	6.84937e-07
chr7	16	71	159138663	4.46152e-07
chr7	17	61	159138663	3.83314e-07
chr7	18	48	159138663	3.01624e-07
chr7	19	48	159138663	3.01624e-07
chr7	20	45	159138663	2.82772e-07
chr7	21	33	159138663	2.07366e-07
chr7	22	22	159138663	1.38244e-07
chr7	23	30	159138663	1.88515e-07
chr7	24	26	159138663	1.6338e-07
chr7	25	22	159138663	1.38244e-07
chr7	26	27	159138663	1.69663e-07
chr7	27	28	159138663	1.75947e-07
chr7	28	22	159138663	1.38244e-07
chr7	29	10	159138663	6.28383e-08
chr7	30	3	159138663	1.88515e-08
chr7	31	2	159138663	1.25677e-08
chr7	32	3	159138663	1.88515e-08
chr8	0	144238200	146364022	0.985476
chr8	1	2099630	146364022	0.0143453
chr8	2	20680	146364022	0.000141292
chr8	3	2576	146364022	1.76e-05
chr8	4	1586	146364022	1.0836e-05
chr8	5	791	146364022	5.40433e-06
chr8	6	259	146364022	1.76956e-06
chr8	7	153	146364022	1.04534e-06
chr8	8	93	146364022	6.35402e-07
chr8	9	8	146364022	5.46582e-08
chr8	10	14	146364022	9.56519e-08
chr8	11	32	146364022	2.18633e-07
chr9	0	139830417	141213431	0.990206
chr9	1	1373844	141213431	0.00972885
chr9	2	8455	141213431	5.98739e-05
chr9	3	314	141213431	2.22358e-06
chr9	4	110	141213431	7.78963e-07
chr9	5	69	141213431	4.88622e-07
chr9	6	89	141213431	6.30252e-07
chr9	7	42	141213431	2.97422e-07
chr9	8	45	141213431	3.18667e-07
chr9	9	29	141213431	2.05363e-07
chr9	10	17	141213431	1.20385e-07
chr10	0	133886125	135534747	0.987836
chr10	1	1621005	135534747	0.0119601
chr10	2	14483	135534747	0.000106858
chr10	3	2681	135534747	1.97809e-05
chr10	4	1831	135534747	1.35095e-05
chr10	5	1351	135534747	9.96792e-06
chr10	6	779	135534747	5.7476e-06
chr10	7	672	135534747	4.95814e-06
chr10	8	614	135534747	4.5302e-06
chr10	9	417	135534747	3.0767e-06
chr10	10	469	135534747	3.46037e-06
chr10	11	413	135534747	3.04719e-06
chr10	12	414	135534747	3.05457e-06
chr10	13	290	135534747	2.13967e-06
chr10	14	309	135534747	2.27986e-06
chr10	15	246	135534747	1.81503e-06
chr10	16	261	135534747	1.92571e-06
chr10	17	207	135534747	1.52728e-06
chr10	18	201	135534747	1.48301e-06
chr10	19	224	135534747	1.65271e-06
chr10	20	161	135534747	1.18789e-06
chr10	21	163	135534747	1.20264e-06
chr10	22	128	135534747	9.44407e-07
chr10	23	89	135534747	6.56658e-07
chr10	24	137	135534747	1.01081e-06
chr10	25	117	135534747	8.63247e-07
chr10	26	113	135534747	8.33735e-07
chr10	27	99	135534747	7.3044e-07
chr10	28	89	135534747	6.56658e-07
chr10	29	71	135534747	5.23851e-07
chr10	30	98	135534747	7.23062e-07
chr10	31	65	135534747	4.79582e-07
chr10	32	73	135534747	5.38607e-07
chr10	33	54	135534747	3.98422e-07
chr10	34	51	135534747	3.76287e-07
chr10	35	36	135534747	2.65615e-07
chr10	36	29	135534747	2.13967e-07
chr10	37	28	135534747	2.06589e-07
chr10	38	27	135534747	1.99211e-07
chr10	39	28	135534747	2.06589e-07
chr10	40	39	135534747	2.87749e-07
chr10	41	22	135534747	1.6232e-07
chr10	42	13	135534747	9.59164e-08
chr10	43	8	135534747	5.90255e-08
chr10	44	8	135534747	5.90255e-08
chr10	45	6	135534747	4.42691e-08
chr10	46	3	135534747	2.21345e-08
chr11	0	132934461	135006516	0.984652
chr11	1	2055267	135006516	0.0152235
chr11	2	14705	135006516	0.000108921
chr11	3	561	135006516	4.15536e-06
chr11	4	384	135006516	2.84431e-06
chr11	5	286	135006516	2.11842e-06
chr11	6	137	135006516	1.01477e-06
chr11	7	145	135006516	1.07402e-06
chr11	8	126	135006516	9.33288e-07
chr11	9	91	135006516	6.74042e-07
chr11	10	89	135006516	6.59227e-07
chr11	11	68	135006516	5.03679e-07
chr11	12	43	135006516	3.18503e-07
chr11	13	59	135006516	4.37016e-07
chr11	14	33	135006516	2.44433e-07
chr11	15	34	135006516	2.5184e-07
chr11	16	6	135006516	4.44423e-08
chr11	17	7	135006516	5.18494e-08
chr11	18	14	135006516	1.03699e-07
chr12	0	132391848	133851895	0.989092
chr12	1	1451549	133851895	0.0108444
chr12	2	8197	133851895	6.12393e-05
chr12	3	181	133851895	1.35224e-06
chr12	4	86	133851895	6.42501e-07
chr12	5	34	133851895	2.54012e-07
chr13	0	114382486	115169878	0.993163
chr13	1	784434	115169878	0.0068111
chr13	2	2958	115169878	2.56838e-05
chr14	0	105569494	107349540	0.983418
chr14	1	1762692	107349540	0.0164201
chr14	2	17254	107349540	0.000160727
chr14	3	100	107349540	9.31536e-07
chr15	0	101853519	102531392	0.993389
chr15	1	675096	102531392	0.00658429
chr15	2	2777	102531392	2.70844e-05
chr16	0	89650448	90354753	0.992205
chr16	1	673426	90354753	0.00745313
chr16	2	8949	90354753	9.90429e-05
chr16	3	4946	90354753	5.47398e-05
chr16	4	4538	90354753	5.02243e-05
chr16	5	3794	90354753	4.199e-05
chr16	6	2882	90354753	3.18965e-05
chr16	7	2176	90354753	2.40829e-05
chr16	8	1455	90354753	1.61032e-05
chr16	9	911	90354753	1.00825e-05
chr16	10	491	90354753	5.43414e-06
chr16	11	269	90354753	2.97715e-06
chr16	12	230	90354753	2.54552e-06
chr16	13	78	90354753	8.63264e-07
chr16	14	61	90354753	6.75117e-07
chr16	15	31	90354753	3.43092e-07
chr16	16	22	90354753	2.43485e-07
chr16	17	18	90354753	1.99215e-07
chr16	18	9	90354753	9.96074e-08
chr16	19	9	90354753	9.96074e-08
chr16	20	10	90354753	1.10675e-07
chr17	0	80337058	81195210	0.989431
chr17	1	850731	81195210	0.0104776
chr17	2	6377	81195210	7.85391e-05
chr17	3	468	81195210	5.76389e-06
chr17	4	244	81195210	3.0051e-06
chr17	5	132	81195210	1.62571e-06
chr17	6	89	81195210	1.09612e-06
chr17	7	32	81195210	3.94112e-07
chr17	8	28	81195210	3.44848e-07
chr17	9	10	81195210	1.2316e-07
chr17	10	18	81195210	2.21688e-07
chr17	11	8	81195210	9.8528e-08
chr17	12	10	81195210	1.2316e-07
chr17	13	5	81195210	6.158e-08
chr18	0	77174574	78077248	0.988439
chr18	1	895401	78077248	0.0114681
chr18	2	5937	78077248	7.60401e-05
chr18	3	525	78077248	6.72411e-06
chr18	4	252	78077248	3.22757e-06
chr18	5	138	78077248	1.76748e-06
chr18	6	139	78077248	1.78029e-06
chr18	7	60	78077248	7.6847e-07
chr18	8	66	78077248	8.45317e-07
chr18	9	55	78077248	7.04431e-07
chr18	10	26	78077248	3.33004e-07
chr18	11	35	78077248	4.48274e-07
chr18	12	40	78077248	5.12313e-07
chr19	0	58266730	59128983	0.985417
chr19	1	851728	59128983	0.0144046
chr19	2	7903	59128983	0.000133657
chr19	3	631	59128983	1.06716e-05
chr19	4	445	59128983	7.52592e-06
chr19	5	354	59128983	5.98691e-06
chr19	6	143	59128983	2.41844e-06
chr19	7	155	59128983	2.62139e-06
chr19	8	110	59128983	1.86034e-06
chr19	9	112	59128983	1.89416e-06
chr19	10	69	59128983	1.16694e-06
chr19	11	60	59128983	1.01473e-06
chr19	12	75	59128983	1.26841e-06
chr19	13	43	59128983	7.27224e-07
chr19	14	65	59128983	1.09929e-06
chr19	15	56	59128983	9.47082e-07
chr19	16	31	59128983	5.24278e-07
chr19	17	23	59128983	3.8898e-07
chr19	18	30	59128983	5.07365e-07
chr19	19	13	59128983	2.19858e-07
chr19	20	17	59128983	2.87507e-07
chr19	21	18	59128983	3.04419e-07
chr19	22	14	59128983	2.36771e-07
chr19	23	22	59128983	3.72068e-07
chr19	24	30	59128983	5.07365e-07
chr19	25	26	59128983	4.39717e-07
chr19	26	23	59128983	3.8898e-07
chr19	27	18	59128983	3.04419e-07
chr19	28	22	59128983	3.72068e-07
chr19	29	7	59128983	1.18385e-07
chr19	30	6	59128983	1.01473e-07
chr19	31	4	59128983	6.76487e-08
chr20	0	62113298	63025520	0.985526
chr20	1	904289	63025520	0.014348
chr20	2	7748	63025520	0.000122934
chr20	3	133	63025520	2.11026e-06
chr20	4	44	63025520	6.9813e-07
chr20	5	8	63025520	1.26933e-07
chr21	0	47819627	48129895	0.993554
chr21	1	308013	48129895	0.00639962
chr21	2	1978	48129895	4.10971e-05
chr21	3	111	48129895	2.30626e-06
chr21	4	83	48129895	1.7245e-06
chr21	5	8	48129895	1.66217e-07
chr21	6	35	48129895	7.27199e-07
chr21	7	4	48129895	8.31084e-08
chr21	8	36	48129895	7.47976e-07
chr22	0	50909367	51304566	0.992297
chr22	1	392098	51304566	0.00764256
chr22	2	3010	51304566	5.86692e-05
chr22	3	32	51304566	6.23726e-07
chr22	4	3	51304566	5.84743e-08
chr22	5	1	51304566	1.94914e-08
chr22	6	1	51304566	1.94914e-08
chr22	7	2	51304566	3.89829e-08
chr22	8	2	51304566	3.89829e-08
chr22	9	2	51304566	3.89829e-08
chr22	10	2	51304566	3.89829e-08
chr22	11	1	51304566	1.94914e-08
chr22	12	1	51304566	1.94914e-08
chr22	13	3	51304566	5.84743e-08
chr22	14	2	51304566	3.89829e-08
chr22	15	3	51304566	5.84743e-08
chr22	16	2	51304566	3.89829e-08
chr22	17	34	51304566	6.62709e-07
chrX	0	153963159	155270560	0.99158
chrX	1	1296621	155270560	0.00835072
chrX	2	9303	155270560	5.99148e-05
chrX	3	1151	155270560	7.41287e-06
chrX	4	230	155270560	1.48129e-06
chrX	5	55	155270560	3.5422e-07
chrX	6	12	155270560	7.72845e-08
chrX	7	29	155270560	1.86771e-07
chrY	0	59315882	59373566	0.999028
chrY	1	54318	59373566	0.000914852
chrY	2	2327	59373566	3.91925e-05
chrY	3	582	59373566	9.80234e-06
chrY	4	154	59373566	2.59375e-06
chrY	5	152	59373566	2.56006e-06
chrY	6	78	59373566	1.31372e-06
chrY	7	37	59373566	6.23173e-07
chrY	8	15	59373566	2.52638e-07
chrY	9	1	59373566	1.68425e-08
chrY	10	20	59373566	3.3685e-07
chr1_gl000191_random	0	105619	106433	0.992352
chr1_gl000191_random	1	778	106433	0.00730976
chr1_gl000191_random	2	36	106433	0.000338241
chr1_gl000192_random	0	535576	547496	0.978228
chr1_gl000192_random	1	11790	547496	0.0215344
chr1_gl000192_random	2	130	547496	0.000237445
chr4_ctg9_hap1	0	586326	590426	0.993056
chr4_ctg9_hap1	1	4100	590426	0.00694414
chr4_gl000193_random	0	185711	189789	0.978513
chr4_gl000193_random	1	4006	189789	0.0211077
chr4_gl000193_random	2	72	189789	0.000379369
chr4_gl000194_random	0	188919	191469	0.986682
chr4_gl000194_random	1	2550	191469	0.0133181
chr6_apd_hap1	0	4617190	4622290	0.998897
chr6_apd_hap1	1	5100	4622290	0.00110335
chr6_cox_hap2	0	4783279	4795371	0.997478
chr6_cox_hap2	1	12084	4795371	0.00251993
chr6_cox_hap2	2	8	4795371	1.66828e-06
chr6_dbb_hap3	0	4600945	4610396	0.99795
chr6_dbb_hap3	1	9402	4610396	0.0020393
chr6_dbb_hap3	2	49	4610396	1.06282e-05
chr6_mann_hap4	0	4672832	4683263	0.997773
chr6_mann_hap4	1	10412	4683263	0.00222324
chr6_mann_hap4	2	19	4683263	4.057e-06
chr6_mcf_hap5	0	4824489	4833398	0.998157
chr6_mcf_hap5	1	8868	4833398	0.00183473
chr6_mcf_hap5	2	41	4833398	8.48265e-06
chr6_qbl_hap6	0	4602769	4611984	0.998002
chr6_qbl_hap6	1	9180	4611984	0.00199047
chr6_qbl_hap6	2	35	4611984	7.58892e-06
chr6_ssto_hap7	0	4918917	4928567	0.998042
chr6_ssto_hap7	1	9650	4928567	0.00195797
chr7_gl000195_random	0	177679	182896	0.971476
chr7_gl000195_random	1	5134	182896	0.0280706
chr7_gl000195_random	2	83	182896	0.00045381
chr8_gl000196_random	0	38564	38914	0.991006
chr8_gl000196_random	1	350	38914	0.00899419
chr8_gl000197_random	0	36875	37175	0.99193
chr8_gl000197_random	1	300	37175	0.00806994
chr9_gl000198_random	0	88276	90085	0.979919
chr9_gl000198_random	1	1739	90085	0.019304
chr9_gl000198_random	2	20	90085	0.000222013
chr9_gl000198_random	3	5	90085	5.55031e-05
chr9_gl000198_random	4	19	90085	0.000210912
chr9_gl000198_random	5	26	90085	0.000288616
chr9_gl000199_random	0	112459	169874	0.662014
chr9_gl000199_random	1	34346	169874	0.202185
chr9_gl000199_random	2	14179	169874	0.0834677
chr9_gl000199_random	3	5304	169874	0.0312231
chr9_gl000199_random	4	1705	169874	0.0100369
chr9_gl000199_random	5	862	169874	0.00507435
chr9_gl000199_random	6	303	169874	0.00178367
chr9_gl000199_random	7	190	169874	0.00111848
chr9_gl000199_random	8	174	169874	0.00102429
chr9_gl000199_random	9	103	169874	0.000606332
chr9_gl000199_random	10	69	169874	0.000406183
chr9_gl000199_random	11	55	169874	0.000323769
chr9_gl000199_random	12	27	169874	0.000158941
chr9_gl000199_random	13	23	169874	0.000135394
chr9_gl000199_random	14	19	169874	0.000111848
chr9_gl000199_random	15	21	169874	0.000123621
chr9_gl000199_random	16	5	169874	2.94336e-05
chr9_gl000199_random	17	8	169874	4.70937e-05
chr9_gl000199_random	18	9	169874	5.29804e-05
chr9_gl000199_random	19	4	169874	2.35469e-05
chr9_gl000199_random	20	5	169874	2.94336e-05
chr9_gl000199_random	21	4	169874	2.35469e-05
chr9_gl000200_random	0	185685	187035	0.992782
chr9_gl000200_random	1	1350	187035	0.0072179
chr9_gl000201_random	0	35998	36148	0.99585
chr9_gl000201_random	1	150	36148	0.00414961
chr11_gl000202_random	0	39403	40103	0.982545
chr11_gl000202_random	1	700	40103	0.0174551
chr17_ctg5_hap1	0	1675226	1680828	0.996667
chr17_ctg5_hap1	1	5554	1680828	0.00330432
chr17_ctg5_hap1	2	48	1680828	2.85574e-05
chr17_gl000203_random	0	37148	37498	0.990666
chr17_gl000203_random	1	350	37498	0.00933383
chr17_gl000204_random	0	80560	81310	0.990776
chr17_gl000204_random	1	750	81310	0.00922396
chr17_gl000205_random	0	169768	174588	0.972392
chr17_gl000205_random	1	4690	174588	0.0268632
chr17_gl000205_random	2	130	174588	0.00074461
chr17_gl000206_random	0	40651	41001	0.991464
chr17_gl000206_random	1	350	41001	0.00853638
chr19_gl000208_random	0	86036	92689	0.928222
chr19_gl000208_random	1	4946	92689	0.0533612
chr19_gl000208_random	2	898	92689	0.00968831
chr19_gl000208_random	3	468	92689	0.00504914
chr19_gl000208_random	4	213	92689	0.00229801
chr19_gl000208_random	5	80	92689	0.000863101
chr19_gl000208_random	6	38	92689	0.000409973
chr19_gl000208_random	7	6	92689	6.47326e-05
chr19_gl000208_random	8	4	92689	4.31551e-05
chr19_gl000209_random	0	157569	159169	0.989948
chr19_gl000209_random	1	1600	159169	0.0100522
chrUn_gl000211	0	163635	166566	0.982403
chrUn_gl000211	1	2912	166566	0.0174826
chrUn_gl000211	2	19	166566	0.000114069
chrUn_gl000212	0	183025	186858	0.979487
chrUn_gl000212	1	3816	186858	0.0204219
chrUn_gl000212	2	17	186858	9.09782e-05
chrUn_gl000213	0	162989	164239	0.992389
chrUn_gl000213	1	1250	164239	0.00761086
chrUn_gl000214	0	133481	137718	0.969234
chrUn_gl000214	1	4174	137718	0.0303083
chrUn_gl000214	2	63	137718	0.000457457
chrUn_gl000215	0	171895	172545	0.996233
chrUn_gl000215	1	650	172545	0.00376713
chrUn_gl000216	0	161014	172294	0.93453
chrUn_gl000216	1	9252	172294	0.0536989
chrUn_gl000216	2	1252	172294	0.00726665
chrUn_gl000216	3	501	172294	0.00290782
chrUn_gl000216	4	127	172294	0.000737112
chrUn_gl000216	5	65	172294	0.000377262
chrUn_gl000216	6	73	172294	0.000423694
chrUn_gl000216	7	10	172294	5.80403e-05
chrUn_gl000217	0	168956	172149	0.981452
chrUn_gl000217	1	3186	172149	0.0185072
chrUn_gl000217	2	7	172149	4.06624e-05
chrUn_gl000218	0	157797	161147	0.979212
chrUn_gl000218	1	3350	161147	0.0207885
chrUn_gl000219	0	176122	179198	0.982835
chrUn_gl000219	1	3052	179198	0.0170314
chrUn_gl000219	2	24	179198	0.00013393
chrUn_gl000220	0	129657	161802	0.801331
chrUn_gl000220	1	20285	161802	0.125369
chrUn_gl000220	2	7179	161802	0.044369
chrUn_gl000220	3	3183	161802	0.0196722
chrUn_gl000220	4	1133	161802	0.00700239
chrUn_gl000220	5	322	161802	0.00199009
chrUn_gl000220	6	35	161802	0.000216314
chrUn_gl000220	7	8	161802	4.94431e-05
chrUn_gl000221	0	152024	155397	0.978294
chrUn_gl000221	1	3296	155397	0.0212102
chrUn_gl000221	2	77	155397	0.000495505
chrUn_gl000222	0	184161	186861	0.985551
chrUn_gl000222	1	2700	186861	0.0144492
chrUn_gl000223	0	179605	180455	0.99529
chrUn_gl000223	1	850	180455	0.00471032
chrUn_gl000224	0	174206	179693	0.969465
chrUn_gl000224	1	4915	179693	0.0273522
chrUn_gl000224	2	406	179693	0.00225941
chrUn_gl000224	3	141	179693	0.000784672
chrUn_gl000224	4	25	179693	0.000139126
chrUn_gl000225	0	195927	211173	0.927803
chrUn_gl000225	1	13538	211173	0.0641086
chrUn_gl000225	2	1391	211173	0.00658702
chrUn_gl000225	3	194	211173	0.000918678
chrUn_gl000225	4	79	211173	0.000374101
chrUn_gl000225	5	7	211173	3.31482e-05
chrUn_gl000225	6	12	211173	5.68254e-05
chrUn_gl000225	7	25	211173	0.000118386
chrUn_gl000226	0	778	15008	0.051839
chrUn_gl000226	1	986	15008	0.0656983
chrUn_gl000226	2	1301	15008	0.0866871
chrUn_gl000226	3	1370	15008	0.0912846
chrUn_gl000226	4	1415	15008	0.0942831
chrUn_gl000226	5	1815	15008	0.120935
chrUn_gl000226	6	1873	15008	0.1248
chrUn_gl000226	7	1525	15008	0.101612
chrUn_gl000226	8	1324	15008	0.0882196
chrUn_gl000226	9	997	15008	0.0664312
chrUn_gl000226	10	655	15008	0.0436434
chrUn_gl000226	11	361	15008	0.0240538
chrUn_gl000226	12	233	15008	0.0155251
chrUn_gl000226	13	141	15008	0.00939499
chrUn_gl000226	14	94	15008	0.00626333
chrUn_gl000226	15	58	15008	0.00386461
chrUn_gl000226	16	31	15008	0.00206556
chrUn_gl000226	17	10	15008	0.000666311
chrUn_gl000226	18	7	15008	0.000466418
chrUn_gl000226	19	2	15008	0.000133262
chrUn_gl000226	20	7	15008	0.000466418
chrUn_gl000226	21	3	15008	0.000199893
chrUn_gl000226	22	3	15008	0.000199893
chrUn_gl000226	23	6	15008	0.000399787
chrUn_gl000226	24	11	15008	0.000732942
chrUn_gl000226	26	2	15008	0.000133262
chrUn_gl000227	0	127534	128374	0.993457
chrUn_gl000227	1	830	128374	0.00646548
chrUn_gl000227	2	10	128374	7.78974e-05
chrUn_gl000228	0	126849	129120	0.982412
chrUn_gl000228	1	2054	129120	0.0159077
chrUn_gl000228	2	170	129120	0.0013166
chrUn_gl000228	3	32	129120	0.000247831
chrUn_gl000228	4	15	129120	0.000116171
chrUn_gl000229	0	19108	19913	0.959574
chrUn_gl000229	1	760	19913	0.038166
chrUn_gl000229	2	45	19913	0.00225983
chrUn_gl000230	0	42937	43691	0.982742
chrUn_gl000230	1	708	43691	0.0162047
chrUn_gl000230	2	46	43691	0.00105285
chrUn_gl000231	0	26016	27386	0.949974
chrUn_gl000231	1	1340	27386	0.0489301
chrUn_gl000231	2	30	27386	0.00109545
chrUn_gl000232	0	38623	40652	0.950089
chrUn_gl000232	1	1958	40652	0.0481649
chrUn_gl000232	2	71	40652	0.00174653
chrUn_gl000233	0	45191	45941	0.983675
chrUn_gl000233	1	750	45941	0.0163253
chrUn_gl000234	0	38955	40531	0.961116
chrUn_gl000234	1	1552	40531	0.0382917
chrUn_gl000234	2	24	40531	0.000592139
chrUn_gl000235	0	33194	34474	0.962871
chrUn_gl000235	1	1212	34474	0.0351569
chrUn_gl000235	2	66	34474	0.00191449
chrUn_gl000235	3	2	34474	5.80147e-05
chrUn_gl000236	0	41590	41934	0.991797
chrUn_gl000236	1	338	41934	0.00806028
chrUn_gl000236	2	6	41934	0.000143082
chrUn_gl000237	0	44567	45867	0.971657
chrUn_gl000237	1	1300	45867	0.0283428
chrUn_gl000238	0	39789	39939	0.996244
chrUn_gl000238	1	150	39939	0.00375573
chrUn_gl000239	0	33174	33824	0.980783
chrUn_gl000239	1	650	33824	0.0192171
chrUn_gl000240	0	41184	41933	0.982138
chrUn_gl000240	1	748	41933	0.017838
chrUn_gl000240	2	1	41933	2.38476e-05
chrUn_gl000241	0	39781	42152	0.943751
chrUn_gl000241	1	2342	42152	0.0555608
chrUn_gl000241	2	29	42152	0.000687986
chrUn_gl000242	0	43323	43523	0.995405
chrUn_gl000242	1	200	43523	0.00459527
chrUn_gl000243	0	42591	43341	0.982695
chrUn_gl000243	1	750	43341	0.0173046
chrUn_gl000244	0	38629	39929	0.967442
chrUn_gl000244	1	1300	39929	0.0325578
chrUn_gl000245	0	35651	36651	0.972716
chrUn_gl000245	1	1000	36651	0.0272844
chrUn_gl000246	0	37654	38154	0.986895
chrUn_gl000246	1	500	38154	0.0131048
chrUn_gl000247	0	36022	36422	0.989018
chrUn_gl000247	1	400	36422	0.0109824
chrUn_gl000248	0	39336	39786	0.988689
chrUn_gl000248	1	450	39786	0.0113105
chrUn_gl000249	0	38302	38502	0.994805
chrUn_gl000249	1	200	38502	0.00519454
chr18_gl000207_random	0	4262	4262	1
chr21_gl000210_random	0	27682	27682	1
genome	0	3098041729	3137161264	0.98753
genome	1	38672549	3137161264	0.0123272
genome	2	344856	3137161264	0.000109926
genome	3	33310	3137161264	1.06179e-05
genome	4	18200	3137161264	5.80142e-06
genome	5	13025	3137161264	4.15184e-06
genome	6	8757	3137161264	2.79138e-06
genome	7	6588	3137161264	2.09999e-06
genome	8	4982	3137161264	1.58806e-06
genome	9	3347	3137161264	1.06689e-06
genome	10	2492	3137161264	7.94349e-07
genome	11	1907	3137161264	6.07874e-07
genome	12	1595	3137161264	5.08421e-07
genome	13	1067	3137161264	3.40116e-07
genome	14	898	3137161264	2.86246e-07
genome	15	719	3137161264	2.29188e-07
genome	16	569	3137161264	1.81374e-07
genome	17	483	3137161264	1.53961e-07
genome	18	414	3137161264	1.31966e-07
genome	19	382	3137161264	1.21766e-07
genome	20	320	3137161264	1.02003e-07
genome	21	283	3137161264	9.02089e-08
genome	22	255	3137161264	8.12837e-08
genome	23	216	3137161264	6.88521e-08
genome	24	251	3137161264	8.00086e-08
genome	25	210	3137161264	6.69395e-08
genome	26	202	3137161264	6.43894e-08
genome	27	195	3137161264	6.21581e-08
genome	28	192	3137161264	6.12018e-08
genome	29	132	3137161264	4.20763e-08
genome	30	146	3137161264	4.65389e-08
genome	31	113	3137161264	3.60198e-08
genome	32	100	3137161264	3.1876e-08
genome	33	90	3137161264	2.86884e-08
genome	34	89	3137161264	2.83696e-08
genome	35	63	3137161264	2.00818e-08
genome	36	57	3137161264	1.81693e-08
genome	37	47	3137161264	1.49817e-08
genome	38	50	3137161264	1.5938e-08
genome	39	43	3137161264	1.37067e-08
genome	40	51	3137161264	1.62567e-08
genome	41	36	3137161264	1.14753e-08
genome	42	25	3137161264	7.96899e-09
genome	43	12	3137161264	3.82511e-09
genome	44	15	3137161264	4.78139e-09
genome	45	16	3137161264	5.10015e-09
genome	46	14	3137161264	4.46263e-09
genome	47	11	3137161264	3.50635e-09
genome	48	12	3137161264	3.82511e-09
genome	49	7	3137161264	2.23132e-09
genome	50	14	3137161264	4.46263e-09
genome	51	10	3137161264	3.1876e-09
genome	52	14	3137161264	4.46263e-09
genome	53	17	3137161264	5.41891e-09
genome	54	17	3137161264	5.41891e-09
genome	55	10	3137161264	3.1876e-09
genome	56	5	3137161264	1.5938e-09
genome	57	6	3137161264	1.91256e-09
genome	58	9	3137161264	2.86884e-09
genome	59	20	3137161264	6.37519e-09
genome	60	9	3137161264	2.86884e-09
genome	61	7	3137161264	2.23132e-09
genome	62	3	3137161264	9.56279e-10
genome	63	1	3137161264	3.1876e-10
