chrM	0	15621	16571	0.942671
chrM	1	950	16571	0.0573291
chr1	0	244782257	249250621	0.982073
chr1	1	4415091	249250621	0.0177135
chr1	2	50432	249250621	0.000202335
chr1	3	986	249250621	3.95586e-06
chr1	4	206	249250621	8.26477e-07
chr1	5	164	249250621	6.57972e-07
chr1	6	149	249250621	5.97792e-07
chr1	7	71	249250621	2.84854e-07
chr1	8	46	249250621	1.84553e-07
chr1	9	31	249250621	1.24373e-07
chr1	10	27	249250621	1.08325e-07
chr1	11	33	249250621	1.32397e-07
chr1	12	20	249250621	8.02405e-08
chr1	13	39	249250621	1.56469e-07
chr1	14	42	249250621	1.68505e-07
chr1	15	27	249250621	1.08325e-07
chr1	16	40	249250621	1.60481e-07
chr1	17	23	249250621	9.22766e-08
chr1	18	28	249250621	1.12337e-07
chr1	19	33	249250621	1.32397e-07
chr1	20	52	249250621	2.08625e-07
chr1	21	53	249250621	2.12637e-07
chr1	22	40	249250621	1.60481e-07
chr1	23	41	249250621	1.64493e-07
chr1	24	32	249250621	1.28385e-07
chr1	25	50	249250621	2.00601e-07
chr1	26	36	249250621	1.44433e-07
chr1	27	36	249250621	1.44433e-07
chr1	28	17	249250621	6.82044e-08
chr1	29	15	249250621	6.01804e-08
chr1	30	14	249250621	5.61684e-08
chr1	31	25	249250621	1.00301e-07
chr1	32	25	249250621	1.00301e-07
chr1	33	21	249250621	8.42525e-08
chr1	34	21	249250621	8.42525e-08
chr1	35	31	249250621	1.24373e-07
chr1	36	20	249250621	8.02405e-08
chr1	37	18	249250621	7.22165e-08
chr1	38	17	249250621	6.82044e-08
chr1	39	11	249250621	4.41323e-08
chr1	40	19	249250621	7.62285e-08
chr1	41	13	249250621	5.21563e-08
chr1	42	18	249250621	7.22165e-08
chr1	43	14	249250621	5.61684e-08
chr1	44	7	249250621	2.80842e-08
chr1	45	10	249250621	4.01203e-08
chr1	46	11	249250621	4.41323e-08
chr1	47	3	249250621	1.20361e-08
chr1	48	4	249250621	1.60481e-08
chr1	49	5	249250621	2.00601e-08
chr1	50	3	249250621	1.20361e-08
chr1	51	4	249250621	1.60481e-08
chr1	52	10	249250621	4.01203e-08
chr1	53	6	249250621	2.40722e-08
chr1	54	7	249250621	2.80842e-08
chr1	55	8	249250621	3.20962e-08
chr1	56	10	249250621	4.01203e-08
chr1	57	25	249250621	1.00301e-07
chr1	58	32	249250621	1.28385e-07
chr1	59	23	249250621	9.22766e-08
chr1	60	21	249250621	8.42525e-08
chr1	61	14	249250621	5.61684e-08
chr1	62	14	249250621	5.61684e-08
chr1	63	8	249250621	3.20962e-08
chr1	64	8	249250621	3.20962e-08
chr1	65	4	249250621	1.60481e-08
chr2	0	240118734	243199373	0.987333
chr2	1	3048896	243199373	0.0125366
chr2	2	23863	243199373	9.81211e-05
chr2	3	3316	243199373	1.36349e-05
chr2	4	1906	243199373	7.83719e-06
chr2	5	1046	243199373	4.301e-06
chr2	6	492	243199373	2.02303e-06
chr2	7	307	243199373	1.26234e-06
chr2	8	264	243199373	1.08553e-06
chr2	9	200	243199373	8.22371e-07
chr2	10	165	243199373	6.78456e-07
chr2	11	52	243199373	2.13816e-07
chr2	12	44	243199373	1.80922e-07
chr2	13	19	243199373	7.81252e-08
chr2	14	41	243199373	1.68586e-07
chr2	15	15	243199373	6.16778e-08
chr2	16	4	243199373	1.64474e-08
chr2	17	9	243199373	3.70067e-08
chr3	0	194709992	198022430	0.983272
chr3	1	3284576	198022430	0.0165869
chr3	2	27558	198022430	0.000139166
chr3	3	192	198022430	9.69587e-07
chr3	4	4	198022430	2.01997e-08
chr3	5	2	198022430	1.00999e-08
chr3	6	4	198022430	2.01997e-08
chr3	7	3	198022430	1.51498e-08
chr3	8	3	198022430	1.51498e-08
chr3	9	2	198022430	1.00999e-08
chr3	10	2	198022430	1.00999e-08
chr3	11	1	198022430	5.04993e-09
chr3	12	3	198022430	1.51498e-08
chr3	13	2	198022430	1.00999e-08
chr3	14	2	198022430	1.00999e-08
chr3	15	1	198022430	5.04993e-09
chr3	16	3	198022430	1.51498e-08
chr3	17	3	198022430	1.51498e-08
chr3	18	4	198022430	2.01997e-08
chr3	19	2	198022430	1.00999e-08
chr3	20	2	198022430	1.00999e-08
chr3	21	2	198022430	1.00999e-08
chr3	22	3	198022430	1.51498e-08
chr3	23	3	198022430	1.51498e-08
chr3	24	2	198022430	1.00999e-08
chr3	25	6	198022430	3.02996e-08
chr3	26	2	198022430	1.00999e-08
chr3	27	2	198022430	1.00999e-08
chr3	28	2	198022430	1.00999e-08
chr3	29	6	198022430	3.02996e-08
chr3	30	2	198022430	1.00999e-08
chr3	31	3	198022430	1.51498e-08
chr3	32	3	198022430	1.51498e-08
chr3	33	2	198022430	1.00999e-08
chr3	34	2	198022430	1.00999e-08
chr3	35	4	198022430	2.01997e-08
chr3	36	4	198022430	2.01997e-08
chr3	37	4	198022430	2.01997e-08
chr3	38	10	198022430	5.04993e-08
chr3	39	2	198022430	1.00999e-08
chr3	40	5	198022430	2.52497e-08
chr4	0	188726869	191154276	0.987301
chr4	1	2407969	191154276	0.012597
chr4	2	17570	191154276	9.19153e-05
chr4	3	1033	191154276	5.40401e-06
chr4	4	409	191154276	2.13963e-06
chr4	5	202	191154276	1.05674e-06
chr4	6	54	191154276	2.82494e-07
chr4	7	39	191154276	2.04024e-07
chr4	8	48	191154276	2.51106e-07
chr4	9	69	191154276	3.60965e-07
chr4	10	10	191154276	5.23138e-08
chr4	11	4	191154276	2.09255e-08
chr5	0	178624668	180915260	0.987339
chr5	1	2275882	180915260	0.0125798
chr5	2	14139	180915260	7.81526e-05
chr5	3	494	180915260	2.73056e-06
chr5	4	77	180915260	4.25614e-07
chr6	0	168998777	171115067	0.987632
chr6	1	2099631	171115067	0.0122703
chr6	2	12450	171115067	7.27581e-05
chr6	3	355	171115067	2.07463e-06
chr6	4	237	171115067	1.38503e-06
chr6	5	279	171115067	1.63048e-06
chr6	6	304	171115067	1.77658e-06
chr6	7	266	171115067	1.55451e-06
chr6	8	313	171115067	1.82918e-06
chr6	9	403	171115067	2.35514e-06
chr6	10	342	171115067	1.99866e-06
chr6	11	296	171115067	1.72983e-06
chr6	12	326	171115067	1.90515e-06
chr6	13	339	171115067	1.98112e-06
chr6	14	274	171115067	1.60126e-06
chr6	15	172	171115067	1.00517e-06
chr6	16	111	171115067	6.48686e-07
chr6	17	101	171115067	5.90246e-07
chr6	18	49	171115067	2.86357e-07
chr6	19	32	171115067	1.87009e-07
chr6	20	10	171115067	5.84402e-08
chr7	0	156589805	159138663	0.983983
chr7	1	2524649	159138663	0.0158645
chr7	2	20711	159138663	0.000130144
chr7	3	600	159138663	3.7703e-06
chr7	4	547	159138663	3.43725e-06
chr7	5	436	159138663	2.73975e-06
chr7	6	243	159138663	1.52697e-06
chr7	7	187	159138663	1.17508e-06
chr7	8	145	159138663	9.11155e-07
chr7	9	180	159138663	1.13109e-06
chr7	10	181	159138663	1.13737e-06
chr7	11	131	159138663	8.23181e-07
chr7	12	83	159138663	5.21558e-07
chr7	13	88	159138663	5.52977e-07
chr7	14	84	159138663	5.27842e-07
chr7	15	102	159138663	6.4095e-07
chr7	16	101	159138663	6.34667e-07
chr7	17	58	159138663	3.64462e-07
chr7	18	41	159138663	2.57637e-07
chr7	19	44	159138663	2.76488e-07
chr7	20	33	159138663	2.07366e-07
chr7	21	23	159138663	1.44528e-07
chr7	22	9	159138663	5.65545e-08
chr7	23	13	159138663	8.16898e-08
chr7	24	25	159138663	1.57096e-07
chr7	25	25	159138663	1.57096e-07
chr7	26	18	159138663	1.13109e-07
chr7	27	28	159138663	1.75947e-07
chr7	28	19	159138663	1.19393e-07
chr7	29	10	159138663	6.28383e-08
chr7	30	8	159138663	5.02706e-08
chr7	31	16	159138663	1.00541e-07
chr7	32	16	159138663	1.00541e-07
chr7	33	4	159138663	2.51353e-08
chr8	0	144192847	146364022	0.985166
chr8	1	2144314	146364022	0.0146506
chr8	2	21816	146364022	0.000149053
chr8	3	2431	146364022	1.66093e-05
chr8	4	1431	146364022	9.77699e-06
chr8	5	582	146364022	3.97639e-06
chr8	6	295	146364022	2.01552e-06
chr8	7	152	146364022	1.03851e-06
chr8	8	47	146364022	3.21117e-07
chr8	9	58	146364022	3.96272e-07
chr8	10	44	146364022	3.0062e-07
chr8	11	5	146364022	3.41614e-08
chr9	0	139902680	141213431	0.990718
chr9	1	1303023	141213431	0.00922733
chr9	2	6881	141213431	4.87277e-05
chr9	3	395	141213431	2.79718e-06
chr9	4	191	141213431	1.35256e-06
chr9	5	80	141213431	5.66518e-07
chr9	6	73	141213431	5.16948e-07
chr9	7	39	141213431	2.76178e-07
chr9	8	25	141213431	1.77037e-07
chr9	9	35	141213431	2.47852e-07
chr9	10	9	141213431	6.37333e-08
chr10	0	133940367	135534747	0.988236
chr10	1	1568360	135534747	0.0115716
chr10	2	13429	135534747	9.90816e-05
chr10	3	2259	135534747	1.66673e-05
chr10	4	1627	135534747	1.20043e-05
chr10	5	1132	135534747	8.3521e-06
chr10	6	877	135534747	6.47067e-06
chr10	7	757	135534747	5.58528e-06
chr10	8	480	135534747	3.54153e-06
chr10	9	534	135534747	3.93995e-06
chr10	10	480	135534747	3.54153e-06
chr10	11	396	135534747	2.92176e-06
chr10	12	396	135534747	2.92176e-06
chr10	13	313	135534747	2.30937e-06
chr10	14	311	135534747	2.29461e-06
chr10	15	222	135534747	1.63796e-06
chr10	16	205	135534747	1.51253e-06
chr10	17	215	135534747	1.58631e-06
chr10	18	242	135534747	1.78552e-06
chr10	19	187	135534747	1.37972e-06
chr10	20	167	135534747	1.23216e-06
chr10	21	110	135534747	8.116e-07
chr10	22	156	135534747	1.151e-06
chr10	23	179	135534747	1.32069e-06
chr10	24	131	135534747	9.66542e-07
chr10	25	103	135534747	7.59953e-07
chr10	26	130	135534747	9.59164e-07
chr10	27	119	135534747	8.78004e-07
chr10	28	99	135534747	7.3044e-07
chr10	29	119	135534747	8.78004e-07
chr10	30	96	135534747	7.08305e-07
chr10	31	84	135534747	6.19767e-07
chr10	32	71	135534747	5.23851e-07
chr10	33	66	135534747	4.8696e-07
chr10	34	49	135534747	3.61531e-07
chr10	35	31	135534747	2.28724e-07
chr10	36	28	135534747	2.06589e-07
chr10	37	29	135534747	2.13967e-07
chr10	38	25	135534747	1.84455e-07
chr10	39	25	135534747	1.84455e-07
chr10	40	23	135534747	1.69698e-07
chr10	41	25	135534747	1.84455e-07
chr10	42	18	135534747	1.32807e-07
chr10	43	4	135534747	2.95127e-08
chr10	44	6	135534747	4.42691e-08
chr10	45	11	135534747	8.116e-08
chr10	46	10	135534747	7.37818e-08
chr10	47	12	135534747	8.85382e-08
chr10	48	6	135534747	4.42691e-08
chr10	49	9	135534747	6.64036e-08
chr10	50	7	135534747	5.16473e-08
chr10	51	5	135534747	3.68909e-08
chr10	52	5	135534747	3.68909e-08
chr11	0	132872498	135006516	0.984193
chr11	1	2114605	135006516	0.015663
chr11	2	17447	135006516	0.000129231
chr11	3	524	135006516	3.88129e-06
chr11	4	314	135006516	2.32581e-06
chr11	5	375	135006516	2.77764e-06
chr11	6	186	135006516	1.37771e-06
chr11	7	119	135006516	8.81439e-07
chr11	8	124	135006516	9.18474e-07
chr11	9	103	135006516	7.62926e-07
chr11	10	64	135006516	4.74051e-07
chr11	11	58	135006516	4.29609e-07
chr11	12	18	135006516	1.33327e-07
chr11	13	21	135006516	1.55548e-07
chr11	14	6	135006516	4.44423e-08
chr11	15	23	135006516	1.70362e-07
chr11	16	2	135006516	1.48141e-08
chr11	17	20	135006516	1.48141e-07
chr11	18	9	135006516	6.66635e-08
chr12	0	132537106	133851895	0.990177
chr12	1	1307746	133851895	0.0097701
chr12	2	6750	133851895	5.04289e-05
chr12	3	167	133851895	1.24765e-06
chr12	4	38	133851895	2.83896e-07
chr12	5	27	133851895	2.01715e-07
chr12	6	61	133851895	4.55728e-07
chr13	0	114371695	115169878	0.99307
chr13	1	795466	115169878	0.00690689
chr13	2	2717	115169878	2.35912e-05
chr14	0	105531157	107349540	0.983061
chr14	1	1801327	107349540	0.01678
chr14	2	16995	107349540	0.000158315
chr14	3	61	107349540	5.68237e-07
chr15	0	101832414	102531392	0.993183
chr15	1	696377	102531392	0.00679184
chr15	2	2580	102531392	2.5163e-05
chr15	3	21	102531392	2.04815e-07
chr16	0	89477308	90354753	0.990289
chr16	1	841538	90354753	0.00931371
chr16	2	10619	90354753	0.000117526
chr16	3	5370	90354753	5.94324e-05
chr16	4	4494	90354753	4.97373e-05
chr16	5	3726	90354753	4.12375e-05
chr16	6	2982	90354753	3.30032e-05
chr16	7	2535	90354753	2.80561e-05
chr16	8	1840	90354753	2.03642e-05
chr16	9	1301	90354753	1.43988e-05
chr16	10	982	90354753	1.08683e-05
chr16	11	825	90354753	9.13068e-06
chr16	12	522	90354753	5.77723e-06
chr16	13	273	90354753	3.02142e-06
chr16	14	152	90354753	1.68226e-06
chr16	15	113	90354753	1.25063e-06
chr16	16	63	90354753	6.97252e-07
chr16	17	56	90354753	6.19779e-07
chr16	18	33	90354753	3.65227e-07
chr16	19	13	90354753	1.43877e-07
chr16	20	8	90354753	8.85399e-08
chr17	0	80307069	81195210	0.989062
chr17	1	880693	81195210	0.0108466
chr17	2	6605	81195210	8.13472e-05
chr17	3	444	81195210	5.4683e-06
chr17	4	231	81195210	2.845e-06
chr17	5	49	81195210	6.03484e-07
chr17	6	30	81195210	3.6948e-07
chr17	7	24	81195210	2.95584e-07
chr17	8	15	81195210	1.8474e-07
chr17	9	7	81195210	8.6212e-08
chr17	10	2	81195210	2.4632e-08
chr17	11	3	81195210	3.6948e-08
chr17	12	14	81195210	1.72424e-07
chr17	13	4	81195210	4.9264e-08
chr17	14	8	81195210	9.8528e-08
chr17	15	12	81195210	1.47792e-07
chr18	0	77138398	78077248	0.987975
chr18	1	931508	78077248	0.0119306
chr18	2	6122	78077248	7.84095e-05
chr18	3	429	78077248	5.49456e-06
chr18	4	203	78077248	2.59999e-06
chr18	5	156	78077248	1.99802e-06
chr18	6	41	78077248	5.25121e-07
chr18	7	57	78077248	7.30046e-07
chr18	8	38	78077248	4.86698e-07
chr18	9	51	78077248	6.53199e-07
chr18	10	62	78077248	7.94085e-07
chr18	11	58	78077248	7.42854e-07
chr18	12	61	78077248	7.81278e-07
chr18	13	10	78077248	1.28078e-07
chr18	14	8	78077248	1.02463e-07
chr18	15	15	78077248	1.92117e-07
chr18	16	6	78077248	7.6847e-08
chr18	17	3	78077248	3.84235e-08
chr18	18	4	78077248	5.12313e-08
chr18	19	4	78077248	5.12313e-08
chr18	21	2	78077248	2.56157e-08
chr18	22	9	78077248	1.1527e-07
chr18	23	3	78077248	3.84235e-08
chr19	0	58214688	59128983	0.984537
chr19	1	904194	59128983	0.0152919
chr19	2	7333	59128983	0.000124017
chr19	3	633	59128983	1.07054e-05
chr19	4	418	59128983	7.06929e-06
chr19	5	315	59128983	5.32734e-06
chr19	6	267	59128983	4.51555e-06
chr19	7	160	59128983	2.70595e-06
chr19	8	118	59128983	1.99564e-06
chr19	9	78	59128983	1.31915e-06
chr19	10	169	59128983	2.85816e-06
chr19	11	103	59128983	1.74195e-06
chr19	12	50	59128983	8.45609e-07
chr19	13	40	59128983	6.76487e-07
chr19	14	47	59128983	7.94872e-07
chr19	15	16	59128983	2.70595e-07
chr19	16	31	59128983	5.24278e-07
chr19	17	18	59128983	3.04419e-07
chr19	18	47	59128983	7.94872e-07
chr19	19	18	59128983	3.04419e-07
chr19	20	16	59128983	2.70595e-07
chr19	21	7	59128983	1.18385e-07
chr19	22	8	59128983	1.35297e-07
chr19	23	15	59128983	2.53683e-07
chr19	24	13	59128983	2.19858e-07
chr19	25	7	59128983	1.18385e-07
chr19	26	8	59128983	1.35297e-07
chr19	27	18	59128983	3.04419e-07
chr19	28	26	59128983	4.39717e-07
chr19	29	30	59128983	5.07365e-07
chr19	30	19	59128983	3.21331e-07
chr19	31	16	59128983	2.70595e-07
chr19	32	15	59128983	2.53683e-07
chr19	33	19	59128983	3.21331e-07
chr19	34	9	59128983	1.5221e-07
chr19	35	8	59128983	1.35297e-07
chr19	36	3	59128983	5.07365e-08
chr19	37	3	59128983	5.07365e-08
chr20	0	62045825	63025520	0.984456
chr20	1	971892	63025520	0.0154206
chr20	2	7570	63025520	0.00012011
chr20	3	164	63025520	2.60212e-06
chr20	4	69	63025520	1.09479e-06
chr21	0	47820804	48129895	0.993578
chr21	1	306945	48129895	0.00637743
chr21	2	1864	48129895	3.87285e-05
chr21	3	119	48129895	2.47248e-06
chr21	4	24	48129895	4.98651e-07
chr21	5	21	48129895	4.36319e-07
chr21	6	45	48129895	9.3497e-07
chr21	7	35	48129895	7.27199e-07
chr21	8	38	48129895	7.8953e-07
chr22	0	50891355	51304566	0.991946
chr22	1	410879	51304566	0.00800862
chr22	2	2268	51304566	4.42066e-05
chr22	3	2	51304566	3.89829e-08
chr22	4	2	51304566	3.89829e-08
chr22	5	2	51304566	3.89829e-08
chr22	6	3	51304566	5.84743e-08
chr22	7	1	51304566	1.94914e-08
chr22	8	3	51304566	5.84743e-08
chr22	10	2	51304566	3.89829e-08
chr22	12	3	51304566	5.84743e-08
chr22	13	1	51304566	1.94914e-08
chr22	14	3	51304566	5.84743e-08
chr22	15	2	51304566	3.89829e-08
chr22	16	2	51304566	3.89829e-08
chr22	17	2	51304566	3.89829e-08
chr22	18	3	51304566	5.84743e-08
chr22	19	9	51304566	1.75423e-07
chr22	20	24	51304566	4.67795e-07
chrX	0	153929576	155270560	0.991364
chrX	1	1329935	155270560	0.00856527
chrX	2	9264	155270560	5.96636e-05
chrX	3	1016	155270560	6.54342e-06
chrX	4	456	155270560	2.93681e-06
chrX	5	186	155270560	1.19791e-06
chrX	6	58	155270560	3.73542e-07
chrX	7	17	155270560	1.09486e-07
chrX	8	50	155270560	3.22019e-07
chrX	9	2	155270560	1.28807e-08
chrY	0	59319858	59373566	0.999095
chrY	1	51200	59373566	0.000862337
chrY	2	1596	59373566	2.68806e-05
chrY	3	555	59373566	9.34759e-06
chrY	4	166	59373566	2.79586e-06
chrY	5	107	59373566	1.80215e-06
chrY	6	33	59373566	5.55803e-07
chrY	7	2	59373566	3.3685e-08
chrY	8	9	59373566	1.51583e-07
chrY	9	5	59373566	8.42126e-08
chrY	10	5	59373566	8.42126e-08
chrY	11	2	59373566	3.3685e-08
chrY	12	21	59373566	3.53693e-07
chrY	13	7	59373566	1.17898e-07
chr1_gl000191_random	0	105783	106433	0.993893
chr1_gl000191_random	1	650	106433	0.00610713
chr1_gl000192_random	0	536462	547496	0.979846
chr1_gl000192_random	1	10968	547496	0.020033
chr1_gl000192_random	2	66	547496	0.000120549
chr4_ctg9_hap1	0	587033	590426	0.994253
chr4_ctg9_hap1	1	3386	590426	0.00573484
chr4_ctg9_hap1	2	7	590426	1.18558e-05
chr4_gl000193_random	0	186204	189789	0.981111
chr4_gl000193_random	1	3570	189789	0.0188104
chr4_gl000193_random	2	15	189789	7.90351e-05
chr4_gl000194_random	0	188277	191469	0.983329
chr4_gl000194_random	1	3134	191469	0.0163682
chr4_gl000194_random	2	58	191469	0.000302921
chr6_apd_hap1	0	4616926	4622290	0.99884
chr6_apd_hap1	1	5278	4622290	0.00114186
chr6_apd_hap1	2	86	4622290	1.86055e-05
chr6_cox_hap2	0	4782571	4795371	0.997331
chr6_cox_hap2	1	12800	4795371	0.00266924
chr6_dbb_hap3	0	4600328	4610396	0.997816
chr6_dbb_hap3	1	10036	4610396	0.00217682
chr6_dbb_hap3	2	32	4610396	6.94084e-06
chr6_mann_hap4	0	4673763	4683263	0.997971
chr6_mann_hap4	1	9500	4683263	0.0020285
chr6_mcf_hap5	0	4825001	4833398	0.998263
chr6_mcf_hap5	1	8344	4833398	0.00172632
chr6_mcf_hap5	2	53	4833398	1.09654e-05
chr6_qbl_hap6	0	4602534	4611984	0.997951
chr6_qbl_hap6	1	9450	4611984	0.00204901
chr6_ssto_hap7	0	4918190	4928567	0.997895
chr6_ssto_hap7	1	10354	4928567	0.00210081
chr6_ssto_hap7	2	23	4928567	4.66667e-06
chr7_gl000195_random	0	177833	182896	0.972318
chr7_gl000195_random	1	5026	182896	0.0274801
chr7_gl000195_random	2	37	182896	0.000202301
chr8_gl000196_random	0	38564	38914	0.991006
chr8_gl000196_random	1	350	38914	0.00899419
chr8_gl000197_random	0	37075	37175	0.99731
chr8_gl000197_random	1	100	37175	0.00268998
chr9_gl000198_random	0	87914	90085	0.975901
chr9_gl000198_random	1	2092	90085	0.0232225
chr9_gl000198_random	2	79	90085	0.00087695
chr9_gl000199_random	0	114797	169874	0.675777
chr9_gl000199_random	1	35259	169874	0.20756
chr9_gl000199_random	2	12588	169874	0.074102
chr9_gl000199_random	3	4197	169874	0.0247065
chr9_gl000199_random	4	1496	169874	0.00880653
chr9_gl000199_random	5	623	169874	0.00366742
chr9_gl000199_random	6	304	169874	0.00178956
chr9_gl000199_random	7	121	169874	0.000712293
chr9_gl000199_random	8	115	169874	0.000676972
chr9_gl000199_random	9	104	169874	0.000612218
chr9_gl000199_random	10	75	169874	0.000441504
chr9_gl000199_random	11	44	169874	0.000259016
chr9_gl000199_random	12	17	169874	0.000100074
chr9_gl000199_random	13	49	169874	0.000288449
chr9_gl000199_random	14	54	169874	0.000317883
chr9_gl000199_random	15	2	169874	1.17734e-05
chr9_gl000199_random	16	11	169874	6.47539e-05
chr9_gl000199_random	17	14	169874	8.2414e-05
chr9_gl000199_random	18	3	169874	1.76601e-05
chr9_gl000199_random	19	1	169874	5.88672e-06
chr9_gl000200_random	0	185985	187035	0.994386
chr9_gl000200_random	1	1050	187035	0.00561392
chr9_gl000201_random	0	35848	36148	0.991701
chr9_gl000201_random	1	300	36148	0.00829921
chr11_gl000202_random	0	39703	40103	0.990026
chr11_gl000202_random	1	400	40103	0.00997432
chr17_ctg5_hap1	0	1675097	1680828	0.99659
chr17_ctg5_hap1	1	5662	1680828	0.00336858
chr17_ctg5_hap1	2	69	1680828	4.10512e-05
chr17_gl000203_random	0	37198	37498	0.992
chr17_gl000203_random	1	300	37498	0.00800043
chr17_gl000204_random	0	80810	81310	0.993851
chr17_gl000204_random	1	500	81310	0.00614931
chr17_gl000205_random	0	170321	174588	0.97556
chr17_gl000205_random	1	4184	174588	0.023965
chr17_gl000205_random	2	83	174588	0.000475405
chr17_gl000206_random	0	40551	41001	0.989025
chr17_gl000206_random	1	450	41001	0.0109753
chr19_gl000208_random	0	84911	92689	0.916085
chr19_gl000208_random	1	5967	92689	0.0643766
chr19_gl000208_random	2	935	92689	0.0100875
chr19_gl000208_random	3	425	92689	0.00458523
chr19_gl000208_random	4	304	92689	0.00327979
chr19_gl000208_random	5	79	92689	0.000852313
chr19_gl000208_random	6	49	92689	0.00052865
chr19_gl000208_random	7	19	92689	0.000204987
chr19_gl000209_random	0	157369	159169	0.988691
chr19_gl000209_random	1	1800	159169	0.0113087
chrUn_gl000211	0	164366	166566	0.986792
chrUn_gl000211	1	2200	166566	0.013208
chrUn_gl000212	0	184308	186858	0.986353
chrUn_gl000212	1	2550	186858	0.0136467
chrUn_gl000213	0	163739	164239	0.996956
chrUn_gl000213	1	500	164239	0.00304434
chrUn_gl000214	0	131521	137718	0.955002
chrUn_gl000214	1	5827	137718	0.0423111
chrUn_gl000214	2	337	137718	0.00244703
chrUn_gl000214	3	33	137718	0.00023962
chrUn_gl000215	0	170895	172545	0.990437
chrUn_gl000215	1	1650	172545	0.00956272
chrUn_gl000216	0	161225	172294	0.935755
chrUn_gl000216	1	9590	172294	0.0556607
chrUn_gl000216	2	1016	172294	0.0058969
chrUn_gl000216	3	254	172294	0.00147422
chrUn_gl000216	4	94	172294	0.000545579
chrUn_gl000216	5	77	172294	0.000446911
chrUn_gl000216	6	11	172294	6.38444e-05
chrUn_gl000216	7	27	172294	0.000156709
chrUn_gl000217	0	169449	172149	0.984316
chrUn_gl000217	1	2700	172149	0.0156841
chrUn_gl000218	0	157847	161147	0.979522
chrUn_gl000218	1	3300	161147	0.0204782
chrUn_gl000219	0	175964	179198	0.981953
chrUn_gl000219	1	3168	179198	0.0176788
chrUn_gl000219	2	66	179198	0.000368308
chrUn_gl000220	0	127566	161802	0.788408
chrUn_gl000220	1	21215	161802	0.131117
chrUn_gl000220	2	8733	161802	0.0539734
chrUn_gl000220	3	2906	161802	0.0179602
chrUn_gl000220	4	937	161802	0.00579103
chrUn_gl000220	5	350	161802	0.00216314
chrUn_gl000220	6	73	161802	0.000451169
chrUn_gl000220	7	11	161802	6.79843e-05
chrUn_gl000220	8	11	161802	6.79843e-05
chrUn_gl000221	0	152397	155397	0.980695
chrUn_gl000221	1	3000	155397	0.0193054
chrUn_gl000222	0	184377	186861	0.986707
chrUn_gl000222	1	2418	186861	0.0129401
chrUn_gl000222	2	66	186861	0.000353204
chrUn_gl000223	0	179155	180455	0.992796
chrUn_gl000223	1	1300	180455	0.00720401
chrUn_gl000224	0	174766	179693	0.972581
chrUn_gl000224	1	4254	179693	0.0236737
chrUn_gl000224	2	673	179693	0.00374528
chrUn_gl000225	0	196659	211173	0.93127
chrUn_gl000225	1	12620	211173	0.0597614
chrUn_gl000225	2	1315	211173	0.00622712
chrUn_gl000225	3	286	211173	0.00135434
chrUn_gl000225	4	194	211173	0.000918678
chrUn_gl000225	5	47	211173	0.000222566
chrUn_gl000225	6	1	211173	4.73545e-06
chrUn_gl000225	7	2	211173	9.47091e-06
chrUn_gl000225	8	1	211173	4.73545e-06
chrUn_gl000225	9	3	211173	1.42064e-05
chrUn_gl000225	10	3	211173	1.42064e-05
chrUn_gl000225	11	8	211173	3.78836e-05
chrUn_gl000225	12	8	211173	3.78836e-05
chrUn_gl000225	13	2	211173	9.47091e-06
chrUn_gl000225	14	24	211173	0.000113651
chrUn_gl000226	0	821	15008	0.0547042
chrUn_gl000226	1	1010	15008	0.0672974
chrUn_gl000226	2	1151	15008	0.0766924
chrUn_gl000226	3	1725	15008	0.114939
chrUn_gl000226	4	1818	15008	0.121135
chrUn_gl000226	5	1953	15008	0.130131
chrUn_gl000226	6	1843	15008	0.122801
chrUn_gl000226	7	1445	15008	0.096282
chrUn_gl000226	8	1038	15008	0.0691631
chrUn_gl000226	9	675	15008	0.044976
chrUn_gl000226	10	488	15008	0.032516
chrUn_gl000226	11	280	15008	0.0186567
chrUn_gl000226	12	197	15008	0.0131263
chrUn_gl000226	13	174	15008	0.0115938
chrUn_gl000226	14	165	15008	0.0109941
chrUn_gl000226	15	70	15008	0.00466418
chrUn_gl000226	16	50	15008	0.00333156
chrUn_gl000226	17	54	15008	0.00359808
chrUn_gl000226	18	34	15008	0.00226546
chrUn_gl000226	19	7	15008	0.000466418
chrUn_gl000226	20	1	15008	6.66311e-05
chrUn_gl000226	21	3	15008	0.000199893
chrUn_gl000226	22	6	15008	0.000399787
chrUn_gl000227	0	127424	128374	0.9926
chrUn_gl000227	1	950	128374	0.00740025
chrUn_gl000228	0	126586	129120	0.980375
chrUn_gl000228	1	2345	129120	0.0181614
chrUn_gl000228	2	123	129120	0.000952602
chrUn_gl000228	3	55	129120	0.00042596
chrUn_gl000228	4	11	129120	8.51921e-05
chrUn_gl000229	0	19213	19913	0.964847
chrUn_gl000229	1	700	19913	0.0351529
chrUn_gl000230	0	42445	43691	0.971482
chrUn_gl000230	1	1242	43691	0.0284269
chrUn_gl000230	2	4	43691	9.1552e-05
chrUn_gl000231	0	26264	27386	0.95903
chrUn_gl000231	1	1094	27386	0.0399474
chrUn_gl000231	2	28	27386	0.00102242
chrUn_gl000232	0	38825	40652	0.955058
chrUn_gl000232	1	1804	40652	0.0443767
chrUn_gl000232	2	23	40652	0.000565778
chrUn_gl000233	0	44591	45941	0.970614
chrUn_gl000233	1	1350	45941	0.0293855
chrUn_gl000234	0	38589	40531	0.952086
chrUn_gl000234	1	1892	40531	0.0466803
chrUn_gl000234	2	42	40531	0.00103624
chrUn_gl000234	3	8	40531	0.00019738
chrUn_gl000235	0	33297	34474	0.965858
chrUn_gl000235	1	1154	34474	0.0334745
chrUn_gl000235	2	23	34474	0.000667169
chrUn_gl000236	0	41297	41934	0.984809
chrUn_gl000236	1	624	41934	0.0148805
chrUn_gl000236	2	13	41934	0.000310011
chrUn_gl000237	0	44567	45867	0.971657
chrUn_gl000237	1	1300	45867	0.0283428
chrUn_gl000238	0	39639	39939	0.992489
chrUn_gl000238	1	300	39939	0.00751146
chrUn_gl000239	0	32924	33824	0.973392
chrUn_gl000239	1	900	33824	0.0266083
chrUn_gl000240	0	41383	41933	0.986884
chrUn_gl000240	1	550	41933	0.0131162
chrUn_gl000241	0	39852	42152	0.945436
chrUn_gl000241	1	2300	42152	0.0545644
chrUn_gl000242	0	43373	43523	0.996554
chrUn_gl000242	1	150	43523	0.00344645
chrUn_gl000243	0	42028	43341	0.969705
chrUn_gl000243	1	1226	43341	0.0282873
chrUn_gl000243	2	87	43341	0.00200734
chrUn_gl000244	0	38452	39929	0.963009
chrUn_gl000244	1	1454	39929	0.0364146
chrUn_gl000244	2	23	39929	0.000576022
chrUn_gl000245	0	36033	36651	0.983138
chrUn_gl000245	1	586	36651	0.0159886
chrUn_gl000245	2	32	36651	0.0008731
chrUn_gl000246	0	37854	38154	0.992137
chrUn_gl000246	1	300	38154	0.00786287
chrUn_gl000247	0	35522	36422	0.97529
chrUn_gl000247	1	900	36422	0.0247103
chrUn_gl000248	0	39536	39786	0.993716
chrUn_gl000248	1	250	39786	0.00628362
chrUn_gl000249	0	38302	38502	0.994805
chrUn_gl000249	1	200	38502	0.00519454
chr18_gl000207_random	0	4262	4262	1
chr21_gl000210_random	0	27682	27682	1
genome	0	3098054411	3137161264	0.987534
genome	1	38669429	3137161264	0.0123262
genome	2	336465	3137161264	0.000107251
genome	3	31455	3137161264	1.00266e-05
genome	4	17904	3137161264	5.70707e-06
genome	5	12016	3137161264	3.83021e-06
genome	6	8478	3137161264	2.70244e-06
genome	7	6396	3137161264	2.03879e-06
genome	8	4771	3137161264	1.5208e-06
genome	9	3841	3137161264	1.22436e-06
genome	10	3112	3137161264	9.9198e-07
genome	11	2299	3137161264	7.32828e-07
genome	12	1783	3137161264	5.68348e-07
genome	13	1381	3137161264	4.40207e-07
genome	14	1221	3137161264	3.89205e-07
genome	15	792	3137161264	2.52458e-07
genome	16	629	3137161264	2.005e-07
genome	17	576	3137161264	1.83605e-07
genome	18	497	3137161264	1.58423e-07
genome	19	350	3137161264	1.11566e-07
genome	20	313	3137161264	9.97717e-08
genome	21	200	3137161264	6.37519e-08
genome	22	231	3137161264	7.36335e-08
genome	23	254	3137161264	8.09649e-08
genome	24	203	3137161264	6.47082e-08
genome	25	191	3137161264	6.08831e-08
genome	26	194	3137161264	6.18393e-08
genome	27	203	3137161264	6.47082e-08
genome	28	163	3137161264	5.19578e-08
genome	29	180	3137161264	5.73767e-08
genome	30	139	3137161264	4.43076e-08
genome	31	144	3137161264	4.59014e-08
genome	32	130	3137161264	4.14387e-08
genome	33	112	3137161264	3.57011e-08
genome	34	81	3137161264	2.58195e-08
genome	35	74	3137161264	2.35882e-08
genome	36	55	3137161264	1.75318e-08
genome	37	54	3137161264	1.7213e-08
genome	38	52	3137161264	1.65755e-08
genome	39	38	3137161264	1.21129e-08
genome	40	47	3137161264	1.49817e-08
genome	41	38	3137161264	1.21129e-08
genome	42	36	3137161264	1.14753e-08
genome	43	18	3137161264	5.73767e-09
genome	44	13	3137161264	4.14387e-09
genome	45	21	3137161264	6.69395e-09
genome	46	21	3137161264	6.69395e-09
genome	47	15	3137161264	4.78139e-09
genome	48	10	3137161264	3.1876e-09
genome	49	14	3137161264	4.46263e-09
genome	50	10	3137161264	3.1876e-09
genome	51	9	3137161264	2.86884e-09
genome	52	15	3137161264	4.78139e-09
genome	53	6	3137161264	1.91256e-09
genome	54	7	3137161264	2.23132e-09
genome	55	8	3137161264	2.55008e-09
genome	56	10	3137161264	3.1876e-09
genome	57	25	3137161264	7.96899e-09
genome	58	32	3137161264	1.02003e-08
genome	59	23	3137161264	7.33147e-09
genome	60	21	3137161264	6.69395e-09
genome	61	14	3137161264	4.46263e-09
genome	62	14	3137161264	4.46263e-09
genome	63	8	3137161264	2.55008e-09
genome	64	8	3137161264	2.55008e-09
genome	65	4	3137161264	1.27504e-09
