chrM	0	11243	16571	0.678474
chrM	1	4367	16571	0.263533
chrM	2	850	16571	0.0512944
chrM	3	111	16571	0.00669845
chr1	0	244734670	249250621	0.981882
chr1	1	4461013	249250621	0.0178977
chr1	2	52168	249250621	0.000209299
chr1	3	985	249250621	3.95185e-06
chr1	4	350	249250621	1.40421e-06
chr1	5	153	249250621	6.1384e-07
chr1	6	34	249250621	1.36409e-07
chr1	7	68	249250621	2.72818e-07
chr1	8	45	249250621	1.80541e-07
chr1	9	14	249250621	5.61684e-08
chr1	10	20	249250621	8.02405e-08
chr1	11	23	249250621	9.22766e-08
chr1	12	19	249250621	7.62285e-08
chr1	13	30	249250621	1.20361e-07
chr1	14	26	249250621	1.04313e-07
chr1	15	20	249250621	8.02405e-08
chr1	16	31	249250621	1.24373e-07
chr1	17	28	249250621	1.12337e-07
chr1	18	38	249250621	1.52457e-07
chr1	19	37	249250621	1.48445e-07
chr1	20	50	249250621	2.00601e-07
chr1	21	68	249250621	2.72818e-07
chr1	22	65	249250621	2.60782e-07
chr1	23	75	249250621	3.00902e-07
chr1	24	45	249250621	1.80541e-07
chr1	25	50	249250621	2.00601e-07
chr1	26	29	249250621	1.16349e-07
chr1	27	29	249250621	1.16349e-07
chr1	28	26	249250621	1.04313e-07
chr1	29	43	249250621	1.72517e-07
chr1	30	21	249250621	8.42525e-08
chr1	31	24	249250621	9.62886e-08
chr1	32	27	249250621	1.08325e-07
chr1	33	14	249250621	5.61684e-08
chr1	34	8	249250621	3.20962e-08
chr1	35	10	249250621	4.01203e-08
chr1	36	12	249250621	4.81443e-08
chr1	37	13	249250621	5.21563e-08
chr1	38	4	249250621	1.60481e-08
chr1	39	12	249250621	4.81443e-08
chr1	40	4	249250621	1.60481e-08
chr1	41	3	249250621	1.20361e-08
chr1	42	3	249250621	1.20361e-08
chr1	43	5	249250621	2.00601e-08
chr1	44	4	249250621	1.60481e-08
chr1	45	4	249250621	1.60481e-08
chr1	46	4	249250621	1.60481e-08
chr1	47	7	249250621	2.80842e-08
chr1	48	9	249250621	3.61082e-08
chr1	49	3	249250621	1.20361e-08
chr1	50	5	249250621	2.00601e-08
chr1	51	6	249250621	2.40722e-08
chr1	52	10	249250621	4.01203e-08
chr1	53	5	249250621	2.00601e-08
chr1	54	4	249250621	1.60481e-08
chr1	55	6	249250621	2.40722e-08
chr1	56	7	249250621	2.80842e-08
chr1	57	19	249250621	7.62285e-08
chr1	58	23	249250621	9.22766e-08
chr1	59	26	249250621	1.04313e-07
chr1	60	21	249250621	8.42525e-08
chr1	61	19	249250621	7.62285e-08
chr1	62	5	249250621	2.00601e-08
chr1	63	10	249250621	4.01203e-08
chr1	64	4	249250621	1.60481e-08
chr1	65	4	249250621	1.60481e-08
chr1	66	4	249250621	1.60481e-08
chr2	0	239909894	243199373	0.986474
chr2	1	3255962	243199373	0.013388
chr2	2	25886	243199373	0.000106439
chr2	3	3190	243199373	1.31168e-05
chr2	4	1786	243199373	7.34377e-06
chr2	5	988	243199373	4.06251e-06
chr2	6	638	243199373	2.62336e-06
chr2	7	393	243199373	1.61596e-06
chr2	8	155	243199373	6.37337e-07
chr2	9	159	243199373	6.53785e-07
chr2	10	112	243199373	4.60528e-07
chr2	11	71	243199373	2.91942e-07
chr2	12	61	243199373	2.50823e-07
chr2	13	17	243199373	6.99015e-08
chr2	14	32	243199373	1.31579e-07
chr2	15	4	243199373	1.64474e-08
chr2	16	25	243199373	1.02796e-07
chr3	0	194639355	198022430	0.982916
chr3	1	3354778	198022430	0.0169414
chr3	2	27917	198022430	0.000140979
chr3	3	215	198022430	1.08574e-06
chr3	4	32	198022430	1.61598e-07
chr3	5	20	198022430	1.00999e-07
chr3	6	4	198022430	2.01997e-08
chr3	7	5	198022430	2.52497e-08
chr3	8	4	198022430	2.01997e-08
chr3	9	2	198022430	1.00999e-08
chr3	10	2	198022430	1.00999e-08
chr3	11	1	198022430	5.04993e-09
chr3	12	3	198022430	1.51498e-08
chr3	13	3	198022430	1.51498e-08
chr3	15	2	198022430	1.00999e-08
chr3	16	4	198022430	2.01997e-08
chr3	17	3	198022430	1.51498e-08
chr3	18	2	198022430	1.00999e-08
chr3	19	3	198022430	1.51498e-08
chr3	20	2	198022430	1.00999e-08
chr3	21	2	198022430	1.00999e-08
chr3	22	3	198022430	1.51498e-08
chr3	23	2	198022430	1.00999e-08
chr3	24	3	198022430	1.51498e-08
chr3	25	4	198022430	2.01997e-08
chr3	26	4	198022430	2.01997e-08
chr3	27	6	198022430	3.02996e-08
chr3	28	6	198022430	3.02996e-08
chr3	29	5	198022430	2.52497e-08
chr3	30	4	198022430	2.01997e-08
chr3	31	3	198022430	1.51498e-08
chr3	32	1	198022430	5.04993e-09
chr3	33	4	198022430	2.01997e-08
chr3	34	4	198022430	2.01997e-08
chr3	35	5	198022430	2.52497e-08
chr3	36	8	198022430	4.03995e-08
chr3	37	5	198022430	2.52497e-08
chr3	38	1	198022430	5.04993e-09
chr3	39	2	198022430	1.00999e-08
chr3	40	1	198022430	5.04993e-09
chr4	0	188844552	191154276	0.987917
chr4	1	2291036	191154276	0.0119853
chr4	2	16476	191154276	8.61922e-05
chr4	3	1302	191154276	6.81125e-06
chr4	4	493	191154276	2.57907e-06
chr4	5	218	191154276	1.14044e-06
chr4	6	77	191154276	4.02816e-07
chr4	7	50	191154276	2.61569e-07
chr4	8	66	191154276	3.45271e-07
chr4	9	6	191154276	3.13883e-08
chr5	0	178675966	180915260	0.987622
chr5	1	2224961	180915260	0.0122984
chr5	2	13687	180915260	7.56542e-05
chr5	3	569	180915260	3.14512e-06
chr5	4	77	180915260	4.25614e-07
chr6	0	169080791	171115067	0.988112
chr6	1	2019753	171115067	0.0118035
chr6	2	10595	171115067	6.19174e-05
chr6	3	337	171115067	1.96943e-06
chr6	4	254	171115067	1.48438e-06
chr6	5	332	171115067	1.94021e-06
chr6	6	294	171115067	1.71814e-06
chr6	7	287	171115067	1.67723e-06
chr6	8	374	171115067	2.18566e-06
chr6	9	343	171115067	2.0045e-06
chr6	10	281	171115067	1.64217e-06
chr6	11	277	171115067	1.61879e-06
chr6	12	305	171115067	1.78243e-06
chr6	13	282	171115067	1.64801e-06
chr6	14	201	171115067	1.17465e-06
chr6	15	136	171115067	7.94787e-07
chr6	16	80	171115067	4.67522e-07
chr6	17	58	171115067	3.38953e-07
chr6	18	55	171115067	3.21421e-07
chr6	19	22	171115067	1.28568e-07
chr6	20	3	171115067	1.75321e-08
chr6	21	7	171115067	4.09081e-08
chr7	0	156662214	159138663	0.984438
chr7	1	2453262	159138663	0.0154159
chr7	2	19272	159138663	0.000121102
chr7	3	963	159138663	6.05133e-06
chr7	4	590	159138663	3.70746e-06
chr7	5	394	159138663	2.47583e-06
chr7	6	217	159138663	1.36359e-06
chr7	7	128	159138663	8.0433e-07
chr7	8	237	159138663	1.48927e-06
chr7	9	148	159138663	9.30007e-07
chr7	10	137	159138663	8.60884e-07
chr7	11	122	159138663	7.66627e-07
chr7	12	131	159138663	8.23181e-07
chr7	13	99	159138663	6.22099e-07
chr7	14	126	159138663	7.91762e-07
chr7	15	101	159138663	6.34667e-07
chr7	16	81	159138663	5.0899e-07
chr7	17	73	159138663	4.58719e-07
chr7	18	69	159138663	4.33584e-07
chr7	19	64	159138663	4.02165e-07
chr7	20	42	159138663	2.63921e-07
chr7	21	44	159138663	2.76488e-07
chr7	22	39	159138663	2.45069e-07
chr7	23	39	159138663	2.45069e-07
chr7	24	31	159138663	1.94799e-07
chr7	25	18	159138663	1.13109e-07
chr7	26	10	159138663	6.28383e-08
chr7	27	7	159138663	4.39868e-08
chr7	28	3	159138663	1.88515e-08
chr7	29	2	159138663	1.25677e-08
chr8	0	144224721	146364022	0.985384
chr8	1	2113469	146364022	0.0144398
chr8	2	20536	146364022	0.000140308
chr8	3	2649	146364022	1.80987e-05
chr8	4	1399	146364022	9.55836e-06
chr8	5	617	146364022	4.21552e-06
chr8	6	339	146364022	2.31614e-06
chr8	7	189	146364022	1.2913e-06
chr8	8	55	146364022	3.75775e-07
chr8	9	12	146364022	8.19874e-08
chr8	10	20	146364022	1.36646e-07
chr8	11	16	146364022	1.09316e-07
chr9	0	139872850	141213431	0.990507
chr9	1	1331852	141213431	0.00943148
chr9	2	8116	141213431	5.74733e-05
chr9	3	250	141213431	1.77037e-06
chr9	4	160	141213431	1.13304e-06
chr9	5	66	141213431	4.67378e-07
chr9	6	41	141213431	2.90341e-07
chr9	7	34	141213431	2.4077e-07
chr9	8	46	141213431	3.25748e-07
chr9	9	16	141213431	1.13304e-07
chr10	0	133886052	135534747	0.987836
chr10	1	1622708	135534747	0.0119726
chr10	2	13674	135534747	0.000100889
chr10	3	2209	135534747	1.62984e-05
chr10	4	1564	135534747	1.15395e-05
chr10	5	1155	135534747	8.5218e-06
chr10	6	876	135534747	6.46329e-06
chr10	7	749	135534747	5.52626e-06
chr10	8	611	135534747	4.50807e-06
chr10	9	511	135534747	3.77025e-06
chr10	10	474	135534747	3.49726e-06
chr10	11	401	135534747	2.95865e-06
chr10	12	370	135534747	2.72993e-06
chr10	13	399	135534747	2.94389e-06
chr10	14	250	135534747	1.84455e-06
chr10	15	292	135534747	2.15443e-06
chr10	16	163	135534747	1.20264e-06
chr10	17	175	135534747	1.29118e-06
chr10	18	194	135534747	1.43137e-06
chr10	19	198	135534747	1.46088e-06
chr10	20	166	135534747	1.22478e-06
chr10	21	190	135534747	1.40185e-06
chr10	22	169	135534747	1.24691e-06
chr10	23	129	135534747	9.51785e-07
chr10	24	145	135534747	1.06984e-06
chr10	25	123	135534747	9.07516e-07
chr10	26	90	135534747	6.64036e-07
chr10	27	79	135534747	5.82876e-07
chr10	28	80	135534747	5.90255e-07
chr10	29	68	135534747	5.01716e-07
chr10	30	79	135534747	5.82876e-07
chr10	31	51	135534747	3.76287e-07
chr10	32	35	135534747	2.58236e-07
chr10	33	30	135534747	2.21345e-07
chr10	34	30	135534747	2.21345e-07
chr10	35	29	135534747	2.13967e-07
chr10	36	37	135534747	2.72993e-07
chr10	37	52	135534747	3.83665e-07
chr10	38	45	135534747	3.32018e-07
chr10	39	37	135534747	2.72993e-07
chr10	40	19	135534747	1.40185e-07
chr10	41	12	135534747	8.85382e-08
chr10	42	13	135534747	9.59164e-08
chr10	43	5	135534747	3.68909e-08
chr10	44	6	135534747	4.42691e-08
chr10	45	1	135534747	7.37818e-09
chr10	46	1	135534747	7.37818e-09
chr10	47	1	135534747	7.37818e-09
chr11	0	132915116	135006516	0.984509
chr11	1	2070534	135006516	0.0153365
chr11	2	18859	135006516	0.00013969
chr11	3	581	135006516	4.3035e-06
chr11	4	299	135006516	2.21471e-06
chr11	5	195	135006516	1.44437e-06
chr11	6	222	135006516	1.64437e-06
chr11	7	188	135006516	1.39253e-06
chr11	8	164	135006516	1.21476e-06
chr11	9	104	135006516	7.70333e-07
chr11	10	65	135006516	4.81458e-07
chr11	11	106	135006516	7.85147e-07
chr11	12	27	135006516	1.9999e-07
chr11	13	9	135006516	6.66635e-08
chr11	14	2	135006516	1.48141e-08
chr11	15	1	135006516	7.40705e-09
chr11	16	3	135006516	2.22212e-08
chr11	17	4	135006516	2.96282e-08
chr11	19	4	135006516	2.96282e-08
chr11	20	3	135006516	2.22212e-08
chr11	21	3	135006516	2.22212e-08
chr11	22	5	135006516	3.70352e-08
chr11	23	15	135006516	1.11106e-07
chr11	24	7	135006516	5.18494e-08
chr12	0	132294242	133851895	0.988363
chr12	1	1547800	133851895	0.0115635
chr12	2	9514	133851895	7.10786e-05
chr12	3	209	133851895	1.56143e-06
chr12	4	43	133851895	3.21251e-07
chr12	5	34	133851895	2.54012e-07
chr12	6	18	133851895	1.34477e-07
chr12	7	35	133851895	2.61483e-07
chr13	0	114364895	115169878	0.99301
chr13	1	802516	115169878	0.00696811
chr13	2	2467	115169878	2.14205e-05
chr14	0	105615191	107349540	0.983844
chr14	1	1718338	107349540	0.0160069
chr14	2	15921	107349540	0.00014831
chr14	3	90	107349540	8.38383e-07
chr15	0	101835341	102531392	0.993211
chr15	1	693493	102531392	0.00676371
chr15	2	2517	102531392	2.45486e-05
chr15	3	41	102531392	3.99878e-07
chr16	0	89537595	90354753	0.990956
chr16	1	781929	90354753	0.00865399
chr16	2	10472	90354753	0.000115899
chr16	3	5414	90354753	5.99194e-05
chr16	4	4623	90354753	5.1165e-05
chr16	5	3898	90354753	4.31411e-05
chr16	6	3133	90354753	3.46744e-05
chr16	7	2593	90354753	2.8698e-05
chr16	8	2015	90354753	2.2301e-05
chr16	9	1240	90354753	1.37237e-05
chr16	10	791	90354753	8.75438e-06
chr16	11	452	90354753	5.0025e-06
chr16	12	291	90354753	3.22064e-06
chr16	13	160	90354753	1.7708e-06
chr16	14	93	90354753	1.02928e-06
chr16	15	46	90354753	5.09104e-07
chr16	16	8	90354753	8.85399e-08
chr17	0	80247831	81195210	0.988332
chr17	1	939808	81195210	0.0115747
chr17	2	6863	81195210	8.45247e-05
chr17	3	414	81195210	5.09882e-06
chr17	4	132	81195210	1.62571e-06
chr17	5	71	81195210	8.74436e-07
chr17	6	49	81195210	6.03484e-07
chr17	7	5	81195210	6.158e-08
chr17	8	2	81195210	2.4632e-08
chr17	9	12	81195210	1.47792e-07
chr17	10	15	81195210	1.8474e-07
chr17	11	8	81195210	9.8528e-08
chr18	0	77181941	78077248	0.988533
chr18	1	887944	78077248	0.0113726
chr18	2	6141	78077248	7.86529e-05
chr18	3	504	78077248	6.45515e-06
chr18	4	230	78077248	2.9458e-06
chr18	5	83	78077248	1.06305e-06
chr18	6	131	78077248	1.67783e-06
chr18	7	50	78077248	6.40391e-07
chr18	8	62	78077248	7.94085e-07
chr18	9	58	78077248	7.42854e-07
chr18	10	50	78077248	6.40391e-07
chr18	11	33	78077248	4.22658e-07
chr18	12	13	78077248	1.66502e-07
chr18	13	8	78077248	1.02463e-07
chr19	0	58173353	59128983	0.983838
chr19	1	943816	59128983	0.015962
chr19	2	9317	59128983	0.000157571
chr19	3	461	59128983	7.79652e-06
chr19	4	387	59128983	6.54501e-06
chr19	5	296	59128983	5.00601e-06
chr19	6	195	59128983	3.29788e-06
chr19	7	113	59128983	1.91108e-06
chr19	8	117	59128983	1.97873e-06
chr19	9	144	59128983	2.43535e-06
chr19	10	110	59128983	1.86034e-06
chr19	11	119	59128983	2.01255e-06
chr19	12	102	59128983	1.72504e-06
chr19	13	54	59128983	9.13258e-07
chr19	14	47	59128983	7.94872e-07
chr19	15	40	59128983	6.76487e-07
chr19	16	33	59128983	5.58102e-07
chr19	17	22	59128983	3.72068e-07
chr19	18	12	59128983	2.02946e-07
chr19	19	59	59128983	9.97819e-07
chr19	20	15	59128983	2.53683e-07
chr19	21	30	59128983	5.07365e-07
chr19	22	26	59128983	4.39717e-07
chr19	23	20	59128983	3.38244e-07
chr19	24	14	59128983	2.36771e-07
chr19	25	22	59128983	3.72068e-07
chr19	26	16	59128983	2.70595e-07
chr19	27	8	59128983	1.35297e-07
chr19	28	3	59128983	5.07365e-08
chr19	29	3	59128983	5.07365e-08
chr19	30	1	59128983	1.69122e-08
chr19	31	1	59128983	1.69122e-08
chr19	32	1	59128983	1.69122e-08
chr19	33	2	59128983	3.38244e-08
chr19	34	2	59128983	3.38244e-08
chr19	35	9	59128983	1.5221e-07
chr19	36	10	59128983	1.69122e-07
chr19	37	3	59128983	5.07365e-08
chr20	0	62107318	63025520	0.985431
chr20	1	909867	63025520	0.0144365
chr20	2	8175	63025520	0.000129709
chr20	3	109	63025520	1.72946e-06
chr20	4	2	63025520	3.17332e-08
chr20	5	7	63025520	1.11066e-07
chr20	6	5	63025520	7.93329e-08
chr20	7	13	63025520	2.06266e-07
chr20	8	24	63025520	3.80798e-07
chr21	0	47812332	48129895	0.993402
chr21	1	314728	48129895	0.00653914
chr21	2	2555	48129895	5.30855e-05
chr21	3	121	48129895	2.51403e-06
chr21	4	31	48129895	6.4409e-07
chr21	5	42	48129895	8.72639e-07
chr21	6	9	48129895	1.86994e-07
chr21	7	5	48129895	1.03886e-07
chr21	8	72	48129895	1.49595e-06
chr22	0	50860804	51304566	0.99135
chr22	1	440129	51304566	0.00857875
chr22	2	3523	51304566	6.86683e-05
chr22	3	54	51304566	1.05254e-06
chr22	4	1	51304566	1.94914e-08
chr22	5	1	51304566	1.94914e-08
chr22	6	2	51304566	3.89829e-08
chr22	7	2	51304566	3.89829e-08
chr22	8	2	51304566	3.89829e-08
chr22	9	2	51304566	3.89829e-08
chr22	10	1	51304566	1.94914e-08
chr22	11	1	51304566	1.94914e-08
chr22	12	4	51304566	7.79658e-08
chr22	13	4	51304566	7.79658e-08
chr22	14	17	51304566	3.31354e-07
chr22	15	19	51304566	3.70337e-07
chrX	0	154045083	155270560	0.992108
chrX	1	1215577	155270560	0.00782877
chrX	2	8487	155270560	5.46594e-05
chrX	3	947	155270560	6.09903e-06
chrX	4	255	155270560	1.64229e-06
chrX	5	178	155270560	1.14639e-06
chrX	6	33	155270560	2.12532e-07
chrY	0	59320247	59373566	0.999102
chrY	1	50765	59373566	0.00085501
chrY	2	1752	59373566	2.95081e-05
chrY	3	525	59373566	8.84232e-06
chrY	4	104	59373566	1.75162e-06
chrY	5	110	59373566	1.85268e-06
chrY	6	51	59373566	8.58968e-07
chrY	7	12	59373566	2.0211e-07
chr1_gl000191_random	0	105446	106433	0.990727
chr1_gl000191_random	1	974	106433	0.0091513
chr1_gl000191_random	2	13	106433	0.000122143
chr1_gl000192_random	0	535871	547496	0.978767
chr1_gl000192_random	1	11550	547496	0.021096
chr1_gl000192_random	2	75	547496	0.000136987
chr4_ctg9_hap1	0	585476	590426	0.991616
chr4_ctg9_hap1	1	4950	590426	0.00838378
chr4_gl000193_random	0	186989	189789	0.985247
chr4_gl000193_random	1	2800	189789	0.0147532
chr4_gl000194_random	0	188269	191469	0.983287
chr4_gl000194_random	1	3200	191469	0.0167129
chr6_apd_hap1	0	4617749	4622290	0.999018
chr6_apd_hap1	1	4532	4622290	0.000980466
chr6_apd_hap1	2	9	4622290	1.94709e-06
chr6_cox_hap2	0	4783421	4795371	0.997508
chr6_cox_hap2	1	11950	4795371	0.00249199
chr6_dbb_hap3	0	4600383	4610396	0.997828
chr6_dbb_hap3	1	9976	4610396	0.00216381
chr6_dbb_hap3	2	37	4610396	8.02534e-06
chr6_mann_hap4	0	4673913	4683263	0.998004
chr6_mann_hap4	1	9350	4683263	0.00199647
chr6_mcf_hap5	0	4825412	4833398	0.998348
chr6_mcf_hap5	1	7922	4833398	0.00163901
chr6_mcf_hap5	2	64	4833398	1.32412e-05
chr6_qbl_hap6	0	4602534	4611984	0.997951
chr6_qbl_hap6	1	9450	4611984	0.00204901
chr6_ssto_hap7	0	4918226	4928567	0.997902
chr6_ssto_hap7	1	10332	4928567	0.00209635
chr6_ssto_hap7	2	9	4928567	1.82609e-06
chr7_gl000195_random	0	179028	182896	0.978851
chr7_gl000195_random	1	3836	182896	0.0209737
chr7_gl000195_random	2	32	182896	0.000174963
chr8_gl000196_random	0	38664	38914	0.993576
chr8_gl000196_random	1	250	38914	0.00642442
chr8_gl000197_random	0	36825	37175	0.990585
chr8_gl000197_random	1	350	37175	0.00941493
chr9_gl000198_random	0	88621	90085	0.983749
chr9_gl000198_random	1	1428	90085	0.0158517
chr9_gl000198_random	2	36	90085	0.000399623
chr9_gl000199_random	0	116950	169874	0.688451
chr9_gl000199_random	1	34881	169874	0.205335
chr9_gl000199_random	2	12263	169874	0.0721888
chr9_gl000199_random	3	3109	169874	0.0183018
chr9_gl000199_random	4	1236	169874	0.00727598
chr9_gl000199_random	5	723	169874	0.0042561
chr9_gl000199_random	6	282	169874	0.00166005
chr9_gl000199_random	7	144	169874	0.000847687
chr9_gl000199_random	8	90	169874	0.000529804
chr9_gl000199_random	9	52	169874	0.000306109
chr9_gl000199_random	10	38	169874	0.000223695
chr9_gl000199_random	11	60	169874	0.000353203
chr9_gl000199_random	12	6	169874	3.53203e-05
chr9_gl000199_random	13	5	169874	2.94336e-05
chr9_gl000199_random	14	11	169874	6.47539e-05
chr9_gl000199_random	15	7	169874	4.1207e-05
chr9_gl000199_random	16	10	169874	5.88672e-05
chr9_gl000199_random	17	3	169874	1.76601e-05
chr9_gl000199_random	18	4	169874	2.35469e-05
chr9_gl000200_random	0	185685	187035	0.992782
chr9_gl000200_random	1	1350	187035	0.0072179
chr9_gl000201_random	0	35948	36148	0.994467
chr9_gl000201_random	1	200	36148	0.00553281
chr11_gl000202_random	0	39553	40103	0.986285
chr11_gl000202_random	1	550	40103	0.0137147
chr17_ctg5_hap1	0	1675978	1680828	0.997115
chr17_ctg5_hap1	1	4850	1680828	0.00288548
chr17_gl000203_random	0	36998	37498	0.986666
chr17_gl000203_random	1	500	37498	0.013334
chr17_gl000204_random	0	80260	81310	0.987086
chr17_gl000204_random	1	1050	81310	0.0129135
chr17_gl000205_random	0	170674	174588	0.977582
chr17_gl000205_random	1	3828	174588	0.0219259
chr17_gl000205_random	2	86	174588	0.000492588
chr17_gl000206_random	0	40701	41001	0.992683
chr17_gl000206_random	1	300	41001	0.00731689
chr19_gl000208_random	0	85559	92689	0.923076
chr19_gl000208_random	1	5451	92689	0.0588096
chr19_gl000208_random	2	1135	92689	0.0122452
chr19_gl000208_random	3	323	92689	0.00348477
chr19_gl000208_random	4	118	92689	0.00127307
chr19_gl000208_random	5	80	92689	0.000863101
chr19_gl000208_random	6	23	92689	0.000248142
chr19_gl000209_random	0	157919	159169	0.992147
chr19_gl000209_random	1	1250	159169	0.00785329
chrUn_gl000211	0	163892	166566	0.983946
chrUn_gl000211	1	2648	166566	0.0158976
chrUn_gl000211	2	26	166566	0.000156094
chrUn_gl000212	0	183154	186858	0.980177
chrUn_gl000212	1	3658	186858	0.0195764
chrUn_gl000212	2	46	186858	0.000246176
chrUn_gl000213	0	163439	164239	0.995129
chrUn_gl000213	1	800	164239	0.00487095
chrUn_gl000214	0	132040	137718	0.958771
chrUn_gl000214	1	5656	137718	0.0410694
chrUn_gl000214	2	22	137718	0.000159747
chrUn_gl000215	0	171795	172545	0.995653
chrUn_gl000215	1	750	172545	0.00434669
chrUn_gl000216	0	160915	172294	0.933956
chrUn_gl000216	1	10127	172294	0.0587774
chrUn_gl000216	2	886	172294	0.00514237
chrUn_gl000216	3	197	172294	0.00114339
chrUn_gl000216	4	140	172294	0.000812565
chrUn_gl000216	5	24	172294	0.000139297
chrUn_gl000216	6	5	172294	2.90202e-05
chrUn_gl000217	0	169547	172149	0.984885
chrUn_gl000217	1	2554	172149	0.014836
chrUn_gl000217	2	48	172149	0.000278828
chrUn_gl000218	0	158574	161147	0.984033
chrUn_gl000218	1	2446	161147	0.0151787
chrUn_gl000218	2	127	161147	0.0007881
chrUn_gl000219	0	175928	179198	0.981752
chrUn_gl000219	1	3190	179198	0.0178015
chrUn_gl000219	2	80	179198	0.000446434
chrUn_gl000220	0	128469	161802	0.793989
chrUn_gl000220	1	20022	161802	0.123744
chrUn_gl000220	2	8400	161802	0.0519153
chrUn_gl000220	3	3260	161802	0.0201481
chrUn_gl000220	4	1202	161802	0.00742883
chrUn_gl000220	5	325	161802	0.00200863
chrUn_gl000220	6	108	161802	0.000667482
chrUn_gl000220	7	11	161802	6.79843e-05
chrUn_gl000220	8	5	161802	3.0902e-05
chrUn_gl000221	0	151736	155397	0.976441
chrUn_gl000221	1	3622	155397	0.023308
chrUn_gl000221	2	39	155397	0.00025097
chrUn_gl000222	0	184845	186861	0.989211
chrUn_gl000222	1	1871	186861	0.0100128
chrUn_gl000222	2	106	186861	0.000567267
chrUn_gl000222	3	39	186861	0.000208711
chrUn_gl000223	0	179355	180455	0.993904
chrUn_gl000223	1	1100	180455	0.0060957
chrUn_gl000224	0	174577	179693	0.971529
chrUn_gl000224	1	4407	179693	0.0245252
chrUn_gl000224	2	659	179693	0.00366737
chrUn_gl000224	3	25	179693	0.000139126
chrUn_gl000224	4	25	179693	0.000139126
chrUn_gl000225	0	196052	211173	0.928395
chrUn_gl000225	1	13464	211173	0.0637581
chrUn_gl000225	2	1437	211173	0.00680485
chrUn_gl000225	3	109	211173	0.000516164
chrUn_gl000225	4	40	211173	0.000189418
chrUn_gl000225	5	51	211173	0.000241508
chrUn_gl000225	6	20	211173	9.47091e-05
chrUn_gl000226	0	688	15008	0.0458422
chrUn_gl000226	1	1117	15008	0.074427
chrUn_gl000226	2	1173	15008	0.0781583
chrUn_gl000226	3	1671	15008	0.111341
chrUn_gl000226	4	1873	15008	0.1248
chrUn_gl000226	5	1943	15008	0.129464
chrUn_gl000226	6	1710	15008	0.113939
chrUn_gl000226	7	1274	15008	0.0848881
chrUn_gl000226	8	1043	15008	0.0694963
chrUn_gl000226	9	845	15008	0.0563033
chrUn_gl000226	10	644	15008	0.0429104
chrUn_gl000226	11	379	15008	0.0252532
chrUn_gl000226	12	255	15008	0.0169909
chrUn_gl000226	13	157	15008	0.0104611
chrUn_gl000226	14	105	15008	0.00699627
chrUn_gl000226	15	60	15008	0.00399787
chrUn_gl000226	16	22	15008	0.00146588
chrUn_gl000226	17	29	15008	0.0019323
chrUn_gl000226	18	15	15008	0.000999467
chrUn_gl000226	19	5	15008	0.000333156
chrUn_gl000227	0	127224	128374	0.991042
chrUn_gl000227	1	1150	128374	0.0089582
chrUn_gl000228	0	126406	129120	0.978981
chrUn_gl000228	1	2528	129120	0.0195787
chrUn_gl000228	2	186	129120	0.00144052
chrUn_gl000229	0	19205	19913	0.964445
chrUn_gl000229	1	666	19913	0.0334455
chrUn_gl000229	2	42	19913	0.00210917
chrUn_gl000230	0	42941	43691	0.982834
chrUn_gl000230	1	750	43691	0.017166
chrUn_gl000231	0	26334	27386	0.961586
chrUn_gl000231	1	1004	27386	0.0366611
chrUn_gl000231	2	48	27386	0.00175272
chrUn_gl000232	0	38720	40652	0.952475
chrUn_gl000232	1	1864	40652	0.0458526
chrUn_gl000232	2	68	40652	0.00167273
chrUn_gl000233	0	44991	45941	0.979321
chrUn_gl000233	1	950	45941	0.0206787
chrUn_gl000234	0	38747	40531	0.955984
chrUn_gl000234	1	1718	40531	0.0423873
chrUn_gl000234	2	66	40531	0.00162838
chrUn_gl000235	0	33617	34474	0.975141
chrUn_gl000235	1	814	34474	0.023612
chrUn_gl000235	2	43	34474	0.00124732
chrUn_gl000236	0	41434	41934	0.988077
chrUn_gl000236	1	500	41934	0.0119235
chrUn_gl000237	0	44626	45867	0.972943
chrUn_gl000237	1	1232	45867	0.0268603
chrUn_gl000237	2	9	45867	0.00019622
chrUn_gl000238	0	39639	39939	0.992489
chrUn_gl000238	1	300	39939	0.00751146
chrUn_gl000239	0	33068	33824	0.977649
chrUn_gl000239	1	712	33824	0.0210501
chrUn_gl000239	2	44	33824	0.00130085
chrUn_gl000240	0	41304	41933	0.985
chrUn_gl000240	1	558	41933	0.0133069
chrUn_gl000240	2	71	41933	0.00169318
chrUn_gl000241	0	40663	42152	0.964675
chrUn_gl000241	1	1478	42152	0.0350636
chrUn_gl000241	2	11	42152	0.00026096
chrUn_gl000242	0	43123	43523	0.990809
chrUn_gl000242	1	400	43523	0.00919054
chrUn_gl000243	0	42491	43341	0.980388
chrUn_gl000243	1	850	43341	0.0196119
chrUn_gl000244	0	38781	39929	0.971249
chrUn_gl000244	1	1096	39929	0.0274487
chrUn_gl000244	2	52	39929	0.00130231
chrUn_gl000245	0	36151	36651	0.986358
chrUn_gl000245	1	500	36651	0.0136422
chrUn_gl000246	0	37854	38154	0.992137
chrUn_gl000246	1	300	38154	0.00786287
chrUn_gl000247	0	35961	36422	0.987343
chrUn_gl000247	1	422	36422	0.0115864
chrUn_gl000247	2	39	36422	0.00107078
chrUn_gl000248	0	39486	39786	0.99246
chrUn_gl000248	1	300	39786	0.00754034
chrUn_gl000249	0	38352	38502	0.996104
chrUn_gl000249	1	150	38502	0.0038959
chr18_gl000207_random	0	4262	4262	1
chr21_gl000210_random	0	27682	27682	1
genome	0	3098024717	3137161264	0.987525
genome	1	38695139	3137161264	0.0123344
genome	2	343227	3137161264	0.000109407
genome	3	30983	3137161264	9.87613e-06
genome	4	17446	3137161264	5.56108e-06
genome	5	12004	3137161264	3.82639e-06
genome	6	8516	3137161264	2.71456e-06
genome	7	6348	3137161264	2.02349e-06
genome	8	5189	3137161264	1.65404e-06
genome	9	3668	3137161264	1.16921e-06
genome	10	2760	3137161264	8.79776e-07
genome	11	2069	3137161264	6.59513e-07
genome	12	1587	3137161264	5.05871e-07
genome	13	1227	3137161264	3.91118e-07
genome	14	910	3137161264	2.90071e-07
genome	15	728	3137161264	2.32057e-07
genome	16	460	3137161264	1.46629e-07
genome	17	395	3137161264	1.2591e-07
genome	18	389	3137161264	1.23997e-07
genome	19	392	3137161264	1.24954e-07
genome	20	281	3137161264	8.95714e-08
genome	21	344	3137161264	1.09653e-07
genome	22	307	3137161264	9.78592e-08
genome	23	280	3137161264	8.92527e-08
genome	24	245	3137161264	7.80961e-08
genome	25	217	3137161264	6.91708e-08
genome	26	149	3137161264	4.74952e-08
genome	27	129	3137161264	4.112e-08
genome	28	118	3137161264	3.76136e-08
genome	29	121	3137161264	3.85699e-08
genome	30	105	3137161264	3.34697e-08
genome	31	79	3137161264	2.5182e-08
genome	32	64	3137161264	2.04006e-08
genome	33	50	3137161264	1.5938e-08
genome	34	44	3137161264	1.40254e-08
genome	35	53	3137161264	1.68943e-08
genome	36	67	3137161264	2.13569e-08
genome	37	73	3137161264	2.32694e-08
genome	38	50	3137161264	1.5938e-08
genome	39	51	3137161264	1.62567e-08
genome	40	24	3137161264	7.65023e-09
genome	41	15	3137161264	4.78139e-09
genome	42	16	3137161264	5.10015e-09
genome	43	10	3137161264	3.1876e-09
genome	44	10	3137161264	3.1876e-09
genome	45	5	3137161264	1.5938e-09
genome	46	5	3137161264	1.5938e-09
genome	47	8	3137161264	2.55008e-09
genome	48	9	3137161264	2.86884e-09
genome	49	3	3137161264	9.56279e-10
genome	50	5	3137161264	1.5938e-09
genome	51	6	3137161264	1.91256e-09
genome	52	10	3137161264	3.1876e-09
genome	53	5	3137161264	1.5938e-09
genome	54	4	3137161264	1.27504e-09
genome	55	6	3137161264	1.91256e-09
genome	56	7	3137161264	2.23132e-09
genome	57	19	3137161264	6.05643e-09
genome	58	23	3137161264	7.33147e-09
genome	59	26	3137161264	8.28775e-09
genome	60	21	3137161264	6.69395e-09
genome	61	19	3137161264	6.05643e-09
genome	62	5	3137161264	1.5938e-09
genome	63	10	3137161264	3.1876e-09
genome	64	4	3137161264	1.27504e-09
genome	65	4	3137161264	1.27504e-09
genome	66	4	3137161264	1.27504e-09
