chrM	0	8794	16571	0.530686
chrM	1	5679	16571	0.342707
chrM	2	1635	16571	0.0986663
chrM	3	401	16571	0.0241989
chrM	4	62	16571	0.00374148
chr1	0	244871285	249250621	0.98243
chr1	1	4326297	249250621	0.0173572
chr1	2	49826	249250621	0.000199903
chr1	3	1148	249250621	4.60581e-06
chr1	4	437	249250621	1.75326e-06
chr1	5	191	249250621	7.66297e-07
chr1	6	156	249250621	6.25876e-07
chr1	7	83	249250621	3.32998e-07
chr1	8	27	249250621	1.08325e-07
chr1	9	39	249250621	1.56469e-07
chr1	10	34	249250621	1.36409e-07
chr1	11	26	249250621	1.04313e-07
chr1	12	37	249250621	1.48445e-07
chr1	13	24	249250621	9.62886e-08
chr1	14	26	249250621	1.04313e-07
chr1	15	43	249250621	1.72517e-07
chr1	16	39	249250621	1.56469e-07
chr1	17	40	249250621	1.60481e-07
chr1	18	41	249250621	1.64493e-07
chr1	19	57	249250621	2.28685e-07
chr1	20	40	249250621	1.60481e-07
chr1	21	42	249250621	1.68505e-07
chr1	22	45	249250621	1.80541e-07
chr1	23	45	249250621	1.80541e-07
chr1	24	50	249250621	2.00601e-07
chr1	25	57	249250621	2.28685e-07
chr1	26	58	249250621	2.32698e-07
chr1	27	23	249250621	9.22766e-08
chr1	28	14	249250621	5.61684e-08
chr1	29	29	249250621	1.16349e-07
chr1	30	21	249250621	8.42525e-08
chr1	31	14	249250621	5.61684e-08
chr1	32	17	249250621	6.82044e-08
chr1	33	11	249250621	4.41323e-08
chr1	34	11	249250621	4.41323e-08
chr1	35	5	249250621	2.00601e-08
chr1	36	8	249250621	3.20962e-08
chr1	37	10	249250621	4.01203e-08
chr1	38	17	249250621	6.82044e-08
chr1	39	18	249250621	7.22165e-08
chr1	40	22	249250621	8.82646e-08
chr1	41	12	249250621	4.81443e-08
chr1	42	11	249250621	4.41323e-08
chr1	43	4	249250621	1.60481e-08
chr1	44	11	249250621	4.41323e-08
chr1	45	14	249250621	5.61684e-08
chr1	46	11	249250621	4.41323e-08
chr1	47	12	249250621	4.81443e-08
chr1	48	21	249250621	8.42525e-08
chr1	49	31	249250621	1.24373e-07
chr1	50	23	249250621	9.22766e-08
chr1	51	12	249250621	4.81443e-08
chr1	52	8	249250621	3.20962e-08
chr1	53	5	249250621	2.00601e-08
chr1	54	9	249250621	3.61082e-08
chr1	55	10	249250621	4.01203e-08
chr1	56	10	249250621	4.01203e-08
chr1	57	4	249250621	1.60481e-08
chr2	0	239557070	243199373	0.985023
chr2	1	3602854	243199373	0.0148144
chr2	2	30146	243199373	0.000123956
chr2	3	3606	243199373	1.48273e-05
chr2	4	2027	243199373	8.33472e-06
chr2	5	1477	243199373	6.07321e-06
chr2	6	907	243199373	3.72945e-06
chr2	7	571	243199373	2.34787e-06
chr2	8	339	243199373	1.39392e-06
chr2	9	203	243199373	8.34706e-07
chr2	10	51	243199373	2.09704e-07
chr2	11	37	243199373	1.52139e-07
chr2	12	16	243199373	6.57896e-08
chr2	13	26	243199373	1.06908e-07
chr2	14	27	243199373	1.1102e-07
chr2	15	16	243199373	6.57896e-08
chr3	0	194673002	198022430	0.983086
chr3	1	3323624	198022430	0.0167841
chr3	2	25518	198022430	0.000128864
chr3	3	170	198022430	8.58489e-07
chr3	4	2	198022430	1.00999e-08
chr3	5	2	198022430	1.00999e-08
chr3	6	3	198022430	1.51498e-08
chr3	7	3	198022430	1.51498e-08
chr3	8	8	198022430	4.03995e-08
chr3	10	4	198022430	2.01997e-08
chr3	11	4	198022430	2.01997e-08
chr3	12	1	198022430	5.04993e-09
chr3	13	2	198022430	1.00999e-08
chr3	14	2	198022430	1.00999e-08
chr3	16	4	198022430	2.01997e-08
chr3	17	1	198022430	5.04993e-09
chr3	18	3	198022430	1.51498e-08
chr3	19	4	198022430	2.01997e-08
chr3	20	3	198022430	1.51498e-08
chr3	21	2	198022430	1.00999e-08
chr3	22	2	198022430	1.00999e-08
chr3	23	5	198022430	2.52497e-08
chr3	24	3	198022430	1.51498e-08
chr3	25	2	198022430	1.00999e-08
chr3	26	3	198022430	1.51498e-08
chr3	27	3	198022430	1.51498e-08
chr3	28	5	198022430	2.52497e-08
chr3	29	1	198022430	5.04993e-09
chr3	30	4	198022430	2.01997e-08
chr3	31	2	198022430	1.00999e-08
chr3	32	3	198022430	1.51498e-08
chr3	33	3	198022430	1.51498e-08
chr3	34	1	198022430	5.04993e-09
chr3	35	4	198022430	2.01997e-08
chr3	36	4	198022430	2.01997e-08
chr3	37	8	198022430	4.03995e-08
chr3	38	1	198022430	5.04993e-09
chr3	39	5	198022430	2.52497e-08
chr3	40	6	198022430	3.02996e-08
chr3	41	3	198022430	1.51498e-08
chr4	0	188827937	191154276	0.98783
chr4	1	2308181	191154276	0.012075
chr4	2	16027	191154276	8.38433e-05
chr4	3	1205	191154276	6.30381e-06
chr4	4	377	191154276	1.97223e-06
chr4	5	339	191154276	1.77344e-06
chr4	6	120	191154276	6.27765e-07
chr4	7	53	191154276	2.77263e-07
chr4	8	27	191154276	1.41247e-07
chr4	9	10	191154276	5.23138e-08
chr5	0	178719659	180915260	0.987864
chr5	1	2181079	180915260	0.0120558
chr5	2	13935	180915260	7.7025e-05
chr5	3	523	180915260	2.89086e-06
chr5	4	38	180915260	2.10043e-07
chr5	5	26	180915260	1.43714e-07
chr6	0	169077887	171115067	0.988095
chr6	1	2021668	171115067	0.0118147
chr6	2	11518	171115067	6.73114e-05
chr6	3	368	171115067	2.1506e-06
chr6	4	240	171115067	1.40256e-06
chr6	5	282	171115067	1.64801e-06
chr6	6	252	171115067	1.47269e-06
chr6	7	331	171115067	1.93437e-06
chr6	8	244	171115067	1.42594e-06
chr6	9	374	171115067	2.18566e-06
chr6	10	365	171115067	2.13307e-06
chr6	11	323	171115067	1.88762e-06
chr6	12	328	171115067	1.91684e-06
chr6	13	311	171115067	1.81749e-06
chr6	14	190	171115067	1.11036e-06
chr6	15	177	171115067	1.03439e-06
chr6	16	106	171115067	6.19466e-07
chr6	17	51	171115067	2.98045e-07
chr6	18	34	171115067	1.98697e-07
chr6	19	10	171115067	5.84402e-08
chr6	20	5	171115067	2.92201e-08
chr6	21	3	171115067	1.75321e-08
chr7	0	156651937	159138663	0.984374
chr7	1	2463534	159138663	0.0154804
chr7	2	19845	159138663	0.000124703
chr7	3	776	159138663	4.87625e-06
chr7	4	427	159138663	2.68319e-06
chr7	5	150	159138663	9.42574e-07
chr7	6	230	159138663	1.44528e-06
chr7	7	261	159138663	1.64008e-06
chr7	8	219	159138663	1.37616e-06
chr7	9	127	159138663	7.98046e-07
chr7	10	103	159138663	6.47234e-07
chr7	11	133	159138663	8.35749e-07
chr7	12	152	159138663	9.55142e-07
chr7	13	131	159138663	8.23181e-07
chr7	14	127	159138663	7.98046e-07
chr7	15	77	159138663	4.83855e-07
chr7	16	88	159138663	5.52977e-07
chr7	17	91	159138663	5.71828e-07
chr7	18	69	159138663	4.33584e-07
chr7	19	47	159138663	2.9534e-07
chr7	20	42	159138663	2.63921e-07
chr7	21	31	159138663	1.94799e-07
chr7	22	34	159138663	2.1365e-07
chr7	23	16	159138663	1.00541e-07
chr7	24	12	159138663	7.54059e-08
chr7	25	4	159138663	2.51353e-08
chr8	0	144279183	146364022	0.985756
chr8	1	2059684	146364022	0.0140723
chr8	2	19018	146364022	0.000129936
chr8	3	2864	146364022	1.95677e-05
chr8	4	1764	146364022	1.20521e-05
chr8	5	776	146364022	5.30185e-06
chr8	6	325	146364022	2.22049e-06
chr8	7	191	146364022	1.30497e-06
chr8	8	103	146364022	7.03725e-07
chr8	9	56	146364022	3.82608e-07
chr8	10	51	146364022	3.48446e-07
chr8	11	7	146364022	4.7826e-08
chr9	0	139841613	141213431	0.990286
chr9	1	1362549	141213431	0.00964886
chr9	2	8390	141213431	5.94136e-05
chr9	3	351	141213431	2.4856e-06
chr9	4	267	141213431	1.89076e-06
chr9	5	164	141213431	1.16136e-06
chr9	6	25	141213431	1.77037e-07
chr9	7	46	141213431	3.25748e-07
chr9	8	26	141213431	1.84118e-07
chr10	0	133897262	135534747	0.987918
chr10	1	1610620	135534747	0.0118834
chr10	2	13699	135534747	0.000101074
chr10	3	2566	135534747	1.89324e-05
chr10	4	1884	135534747	1.39005e-05
chr10	5	1246	135534747	9.19321e-06
chr10	6	1027	135534747	7.57739e-06
chr10	7	772	135534747	5.69596e-06
chr10	8	588	135534747	4.33837e-06
chr10	9	583	135534747	4.30148e-06
chr10	10	489	135534747	3.60793e-06
chr10	11	405	135534747	2.98816e-06
chr10	12	295	135534747	2.17656e-06
chr10	13	290	135534747	2.13967e-06
chr10	14	274	135534747	2.02162e-06
chr10	15	269	135534747	1.98473e-06
chr10	16	280	135534747	2.06589e-06
chr10	17	226	135534747	1.66747e-06
chr10	18	203	135534747	1.49777e-06
chr10	19	160	135534747	1.18051e-06
chr10	20	151	135534747	1.11411e-06
chr10	21	128	135534747	9.44407e-07
chr10	22	136	135534747	1.00343e-06
chr10	23	154	135534747	1.13624e-06
chr10	24	136	135534747	1.00343e-06
chr10	25	112	135534747	8.26356e-07
chr10	26	101	135534747	7.45196e-07
chr10	27	120	135534747	8.85382e-07
chr10	28	101	135534747	7.45196e-07
chr10	29	74	135534747	5.45985e-07
chr10	30	58	135534747	4.27935e-07
chr10	31	65	135534747	4.79582e-07
chr10	32	52	135534747	3.83665e-07
chr10	33	41	135534747	3.02505e-07
chr10	34	37	135534747	2.72993e-07
chr10	35	37	135534747	2.72993e-07
chr10	36	23	135534747	1.69698e-07
chr10	37	9	135534747	6.64036e-08
chr10	38	16	135534747	1.18051e-07
chr10	39	10	135534747	7.37818e-08
chr10	40	13	135534747	9.59164e-08
chr10	41	5	135534747	3.68909e-08
chr10	42	9	135534747	6.64036e-08
chr10	43	8	135534747	5.90255e-08
chr10	44	5	135534747	3.68909e-08
chr10	45	6	135534747	4.42691e-08
chr10	46	2	135534747	1.47564e-08
chr11	0	132955705	135006516	0.98481
chr11	1	2032997	135006516	0.0150585
chr11	2	15844	135006516	0.000117357
chr11	3	437	135006516	3.23688e-06
chr11	4	219	135006516	1.62214e-06
chr11	5	303	135006516	2.24434e-06
chr11	6	171	135006516	1.26661e-06
chr11	7	113	135006516	8.36997e-07
chr11	8	196	135006516	1.45178e-06
chr11	9	138	135006516	1.02217e-06
chr11	10	163	135006516	1.20735e-06
chr11	11	46	135006516	3.40724e-07
chr11	12	48	135006516	3.55538e-07
chr11	13	31	135006516	2.29619e-07
chr11	14	13	135006516	9.62917e-08
chr11	15	39	135006516	2.88875e-07
chr11	16	24	135006516	1.77769e-07
chr11	17	2	135006516	1.48141e-08
chr11	18	27	135006516	1.9999e-07
chr12	0	132357511	133851895	0.988836
chr12	1	1486395	133851895	0.0111048
chr12	2	7863	133851895	5.8744e-05
chr12	3	43	133851895	3.21251e-07
chr12	4	65	133851895	4.85611e-07
chr12	5	18	133851895	1.34477e-07
chr13	0	114380054	115169878	0.993142
chr13	1	787348	115169878	0.00683641
chr13	2	2476	115169878	2.14987e-05
chr14	0	105595446	107349540	0.98366
chr14	1	1736180	107349540	0.0161731
chr14	2	17723	107349540	0.000165096
chr14	3	190	107349540	1.76992e-06
chr14	4	1	107349540	9.31536e-09
chr15	0	101845818	102531392	0.993313
chr15	1	683198	102531392	0.00666331
chr15	2	2376	102531392	2.31734e-05
chr16	0	89517432	90354753	0.990733
chr16	1	801470	90354753	0.00887026
chr16	2	10848	90354753	0.00012006
chr16	3	4752	90354753	5.25927e-05
chr16	4	4467	90354753	4.94385e-05
chr16	5	3952	90354753	4.37387e-05
chr16	6	3386	90354753	3.74745e-05
chr16	7	2650	90354753	2.93288e-05
chr16	8	1874	90354753	2.07405e-05
chr16	9	1381	90354753	1.52842e-05
chr16	10	894	90354753	9.89433e-06
chr16	11	553	90354753	6.12032e-06
chr16	12	435	90354753	4.81436e-06
chr16	13	260	90354753	2.87755e-06
chr16	14	144	90354753	1.59372e-06
chr16	15	69	90354753	7.63657e-07
chr16	16	90	90354753	9.96074e-07
chr16	17	54	90354753	5.97644e-07
chr16	18	21	90354753	2.32417e-07
chr16	19	17	90354753	1.88147e-07
chr16	20	4	90354753	4.42699e-08
chr17	0	80326890	81195210	0.989306
chr17	1	860840	81195210	0.0106021
chr17	2	6549	81195210	8.06575e-05
chr17	3	485	81195210	5.97326e-06
chr17	4	177	81195210	2.17993e-06
chr17	5	116	81195210	1.42866e-06
chr17	6	63	81195210	7.75908e-07
chr17	7	27	81195210	3.32532e-07
chr17	8	15	81195210	1.8474e-07
chr17	9	1	81195210	1.2316e-08
chr17	10	5	81195210	6.158e-08
chr17	11	10	81195210	1.2316e-07
chr17	12	10	81195210	1.2316e-07
chr17	13	15	81195210	1.8474e-07
chr17	14	7	81195210	8.6212e-08
chr18	0	77155057	78077248	0.988189
chr18	1	914791	78077248	0.0117165
chr18	2	6180	78077248	7.91524e-05
chr18	3	510	78077248	6.53199e-06
chr18	4	234	78077248	2.99703e-06
chr18	5	128	78077248	1.6394e-06
chr18	6	110	78077248	1.40886e-06
chr18	7	80	78077248	1.02463e-06
chr18	8	44	78077248	5.63544e-07
chr18	9	29	78077248	3.71427e-07
chr18	10	7	78077248	8.96548e-08
chr18	11	11	78077248	1.40886e-07
chr18	12	12	78077248	1.53694e-07
chr18	13	5	78077248	6.40391e-08
chr18	14	9	78077248	1.1527e-07
chr18	15	14	78077248	1.7931e-07
chr18	16	3	78077248	3.84235e-08
chr18	17	13	78077248	1.66502e-07
chr18	18	4	78077248	5.12313e-08
chr18	19	7	78077248	8.96548e-08
chr19	0	58252760	59128983	0.985181
chr19	1	865058	59128983	0.01463
chr19	2	8594	59128983	0.000145343
chr19	3	528	59128983	8.92963e-06
chr19	4	334	59128983	5.64867e-06
chr19	5	217	59128983	3.66994e-06
chr19	6	320	59128983	5.4119e-06
chr19	7	175	59128983	2.95963e-06
chr19	8	142	59128983	2.40153e-06
chr19	9	108	59128983	1.82652e-06
chr19	10	91	59128983	1.53901e-06
chr19	11	85	59128983	1.43754e-06
chr19	12	62	59128983	1.04856e-06
chr19	13	95	59128983	1.60666e-06
chr19	14	76	59128983	1.28533e-06
chr19	15	49	59128983	8.28697e-07
chr19	16	31	59128983	5.24278e-07
chr19	17	21	59128983	3.55156e-07
chr19	18	13	59128983	2.19858e-07
chr19	19	19	59128983	3.21331e-07
chr19	20	20	59128983	3.38244e-07
chr19	21	16	59128983	2.70595e-07
chr19	22	33	59128983	5.58102e-07
chr19	23	25	59128983	4.22805e-07
chr19	24	26	59128983	4.39717e-07
chr19	25	18	59128983	3.04419e-07
chr19	26	11	59128983	1.86034e-07
chr19	27	4	59128983	6.76487e-08
chr19	28	5	59128983	8.45609e-08
chr19	29	5	59128983	8.45609e-08
chr19	30	7	59128983	1.18385e-07
chr19	31	5	59128983	8.45609e-08
chr19	32	7	59128983	1.18385e-07
chr19	33	2	59128983	3.38244e-08
chr19	34	8	59128983	1.35297e-07
chr19	35	10	59128983	1.69122e-07
chr19	36	3	59128983	5.07365e-08
chr20	0	62089022	63025520	0.985141
chr20	1	929405	63025520	0.0147465
chr20	2	6909	63025520	0.000109622
chr20	3	99	63025520	1.57079e-06
chr20	4	45	63025520	7.13996e-07
chr20	5	40	63025520	6.34664e-07
chr21	0	47823948	48129895	0.993643
chr21	1	303679	48129895	0.00630957
chr21	2	2072	48129895	4.30502e-05
chr21	3	41	48129895	8.51861e-07
chr21	4	15	48129895	3.11657e-07
chr21	5	8	48129895	1.66217e-07
chr21	6	23	48129895	4.77873e-07
chr21	7	40	48129895	8.31084e-07
chr21	8	35	48129895	7.27199e-07
chr21	9	34	48129895	7.06422e-07
chr22	0	50901028	51304566	0.992134
chr22	1	400652	51304566	0.00780929
chr22	2	2817	51304566	5.49074e-05
chr22	3	9	51304566	1.75423e-07
chr22	4	6	51304566	1.16949e-07
chr22	5	2	51304566	3.89829e-08
chr22	6	2	51304566	3.89829e-08
chr22	7	2	51304566	3.89829e-08
chr22	8	2	51304566	3.89829e-08
chr22	9	6	51304566	1.16949e-07
chr22	10	1	51304566	1.94914e-08
chr22	11	3	51304566	5.84743e-08
chr22	12	4	51304566	7.79658e-08
chr22	13	32	51304566	6.23726e-07
chrX	0	153961872	155270560	0.991572
chrX	1	1298326	155270560	0.0083617
chrX	2	8653	155270560	5.57285e-05
chrX	3	1122	155270560	7.2261e-06
chrX	4	401	155270560	2.58259e-06
chrX	5	144	155270560	9.27413e-07
chrX	6	16	155270560	1.03046e-07
chrX	7	26	155270560	1.6745e-07
chrY	0	59312847	59373566	0.998977
chrY	1	57997	59373566	0.000976815
chrY	2	1813	59373566	3.05355e-05
chrY	3	435	59373566	7.32649e-06
chrY	4	160	59373566	2.6948e-06
chrY	5	102	59373566	1.71794e-06
chrY	6	54	59373566	9.09496e-07
chrY	7	91	59373566	1.53267e-06
chrY	8	16	59373566	2.6948e-07
chrY	9	27	59373566	4.54748e-07
chrY	10	24	59373566	4.0422e-07
chr1_gl000191_random	0	105733	106433	0.993423
chr1_gl000191_random	1	700	106433	0.00657691
chr1_gl000192_random	0	535403	547496	0.977912
chr1_gl000192_random	1	12036	547496	0.0219837
chr1_gl000192_random	2	57	547496	0.00010411
chr4_ctg9_hap1	0	586426	590426	0.993225
chr4_ctg9_hap1	1	4000	590426	0.00677477
chr4_gl000193_random	0	186811	189789	0.984309
chr4_gl000193_random	1	2906	189789	0.0153117
chr4_gl000193_random	2	72	189789	0.000379369
chr4_gl000194_random	0	187065	191469	0.976999
chr4_gl000194_random	1	4358	191469	0.0227609
chr4_gl000194_random	2	46	191469	0.000240248
chr6_apd_hap1	0	4617490	4622290	0.998962
chr6_apd_hap1	1	4800	4622290	0.00103845
chr6_cox_hap2	0	4784304	4795371	0.997692
chr6_cox_hap2	1	11034	4795371	0.00230097
chr6_cox_hap2	2	33	4795371	6.88164e-06
chr6_dbb_hap3	0	4601146	4610396	0.997994
chr6_dbb_hap3	1	9250	4610396	0.00200634
chr6_mann_hap4	0	4672813	4683263	0.997769
chr6_mann_hap4	1	10450	4683263	0.00223135
chr6_mcf_hap5	0	4825548	4833398	0.998376
chr6_mcf_hap5	1	7850	4833398	0.00162412
chr6_qbl_hap6	0	4601984	4611984	0.997832
chr6_qbl_hap6	1	10000	4611984	0.00216826
chr6_ssto_hap7	0	4918459	4928567	0.997949
chr6_ssto_hap7	1	10066	4928567	0.00204238
chr6_ssto_hap7	2	42	4928567	8.52175e-06
chr7_gl000195_random	0	178348	182896	0.975133
chr7_gl000195_random	1	4496	182896	0.0245823
chr7_gl000195_random	2	52	182896	0.000284315
chr8_gl000196_random	0	38714	38914	0.99486
chr8_gl000196_random	1	200	38914	0.00513954
chr8_gl000197_random	0	37025	37175	0.995965
chr8_gl000197_random	1	150	37175	0.00403497
chr9_gl000198_random	0	88039	90085	0.977288
chr9_gl000198_random	1	1842	90085	0.0204474
chr9_gl000198_random	2	204	90085	0.00226453
chr9_gl000199_random	0	114401	169874	0.673446
chr9_gl000199_random	1	34306	169874	0.20195
chr9_gl000199_random	2	13205	169874	0.0777341
chr9_gl000199_random	3	4831	169874	0.0284387
chr9_gl000199_random	4	1618	169874	0.00952471
chr9_gl000199_random	5	625	169874	0.0036792
chr9_gl000199_random	6	331	169874	0.0019485
chr9_gl000199_random	7	203	169874	0.001195
chr9_gl000199_random	8	156	169874	0.000918328
chr9_gl000199_random	9	46	169874	0.000270789
chr9_gl000199_random	10	78	169874	0.000459164
chr9_gl000199_random	11	26	169874	0.000153055
chr9_gl000199_random	12	5	169874	2.94336e-05
chr9_gl000199_random	13	5	169874	2.94336e-05
chr9_gl000199_random	14	4	169874	2.35469e-05
chr9_gl000199_random	15	7	169874	4.1207e-05
chr9_gl000199_random	16	6	169874	3.53203e-05
chr9_gl000199_random	17	7	169874	4.1207e-05
chr9_gl000199_random	18	10	169874	5.88672e-05
chr9_gl000199_random	19	2	169874	1.17734e-05
chr9_gl000199_random	20	2	169874	1.17734e-05
chr9_gl000200_random	0	185835	187035	0.993584
chr9_gl000200_random	1	1200	187035	0.00641591
chr9_gl000201_random	0	35848	36148	0.991701
chr9_gl000201_random	1	300	36148	0.00829921
chr11_gl000202_random	0	39853	40103	0.993766
chr11_gl000202_random	1	250	40103	0.00623395
chr17_ctg5_hap1	0	1675778	1680828	0.996996
chr17_ctg5_hap1	1	5050	1680828	0.00300447
chr17_gl000203_random	0	37148	37498	0.990666
chr17_gl000203_random	1	350	37498	0.00933383
chr17_gl000204_random	0	80310	81310	0.987701
chr17_gl000204_random	1	1000	81310	0.0122986
chr17_gl000205_random	0	169446	174588	0.970548
chr17_gl000205_random	1	4984	174588	0.0285472
chr17_gl000205_random	2	158	174588	0.000904988
chr17_gl000206_random	0	40751	41001	0.993903
chr17_gl000206_random	1	250	41001	0.00609741
chr19_gl000208_random	0	85518	92689	0.922634
chr19_gl000208_random	1	5284	92689	0.0570078
chr19_gl000208_random	2	1037	92689	0.011188
chr19_gl000208_random	3	431	92689	0.00464996
chr19_gl000208_random	4	261	92689	0.00281587
chr19_gl000208_random	5	103	92689	0.00111124
chr19_gl000208_random	6	45	92689	0.000485495
chr19_gl000208_random	7	10	92689	0.000107888
chr19_gl000209_random	0	157869	159169	0.991833
chr19_gl000209_random	1	1300	159169	0.00816742
chr21_gl000210_random	0	27482	27682	0.992775
chr21_gl000210_random	1	200	27682	0.00722491
chrUn_gl000211	0	163666	166566	0.982589
chrUn_gl000211	1	2900	166566	0.0174105
chrUn_gl000212	0	184258	186858	0.986086
chrUn_gl000212	1	2600	186858	0.0139143
chrUn_gl000213	0	162889	164239	0.99178
chrUn_gl000213	1	1350	164239	0.00821973
chrUn_gl000214	0	132127	137718	0.959403
chrUn_gl000214	1	5332	137718	0.0387168
chrUn_gl000214	2	259	137718	0.00188065
chrUn_gl000215	0	171695	172545	0.995074
chrUn_gl000215	1	850	172545	0.00492625
chrUn_gl000216	0	160639	172294	0.932354
chrUn_gl000216	1	10136	172294	0.0588297
chrUn_gl000216	2	935	172294	0.00542677
chrUn_gl000216	3	373	172294	0.0021649
chrUn_gl000216	4	122	172294	0.000708092
chrUn_gl000216	5	47	172294	0.00027279
chrUn_gl000216	6	42	172294	0.000243769
chrUn_gl000217	0	168875	172149	0.980982
chrUn_gl000217	1	3198	172149	0.0185769
chrUn_gl000217	2	76	172149	0.000441478
chrUn_gl000218	0	157597	161147	0.97797
chrUn_gl000218	1	3550	161147	0.0220296
chrUn_gl000219	0	175611	179198	0.979983
chrUn_gl000219	1	3524	179198	0.0196654
chrUn_gl000219	2	63	179198	0.000351566
chrUn_gl000220	0	128316	161802	0.793043
chrUn_gl000220	1	20999	161802	0.129782
chrUn_gl000220	2	8089	161802	0.0499932
chrUn_gl000220	3	3122	161802	0.0192952
chrUn_gl000220	4	1004	161802	0.00620512
chrUn_gl000220	5	242	161802	0.00149566
chrUn_gl000220	6	29	161802	0.000179231
chrUn_gl000220	7	1	161802	6.18039e-06
chrUn_gl000221	0	152347	155397	0.980373
chrUn_gl000221	1	3050	155397	0.0196271
chrUn_gl000222	0	183651	186861	0.982821
chrUn_gl000222	1	3170	186861	0.0169645
chrUn_gl000222	2	40	186861	0.000214063
chrUn_gl000223	0	179505	180455	0.994736
chrUn_gl000223	1	950	180455	0.00526447
chrUn_gl000224	0	175438	179693	0.976321
chrUn_gl000224	1	3810	179693	0.0212028
chrUn_gl000224	2	445	179693	0.00247645
chrUn_gl000225	0	195848	211173	0.927429
chrUn_gl000225	1	13206	211173	0.0625364
chrUn_gl000225	2	1541	211173	0.00729733
chrUn_gl000225	3	314	211173	0.00148693
chrUn_gl000225	4	150	211173	0.000710318
chrUn_gl000225	5	114	211173	0.000539842
chrUn_gl000226	0	677	15008	0.0451093
chrUn_gl000226	1	1087	15008	0.072428
chrUn_gl000226	2	1551	15008	0.103345
chrUn_gl000226	3	1756	15008	0.117004
chrUn_gl000226	4	1933	15008	0.128798
chrUn_gl000226	5	1842	15008	0.122735
chrUn_gl000226	6	1538	15008	0.102479
chrUn_gl000226	7	1316	15008	0.0876866
chrUn_gl000226	8	1001	15008	0.0666978
chrUn_gl000226	9	797	15008	0.053105
chrUn_gl000226	10	596	15008	0.0397122
chrUn_gl000226	11	293	15008	0.0195229
chrUn_gl000226	12	173	15008	0.0115272
chrUn_gl000226	13	144	15008	0.00959488
chrUn_gl000226	14	108	15008	0.00719616
chrUn_gl000226	15	84	15008	0.00559701
chrUn_gl000226	16	42	15008	0.00279851
chrUn_gl000226	17	25	15008	0.00166578
chrUn_gl000226	18	13	15008	0.000866205
chrUn_gl000226	19	6	15008	0.000399787
chrUn_gl000226	20	15	15008	0.000999467
chrUn_gl000226	21	10	15008	0.000666311
chrUn_gl000226	22	1	15008	6.66311e-05
chrUn_gl000227	0	127424	128374	0.9926
chrUn_gl000227	1	950	128374	0.00740025
chrUn_gl000228	0	126768	129120	0.981784
chrUn_gl000228	1	2117	129120	0.0163956
chrUn_gl000228	2	172	129120	0.00133209
chrUn_gl000228	3	63	129120	0.000487918
chrUn_gl000229	0	18863	19913	0.947271
chrUn_gl000229	1	1050	19913	0.0527294
chrUn_gl000230	0	42599	43691	0.975006
chrUn_gl000230	1	1084	43691	0.0248106
chrUn_gl000230	2	8	43691	0.000183104
chrUn_gl000231	0	26362	27386	0.962609
chrUn_gl000231	1	998	27386	0.036442
chrUn_gl000231	2	26	27386	0.00094939
chrUn_gl000232	0	38311	40652	0.942414
chrUn_gl000232	1	2282	40652	0.056135
chrUn_gl000232	2	59	40652	0.00145134
chrUn_gl000233	0	44991	45941	0.979321
chrUn_gl000233	1	950	45941	0.0206787
chrUn_gl000234	0	38834	40531	0.958131
chrUn_gl000234	1	1644	40531	0.0405615
chrUn_gl000234	2	53	40531	0.00130764
chrUn_gl000235	0	33519	34474	0.972298
chrUn_gl000235	1	910	34474	0.0263967
chrUn_gl000235	2	45	34474	0.00130533
chrUn_gl000236	0	41384	41934	0.986884
chrUn_gl000236	1	550	41934	0.0131158
chrUn_gl000237	0	44717	45867	0.974927
chrUn_gl000237	1	1150	45867	0.0250725
chrUn_gl000238	0	39689	39939	0.99374
chrUn_gl000238	1	250	39939	0.00625955
chrUn_gl000239	0	32849	33824	0.971174
chrUn_gl000239	1	900	33824	0.0266083
chrUn_gl000239	2	75	33824	0.00221736
chrUn_gl000240	0	41576	41933	0.991486
chrUn_gl000240	1	314	41933	0.00748814
chrUn_gl000240	2	43	41933	0.00102545
chrUn_gl000241	0	39927	42152	0.947215
chrUn_gl000241	1	2150	42152	0.0510059
chrUn_gl000241	2	75	42152	0.00177928
chrUn_gl000242	0	43223	43523	0.993107
chrUn_gl000242	1	300	43523	0.00689291
chrUn_gl000243	0	42204	43341	0.973766
chrUn_gl000243	1	1024	43341	0.0236266
chrUn_gl000243	2	113	43341	0.00260723
chrUn_gl000244	0	38569	39929	0.96594
chrUn_gl000244	1	1320	39929	0.0330587
chrUn_gl000244	2	40	39929	0.00100178
chrUn_gl000245	0	35943	36651	0.980683
chrUn_gl000245	1	666	36651	0.0181714
chrUn_gl000245	2	42	36651	0.00114594
chrUn_gl000246	0	37854	38154	0.992137
chrUn_gl000246	1	300	38154	0.00786287
chrUn_gl000247	0	35772	36422	0.982154
chrUn_gl000247	1	650	36422	0.0178464
chrUn_gl000248	0	39636	39786	0.99623
chrUn_gl000248	1	150	39786	0.00377017
chrUn_gl000249	0	38152	38502	0.99091
chrUn_gl000249	1	350	38502	0.00909044
chr18_gl000207_random	0	4262	4262	1
genome	0	3098043133	3137161264	0.987531
genome	1	38674488	3137161264	0.0123279
genome	2	338930	3137161264	0.000108037
genome	3	33519	3137161264	1.06845e-05
genome	4	18737	3137161264	5.9726e-06
genome	5	12656	3137161264	4.03422e-06
genome	6	9175	3137161264	2.92462e-06
genome	7	7045	3137161264	2.24566e-06
genome	8	5062	3137161264	1.61356e-06
genome	9	3959	3137161264	1.26197e-06
genome	10	2956	3137161264	9.42253e-07
genome	11	1962	3137161264	6.25406e-07
genome	12	1578	3137161264	5.03003e-07
genome	13	1371	3137161264	4.37019e-07
genome	14	1007	3137161264	3.20991e-07
genome	15	844	3137161264	2.69033e-07
genome	16	713	3137161264	2.27276e-07
genome	17	531	3137161264	1.69261e-07
genome	18	438	3137161264	1.39617e-07
genome	19	329	3137161264	1.04872e-07
genome	20	282	3137161264	8.98902e-08
genome	21	232	3137161264	7.39522e-08
genome	22	251	3137161264	8.00086e-08
genome	23	245	3137161264	7.80961e-08
genome	24	227	3137161264	7.23584e-08
genome	25	193	3137161264	6.15206e-08
genome	26	173	3137161264	5.51454e-08
genome	27	150	3137161264	4.78139e-08
genome	28	125	3137161264	3.98449e-08
genome	29	109	3137161264	3.47448e-08
genome	30	90	3137161264	2.86884e-08
genome	31	86	3137161264	2.74133e-08
genome	32	79	3137161264	2.5182e-08
genome	33	57	3137161264	1.81693e-08
genome	34	57	3137161264	1.81693e-08
genome	35	56	3137161264	1.78505e-08
genome	36	38	3137161264	1.21129e-08
genome	37	27	3137161264	8.60651e-09
genome	38	34	3137161264	1.08378e-08
genome	39	33	3137161264	1.05191e-08
genome	40	41	3137161264	1.30691e-08
genome	41	20	3137161264	6.37519e-09
genome	42	20	3137161264	6.37519e-09
genome	43	12	3137161264	3.82511e-09
genome	44	16	3137161264	5.10015e-09
genome	45	20	3137161264	6.37519e-09
genome	46	13	3137161264	4.14387e-09
genome	47	12	3137161264	3.82511e-09
genome	48	21	3137161264	6.69395e-09
genome	49	31	3137161264	9.88155e-09
genome	50	23	3137161264	7.33147e-09
genome	51	12	3137161264	3.82511e-09
genome	52	8	3137161264	2.55008e-09
genome	53	5	3137161264	1.5938e-09
genome	54	9	3137161264	2.86884e-09
genome	55	10	3137161264	3.1876e-09
genome	56	10	3137161264	3.1876e-09
genome	57	4	3137161264	1.27504e-09
