chrM	0	15745	16571	0.950154
chrM	1	752	16571	0.0453805
chrM	2	74	16571	0.00446563
chr1	0	245384995	249250621	0.984491
chr1	1	3831182	249250621	0.0153708
chr1	2	32727	249250621	0.000131302
chr1	3	289	249250621	1.15948e-06
chr1	4	173	249250621	6.9408e-07
chr1	5	101	249250621	4.05215e-07
chr1	6	29	249250621	1.16349e-07
chr1	7	41	249250621	1.64493e-07
chr1	8	11	249250621	4.41323e-08
chr1	9	20	249250621	8.02405e-08
chr1	10	15	249250621	6.01804e-08
chr1	11	25	249250621	1.00301e-07
chr1	12	16	249250621	6.41924e-08
chr1	13	36	249250621	1.44433e-07
chr1	14	45	249250621	1.80541e-07
chr1	15	20	249250621	8.02405e-08
chr1	16	24	249250621	9.62886e-08
chr1	17	46	249250621	1.84553e-07
chr1	18	50	249250621	2.00601e-07
chr1	19	49	249250621	1.96589e-07
chr1	20	61	249250621	2.44734e-07
chr1	21	75	249250621	3.00902e-07
chr1	22	51	249250621	2.04613e-07
chr1	23	47	249250621	1.88565e-07
chr1	24	63	249250621	2.52758e-07
chr1	25	42	249250621	1.68505e-07
chr1	26	43	249250621	1.72517e-07
chr1	27	32	249250621	1.28385e-07
chr1	28	52	249250621	2.08625e-07
chr1	29	43	249250621	1.72517e-07
chr1	30	26	249250621	1.04313e-07
chr1	31	34	249250621	1.36409e-07
chr1	32	23	249250621	9.22766e-08
chr1	33	25	249250621	1.00301e-07
chr1	34	35	249250621	1.40421e-07
chr1	35	15	249250621	6.01804e-08
chr1	36	10	249250621	4.01203e-08
chr1	37	13	249250621	5.21563e-08
chr1	38	11	249250621	4.41323e-08
chr1	39	8	249250621	3.20962e-08
chr1	40	8	249250621	3.20962e-08
chr1	41	7	249250621	2.80842e-08
chr1	42	3	249250621	1.20361e-08
chr2	0	239802026	243199373	0.986031
chr2	1	3362950	243199373	0.013828
chr2	2	28322	243199373	0.000116456
chr2	3	3054	243199373	1.25576e-05
chr2	4	1452	243199373	5.97041e-06
chr2	5	721	243199373	2.96465e-06
chr2	6	317	243199373	1.30346e-06
chr2	7	192	243199373	7.89476e-07
chr2	8	181	243199373	7.44245e-07
chr2	9	90	243199373	3.70067e-07
chr2	10	39	243199373	1.60362e-07
chr2	11	17	243199373	6.99015e-08
chr2	12	6	243199373	2.46711e-08
chr2	13	6	243199373	2.46711e-08
chr3	0	194746726	198022430	0.983458
chr3	1	3239098	198022430	0.0163572
chr3	2	35978	198022430	0.000181686
chr3	3	511	198022430	2.58052e-06
chr3	4	11	198022430	5.55493e-08
chr3	5	3	198022430	1.51498e-08
chr3	6	4	198022430	2.01997e-08
chr3	7	9	198022430	4.54494e-08
chr3	8	16	198022430	8.07989e-08
chr3	9	2	198022430	1.00999e-08
chr3	10	3	198022430	1.51498e-08
chr3	11	4	198022430	2.01997e-08
chr3	12	4	198022430	2.01997e-08
chr3	13	3	198022430	1.51498e-08
chr3	14	1	198022430	5.04993e-09
chr3	15	5	198022430	2.52497e-08
chr3	16	4	198022430	2.01997e-08
chr3	17	5	198022430	2.52497e-08
chr3	18	1	198022430	5.04993e-09
chr3	19	5	198022430	2.52497e-08
chr3	20	8	198022430	4.03995e-08
chr3	21	6	198022430	3.02996e-08
chr3	22	7	198022430	3.53495e-08
chr3	23	15	198022430	7.5749e-08
chr3	24	1	198022430	5.04993e-09
chr4	0	189367578	191154276	0.990653
chr4	1	1776277	191154276	0.00929237
chr4	2	9606	191154276	5.02526e-05
chr4	3	565	191154276	2.95573e-06
chr4	4	150	191154276	7.84707e-07
chr4	5	84	191154276	4.39436e-07
chr4	6	16	191154276	8.3702e-08
chr5	0	178994963	180915260	0.989386
chr5	1	1909229	180915260	0.0105532
chr5	2	10428	180915260	5.76402e-05
chr5	3	426	180915260	2.35469e-06
chr5	4	97	180915260	5.36163e-07
chr5	5	43	180915260	2.3768e-07
chr5	6	34	180915260	1.87933e-07
chr5	7	40	180915260	2.21098e-07
chr6	0	168471372	171115067	0.98455
chr6	1	2619764	171115067	0.01531
chr6	2	19925	171115067	0.000116442
chr6	3	324	171115067	1.89346e-06
chr6	4	368	171115067	2.1506e-06
chr6	5	261	171115067	1.52529e-06
chr6	6	382	171115067	2.23242e-06
chr6	7	313	171115067	1.82918e-06
chr6	8	289	171115067	1.68892e-06
chr6	9	330	171115067	1.92853e-06
chr6	10	351	171115067	2.05125e-06
chr6	11	413	171115067	2.41358e-06
chr6	12	303	171115067	1.77074e-06
chr6	13	215	171115067	1.25646e-06
chr6	14	163	171115067	9.52575e-07
chr6	15	119	171115067	6.95438e-07
chr6	16	84	171115067	4.90898e-07
chr6	17	31	171115067	1.81165e-07
chr6	18	27	171115067	1.57789e-07
chr6	19	10	171115067	5.84402e-08
chr6	20	13	171115067	7.59723e-08
chr6	21	6	171115067	3.50641e-08
chr6	22	4	171115067	2.33761e-08
chr7	0	156369692	159138663	0.9826
chr7	1	2742078	159138663	0.0172307
chr7	2	22966	159138663	0.000144314
chr7	3	726	159138663	4.56206e-06
chr7	4	371	159138663	2.3313e-06
chr7	5	336	159138663	2.11137e-06
chr7	6	350	159138663	2.19934e-06
chr7	7	234	159138663	1.47042e-06
chr7	8	214	159138663	1.34474e-06
chr7	9	192	159138663	1.2065e-06
chr7	10	159	159138663	9.99129e-07
chr7	11	152	159138663	9.55142e-07
chr7	12	125	159138663	7.85479e-07
chr7	13	159	159138663	9.99129e-07
chr7	14	87	159138663	5.46693e-07
chr7	15	127	159138663	7.98046e-07
chr7	16	104	159138663	6.53518e-07
chr7	17	78	159138663	4.90139e-07
chr7	18	63	159138663	3.95881e-07
chr7	19	59	159138663	3.70746e-07
chr7	20	46	159138663	2.89056e-07
chr7	21	68	159138663	4.273e-07
chr7	22	77	159138663	4.83855e-07
chr7	23	78	159138663	4.90139e-07
chr7	24	39	159138663	2.45069e-07
chr7	25	34	159138663	2.1365e-07
chr7	26	28	159138663	1.75947e-07
chr7	27	16	159138663	1.00541e-07
chr7	28	4	159138663	2.51353e-08
chr7	29	1	159138663	6.28383e-09
chr8	0	143770171	146364022	0.982278
chr8	1	2559380	146364022	0.0174864
chr8	2	29568	146364022	0.000202017
chr8	3	2752	146364022	1.88024e-05
chr8	4	1024	146364022	6.99626e-06
chr8	5	621	146364022	4.24285e-06
chr8	6	290	146364022	1.98136e-06
chr8	7	137	146364022	9.36022e-07
chr8	8	38	146364022	2.59627e-07
chr8	9	11	146364022	7.51551e-08
chr8	10	11	146364022	7.51551e-08
chr8	11	13	146364022	8.88196e-08
chr8	12	6	146364022	4.09937e-08
chr9	0	139651242	141213431	0.988937
chr9	1	1551473	141213431	0.0109867
chr9	2	10031	141213431	7.10343e-05
chr9	3	364	141213431	2.57766e-06
chr9	4	180	141213431	1.27467e-06
chr9	5	77	141213431	5.45274e-07
chr9	6	30	141213431	2.12444e-07
chr9	7	34	141213431	2.4077e-07
chr10	0	133779727	135534747	0.987051
chr10	1	1728914	135534747	0.0127562
chr10	2	15722	135534747	0.000116
chr10	3	1966	135534747	1.45055e-05
chr10	4	1598	135534747	1.17903e-05
chr10	5	1317	135534747	9.71707e-06
chr10	6	1044	135534747	7.70282e-06
chr10	7	710	135534747	5.23851e-06
chr10	8	516	135534747	3.80714e-06
chr10	9	597	135534747	4.40477e-06
chr10	10	503	135534747	3.71123e-06
chr10	11	334	135534747	2.46431e-06
chr10	12	367	135534747	2.70779e-06
chr10	13	266	135534747	1.9626e-06
chr10	14	261	135534747	1.92571e-06
chr10	15	246	135534747	1.81503e-06
chr10	16	143	135534747	1.05508e-06
chr10	17	119	135534747	8.78004e-07
chr10	18	115	135534747	8.48491e-07
chr10	19	58	135534747	4.27935e-07
chr10	20	54	135534747	3.98422e-07
chr10	21	43	135534747	3.17262e-07
chr10	22	37	135534747	2.72993e-07
chr10	23	24	135534747	1.77076e-07
chr10	24	40	135534747	2.95127e-07
chr10	25	6	135534747	4.42691e-08
chr10	26	12	135534747	8.85382e-08
chr10	27	6	135534747	4.42691e-08
chr10	28	2	135534747	1.47564e-08
chr11	0	133549005	135006516	0.989204
chr11	1	1448553	135006516	0.0107295
chr11	2	7581	135006516	5.61528e-05
chr11	3	426	135006516	3.1554e-06
chr11	4	393	135006516	2.91097e-06
chr11	5	247	135006516	1.82954e-06
chr11	6	188	135006516	1.39253e-06
chr11	7	78	135006516	5.7775e-07
chr11	8	29	135006516	2.14804e-07
chr11	9	16	135006516	1.18513e-07
chr12	0	132480727	133851895	0.989756
chr12	1	1364465	133851895	0.0101938
chr12	2	6553	133851895	4.89571e-05
chr12	3	100	133851895	7.47094e-07
chr12	4	5	133851895	3.73547e-08
chr12	5	11	133851895	8.21804e-08
chr12	6	34	133851895	2.54012e-07
chr13	0	113972081	115169878	0.9896
chr13	1	1190714	115169878	0.0103388
chr13	2	7063	115169878	6.13268e-05
chr13	3	20	115169878	1.73657e-07
chr14	0	106506539	107349540	0.992147
chr14	1	839752	107349540	0.0078226
chr14	2	3249	107349540	3.02656e-05
chr15	0	101517089	102531392	0.990107
chr15	1	1007947	102531392	0.00983062
chr15	2	6315	102531392	6.15909e-05
chr15	3	41	102531392	3.99878e-07
chr16	0	89207117	90354753	0.987299
chr16	1	1113345	90354753	0.0123219
chr16	2	17637	90354753	0.000195197
chr16	3	5918	90354753	6.54974e-05
chr16	4	4196	90354753	4.64392e-05
chr16	5	2757	90354753	3.05131e-05
chr16	6	1582	90354753	1.75088e-05
chr16	7	1053	90354753	1.16541e-05
chr16	8	567	90354753	6.27526e-06
chr16	9	293	90354753	3.24277e-06
chr16	10	112	90354753	1.23956e-06
chr16	11	79	90354753	8.74331e-07
chr16	12	49	90354753	5.42307e-07
chr16	13	34	90354753	3.76295e-07
chr16	14	7	90354753	7.74724e-08
chr16	15	7	90354753	7.74724e-08
chr17	0	80320803	81195210	0.989231
chr17	1	866976	81195210	0.0106777
chr17	2	6538	81195210	8.0522e-05
chr17	3	463	81195210	5.70231e-06
chr17	4	219	81195210	2.6972e-06
chr17	5	90	81195210	1.10844e-06
chr17	6	46	81195210	5.66536e-07
chr17	7	34	81195210	4.18744e-07
chr17	8	12	81195210	1.47792e-07
chr17	9	17	81195210	2.09372e-07
chr17	10	12	81195210	1.47792e-07
chr18	0	77080092	78077248	0.987229
chr18	1	988844	78077248	0.0126649
chr18	2	7224	78077248	9.25238e-05
chr18	3	437	78077248	5.59702e-06
chr18	4	245	78077248	3.13792e-06
chr18	5	139	78077248	1.78029e-06
chr18	6	106	78077248	1.35763e-06
chr18	7	43	78077248	5.50737e-07
chr18	8	16	78077248	2.04925e-07
chr18	9	12	78077248	1.53694e-07
chr18	10	42	78077248	5.37929e-07
chr18	11	20	78077248	2.56157e-07
chr18	12	14	78077248	1.7931e-07
chr18	13	5	78077248	6.40391e-08
chr18	14	9	78077248	1.1527e-07
chr19	0	58030870	59128983	0.981429
chr19	1	1073613	59128983	0.0181571
chr19	2	21311	59128983	0.000360415
chr19	3	1172	59128983	1.98211e-05
chr19	4	621	59128983	1.05025e-05
chr19	5	253	59128983	4.27878e-06
chr19	6	211	59128983	3.56847e-06
chr19	7	155	59128983	2.62139e-06
chr19	8	90	59128983	1.5221e-06
chr19	9	121	59128983	2.04637e-06
chr19	10	136	59128983	2.30006e-06
chr19	11	74	59128983	1.2515e-06
chr19	12	26	59128983	4.39717e-07
chr19	13	87	59128983	1.47136e-06
chr19	14	39	59128983	6.59575e-07
chr19	15	28	59128983	4.73541e-07
chr19	16	31	59128983	5.24278e-07
chr19	17	30	59128983	5.07365e-07
chr19	18	34	59128983	5.75014e-07
chr19	19	27	59128983	4.56629e-07
chr19	20	26	59128983	4.39717e-07
chr19	21	11	59128983	1.86034e-07
chr19	22	16	59128983	2.70595e-07
chr19	23	1	59128983	1.69122e-08
chr20	0	62125815	63025520	0.985725
chr20	1	892403	63025520	0.0141594
chr20	2	7166	63025520	0.0001137
chr20	3	41	63025520	6.5053e-07
chr20	4	58	63025520	9.20262e-07
chr20	5	12	63025520	1.90399e-07
chr20	6	25	63025520	3.96665e-07
chr21	0	47630454	48129895	0.989623
chr21	1	496182	48129895	0.0103092
chr21	2	3159	48129895	6.56349e-05
chr21	3	100	48129895	2.07771e-06
chr22	0	50975564	51304566	0.993587
chr22	1	327587	51304566	0.00638514
chr22	2	1365	51304566	2.66058e-05
chr22	3	6	51304566	1.16949e-07
chr22	4	5	51304566	9.74572e-08
chr22	5	39	51304566	7.60166e-07
chrX	0	153713147	155270560	0.98997
chrX	1	1542513	155270560	0.00993436
chrX	2	12778	155270560	8.22951e-05
chrX	3	1734	155270560	1.11676e-05
chrX	4	267	155270560	1.71958e-06
chrX	5	71	155270560	4.57266e-07
chrX	6	20	155270560	1.28807e-07
chrX	7	12	155270560	7.72845e-08
chrX	8	10	155270560	6.44037e-08
chrX	9	8	155270560	5.1523e-08
chrY	0	59312291	59373566	0.998968
chrY	1	58898	59373566	0.00099199
chrY	2	1638	59373566	2.7588e-05
chrY	3	556	59373566	9.36444e-06
chrY	4	69	59373566	1.16213e-06
chrY	5	69	59373566	1.16213e-06
chrY	6	28	59373566	4.7159e-07
chrY	7	17	59373566	2.86323e-07
chr1_gl000191_random	0	105233	106433	0.988725
chr1_gl000191_random	1	1200	106433	0.0112747
chr1_gl000192_random	0	537902	547496	0.982477
chr1_gl000192_random	1	9488	547496	0.0173298
chr1_gl000192_random	2	106	547496	0.000193609
chr4_ctg9_hap1	0	587626	590426	0.995258
chr4_ctg9_hap1	1	2800	590426	0.00474234
chr4_gl000193_random	0	185522	189789	0.977517
chr4_gl000193_random	1	4084	189789	0.0215186
chr4_gl000193_random	2	183	189789	0.000964229
chr4_gl000194_random	0	185664	191469	0.969682
chr4_gl000194_random	1	5760	191469	0.0300832
chr4_gl000194_random	2	45	191469	0.000235025
chr6_apd_hap1	0	4615390	4622290	0.998507
chr6_apd_hap1	1	6900	4622290	0.00149277
chr6_cox_hap2	0	4779529	4795371	0.996696
chr6_cox_hap2	1	15834	4795371	0.00330193
chr6_cox_hap2	2	8	4795371	1.66828e-06
chr6_dbb_hap3	0	4598616	4610396	0.997445
chr6_dbb_hap3	1	11710	4610396	0.00253991
chr6_dbb_hap3	2	70	4610396	1.51831e-05
chr6_mann_hap4	0	4670238	4683263	0.997219
chr6_mann_hap4	1	13000	4683263	0.00277584
chr6_mann_hap4	2	25	4683263	5.33816e-06
chr6_mcf_hap5	0	4821248	4833398	0.997486
chr6_mcf_hap5	1	12150	4833398	0.00251376
chr6_qbl_hap6	0	4600845	4611984	0.997585
chr6_qbl_hap6	1	11078	4611984	0.002402
chr6_qbl_hap6	2	61	4611984	1.32264e-05
chr6_ssto_hap7	0	4914367	4928567	0.997119
chr6_ssto_hap7	1	14200	4928567	0.00288116
chr7_gl000195_random	0	173055	182896	0.946193
chr7_gl000195_random	1	9429	182896	0.0515539
chr7_gl000195_random	2	365	182896	0.00199567
chr7_gl000195_random	3	47	182896	0.000256977
chr8_gl000196_random	0	38514	38914	0.989721
chr8_gl000196_random	1	400	38914	0.0102791
chr8_gl000197_random	0	36675	37175	0.98655
chr8_gl000197_random	1	500	37175	0.0134499
chr9_gl000198_random	0	85612	90085	0.950347
chr9_gl000198_random	1	4396	90085	0.0487984
chr9_gl000198_random	2	77	90085	0.000854748
chr9_gl000199_random	0	154035	169874	0.90676
chr9_gl000199_random	1	13089	169874	0.0770512
chr9_gl000199_random	2	2174	169874	0.0127977
chr9_gl000199_random	3	252	169874	0.00148345
chr9_gl000199_random	4	138	169874	0.000812367
chr9_gl000199_random	5	49	169874	0.000288449
chr9_gl000199_random	6	11	169874	6.47539e-05
chr9_gl000199_random	7	37	169874	0.000217808
chr9_gl000199_random	8	25	169874	0.000147168
chr9_gl000199_random	9	12	169874	7.06406e-05
chr9_gl000199_random	10	27	169874	0.000158941
chr9_gl000199_random	11	7	169874	4.1207e-05
chr9_gl000199_random	12	4	169874	2.35469e-05
chr9_gl000199_random	13	14	169874	8.2414e-05
chr9_gl000200_random	0	186135	187035	0.995188
chr9_gl000200_random	1	900	187035	0.00481193
chr9_gl000201_random	0	35948	36148	0.994467
chr9_gl000201_random	1	200	36148	0.00553281
chr11_gl000202_random	0	39753	40103	0.991272
chr11_gl000202_random	1	350	40103	0.00872753
chr17_ctg5_hap1	0	1672212	1680828	0.994874
chr17_ctg5_hap1	1	8532	1680828	0.00507607
chr17_ctg5_hap1	2	84	1680828	4.99754e-05
chr17_gl000203_random	0	37098	37498	0.989333
chr17_gl000203_random	1	400	37498	0.0106672
chr17_gl000204_random	0	79869	81310	0.982278
chr17_gl000204_random	1	1432	81310	0.0176116
chr17_gl000204_random	2	9	81310	0.000110687
chr17_gl000205_random	0	166194	174588	0.951921
chr17_gl000205_random	1	8238	174588	0.0471854
chr17_gl000205_random	2	156	174588	0.000893532
chr17_gl000206_random	0	40751	41001	0.993903
chr17_gl000206_random	1	250	41001	0.00609741
chr19_gl000208_random	0	86807	92689	0.93654
chr19_gl000208_random	1	4609	92689	0.0497254
chr19_gl000208_random	2	847	92689	0.00913809
chr19_gl000208_random	3	322	92689	0.00347398
chr19_gl000208_random	4	91	92689	0.000981778
chr19_gl000208_random	5	11	92689	0.000118676
chr19_gl000208_random	6	2	92689	2.15775e-05
chr19_gl000209_random	0	158019	159169	0.992775
chr19_gl000209_random	1	1150	159169	0.00722502
chr21_gl000210_random	0	27382	27682	0.989163
chr21_gl000210_random	1	300	27682	0.0108374
chrUn_gl000211	0	163642	166566	0.982445
chrUn_gl000211	1	2898	166566	0.0173985
chrUn_gl000211	2	26	166566	0.000156094
chrUn_gl000212	0	185278	186858	0.991544
chrUn_gl000212	1	1530	186858	0.00818804
chrUn_gl000212	2	30	186858	0.00016055
chrUn_gl000212	3	20	186858	0.000107033
chrUn_gl000213	0	162728	164239	0.9908
chrUn_gl000213	1	1472	164239	0.00896255
chrUn_gl000213	2	39	164239	0.000237459
chrUn_gl000214	0	125016	137718	0.907768
chrUn_gl000214	1	10369	137718	0.0752915
chrUn_gl000214	2	1812	137718	0.0131573
chrUn_gl000214	3	370	137718	0.00268665
chrUn_gl000214	4	97	137718	0.000704338
chrUn_gl000214	5	19	137718	0.000137963
chrUn_gl000214	6	31	137718	0.000225098
chrUn_gl000214	7	4	137718	2.90449e-05
chrUn_gl000215	0	171288	172545	0.992715
chrUn_gl000215	1	1214	172545	0.00703585
chrUn_gl000215	2	43	172545	0.00024921
chrUn_gl000216	0	165302	172294	0.959418
chrUn_gl000216	1	5445	172294	0.031603
chrUn_gl000216	2	774	172294	0.00449232
chrUn_gl000216	3	435	172294	0.00252475
chrUn_gl000216	4	186	172294	0.00107955
chrUn_gl000216	5	56	172294	0.000325026
chrUn_gl000216	6	36	172294	0.000208945
chrUn_gl000216	7	1	172294	5.80403e-06
chrUn_gl000216	8	6	172294	3.48242e-05
chrUn_gl000216	9	3	172294	1.74121e-05
chrUn_gl000216	10	3	172294	1.74121e-05
chrUn_gl000216	11	6	172294	3.48242e-05
chrUn_gl000216	12	1	172294	5.80403e-06
chrUn_gl000216	13	12	172294	6.96484e-05
chrUn_gl000216	14	6	172294	3.48242e-05
chrUn_gl000216	16	6	172294	3.48242e-05
chrUn_gl000216	17	6	172294	3.48242e-05
chrUn_gl000216	18	6	172294	3.48242e-05
chrUn_gl000216	19	4	172294	2.32161e-05
chrUn_gl000217	0	169040	172149	0.98194
chrUn_gl000217	1	3068	172149	0.0178218
chrUn_gl000217	2	41	172149	0.000238166
chrUn_gl000218	0	157163	161147	0.975277
chrUn_gl000218	1	3918	161147	0.0243132
chrUn_gl000218	2	66	161147	0.000409564
chrUn_gl000219	0	176039	179198	0.982371
chrUn_gl000219	1	3118	179198	0.0173997
chrUn_gl000219	2	41	179198	0.000228797
chrUn_gl000220	0	113832	161802	0.703527
chrUn_gl000220	1	22148	161802	0.136883
chrUn_gl000220	2	11548	161802	0.0713712
chrUn_gl000220	3	7095	161802	0.0438499
chrUn_gl000220	4	3838	161802	0.0237204
chrUn_gl000220	5	2134	161802	0.013189
chrUn_gl000220	6	781	161802	0.00482689
chrUn_gl000220	7	317	161802	0.00195918
chrUn_gl000220	8	93	161802	0.000574777
chrUn_gl000220	9	10	161802	6.18039e-05
chrUn_gl000220	10	6	161802	3.70824e-05
chrUn_gl000221	0	151102	155397	0.972361
chrUn_gl000221	1	4190	155397	0.0269632
chrUn_gl000221	2	105	155397	0.000675689
chrUn_gl000222	0	185019	186861	0.990142
chrUn_gl000222	1	1734	186861	0.00927962
chrUn_gl000222	2	108	186861	0.00057797
chrUn_gl000223	0	179355	180455	0.993904
chrUn_gl000223	1	1100	180455	0.0060957
chrUn_gl000224	0	170158	179693	0.946937
chrUn_gl000224	1	8279	179693	0.046073
chrUn_gl000224	2	1109	179693	0.00617164
chrUn_gl000224	3	135	179693	0.000751281
chrUn_gl000224	4	12	179693	6.67806e-05
chrUn_gl000225	0	193976	211173	0.918564
chrUn_gl000225	1	13215	211173	0.062579
chrUn_gl000225	2	2563	211173	0.012137
chrUn_gl000225	3	575	211173	0.00272289
chrUn_gl000225	4	341	211173	0.00161479
chrUn_gl000225	5	151	211173	0.000715054
chrUn_gl000225	6	148	211173	0.000700847
chrUn_gl000225	7	24	211173	0.000113651
chrUn_gl000225	8	43	211173	0.000203625
chrUn_gl000225	9	37	211173	0.000175212
chrUn_gl000225	10	7	211173	3.31482e-05
chrUn_gl000225	11	8	211173	3.78836e-05
chrUn_gl000225	12	10	211173	4.73545e-05
chrUn_gl000225	13	8	211173	3.78836e-05
chrUn_gl000225	14	3	211173	1.42064e-05
chrUn_gl000225	15	5	211173	2.36773e-05
chrUn_gl000225	16	14	211173	6.62964e-05
chrUn_gl000225	17	22	211173	0.00010418
chrUn_gl000225	18	2	211173	9.47091e-06
chrUn_gl000225	19	21	211173	9.94445e-05
chrUn_gl000226	0	547	15008	0.0364472
chrUn_gl000226	1	873	15008	0.058169
chrUn_gl000226	2	1253	15008	0.0834888
chrUn_gl000226	3	1595	15008	0.106277
chrUn_gl000226	4	1851	15008	0.123334
chrUn_gl000226	5	1893	15008	0.126133
chrUn_gl000226	6	1609	15008	0.107209
chrUn_gl000226	7	1687	15008	0.112407
chrUn_gl000226	8	1279	15008	0.0852212
chrUn_gl000226	9	880	15008	0.0586354
chrUn_gl000226	10	616	15008	0.0410448
chrUn_gl000226	11	387	15008	0.0257862
chrUn_gl000226	12	223	15008	0.0148587
chrUn_gl000226	13	137	15008	0.00912846
chrUn_gl000226	14	75	15008	0.00499733
chrUn_gl000226	15	56	15008	0.00373134
chrUn_gl000226	16	28	15008	0.00186567
chrUn_gl000226	17	10	15008	0.000666311
chrUn_gl000226	18	4	15008	0.000266525
chrUn_gl000226	19	2	15008	0.000133262
chrUn_gl000226	20	3	15008	0.000199893
chrUn_gl000227	0	127274	128374	0.991431
chrUn_gl000227	1	1100	128374	0.00856871
chrUn_gl000228	0	125787	129120	0.974187
chrUn_gl000228	1	2658	129120	0.0205855
chrUn_gl000228	2	305	129120	0.00236214
chrUn_gl000228	3	172	129120	0.00133209
chrUn_gl000228	4	124	129120	0.000960347
chrUn_gl000228	5	74	129120	0.00057311
chrUn_gl000229	0	19060	19913	0.957164
chrUn_gl000229	1	756	19913	0.0379651
chrUn_gl000229	2	97	19913	0.00487119
chrUn_gl000230	0	43491	43691	0.995422
chrUn_gl000230	1	200	43691	0.0045776
chrUn_gl000231	0	26736	27386	0.976265
chrUn_gl000231	1	650	27386	0.0237348
chrUn_gl000232	0	39002	40652	0.959412
chrUn_gl000232	1	1650	40652	0.0405884
chrUn_gl000233	0	45641	45941	0.99347
chrUn_gl000233	1	300	45941	0.00653011
chrUn_gl000234	0	39118	40531	0.965138
chrUn_gl000234	1	1328	40531	0.032765
chrUn_gl000234	2	83	40531	0.00204782
chrUn_gl000234	3	2	40531	4.93449e-05
chrUn_gl000235	0	33690	34474	0.977258
chrUn_gl000235	1	734	34474	0.0212914
chrUn_gl000235	2	34	34474	0.00098625
chrUn_gl000235	3	16	34474	0.000464118
chrUn_gl000236	0	41484	41934	0.989269
chrUn_gl000236	1	450	41934	0.0107311
chrUn_gl000237	0	44567	45867	0.971657
chrUn_gl000237	1	1300	45867	0.0283428
chrUn_gl000238	0	39889	39939	0.998748
chrUn_gl000238	1	50	39939	0.00125191
chrUn_gl000239	0	33174	33824	0.980783
chrUn_gl000239	1	650	33824	0.0192171
chrUn_gl000240	0	41333	41933	0.985691
chrUn_gl000240	1	600	41933	0.0143085
chrUn_gl000241	0	41034	42152	0.973477
chrUn_gl000241	1	1086	42152	0.0257639
chrUn_gl000241	2	32	42152	0.000759157
chrUn_gl000242	0	43273	43523	0.994256
chrUn_gl000242	1	250	43523	0.00574409
chrUn_gl000243	0	41732	43341	0.962876
chrUn_gl000243	1	1468	43341	0.0338709
chrUn_gl000243	2	141	43341	0.00325327
chrUn_gl000244	0	39321	39929	0.984773
chrUn_gl000244	1	566	39929	0.0141752
chrUn_gl000244	2	42	39929	0.00105187
chrUn_gl000245	0	35701	36651	0.97408
chrUn_gl000245	1	950	36651	0.0259202
chrUn_gl000246	0	37954	38154	0.994758
chrUn_gl000246	1	200	38154	0.00524191
chrUn_gl000247	0	35972	36422	0.987645
chrUn_gl000247	1	450	36422	0.0123552
chrUn_gl000248	0	39536	39786	0.993716
chrUn_gl000248	1	250	39786	0.00628362
chrUn_gl000249	0	38252	38502	0.993507
chrUn_gl000249	1	250	38502	0.00649317
chr18_gl000207_random	0	4262	4262	1
genome	0	3097922838	3137161264	0.987492
genome	1	38797735	3137161264	0.0123671
genome	2	349426	3137161264	0.000111383
genome	3	33027	3137161264	1.05277e-05
genome	4	18180	3137161264	5.79505e-06
genome	5	11639	3137161264	3.71004e-06
genome	6	7354	3137161264	2.34416e-06
genome	7	5172	3137161264	1.64862e-06
genome	8	3435	3137161264	1.09494e-06
genome	9	2651	3137161264	8.45031e-07
genome	10	2042	3137161264	6.50907e-07
genome	11	1539	3137161264	4.90571e-07
genome	12	1154	3137161264	3.67848e-07
genome	13	982	3137161264	3.13022e-07
genome	14	696	3137161264	2.21857e-07
genome	15	613	3137161264	1.954e-07
genome	16	438	3137161264	1.39617e-07
genome	17	347	3137161264	1.1061e-07
genome	18	302	3137161264	9.62654e-08
genome	19	235	3137161264	7.49085e-08
genome	20	211	3137161264	6.72583e-08
genome	21	209	3137161264	6.66207e-08
genome	22	192	3137161264	6.12018e-08
genome	23	165	3137161264	5.25953e-08
genome	24	143	3137161264	4.55826e-08
genome	25	82	3137161264	2.61383e-08
genome	26	83	3137161264	2.6457e-08
genome	27	54	3137161264	1.7213e-08
genome	28	58	3137161264	1.84881e-08
genome	29	44	3137161264	1.40254e-08
genome	30	26	3137161264	8.28775e-09
genome	31	34	3137161264	1.08378e-08
genome	32	23	3137161264	7.33147e-09
genome	33	25	3137161264	7.96899e-09
genome	34	35	3137161264	1.11566e-08
genome	35	15	3137161264	4.78139e-09
genome	36	10	3137161264	3.1876e-09
genome	37	13	3137161264	4.14387e-09
genome	38	11	3137161264	3.50635e-09
genome	39	8	3137161264	2.55008e-09
genome	40	8	3137161264	2.55008e-09
genome	41	7	3137161264	2.23132e-09
genome	42	3	3137161264	9.56279e-10
