chrM	0	15621	16571	0.942671
chrM	1	950	16571	0.0573291
chr1	0	244967207	249250621	0.982815
chr1	1	4238744	249250621	0.017006
chr1	2	42759	249250621	0.00017155
chr1	3	554	249250621	2.22266e-06
chr1	4	114	249250621	4.57371e-07
chr1	5	74	249250621	2.9689e-07
chr1	6	70	249250621	2.80842e-07
chr1	7	42	249250621	1.68505e-07
chr1	8	52	249250621	2.08625e-07
chr1	9	24	249250621	9.62886e-08
chr1	10	46	249250621	1.84553e-07
chr1	11	51	249250621	2.04613e-07
chr1	12	37	249250621	1.48445e-07
chr1	13	46	249250621	1.84553e-07
chr1	14	65	249250621	2.60782e-07
chr1	15	74	249250621	2.9689e-07
chr1	16	84	249250621	3.3701e-07
chr1	17	64	249250621	2.5677e-07
chr1	18	60	249250621	2.40722e-07
chr1	19	101	249250621	4.05215e-07
chr1	20	85	249250621	3.41022e-07
chr1	21	40	249250621	1.60481e-07
chr1	22	27	249250621	1.08325e-07
chr1	23	38	249250621	1.52457e-07
chr1	24	38	249250621	1.52457e-07
chr1	25	15	249250621	6.01804e-08
chr1	26	12	249250621	4.81443e-08
chr1	27	13	249250621	5.21563e-08
chr1	28	29	249250621	1.16349e-07
chr1	29	31	249250621	1.24373e-07
chr1	30	13	249250621	5.21563e-08
chr1	31	4	249250621	1.60481e-08
chr1	32	7	249250621	2.80842e-08
chr1	33	1	249250621	4.01203e-09
chr2	0	239781550	243199373	0.985946
chr2	1	3383406	243199373	0.0139121
chr2	2	29031	243199373	0.000119371
chr2	3	2667	243199373	1.09663e-05
chr2	4	1551	243199373	6.37748e-06
chr2	5	597	243199373	2.45478e-06
chr2	6	351	243199373	1.44326e-06
chr2	7	148	243199373	6.08554e-07
chr2	8	48	243199373	1.97369e-07
chr2	9	24	243199373	9.86845e-08
chr3	0	194880526	198022430	0.984134
chr3	1	3107466	198022430	0.0156925
chr3	2	34168	198022430	0.000172546
chr3	3	130	198022430	6.56491e-07
chr3	4	20	198022430	1.00999e-07
chr3	5	47	198022430	2.37347e-07
chr3	6	41	198022430	2.07047e-07
chr3	7	18	198022430	9.08988e-08
chr3	8	5	198022430	2.52497e-08
chr3	9	9	198022430	4.54494e-08
chr4	0	189395790	191154276	0.990801
chr4	1	1747949	191154276	0.00914418
chr4	2	9955	191154276	5.20784e-05
chr4	3	433	191154276	2.26519e-06
chr4	4	86	191154276	4.49898e-07
chr4	5	30	191154276	1.56941e-07
chr4	6	33	191154276	1.72635e-07
chr5	0	179095534	180915260	0.989942
chr5	1	1808952	180915260	0.00999889
chr5	2	10007	180915260	5.53132e-05
chr5	3	499	180915260	2.7582e-06
chr5	4	259	180915260	1.43161e-06
chr5	5	3	180915260	1.65823e-08
chr5	6	6	180915260	3.31647e-08
chr6	0	168628671	171115067	0.985469
chr6	1	2466098	171115067	0.0144119
chr6	2	16351	171115067	9.55556e-05
chr6	3	533	171115067	3.11486e-06
chr6	4	401	171115067	2.34345e-06
chr6	5	313	171115067	1.82918e-06
chr6	6	368	171115067	2.1506e-06
chr6	7	460	171115067	2.68825e-06
chr6	8	372	171115067	2.17398e-06
chr6	9	348	171115067	2.03372e-06
chr6	10	350	171115067	2.04541e-06
chr6	11	308	171115067	1.79996e-06
chr6	12	166	171115067	9.70107e-07
chr6	13	131	171115067	7.65567e-07
chr6	14	70	171115067	4.09081e-07
chr6	15	35	171115067	2.04541e-07
chr6	16	32	171115067	1.87009e-07
chr6	17	39	171115067	2.27917e-07
chr6	18	16	171115067	9.35043e-08
chr6	19	5	171115067	2.92201e-08
chr7	0	156464429	159138663	0.983196
chr7	1	2648833	159138663	0.0166448
chr7	2	21742	159138663	0.000136623
chr7	3	757	159138663	4.75686e-06
chr7	4	426	159138663	2.67691e-06
chr7	5	354	159138663	2.22448e-06
chr7	6	234	159138663	1.47042e-06
chr7	7	295	159138663	1.85373e-06
chr7	8	198	159138663	1.2442e-06
chr7	9	257	159138663	1.61494e-06
chr7	10	228	159138663	1.43271e-06
chr7	11	128	159138663	8.0433e-07
chr7	12	172	159138663	1.08082e-06
chr7	13	116	159138663	7.28924e-07
chr7	14	106	159138663	6.66086e-07
chr7	15	129	159138663	8.10614e-07
chr7	16	77	159138663	4.83855e-07
chr7	17	36	159138663	2.26218e-07
chr7	18	43	159138663	2.70205e-07
chr7	19	27	159138663	1.69663e-07
chr7	20	21	159138663	1.3196e-07
chr7	21	9	159138663	5.65545e-08
chr7	22	17	159138663	1.06825e-07
chr7	23	18	159138663	1.13109e-07
chr7	24	10	159138663	6.28383e-08
chr7	25	1	159138663	6.28383e-09
chr8	0	143390324	146364022	0.979683
chr8	1	2925469	146364022	0.0199876
chr8	2	43232	146364022	0.000295373
chr8	3	3131	146364022	2.13919e-05
chr8	4	1042	146364022	7.11924e-06
chr8	5	340	146364022	2.32298e-06
chr8	6	223	146364022	1.5236e-06
chr8	7	110	146364022	7.51551e-07
chr8	8	80	146364022	5.46582e-07
chr8	9	31	146364022	2.11801e-07
chr8	10	20	146364022	1.36646e-07
chr8	11	11	146364022	7.51551e-08
chr8	12	9	146364022	6.14905e-08
chr9	0	139709283	141213431	0.989348
chr9	1	1495551	141213431	0.0105907
chr9	2	8143	141213431	5.76645e-05
chr9	3	242	141213431	1.71372e-06
chr9	4	162	141213431	1.1472e-06
chr9	5	4	141213431	2.83259e-08
chr9	6	2	141213431	1.4163e-08
chr9	7	4	141213431	2.83259e-08
chr9	8	31	141213431	2.19526e-07
chr9	9	9	141213431	6.37333e-08
chr10	0	134054988	135534747	0.989082
chr10	1	1456308	135534747	0.0107449
chr10	2	13719	135534747	0.000101221
chr10	3	2193	135534747	1.61804e-05
chr10	4	1532	135534747	1.13034e-05
chr10	5	1203	135534747	8.87595e-06
chr10	6	905	135534747	6.67725e-06
chr10	7	796	135534747	5.87303e-06
chr10	8	683	135534747	5.0393e-06
chr10	9	635	135534747	4.68515e-06
chr10	10	476	135534747	3.51201e-06
chr10	11	380	135534747	2.80371e-06
chr10	12	255	135534747	1.88144e-06
chr10	13	182	135534747	1.34283e-06
chr10	14	134	135534747	9.88676e-07
chr10	15	132	135534747	9.7392e-07
chr10	16	53	135534747	3.91044e-07
chr10	17	35	135534747	2.58236e-07
chr10	18	35	135534747	2.58236e-07
chr10	19	40	135534747	2.95127e-07
chr10	20	25	135534747	1.84455e-07
chr10	21	19	135534747	1.40185e-07
chr10	22	6	135534747	4.42691e-08
chr10	23	4	135534747	2.95127e-08
chr10	24	2	135534747	1.47564e-08
chr10	25	7	135534747	5.16473e-08
chr11	0	133594776	135006516	0.989543
chr11	1	1403217	135006516	0.0103937
chr11	2	7213	135006516	5.34271e-05
chr11	3	719	135006516	5.32567e-06
chr11	4	317	135006516	2.34803e-06
chr11	5	147	135006516	1.08884e-06
chr11	6	47	135006516	3.48131e-07
chr11	7	75	135006516	5.55529e-07
chr11	8	5	135006516	3.70352e-08
chr12	0	132593093	133851895	0.990596
chr12	1	1253220	133851895	0.00936274
chr12	2	5438	133851895	4.0627e-05
chr12	3	97	133851895	7.24682e-07
chr12	4	22	133851895	1.64361e-07
chr12	5	25	133851895	1.86774e-07
chr13	0	113894670	115169878	0.988928
chr13	1	1268016	115169878	0.01101
chr13	2	7192	115169878	6.24469e-05
chr14	0	106537963	107349540	0.99244
chr14	1	808364	107349540	0.0075302
chr14	2	3203	107349540	2.98371e-05
chr14	3	10	107349540	9.31536e-08
chr15	0	101557724	102531392	0.990504
chr15	1	966503	102531392	0.00942641
chr15	2	7098	102531392	6.92276e-05
chr15	3	67	102531392	6.53458e-07
chr16	0	89205829	90354753	0.987284
chr16	1	1116916	90354753	0.0123615
chr16	2	17989	90354753	0.000199093
chr16	3	5990	90354753	6.62942e-05
chr16	4	3743	90354753	4.14256e-05
chr16	5	2103	90354753	2.32749e-05
chr16	6	1205	90354753	1.33363e-05
chr16	7	548	90354753	6.06498e-06
chr16	8	218	90354753	2.41271e-06
chr16	9	96	90354753	1.06248e-06
chr16	10	52	90354753	5.75509e-07
chr16	11	26	90354753	2.87755e-07
chr16	12	15	90354753	1.66012e-07
chr16	13	5	90354753	5.53374e-08
chr16	14	5	90354753	5.53374e-08
chr16	15	4	90354753	4.42699e-08
chr16	16	9	90354753	9.96074e-08
chr17	0	80338680	81195210	0.989451
chr17	1	849346	81195210	0.0104605
chr17	2	6534	81195210	8.04727e-05
chr17	3	478	81195210	5.88705e-06
chr17	4	90	81195210	1.10844e-06
chr17	5	57	81195210	7.02012e-07
chr17	6	18	81195210	2.21688e-07
chr17	7	7	81195210	8.6212e-08
chr18	0	77128180	78077248	0.987844
chr18	1	942014	78077248	0.0120652
chr18	2	5992	78077248	7.67445e-05
chr18	3	329	78077248	4.21378e-06
chr18	4	325	78077248	4.16254e-06
chr18	5	179	78077248	2.2926e-06
chr18	6	120	78077248	1.53694e-06
chr18	7	45	78077248	5.76352e-07
chr18	8	24	78077248	3.07388e-07
chr18	9	4	78077248	5.12313e-08
chr18	10	7	78077248	8.96548e-08
chr18	11	15	78077248	1.92117e-07
chr18	12	10	78077248	1.28078e-07
chr18	13	4	78077248	5.12313e-08
chr19	0	57763535	59128983	0.976907
chr19	1	1331413	59128983	0.0225171
chr19	2	31169	59128983	0.000527136
chr19	3	1248	59128983	2.11064e-05
chr19	4	497	59128983	8.40535e-06
chr19	5	373	59128983	6.30824e-06
chr19	6	253	59128983	4.27878e-06
chr19	7	82	59128983	1.3868e-06
chr19	8	41	59128983	6.93399e-07
chr19	9	81	59128983	1.36989e-06
chr19	10	61	59128983	1.03164e-06
chr19	11	36	59128983	6.08838e-07
chr19	12	41	59128983	6.93399e-07
chr19	13	40	59128983	6.76487e-07
chr19	14	40	59128983	6.76487e-07
chr19	15	24	59128983	4.05892e-07
chr19	16	8	59128983	1.35297e-07
chr19	17	3	59128983	5.07365e-08
chr19	18	6	59128983	1.01473e-07
chr19	19	2	59128983	3.38244e-08
chr19	20	8	59128983	1.35297e-07
chr19	21	5	59128983	8.45609e-08
chr19	22	16	59128983	2.70595e-07
chr19	23	1	59128983	1.69122e-08
chr20	0	62150251	63025520	0.986112
chr20	1	868309	63025520	0.0137771
chr20	2	6869	63025520	0.000108988
chr20	3	46	63025520	7.29863e-07
chr20	4	10	63025520	1.58666e-07
chr20	5	35	63025520	5.55331e-07
chr21	0	47508897	48129895	0.987097
chr21	1	615280	48129895	0.0127837
chr21	2	5612	48129895	0.000116601
chr21	3	63	48129895	1.30896e-06
chr21	4	8	48129895	1.66217e-07
chr21	5	35	48129895	7.27199e-07
chr22	0	50971928	51304566	0.993516
chr22	1	330749	51304566	0.00644678
chr22	2	1799	51304566	3.50651e-05
chr22	3	57	51304566	1.11101e-06
chr22	4	33	51304566	6.43218e-07
chrX	0	153770252	155270560	0.990337
chrX	1	1488005	155270560	0.0095833
chrX	2	10991	155270560	7.07861e-05
chrX	3	892	155270560	5.74481e-06
chrX	4	300	155270560	1.93211e-06
chrX	5	91	155270560	5.86074e-07
chrX	6	21	155270560	1.35248e-07
chrX	7	8	155270560	5.1523e-08
chrY	0	59311583	59373566	0.998956
chrY	1	59504	59373566	0.0010022
chrY	2	2044	59373566	3.44261e-05
chrY	3	340	59373566	5.72645e-06
chrY	4	87	59373566	1.4653e-06
chrY	5	8	59373566	1.3474e-07
chr1_gl000191_random	0	105783	106433	0.993893
chr1_gl000191_random	1	650	106433	0.00610713
chr1_gl000192_random	0	535792	547496	0.978623
chr1_gl000192_random	1	11658	547496	0.0212933
chr1_gl000192_random	2	46	547496	8.40189e-05
chr4_ctg9_hap1	0	588026	590426	0.995935
chr4_ctg9_hap1	1	2400	590426	0.00406486
chr4_gl000193_random	0	185415	189789	0.976953
chr4_gl000193_random	1	4261	189789	0.0224512
chr4_gl000193_random	2	100	189789	0.000526901
chr4_gl000193_random	3	13	189789	6.84971e-05
chr4_gl000194_random	0	186751	191469	0.975359
chr4_gl000194_random	1	4636	191469	0.0242128
chr4_gl000194_random	2	82	191469	0.000428268
chr6_apd_hap1	0	4616590	4622290	0.998767
chr6_apd_hap1	1	5700	4622290	0.00123316
chr6_cox_hap2	0	4779959	4795371	0.996786
chr6_cox_hap2	1	15324	4795371	0.00319558
chr6_cox_hap2	2	88	4795371	1.8351e-05
chr6_dbb_hap3	0	4598496	4610396	0.997419
chr6_dbb_hap3	1	11900	4610396	0.00258112
chr6_mann_hap4	0	4673415	4683263	0.997897
chr6_mann_hap4	1	9796	4683263	0.0020917
chr6_mann_hap4	2	52	4683263	1.11034e-05
chr6_mcf_hap5	0	4822398	4833398	0.997724
chr6_mcf_hap5	1	11000	4833398	0.00227583
chr6_qbl_hap6	0	4598884	4611984	0.99716
chr6_qbl_hap6	1	13100	4611984	0.00284043
chr6_ssto_hap7	0	4916217	4928567	0.997494
chr6_ssto_hap7	1	12350	4928567	0.0025058
chr7_gl000195_random	0	174977	182896	0.956702
chr7_gl000195_random	1	7838	182896	0.042855
chr7_gl000195_random	2	81	182896	0.000442875
chr8_gl000196_random	0	38564	38914	0.991006
chr8_gl000196_random	1	350	38914	0.00899419
chr8_gl000197_random	0	36825	37175	0.990585
chr8_gl000197_random	1	350	37175	0.00941493
chr9_gl000198_random	0	86893	90085	0.964567
chr9_gl000198_random	1	3184	90085	0.0353444
chr9_gl000198_random	2	8	90085	8.8805e-05
chr9_gl000199_random	0	155965	169874	0.918122
chr9_gl000199_random	1	11386	169874	0.0670261
chr9_gl000199_random	2	1843	169874	0.0108492
chr9_gl000199_random	3	316	169874	0.0018602
chr9_gl000199_random	4	128	169874	0.0007535
chr9_gl000199_random	5	127	169874	0.000747613
chr9_gl000199_random	6	51	169874	0.000300223
chr9_gl000199_random	7	6	169874	3.53203e-05
chr9_gl000199_random	8	4	169874	2.35469e-05
chr9_gl000199_random	9	6	169874	3.53203e-05
chr9_gl000199_random	10	14	169874	8.2414e-05
chr9_gl000199_random	11	4	169874	2.35469e-05
chr9_gl000199_random	12	10	169874	5.88672e-05
chr9_gl000199_random	13	5	169874	2.94336e-05
chr9_gl000199_random	14	5	169874	2.94336e-05
chr9_gl000199_random	15	4	169874	2.35469e-05
chr9_gl000200_random	0	186435	187035	0.996792
chr9_gl000200_random	1	600	187035	0.00320796
chr9_gl000201_random	0	35798	36148	0.990318
chr9_gl000201_random	1	350	36148	0.00968242
chr11_gl000202_random	0	40003	40103	0.997506
chr11_gl000202_random	1	100	40103	0.00249358
chr17_ctg5_hap1	0	1672078	1680828	0.994794
chr17_ctg5_hap1	1	8750	1680828	0.00520577
chr17_gl000203_random	0	37048	37498	0.987999
chr17_gl000203_random	1	450	37498	0.0120006
chr17_gl000204_random	0	79437	81310	0.976965
chr17_gl000204_random	1	1846	81310	0.0227032
chr17_gl000204_random	2	27	81310	0.000332062
chr17_gl000205_random	0	167558	174588	0.959734
chr17_gl000205_random	1	6860	174588	0.0392925
chr17_gl000205_random	2	170	174588	0.000973721
chr17_gl000206_random	0	40601	41001	0.990244
chr17_gl000206_random	1	400	41001	0.00975586
chr18_gl000207_random	0	4162	4262	0.976537
chr18_gl000207_random	1	100	4262	0.0234632
chr19_gl000208_random	0	85300	92689	0.920282
chr19_gl000208_random	1	5393	92689	0.0581838
chr19_gl000208_random	2	925	92689	0.00997961
chr19_gl000208_random	3	604	92689	0.00651642
chr19_gl000208_random	4	185	92689	0.00199592
chr19_gl000208_random	5	108	92689	0.00116519
chr19_gl000208_random	6	109	92689	0.00117598
chr19_gl000208_random	7	59	92689	0.000636537
chr19_gl000208_random	8	6	92689	6.47326e-05
chr19_gl000209_random	0	156707	159169	0.984532
chr19_gl000209_random	1	2374	159169	0.014915
chr19_gl000209_random	2	88	159169	0.000552871
chr21_gl000210_random	0	27282	27682	0.98555
chr21_gl000210_random	1	400	27682	0.0144498
chrUn_gl000211	0	163966	166566	0.984391
chrUn_gl000211	1	2600	166566	0.0156094
chrUn_gl000212	0	184446	186858	0.987092
chrUn_gl000212	1	2324	186858	0.0124373
chrUn_gl000212	2	88	186858	0.000470946
chrUn_gl000213	0	162639	164239	0.990258
chrUn_gl000213	1	1600	164239	0.0097419
chrUn_gl000214	0	125789	137718	0.913381
chrUn_gl000214	1	9735	137718	0.0706879
chrUn_gl000214	2	1403	137718	0.0101875
chrUn_gl000214	3	441	137718	0.0032022
chrUn_gl000214	4	113	137718	0.000820517
chrUn_gl000214	5	117	137718	0.000849562
chrUn_gl000214	6	59	137718	0.000428412
chrUn_gl000214	7	43	137718	0.000312232
chrUn_gl000214	8	18	137718	0.000130702
chrUn_gl000215	0	170643	172545	0.988977
chrUn_gl000215	1	1804	172545	0.0104552
chrUn_gl000215	2	98	172545	0.000567968
chrUn_gl000216	0	165336	172294	0.959616
chrUn_gl000216	1	5880	172294	0.0341277
chrUn_gl000216	2	671	172294	0.00389451
chrUn_gl000216	3	196	172294	0.00113759
chrUn_gl000216	4	81	172294	0.000470127
chrUn_gl000216	5	43	172294	0.000249573
chrUn_gl000216	6	21	172294	0.000121885
chrUn_gl000216	7	32	172294	0.000185729
chrUn_gl000216	8	16	172294	9.28645e-05
chrUn_gl000216	9	12	172294	6.96484e-05
chrUn_gl000216	10	1	172294	5.80403e-06
chrUn_gl000216	11	5	172294	2.90202e-05
chrUn_gl000217	0	168899	172149	0.981121
chrUn_gl000217	1	3250	172149	0.018879
chrUn_gl000218	0	157321	161147	0.976258
chrUn_gl000218	1	3802	161147	0.0235934
chrUn_gl000218	2	24	161147	0.000148932
chrUn_gl000219	0	175666	179198	0.98029
chrUn_gl000219	1	3364	179198	0.0187725
chrUn_gl000219	2	168	179198	0.00093751
chrUn_gl000220	0	111777	161802	0.690826
chrUn_gl000220	1	23270	161802	0.143818
chrUn_gl000220	2	12468	161802	0.0770571
chrUn_gl000220	3	7346	161802	0.0454012
chrUn_gl000220	4	3880	161802	0.0239799
chrUn_gl000220	5	1941	161802	0.0119961
chrUn_gl000220	6	736	161802	0.00454877
chrUn_gl000220	7	237	161802	0.00146475
chrUn_gl000220	8	83	161802	0.000512973
chrUn_gl000220	9	29	161802	0.000179231
chrUn_gl000220	10	15	161802	9.27059e-05
chrUn_gl000220	11	9	161802	5.56235e-05
chrUn_gl000220	12	11	161802	6.79843e-05
chrUn_gl000221	0	150801	155397	0.970424
chrUn_gl000221	1	4542	155397	0.0292284
chrUn_gl000221	2	54	155397	0.000347497
chrUn_gl000222	0	185411	186861	0.99224
chrUn_gl000222	1	1450	186861	0.00775978
chrUn_gl000223	0	179355	180455	0.993904
chrUn_gl000223	1	1100	180455	0.0060957
chrUn_gl000224	0	170844	179693	0.950755
chrUn_gl000224	1	7825	179693	0.0435465
chrUn_gl000224	2	911	179693	0.00506976
chrUn_gl000224	3	99	179693	0.00055094
chrUn_gl000224	4	14	179693	7.79107e-05
chrUn_gl000225	0	194242	211173	0.919824
chrUn_gl000225	1	13389	211173	0.063403
chrUn_gl000225	2	1877	211173	0.00888845
chrUn_gl000225	3	923	211173	0.00437082
chrUn_gl000225	4	322	211173	0.00152482
chrUn_gl000225	5	131	211173	0.000620344
chrUn_gl000225	6	116	211173	0.000549313
chrUn_gl000225	7	37	211173	0.000175212
chrUn_gl000225	8	22	211173	0.00010418
chrUn_gl000225	9	25	211173	0.000118386
chrUn_gl000225	10	22	211173	0.00010418
chrUn_gl000225	11	37	211173	0.000175212
chrUn_gl000225	12	28	211173	0.000132593
chrUn_gl000225	13	2	211173	9.47091e-06
chrUn_gl000226	0	890	15008	0.0593017
chrUn_gl000226	1	1401	15008	0.0933502
chrUn_gl000226	2	1915	15008	0.127599
chrUn_gl000226	3	2227	15008	0.148388
chrUn_gl000226	4	2034	15008	0.135528
chrUn_gl000226	5	1900	15008	0.126599
chrUn_gl000226	6	1582	15008	0.10541
chrUn_gl000226	7	1244	15008	0.0828891
chrUn_gl000226	8	827	15008	0.0551039
chrUn_gl000226	9	487	15008	0.0324494
chrUn_gl000226	10	250	15008	0.0166578
chrUn_gl000226	11	98	15008	0.00652985
chrUn_gl000226	12	61	15008	0.0040645
chrUn_gl000226	13	53	15008	0.00353145
chrUn_gl000226	14	31	15008	0.00206556
chrUn_gl000226	15	8	15008	0.000533049
chrUn_gl000227	0	126974	128374	0.989094
chrUn_gl000227	1	1400	128374	0.0109056
chrUn_gl000228	0	126323	129120	0.978338
chrUn_gl000228	1	2448	129120	0.0189591
chrUn_gl000228	2	209	129120	0.00161865
chrUn_gl000228	3	91	129120	0.000704771
chrUn_gl000228	4	34	129120	0.000263321
chrUn_gl000228	5	15	129120	0.000116171
chrUn_gl000229	0	19113	19913	0.959825
chrUn_gl000229	1	800	19913	0.0401748
chrUn_gl000230	0	43491	43691	0.995422
chrUn_gl000230	1	200	43691	0.0045776
chrUn_gl000231	0	26698	27386	0.974878
chrUn_gl000231	1	676	27386	0.0246841
chrUn_gl000231	2	12	27386	0.00043818
chrUn_gl000232	0	39149	40652	0.963028
chrUn_gl000232	1	1356	40652	0.0333563
chrUn_gl000232	2	147	40652	0.00361606
chrUn_gl000233	0	45391	45941	0.988028
chrUn_gl000233	1	550	45941	0.0119719
chrUn_gl000234	0	39631	40531	0.977795
chrUn_gl000234	1	900	40531	0.0222052
chrUn_gl000235	0	33582	34474	0.974125
chrUn_gl000235	1	819	34474	0.023757
chrUn_gl000235	2	38	34474	0.00110228
chrUn_gl000235	3	35	34474	0.00101526
chrUn_gl000236	0	41434	41934	0.988077
chrUn_gl000236	1	500	41934	0.0119235
chrUn_gl000237	0	44575	45867	0.971832
chrUn_gl000237	1	1284	45867	0.027994
chrUn_gl000237	2	8	45867	0.000174417
chrUn_gl000238	0	39689	39939	0.99374
chrUn_gl000238	1	250	39939	0.00625955
chrUn_gl000239	0	32857	33824	0.971411
chrUn_gl000239	1	934	33824	0.0276135
chrUn_gl000239	2	33	33824	0.000975639
chrUn_gl000240	0	41483	41933	0.989269
chrUn_gl000240	1	450	41933	0.0107314
chrUn_gl000241	0	41052	42152	0.973904
chrUn_gl000241	1	1100	42152	0.026096
chrUn_gl000242	0	43373	43523	0.996554
chrUn_gl000242	1	150	43523	0.00344645
chrUn_gl000243	0	42307	43341	0.976143
chrUn_gl000243	1	968	43341	0.0223345
chrUn_gl000243	2	66	43341	0.00152281
chrUn_gl000244	0	39329	39929	0.984973
chrUn_gl000244	1	600	39929	0.0150267
chrUn_gl000245	0	35846	36651	0.978036
chrUn_gl000245	1	760	36651	0.0207361
chrUn_gl000245	2	45	36651	0.0012278
chrUn_gl000246	0	37954	38154	0.994758
chrUn_gl000246	1	200	38154	0.00524191
chrUn_gl000247	0	35972	36422	0.987645
chrUn_gl000247	1	450	36422	0.0123552
chrUn_gl000248	0	39686	39786	0.997487
chrUn_gl000248	1	100	39786	0.00251345
chrUn_gl000249	0	38452	38502	0.998701
chrUn_gl000249	1	50	38502	0.00129863
genome	0	3097867029	3137161264	0.987475
genome	1	38838369	3137161264	0.0123801
genome	2	371995	3137161264	0.000118577
genome	3	33766	3137161264	1.07632e-05
genome	4	17816	3137161264	5.67902e-06
genome	5	10400	3137161264	3.3151e-06
genome	6	6571	3137161264	2.09457e-06
genome	7	4296	3137161264	1.36939e-06
genome	8	2733	3137161264	8.7117e-07
genome	9	2077	3137161264	6.62064e-07
genome	10	1542	3137161264	4.91527e-07
genome	11	1108	3137161264	3.53186e-07
genome	12	815	3137161264	2.59789e-07
genome	13	584	3137161264	1.86156e-07
genome	14	456	3137161264	1.45354e-07
genome	15	410	3137161264	1.30691e-07
genome	16	263	3137161264	8.38338e-08
genome	17	177	3137161264	5.64204e-08
genome	18	160	3137161264	5.10015e-08
genome	19	175	3137161264	5.57829e-08
genome	20	139	3137161264	4.43076e-08
genome	21	73	3137161264	2.32694e-08
genome	22	66	3137161264	2.10381e-08
genome	23	61	3137161264	1.94443e-08
genome	24	50	3137161264	1.5938e-08
genome	25	23	3137161264	7.33147e-09
genome	26	12	3137161264	3.82511e-09
genome	27	13	3137161264	4.14387e-09
genome	28	29	3137161264	9.24403e-09
genome	29	31	3137161264	9.88155e-09
genome	30	13	3137161264	4.14387e-09
genome	31	4	3137161264	1.27504e-09
genome	32	7	3137161264	2.23132e-09
genome	33	1	3137161264	3.1876e-10
