chrM	0	15286	16571	0.922455
chrM	1	1220	16571	0.0736226
chrM	2	65	16571	0.00392252
chr1	0	245566097	249250621	0.985218
chr1	1	3648048	249250621	0.0146361
chr1	2	34741	249250621	0.000139382
chr1	3	364	249250621	1.46038e-06
chr1	4	105	249250621	4.21263e-07
chr1	5	74	249250621	2.9689e-07
chr1	6	74	249250621	2.9689e-07
chr1	7	42	249250621	1.68505e-07
chr1	8	48	249250621	1.92577e-07
chr1	9	41	249250621	1.64493e-07
chr1	10	51	249250621	2.04613e-07
chr1	11	76	249250621	3.04914e-07
chr1	12	73	249250621	2.92878e-07
chr1	13	61	249250621	2.44734e-07
chr1	14	68	249250621	2.72818e-07
chr1	15	108	249250621	4.33299e-07
chr1	16	108	249250621	4.33299e-07
chr1	17	72	249250621	2.88866e-07
chr1	18	50	249250621	2.00601e-07
chr1	19	49	249250621	1.96589e-07
chr1	20	55	249250621	2.20661e-07
chr1	21	58	249250621	2.32698e-07
chr1	22	43	249250621	1.72517e-07
chr1	23	32	249250621	1.28385e-07
chr1	24	33	249250621	1.32397e-07
chr1	25	32	249250621	1.28385e-07
chr1	26	5	249250621	2.00601e-08
chr1	27	9	249250621	3.61082e-08
chr1	28	4	249250621	1.60481e-08
chr2	0	239224278	243199373	0.983655
chr2	1	3930056	243199373	0.0161598
chr2	2	37748	243199373	0.000155214
chr2	3	3328	243199373	1.36842e-05
chr2	4	1821	243199373	7.48768e-06
chr2	5	1033	243199373	4.24754e-06
chr2	6	640	243199373	2.63159e-06
chr2	7	260	243199373	1.06908e-06
chr2	8	99	243199373	4.07073e-07
chr2	9	54	243199373	2.2204e-07
chr2	10	15	243199373	6.16778e-08
chr2	11	20	243199373	8.22371e-08
chr2	12	16	243199373	6.57896e-08
chr2	13	5	243199373	2.05593e-08
chr3	0	194683669	198022430	0.983139
chr3	1	3300083	198022430	0.0166652
chr3	2	38110	198022430	0.000192453
chr3	3	416	198022430	2.10077e-06
chr3	4	52	198022430	2.62597e-07
chr3	5	4	198022430	2.01997e-08
chr3	6	3	198022430	1.51498e-08
chr3	7	2	198022430	1.00999e-08
chr3	8	7	198022430	3.53495e-08
chr3	9	8	198022430	4.03995e-08
chr3	10	9	198022430	4.54494e-08
chr3	11	7	198022430	3.53495e-08
chr3	12	6	198022430	3.02996e-08
chr3	13	10	198022430	5.04993e-08
chr3	14	5	198022430	2.52497e-08
chr3	15	5	198022430	2.52497e-08
chr3	16	8	198022430	4.03995e-08
chr3	17	8	198022430	4.03995e-08
chr3	18	10	198022430	5.04993e-08
chr3	19	7	198022430	3.53495e-08
chr3	20	1	198022430	5.04993e-09
chr4	0	189391198	191154276	0.990777
chr4	1	1753093	191154276	0.00917109
chr4	2	9412	191154276	4.92377e-05
chr4	3	412	191154276	2.15533e-06
chr4	4	94	191154276	4.91749e-07
chr4	5	44	191154276	2.30181e-07
chr4	6	10	191154276	5.23138e-08
chr4	7	13	191154276	6.80079e-08
chr5	0	178917359	180915260	0.988957
chr5	1	1985570	180915260	0.0109751
chr5	2	11966	180915260	6.61415e-05
chr5	3	234	180915260	1.29342e-06
chr5	4	52	180915260	2.87427e-07
chr5	5	48	180915260	2.65318e-07
chr5	6	19	180915260	1.05022e-07
chr5	7	12	180915260	6.63294e-08
chr6	0	168734303	171115067	0.986087
chr6	1	2359693	171115067	0.0137901
chr6	2	17276	171115067	0.000100961
chr6	3	441	171115067	2.57721e-06
chr6	4	199	171115067	1.16296e-06
chr6	5	339	171115067	1.98112e-06
chr6	6	350	171115067	2.04541e-06
chr6	7	324	171115067	1.89346e-06
chr6	8	406	171115067	2.37267e-06
chr6	9	420	171115067	2.45449e-06
chr6	10	395	171115067	2.30839e-06
chr6	11	323	171115067	1.88762e-06
chr6	12	167	171115067	9.75951e-07
chr6	13	193	171115067	1.1279e-06
chr6	14	127	171115067	7.42191e-07
chr6	15	58	171115067	3.38953e-07
chr6	16	18	171115067	1.05192e-07
chr6	17	7	171115067	4.09081e-08
chr6	18	13	171115067	7.59723e-08
chr6	19	10	171115067	5.84402e-08
chr6	20	5	171115067	2.92201e-08
chr7	0	157002643	159138663	0.986578
chr7	1	2117608	159138663	0.0133067
chr7	2	15094	159138663	9.48481e-05
chr7	3	828	159138663	5.20301e-06
chr7	4	542	159138663	3.40584e-06
chr7	5	385	159138663	2.41927e-06
chr7	6	229	159138663	1.439e-06
chr7	7	176	159138663	1.10595e-06
chr7	8	119	159138663	7.47776e-07
chr7	9	150	159138663	9.42574e-07
chr7	10	194	159138663	1.21906e-06
chr7	11	206	159138663	1.29447e-06
chr7	12	145	159138663	9.11155e-07
chr7	13	121	159138663	7.60343e-07
chr7	14	101	159138663	6.34667e-07
chr7	15	44	159138663	2.76488e-07
chr7	16	15	159138663	9.42574e-08
chr7	17	18	159138663	1.13109e-07
chr7	18	28	159138663	1.75947e-07
chr7	19	14	159138663	8.79736e-08
chr7	20	3	159138663	1.88515e-08
chr8	0	143719919	146364022	0.981935
chr8	1	2607501	146364022	0.0178152
chr8	2	31325	146364022	0.000214021
chr8	3	3112	146364022	2.12621e-05
chr8	4	1208	146364022	8.25339e-06
chr8	5	586	146364022	4.00372e-06
chr8	6	228	146364022	1.55776e-06
chr8	7	81	146364022	5.53415e-07
chr8	8	15	146364022	1.02484e-07
chr8	9	8	146364022	5.46582e-08
chr8	10	17	146364022	1.16149e-07
chr8	11	13	146364022	8.88196e-08
chr8	12	6	146364022	4.09937e-08
chr8	13	3	146364022	2.04968e-08
chr9	0	139452611	141213431	0.987531
chr9	1	1748645	141213431	0.012383
chr9	2	11838	141213431	8.38306e-05
chr9	3	194	141213431	1.37381e-06
chr9	4	68	141213431	4.81541e-07
chr9	5	75	141213431	5.31111e-07
chr10	0	133281461	135534747	0.983375
chr10	1	2218201	135534747	0.0163663
chr10	2	25104	135534747	0.000185222
chr10	3	2555	135534747	1.88513e-05
chr10	4	1515	135534747	1.11779e-05
chr10	5	1196	135534747	8.82431e-06
chr10	6	1072	135534747	7.90941e-06
chr10	7	867	135534747	6.39688e-06
chr10	8	629	135534747	4.64088e-06
chr10	9	500	135534747	3.68909e-06
chr10	10	372	135534747	2.74468e-06
chr10	11	239	135534747	1.76339e-06
chr10	12	249	135534747	1.83717e-06
chr10	13	221	135534747	1.63058e-06
chr10	14	141	135534747	1.04032e-06
chr10	15	185	135534747	1.36496e-06
chr10	16	93	135534747	6.86171e-07
chr10	17	47	135534747	3.46775e-07
chr10	18	40	135534747	2.95127e-07
chr10	19	32	135534747	2.36102e-07
chr10	20	13	135534747	9.59164e-08
chr10	21	12	135534747	8.85382e-08
chr10	22	2	135534747	1.47564e-08
chr10	23	1	135534747	7.37818e-09
chr11	0	133758727	135006516	0.990758
chr11	1	1240881	135006516	0.00919127
chr11	2	5946	135006516	4.40423e-05
chr11	3	431	135006516	3.19244e-06
chr11	4	242	135006516	1.79251e-06
chr11	5	112	135006516	8.2959e-07
chr11	6	115	135006516	8.51811e-07
chr11	7	43	135006516	3.18503e-07
chr11	8	6	135006516	4.44423e-08
chr11	9	13	135006516	9.62917e-08
chr12	0	132476615	133851895	0.989725
chr12	1	1368782	133851895	0.0102261
chr12	2	6373	133851895	4.76123e-05
chr12	3	49	133851895	3.66076e-07
chr12	4	55	133851895	4.10902e-07
chr12	5	21	133851895	1.5689e-07
chr13	0	113553379	115169878	0.985964
chr13	1	1604984	115169878	0.0139358
chr13	2	11479	115169878	9.96702e-05
chr13	3	36	115169878	3.12582e-07
chr14	0	106476039	107349540	0.991863
chr14	1	869302	107349540	0.00809786
chr14	2	4149	107349540	3.86494e-05
chr14	3	50	107349540	4.65768e-07
chr15	0	101525289	102531392	0.990187
chr15	1	998785	102531392	0.00974126
chr15	2	7289	102531392	7.10904e-05
chr15	3	29	102531392	2.8284e-07
chr16	0	89144452	90354753	0.986605
chr16	1	1175262	90354753	0.0130072
chr16	2	19870	90354753	0.000219911
chr16	3	6094	90354753	6.74453e-05
chr16	4	3865	90354753	4.27758e-05
chr16	5	2446	90354753	2.70711e-05
chr16	6	1290	90354753	1.42771e-05
chr16	7	712	90354753	7.88005e-06
chr16	8	415	90354753	4.59301e-06
chr16	9	213	90354753	2.35737e-06
chr16	10	80	90354753	8.85399e-07
chr16	11	37	90354753	4.09497e-07
chr16	12	13	90354753	1.43877e-07
chr16	13	4	90354753	4.42699e-08
chr17	0	79990949	81195210	0.985168
chr17	1	1191379	81195210	0.014673
chr17	2	11691	81195210	0.000143986
chr17	3	717	81195210	8.83057e-06
chr17	4	227	81195210	2.79573e-06
chr17	5	83	81195210	1.02223e-06
chr17	6	57	81195210	7.02012e-07
chr17	7	42	81195210	5.17272e-07
chr17	8	30	81195210	3.6948e-07
chr17	9	15	81195210	1.8474e-07
chr17	10	16	81195210	1.97056e-07
chr17	11	4	81195210	4.9264e-08
chr18	0	77053241	78077248	0.986885
chr18	1	1015758	78077248	0.0130097
chr18	2	6949	78077248	8.90016e-05
chr18	3	499	78077248	6.39111e-06
chr18	4	340	78077248	4.35466e-06
chr18	5	199	78077248	2.54876e-06
chr18	6	125	78077248	1.60098e-06
chr18	7	34	78077248	4.35466e-07
chr18	8	42	78077248	5.37929e-07
chr18	9	24	78077248	3.07388e-07
chr18	10	19	78077248	2.43349e-07
chr18	11	4	78077248	5.12313e-08
chr18	12	14	78077248	1.7931e-07
chr19	0	58120961	59128983	0.982952
chr19	1	988220	59128983	0.016713
chr19	2	17469	59128983	0.000295439
chr19	3	802	59128983	1.35636e-05
chr19	4	335	59128983	5.66558e-06
chr19	5	279	59128983	4.7185e-06
chr19	6	165	59128983	2.79051e-06
chr19	7	160	59128983	2.70595e-06
chr19	8	110	59128983	1.86034e-06
chr19	9	144	59128983	2.43535e-06
chr19	10	64	59128983	1.08238e-06
chr19	11	53	59128983	8.96346e-07
chr19	12	41	59128983	6.93399e-07
chr19	13	21	59128983	3.55156e-07
chr19	14	45	59128983	7.61048e-07
chr19	15	22	59128983	3.72068e-07
chr19	16	46	59128983	7.7796e-07
chr19	17	10	59128983	1.69122e-07
chr19	18	25	59128983	4.22805e-07
chr19	19	9	59128983	1.5221e-07
chr19	20	2	59128983	3.38244e-08
chr20	0	62295630	63025520	0.988419
chr20	1	725022	63025520	0.0115036
chr20	2	4704	63025520	7.46364e-05
chr20	3	136	63025520	2.15786e-06
chr20	4	28	63025520	4.44264e-07
chr21	0	47630283	48129895	0.989619
chr21	1	495840	48129895	0.0103021
chr21	2	3618	48129895	7.51716e-05
chr21	3	87	48129895	1.80761e-06
chr21	4	22	48129895	4.57096e-07
chr21	5	45	48129895	9.3497e-07
chr22	0	50970661	51304566	0.993492
chr22	1	332321	51304566	0.00647742
chr22	2	1515	51304566	2.95295e-05
chr22	3	13	51304566	2.53389e-07
chr22	4	1	51304566	1.94914e-08
chr22	5	4	51304566	7.79658e-08
chr22	6	2	51304566	3.89829e-08
chr22	7	4	51304566	7.79658e-08
chr22	8	1	51304566	1.94914e-08
chr22	9	4	51304566	7.79658e-08
chr22	10	3	51304566	5.84743e-08
chr22	11	22	51304566	4.28812e-07
chr22	12	15	51304566	2.92372e-07
chrX	0	154379251	155270560	0.99426
chrX	1	881007	155270560	0.00567401
chrX	2	8497	155270560	5.47238e-05
chrX	3	1360	155270560	8.7589e-06
chrX	4	322	155270560	2.0738e-06
chrX	5	107	155270560	6.8912e-07
chrX	6	16	155270560	1.03046e-07
chrY	0	59321029	59373566	0.999115
chrY	1	50096	59373566	0.000843742
chrY	2	1911	59373566	3.2186e-05
chrY	3	438	59373566	7.37702e-06
chrY	4	92	59373566	1.54951e-06
chr1_gl000191_random	0	105983	106433	0.995772
chr1_gl000191_random	1	450	106433	0.00422801
chr1_gl000192_random	0	535282	547496	0.977691
chr1_gl000192_random	1	12078	547496	0.0220604
chr1_gl000192_random	2	136	547496	0.000248404
chr4_ctg9_hap1	0	587793	590426	0.99554
chr4_ctg9_hap1	1	2616	590426	0.0044307
chr4_ctg9_hap1	2	17	590426	2.87928e-05
chr4_gl000193_random	0	186502	189789	0.982681
chr4_gl000193_random	1	3174	189789	0.0167238
chr4_gl000193_random	2	113	189789	0.000595398
chr4_gl000194_random	0	186149	191469	0.972215
chr4_gl000194_random	1	5240	191469	0.0273674
chr4_gl000194_random	2	80	191469	0.000417822
chr6_apd_hap1	0	4615049	4622290	0.998433
chr6_apd_hap1	1	7232	4622290	0.00156459
chr6_apd_hap1	2	9	4622290	1.94709e-06
chr6_cox_hap2	0	4781939	4795371	0.997199
chr6_cox_hap2	1	13414	4795371	0.00279728
chr6_cox_hap2	2	18	4795371	3.75362e-06
chr6_dbb_hap3	0	4599911	4610396	0.997726
chr6_dbb_hap3	1	10470	4610396	0.00227095
chr6_dbb_hap3	2	15	4610396	3.25352e-06
chr6_mann_hap4	0	4672563	4683263	0.997715
chr6_mann_hap4	1	10700	4683263	0.00228473
chr6_mcf_hap5	0	4823357	4833398	0.997923
chr6_mcf_hap5	1	10032	4833398	0.00207556
chr6_mcf_hap5	2	9	4833398	1.86204e-06
chr6_qbl_hap6	0	4601051	4611984	0.997629
chr6_qbl_hap6	1	10866	4611984	0.00235604
chr6_qbl_hap6	2	67	4611984	1.45274e-05
chr6_ssto_hap7	0	4918261	4928567	0.997909
chr6_ssto_hap7	1	10212	4928567	0.002072
chr6_ssto_hap7	2	94	4928567	1.90725e-05
chr7_gl000195_random	0	175421	182896	0.95913
chr7_gl000195_random	1	7414	182896	0.0405367
chr7_gl000195_random	2	47	182896	0.000256977
chr7_gl000195_random	3	14	182896	7.65462e-05
chr8_gl000196_random	0	38677	38914	0.99391
chr8_gl000196_random	1	224	38914	0.00575628
chr8_gl000196_random	2	13	38914	0.00033407
chr8_gl000197_random	0	36975	37175	0.99462
chr8_gl000197_random	1	200	37175	0.00537996
chr9_gl000198_random	0	87332	90085	0.96944
chr9_gl000198_random	1	2706	90085	0.0300383
chr9_gl000198_random	2	47	90085	0.000521729
chr9_gl000199_random	0	154125	169874	0.90729
chr9_gl000199_random	1	13182	169874	0.0775987
chr9_gl000199_random	2	1685	169874	0.00991912
chr9_gl000199_random	3	365	169874	0.00214865
chr9_gl000199_random	4	224	169874	0.00131862
chr9_gl000199_random	5	138	169874	0.000812367
chr9_gl000199_random	6	91	169874	0.000535691
chr9_gl000199_random	7	41	169874	0.000241355
chr9_gl000199_random	8	23	169874	0.000135394
chr9_gl000200_random	0	186185	187035	0.995455
chr9_gl000200_random	1	850	187035	0.0045446
chr9_gl000201_random	0	35948	36148	0.994467
chr9_gl000201_random	1	200	36148	0.00553281
chr11_gl000202_random	0	39703	40103	0.990026
chr11_gl000202_random	1	400	40103	0.00997432
chr17_ctg5_hap1	0	1668321	1680828	0.992559
chr17_ctg5_hap1	1	12464	1680828	0.00741539
chr17_ctg5_hap1	2	43	1680828	2.55826e-05
chr17_gl000203_random	0	36989	37498	0.986426
chr17_gl000203_random	1	468	37498	0.0124807
chr17_gl000203_random	2	41	37498	0.00109339
chr17_gl000204_random	0	79452	81310	0.977149
chr17_gl000204_random	1	1816	81310	0.0223343
chr17_gl000204_random	2	42	81310	0.000516542
chr17_gl000205_random	0	167560	174588	0.959745
chr17_gl000205_random	1	6956	174588	0.0398424
chr17_gl000205_random	2	72	174588	0.000412399
chr17_gl000206_random	0	40301	41001	0.982927
chr17_gl000206_random	1	700	41001	0.0170728
chr18_gl000207_random	0	4212	4262	0.988268
chr18_gl000207_random	1	50	4262	0.0117316
chr19_gl000208_random	0	86554	92689	0.933811
chr19_gl000208_random	1	4855	92689	0.0523795
chr19_gl000208_random	2	813	92689	0.00877127
chr19_gl000208_random	3	375	92689	0.00404579
chr19_gl000208_random	4	66	92689	0.000712059
chr19_gl000208_random	5	26	92689	0.000280508
chr19_gl000209_random	0	158119	159169	0.993403
chr19_gl000209_random	1	1050	159169	0.00659676
chr21_gl000210_random	0	27360	27682	0.988368
chr21_gl000210_random	1	294	27682	0.0106206
chr21_gl000210_random	2	28	27682	0.00101149
chrUn_gl000211	0	163648	166566	0.982481
chrUn_gl000211	1	2886	166566	0.0173265
chrUn_gl000211	2	32	166566	0.000192116
chrUn_gl000212	0	185008	186858	0.990099
chrUn_gl000212	1	1850	186858	0.00990057
chrUn_gl000213	0	163080	164239	0.992943
chrUn_gl000213	1	1118	164239	0.00680715
chrUn_gl000213	2	41	164239	0.000249636
chrUn_gl000214	0	126273	137718	0.916895
chrUn_gl000214	1	9884	137718	0.0717698
chrUn_gl000214	2	1102	137718	0.00800186
chrUn_gl000214	3	232	137718	0.0016846
chrUn_gl000214	4	54	137718	0.000392106
chrUn_gl000214	5	64	137718	0.000464718
chrUn_gl000214	6	83	137718	0.000602681
chrUn_gl000214	7	26	137718	0.000188792
chrUn_gl000215	0	170770	172545	0.989713
chrUn_gl000215	1	1750	172545	0.0101423
chrUn_gl000215	2	25	172545	0.00014489
chrUn_gl000216	0	164138	172294	0.952662
chrUn_gl000216	1	6726	172294	0.0390379
chrUn_gl000216	2	942	172294	0.0054674
chrUn_gl000216	3	297	172294	0.0017238
chrUn_gl000216	4	87	172294	0.000504951
chrUn_gl000216	5	53	172294	0.000307614
chrUn_gl000216	6	27	172294	0.000156709
chrUn_gl000216	7	18	172294	0.000104473
chrUn_gl000216	8	6	172294	3.48242e-05
chrUn_gl000217	0	169646	172149	0.98546
chrUn_gl000217	1	2456	172149	0.0142667
chrUn_gl000217	2	47	172149	0.000273019
chrUn_gl000218	0	157032	161147	0.974464
chrUn_gl000218	1	4080	161147	0.0253185
chrUn_gl000218	2	35	161147	0.000217193
chrUn_gl000219	0	175698	179198	0.980469
chrUn_gl000219	1	3500	179198	0.0195315
chrUn_gl000220	0	117204	161802	0.724367
chrUn_gl000220	1	22606	161802	0.139714
chrUn_gl000220	2	11913	161802	0.073627
chrUn_gl000220	3	5929	161802	0.0366436
chrUn_gl000220	4	2656	161802	0.0164151
chrUn_gl000220	5	1036	161802	0.00640289
chrUn_gl000220	6	359	161802	0.00221876
chrUn_gl000220	7	77	161802	0.00047589
chrUn_gl000220	8	14	161802	8.65255e-05
chrUn_gl000220	9	8	161802	4.94431e-05
chrUn_gl000221	0	151888	155397	0.977419
chrUn_gl000221	1	3468	155397	0.022317
chrUn_gl000221	2	41	155397	0.00026384
chrUn_gl000222	0	184916	186861	0.989591
chrUn_gl000222	1	1940	186861	0.010382
chrUn_gl000222	2	5	186861	2.67579e-05
chrUn_gl000223	0	179705	180455	0.995844
chrUn_gl000223	1	750	180455	0.00415616
chrUn_gl000224	0	171457	179693	0.954166
chrUn_gl000224	1	7304	179693	0.0406471
chrUn_gl000224	2	777	179693	0.00432404
chrUn_gl000224	3	134	179693	0.000745716
chrUn_gl000224	4	15	179693	8.34757e-05
chrUn_gl000224	5	6	179693	3.33903e-05
chrUn_gl000225	0	195518	211173	0.925866
chrUn_gl000225	1	12400	211173	0.0587196
chrUn_gl000225	2	1937	211173	0.00917257
chrUn_gl000225	3	647	211173	0.00306384
chrUn_gl000225	4	284	211173	0.00134487
chrUn_gl000225	5	225	211173	0.00106548
chrUn_gl000225	6	40	211173	0.000189418
chrUn_gl000225	7	22	211173	0.00010418
chrUn_gl000225	8	31	211173	0.000146799
chrUn_gl000225	9	34	211173	0.000161005
chrUn_gl000225	10	20	211173	9.47091e-05
chrUn_gl000225	11	4	211173	1.89418e-05
chrUn_gl000225	12	11	211173	5.209e-05
chrUn_gl000226	0	810	15008	0.0539712
chrUn_gl000226	1	1374	15008	0.0915512
chrUn_gl000226	2	1966	15008	0.130997
chrUn_gl000226	3	2330	15008	0.155251
chrUn_gl000226	4	2373	15008	0.158116
chrUn_gl000226	5	2136	15008	0.142324
chrUn_gl000226	6	1535	15008	0.102279
chrUn_gl000226	7	1033	15008	0.06883
chrUn_gl000226	8	633	15008	0.0421775
chrUn_gl000226	9	360	15008	0.0239872
chrUn_gl000226	10	224	15008	0.0149254
chrUn_gl000226	11	116	15008	0.00772921
chrUn_gl000226	12	74	15008	0.0049307
chrUn_gl000226	13	33	15008	0.00219883
chrUn_gl000226	14	11	15008	0.000732942
chrUn_gl000227	0	126574	128374	0.985978
chrUn_gl000227	1	1800	128374	0.0140215
chrUn_gl000228	0	126831	129120	0.982272
chrUn_gl000228	1	1962	129120	0.0151952
chrUn_gl000228	2	149	129120	0.00115397
chrUn_gl000228	3	65	129120	0.000503408
chrUn_gl000228	4	37	129120	0.000286555
chrUn_gl000228	5	18	129120	0.000139405
chrUn_gl000228	6	3	129120	2.32342e-05
chrUn_gl000228	7	7	129120	5.42131e-05
chrUn_gl000228	8	9	129120	6.97026e-05
chrUn_gl000228	9	25	129120	0.000193618
chrUn_gl000228	10	11	129120	8.51921e-05
chrUn_gl000228	11	3	129120	2.32342e-05
chrUn_gl000229	0	19258	19913	0.967107
chrUn_gl000229	1	610	19913	0.0306333
chrUn_gl000229	2	45	19913	0.00225983
chrUn_gl000230	0	43291	43691	0.990845
chrUn_gl000230	1	400	43691	0.0091552
chrUn_gl000231	0	26936	27386	0.983568
chrUn_gl000231	1	450	27386	0.0164318
chrUn_gl000232	0	38445	40652	0.94571
chrUn_gl000232	1	2114	40652	0.0520024
chrUn_gl000232	2	93	40652	0.00228771
chrUn_gl000233	0	45541	45941	0.991293
chrUn_gl000233	1	400	45941	0.00870682
chrUn_gl000234	0	39765	40531	0.981101
chrUn_gl000234	1	732	40531	0.0180603
chrUn_gl000234	2	34	40531	0.000838864
chrUn_gl000235	0	33974	34474	0.985496
chrUn_gl000235	1	500	34474	0.0145037
chrUn_gl000236	0	41384	41934	0.986884
chrUn_gl000236	1	550	41934	0.0131158
chrUn_gl000237	0	44456	45867	0.969237
chrUn_gl000237	1	1322	45867	0.0288225
chrUn_gl000237	2	89	45867	0.00194039
chrUn_gl000238	0	39739	39939	0.994992
chrUn_gl000238	1	200	39939	0.00500764
chrUn_gl000239	0	33081	33824	0.978033
chrUn_gl000239	1	736	33824	0.0217597
chrUn_gl000239	2	7	33824	0.000206954
chrUn_gl000240	0	41383	41933	0.986884
chrUn_gl000240	1	550	41933	0.0131162
chrUn_gl000241	0	40411	42152	0.958697
chrUn_gl000241	1	1732	42152	0.0410894
chrUn_gl000241	2	9	42152	0.000213513
chrUn_gl000242	0	43323	43523	0.995405
chrUn_gl000242	1	200	43523	0.00459527
chrUn_gl000243	0	42088	43341	0.97109
chrUn_gl000243	1	1206	43341	0.0278258
chrUn_gl000243	2	47	43341	0.00108442
chrUn_gl000244	0	39579	39929	0.991234
chrUn_gl000244	1	350	39929	0.00876556
chrUn_gl000245	0	35411	36651	0.966167
chrUn_gl000245	1	1230	36651	0.0335598
chrUn_gl000245	2	10	36651	0.000272844
chrUn_gl000246	0	37954	38154	0.994758
chrUn_gl000246	1	200	38154	0.00524191
chrUn_gl000247	0	35807	36422	0.983115
chrUn_gl000247	1	580	36422	0.0159244
chrUn_gl000247	2	35	36422	0.000960958
chrUn_gl000248	0	39586	39786	0.994973
chrUn_gl000248	1	200	39786	0.00502689
chrUn_gl000249	0	38302	38502	0.994805
chrUn_gl000249	1	200	38502	0.00519454
genome	0	3097852314	3137161264	0.98747
genome	1	38859986	3137161264	0.012387
genome	2	366909	3137161264	0.000116956
genome	3	33013	3137161264	1.05232e-05
genome	4	16981	3137161264	5.41286e-06
genome	5	10782	3137161264	3.43687e-06
genome	6	6533	3137161264	2.08246e-06
genome	7	3996	3137161264	1.27376e-06
genome	8	2643	3137161264	8.42481e-07
genome	9	2021	3137161264	6.44213e-07
genome	10	1490	3137161264	4.74952e-07
genome	11	1127	3137161264	3.59242e-07
genome	12	830	3137161264	2.6457e-07
genome	13	672	3137161264	2.14206e-07
genome	14	498	3137161264	1.58742e-07
genome	15	422	3137161264	1.34517e-07
genome	16	288	3137161264	9.18027e-08
genome	17	162	3137161264	5.1639e-08
genome	18	166	3137161264	5.29141e-08
genome	19	121	3137161264	3.85699e-08
genome	20	79	3137161264	2.5182e-08
genome	21	70	3137161264	2.23132e-08
genome	22	45	3137161264	1.43442e-08
genome	23	33	3137161264	1.05191e-08
genome	24	33	3137161264	1.05191e-08
genome	25	32	3137161264	1.02003e-08
genome	26	5	3137161264	1.5938e-09
genome	27	9	3137161264	2.86884e-09
genome	28	4	3137161264	1.27504e-09
