chrM	0	12271	16571	0.740511
chrM	1	3523	16571	0.2126
chrM	2	654	16571	0.0394665
chrM	3	123	16571	0.00742261
chr1	0	245577268	249250621	0.985262
chr1	1	3637401	249250621	0.0145933
chr1	2	34172	249250621	0.000137099
chr1	3	477	249250621	1.91374e-06
chr1	4	104	249250621	4.17251e-07
chr1	5	39	249250621	1.56469e-07
chr1	6	57	249250621	2.28685e-07
chr1	7	25	249250621	1.00301e-07
chr1	8	40	249250621	1.60481e-07
chr1	9	43	249250621	1.72517e-07
chr1	10	52	249250621	2.08625e-07
chr1	11	67	249250621	2.68806e-07
chr1	12	97	249250621	3.89167e-07
chr1	13	79	249250621	3.1695e-07
chr1	14	56	249250621	2.24673e-07
chr1	15	71	249250621	2.84854e-07
chr1	16	62	249250621	2.48746e-07
chr1	17	94	249250621	3.7713e-07
chr1	18	80	249250621	3.20962e-07
chr1	19	73	249250621	2.92878e-07
chr1	20	64	249250621	2.5677e-07
chr1	21	33	249250621	1.32397e-07
chr1	22	34	249250621	1.36409e-07
chr1	23	21	249250621	8.42525e-08
chr1	24	9	249250621	3.61082e-08
chr1	25	12	249250621	4.81443e-08
chr1	26	13	249250621	5.21563e-08
chr1	27	12	249250621	4.81443e-08
chr1	28	12	249250621	4.81443e-08
chr1	29	5	249250621	2.00601e-08
chr1	30	6	249250621	2.40722e-08
chr1	31	8	249250621	3.20962e-08
chr1	32	5	249250621	2.00601e-08
chr1	33	1	249250621	4.01203e-09
chr1	34	5	249250621	2.00601e-08
chr1	35	5	249250621	2.00601e-08
chr1	36	8	249250621	3.20962e-08
chr1	37	10	249250621	4.01203e-08
chr1	38	1	249250621	4.01203e-09
chr2	0	239184869	243199373	0.983493
chr2	1	3971204	243199373	0.016329
chr2	2	35833	243199373	0.00014734
chr2	3	3591	243199373	1.47657e-05
chr2	4	1887	243199373	7.75907e-06
chr2	5	1082	243199373	4.44902e-06
chr2	6	570	243199373	2.34376e-06
chr2	7	153	243199373	6.29113e-07
chr2	8	107	243199373	4.39968e-07
chr2	9	69	243199373	2.83718e-07
chr2	10	7	243199373	2.8783e-08
chr2	11	1	243199373	4.11185e-09
chr3	0	194712166	198022430	0.983283
chr3	1	3272324	198022430	0.016525
chr3	2	37508	198022430	0.000189413
chr3	3	318	198022430	1.60588e-06
chr3	4	11	198022430	5.55493e-08
chr3	5	6	198022430	3.02996e-08
chr3	6	3	198022430	1.51498e-08
chr3	7	1	198022430	5.04993e-09
chr3	8	6	198022430	3.02996e-08
chr3	9	9	198022430	4.54494e-08
chr3	10	3	198022430	1.51498e-08
chr3	11	8	198022430	4.03995e-08
chr3	12	10	198022430	5.04993e-08
chr3	13	2	198022430	1.00999e-08
chr3	14	5	198022430	2.52497e-08
chr3	15	5	198022430	2.52497e-08
chr3	16	3	198022430	1.51498e-08
chr3	17	17	198022430	8.58489e-08
chr3	18	5	198022430	2.52497e-08
chr3	19	10	198022430	5.04993e-08
chr3	20	8	198022430	4.03995e-08
chr3	21	2	198022430	1.00999e-08
chr4	0	189374891	191154276	0.990691
chr4	1	1768310	191154276	0.0092507
chr4	2	10159	191154276	5.31456e-05
chr4	3	733	191154276	3.8346e-06
chr4	4	98	191154276	5.12675e-07
chr4	5	57	191154276	2.98188e-07
chr4	6	9	191154276	4.70824e-08
chr4	7	10	191154276	5.23138e-08
chr4	8	9	191154276	4.70824e-08
chr5	0	178898998	180915260	0.988855
chr5	1	2002582	180915260	0.0110692
chr5	2	13312	180915260	7.35814e-05
chr5	3	299	180915260	1.65271e-06
chr5	4	30	180915260	1.65823e-07
chr5	5	7	180915260	3.86921e-08
chr5	6	32	180915260	1.76878e-07
chr6	0	168704104	171115067	0.98591
chr6	1	2391778	171115067	0.0139776
chr6	2	15221	171115067	8.89518e-05
chr6	3	416	171115067	2.43111e-06
chr6	4	343	171115067	2.0045e-06
chr6	5	379	171115067	2.21488e-06
chr6	6	386	171115067	2.25579e-06
chr6	7	392	171115067	2.29086e-06
chr6	8	490	171115067	2.86357e-06
chr6	9	440	171115067	2.57137e-06
chr6	10	398	171115067	2.32592e-06
chr6	11	297	171115067	1.73567e-06
chr6	12	225	171115067	1.3149e-06
chr6	13	137	171115067	8.00631e-07
chr6	14	38	171115067	2.22073e-07
chr6	15	9	171115067	5.25962e-08
chr6	16	8	171115067	4.67522e-08
chr6	17	6	171115067	3.50641e-08
chr7	0	157119455	159138663	0.987312
chr7	1	2003731	159138663	0.0125911
chr7	2	11956	159138663	7.51295e-05
chr7	3	605	159138663	3.80172e-06
chr7	4	506	159138663	3.17962e-06
chr7	5	329	159138663	2.06738e-06
chr7	6	463	159138663	2.90941e-06
chr7	7	348	159138663	2.18677e-06
chr7	8	139	159138663	8.73452e-07
chr7	9	179	159138663	1.12481e-06
chr7	10	121	159138663	7.60343e-07
chr7	11	152	159138663	9.55142e-07
chr7	12	167	159138663	1.0494e-06
chr7	13	145	159138663	9.11155e-07
chr7	14	133	159138663	8.35749e-07
chr7	15	78	159138663	4.90139e-07
chr7	16	80	159138663	5.02706e-07
chr7	17	40	159138663	2.51353e-07
chr7	18	20	159138663	1.25677e-07
chr7	19	9	159138663	5.65545e-08
chr7	20	5	159138663	3.14191e-08
chr7	21	2	159138663	1.25677e-08
chr8	0	143749170	146364022	0.982135
chr8	1	2578488	146364022	0.017617
chr8	2	31085	146364022	0.000212381
chr8	3	2834	146364022	1.93627e-05
chr8	4	1379	146364022	9.42171e-06
chr8	5	517	146364022	3.53229e-06
chr8	6	218	146364022	1.48944e-06
chr8	7	110	146364022	7.51551e-07
chr8	8	113	146364022	7.72048e-07
chr8	9	53	146364022	3.62111e-07
chr8	10	28	146364022	1.91304e-07
chr8	11	24	146364022	1.63975e-07
chr8	12	3	146364022	2.04968e-08
chr9	0	139507520	141213431	0.98792
chr9	1	1692479	141213431	0.0119853
chr9	2	12708	141213431	8.99914e-05
chr9	3	439	141213431	3.10877e-06
chr9	4	145	141213431	1.02681e-06
chr9	5	93	141213431	6.58578e-07
chr9	6	36	141213431	2.54933e-07
chr9	7	11	141213431	7.78963e-08
chr10	0	133259129	135534747	0.98321
chr10	1	2240179	135534747	0.0165284
chr10	2	25159	135534747	0.000185628
chr10	3	2398	135534747	1.76929e-05
chr10	4	1781	135534747	1.31405e-05
chr10	5	1009	135534747	7.44459e-06
chr10	6	853	135534747	6.29359e-06
chr10	7	918	135534747	6.77317e-06
chr10	8	739	135534747	5.45248e-06
chr10	9	550	135534747	4.058e-06
chr10	10	466	135534747	3.43823e-06
chr10	11	324	135534747	2.39053e-06
chr10	12	323	135534747	2.38315e-06
chr10	13	266	135534747	1.9626e-06
chr10	14	151	135534747	1.11411e-06
chr10	15	138	135534747	1.01819e-06
chr10	16	98	135534747	7.23062e-07
chr10	17	56	135534747	4.13178e-07
chr10	18	53	135534747	3.91044e-07
chr10	19	50	135534747	3.68909e-07
chr10	20	27	135534747	1.99211e-07
chr10	21	27	135534747	1.99211e-07
chr10	22	14	135534747	1.03295e-07
chr10	23	9	135534747	6.64036e-08
chr10	24	13	135534747	9.59164e-08
chr10	25	8	135534747	5.90255e-08
chr10	26	9	135534747	6.64036e-08
chr11	0	133708950	135006516	0.990389
chr11	1	1290772	135006516	0.00956081
chr11	2	5749	135006516	4.25831e-05
chr11	3	441	135006516	3.26651e-06
chr11	4	382	135006516	2.82949e-06
chr11	5	155	135006516	1.14809e-06
chr11	6	23	135006516	1.70362e-07
chr11	7	3	135006516	2.22212e-08
chr11	9	18	135006516	1.33327e-07
chr11	10	20	135006516	1.48141e-07
chr11	11	3	135006516	2.22212e-08
chr12	0	132458654	133851895	0.989591
chr12	1	1385048	133851895	0.0103476
chr12	2	8066	133851895	6.02606e-05
chr12	3	88	133851895	6.57443e-07
chr12	4	39	133851895	2.91367e-07
chr13	0	113533616	115169878	0.985793
chr13	1	1623209	115169878	0.014094
chr13	2	13018	115169878	0.000113033
chr13	3	35	115169878	3.03899e-07
chr14	0	106477327	107349540	0.991875
chr14	1	868504	107349540	0.00809043
chr14	2	3681	107349540	3.42899e-05
chr14	3	28	107349540	2.6083e-07
chr15	0	101563727	102531392	0.990562
chr15	1	960940	102531392	0.00937215
chr15	2	6715	102531392	6.54921e-05
chr15	3	10	102531392	9.75311e-08
chr16	0	89165539	90354753	0.986838
chr16	1	1154894	90354753	0.0127818
chr16	2	18334	90354753	0.000202911
chr16	3	5872	90354753	6.49883e-05
chr16	4	4019	90354753	4.44802e-05
chr16	5	2628	90354753	2.90854e-05
chr16	6	1618	90354753	1.79072e-05
chr16	7	974	90354753	1.07797e-05
chr16	8	466	90354753	5.15745e-06
chr16	9	154	90354753	1.70439e-06
chr16	10	103	90354753	1.13995e-06
chr16	11	74	90354753	8.18994e-07
chr16	12	50	90354753	5.53374e-07
chr16	13	20	90354753	2.2135e-07
chr16	14	8	90354753	8.85399e-08
chr17	0	80026894	81195210	0.985611
chr17	1	1155910	81195210	0.0142362
chr17	2	11217	81195210	0.000138149
chr17	3	767	81195210	9.44637e-06
chr17	4	218	81195210	2.68489e-06
chr17	5	59	81195210	7.26644e-07
chr17	6	58	81195210	7.14328e-07
chr17	7	31	81195210	3.81796e-07
chr17	8	35	81195210	4.3106e-07
chr17	9	17	81195210	2.09372e-07
chr17	10	4	81195210	4.9264e-08
chr18	0	77100227	78077248	0.987486
chr18	1	969853	78077248	0.0124217
chr18	2	6080	78077248	7.78716e-05
chr18	3	589	78077248	7.54381e-06
chr18	4	282	78077248	3.61181e-06
chr18	5	84	78077248	1.07586e-06
chr18	6	48	78077248	6.14776e-07
chr18	7	22	78077248	2.81772e-07
chr18	8	24	78077248	3.07388e-07
chr18	9	6	78077248	7.6847e-08
chr18	10	5	78077248	6.40391e-08
chr18	11	5	78077248	6.40391e-08
chr18	12	20	78077248	2.56157e-07
chr18	13	3	78077248	3.84235e-08
chr19	0	58156571	59128983	0.983554
chr19	1	952165	59128983	0.0161032
chr19	2	17743	59128983	0.000300073
chr19	3	823	59128983	1.39187e-05
chr19	4	501	59128983	8.473e-06
chr19	5	346	59128983	5.85161e-06
chr19	6	184	59128983	3.11184e-06
chr19	7	137	59128983	2.31697e-06
chr19	8	83	59128983	1.40371e-06
chr19	9	134	59128983	2.26623e-06
chr19	10	80	59128983	1.35297e-06
chr19	11	50	59128983	8.45609e-07
chr19	12	40	59128983	6.76487e-07
chr19	13	18	59128983	3.04419e-07
chr19	14	15	59128983	2.53683e-07
chr19	15	15	59128983	2.53683e-07
chr19	16	19	59128983	3.21331e-07
chr19	17	18	59128983	3.04419e-07
chr19	18	26	59128983	4.39717e-07
chr19	19	14	59128983	2.36771e-07
chr19	20	1	59128983	1.69122e-08
chr20	0	62340598	63025520	0.989133
chr20	1	680941	63025520	0.0108042
chr20	2	3922	63025520	6.22288e-05
chr20	3	21	63025520	3.33198e-07
chr20	4	38	63025520	6.0293e-07
chr21	0	47647207	48129895	0.989971
chr21	1	478092	48129895	0.00993337
chr21	2	4385	48129895	9.11076e-05
chr21	3	206	48129895	4.28008e-06
chr21	4	5	48129895	1.03886e-07
chr22	0	51001456	51304566	0.994092
chr22	1	301683	51304566	0.00588024
chr22	2	1372	51304566	2.67423e-05
chr22	3	2	51304566	3.89829e-08
chr22	4	3	51304566	5.84743e-08
chr22	5	3	51304566	5.84743e-08
chr22	6	2	51304566	3.89829e-08
chr22	7	13	51304566	2.53389e-07
chr22	8	1	51304566	1.94914e-08
chr22	9	31	51304566	6.04235e-07
chrX	0	154083797	155270560	0.992357
chrX	1	1172983	155270560	0.00755445
chrX	2	11308	155270560	7.28277e-05
chrX	3	1845	155270560	1.18825e-05
chrX	4	456	155270560	2.93681e-06
chrX	5	144	155270560	9.27413e-07
chrX	6	17	155270560	1.09486e-07
chrX	7	10	155270560	6.44037e-08
chrY	0	59316254	59373566	0.999035
chrY	1	55380	59373566	0.000932738
chrY	2	1521	59373566	2.56175e-05
chrY	3	326	59373566	5.49066e-06
chrY	4	75	59373566	1.26319e-06
chrY	5	10	59373566	1.68425e-07
chr1_gl000191_random	0	105783	106433	0.993893
chr1_gl000191_random	1	650	106433	0.00610713
chr1_gl000192_random	0	535600	547496	0.978272
chr1_gl000192_random	1	11742	547496	0.0214467
chr1_gl000192_random	2	154	547496	0.000281281
chr4_ctg9_hap1	0	587526	590426	0.995088
chr4_ctg9_hap1	1	2900	590426	0.00491171
chr4_gl000193_random	0	185908	189789	0.979551
chr4_gl000193_random	1	3862	189789	0.0203489
chr4_gl000193_random	2	19	189789	0.000100111
chr4_gl000194_random	0	185469	191469	0.968663
chr4_gl000194_random	1	6000	191469	0.0313367
chr6_apd_hap1	0	4616740	4622290	0.998799
chr6_apd_hap1	1	5550	4622290	0.0012007
chr6_cox_hap2	0	4780572	4795371	0.996914
chr6_cox_hap2	1	14798	4795371	0.00308589
chr6_cox_hap2	2	1	4795371	2.08534e-07
chr6_dbb_hap3	0	4600789	4610396	0.997916
chr6_dbb_hap3	1	9564	4610396	0.00207444
chr6_dbb_hap3	2	43	4610396	9.32675e-06
chr6_mann_hap4	0	4671863	4683263	0.997566
chr6_mann_hap4	1	11400	4683263	0.0024342
chr6_mcf_hap5	0	4823855	4833398	0.998026
chr6_mcf_hap5	1	9536	4833398	0.00197294
chr6_mcf_hap5	2	7	4833398	1.44826e-06
chr6_qbl_hap6	0	4600294	4611984	0.997465
chr6_qbl_hap6	1	11580	4611984	0.00251085
chr6_qbl_hap6	2	110	4611984	2.38509e-05
chr6_ssto_hap7	0	4916777	4928567	0.997608
chr6_ssto_hap7	1	11780	4928567	0.00239015
chr6_ssto_hap7	2	10	4928567	2.02899e-06
chr7_gl000195_random	0	175680	182896	0.960546
chr7_gl000195_random	1	7032	182896	0.0384481
chr7_gl000195_random	2	184	182896	0.00100604
chr8_gl000196_random	0	38614	38914	0.992291
chr8_gl000196_random	1	300	38914	0.00770931
chr8_gl000197_random	0	36775	37175	0.98924
chr8_gl000197_random	1	400	37175	0.0107599
chr9_gl000198_random	0	87323	90085	0.96934
chr9_gl000198_random	1	2674	90085	0.0296831
chr9_gl000198_random	2	88	90085	0.000976855
chr9_gl000199_random	0	155548	169874	0.915667
chr9_gl000199_random	1	11620	169874	0.0684036
chr9_gl000199_random	2	1937	169874	0.0114026
chr9_gl000199_random	3	397	169874	0.00233703
chr9_gl000199_random	4	125	169874	0.000735839
chr9_gl000199_random	5	45	169874	0.000264902
chr9_gl000199_random	6	56	169874	0.000329656
chr9_gl000199_random	7	57	169874	0.000335543
chr9_gl000199_random	8	37	169874	0.000217808
chr9_gl000199_random	9	17	169874	0.000100074
chr9_gl000199_random	10	4	169874	2.35469e-05
chr9_gl000199_random	11	15	169874	8.83007e-05
chr9_gl000199_random	12	7	169874	4.1207e-05
chr9_gl000199_random	13	9	169874	5.29804e-05
chr9_gl000200_random	0	186285	187035	0.99599
chr9_gl000200_random	1	750	187035	0.00400994
chr9_gl000201_random	0	35898	36148	0.993084
chr9_gl000201_random	1	250	36148	0.00691601
chr11_gl000202_random	0	39853	40103	0.993766
chr11_gl000202_random	1	250	40103	0.00623395
chr17_ctg5_hap1	0	1669267	1680828	0.993122
chr17_ctg5_hap1	1	11522	1680828	0.00685495
chr17_ctg5_hap1	2	39	1680828	2.32029e-05
chr17_gl000203_random	0	36898	37498	0.983999
chr17_gl000203_random	1	600	37498	0.0160009
chr17_gl000204_random	0	79408	81310	0.976608
chr17_gl000204_random	1	1854	81310	0.0228016
chr17_gl000204_random	2	48	81310	0.000590333
chr17_gl000205_random	0	168063	174588	0.962626
chr17_gl000205_random	1	6200	174588	0.0355122
chr17_gl000205_random	2	325	174588	0.00186153
chr17_gl000206_random	0	40751	41001	0.993903
chr17_gl000206_random	1	250	41001	0.00609741
chr18_gl000207_random	0	4212	4262	0.988268
chr18_gl000207_random	1	50	4262	0.0117316
chr19_gl000208_random	0	86673	92689	0.935095
chr19_gl000208_random	1	4991	92689	0.0538467
chr19_gl000208_random	2	709	92689	0.00764924
chr19_gl000208_random	3	154	92689	0.00166147
chr19_gl000208_random	4	83	92689	0.000895468
chr19_gl000208_random	5	77	92689	0.000830735
chr19_gl000208_random	6	2	92689	2.15775e-05
chr19_gl000209_random	0	157419	159169	0.989005
chr19_gl000209_random	1	1750	159169	0.0109946
chr21_gl000210_random	0	27482	27682	0.992775
chr21_gl000210_random	1	200	27682	0.00722491
chrUn_gl000211	0	163273	166566	0.98023
chrUn_gl000211	1	3286	166566	0.0197279
chrUn_gl000211	2	7	166566	4.20254e-05
chrUn_gl000212	0	184424	186858	0.986974
chrUn_gl000212	1	2368	186858	0.0126727
chrUn_gl000212	2	66	186858	0.000353209
chrUn_gl000213	0	162597	164239	0.990002
chrUn_gl000213	1	1634	164239	0.00994892
chrUn_gl000213	2	8	164239	4.87095e-05
chrUn_gl000214	0	128069	137718	0.929937
chrUn_gl000214	1	8549	137718	0.0620761
chrUn_gl000214	2	923	137718	0.0067021
chrUn_gl000214	3	112	137718	0.000813256
chrUn_gl000214	4	56	137718	0.000406628
chrUn_gl000214	5	9	137718	6.53509e-05
chrUn_gl000215	0	170881	172545	0.990356
chrUn_gl000215	1	1628	172545	0.00943522
chrUn_gl000215	2	36	172545	0.000208641
chrUn_gl000216	0	164892	172294	0.957039
chrUn_gl000216	1	6205	172294	0.036014
chrUn_gl000216	2	723	172294	0.00419632
chrUn_gl000216	3	378	172294	0.00219392
chrUn_gl000216	4	32	172294	0.000185729
chrUn_gl000216	5	12	172294	6.96484e-05
chrUn_gl000216	6	2	172294	1.16081e-05
chrUn_gl000216	7	2	172294	1.16081e-05
chrUn_gl000216	8	12	172294	6.96484e-05
chrUn_gl000216	9	2	172294	1.16081e-05
chrUn_gl000216	10	7	172294	4.06282e-05
chrUn_gl000216	11	10	172294	5.80403e-05
chrUn_gl000216	12	14	172294	8.12565e-05
chrUn_gl000216	13	3	172294	1.74121e-05
chrUn_gl000217	0	169191	172149	0.982817
chrUn_gl000217	1	2916	172149	0.0169388
chrUn_gl000217	2	42	172149	0.000243975
chrUn_gl000218	0	156802	161147	0.973037
chrUn_gl000218	1	4290	161147	0.0266217
chrUn_gl000218	2	55	161147	0.000341303
chrUn_gl000219	0	176140	179198	0.982935
chrUn_gl000219	1	3016	179198	0.0168305
chrUn_gl000219	2	42	179198	0.000234378
chrUn_gl000220	0	117647	161802	0.727105
chrUn_gl000220	1	25725	161802	0.158991
chrUn_gl000220	2	10339	161802	0.0638991
chrUn_gl000220	3	4682	161802	0.0289366
chrUn_gl000220	4	2135	161802	0.0131951
chrUn_gl000220	5	832	161802	0.00514209
chrUn_gl000220	6	316	161802	0.001953
chrUn_gl000220	7	103	161802	0.000636581
chrUn_gl000220	8	23	161802	0.000142149
chrUn_gl000221	0	150913	155397	0.971145
chrUn_gl000221	1	4368	155397	0.0281087
chrUn_gl000221	2	116	155397	0.000746475
chrUn_gl000222	0	185209	186861	0.991159
chrUn_gl000222	1	1604	186861	0.00858392
chrUn_gl000222	2	48	186861	0.000256875
chrUn_gl000223	0	179455	180455	0.994458
chrUn_gl000223	1	1000	180455	0.00554155
chrUn_gl000224	0	171485	179693	0.954322
chrUn_gl000224	1	7334	179693	0.0408141
chrUn_gl000224	2	730	179693	0.00406248
chrUn_gl000224	3	120	179693	0.000667806
chrUn_gl000224	4	24	179693	0.000133561
chrUn_gl000225	0	196939	211173	0.932596
chrUn_gl000225	1	11505	211173	0.0544814
chrUn_gl000225	2	1740	211173	0.00823969
chrUn_gl000225	3	540	211173	0.00255715
chrUn_gl000225	4	269	211173	0.00127384
chrUn_gl000225	5	92	211173	0.000435662
chrUn_gl000225	6	14	211173	6.62964e-05
chrUn_gl000225	7	25	211173	0.000118386
chrUn_gl000225	8	23	211173	0.000108915
chrUn_gl000225	9	7	211173	3.31482e-05
chrUn_gl000225	10	6	211173	2.84127e-05
chrUn_gl000225	11	13	211173	6.15609e-05
chrUn_gl000226	0	955	15008	0.0636327
chrUn_gl000226	1	1646	15008	0.109675
chrUn_gl000226	2	2080	15008	0.138593
chrUn_gl000226	3	2380	15008	0.158582
chrUn_gl000226	4	2440	15008	0.16258
chrUn_gl000226	5	2143	15008	0.142791
chrUn_gl000226	6	1244	15008	0.0828891
chrUn_gl000226	7	822	15008	0.0547708
chrUn_gl000226	8	560	15008	0.0373134
chrUn_gl000226	9	366	15008	0.024387
chrUn_gl000226	10	192	15008	0.0127932
chrUn_gl000226	11	109	15008	0.00726279
chrUn_gl000226	12	55	15008	0.00366471
chrUn_gl000226	13	16	15008	0.0010661
chrUn_gl000227	0	127024	128374	0.989484
chrUn_gl000227	1	1350	128374	0.0105161
chrUn_gl000228	0	126747	129120	0.981622
chrUn_gl000228	1	1954	129120	0.0151332
chrUn_gl000228	2	231	129120	0.00178903
chrUn_gl000228	3	107	129120	0.000828687
chrUn_gl000228	4	56	129120	0.000433705
chrUn_gl000228	5	11	129120	8.51921e-05
chrUn_gl000228	6	14	129120	0.000108426
chrUn_gl000229	0	19544	19913	0.981469
chrUn_gl000229	1	338	19913	0.0169738
chrUn_gl000229	2	31	19913	0.00155677
chrUn_gl000230	0	43541	43691	0.996567
chrUn_gl000230	1	150	43691	0.0034332
chrUn_gl000231	0	26834	27386	0.979844
chrUn_gl000231	1	504	27386	0.0184036
chrUn_gl000231	2	48	27386	0.00175272
chrUn_gl000232	0	39352	40652	0.968021
chrUn_gl000232	1	1300	40652	0.0319787
chrUn_gl000233	0	45591	45941	0.992382
chrUn_gl000233	1	350	45941	0.00761847
chrUn_gl000234	0	39236	40531	0.968049
chrUn_gl000234	1	1290	40531	0.0318275
chrUn_gl000234	2	5	40531	0.000123362
chrUn_gl000235	0	33518	34474	0.972269
chrUn_gl000235	1	912	34474	0.0264547
chrUn_gl000235	2	44	34474	0.00127632
chrUn_gl000236	0	41384	41934	0.986884
chrUn_gl000236	1	550	41934	0.0131158
chrUn_gl000237	0	44168	45867	0.962958
chrUn_gl000237	1	1648	45867	0.03593
chrUn_gl000237	2	51	45867	0.00111191
chrUn_gl000238	0	39589	39939	0.991237
chrUn_gl000238	1	350	39939	0.00876336
chrUn_gl000239	0	32814	33824	0.97014
chrUn_gl000239	1	920	33824	0.0271996
chrUn_gl000239	2	90	33824	0.00266083
chrUn_gl000240	0	41533	41933	0.990461
chrUn_gl000240	1	400	41933	0.00953903
chrUn_gl000241	0	40979	42152	0.972172
chrUn_gl000241	1	1146	42152	0.0271873
chrUn_gl000241	2	27	42152	0.000640539
chrUn_gl000242	0	43423	43523	0.997702
chrUn_gl000242	1	100	43523	0.00229764
chrUn_gl000243	0	42678	43341	0.984703
chrUn_gl000243	1	626	43341	0.0144436
chrUn_gl000243	2	37	43341	0.000853695
chrUn_gl000244	0	39029	39929	0.97746
chrUn_gl000244	1	900	39929	0.02254
chrUn_gl000245	0	35196	36651	0.960301
chrUn_gl000245	1	1410	36651	0.038471
chrUn_gl000245	2	45	36651	0.0012278
chrUn_gl000246	0	37954	38154	0.994758
chrUn_gl000246	1	200	38154	0.00524191
chrUn_gl000247	0	36072	36422	0.99039
chrUn_gl000247	1	350	36422	0.00960958
chrUn_gl000248	0	39586	39786	0.994973
chrUn_gl000248	1	200	39786	0.00502689
chrUn_gl000249	0	38252	38502	0.993507
chrUn_gl000249	1	250	38502	0.00649317
genome	0	3097850899	3137161264	0.987469
genome	1	38866700	3137161264	0.0123891
genome	2	362116	3137161264	0.000115428
genome	3	32156	3137161264	1.025e-05
genome	4	17522	3137161264	5.5853e-06
genome	5	10168	3137161264	3.24115e-06
genome	6	6225	3137161264	1.98428e-06
genome	7	4167	3137161264	1.32827e-06
genome	8	2907	3137161264	9.26634e-07
genome	9	2095	3137161264	6.67801e-07
genome	10	1496	3137161264	4.76864e-07
genome	11	1152	3137161264	3.67211e-07
genome	12	1011	3137161264	3.22266e-07
genome	13	698	3137161264	2.22494e-07
genome	14	406	3137161264	1.29416e-07
genome	15	316	3137161264	1.00728e-07
genome	16	270	3137161264	8.60651e-08
genome	17	231	3137161264	7.36335e-08
genome	18	184	3137161264	5.86518e-08
genome	19	156	3137161264	4.97265e-08
genome	20	105	3137161264	3.34697e-08
genome	21	64	3137161264	2.04006e-08
genome	22	48	3137161264	1.53005e-08
genome	23	30	3137161264	9.56279e-09
genome	24	22	3137161264	7.01271e-09
genome	25	20	3137161264	6.37519e-09
genome	26	22	3137161264	7.01271e-09
genome	27	12	3137161264	3.82511e-09
genome	28	12	3137161264	3.82511e-09
genome	29	5	3137161264	1.5938e-09
genome	30	6	3137161264	1.91256e-09
genome	31	8	3137161264	2.55008e-09
genome	32	5	3137161264	1.5938e-09
genome	33	1	3137161264	3.1876e-10
genome	34	5	3137161264	1.5938e-09
genome	35	5	3137161264	1.5938e-09
genome	36	8	3137161264	2.55008e-09
genome	37	10	3137161264	3.1876e-09
genome	38	1	3137161264	3.1876e-10
