chrM	0	14629	16571	0.882807
chrM	1	1884	16571	0.113693
chrM	2	58	16571	0.00350009
chr1	0	244918422	249250621	0.982619
chr1	1	4285400	249250621	0.0171931
chr1	2	44937	249250621	0.000180288
chr1	3	504	249250621	2.02206e-06
chr1	4	91	249250621	3.65094e-07
chr1	5	39	249250621	1.56469e-07
chr1	6	30	249250621	1.20361e-07
chr1	7	76	249250621	3.04914e-07
chr1	8	30	249250621	1.20361e-07
chr1	9	29	249250621	1.16349e-07
chr1	10	34	249250621	1.36409e-07
chr1	11	38	249250621	1.52457e-07
chr1	12	25	249250621	1.00301e-07
chr1	13	33	249250621	1.32397e-07
chr1	14	56	249250621	2.24673e-07
chr1	15	37	249250621	1.48445e-07
chr1	16	54	249250621	2.16649e-07
chr1	17	39	249250621	1.56469e-07
chr1	18	64	249250621	2.5677e-07
chr1	19	89	249250621	3.5707e-07
chr1	20	74	249250621	2.9689e-07
chr1	21	36	249250621	1.44433e-07
chr1	22	32	249250621	1.28385e-07
chr1	23	22	249250621	8.82646e-08
chr1	24	28	249250621	1.12337e-07
chr1	25	44	249250621	1.76529e-07
chr1	26	50	249250621	2.00601e-07
chr1	27	36	249250621	1.44433e-07
chr1	28	54	249250621	2.16649e-07
chr1	29	53	249250621	2.12637e-07
chr1	30	43	249250621	1.72517e-07
chr1	31	35	249250621	1.40421e-07
chr1	32	24	249250621	9.62886e-08
chr1	33	20	249250621	8.02405e-08
chr1	34	28	249250621	1.12337e-07
chr1	35	5	249250621	2.00601e-08
chr1	36	2	249250621	8.02405e-09
chr1	37	2	249250621	8.02405e-09
chr1	38	3	249250621	1.20361e-08
chr1	39	3	249250621	1.20361e-08
chr2	0	239811857	243199373	0.986071
chr2	1	3352703	243199373	0.0137858
chr2	2	28122	243199373	0.000115634
chr2	3	3306	243199373	1.35938e-05
chr2	4	1618	243199373	6.65298e-06
chr2	5	703	243199373	2.89063e-06
chr2	6	405	243199373	1.6653e-06
chr2	7	304	243199373	1.25e-06
chr2	8	145	243199373	5.96219e-07
chr2	9	92	243199373	3.7829e-07
chr2	10	64	243199373	2.63159e-07
chr2	11	22	243199373	9.04608e-08
chr2	12	8	243199373	3.28948e-08
chr2	13	12	243199373	4.93422e-08
chr2	14	12	243199373	4.93422e-08
chr3	0	194712851	198022430	0.983287
chr3	1	3270964	198022430	0.0165181
chr3	2	38145	198022430	0.00019263
chr3	3	357	198022430	1.80283e-06
chr3	4	3	198022430	1.51498e-08
chr3	5	7	198022430	3.53495e-08
chr3	6	3	198022430	1.51498e-08
chr3	7	7	198022430	3.53495e-08
chr3	8	6	198022430	3.02996e-08
chr3	9	11	198022430	5.55493e-08
chr3	10	5	198022430	2.52497e-08
chr3	11	13	198022430	6.56491e-08
chr3	12	7	198022430	3.53495e-08
chr3	13	7	198022430	3.53495e-08
chr3	14	7	198022430	3.53495e-08
chr3	15	13	198022430	6.56491e-08
chr3	16	7	198022430	3.53495e-08
chr3	17	15	198022430	7.5749e-08
chr3	18	2	198022430	1.00999e-08
chr4	0	189332398	191154276	0.990469
chr4	1	1810729	191154276	0.00947261
chr4	2	10338	191154276	5.4082e-05
chr4	3	567	191154276	2.96619e-06
chr4	4	176	191154276	9.20722e-07
chr4	5	68	191154276	3.55734e-07
chr5	0	179059681	180915260	0.989743
chr5	1	1845990	180915260	0.0102036
chr5	2	9322	180915260	5.15269e-05
chr5	3	137	180915260	7.57261e-07
chr5	4	95	180915260	5.25108e-07
chr5	5	35	180915260	1.93461e-07
chr6	0	168521894	171115067	0.984845
chr6	1	2571191	171115067	0.0150261
chr6	2	17950	171115067	0.0001049
chr6	3	350	171115067	2.04541e-06
chr6	4	323	171115067	1.88762e-06
chr6	5	336	171115067	1.96359e-06
chr6	6	394	171115067	2.30254e-06
chr6	7	456	171115067	2.66487e-06
chr6	8	312	171115067	1.82333e-06
chr6	9	385	171115067	2.24995e-06
chr6	10	377	171115067	2.2032e-06
chr6	11	376	171115067	2.19735e-06
chr6	12	295	171115067	1.72399e-06
chr6	13	161	171115067	9.40887e-07
chr6	14	123	171115067	7.18815e-07
chr6	15	61	171115067	3.56485e-07
chr6	16	34	171115067	1.98697e-07
chr6	17	36	171115067	2.10385e-07
chr6	18	9	171115067	5.25962e-08
chr6	19	4	171115067	2.33761e-08
chr7	0	156344328	159138663	0.982441
chr7	1	2766275	159138663	0.0173828
chr7	2	24210	159138663	0.000152131
chr7	3	779	159138663	4.8951e-06
chr7	4	473	159138663	2.97225e-06
chr7	5	350	159138663	2.19934e-06
chr7	6	257	159138663	1.61494e-06
chr7	7	219	159138663	1.37616e-06
chr7	8	214	159138663	1.34474e-06
chr7	9	213	159138663	1.33846e-06
chr7	10	193	159138663	1.21278e-06
chr7	11	137	159138663	8.60884e-07
chr7	12	169	159138663	1.06197e-06
chr7	13	111	159138663	6.97505e-07
chr7	14	151	159138663	9.48858e-07
chr7	15	117	159138663	7.35208e-07
chr7	16	89	159138663	5.59261e-07
chr7	17	106	159138663	6.66086e-07
chr7	18	53	159138663	3.33043e-07
chr7	19	68	159138663	4.273e-07
chr7	20	56	159138663	3.51894e-07
chr7	21	33	159138663	2.07366e-07
chr7	22	22	159138663	1.38244e-07
chr7	23	34	159138663	2.1365e-07
chr7	24	6	159138663	3.7703e-08
chr8	0	144149721	146364022	0.984871
chr8	1	2188665	146364022	0.0149536
chr8	2	21847	146364022	0.000149265
chr8	3	2208	146364022	1.50857e-05
chr8	4	724	146364022	4.94657e-06
chr8	5	474	146364022	3.2385e-06
chr8	6	262	146364022	1.79006e-06
chr8	7	69	146364022	4.71427e-07
chr8	8	22	146364022	1.5031e-07
chr8	9	30	146364022	2.04968e-07
chr9	0	139644447	141213431	0.988889
chr9	1	1558687	141213431	0.0110378
chr9	2	9679	141213431	6.85416e-05
chr9	3	298	141213431	2.11028e-06
chr9	4	139	141213431	9.84326e-07
chr9	5	84	141213431	5.94844e-07
chr9	6	66	141213431	4.67378e-07
chr9	7	9	141213431	6.37333e-08
chr9	8	22	141213431	1.55793e-07
chr10	0	133787744	135534747	0.98711
chr10	1	1720396	135534747	0.0126934
chr10	2	15817	135534747	0.000116701
chr10	3	2380	135534747	1.75601e-05
chr10	4	1665	135534747	1.22847e-05
chr10	5	1315	135534747	9.70231e-06
chr10	6	875	135534747	6.45591e-06
chr10	7	651	135534747	4.8032e-06
chr10	8	721	135534747	5.31967e-06
chr10	9	776	135534747	5.72547e-06
chr10	10	504	135534747	3.7186e-06
chr10	11	362	135534747	2.6709e-06
chr10	12	224	135534747	1.65271e-06
chr10	13	198	135534747	1.46088e-06
chr10	14	217	135534747	1.60107e-06
chr10	15	233	135534747	1.71912e-06
chr10	16	191	135534747	1.40923e-06
chr10	17	108	135534747	7.96844e-07
chr10	18	57	135534747	4.20556e-07
chr10	19	56	135534747	4.13178e-07
chr10	20	49	135534747	3.61531e-07
chr10	21	39	135534747	2.87749e-07
chr10	22	43	135534747	3.17262e-07
chr10	23	26	135534747	1.91833e-07
chr10	24	41	135534747	3.02505e-07
chr10	25	17	135534747	1.25429e-07
chr10	26	19	135534747	1.40185e-07
chr10	27	13	135534747	9.59164e-08
chr10	28	4	135534747	2.95127e-08
chr10	29	3	135534747	2.21345e-08
chr10	30	2	135534747	1.47564e-08
chr10	31	1	135534747	7.37818e-09
chr11	0	133553597	135006516	0.989238
chr11	1	1443783	135006516	0.0106942
chr11	2	7864	135006516	5.8249e-05
chr11	3	406	135006516	3.00726e-06
chr11	4	342	135006516	2.53321e-06
chr11	5	143	135006516	1.05921e-06
chr11	6	206	135006516	1.52585e-06
chr11	7	33	135006516	2.44433e-07
chr11	8	64	135006516	4.74051e-07
chr11	9	25	135006516	1.85176e-07
chr11	10	49	135006516	3.62945e-07
chr11	11	4	135006516	2.96282e-08
chr12	0	132479025	133851895	0.989743
chr12	1	1366102	133851895	0.0102061
chr12	2	6528	133851895	4.87703e-05
chr12	3	175	133851895	1.30742e-06
chr12	4	15	133851895	1.12064e-07
chr12	5	3	133851895	2.24128e-08
chr12	6	10	133851895	7.47094e-08
chr12	7	18	133851895	1.34477e-07
chr12	8	15	133851895	1.12064e-07
chr12	9	4	133851895	2.98838e-08
chr13	0	113952668	115169878	0.989431
chr13	1	1210137	115169878	0.0105074
chr13	2	7056	115169878	6.1266e-05
chr13	3	17	115169878	1.47608e-07
chr14	0	106522236	107349540	0.992293
chr14	1	823926	107349540	0.00767517
chr14	2	3360	107349540	3.12996e-05
chr14	3	18	107349540	1.67677e-07
chr15	0	101531527	102531392	0.990248
chr15	1	992638	102531392	0.00968131
chr15	2	7169	102531392	6.992e-05
chr15	3	58	102531392	5.6568e-07
chr16	0	89206434	90354753	0.987291
chr16	1	1115906	90354753	0.0123503
chr16	2	17034	90354753	0.000188524
chr16	3	5204	90354753	5.75952e-05
chr16	4	4058	90354753	4.49119e-05
chr16	5	2724	90354753	3.01478e-05
chr16	6	1443	90354753	1.59704e-05
chr16	7	982	90354753	1.08683e-05
chr16	8	490	90354753	5.42307e-06
chr16	9	253	90354753	2.80007e-06
chr16	10	121	90354753	1.33917e-06
chr16	11	48	90354753	5.31239e-07
chr16	12	10	90354753	1.10675e-07
chr16	13	5	90354753	5.53374e-08
chr16	14	16	90354753	1.7708e-07
chr16	15	16	90354753	1.7708e-07
chr16	16	7	90354753	7.74724e-08
chr16	17	2	90354753	2.2135e-08
chr17	0	80314608	81195210	0.989155
chr17	1	873430	81195210	0.0107572
chr17	2	6372	81195210	7.84775e-05
chr17	3	505	81195210	6.21958e-06
chr17	4	153	81195210	1.88435e-06
chr17	5	43	81195210	5.29588e-07
chr17	6	22	81195210	2.70952e-07
chr17	7	29	81195210	3.57164e-07
chr17	8	4	81195210	4.9264e-08
chr17	9	10	81195210	1.2316e-07
chr17	10	8	81195210	9.8528e-08
chr17	11	18	81195210	2.21688e-07
chr17	12	5	81195210	6.158e-08
chr17	13	3	81195210	3.6948e-08
chr18	0	77103385	78077248	0.987527
chr18	1	966679	78077248	0.0123811
chr18	2	5981	78077248	7.66036e-05
chr18	3	406	78077248	5.19998e-06
chr18	4	361	78077248	4.62363e-06
chr18	5	139	78077248	1.78029e-06
chr18	6	149	78077248	1.90837e-06
chr18	7	75	78077248	9.60587e-07
chr18	8	44	78077248	5.63544e-07
chr18	9	9	78077248	1.1527e-07
chr18	10	20	78077248	2.56157e-07
chr19	0	58139172	59128983	0.98326
chr19	1	969391	59128983	0.0163945
chr19	2	17733	59128983	0.000299904
chr19	3	856	59128983	1.44768e-05
chr19	4	379	59128983	6.40972e-06
chr19	5	303	59128983	5.12439e-06
chr19	6	246	59128983	4.1604e-06
chr19	7	209	59128983	3.53465e-06
chr19	8	151	59128983	2.55374e-06
chr19	9	114	59128983	1.92799e-06
chr19	10	124	59128983	2.09711e-06
chr19	11	47	59128983	7.94872e-07
chr19	12	35	59128983	5.91926e-07
chr19	13	52	59128983	8.79433e-07
chr19	14	18	59128983	3.04419e-07
chr19	15	17	59128983	2.87507e-07
chr19	16	21	59128983	3.55156e-07
chr19	17	22	59128983	3.72068e-07
chr19	18	20	59128983	3.38244e-07
chr19	19	12	59128983	2.02946e-07
chr19	20	17	59128983	2.87507e-07
chr19	21	22	59128983	3.72068e-07
chr19	22	8	59128983	1.35297e-07
chr19	23	5	59128983	8.45609e-08
chr19	24	5	59128983	8.45609e-08
chr19	25	4	59128983	6.76487e-08
chr20	0	62148010	63025520	0.986077
chr20	1	869916	63025520	0.0138026
chr20	2	7484	63025520	0.000118746
chr20	3	64	63025520	1.01546e-06
chr20	4	6	63025520	9.51995e-08
chr20	5	40	63025520	6.34664e-07
chr21	0	47490062	48129895	0.986706
chr21	1	633845	48129895	0.0131695
chr21	2	5932	48129895	0.00012325
chr21	3	5	48129895	1.03886e-07
chr21	4	2	48129895	4.15542e-08
chr21	5	5	48129895	1.03886e-07
chr21	6	3	48129895	6.23313e-08
chr21	7	3	48129895	6.23313e-08
chr21	8	38	48129895	7.8953e-07
chr22	0	50976601	51304566	0.993607
chr22	1	326458	51304566	0.00636314
chr22	2	1450	51304566	2.82626e-05
chr22	3	5	51304566	9.74572e-08
chr22	4	4	51304566	7.79658e-08
chr22	5	5	51304566	9.74572e-08
chr22	6	2	51304566	3.89829e-08
chr22	7	4	51304566	7.79658e-08
chr22	8	37	51304566	7.21183e-07
chrX	0	153699650	155270560	0.989883
chrX	1	1556387	155270560	0.0100237
chrX	2	12271	155270560	7.90298e-05
chrX	3	1858	155270560	1.19662e-05
chrX	4	310	155270560	1.99652e-06
chrX	5	56	155270560	3.60661e-07
chrX	6	19	155270560	1.22367e-07
chrX	7	9	155270560	5.79633e-08
chrY	0	59311425	59373566	0.998953
chrY	1	60054	59373566	0.00101146
chrY	2	1603	59373566	2.69985e-05
chrY	3	396	59373566	6.66963e-06
chrY	4	88	59373566	1.48214e-06
chr1_gl000191_random	0	105383	106433	0.990135
chr1_gl000191_random	1	1050	106433	0.00986536
chr1_gl000192_random	0	534209	547496	0.975731
chr1_gl000192_random	1	13124	547496	0.023971
chr1_gl000192_random	2	163	547496	0.000297719
chr4_ctg9_hap1	0	586884	590426	0.994001
chr4_ctg9_hap1	1	3534	590426	0.00598551
chr4_ctg9_hap1	2	8	590426	1.35495e-05
chr4_gl000193_random	0	185794	189789	0.97895
chr4_gl000193_random	1	3940	189789	0.0207599
chr4_gl000193_random	2	55	189789	0.000289796
chr4_gl000194_random	0	187802	191469	0.980848
chr4_gl000194_random	1	3484	191469	0.0181962
chr4_gl000194_random	2	183	191469	0.000955768
chr6_apd_hap1	0	4615538	4622290	0.998539
chr6_apd_hap1	1	6704	4622290	0.00145036
chr6_apd_hap1	2	48	4622290	1.03845e-05
chr6_cox_hap2	0	4779809	4795371	0.996755
chr6_cox_hap2	1	15524	4795371	0.00323729
chr6_cox_hap2	2	38	4795371	7.92431e-06
chr6_dbb_hap3	0	4596996	4610396	0.997093
chr6_dbb_hap3	1	13400	4610396	0.00290647
chr6_mann_hap4	0	4670739	4683263	0.997326
chr6_mann_hap4	1	12448	4683263	0.00265798
chr6_mann_hap4	2	76	4683263	1.6228e-05
chr6_mcf_hap5	0	4820998	4833398	0.997434
chr6_mcf_hap5	1	12400	4833398	0.00256548
chr6_qbl_hap6	0	4596993	4611984	0.99675
chr6_qbl_hap6	1	14982	4611984	0.00324849
chr6_qbl_hap6	2	9	4611984	1.95144e-06
chr6_ssto_hap7	0	4914135	4928567	0.997072
chr6_ssto_hap7	1	14414	4928567	0.00292458
chr6_ssto_hap7	2	18	4928567	3.65218e-06
chr7_gl000195_random	0	175635	182896	0.9603
chr7_gl000195_random	1	7085	182896	0.0387379
chr7_gl000195_random	2	163	182896	0.000891217
chr7_gl000195_random	3	13	182896	7.10786e-05
chr8_gl000196_random	0	38464	38914	0.988436
chr8_gl000196_random	1	450	38914	0.011564
chr8_gl000197_random	0	36975	37175	0.99462
chr8_gl000197_random	1	200	37175	0.00537996
chr9_gl000198_random	0	86059	90085	0.955309
chr9_gl000198_random	1	3952	90085	0.0438697
chr9_gl000198_random	2	74	90085	0.000821446
chr9_gl000199_random	0	154132	169874	0.907331
chr9_gl000199_random	1	12794	169874	0.0753146
chr9_gl000199_random	2	2214	169874	0.0130332
chr9_gl000199_random	3	323	169874	0.00190141
chr9_gl000199_random	4	108	169874	0.000635765
chr9_gl000199_random	5	93	169874	0.000547465
chr9_gl000199_random	6	37	169874	0.000217808
chr9_gl000199_random	7	34	169874	0.000200148
chr9_gl000199_random	8	34	169874	0.000200148
chr9_gl000199_random	9	41	169874	0.000241355
chr9_gl000199_random	10	48	169874	0.000282562
chr9_gl000199_random	11	11	169874	6.47539e-05
chr9_gl000199_random	12	5	169874	2.94336e-05
chr9_gl000200_random	0	186485	187035	0.997059
chr9_gl000200_random	1	550	187035	0.00294063
chr9_gl000201_random	0	35948	36148	0.994467
chr9_gl000201_random	1	200	36148	0.00553281
chr11_gl000202_random	0	39803	40103	0.992519
chr11_gl000202_random	1	300	40103	0.00748074
chr17_ctg5_hap1	0	1672957	1680828	0.995317
chr17_ctg5_hap1	1	7842	1680828	0.00466556
chr17_ctg5_hap1	2	29	1680828	1.72534e-05
chr17_gl000203_random	0	37298	37498	0.994666
chr17_gl000203_random	1	200	37498	0.00533362
chr17_gl000204_random	0	80060	81310	0.984627
chr17_gl000204_random	1	1250	81310	0.0153733
chr17_gl000205_random	0	168042	174588	0.962506
chr17_gl000205_random	1	6392	174588	0.0366119
chr17_gl000205_random	2	154	174588	0.000882077
chr17_gl000206_random	0	40451	41001	0.986586
chr17_gl000206_random	1	550	41001	0.0134143
chr18_gl000207_random	0	4162	4262	0.976537
chr18_gl000207_random	1	100	4262	0.0234632
chr19_gl000208_random	0	87057	92689	0.939238
chr19_gl000208_random	1	4695	92689	0.0506533
chr19_gl000208_random	2	490	92689	0.0052865
chr19_gl000208_random	3	242	92689	0.00261088
chr19_gl000208_random	4	176	92689	0.00189882
chr19_gl000208_random	5	29	92689	0.000312874
chr19_gl000209_random	0	157654	159169	0.990482
chr19_gl000209_random	1	1480	159169	0.00929829
chr19_gl000209_random	2	35	159169	0.000219892
chr21_gl000210_random	0	27482	27682	0.992775
chr21_gl000210_random	1	200	27682	0.00722491
chrUn_gl000211	0	164413	166566	0.987074
chrUn_gl000211	1	2106	166566	0.0126436
chrUn_gl000211	2	47	166566	0.00028217
chrUn_gl000212	0	184530	186858	0.987541
chrUn_gl000212	1	2306	186858	0.0123409
chrUn_gl000212	2	22	186858	0.000117736
chrUn_gl000213	0	162139	164239	0.987214
chrUn_gl000213	1	2100	164239	0.0127862
chrUn_gl000214	0	127841	137718	0.928281
chrUn_gl000214	1	8633	137718	0.0626861
chrUn_gl000214	2	842	137718	0.00611394
chrUn_gl000214	3	243	137718	0.00176448
chrUn_gl000214	4	72	137718	0.000522807
chrUn_gl000214	5	30	137718	0.000217836
chrUn_gl000214	6	33	137718	0.00023962
chrUn_gl000214	7	24	137718	0.000174269
chrUn_gl000215	0	171090	172545	0.991567
chrUn_gl000215	1	1410	172545	0.00817178
chrUn_gl000215	2	45	172545	0.000260802
chrUn_gl000216	0	164606	172294	0.955379
chrUn_gl000216	1	6063	172294	0.0351898
chrUn_gl000216	2	1129	172294	0.00655275
chrUn_gl000216	3	270	172294	0.00156709
chrUn_gl000216	4	85	172294	0.000493343
chrUn_gl000216	5	72	172294	0.00041789
chrUn_gl000216	6	31	172294	0.000179925
chrUn_gl000216	7	28	172294	0.000162513
chrUn_gl000216	8	3	172294	1.74121e-05
chrUn_gl000216	9	7	172294	4.06282e-05
chrUn_gl000217	0	168933	172149	0.981319
chrUn_gl000217	1	3182	172149	0.018484
chrUn_gl000217	2	34	172149	0.000197503
chrUn_gl000218	0	157551	161147	0.977685
chrUn_gl000218	1	3542	161147	0.0219799
chrUn_gl000218	2	54	161147	0.000335098
chrUn_gl000219	0	175385	179198	0.978722
chrUn_gl000219	1	3726	179198	0.0207926
chrUn_gl000219	2	87	179198	0.000485496
chrUn_gl000220	0	116083	161802	0.717439
chrUn_gl000220	1	22559	161802	0.139423
chrUn_gl000220	2	11458	161802	0.0708149
chrUn_gl000220	3	6265	161802	0.0387202
chrUn_gl000220	4	3447	161802	0.0213038
chrUn_gl000220	5	1283	161802	0.00792944
chrUn_gl000220	6	383	161802	0.00236709
chrUn_gl000220	7	147	161802	0.000908518
chrUn_gl000220	8	143	161802	0.000883796
chrUn_gl000220	9	34	161802	0.000210133
chrUn_gl000221	0	151344	155397	0.973918
chrUn_gl000221	1	4006	155397	0.0257791
chrUn_gl000221	2	47	155397	0.000302451
chrUn_gl000222	0	185811	186861	0.994381
chrUn_gl000222	1	1050	186861	0.00561915
chrUn_gl000223	0	179505	180455	0.994736
chrUn_gl000223	1	950	180455	0.00526447
chrUn_gl000224	0	170498	179693	0.948829
chrUn_gl000224	1	7787	179693	0.043335
chrUn_gl000224	2	1155	179693	0.00642763
chrUn_gl000224	3	209	179693	0.00116309
chrUn_gl000224	4	44	179693	0.000244862
chrUn_gl000225	0	196884	211173	0.932335
chrUn_gl000225	1	11396	211173	0.0539652
chrUn_gl000225	2	1753	211173	0.00830125
chrUn_gl000225	3	503	211173	0.00238193
chrUn_gl000225	4	407	211173	0.00192733
chrUn_gl000225	5	93	211173	0.000440397
chrUn_gl000225	6	44	211173	0.00020836
chrUn_gl000225	7	19	211173	8.99736e-05
chrUn_gl000225	8	11	211173	5.209e-05
chrUn_gl000225	9	33	211173	0.00015627
chrUn_gl000225	10	16	211173	7.57673e-05
chrUn_gl000225	11	14	211173	6.62964e-05
chrUn_gl000226	0	629	15008	0.041911
chrUn_gl000226	1	1159	15008	0.0772255
chrUn_gl000226	2	1617	15008	0.107743
chrUn_gl000226	3	2096	15008	0.139659
chrUn_gl000226	4	2575	15008	0.171575
chrUn_gl000226	5	2017	15008	0.134395
chrUn_gl000226	6	1757	15008	0.117071
chrUn_gl000226	7	1301	15008	0.0866871
chrUn_gl000226	8	735	15008	0.0489739
chrUn_gl000226	9	579	15008	0.0385794
chrUn_gl000226	10	284	15008	0.0189232
chrUn_gl000226	11	161	15008	0.0107276
chrUn_gl000226	12	46	15008	0.00306503
chrUn_gl000226	13	20	15008	0.00133262
chrUn_gl000226	14	18	15008	0.00119936
chrUn_gl000226	15	6	15008	0.000399787
chrUn_gl000226	16	7	15008	0.000466418
chrUn_gl000226	17	1	15008	6.66311e-05
chrUn_gl000227	0	127174	128374	0.990652
chrUn_gl000227	1	1200	128374	0.00934769
chrUn_gl000228	0	125971	129120	0.975612
chrUn_gl000228	1	2536	129120	0.0196406
chrUn_gl000228	2	396	129120	0.00306691
chrUn_gl000228	3	98	129120	0.000758984
chrUn_gl000228	4	65	129120	0.000503408
chrUn_gl000228	5	21	129120	0.000162639
chrUn_gl000228	6	22	129120	0.000170384
chrUn_gl000228	7	7	129120	5.42131e-05
chrUn_gl000228	8	4	129120	3.09789e-05
chrUn_gl000229	0	19613	19913	0.984934
chrUn_gl000229	1	300	19913	0.0150655
chrUn_gl000230	0	43591	43691	0.997711
chrUn_gl000230	1	100	43691	0.0022888
chrUn_gl000231	0	26124	27386	0.953918
chrUn_gl000231	1	1224	27386	0.0446944
chrUn_gl000231	2	38	27386	0.00138757
chrUn_gl000232	0	38902	40652	0.956952
chrUn_gl000232	1	1750	40652	0.0430483
chrUn_gl000233	0	45741	45941	0.995647
chrUn_gl000233	1	200	45941	0.00435341
chrUn_gl000234	0	39481	40531	0.974094
chrUn_gl000234	1	1050	40531	0.0259061
chrUn_gl000235	0	33524	34474	0.972443
chrUn_gl000235	1	950	34474	0.027557
chrUn_gl000236	0	41634	41934	0.992846
chrUn_gl000236	1	300	41934	0.0071541
chrUn_gl000237	0	44321	45867	0.966294
chrUn_gl000237	1	1542	45867	0.0336189
chrUn_gl000237	2	4	45867	8.72087e-05
chrUn_gl000238	0	39689	39939	0.99374
chrUn_gl000238	1	250	39939	0.00625955
chrUn_gl000239	0	32874	33824	0.971913
chrUn_gl000239	1	950	33824	0.0280866
chrUn_gl000240	0	41633	41933	0.992846
chrUn_gl000240	1	300	41933	0.00715427
chrUn_gl000241	0	40587	42152	0.962872
chrUn_gl000241	1	1480	42152	0.035111
chrUn_gl000241	2	85	42152	0.00201651
chrUn_gl000242	0	43473	43523	0.998851
chrUn_gl000242	1	50	43523	0.00114882
chrUn_gl000243	0	42357	43341	0.977296
chrUn_gl000243	1	968	43341	0.0223345
chrUn_gl000243	2	16	43341	0.000369165
chrUn_gl000244	0	39479	39929	0.98873
chrUn_gl000244	1	450	39929	0.01127
chrUn_gl000245	0	35201	36651	0.960438
chrUn_gl000245	1	1450	36651	0.0395624
chrUn_gl000246	0	37854	38154	0.992137
chrUn_gl000246	1	300	38154	0.00786287
chrUn_gl000247	0	36022	36422	0.989018
chrUn_gl000247	1	400	36422	0.0109824
chrUn_gl000248	0	39736	39786	0.998743
chrUn_gl000248	1	50	39786	0.00125672
chrUn_gl000249	0	38252	38502	0.993507
chrUn_gl000249	1	250	38502	0.00649317
genome	0	3097880791	3137161264	0.987479
genome	1	38844805	3137161264	0.0123822
genome	2	350848	3137161264	0.000111836
genome	3	31121	3137161264	9.92012e-06
genome	4	18004	3137161264	5.73895e-06
genome	5	10510	3137161264	3.35016e-06
genome	6	6699	3137161264	2.13537e-06
genome	7	4713	3137161264	1.50231e-06
genome	8	3245	3137161264	1.03437e-06
genome	9	2645	3137161264	8.43119e-07
genome	10	1847	3137161264	5.88749e-07
genome	11	1251	3137161264	3.98768e-07
genome	12	829	3137161264	2.64252e-07
genome	13	602	3137161264	1.91893e-07
genome	14	618	3137161264	1.96993e-07
genome	15	500	3137161264	1.5938e-07
genome	16	410	3137161264	1.30691e-07
genome	17	329	3137161264	1.04872e-07
genome	18	205	3137161264	6.53457e-08
genome	19	229	3137161264	7.29959e-08
genome	20	196	3137161264	6.24769e-08
genome	21	130	3137161264	4.14387e-08
genome	22	105	3137161264	3.34697e-08
genome	23	87	3137161264	2.77321e-08
genome	24	80	3137161264	2.55008e-08
genome	25	65	3137161264	2.07194e-08
genome	26	69	3137161264	2.19944e-08
genome	27	49	3137161264	1.56192e-08
genome	28	58	3137161264	1.84881e-08
genome	29	56	3137161264	1.78505e-08
genome	30	45	3137161264	1.43442e-08
genome	31	36	3137161264	1.14753e-08
genome	32	24	3137161264	7.65023e-09
genome	33	20	3137161264	6.37519e-09
genome	34	28	3137161264	8.92527e-09
genome	35	5	3137161264	1.5938e-09
genome	36	2	3137161264	6.37519e-10
genome	37	2	3137161264	6.37519e-10
genome	38	3	3137161264	9.56279e-10
genome	39	3	3137161264	9.56279e-10
