chrM	0	14412	16571	0.869712
chrM	1	2068	16571	0.124796
chrM	2	91	16571	0.00549152
chr1	0	244991319	249250621	0.982912
chr1	1	4214373	249250621	0.0169082
chr1	2	43130	249250621	0.000173039
chr1	3	559	249250621	2.24272e-06
chr1	4	45	249250621	1.80541e-07
chr1	5	60	249250621	2.40722e-07
chr1	6	9	249250621	3.61082e-08
chr1	7	19	249250621	7.62285e-08
chr1	8	21	249250621	8.42525e-08
chr1	9	17	249250621	6.82044e-08
chr1	10	23	249250621	9.22766e-08
chr1	11	10	249250621	4.01203e-08
chr1	12	28	249250621	1.12337e-07
chr1	13	56	249250621	2.24673e-07
chr1	14	45	249250621	1.80541e-07
chr1	15	49	249250621	1.96589e-07
chr1	16	69	249250621	2.7683e-07
chr1	17	65	249250621	2.60782e-07
chr1	18	55	249250621	2.20661e-07
chr1	19	63	249250621	2.52758e-07
chr1	20	54	249250621	2.16649e-07
chr1	21	56	249250621	2.24673e-07
chr1	22	63	249250621	2.52758e-07
chr1	23	47	249250621	1.88565e-07
chr1	24	51	249250621	2.04613e-07
chr1	25	26	249250621	1.04313e-07
chr1	26	44	249250621	1.76529e-07
chr1	27	47	249250621	1.88565e-07
chr1	28	38	249250621	1.52457e-07
chr1	29	24	249250621	9.62886e-08
chr1	30	28	249250621	1.12337e-07
chr1	31	39	249250621	1.56469e-07
chr1	32	12	249250621	4.81443e-08
chr1	33	12	249250621	4.81443e-08
chr1	34	6	249250621	2.40722e-08
chr1	35	4	249250621	1.60481e-08
chr1	36	15	249250621	6.01804e-08
chr1	37	5	249250621	2.00601e-08
chr1	38	12	249250621	4.81443e-08
chr1	39	12	249250621	4.81443e-08
chr1	40	6	249250621	2.40722e-08
chr1	41	5	249250621	2.00601e-08
chr2	0	240011874	243199373	0.986893
chr2	1	3156733	243199373	0.01298
chr2	2	23826	243199373	9.7969e-05
chr2	3	2866	243199373	1.17846e-05
chr2	4	1633	243199373	6.71466e-06
chr2	5	1210	243199373	4.97534e-06
chr2	6	693	243199373	2.84951e-06
chr2	7	268	243199373	1.10198e-06
chr2	8	99	243199373	4.07073e-07
chr2	9	87	243199373	3.57731e-07
chr2	10	15	243199373	6.16778e-08
chr2	11	30	243199373	1.23356e-07
chr2	12	4	243199373	1.64474e-08
chr2	13	4	243199373	1.64474e-08
chr2	14	4	243199373	1.64474e-08
chr2	15	7	243199373	2.8783e-08
chr2	16	5	243199373	2.05593e-08
chr2	17	15	243199373	6.16778e-08
chr3	0	194802307	198022430	0.983739
chr3	1	3186232	198022430	0.0160903
chr3	2	33217	198022430	0.000167744
chr3	3	564	198022430	2.84816e-06
chr3	4	11	198022430	5.55493e-08
chr3	5	8	198022430	4.03995e-08
chr3	6	2	198022430	1.00999e-08
chr3	7	3	198022430	1.51498e-08
chr3	8	19	198022430	9.59487e-08
chr3	9	5	198022430	2.52497e-08
chr3	10	6	198022430	3.02996e-08
chr3	11	5	198022430	2.52497e-08
chr3	12	2	198022430	1.00999e-08
chr3	13	5	198022430	2.52497e-08
chr3	14	3	198022430	1.51498e-08
chr3	15	9	198022430	4.54494e-08
chr3	16	9	198022430	4.54494e-08
chr3	17	11	198022430	5.55493e-08
chr3	18	12	198022430	6.05992e-08
chr4	0	189364166	191154276	0.990635
chr4	1	1778335	191154276	0.00930314
chr4	2	11092	191154276	5.80264e-05
chr4	3	513	191154276	2.6837e-06
chr4	4	122	191154276	6.38228e-07
chr4	5	34	191154276	1.77867e-07
chr4	6	14	191154276	7.32393e-08
chr5	0	179059158	180915260	0.98974
chr5	1	1846030	180915260	0.0102038
chr5	2	9551	180915260	5.27927e-05
chr5	3	399	180915260	2.20545e-06
chr5	4	39	180915260	2.15571e-07
chr5	5	83	180915260	4.58778e-07
chr6	0	168553847	171115067	0.985032
chr6	1	2537980	171115067	0.014832
chr6	2	19233	171115067	0.000112398
chr6	3	419	171115067	2.44864e-06
chr6	4	337	171115067	1.96943e-06
chr6	5	316	171115067	1.84671e-06
chr6	6	335	171115067	1.95775e-06
chr6	7	283	171115067	1.65386e-06
chr6	8	350	171115067	2.04541e-06
chr6	9	336	171115067	1.96359e-06
chr6	10	286	171115067	1.67139e-06
chr6	11	314	171115067	1.83502e-06
chr6	12	217	171115067	1.26815e-06
chr6	13	167	171115067	9.75951e-07
chr6	14	155	171115067	9.05823e-07
chr6	15	149	171115067	8.70759e-07
chr6	16	117	171115067	6.8375e-07
chr6	17	87	171115067	5.0843e-07
chr6	18	57	171115067	3.33109e-07
chr6	19	41	171115067	2.39605e-07
chr6	20	25	171115067	1.46101e-07
chr6	21	8	171115067	4.67522e-08
chr6	22	2	171115067	1.1688e-08
chr6	23	2	171115067	1.1688e-08
chr6	24	4	171115067	2.33761e-08
chr7	0	156449636	159138663	0.983103
chr7	1	2661892	159138663	0.0167269
chr7	2	23022	159138663	0.000144666
chr7	3	741	159138663	4.65632e-06
chr7	4	525	159138663	3.29901e-06
chr7	5	478	159138663	3.00367e-06
chr7	6	243	159138663	1.52697e-06
chr7	7	331	159138663	2.07995e-06
chr7	8	297	159138663	1.8663e-06
chr7	9	295	159138663	1.85373e-06
chr7	10	114	159138663	7.16356e-07
chr7	11	108	159138663	6.78653e-07
chr7	12	85	159138663	5.34125e-07
chr7	13	44	159138663	2.76488e-07
chr7	14	121	159138663	7.60343e-07
chr7	15	112	159138663	7.03789e-07
chr7	16	135	159138663	8.48317e-07
chr7	17	86	159138663	5.40409e-07
chr7	18	78	159138663	4.90139e-07
chr7	19	57	159138663	3.58178e-07
chr7	20	72	159138663	4.52436e-07
chr7	21	58	159138663	3.64462e-07
chr7	22	53	159138663	3.33043e-07
chr7	23	34	159138663	2.1365e-07
chr7	24	26	159138663	1.6338e-07
chr7	25	13	159138663	8.16898e-08
chr7	26	3	159138663	1.88515e-08
chr7	27	3	159138663	1.88515e-08
chr7	28	1	159138663	6.28383e-09
chr8	0	143776222	146364022	0.982319
chr8	1	2553043	146364022	0.0174431
chr8	2	30090	146364022	0.000205583
chr8	3	2613	146364022	1.78527e-05
chr8	4	1063	146364022	7.26271e-06
chr8	5	488	146364022	3.33415e-06
chr8	6	223	146364022	1.5236e-06
chr8	7	102	146364022	6.96893e-07
chr8	8	56	146364022	3.82608e-07
chr8	9	24	146364022	1.63975e-07
chr8	10	37	146364022	2.52794e-07
chr8	11	27	146364022	1.84472e-07
chr8	12	29	146364022	1.98136e-07
chr8	13	5	146364022	3.41614e-08
chr9	0	139702152	141213431	0.989298
chr9	1	1500868	141213431	0.0106284
chr9	2	9521	141213431	6.74228e-05
chr9	3	355	141213431	2.51393e-06
chr9	4	249	141213431	1.76329e-06
chr9	5	148	141213431	1.04806e-06
chr9	6	59	141213431	4.17807e-07
chr9	7	21	141213431	1.48711e-07
chr9	8	11	141213431	7.78963e-08
chr9	9	24	141213431	1.69956e-07
chr9	10	19	141213431	1.34548e-07
chr9	11	4	141213431	2.83259e-08
chr10	0	133835414	135534747	0.987462
chr10	1	1674465	135534747	0.0123545
chr10	2	14477	135534747	0.000106814
chr10	3	2015	135534747	1.4867e-05
chr10	4	1462	135534747	1.07869e-05
chr10	5	1259	135534747	9.28913e-06
chr10	6	1033	135534747	7.62166e-06
chr10	7	917	135534747	6.76579e-06
chr10	8	719	135534747	5.30491e-06
chr10	9	555	135534747	4.09489e-06
chr10	10	428	135534747	3.15786e-06
chr10	11	386	135534747	2.84798e-06
chr10	12	301	135534747	2.22083e-06
chr10	13	253	135534747	1.86668e-06
chr10	14	266	135534747	1.9626e-06
chr10	15	165	135534747	1.2174e-06
chr10	16	141	135534747	1.04032e-06
chr10	17	111	135534747	8.18978e-07
chr10	18	85	135534747	6.27145e-07
chr10	19	62	135534747	4.57447e-07
chr10	20	42	135534747	3.09884e-07
chr10	21	55	135534747	4.058e-07
chr10	22	21	135534747	1.54942e-07
chr10	23	26	135534747	1.91833e-07
chr10	24	28	135534747	2.06589e-07
chr10	25	14	135534747	1.03295e-07
chr10	26	19	135534747	1.40185e-07
chr10	27	14	135534747	1.03295e-07
chr10	28	6	135534747	4.42691e-08
chr10	29	5	135534747	3.68909e-08
chr10	30	3	135534747	2.21345e-08
chr11	0	133565384	135006516	0.989325
chr11	1	1431530	135006516	0.0106034
chr11	2	8161	135006516	6.04489e-05
chr11	3	548	135006516	4.05906e-06
chr11	4	365	135006516	2.70357e-06
chr11	5	205	135006516	1.51845e-06
chr11	6	84	135006516	6.22192e-07
chr11	7	170	135006516	1.2592e-06
chr11	8	36	135006516	2.66654e-07
chr11	9	10	135006516	7.40705e-08
chr11	10	6	135006516	4.44423e-08
chr11	11	17	135006516	1.2592e-07
chr12	0	132514300	133851895	0.990007
chr12	1	1330954	133851895	0.00994348
chr12	2	6389	133851895	4.77319e-05
chr12	3	134	133851895	1.00111e-06
chr12	4	30	133851895	2.24128e-07
chr12	5	56	133851895	4.18373e-07
chr12	6	8	133851895	5.97676e-08
chr12	7	24	133851895	1.79303e-07
chr13	0	113981249	115169878	0.989679
chr13	1	1182318	115169878	0.0102659
chr13	2	6301	115169878	5.47105e-05
chr13	3	10	115169878	8.68283e-08
chr14	0	106559353	107349540	0.992639
chr14	1	786301	107349540	0.00732468
chr14	2	3859	107349540	3.5948e-05
chr14	3	27	107349540	2.51515e-07
chr15	0	101549306	102531392	0.990422
chr15	1	975662	102531392	0.00951574
chr15	2	6384	102531392	6.22639e-05
chr15	3	40	102531392	3.90124e-07
chr16	0	89241180	90354753	0.987676
chr16	1	1081404	90354753	0.0119684
chr16	2	16208	90354753	0.000179382
chr16	3	5712	90354753	6.32175e-05
chr16	4	4234	90354753	4.68597e-05
chr16	5	2492	90354753	2.75802e-05
chr16	6	1836	90354753	2.03199e-05
chr16	7	913	90354753	1.01046e-05
chr16	8	459	90354753	5.07998e-06
chr16	9	177	90354753	1.95895e-06
chr16	10	77	90354753	8.52196e-07
chr16	11	39	90354753	4.31632e-07
chr16	12	12	90354753	1.3281e-07
chr16	13	7	90354753	7.74724e-08
chr16	14	3	90354753	3.32025e-08
chr17	0	80372921	81195210	0.989873
chr17	1	816180	81195210	0.0100521
chr17	2	5332	81195210	6.56689e-05
chr17	3	411	81195210	5.06188e-06
chr17	4	158	81195210	1.94593e-06
chr17	5	79	81195210	9.72964e-07
chr17	6	35	81195210	4.3106e-07
chr17	7	33	81195210	4.06428e-07
chr17	8	23	81195210	2.83268e-07
chr17	9	11	81195210	1.35476e-07
chr17	10	25	81195210	3.079e-07
chr17	11	2	81195210	2.4632e-08
chr18	0	76745853	78077248	0.982948
chr18	1	1317182	78077248	0.0168702
chr18	2	12865	78077248	0.000164773
chr18	3	517	78077248	6.62165e-06
chr18	4	376	78077248	4.81574e-06
chr18	5	210	78077248	2.68964e-06
chr18	6	96	78077248	1.22955e-06
chr18	7	83	78077248	1.06305e-06
chr18	8	22	78077248	2.81772e-07
chr18	9	16	78077248	2.04925e-07
chr18	10	5	78077248	6.40391e-08
chr18	11	20	78077248	2.56157e-07
chr18	12	3	78077248	3.84235e-08
chr19	0	57969994	59128983	0.980399
chr19	1	1133681	59128983	0.019173
chr19	2	22801	59128983	0.000385615
chr19	3	939	59128983	1.58805e-05
chr19	4	230	59128983	3.8898e-06
chr19	5	185	59128983	3.12875e-06
chr19	6	191	59128983	3.23023e-06
chr19	7	206	59128983	3.48391e-06
chr19	8	191	59128983	3.23023e-06
chr19	9	127	59128983	2.14785e-06
chr19	10	81	59128983	1.36989e-06
chr19	11	75	59128983	1.26841e-06
chr19	12	36	59128983	6.08838e-07
chr19	13	44	59128983	7.44136e-07
chr19	14	22	59128983	3.72068e-07
chr19	15	30	59128983	5.07365e-07
chr19	16	28	59128983	4.73541e-07
chr19	17	21	59128983	3.55156e-07
chr19	18	11	59128983	1.86034e-07
chr19	19	7	59128983	1.18385e-07
chr19	20	8	59128983	1.35297e-07
chr19	21	16	59128983	2.70595e-07
chr19	22	11	59128983	1.86034e-07
chr19	23	10	59128983	1.69122e-07
chr19	24	16	59128983	2.70595e-07
chr19	25	12	59128983	2.02946e-07
chr19	26	9	59128983	1.5221e-07
chr19	27	1	59128983	1.69122e-08
chr20	0	62161240	63025520	0.986287
chr20	1	857846	63025520	0.0136111
chr20	2	6324	63025520	0.00010034
chr20	3	60	63025520	9.51995e-07
chr20	4	5	63025520	7.93329e-08
chr20	5	3	63025520	4.75998e-08
chr20	6	3	63025520	4.75998e-08
chr20	7	39	63025520	6.18797e-07
chr21	0	47515046	48129895	0.987225
chr21	1	609121	48129895	0.0126558
chr21	2	5505	48129895	0.000114378
chr21	3	223	48129895	4.63329e-06
chr22	0	50989394	51304566	0.993857
chr22	1	313589	51304566	0.0061123
chr22	2	1510	51304566	2.94321e-05
chr22	3	12	51304566	2.33897e-07
chr22	4	6	51304566	1.16949e-07
chr22	5	2	51304566	3.89829e-08
chr22	6	3	51304566	5.84743e-08
chr22	7	3	51304566	5.84743e-08
chr22	8	2	51304566	3.89829e-08
chr22	9	6	51304566	1.16949e-07
chr22	10	1	51304566	1.94914e-08
chr22	11	17	51304566	3.31354e-07
chr22	12	8	51304566	1.55932e-07
chr22	13	13	51304566	2.53389e-07
chrX	0	153726320	155270560	0.990055
chrX	1	1530426	155270560	0.00985651
chrX	2	11804	155270560	7.60221e-05
chrX	3	1353	155270560	8.71382e-06
chrX	4	471	155270560	3.03341e-06
chrX	5	125	155270560	8.05046e-07
chrX	6	37	155270560	2.38294e-07
chrX	7	16	155270560	1.03046e-07
chrX	8	8	155270560	5.1523e-08
chrY	0	59311401	59373566	0.998953
chrY	1	59509	59373566	0.00100228
chrY	2	2105	59373566	3.54535e-05
chrY	3	341	59373566	5.7433e-06
chrY	4	117	59373566	1.97057e-06
chrY	5	68	59373566	1.14529e-06
chrY	6	25	59373566	4.21063e-07
chr1_gl000191_random	0	105633	106433	0.992484
chr1_gl000191_random	1	800	106433	0.00751647
chr1_gl000192_random	0	534929	547496	0.977046
chr1_gl000192_random	1	12484	547496	0.022802
chr1_gl000192_random	2	83	547496	0.000151599
chr4_ctg9_hap1	0	588176	590426	0.996189
chr4_ctg9_hap1	1	2250	590426	0.00381081
chr4_gl000193_random	0	185399	189789	0.976869
chr4_gl000193_random	1	4280	189789	0.0225514
chr4_gl000193_random	2	110	189789	0.000579591
chr4_gl000194_random	0	185229	191469	0.96741
chr4_gl000194_random	1	6030	191469	0.0314933
chr4_gl000194_random	2	210	191469	0.00109678
chr6_apd_hap1	0	4616190	4622290	0.99868
chr6_apd_hap1	1	6100	4622290	0.00131969
chr6_cox_hap2	0	4779562	4795371	0.996703
chr6_cox_hap2	1	15768	4795371	0.00328817
chr6_cox_hap2	2	41	4795371	8.54991e-06
chr6_dbb_hap3	0	4598246	4610396	0.997365
chr6_dbb_hap3	1	12150	4610396	0.00263535
chr6_mann_hap4	0	4670856	4683263	0.997351
chr6_mann_hap4	1	12364	4683263	0.00264004
chr6_mann_hap4	2	43	4683263	9.18163e-06
chr6_mcf_hap5	0	4822533	4833398	0.997752
chr6_mcf_hap5	1	10830	4833398	0.00224066
chr6_mcf_hap5	2	35	4833398	7.24128e-06
chr6_qbl_hap6	0	4598181	4611984	0.997007
chr6_qbl_hap6	1	13756	4611984	0.00298266
chr6_qbl_hap6	2	47	4611984	1.01908e-05
chr6_ssto_hap7	0	4917038	4928567	0.997661
chr6_ssto_hap7	1	11508	4928567	0.00233496
chr6_ssto_hap7	2	21	4928567	4.26087e-06
chr7_gl000195_random	0	173481	182896	0.948523
chr7_gl000195_random	1	9080	182896	0.0496457
chr7_gl000195_random	2	335	182896	0.00183164
chr8_gl000196_random	0	38614	38914	0.992291
chr8_gl000196_random	1	300	38914	0.00770931
chr8_gl000197_random	0	37075	37175	0.99731
chr8_gl000197_random	1	100	37175	0.00268998
chr9_gl000198_random	0	85888	90085	0.953411
chr9_gl000198_random	1	4094	90085	0.045446
chr9_gl000198_random	2	103	90085	0.00114336
chr9_gl000199_random	0	154734	169874	0.910875
chr9_gl000199_random	1	12720	169874	0.074879
chr9_gl000199_random	2	1546	169874	0.00910086
chr9_gl000199_random	3	372	169874	0.00218986
chr9_gl000199_random	4	275	169874	0.00161885
chr9_gl000199_random	5	70	169874	0.00041207
chr9_gl000199_random	6	58	169874	0.00034143
chr9_gl000199_random	7	8	169874	4.70937e-05
chr9_gl000199_random	8	10	169874	5.88672e-05
chr9_gl000199_random	9	20	169874	0.000117734
chr9_gl000199_random	10	17	169874	0.000100074
chr9_gl000199_random	11	40	169874	0.000235469
chr9_gl000199_random	12	4	169874	2.35469e-05
chr9_gl000200_random	0	186485	187035	0.997059
chr9_gl000200_random	1	550	187035	0.00294063
chr9_gl000201_random	0	35898	36148	0.993084
chr9_gl000201_random	1	250	36148	0.00691601
chr11_gl000202_random	0	39903	40103	0.995013
chr11_gl000202_random	1	200	40103	0.00498716
chr17_ctg5_hap1	0	1673505	1680828	0.995643
chr17_ctg5_hap1	1	7296	1680828	0.00434072
chr17_ctg5_hap1	2	27	1680828	1.60635e-05
chr17_gl000203_random	0	36848	37498	0.982666
chr17_gl000203_random	1	650	37498	0.0173343
chr17_gl000204_random	0	80460	81310	0.989546
chr17_gl000204_random	1	850	81310	0.0104538
chr17_gl000205_random	0	165805	174588	0.949693
chr17_gl000205_random	1	8716	174588	0.0499232
chr17_gl000205_random	2	67	174588	0.000383761
chr17_gl000206_random	0	40551	41001	0.989025
chr17_gl000206_random	1	450	41001	0.0109753
chr19_gl000208_random	0	86240	92689	0.930423
chr19_gl000208_random	1	5068	92689	0.0546775
chr19_gl000208_random	2	633	92689	0.00682929
chr19_gl000208_random	3	372	92689	0.00401342
chr19_gl000208_random	4	263	92689	0.00283745
chr19_gl000208_random	5	86	92689	0.000927834
chr19_gl000208_random	6	21	92689	0.000226564
chr19_gl000208_random	7	6	92689	6.47326e-05
chr19_gl000209_random	0	156972	159169	0.986197
chr19_gl000209_random	1	2194	159169	0.0137841
chr19_gl000209_random	2	3	159169	1.88479e-05
chr21_gl000210_random	0	27532	27682	0.994581
chr21_gl000210_random	1	150	27682	0.00541868
chrUn_gl000211	0	163769	166566	0.983208
chrUn_gl000211	1	2794	166566	0.0167741
chrUn_gl000211	2	3	166566	1.80109e-05
chrUn_gl000212	0	185058	186858	0.990367
chrUn_gl000212	1	1800	186858	0.00963298
chrUn_gl000213	0	162539	164239	0.989649
chrUn_gl000213	1	1700	164239	0.0103508
chrUn_gl000214	0	125150	137718	0.908741
chrUn_gl000214	1	10064	137718	0.0730769
chrUn_gl000214	2	1719	137718	0.012482
chrUn_gl000214	3	481	137718	0.00349264
chrUn_gl000214	4	138	137718	0.00100205
chrUn_gl000214	5	147	137718	0.0010674
chrUn_gl000214	6	15	137718	0.000108918
chrUn_gl000214	7	4	137718	2.90449e-05
chrUn_gl000215	0	170895	172545	0.990437
chrUn_gl000215	1	1650	172545	0.00956272
chrUn_gl000216	0	164172	172294	0.95286
chrUn_gl000216	1	6521	172294	0.0378481
chrUn_gl000216	2	937	172294	0.00543838
chrUn_gl000216	3	338	172294	0.00196176
chrUn_gl000216	4	180	172294	0.00104473
chrUn_gl000216	5	51	172294	0.000296006
chrUn_gl000216	6	62	172294	0.00035985
chrUn_gl000216	7	20	172294	0.000116081
chrUn_gl000216	8	13	172294	7.54524e-05
chrUn_gl000217	0	169436	172149	0.98424
chrUn_gl000217	1	2676	172149	0.0155447
chrUn_gl000217	2	37	172149	0.00021493
chrUn_gl000218	0	157264	161147	0.975904
chrUn_gl000218	1	3816	161147	0.0236802
chrUn_gl000218	2	67	161147	0.000415769
chrUn_gl000219	0	176726	179198	0.986205
chrUn_gl000219	1	2444	179198	0.0136385
chrUn_gl000219	2	28	179198	0.000156252
chrUn_gl000220	0	114030	161802	0.70475
chrUn_gl000220	1	22908	161802	0.14158
chrUn_gl000220	2	11534	161802	0.0712847
chrUn_gl000220	3	7009	161802	0.0433184
chrUn_gl000220	4	3360	161802	0.0207661
chrUn_gl000220	5	1665	161802	0.0102904
chrUn_gl000220	6	800	161802	0.00494431
chrUn_gl000220	7	332	161802	0.00205189
chrUn_gl000220	8	127	161802	0.00078491
chrUn_gl000220	9	28	161802	0.000173051
chrUn_gl000220	10	9	161802	5.56235e-05
chrUn_gl000221	0	151434	155397	0.974498
chrUn_gl000221	1	3876	155397	0.0249426
chrUn_gl000221	2	87	155397	0.000559856
chrUn_gl000222	0	184853	186861	0.989254
chrUn_gl000222	1	1966	186861	0.0105212
chrUn_gl000222	2	42	186861	0.000224766
chrUn_gl000223	0	179655	180455	0.995567
chrUn_gl000223	1	800	180455	0.00443324
chrUn_gl000224	0	170698	179693	0.949942
chrUn_gl000224	1	8133	179693	0.0452605
chrUn_gl000224	2	722	179693	0.00401796
chrUn_gl000224	3	137	179693	0.000762411
chrUn_gl000224	4	3	179693	1.66951e-05
chrUn_gl000225	0	195168	211173	0.924209
chrUn_gl000225	1	12282	211173	0.0581608
chrUn_gl000225	2	2239	211173	0.0106027
chrUn_gl000225	3	779	211173	0.00368892
chrUn_gl000225	4	324	211173	0.00153429
chrUn_gl000225	5	121	211173	0.00057299
chrUn_gl000225	6	86	211173	0.000407249
chrUn_gl000225	7	40	211173	0.000189418
chrUn_gl000225	8	57	211173	0.000269921
chrUn_gl000225	9	13	211173	6.15609e-05
chrUn_gl000225	10	24	211173	0.000113651
chrUn_gl000225	11	37	211173	0.000175212
chrUn_gl000225	12	3	211173	1.42064e-05
chrUn_gl000226	0	601	15008	0.0400453
chrUn_gl000226	1	998	15008	0.0664979
chrUn_gl000226	2	1463	15008	0.0974813
chrUn_gl000226	3	1827	15008	0.121735
chrUn_gl000226	4	2008	15008	0.133795
chrUn_gl000226	5	2040	15008	0.135927
chrUn_gl000226	6	1739	15008	0.115872
chrUn_gl000226	7	1464	15008	0.097548
chrUn_gl000226	8	1078	15008	0.0718284
chrUn_gl000226	9	691	15008	0.0460421
chrUn_gl000226	10	454	15008	0.0302505
chrUn_gl000226	11	285	15008	0.0189899
chrUn_gl000226	12	140	15008	0.00932836
chrUn_gl000226	13	75	15008	0.00499733
chrUn_gl000226	14	85	15008	0.00566365
chrUn_gl000226	15	21	15008	0.00139925
chrUn_gl000226	16	20	15008	0.00133262
chrUn_gl000226	17	10	15008	0.000666311
chrUn_gl000226	18	8	15008	0.000533049
chrUn_gl000226	19	1	15008	6.66311e-05
chrUn_gl000227	0	127674	128374	0.994547
chrUn_gl000227	1	700	128374	0.00545282
chrUn_gl000228	0	125648	129120	0.97311
chrUn_gl000228	1	2975	129120	0.0230406
chrUn_gl000228	2	267	129120	0.00206784
chrUn_gl000228	3	126	129120	0.000975836
chrUn_gl000228	4	69	129120	0.000534387
chrUn_gl000228	5	24	129120	0.000185874
chrUn_gl000228	6	10	129120	7.74473e-05
chrUn_gl000228	7	1	129120	7.74473e-06
chrUn_gl000229	0	19213	19913	0.964847
chrUn_gl000229	1	700	19913	0.0351529
chrUn_gl000230	0	43491	43691	0.995422
chrUn_gl000230	1	200	43691	0.0045776
chrUn_gl000231	0	26686	27386	0.97444
chrUn_gl000231	1	700	27386	0.0255605
chrUn_gl000232	0	39027	40652	0.960027
chrUn_gl000232	1	1500	40652	0.0368986
chrUn_gl000232	2	125	40652	0.00307488
chrUn_gl000233	0	45791	45941	0.996735
chrUn_gl000233	1	150	45941	0.00326506
chrUn_gl000234	0	39181	40531	0.966692
chrUn_gl000234	1	1350	40531	0.0333078
chrUn_gl000235	0	33624	34474	0.975344
chrUn_gl000235	1	850	34474	0.0246563
chrUn_gl000236	0	41634	41934	0.992846
chrUn_gl000236	1	300	41934	0.0071541
chrUn_gl000237	0	44817	45867	0.977108
chrUn_gl000237	1	1050	45867	0.0228923
chrUn_gl000238	0	39689	39939	0.99374
chrUn_gl000238	1	250	39939	0.00625955
chrUn_gl000239	0	32524	33824	0.961566
chrUn_gl000239	1	1300	33824	0.0384342
chrUn_gl000240	0	41433	41933	0.988076
chrUn_gl000240	1	500	41933	0.0119238
chrUn_gl000241	0	40570	42152	0.962469
chrUn_gl000241	1	1564	42152	0.0371038
chrUn_gl000241	2	18	42152	0.000427026
chrUn_gl000242	0	43373	43523	0.996554
chrUn_gl000242	1	150	43523	0.00344645
chrUn_gl000243	0	42294	43341	0.975843
chrUn_gl000243	1	964	43341	0.0222422
chrUn_gl000243	2	63	43341	0.00145359
chrUn_gl000243	3	20	43341	0.000461457
chrUn_gl000244	0	39329	39929	0.984973
chrUn_gl000244	1	600	39929	0.0150267
chrUn_gl000245	0	35651	36651	0.972716
chrUn_gl000245	1	1000	36651	0.0272844
chrUn_gl000246	0	37954	38154	0.994758
chrUn_gl000246	1	200	38154	0.00524191
chrUn_gl000247	0	35772	36422	0.982154
chrUn_gl000247	1	650	36422	0.0178464
chrUn_gl000248	0	39602	39786	0.995375
chrUn_gl000248	1	168	39786	0.00422259
chrUn_gl000248	2	16	39786	0.000402152
chrUn_gl000249	0	38202	38502	0.992208
chrUn_gl000249	1	300	38502	0.0077918
chr18_gl000207_random	0	4262	4262	1
genome	0	3097914300	3137161264	0.98749
genome	1	38801259	3137161264	0.0123683
genome	2	355469	3137161264	0.000113309
genome	3	32832	3137161264	1.04655e-05
genome	4	18098	3137161264	5.76891e-06
genome	5	11713	3137161264	3.73363e-06
genome	6	7720	3137161264	2.46082e-06
genome	7	5306	3137161264	1.69134e-06
genome	8	3598	3137161264	1.1469e-06
genome	9	2442	3137161264	7.78411e-07
genome	10	1627	3137161264	5.18622e-07
genome	11	1416	3137161264	4.51363e-07
genome	12	872	3137161264	2.77958e-07
genome	13	673	3137161264	2.14525e-07
genome	14	704	3137161264	2.24407e-07
genome	15	542	3137161264	1.72768e-07
genome	16	524	3137161264	1.6703e-07
genome	17	406	3137161264	1.29416e-07
genome	18	306	3137161264	9.75404e-08
genome	19	231	3137161264	7.36335e-08
genome	20	201	3137161264	6.40707e-08
genome	21	193	3137161264	6.15206e-08
genome	22	150	3137161264	4.78139e-08
genome	23	119	3137161264	3.79324e-08
genome	24	125	3137161264	3.98449e-08
genome	25	65	3137161264	2.07194e-08
genome	26	75	3137161264	2.3907e-08
genome	27	65	3137161264	2.07194e-08
genome	28	45	3137161264	1.43442e-08
genome	29	29	3137161264	9.24403e-09
genome	30	31	3137161264	9.88155e-09
genome	31	39	3137161264	1.24316e-08
genome	32	12	3137161264	3.82511e-09
genome	33	12	3137161264	3.82511e-09
genome	34	6	3137161264	1.91256e-09
genome	35	4	3137161264	1.27504e-09
genome	36	15	3137161264	4.78139e-09
genome	37	5	3137161264	1.5938e-09
genome	38	12	3137161264	3.82511e-09
genome	39	12	3137161264	3.82511e-09
genome	40	6	3137161264	1.91256e-09
genome	41	5	3137161264	1.5938e-09
