chrM	0	12353	16571	0.745459
chrM	1	3692	16571	0.222799
chrM	2	520	16571	0.0313801
chrM	3	6	16571	0.000362078
chr1	0	246081606	249250621	0.987286
chr1	1	3142921	249250621	0.0126095
chr1	2	24294	249250621	9.74682e-05
chr1	3	310	249250621	1.24373e-06
chr1	4	163	249250621	6.5396e-07
chr1	5	142	249250621	5.69708e-07
chr1	6	79	249250621	3.1695e-07
chr1	7	48	249250621	1.92577e-07
chr1	8	54	249250621	2.16649e-07
chr1	9	28	249250621	1.12337e-07
chr1	10	32	249250621	1.28385e-07
chr1	11	44	249250621	1.76529e-07
chr1	12	47	249250621	1.88565e-07
chr1	13	58	249250621	2.32698e-07
chr1	14	135	249250621	5.41624e-07
chr1	15	119	249250621	4.77431e-07
chr1	16	96	249250621	3.85154e-07
chr1	17	78	249250621	3.12938e-07
chr1	18	67	249250621	2.68806e-07
chr1	19	49	249250621	1.96589e-07
chr1	20	39	249250621	1.56469e-07
chr1	21	36	249250621	1.44433e-07
chr1	22	22	249250621	8.82646e-08
chr1	23	10	249250621	4.01203e-08
chr1	24	13	249250621	5.21563e-08
chr1	25	16	249250621	6.41924e-08
chr1	26	14	249250621	5.61684e-08
chr1	27	20	249250621	8.02405e-08
chr1	28	16	249250621	6.41924e-08
chr1	29	18	249250621	7.22165e-08
chr1	30	17	249250621	6.82044e-08
chr1	31	14	249250621	5.61684e-08
chr1	32	4	249250621	1.60481e-08
chr1	33	7	249250621	2.80842e-08
chr1	34	5	249250621	2.00601e-08
chr2	0	237592048	243199373	0.976943
chr2	1	5521178	243199373	0.0227023
chr2	2	78429	243199373	0.000322488
chr2	3	3383	243199373	1.39104e-05
chr2	4	1789	243199373	7.3561e-06
chr2	5	1195	243199373	4.91366e-06
chr2	6	637	243199373	2.61925e-06
chr2	7	348	243199373	1.43092e-06
chr2	8	157	243199373	6.45561e-07
chr2	9	71	243199373	2.91942e-07
chr2	10	59	243199373	2.42599e-07
chr2	11	26	243199373	1.06908e-07
chr2	12	35	243199373	1.43915e-07
chr2	13	17	243199373	6.99015e-08
chr2	14	1	243199373	4.11185e-09
chr3	0	194532918	198022430	0.982378
chr3	1	3448650	198022430	0.0174155
chr3	2	40362	198022430	0.000203825
chr3	3	347	198022430	1.75233e-06
chr3	4	13	198022430	6.56491e-08
chr3	5	9	198022430	4.54494e-08
chr3	6	56	198022430	2.82796e-07
chr3	7	10	198022430	5.04993e-08
chr3	8	3	198022430	1.51498e-08
chr3	9	11	198022430	5.55493e-08
chr3	10	2	198022430	1.00999e-08
chr3	11	11	198022430	5.55493e-08
chr3	12	2	198022430	1.00999e-08
chr3	13	13	198022430	6.56491e-08
chr3	14	20	198022430	1.00999e-07
chr3	15	3	198022430	1.51498e-08
chr4	0	189456877	191154276	0.99112
chr4	1	1688372	191154276	0.00883251
chr4	2	8241	191154276	4.31118e-05
chr4	3	594	191154276	3.10744e-06
chr4	4	167	191154276	8.7364e-07
chr4	5	4	191154276	2.09255e-08
chr4	6	21	191154276	1.09859e-07
chr5	0	178916425	180915260	0.988952
chr5	1	1985846	180915260	0.0109767
chr5	2	12813	180915260	7.08232e-05
chr5	3	176	180915260	9.72831e-07
chr6	0	168365418	171115067	0.983931
chr6	1	2724885	171115067	0.0159243
chr6	2	20714	171115067	0.000121053
chr6	3	478	171115067	2.79344e-06
chr6	4	371	171115067	2.16813e-06
chr6	5	475	171115067	2.77591e-06
chr6	6	430	171115067	2.51293e-06
chr6	7	458	171115067	2.67656e-06
chr6	8	388	171115067	2.26748e-06
chr6	9	434	171115067	2.5363e-06
chr6	10	338	171115067	1.97528e-06
chr6	11	267	171115067	1.56035e-06
chr6	12	164	171115067	9.58419e-07
chr6	13	100	171115067	5.84402e-07
chr6	14	62	171115067	3.62329e-07
chr6	15	41	171115067	2.39605e-07
chr6	16	21	171115067	1.22724e-07
chr6	17	20	171115067	1.1688e-07
chr6	18	3	171115067	1.75321e-08
chr7	0	157041921	159138663	0.986824
chr7	1	2079567	159138663	0.0130676
chr7	2	13787	159138663	8.66351e-05
chr7	3	734	159138663	4.61233e-06
chr7	4	640	159138663	4.02165e-06
chr7	5	525	159138663	3.29901e-06
chr7	6	232	159138663	1.45785e-06
chr7	7	204	159138663	1.2819e-06
chr7	8	160	159138663	1.00541e-06
chr7	9	115	159138663	7.2264e-07
chr7	10	116	159138663	7.28924e-07
chr7	11	119	159138663	7.47776e-07
chr7	12	88	159138663	5.52977e-07
chr7	13	91	159138663	5.71828e-07
chr7	14	116	159138663	7.28924e-07
chr7	15	90	159138663	5.65545e-07
chr7	16	60	159138663	3.7703e-07
chr7	17	44	159138663	2.76488e-07
chr7	18	33	159138663	2.07366e-07
chr7	19	17	159138663	1.06825e-07
chr7	20	4	159138663	2.51353e-08
chr8	0	143952414	146364022	0.983523
chr8	1	2381950	146364022	0.0162742
chr8	2	25666	146364022	0.000175357
chr8	3	2260	146364022	1.5441e-05
chr8	4	985	146364022	6.7298e-06
chr8	5	379	146364022	2.58943e-06
chr8	6	150	146364022	1.02484e-06
chr8	7	84	146364022	5.73912e-07
chr8	8	73	146364022	4.98756e-07
chr8	9	34	146364022	2.32298e-07
chr8	10	22	146364022	1.5031e-07
chr8	11	5	146364022	3.41614e-08
chr9	0	139485612	141213431	0.987765
chr9	1	1715612	141213431	0.0121491
chr9	2	11688	141213431	8.27683e-05
chr9	3	282	141213431	1.99698e-06
chr9	4	88	141213431	6.2317e-07
chr9	5	83	141213431	5.87763e-07
chr9	6	31	141213431	2.19526e-07
chr9	7	17	141213431	1.20385e-07
chr9	8	18	141213431	1.27467e-07
chr10	0	133803745	135534747	0.987228
chr10	1	1706282	135534747	0.0125893
chr10	2	15438	135534747	0.000113904
chr10	3	1945	135534747	1.43506e-05
chr10	4	1535	135534747	1.13255e-05
chr10	5	1146	135534747	8.4554e-06
chr10	6	866	135534747	6.3895e-06
chr10	7	887	135534747	6.54445e-06
chr10	8	744	135534747	5.48937e-06
chr10	9	499	135534747	3.68171e-06
chr10	10	364	135534747	2.68566e-06
chr10	11	357	135534747	2.63401e-06
chr10	12	257	135534747	1.89619e-06
chr10	13	198	135534747	1.46088e-06
chr10	14	122	135534747	9.00138e-07
chr10	15	98	135534747	7.23062e-07
chr10	16	92	135534747	6.78793e-07
chr10	17	65	135534747	4.79582e-07
chr10	18	22	135534747	1.6232e-07
chr10	19	42	135534747	3.09884e-07
chr10	20	38	135534747	2.80371e-07
chr10	21	5	135534747	3.68909e-08
chr11	0	133760159	135006516	0.990768
chr11	1	1238764	135006516	0.00917559
chr11	2	6656	135006516	4.93013e-05
chr11	3	585	135006516	4.33312e-06
chr11	4	99	135006516	7.33298e-07
chr11	5	149	135006516	1.10365e-06
chr11	6	72	135006516	5.33308e-07
chr11	7	10	135006516	7.40705e-08
chr11	8	22	135006516	1.62955e-07
chr12	0	132490300	133851895	0.989828
chr12	1	1354845	133851895	0.010122
chr12	2	6449	133851895	4.81801e-05
chr12	3	221	133851895	1.65108e-06
chr12	4	56	133851895	4.18373e-07
chr12	5	24	133851895	1.79303e-07
chr13	0	113977631	115169878	0.989648
chr13	1	1185175	115169878	0.0102907
chr13	2	7041	115169878	6.11358e-05
chr13	3	31	115169878	2.69168e-07
chr14	0	106526959	107349540	0.992337
chr14	1	819808	107349540	0.00763681
chr14	2	2727	107349540	2.5403e-05
chr14	3	46	107349540	4.28507e-07
chr15	0	101477204	102531392	0.989718
chr15	1	1044981	102531392	0.0101918
chr15	2	9102	102531392	8.87728e-05
chr15	3	105	102531392	1.02408e-06
chr16	0	89228564	90354753	0.987536
chr16	1	1094732	90354753	0.0121159
chr16	2	16945	90354753	0.000187539
chr16	3	5477	90354753	6.06166e-05
chr16	4	3863	90354753	4.27537e-05
chr16	5	2635	90354753	2.91628e-05
chr16	6	1298	90354753	1.43656e-05
chr16	7	659	90354753	7.29347e-06
chr16	8	275	90354753	3.04356e-06
chr16	9	114	90354753	1.26169e-06
chr16	10	77	90354753	8.52196e-07
chr16	11	58	90354753	6.41914e-07
chr16	12	43	90354753	4.75902e-07
chr16	13	13	90354753	1.43877e-07
chr17	0	80286196	81195210	0.988805
chr17	1	901619	81195210	0.0111043
chr17	2	6526	81195210	8.03742e-05
chr17	3	561	81195210	6.90927e-06
chr17	4	120	81195210	1.47792e-06
chr17	5	44	81195210	5.41904e-07
chr17	6	59	81195210	7.26644e-07
chr17	7	40	81195210	4.9264e-07
chr17	8	22	81195210	2.70952e-07
chr17	9	7	81195210	8.6212e-08
chr17	10	3	81195210	3.6948e-08
chr17	11	13	81195210	1.60108e-07
chr18	0	77093822	78077248	0.987404
chr18	1	975785	78077248	0.0124977
chr18	2	6594	78077248	8.44548e-05
chr18	3	348	78077248	4.45712e-06
chr18	4	286	78077248	3.66304e-06
chr18	5	152	78077248	1.94679e-06
chr18	6	86	78077248	1.10147e-06
chr18	7	85	78077248	1.08867e-06
chr18	8	70	78077248	8.96548e-07
chr18	9	5	78077248	6.40391e-08
chr18	10	2	78077248	2.56157e-08
chr18	11	13	78077248	1.66502e-07
chr19	0	58117607	59128983	0.982895
chr19	1	990616	59128983	0.0167535
chr19	2	18448	59128983	0.000311996
chr19	3	558	59128983	9.437e-06
chr19	4	455	59128983	7.69504e-06
chr19	5	328	59128983	5.5472e-06
chr19	6	196	59128983	3.31479e-06
chr19	7	123	59128983	2.0802e-06
chr19	8	123	59128983	2.0802e-06
chr19	9	89	59128983	1.50518e-06
chr19	10	123	59128983	2.0802e-06
chr19	11	112	59128983	1.89416e-06
chr19	12	53	59128983	8.96346e-07
chr19	13	12	59128983	2.02946e-07
chr19	14	12	59128983	2.02946e-07
chr19	15	22	59128983	3.72068e-07
chr19	16	43	59128983	7.27224e-07
chr19	17	14	59128983	2.36771e-07
chr19	18	8	59128983	1.35297e-07
chr19	19	3	59128983	5.07365e-08
chr19	20	15	59128983	2.53683e-07
chr19	21	10	59128983	1.69122e-07
chr19	22	8	59128983	1.35297e-07
chr19	23	3	59128983	5.07365e-08
chr19	24	2	59128983	3.38244e-08
chr20	0	62480203	63025520	0.991348
chr20	1	542623	63025520	0.00860958
chr20	2	2604	63025520	4.13166e-05
chr20	3	43	63025520	6.82263e-07
chr20	4	3	63025520	4.75998e-08
chr20	5	36	63025520	5.71197e-07
chr20	6	8	63025520	1.26933e-07
chr21	0	47663408	48129895	0.990308
chr21	1	462265	48129895	0.00960453
chr21	2	4007	48129895	8.32539e-05
chr21	3	127	48129895	2.63869e-06
chr21	4	50	48129895	1.03886e-06
chr21	5	38	48129895	7.8953e-07
chr22	0	50916865	51304566	0.992443
chr22	1	385698	51304566	0.00751781
chr22	2	1935	51304566	3.77159e-05
chr22	3	11	51304566	2.14406e-07
chr22	4	14	51304566	2.7288e-07
chr22	5	5	51304566	9.74572e-08
chr22	6	6	51304566	1.16949e-07
chr22	7	24	51304566	4.67795e-07
chr22	8	8	51304566	1.55932e-07
chrX	0	154093607	155270560	0.99242
chrX	1	1165404	155270560	0.00750563
chrX	2	9224	155270560	5.9406e-05
chrX	3	1630	155270560	1.04978e-05
chrX	4	496	155270560	3.19442e-06
chrX	5	170	155270560	1.09486e-06
chrX	6	29	155270560	1.86771e-07
chrY	0	59318195	59373566	0.999067
chrY	1	53235	59373566	0.000896611
chrY	2	1554	59373566	2.61733e-05
chrY	3	445	59373566	7.49492e-06
chrY	4	92	59373566	1.54951e-06
chrY	5	4	59373566	6.737e-08
chrY	6	3	59373566	5.05275e-08
chrY	7	38	59373566	6.40015e-07
chr1_gl000191_random	0	105983	106433	0.995772
chr1_gl000191_random	1	450	106433	0.00422801
chr1_gl000192_random	0	537963	547496	0.982588
chr1_gl000192_random	1	9466	547496	0.0172896
chr1_gl000192_random	2	67	547496	0.000122375
chr4_ctg9_hap1	0	588226	590426	0.996274
chr4_ctg9_hap1	1	2200	590426	0.00372612
chr4_gl000193_random	0	185261	189789	0.976142
chr4_gl000193_random	1	4456	189789	0.0234787
chr4_gl000193_random	2	72	189789	0.000379369
chr4_gl000194_random	0	187134	191469	0.977359
chr4_gl000194_random	1	4320	191469	0.0225624
chr4_gl000194_random	2	15	191469	7.83417e-05
chr6_apd_hap1	0	4616440	4622290	0.998734
chr6_apd_hap1	1	5850	4622290	0.00126561
chr6_cox_hap2	0	4779830	4795371	0.996759
chr6_cox_hap2	1	15532	4795371	0.00323896
chr6_cox_hap2	2	9	4795371	1.87681e-06
chr6_dbb_hap3	0	4600194	4610396	0.997787
chr6_dbb_hap3	1	10154	4610396	0.00220241
chr6_dbb_hap3	2	48	4610396	1.04113e-05
chr6_mann_hap4	0	4671375	4683263	0.997462
chr6_mann_hap4	1	11826	4683263	0.00252516
chr6_mann_hap4	2	62	4683263	1.32386e-05
chr6_mcf_hap5	0	4824004	4833398	0.998056
chr6_mcf_hap5	1	9388	4833398	0.00194232
chr6_mcf_hap5	2	6	4833398	1.24136e-06
chr6_qbl_hap6	0	4600934	4611984	0.997604
chr6_qbl_hap6	1	11050	4611984	0.00239593
chr6_ssto_hap7	0	4916869	4928567	0.997626
chr6_ssto_hap7	1	11646	4928567	0.00236296
chr6_ssto_hap7	2	52	4928567	1.05507e-05
chr7_gl000195_random	0	177387	182896	0.969879
chr7_gl000195_random	1	5320	182896	0.0290876
chr7_gl000195_random	2	187	182896	0.00102244
chr7_gl000195_random	3	2	182896	1.09352e-05
chr8_gl000196_random	0	38664	38914	0.993576
chr8_gl000196_random	1	250	38914	0.00642442
chr8_gl000197_random	0	36925	37175	0.993275
chr8_gl000197_random	1	250	37175	0.00672495
chr9_gl000198_random	0	88332	90085	0.980541
chr9_gl000198_random	1	1706	90085	0.0189377
chr9_gl000198_random	2	47	90085	0.000521729
chr9_gl000199_random	0	154622	169874	0.910216
chr9_gl000199_random	1	12319	169874	0.0725185
chr9_gl000199_random	2	2119	169874	0.012474
chr9_gl000199_random	3	513	169874	0.00301989
chr9_gl000199_random	4	108	169874	0.000635765
chr9_gl000199_random	5	90	169874	0.000529804
chr9_gl000199_random	6	79	169874	0.000465051
chr9_gl000199_random	7	5	169874	2.94336e-05
chr9_gl000199_random	8	8	169874	4.70937e-05
chr9_gl000199_random	9	11	169874	6.47539e-05
chr9_gl000200_random	0	186485	187035	0.997059
chr9_gl000200_random	1	550	187035	0.00294063
chr9_gl000201_random	0	35848	36148	0.991701
chr9_gl000201_random	1	300	36148	0.00829921
chr11_gl000202_random	0	39753	40103	0.991272
chr11_gl000202_random	1	350	40103	0.00872753
chr17_ctg5_hap1	0	1671281	1680828	0.99432
chr17_ctg5_hap1	1	9544	1680828	0.00567815
chr17_ctg5_hap1	2	3	1680828	1.78483e-06
chr17_gl000203_random	0	37048	37498	0.987999
chr17_gl000203_random	1	450	37498	0.0120006
chr17_gl000204_random	0	79610	81310	0.979092
chr17_gl000204_random	1	1700	81310	0.0209076
chr17_gl000205_random	0	168715	174588	0.966361
chr17_gl000205_random	1	5746	174588	0.0329118
chr17_gl000205_random	2	127	174588	0.000727427
chr17_gl000206_random	0	40651	41001	0.991464
chr17_gl000206_random	1	350	41001	0.00853638
chr18_gl000207_random	0	4162	4262	0.976537
chr18_gl000207_random	1	100	4262	0.0234632
chr19_gl000208_random	0	86007	92689	0.927909
chr19_gl000208_random	1	5410	92689	0.0583672
chr19_gl000208_random	2	807	92689	0.00870654
chr19_gl000208_random	3	329	92689	0.0035495
chr19_gl000208_random	4	100	92689	0.00107888
chr19_gl000208_random	5	27	92689	0.000291297
chr19_gl000208_random	6	9	92689	9.70989e-05
chr19_gl000209_random	0	157493	159169	0.98947
chr19_gl000209_random	1	1652	159169	0.0103789
chr19_gl000209_random	2	24	159169	0.000150783
chr21_gl000210_random	0	27432	27682	0.990969
chr21_gl000210_random	1	250	27682	0.00903114
chrUn_gl000211	0	163566	166566	0.981989
chrUn_gl000211	1	3000	166566	0.0180109
chrUn_gl000212	0	184508	186858	0.987424
chrUn_gl000212	1	2350	186858	0.0125764
chrUn_gl000213	0	162789	164239	0.991171
chrUn_gl000213	1	1450	164239	0.0088286
chrUn_gl000214	0	127223	137718	0.923794
chrUn_gl000214	1	8644	137718	0.0627659
chrUn_gl000214	2	1266	137718	0.0091927
chrUn_gl000214	3	379	137718	0.002752
chrUn_gl000214	4	143	137718	0.00103835
chrUn_gl000214	5	63	137718	0.000457457
chrUn_gl000215	0	170695	172545	0.989278
chrUn_gl000215	1	1850	172545	0.0107218
chrUn_gl000216	0	164733	172294	0.956116
chrUn_gl000216	1	6542	172294	0.03797
chrUn_gl000216	2	721	172294	0.00418471
chrUn_gl000216	3	204	172294	0.00118402
chrUn_gl000216	4	37	172294	0.000214749
chrUn_gl000216	5	14	172294	8.12565e-05
chrUn_gl000216	6	27	172294	0.000156709
chrUn_gl000216	7	4	172294	2.32161e-05
chrUn_gl000216	8	12	172294	6.96484e-05
chrUn_gl000217	0	168899	172149	0.981121
chrUn_gl000217	1	3250	172149	0.018879
chrUn_gl000218	0	158367	161147	0.982749
chrUn_gl000218	1	2760	161147	0.0171272
chrUn_gl000218	2	20	161147	0.00012411
chrUn_gl000219	0	175199	179198	0.977684
chrUn_gl000219	1	3848	179198	0.0214735
chrUn_gl000219	2	151	179198	0.000842643
chrUn_gl000220	0	117796	161802	0.728026
chrUn_gl000220	1	23164	161802	0.143163
chrUn_gl000220	2	11691	161802	0.072255
chrUn_gl000220	3	5494	161802	0.0339551
chrUn_gl000220	4	2728	161802	0.0168601
chrUn_gl000220	5	707	161802	0.00436954
chrUn_gl000220	6	179	161802	0.00110629
chrUn_gl000220	7	43	161802	0.000265757
chrUn_gl000221	0	150565	155397	0.968905
chrUn_gl000221	1	4764	155397	0.030657
chrUn_gl000221	2	68	155397	0.000437589
chrUn_gl000222	0	184947	186861	0.989757
chrUn_gl000222	1	1878	186861	0.0100503
chrUn_gl000222	2	36	186861	0.000192657
chrUn_gl000223	0	179255	180455	0.99335
chrUn_gl000223	1	1200	180455	0.00664986
chrUn_gl000224	0	171408	179693	0.953894
chrUn_gl000224	1	7297	179693	0.0406081
chrUn_gl000224	2	961	179693	0.00534801
chrUn_gl000224	3	27	179693	0.000150256
chrUn_gl000225	0	196349	211173	0.929802
chrUn_gl000225	1	11888	211173	0.0562951
chrUn_gl000225	2	1884	211173	0.0089216
chrUn_gl000225	3	518	211173	0.00245297
chrUn_gl000225	4	327	211173	0.00154849
chrUn_gl000225	5	93	211173	0.000440397
chrUn_gl000225	6	10	211173	4.73545e-05
chrUn_gl000225	7	15	211173	7.10318e-05
chrUn_gl000225	8	12	211173	5.68254e-05
chrUn_gl000225	9	11	211173	5.209e-05
chrUn_gl000225	10	14	211173	6.62964e-05
chrUn_gl000225	11	13	211173	6.15609e-05
chrUn_gl000225	12	9	211173	4.26191e-05
chrUn_gl000225	13	14	211173	6.62964e-05
chrUn_gl000225	14	9	211173	4.26191e-05
chrUn_gl000225	15	4	211173	1.89418e-05
chrUn_gl000225	16	3	211173	1.42064e-05
chrUn_gl000226	0	1280	15008	0.0852878
chrUn_gl000226	1	1645	15008	0.109608
chrUn_gl000226	2	1970	15008	0.131263
chrUn_gl000226	3	2414	15008	0.160848
chrUn_gl000226	4	2588	15008	0.172441
chrUn_gl000226	5	1836	15008	0.122335
chrUn_gl000226	6	1241	15008	0.0826892
chrUn_gl000226	7	788	15008	0.0525053
chrUn_gl000226	8	544	15008	0.0362473
chrUn_gl000226	9	381	15008	0.0253865
chrUn_gl000226	10	181	15008	0.0120602
chrUn_gl000226	11	99	15008	0.00659648
chrUn_gl000226	12	34	15008	0.00226546
chrUn_gl000226	13	7	15008	0.000466418
chrUn_gl000227	0	127013	128374	0.989398
chrUn_gl000227	1	1322	128374	0.010298
chrUn_gl000227	2	39	128374	0.0003038
chrUn_gl000228	0	126697	129120	0.981234
chrUn_gl000228	1	1965	129120	0.0152184
chrUn_gl000228	2	203	129120	0.00157218
chrUn_gl000228	3	169	129120	0.00130886
chrUn_gl000228	4	62	129120	0.000480173
chrUn_gl000228	5	20	129120	0.000154895
chrUn_gl000228	6	4	129120	3.09789e-05
chrUn_gl000229	0	19211	19913	0.964747
chrUn_gl000229	1	654	19913	0.0328429
chrUn_gl000229	2	48	19913	0.00241049
chrUn_gl000230	0	43191	43691	0.988556
chrUn_gl000230	1	500	43691	0.011444
chrUn_gl000231	0	26736	27386	0.976265
chrUn_gl000231	1	650	27386	0.0237348
chrUn_gl000232	0	39284	40652	0.966349
chrUn_gl000232	1	1336	40652	0.0328643
chrUn_gl000232	2	32	40652	0.000787169
chrUn_gl000233	0	45741	45941	0.995647
chrUn_gl000233	1	200	45941	0.00435341
chrUn_gl000234	0	39192	40531	0.966964
chrUn_gl000234	1	1328	40531	0.032765
chrUn_gl000234	2	11	40531	0.000271397
chrUn_gl000235	0	34097	34474	0.989064
chrUn_gl000235	1	354	34474	0.0102686
chrUn_gl000235	2	23	34474	0.000667169
chrUn_gl000236	0	41434	41934	0.988077
chrUn_gl000236	1	500	41934	0.0119235
chrUn_gl000237	0	43578	45867	0.950095
chrUn_gl000237	1	2228	45867	0.0485752
chrUn_gl000237	2	61	45867	0.00132993
chrUn_gl000238	0	39689	39939	0.99374
chrUn_gl000238	1	250	39939	0.00625955
chrUn_gl000239	0	32574	33824	0.963044
chrUn_gl000239	1	1250	33824	0.036956
chrUn_gl000240	0	41433	41933	0.988076
chrUn_gl000240	1	500	41933	0.0119238
chrUn_gl000241	0	40450	42152	0.959622
chrUn_gl000241	1	1654	42152	0.0392389
chrUn_gl000241	2	48	42152	0.00113874
chrUn_gl000242	0	43373	43523	0.996554
chrUn_gl000242	1	150	43523	0.00344645
chrUn_gl000243	0	42191	43341	0.973466
chrUn_gl000243	1	1150	43341	0.0265338
chrUn_gl000244	0	39201	39929	0.981768
chrUn_gl000244	1	706	39929	0.0176814
chrUn_gl000244	2	22	39929	0.000550978
chrUn_gl000245	0	35354	36651	0.964612
chrUn_gl000245	1	1244	36651	0.0339418
chrUn_gl000245	2	53	36651	0.00144607
chrUn_gl000246	0	37854	38154	0.992137
chrUn_gl000246	1	300	38154	0.00786287
chrUn_gl000247	0	36016	36422	0.988853
chrUn_gl000247	1	362	36422	0.00993905
chrUn_gl000247	2	44	36422	0.00120806
chrUn_gl000248	0	39436	39786	0.991203
chrUn_gl000248	1	350	39786	0.00879706
chrUn_gl000249	0	38352	38502	0.996104
chrUn_gl000249	1	150	38502	0.0038959
genome	0	3097846361	3137161264	0.987468
genome	1	38861723	3137161264	0.0123875
genome	2	374761	3137161264	0.000119459
genome	3	30752	3137161264	9.80249e-06
genome	4	17378	3137161264	5.5394e-06
genome	5	10393	3137161264	3.31287e-06
genome	6	5808	3137161264	1.85136e-06
genome	7	3890	3137161264	1.23997e-06
genome	8	2693	3137161264	8.58419e-07
genome	9	1810	3137161264	5.76955e-07
genome	10	1333	3137161264	4.24906e-07
genome	11	1137	3137161264	3.6243e-07
genome	12	732	3137161264	2.33332e-07
genome	13	523	3137161264	1.66711e-07
genome	14	477	3137161264	1.52048e-07
genome	15	377	3137161264	1.20172e-07
genome	16	315	3137161264	1.00409e-07
genome	17	221	3137161264	7.04459e-08
genome	18	133	3137161264	4.2395e-08
genome	19	111	3137161264	3.53823e-08
genome	20	96	3137161264	3.06009e-08
genome	21	51	3137161264	1.62567e-08
genome	22	30	3137161264	9.56279e-09
genome	23	13	3137161264	4.14387e-09
genome	24	15	3137161264	4.78139e-09
genome	25	16	3137161264	5.10015e-09
genome	26	14	3137161264	4.46263e-09
genome	27	20	3137161264	6.37519e-09
genome	28	16	3137161264	5.10015e-09
genome	29	18	3137161264	5.73767e-09
genome	30	17	3137161264	5.41891e-09
genome	31	14	3137161264	4.46263e-09
genome	32	4	3137161264	1.27504e-09
genome	33	7	3137161264	2.23132e-09
genome	34	5	3137161264	1.5938e-09
