chrM	0	15477	16571	0.933981
chrM	1	1088	16571	0.0656569
chrM	2	6	16571	0.000362078
chr1	0	244918212	249250621	0.982618
chr1	1	4280828	249250621	0.0171748
chr1	2	49384	249250621	0.00019813
chr1	3	803	249250621	3.22166e-06
chr1	4	157	249250621	6.29888e-07
chr1	5	67	249250621	2.68806e-07
chr1	6	27	249250621	1.08325e-07
chr1	7	24	249250621	9.62886e-08
chr1	8	23	249250621	9.22766e-08
chr1	9	33	249250621	1.32397e-07
chr1	10	23	249250621	9.22766e-08
chr1	11	26	249250621	1.04313e-07
chr1	12	23	249250621	9.22766e-08
chr1	13	35	249250621	1.40421e-07
chr1	14	36	249250621	1.44433e-07
chr1	15	40	249250621	1.60481e-07
chr1	16	49	249250621	1.96589e-07
chr1	17	31	249250621	1.24373e-07
chr1	18	46	249250621	1.84553e-07
chr1	19	29	249250621	1.16349e-07
chr1	20	34	249250621	1.36409e-07
chr1	21	46	249250621	1.84553e-07
chr1	22	52	249250621	2.08625e-07
chr1	23	37	249250621	1.48445e-07
chr1	24	46	249250621	1.84553e-07
chr1	25	60	249250621	2.40722e-07
chr1	26	40	249250621	1.60481e-07
chr1	27	64	249250621	2.5677e-07
chr1	28	63	249250621	2.52758e-07
chr1	29	67	249250621	2.68806e-07
chr1	30	44	249250621	1.76529e-07
chr1	31	36	249250621	1.44433e-07
chr1	32	38	249250621	1.52457e-07
chr1	33	35	249250621	1.40421e-07
chr1	34	28	249250621	1.12337e-07
chr1	35	15	249250621	6.01804e-08
chr1	36	15	249250621	6.01804e-08
chr1	37	4	249250621	1.60481e-08
chr1	38	1	249250621	4.01203e-09
chr2	0	239149816	243199373	0.983349
chr2	1	4002586	243199373	0.016458
chr2	2	38982	243199373	0.000160288
chr2	3	3314	243199373	1.36267e-05
chr2	4	1867	243199373	7.67683e-06
chr2	5	1369	243199373	5.62913e-06
chr2	6	703	243199373	2.89063e-06
chr2	7	393	243199373	1.61596e-06
chr2	8	106	243199373	4.35856e-07
chr2	9	119	243199373	4.8931e-07
chr2	10	48	243199373	1.97369e-07
chr2	11	22	243199373	9.04608e-08
chr2	12	2	243199373	8.22371e-09
chr2	13	2	243199373	8.22371e-09
chr2	14	7	243199373	2.8783e-08
chr2	15	4	243199373	1.64474e-08
chr2	16	12	243199373	4.93422e-08
chr2	17	1	243199373	4.11185e-09
chr2	18	12	243199373	4.93422e-08
chr2	19	8	243199373	3.28948e-08
chr3	0	195202269	198022430	0.985758
chr3	1	2796385	198022430	0.0141216
chr3	2	23541	198022430	0.00011888
chr3	3	96	198022430	4.84794e-07
chr3	4	16	198022430	8.07989e-08
chr3	5	18	198022430	9.08988e-08
chr3	6	3	198022430	1.51498e-08
chr3	7	5	198022430	2.52497e-08
chr3	8	3	198022430	1.51498e-08
chr3	9	3	198022430	1.51498e-08
chr3	10	3	198022430	1.51498e-08
chr3	11	6	198022430	3.02996e-08
chr3	12	6	198022430	3.02996e-08
chr3	13	4	198022430	2.01997e-08
chr3	14	3	198022430	1.51498e-08
chr3	15	5	198022430	2.52497e-08
chr3	16	5	198022430	2.52497e-08
chr3	17	9	198022430	4.54494e-08
chr3	18	4	198022430	2.01997e-08
chr3	19	9	198022430	4.54494e-08
chr3	20	7	198022430	3.53495e-08
chr3	21	8	198022430	4.03995e-08
chr3	22	4	198022430	2.01997e-08
chr3	23	7	198022430	3.53495e-08
chr3	24	8	198022430	4.03995e-08
chr3	25	3	198022430	1.51498e-08
chr4	0	189434043	191154276	0.991001
chr4	1	1708148	191154276	0.00893597
chr4	2	11369	191154276	5.94755e-05
chr4	3	433	191154276	2.26519e-06
chr4	4	193	191154276	1.00966e-06
chr4	5	52	191154276	2.72032e-07
chr4	6	6	191154276	3.13883e-08
chr4	7	13	191154276	6.80079e-08
chr4	8	15	191154276	7.84706e-08
chr4	9	4	191154276	2.09255e-08
chr5	0	179011241	180915260	0.989476
chr5	1	1891489	180915260	0.0104551
chr5	2	12237	180915260	6.76394e-05
chr5	3	144	180915260	7.95953e-07
chr5	4	99	180915260	5.47217e-07
chr5	5	5	180915260	2.76372e-08
chr5	6	5	180915260	2.76372e-08
chr5	7	16	180915260	8.84392e-08
chr5	8	24	180915260	1.32659e-07
chr6	0	168186859	171115067	0.982888
chr6	1	2898278	171115067	0.0169376
chr6	2	25909	171115067	0.000151413
chr6	3	449	171115067	2.62397e-06
chr6	4	250	171115067	1.46101e-06
chr6	5	242	171115067	1.41425e-06
chr6	6	265	171115067	1.54867e-06
chr6	7	361	171115067	2.10969e-06
chr6	8	314	171115067	1.83502e-06
chr6	9	316	171115067	1.84671e-06
chr6	10	316	171115067	1.84671e-06
chr6	11	388	171115067	2.26748e-06
chr6	12	302	171115067	1.76489e-06
chr6	13	194	171115067	1.13374e-06
chr6	14	200	171115067	1.1688e-06
chr6	15	160	171115067	9.35043e-07
chr6	16	114	171115067	6.66218e-07
chr6	17	68	171115067	3.97393e-07
chr6	18	44	171115067	2.57137e-07
chr6	19	32	171115067	1.87009e-07
chr6	20	6	171115067	3.50641e-08
chr7	0	156493126	159138663	0.983376
chr7	1	2618791	159138663	0.016456
chr7	2	22960	159138663	0.000144277
chr7	3	720	159138663	4.52436e-06
chr7	4	575	159138663	3.6132e-06
chr7	5	306	159138663	1.92285e-06
chr7	6	327	159138663	2.05481e-06
chr7	7	245	159138663	1.53954e-06
chr7	8	181	159138663	1.13737e-06
chr7	9	117	159138663	7.35208e-07
chr7	10	129	159138663	8.10614e-07
chr7	11	156	159138663	9.80277e-07
chr7	12	109	159138663	6.84937e-07
chr7	13	131	159138663	8.23181e-07
chr7	14	98	159138663	6.15815e-07
chr7	15	90	159138663	5.65545e-07
chr7	16	95	159138663	5.96964e-07
chr7	17	97	159138663	6.09531e-07
chr7	18	73	159138663	4.58719e-07
chr7	19	54	159138663	3.39327e-07
chr7	20	42	159138663	2.63921e-07
chr7	21	19	159138663	1.19393e-07
chr7	22	25	159138663	1.57096e-07
chr7	23	41	159138663	2.57637e-07
chr7	24	41	159138663	2.57637e-07
chr7	25	31	159138663	1.94799e-07
chr7	26	20	159138663	1.25677e-07
chr7	27	19	159138663	1.19393e-07
chr7	28	13	159138663	8.16898e-08
chr7	29	4	159138663	2.51353e-08
chr7	30	11	159138663	6.91221e-08
chr7	31	6	159138663	3.7703e-08
chr7	32	10	159138663	6.28383e-08
chr7	33	1	159138663	6.28383e-09
chr8	0	144243718	146364022	0.985514
chr8	1	2092162	146364022	0.0142942
chr8	2	23028	146364022	0.000157334
chr8	3	2830	146364022	1.93354e-05
chr8	4	1227	146364022	8.38321e-06
chr8	5	516	146364022	3.52546e-06
chr8	6	222	146364022	1.51677e-06
chr8	7	156	146364022	1.06584e-06
chr8	8	91	146364022	6.21738e-07
chr8	9	31	146364022	2.11801e-07
chr8	10	5	146364022	3.41614e-08
chr8	11	1	146364022	6.83228e-09
chr8	12	9	146364022	6.14905e-08
chr8	13	10	146364022	6.83228e-08
chr8	14	16	146364022	1.09316e-07
chr9	0	139583551	141213431	0.988458
chr9	1	1617054	141213431	0.0114511
chr9	2	12148	141213431	8.60258e-05
chr9	3	291	141213431	2.06071e-06
chr9	4	69	141213431	4.88622e-07
chr9	5	94	141213431	6.65659e-07
chr9	6	87	141213431	6.16089e-07
chr9	7	46	141213431	3.25748e-07
chr9	8	48	141213431	3.39911e-07
chr9	9	27	141213431	1.912e-07
chr9	10	16	141213431	1.13304e-07
chr10	0	133842465	135534747	0.987514
chr10	1	1664554	135534747	0.0122814
chr10	2	16337	135534747	0.000120537
chr10	3	2056	135534747	1.51695e-05
chr10	4	1749	135534747	1.29044e-05
chr10	5	1142	135534747	8.42588e-06
chr10	6	1135	135534747	8.37424e-06
chr10	7	766	135534747	5.65169e-06
chr10	8	597	135534747	4.40477e-06
chr10	9	437	135534747	3.22427e-06
chr10	10	464	135534747	3.42348e-06
chr10	11	396	135534747	2.92176e-06
chr10	12	366	135534747	2.70041e-06
chr10	13	370	135534747	2.72993e-06
chr10	14	319	135534747	2.35364e-06
chr10	15	235	135534747	1.73387e-06
chr10	16	258	135534747	1.90357e-06
chr10	17	211	135534747	1.5568e-06
chr10	18	205	135534747	1.51253e-06
chr10	19	149	135534747	1.09935e-06
chr10	20	103	135534747	7.59953e-07
chr10	21	82	135534747	6.05011e-07
chr10	22	74	135534747	5.45985e-07
chr10	23	56	135534747	4.13178e-07
chr10	24	81	135534747	5.97633e-07
chr10	25	37	135534747	2.72993e-07
chr10	26	28	135534747	2.06589e-07
chr10	27	30	135534747	2.21345e-07
chr10	28	25	135534747	1.84455e-07
chr10	29	14	135534747	1.03295e-07
chr10	30	5	135534747	3.68909e-08
chr10	31	1	135534747	7.37818e-09
chr11	0	133587252	135006516	0.989487
chr11	1	1409416	135006516	0.0104396
chr11	2	8437	135006516	6.24933e-05
chr11	3	604	135006516	4.47386e-06
chr11	4	201	135006516	1.48882e-06
chr11	5	281	135006516	2.08138e-06
chr11	6	160	135006516	1.18513e-06
chr11	7	62	135006516	4.59237e-07
chr11	8	51	135006516	3.7776e-07
chr11	9	10	135006516	7.40705e-08
chr11	10	1	135006516	7.40705e-09
chr11	11	12	135006516	8.88846e-08
chr11	12	22	135006516	1.62955e-07
chr11	13	7	135006516	5.18494e-08
chr12	0	132530099	133851895	0.990125
chr12	1	1315026	133851895	0.00982449
chr12	2	6707	133851895	5.01076e-05
chr12	3	42	133851895	3.1378e-07
chr12	4	21	133851895	1.5689e-07
chr13	0	114017511	115169878	0.989994
chr13	1	1145320	115169878	0.00994461
chr13	2	7011	115169878	6.08753e-05
chr13	3	36	115169878	3.12582e-07
chr14	0	106558996	107349540	0.992636
chr14	1	786589	107349540	0.00732736
chr14	2	3954	107349540	3.68329e-05
chr14	3	1	107349540	9.31536e-09
chr15	0	101629727	102531392	0.991206
chr15	1	896535	102531392	0.00874401
chr15	2	5125	102531392	4.99847e-05
chr15	3	5	102531392	4.87656e-08
chr16	0	89161679	90354753	0.986796
chr16	1	1157563	90354753	0.0128113
chr16	2	19811	90354753	0.000219258
chr16	3	5947	90354753	6.58183e-05
chr16	4	3728	90354753	4.12596e-05
chr16	5	2427	90354753	2.68608e-05
chr16	6	1448	90354753	1.60257e-05
chr16	7	958	90354753	1.06027e-05
chr16	8	695	90354753	7.6919e-06
chr16	9	275	90354753	3.04356e-06
chr16	10	114	90354753	1.26169e-06
chr16	11	90	90354753	9.96074e-07
chr16	12	16	90354753	1.7708e-07
chr16	13	2	90354753	2.2135e-08
chr17	0	80311360	81195210	0.989115
chr17	1	875765	81195210	0.0107859
chr17	2	7604	81195210	9.36508e-05
chr17	3	346	81195210	4.26134e-06
chr17	4	68	81195210	8.37488e-07
chr17	5	42	81195210	5.17272e-07
chr17	6	18	81195210	2.21688e-07
chr17	7	7	81195210	8.6212e-08
chr18	0	76796196	78077248	0.983592
chr18	1	1267991	78077248	0.0162402
chr18	2	11443	78077248	0.00014656
chr18	3	693	78077248	8.87583e-06
chr18	4	406	78077248	5.19998e-06
chr18	5	180	78077248	2.30541e-06
chr18	6	122	78077248	1.56256e-06
chr18	7	67	78077248	8.58125e-07
chr18	8	67	78077248	8.58125e-07
chr18	9	34	78077248	4.35466e-07
chr18	10	24	78077248	3.07388e-07
chr18	11	13	78077248	1.66502e-07
chr18	12	12	78077248	1.53694e-07
chr19	0	58180963	59128983	0.983967
chr19	1	927712	59128983	0.0156896
chr19	2	17599	59128983	0.000297637
chr19	3	795	59128983	1.34452e-05
chr19	4	349	59128983	5.90235e-06
chr19	5	259	59128983	4.38025e-06
chr19	6	211	59128983	3.56847e-06
chr19	7	190	59128983	3.21331e-06
chr19	8	267	59128983	4.51555e-06
chr19	9	177	59128983	2.99346e-06
chr19	10	88	59128983	1.48827e-06
chr19	11	63	59128983	1.06547e-06
chr19	12	64	59128983	1.08238e-06
chr19	13	20	59128983	3.38244e-07
chr19	14	16	59128983	2.70595e-07
chr19	15	25	59128983	4.22805e-07
chr19	16	14	59128983	2.36771e-07
chr19	17	8	59128983	1.35297e-07
chr19	18	23	59128983	3.8898e-07
chr19	19	20	59128983	3.38244e-07
chr19	20	23	59128983	3.8898e-07
chr19	21	18	59128983	3.04419e-07
chr19	22	18	59128983	3.04419e-07
chr19	23	12	59128983	2.02946e-07
chr19	24	7	59128983	1.18385e-07
chr19	25	5	59128983	8.45609e-08
chr19	26	6	59128983	1.01473e-07
chr19	27	9	59128983	1.5221e-07
chr19	28	11	59128983	1.86034e-07
chr19	29	6	59128983	1.01473e-07
chr19	30	4	59128983	6.76487e-08
chr19	31	1	59128983	1.69122e-08
chr20	0	62169241	63025520	0.986414
chr20	1	849334	63025520	0.013476
chr20	2	6819	63025520	0.000108194
chr20	3	126	63025520	1.99919e-06
chr21	0	47658386	48129895	0.990203
chr21	1	467313	48129895	0.00970941
chr21	2	4035	48129895	8.38356e-05
chr21	3	116	48129895	2.41014e-06
chr21	4	6	48129895	1.24663e-07
chr21	5	39	48129895	8.10307e-07
chr22	0	50986142	51304566	0.993793
chr22	1	316867	51304566	0.00617619
chr22	2	1482	51304566	2.88863e-05
chr22	3	21	51304566	4.0932e-07
chr22	4	2	51304566	3.89829e-08
chr22	5	2	51304566	3.89829e-08
chr22	6	2	51304566	3.89829e-08
chr22	7	2	51304566	3.89829e-08
chr22	8	5	51304566	9.74572e-08
chr22	9	5	51304566	9.74572e-08
chr22	10	19	51304566	3.70337e-07
chr22	11	17	51304566	3.31354e-07
chrX	0	153800463	155270560	0.990532
chrX	1	1456831	155270560	0.00938253
chrX	2	11621	155270560	7.48435e-05
chrX	3	1367	155270560	8.80399e-06
chrX	4	225	155270560	1.44908e-06
chrX	5	42	155270560	2.70496e-07
chrX	6	11	155270560	7.08441e-08
chrY	0	59312179	59373566	0.998966
chrY	1	58987	59373566	0.000993489
chrY	2	1799	59373566	3.02997e-05
chrY	3	333	59373566	5.60856e-06
chrY	4	127	59373566	2.139e-06
chrY	5	88	59373566	1.48214e-06
chrY	6	53	59373566	8.92653e-07
chr1_gl000191_random	0	105783	106433	0.993893
chr1_gl000191_random	1	650	106433	0.00610713
chr1_gl000192_random	0	531576	547496	0.970922
chr1_gl000192_random	1	15640	547496	0.0285664
chr1_gl000192_random	2	280	547496	0.000511419
chr4_ctg9_hap1	0	587776	590426	0.995512
chr4_ctg9_hap1	1	2650	590426	0.00448828
chr4_gl000193_random	0	186707	189789	0.983761
chr4_gl000193_random	1	3064	189789	0.0161442
chr4_gl000193_random	2	18	189789	9.48422e-05
chr4_gl000194_random	0	186255	191469	0.972768
chr4_gl000194_random	1	5128	191469	0.0267824
chr4_gl000194_random	2	86	191469	0.000449159
chr6_apd_hap1	0	4615590	4622290	0.99855
chr6_apd_hap1	1	6700	4622290	0.0014495
chr6_cox_hap2	0	4778321	4795371	0.996444
chr6_cox_hap2	1	17050	4795371	0.00355551
chr6_dbb_hap3	0	4597500	4610396	0.997203
chr6_dbb_hap3	1	12842	4610396	0.00278544
chr6_dbb_hap3	2	54	4610396	1.17127e-05
chr6_mann_hap4	0	4670663	4683263	0.99731
chr6_mann_hap4	1	12600	4683263	0.00269043
chr6_mcf_hap5	0	4820877	4833398	0.997409
chr6_mcf_hap5	1	12492	4833398	0.00258452
chr6_mcf_hap5	2	29	4833398	5.99992e-06
chr6_qbl_hap6	0	4597783	4611984	0.996921
chr6_qbl_hap6	1	14102	4611984	0.00305769
chr6_qbl_hap6	2	99	4611984	2.14658e-05
chr6_ssto_hap7	0	4914609	4928567	0.997168
chr6_ssto_hap7	1	13916	4928567	0.00282354
chr6_ssto_hap7	2	42	4928567	8.52175e-06
chr7_gl000195_random	0	176207	182896	0.963427
chr7_gl000195_random	1	6478	182896	0.035419
chr7_gl000195_random	2	211	182896	0.00115366
chr8_gl000196_random	0	38714	38914	0.99486
chr8_gl000196_random	1	200	38914	0.00513954
chr8_gl000197_random	0	37025	37175	0.995965
chr8_gl000197_random	1	150	37175	0.00403497
chr9_gl000198_random	0	86388	90085	0.958961
chr9_gl000198_random	1	3594	90085	0.0398957
chr9_gl000198_random	2	103	90085	0.00114336
chr9_gl000199_random	0	153575	169874	0.904052
chr9_gl000199_random	1	13488	169874	0.0794
chr9_gl000199_random	2	1788	169874	0.0105254
chr9_gl000199_random	3	420	169874	0.00247242
chr9_gl000199_random	4	266	169874	0.00156587
chr9_gl000199_random	5	139	169874	0.000818254
chr9_gl000199_random	6	61	169874	0.00035909
chr9_gl000199_random	7	53	169874	0.000311996
chr9_gl000199_random	8	42	169874	0.000247242
chr9_gl000199_random	9	2	169874	1.17734e-05
chr9_gl000199_random	10	11	169874	6.47539e-05
chr9_gl000199_random	11	3	169874	1.76601e-05
chr9_gl000199_random	12	12	169874	7.06406e-05
chr9_gl000199_random	13	7	169874	4.1207e-05
chr9_gl000199_random	14	7	169874	4.1207e-05
chr9_gl000200_random	0	185935	187035	0.994119
chr9_gl000200_random	1	1100	187035	0.00588125
chr9_gl000201_random	0	35848	36148	0.991701
chr9_gl000201_random	1	300	36148	0.00829921
chr11_gl000202_random	0	39953	40103	0.99626
chr11_gl000202_random	1	150	40103	0.00374037
chr17_ctg5_hap1	0	1672151	1680828	0.994838
chr17_ctg5_hap1	1	8654	1680828	0.00514865
chr17_ctg5_hap1	2	23	1680828	1.36837e-05
chr17_gl000203_random	0	37048	37498	0.987999
chr17_gl000203_random	1	450	37498	0.0120006
chr17_gl000204_random	0	79427	81310	0.976842
chr17_gl000204_random	1	1866	81310	0.0229492
chr17_gl000204_random	2	17	81310	0.000209076
chr17_gl000205_random	0	168163	174588	0.963199
chr17_gl000205_random	1	6250	174588	0.0357986
chr17_gl000205_random	2	175	174588	0.00100236
chr17_gl000206_random	0	40551	41001	0.989025
chr17_gl000206_random	1	450	41001	0.0109753
chr19_gl000208_random	0	86937	92689	0.937943
chr19_gl000208_random	1	4727	92689	0.0509985
chr19_gl000208_random	2	647	92689	0.00698033
chr19_gl000208_random	3	214	92689	0.0023088
chr19_gl000208_random	4	61	92689	0.000658115
chr19_gl000208_random	5	76	92689	0.000819946
chr19_gl000208_random	6	26	92689	0.000280508
chr19_gl000208_random	7	1	92689	1.07888e-05
chr19_gl000209_random	0	157869	159169	0.991833
chr19_gl000209_random	1	1300	159169	0.00816742
chr21_gl000210_random	0	27282	27682	0.98555
chr21_gl000210_random	1	400	27682	0.0144498
chrUn_gl000211	0	163663	166566	0.982571
chrUn_gl000211	1	2856	166566	0.0171464
chrUn_gl000211	2	47	166566	0.00028217
chrUn_gl000212	0	184099	186858	0.985235
chrUn_gl000212	1	2718	186858	0.0145458
chrUn_gl000212	2	41	186858	0.000219418
chrUn_gl000213	0	162839	164239	0.991476
chrUn_gl000213	1	1400	164239	0.00852416
chrUn_gl000214	0	126394	137718	0.917774
chrUn_gl000214	1	9206	137718	0.0668467
chrUn_gl000214	2	1346	137718	0.0097736
chrUn_gl000214	3	520	137718	0.00377583
chrUn_gl000214	4	141	137718	0.00102383
chrUn_gl000214	5	65	137718	0.000471979
chrUn_gl000214	6	27	137718	0.000196053
chrUn_gl000214	7	11	137718	7.98734e-05
chrUn_gl000214	8	8	137718	5.80897e-05
chrUn_gl000215	0	171445	172545	0.993625
chrUn_gl000215	1	1100	172545	0.00637515
chrUn_gl000216	0	163260	172294	0.947566
chrUn_gl000216	1	7531	172294	0.0437102
chrUn_gl000216	2	911	172294	0.00528747
chrUn_gl000216	3	282	172294	0.00163674
chrUn_gl000216	4	90	172294	0.000522363
chrUn_gl000216	5	76	172294	0.000441106
chrUn_gl000216	6	16	172294	9.28645e-05
chrUn_gl000216	7	16	172294	9.28645e-05
chrUn_gl000216	8	19	172294	0.000110277
chrUn_gl000216	9	62	172294	0.00035985
chrUn_gl000216	10	5	172294	2.90202e-05
chrUn_gl000216	11	21	172294	0.000121885
chrUn_gl000216	12	3	172294	1.74121e-05
chrUn_gl000216	13	2	172294	1.16081e-05
chrUn_gl000217	0	168599	172149	0.979378
chrUn_gl000217	1	3550	172149	0.0206217
chrUn_gl000218	0	157686	161147	0.978523
chrUn_gl000218	1	3422	161147	0.0212353
chrUn_gl000218	2	39	161147	0.000242015
chrUn_gl000219	0	176035	179198	0.982349
chrUn_gl000219	1	3026	179198	0.0168863
chrUn_gl000219	2	137	179198	0.000764517
chrUn_gl000220	0	123334	161802	0.762253
chrUn_gl000220	1	22672	161802	0.140122
chrUn_gl000220	2	8491	161802	0.0524777
chrUn_gl000220	3	4677	161802	0.0289057
chrUn_gl000220	4	1690	161802	0.0104449
chrUn_gl000220	5	624	161802	0.00385657
chrUn_gl000220	6	229	161802	0.00141531
chrUn_gl000220	7	69	161802	0.000426447
chrUn_gl000220	8	16	161802	9.88863e-05
chrUn_gl000221	0	151347	155397	0.973938
chrUn_gl000221	1	4050	155397	0.0260623
chrUn_gl000222	0	184561	186861	0.987691
chrUn_gl000222	1	2300	186861	0.0123086
chrUn_gl000223	0	179705	180455	0.995844
chrUn_gl000223	1	750	180455	0.00415616
chrUn_gl000224	0	171984	179693	0.957099
chrUn_gl000224	1	6485	179693	0.0360893
chrUn_gl000224	2	1078	179693	0.00599912
chrUn_gl000224	3	125	179693	0.000695631
chrUn_gl000224	4	21	179693	0.000116866
chrUn_gl000225	0	193190	211173	0.914842
chrUn_gl000225	1	13939	211173	0.0660075
chrUn_gl000225	2	2533	211173	0.0119949
chrUn_gl000225	3	584	211173	0.00276551
chrUn_gl000225	4	408	211173	0.00193207
chrUn_gl000225	5	214	211173	0.00101339
chrUn_gl000225	6	111	211173	0.000525635
chrUn_gl000225	7	60	211173	0.000284127
chrUn_gl000225	8	11	211173	5.209e-05
chrUn_gl000225	9	25	211173	0.000118386
chrUn_gl000225	10	23	211173	0.000108915
chrUn_gl000225	11	56	211173	0.000265185
chrUn_gl000225	12	4	211173	1.89418e-05
chrUn_gl000225	13	12	211173	5.68254e-05
chrUn_gl000225	14	3	211173	1.42064e-05
chrUn_gl000226	0	768	15008	0.0511727
chrUn_gl000226	1	927	15008	0.0617671
chrUn_gl000226	2	1245	15008	0.0829558
chrUn_gl000226	3	1766	15008	0.117671
chrUn_gl000226	4	2168	15008	0.144456
chrUn_gl000226	5	2029	15008	0.135195
chrUn_gl000226	6	1651	15008	0.110008
chrUn_gl000226	7	1231	15008	0.0820229
chrUn_gl000226	8	1017	15008	0.0677639
chrUn_gl000226	9	809	15008	0.0539046
chrUn_gl000226	10	550	15008	0.0366471
chrUn_gl000226	11	409	15008	0.0272521
chrUn_gl000226	12	200	15008	0.0133262
chrUn_gl000226	13	123	15008	0.00819563
chrUn_gl000226	14	58	15008	0.00386461
chrUn_gl000226	15	18	15008	0.00119936
chrUn_gl000226	16	25	15008	0.00166578
chrUn_gl000226	17	4	15008	0.000266525
chrUn_gl000226	18	10	15008	0.000666311
chrUn_gl000227	0	127124	128374	0.990263
chrUn_gl000227	1	1250	128374	0.00973717
chrUn_gl000228	0	126374	129120	0.978733
chrUn_gl000228	1	2243	129120	0.0173714
chrUn_gl000228	2	229	129120	0.00177354
chrUn_gl000228	3	164	129120	0.00127014
chrUn_gl000228	4	19	129120	0.00014715
chrUn_gl000228	5	26	129120	0.000201363
chrUn_gl000228	6	13	129120	0.000100682
chrUn_gl000228	7	25	129120	0.000193618
chrUn_gl000228	8	10	129120	7.74473e-05
chrUn_gl000228	9	4	129120	3.09789e-05
chrUn_gl000228	10	11	129120	8.51921e-05
chrUn_gl000228	11	2	129120	1.54895e-05
chrUn_gl000229	0	19050	19913	0.956661
chrUn_gl000229	1	826	19913	0.0414804
chrUn_gl000229	2	37	19913	0.00185808
chrUn_gl000230	0	43291	43691	0.990845
chrUn_gl000230	1	400	43691	0.0091552
chrUn_gl000231	0	26525	27386	0.968561
chrUn_gl000231	1	822	27386	0.0300153
chrUn_gl000231	2	39	27386	0.00142409
chrUn_gl000232	0	39532	40652	0.972449
chrUn_gl000232	1	1090	40652	0.0268129
chrUn_gl000232	2	30	40652	0.000737971
chrUn_gl000233	0	45541	45941	0.991293
chrUn_gl000233	1	400	45941	0.00870682
chrUn_gl000234	0	39681	40531	0.979028
chrUn_gl000234	1	850	40531	0.0209716
chrUn_gl000235	0	33908	34474	0.983582
chrUn_gl000235	1	482	34474	0.0139816
chrUn_gl000235	2	84	34474	0.00243662
chrUn_gl000236	0	41384	41934	0.986884
chrUn_gl000236	1	550	41934	0.0131158
chrUn_gl000237	0	44231	45867	0.964332
chrUn_gl000237	1	1622	45867	0.0353631
chrUn_gl000237	2	14	45867	0.00030523
chrUn_gl000238	0	39689	39939	0.99374
chrUn_gl000238	1	250	39939	0.00625955
chrUn_gl000239	0	32909	33824	0.972948
chrUn_gl000239	1	880	33824	0.026017
chrUn_gl000239	2	35	33824	0.00103477
chrUn_gl000240	0	41502	41933	0.989722
chrUn_gl000240	1	362	41933	0.00863282
chrUn_gl000240	2	69	41933	0.00164548
chrUn_gl000241	0	40752	42152	0.966787
chrUn_gl000241	1	1400	42152	0.0332131
chrUn_gl000242	0	43273	43523	0.994256
chrUn_gl000242	1	250	43523	0.00574409
chrUn_gl000243	0	42382	43341	0.977873
chrUn_gl000243	1	918	43341	0.0211809
chrUn_gl000243	2	41	43341	0.000945986
chrUn_gl000244	0	39029	39929	0.97746
chrUn_gl000244	1	900	39929	0.02254
chrUn_gl000245	0	35751	36651	0.975444
chrUn_gl000245	1	900	36651	0.0245559
chrUn_gl000246	0	38054	38154	0.997379
chrUn_gl000246	1	100	38154	0.00262096
chrUn_gl000247	0	35722	36422	0.980781
chrUn_gl000247	1	700	36422	0.0192192
chrUn_gl000248	0	39586	39786	0.994973
chrUn_gl000248	1	200	39786	0.00502689
chrUn_gl000249	0	38302	38502	0.994805
chrUn_gl000249	1	200	38502	0.00519454
chr18_gl000207_random	0	4262	4262	1
genome	0	3097934247	3137161264	0.987496
genome	1	38772530	3137161264	0.0123591
genome	2	369366	3137161264	0.000117739
genome	3	30320	3137161264	9.66479e-06
genome	4	16199	3137161264	5.16359e-06
genome	5	10420	3137161264	3.32147e-06
genome	6	6939	3137161264	2.21187e-06
genome	7	4777	3137161264	1.52271e-06
genome	8	3610	3137161264	1.15072e-06
genome	9	2490	3137161264	7.93711e-07
genome	10	1850	3137161264	5.89705e-07
genome	11	1681	3137161264	5.35835e-07
genome	12	1150	3137161264	3.66573e-07
genome	13	919	3137161264	2.9294e-07
genome	14	763	3137161264	2.43214e-07
genome	15	577	3137161264	1.83924e-07
genome	16	572	3137161264	1.8233e-07
genome	17	429	3137161264	1.36748e-07
genome	18	417	3137161264	1.32923e-07
genome	19	301	3137161264	9.59466e-08
genome	20	215	3137161264	6.85333e-08
genome	21	173	3137161264	5.51454e-08
genome	22	173	3137161264	5.51454e-08
genome	23	153	3137161264	4.87702e-08
genome	24	183	3137161264	5.8333e-08
genome	25	136	3137161264	4.33513e-08
genome	26	94	3137161264	2.99634e-08
genome	27	122	3137161264	3.88887e-08
genome	28	112	3137161264	3.57011e-08
genome	29	91	3137161264	2.90071e-08
genome	30	64	3137161264	2.04006e-08
genome	31	44	3137161264	1.40254e-08
genome	32	48	3137161264	1.53005e-08
genome	33	36	3137161264	1.14753e-08
genome	34	28	3137161264	8.92527e-09
genome	35	15	3137161264	4.78139e-09
genome	36	15	3137161264	4.78139e-09
genome	37	4	3137161264	1.27504e-09
genome	38	1	3137161264	3.1876e-10
