chrM	0	14822	16571	0.894454
chrM	1	1598	16571	0.0964335
chrM	2	151	16571	0.00911231
chr1	0	244994352	249250621	0.982924
chr1	1	4210001	249250621	0.0168906
chr1	2	44308	249250621	0.000177765
chr1	3	528	249250621	2.11835e-06
chr1	4	99	249250621	3.97191e-07
chr1	5	129	249250621	5.17551e-07
chr1	6	72	249250621	2.88866e-07
chr1	7	21	249250621	8.42525e-08
chr1	8	31	249250621	1.24373e-07
chr1	9	26	249250621	1.04313e-07
chr1	10	20	249250621	8.02405e-08
chr1	11	29	249250621	1.16349e-07
chr1	12	44	249250621	1.76529e-07
chr1	13	38	249250621	1.52457e-07
chr1	14	48	249250621	1.92577e-07
chr1	15	60	249250621	2.40722e-07
chr1	16	65	249250621	2.60782e-07
chr1	17	91	249250621	3.65094e-07
chr1	18	72	249250621	2.88866e-07
chr1	19	92	249250621	3.69106e-07
chr1	20	53	249250621	2.12637e-07
chr1	21	51	249250621	2.04613e-07
chr1	22	38	249250621	1.52457e-07
chr1	23	51	249250621	2.04613e-07
chr1	24	29	249250621	1.16349e-07
chr1	25	25	249250621	1.00301e-07
chr1	26	30	249250621	1.20361e-07
chr1	27	35	249250621	1.40421e-07
chr1	28	36	249250621	1.44433e-07
chr1	29	31	249250621	1.24373e-07
chr1	30	24	249250621	9.62886e-08
chr1	31	26	249250621	1.04313e-07
chr1	32	20	249250621	8.02405e-08
chr1	33	15	249250621	6.01804e-08
chr1	34	8	249250621	3.20962e-08
chr1	35	10	249250621	4.01203e-08
chr1	36	7	249250621	2.80842e-08
chr1	37	3	249250621	1.20361e-08
chr1	38	3	249250621	1.20361e-08
chr2	0	240015036	243199373	0.986906
chr2	1	3152868	243199373	0.0129641
chr2	2	24484	243199373	0.000100675
chr2	3	3160	243199373	1.29935e-05
chr2	4	1840	243199373	7.56581e-06
chr2	5	1039	243199373	4.27221e-06
chr2	6	379	243199373	1.55839e-06
chr2	7	225	243199373	9.25167e-07
chr2	8	96	243199373	3.94738e-07
chr2	9	78	243199373	3.20724e-07
chr2	10	30	243199373	1.23356e-07
chr2	11	29	243199373	1.19244e-07
chr2	12	31	243199373	1.27467e-07
chr2	13	19	243199373	7.81252e-08
chr2	14	7	243199373	2.8783e-08
chr2	15	6	243199373	2.46711e-08
chr2	16	19	243199373	7.81252e-08
chr2	17	14	243199373	5.75659e-08
chr2	18	5	243199373	2.05593e-08
chr2	19	8	243199373	3.28948e-08
chr3	0	194801565	198022430	0.983735
chr3	1	3186132	198022430	0.0160898
chr3	2	34256	198022430	0.000172991
chr3	3	338	198022430	1.70688e-06
chr3	4	29	198022430	1.46448e-07
chr3	5	2	198022430	1.00999e-08
chr3	6	2	198022430	1.00999e-08
chr3	7	10	198022430	5.04993e-08
chr3	8	4	198022430	2.01997e-08
chr3	9	9	198022430	4.54494e-08
chr3	10	5	198022430	2.52497e-08
chr3	11	7	198022430	3.53495e-08
chr3	12	8	198022430	4.03995e-08
chr3	13	7	198022430	3.53495e-08
chr3	14	2	198022430	1.00999e-08
chr3	15	7	198022430	3.53495e-08
chr3	16	6	198022430	3.02996e-08
chr3	17	18	198022430	9.08988e-08
chr3	18	17	198022430	8.58489e-08
chr3	19	4	198022430	2.01997e-08
chr3	20	2	198022430	1.00999e-08
chr4	0	189355736	191154276	0.990591
chr4	1	1787987	191154276	0.00935363
chr4	2	9503	191154276	4.97138e-05
chr4	3	760	191154276	3.97585e-06
chr4	4	130	191154276	6.80079e-07
chr4	5	88	191154276	4.60361e-07
chr4	6	26	191154276	1.36016e-07
chr4	7	7	191154276	3.66196e-08
chr4	8	39	191154276	2.04024e-07
chr5	0	179055858	180915260	0.989722
chr5	1	1849632	180915260	0.0102237
chr5	2	9501	180915260	5.25163e-05
chr5	3	86	180915260	4.75361e-07
chr5	4	94	180915260	5.1958e-07
chr5	5	2	180915260	1.10549e-08
chr5	6	87	180915260	4.80888e-07
chr6	0	168516562	171115067	0.984814
chr6	1	2574846	171115067	0.0150475
chr6	2	19541	171115067	0.000114198
chr6	3	421	171115067	2.46033e-06
chr6	4	285	171115067	1.66555e-06
chr6	5	312	171115067	1.82333e-06
chr6	6	368	171115067	2.1506e-06
chr6	7	419	171115067	2.44864e-06
chr6	8	272	171115067	1.58957e-06
chr6	9	363	171115067	2.12138e-06
chr6	10	413	171115067	2.41358e-06
chr6	11	425	171115067	2.48371e-06
chr6	12	332	171115067	1.94021e-06
chr6	13	212	171115067	1.23893e-06
chr6	14	124	171115067	7.24659e-07
chr6	15	72	171115067	4.20769e-07
chr6	16	55	171115067	3.21421e-07
chr6	17	29	171115067	1.69477e-07
chr6	18	13	171115067	7.59723e-08
chr6	19	3	171115067	1.75321e-08
chr7	0	156411631	159138663	0.982864
chr7	1	2700507	159138663	0.0169695
chr7	2	22961	159138663	0.000144283
chr7	3	591	159138663	3.71374e-06
chr7	4	345	159138663	2.16792e-06
chr7	5	380	159138663	2.38785e-06
chr7	6	236	159138663	1.48298e-06
chr7	7	276	159138663	1.73434e-06
chr7	8	146	159138663	9.17439e-07
chr7	9	171	159138663	1.07453e-06
chr7	10	200	159138663	1.25677e-06
chr7	11	244	159138663	1.53325e-06
chr7	12	193	159138663	1.21278e-06
chr7	13	131	159138663	8.23181e-07
chr7	14	138	159138663	8.67168e-07
chr7	15	121	159138663	7.60343e-07
chr7	16	82	159138663	5.15274e-07
chr7	17	46	159138663	2.89056e-07
chr7	18	52	159138663	3.26759e-07
chr7	19	32	159138663	2.01083e-07
chr7	20	30	159138663	1.88515e-07
chr7	21	20	159138663	1.25677e-07
chr7	22	28	159138663	1.75947e-07
chr7	23	25	159138663	1.57096e-07
chr7	24	26	159138663	1.6338e-07
chr7	25	9	159138663	5.65545e-08
chr7	26	5	159138663	3.14191e-08
chr7	27	5	159138663	3.14191e-08
chr7	28	13	159138663	8.16898e-08
chr7	29	4	159138663	2.51353e-08
chr7	30	3	159138663	1.88515e-08
chr7	31	6	159138663	3.7703e-08
chr7	32	4	159138663	2.51353e-08
chr7	33	2	159138663	1.25677e-08
chr8	0	143755859	146364022	0.98218
chr8	1	2572451	146364022	0.0175757
chr8	2	30868	146364022	0.000210899
chr8	3	2625	146364022	1.79347e-05
chr8	4	1170	146364022	7.99377e-06
chr8	5	494	146364022	3.37515e-06
chr8	6	278	146364022	1.89937e-06
chr8	7	150	146364022	1.02484e-06
chr8	8	46	146364022	3.14285e-07
chr8	9	39	146364022	2.66459e-07
chr8	10	14	146364022	9.56519e-08
chr8	11	3	146364022	2.04968e-08
chr8	12	9	146364022	6.14905e-08
chr8	13	4	146364022	2.73291e-08
chr8	14	12	146364022	8.19874e-08
chr9	0	139690517	141213431	0.989216
chr9	1	1512394	141213431	0.01071
chr9	2	9826	141213431	6.95826e-05
chr9	3	283	141213431	2.00406e-06
chr9	4	110	141213431	7.78963e-07
chr9	5	143	141213431	1.01265e-06
chr9	6	67	141213431	4.74459e-07
chr9	7	56	141213431	3.96563e-07
chr9	8	9	141213431	6.37333e-08
chr9	9	26	141213431	1.84118e-07
chr10	0	133820525	135534747	0.987352
chr10	1	1688283	135534747	0.0124565
chr10	2	15576	135534747	0.000114923
chr10	3	2134	135534747	1.5745e-05
chr10	4	1642	135534747	1.2115e-05
chr10	5	1067	135534747	7.87252e-06
chr10	6	905	135534747	6.67725e-06
chr10	7	605	135534747	4.4638e-06
chr10	8	584	135534747	4.30886e-06
chr10	9	671	135534747	4.95076e-06
chr10	10	611	135534747	4.50807e-06
chr10	11	478	135534747	3.52677e-06
chr10	12	335	135534747	2.47169e-06
chr10	13	275	135534747	2.029e-06
chr10	14	244	135534747	1.80028e-06
chr10	15	214	135534747	1.57893e-06
chr10	16	146	135534747	1.07721e-06
chr10	17	101	135534747	7.45196e-07
chr10	18	115	135534747	8.48491e-07
chr10	19	68	135534747	5.01716e-07
chr10	20	38	135534747	2.80371e-07
chr10	21	31	135534747	2.28724e-07
chr10	22	26	135534747	1.91833e-07
chr10	23	17	135534747	1.25429e-07
chr10	24	10	135534747	7.37818e-08
chr10	25	7	135534747	5.16473e-08
chr10	26	8	135534747	5.90255e-08
chr10	27	8	135534747	5.90255e-08
chr10	28	9	135534747	6.64036e-08
chr10	29	7	135534747	5.16473e-08
chr10	30	5	135534747	3.68909e-08
chr10	31	2	135534747	1.47564e-08
chr11	0	133585555	135006516	0.989475
chr11	1	1411772	135006516	0.0104571
chr11	2	7822	135006516	5.79379e-05
chr11	3	558	135006516	4.13313e-06
chr11	4	234	135006516	1.73325e-06
chr11	5	179	135006516	1.32586e-06
chr11	6	168	135006516	1.24438e-06
chr11	7	104	135006516	7.70333e-07
chr11	8	76	135006516	5.62936e-07
chr11	9	45	135006516	3.33317e-07
chr11	10	3	135006516	2.22212e-08
chr12	0	132502638	133851895	0.98992
chr12	1	1343152	133851895	0.0100346
chr12	2	5939	133851895	4.43699e-05
chr12	3	86	133851895	6.42501e-07
chr12	4	38	133851895	2.83896e-07
chr12	5	42	133851895	3.1378e-07
chr13	0	113970436	115169878	0.989585
chr13	1	1193149	115169878	0.0103599
chr13	2	6278	115169878	5.45108e-05
chr13	3	15	115169878	1.30242e-07
chr14	0	106525439	107349540	0.992323
chr14	1	820402	107349540	0.00764234
chr14	2	3699	107349540	3.44575e-05
chr15	0	101553348	102531392	0.990461
chr15	1	971187	102531392	0.00947209
chr15	2	6708	102531392	6.54239e-05
chr15	3	149	102531392	1.45321e-06
chr16	0	89215554	90354753	0.987392
chr16	1	1106180	90354753	0.0122426
chr16	2	17236	90354753	0.000190759
chr16	3	5492	90354753	6.07826e-05
chr16	4	4179	90354753	4.6251e-05
chr16	5	2809	90354753	3.10886e-05
chr16	6	1725	90354753	1.90914e-05
chr16	7	958	90354753	1.06027e-05
chr16	8	369	90354753	4.0839e-06
chr16	9	180	90354753	1.99215e-06
chr16	10	53	90354753	5.86577e-07
chr16	11	14	90354753	1.54945e-07
chr16	12	3	90354753	3.32025e-08
chr16	13	1	90354753	1.10675e-08
chr17	0	80344362	81195210	0.989521
chr17	1	842782	81195210	0.0103797
chr17	2	7256	81195210	8.93649e-05
chr17	3	467	81195210	5.75157e-06
chr17	4	239	81195210	2.94352e-06
chr17	5	58	81195210	7.14328e-07
chr17	6	14	81195210	1.72424e-07
chr17	7	4	81195210	4.9264e-08
chr17	8	15	81195210	1.8474e-07
chr17	9	3	81195210	3.6948e-08
chr17	10	10	81195210	1.2316e-07
chr18	0	76956685	78077248	0.985648
chr18	1	1111596	78077248	0.0142371
chr18	2	7717	78077248	9.8838e-05
chr18	3	594	78077248	7.60785e-06
chr18	4	255	78077248	3.266e-06
chr18	5	154	78077248	1.97241e-06
chr18	6	104	78077248	1.33201e-06
chr18	7	46	78077248	5.8916e-07
chr18	8	32	78077248	4.09851e-07
chr18	9	28	78077248	3.58619e-07
chr18	10	13	78077248	1.66502e-07
chr18	11	24	78077248	3.07388e-07
chr19	0	58021222	59128983	0.981265
chr19	1	1082175	59128983	0.0183019
chr19	2	22757	59128983	0.00038487
chr19	3	927	59128983	1.56776e-05
chr19	4	329	59128983	5.56411e-06
chr19	5	216	59128983	3.65303e-06
chr19	6	389	59128983	6.57884e-06
chr19	7	204	59128983	3.45008e-06
chr19	8	119	59128983	2.01255e-06
chr19	9	115	59128983	1.9449e-06
chr19	10	85	59128983	1.43754e-06
chr19	11	53	59128983	8.96346e-07
chr19	12	71	59128983	1.20076e-06
chr19	13	61	59128983	1.03164e-06
chr19	14	39	59128983	6.59575e-07
chr19	15	37	59128983	6.25751e-07
chr19	16	30	59128983	5.07365e-07
chr19	17	15	59128983	2.53683e-07
chr19	18	12	59128983	2.02946e-07
chr19	19	11	59128983	1.86034e-07
chr19	20	19	59128983	3.21331e-07
chr19	21	39	59128983	6.59575e-07
chr19	22	17	59128983	2.87507e-07
chr19	23	21	59128983	3.55156e-07
chr19	24	12	59128983	2.02946e-07
chr19	25	6	59128983	1.01473e-07
chr19	26	2	59128983	3.38244e-08
chr20	0	62141996	63025520	0.985981
chr20	1	876014	63025520	0.0138994
chr20	2	7494	63025520	0.000118904
chr20	3	16	63025520	2.53865e-07
chr21	0	47510131	48129895	0.987123
chr21	1	614205	48129895	0.0127614
chr21	2	5389	48129895	0.000111968
chr21	3	128	48129895	2.65947e-06
chr21	4	27	48129895	5.60982e-07
chr21	5	15	48129895	3.11657e-07
chr22	0	50961389	51304566	0.993311
chr22	1	341648	51304566	0.00665921
chr22	2	1470	51304566	2.86524e-05
chr22	3	5	51304566	9.74572e-08
chr22	4	4	51304566	7.79658e-08
chr22	5	4	51304566	7.79658e-08
chr22	6	5	51304566	9.74572e-08
chr22	7	6	51304566	1.16949e-07
chr22	8	26	51304566	5.06777e-07
chr22	9	9	51304566	1.75423e-07
chrX	0	153734497	155270560	0.990107
chrX	1	1522995	155270560	0.00980865
chrX	2	11592	155270560	7.46568e-05
chrX	3	1092	155270560	7.03289e-06
chrX	4	298	155270560	1.91923e-06
chrX	5	63	155270560	4.05743e-07
chrX	6	23	155270560	1.48129e-07
chrY	0	59310949	59373566	0.998945
chrY	1	60039	59373566	0.00101121
chrY	2	1654	59373566	2.78575e-05
chrY	3	614	59373566	1.03413e-05
chrY	4	177	59373566	2.98112e-06
chrY	5	110	59373566	1.85268e-06
chrY	6	8	59373566	1.3474e-07
chrY	7	15	59373566	2.52638e-07
chr1_gl000191_random	0	105533	106433	0.991544
chr1_gl000191_random	1	900	106433	0.00845602
chr1_gl000192_random	0	534945	547496	0.977076
chr1_gl000192_random	1	12402	547496	0.0226522
chr1_gl000192_random	2	149	547496	0.000272148
chr4_ctg9_hap1	0	587676	590426	0.995342
chr4_ctg9_hap1	1	2750	590426	0.00465765
chr4_gl000193_random	0	185616	189789	0.978012
chr4_gl000193_random	1	4070	189789	0.0214449
chr4_gl000193_random	2	79	189789	0.000416252
chr4_gl000193_random	3	24	189789	0.000126456
chr4_gl000194_random	0	184562	191469	0.963926
chr4_gl000194_random	1	6864	191469	0.0358491
chr4_gl000194_random	2	43	191469	0.000224579
chr6_apd_hap1	0	4616190	4622290	0.99868
chr6_apd_hap1	1	6100	4622290	0.00131969
chr6_cox_hap2	0	4779710	4795371	0.996734
chr6_cox_hap2	1	15622	4795371	0.00325772
chr6_cox_hap2	2	39	4795371	8.13284e-06
chr6_dbb_hap3	0	4596280	4610396	0.996938
chr6_dbb_hap3	1	14082	4610396	0.0030544
chr6_dbb_hap3	2	34	4610396	7.37464e-06
chr6_mann_hap4	0	4670317	4683263	0.997236
chr6_mann_hap4	1	12942	4683263	0.00276346
chr6_mann_hap4	2	4	4683263	8.54105e-07
chr6_mcf_hap5	0	4821967	4833398	0.997635
chr6_mcf_hap5	1	11412	4833398	0.00236107
chr6_mcf_hap5	2	19	4833398	3.93098e-06
chr6_qbl_hap6	0	4598234	4611984	0.997019
chr6_qbl_hap6	1	13750	4611984	0.00298136
chr6_ssto_hap7	0	4914528	4928567	0.997151
chr6_ssto_hap7	1	14028	4928567	0.00284626
chr6_ssto_hap7	2	11	4928567	2.23189e-06
chr7_gl000195_random	0	174042	182896	0.95159
chr7_gl000195_random	1	8558	182896	0.0467916
chr7_gl000195_random	2	296	182896	0.00161841
chr8_gl000196_random	0	38514	38914	0.989721
chr8_gl000196_random	1	400	38914	0.0102791
chr8_gl000197_random	0	36825	37175	0.990585
chr8_gl000197_random	1	350	37175	0.00941493
chr9_gl000198_random	0	87359	90085	0.96974
chr9_gl000198_random	1	2602	90085	0.0288838
chr9_gl000198_random	2	124	90085	0.00137648
chr9_gl000199_random	0	154025	169874	0.906701
chr9_gl000199_random	1	13224	169874	0.0778459
chr9_gl000199_random	2	1820	169874	0.0107138
chr9_gl000199_random	3	383	169874	0.00225461
chr9_gl000199_random	4	195	169874	0.00114791
chr9_gl000199_random	5	46	169874	0.000270789
chr9_gl000199_random	6	39	169874	0.000229582
chr9_gl000199_random	7	39	169874	0.000229582
chr9_gl000199_random	8	9	169874	5.29804e-05
chr9_gl000199_random	9	27	169874	0.000158941
chr9_gl000199_random	10	32	169874	0.000188375
chr9_gl000199_random	11	35	169874	0.000206035
chr9_gl000200_random	0	186002	187035	0.994477
chr9_gl000200_random	1	1016	187035	0.00543214
chr9_gl000200_random	2	17	187035	9.08921e-05
chr9_gl000201_random	0	35998	36148	0.99585
chr9_gl000201_random	1	150	36148	0.00414961
chr11_gl000202_random	0	39753	40103	0.991272
chr11_gl000202_random	1	350	40103	0.00872753
chr17_ctg5_hap1	0	1672628	1680828	0.995121
chr17_ctg5_hap1	1	8200	1680828	0.00487855
chr17_gl000203_random	0	37198	37498	0.992
chr17_gl000203_random	1	300	37498	0.00800043
chr17_gl000204_random	0	80509	81310	0.990149
chr17_gl000204_random	1	752	81310	0.00924855
chr17_gl000204_random	2	49	81310	0.000602632
chr17_gl000205_random	0	166628	174588	0.954407
chr17_gl000205_random	1	7720	174588	0.0442184
chr17_gl000205_random	2	240	174588	0.00137466
chr17_gl000206_random	0	40651	41001	0.991464
chr17_gl000206_random	1	350	41001	0.00853638
chr18_gl000207_random	0	4212	4262	0.988268
chr18_gl000207_random	1	50	4262	0.0117316
chr19_gl000208_random	0	85491	92689	0.922342
chr19_gl000208_random	1	5940	92689	0.0640853
chr19_gl000208_random	2	761	92689	0.00821025
chr19_gl000208_random	3	361	92689	0.00389474
chr19_gl000208_random	4	100	92689	0.00107888
chr19_gl000208_random	5	11	92689	0.000118676
chr19_gl000208_random	6	25	92689	0.000269719
chr19_gl000209_random	0	157428	159169	0.989062
chr19_gl000209_random	1	1732	159169	0.0108815
chr19_gl000209_random	2	9	159169	5.65437e-05
chr21_gl000210_random	0	27382	27682	0.989163
chr21_gl000210_random	1	300	27682	0.0108374
chrUn_gl000211	0	163023	166566	0.978729
chrUn_gl000211	1	3536	166566	0.0212288
chrUn_gl000211	2	7	166566	4.20254e-05
chrUn_gl000212	0	184905	186858	0.989548
chrUn_gl000212	1	1906	186858	0.0102003
chrUn_gl000212	2	47	186858	0.000251528
chrUn_gl000213	0	162939	164239	0.992085
chrUn_gl000213	1	1300	164239	0.00791529
chrUn_gl000214	0	125442	137718	0.910861
chrUn_gl000214	1	10266	137718	0.0745436
chrUn_gl000214	2	1279	137718	0.00928709
chrUn_gl000214	3	442	137718	0.00320946
chrUn_gl000214	4	149	137718	0.00108192
chrUn_gl000214	5	62	137718	0.000450195
chrUn_gl000214	6	34	137718	0.000246881
chrUn_gl000214	7	12	137718	8.71346e-05
chrUn_gl000214	8	32	137718	0.000232359
chrUn_gl000215	0	170945	172545	0.990727
chrUn_gl000215	1	1600	172545	0.00927294
chrUn_gl000216	0	164357	172294	0.953933
chrUn_gl000216	1	6413	172294	0.0372213
chrUn_gl000216	2	953	172294	0.00553124
chrUn_gl000216	3	357	172294	0.00207204
chrUn_gl000216	4	36	172294	0.000208945
chrUn_gl000216	5	66	172294	0.000383066
chrUn_gl000216	6	62	172294	0.00035985
chrUn_gl000216	7	6	172294	3.48242e-05
chrUn_gl000216	8	2	172294	1.16081e-05
chrUn_gl000216	9	1	172294	5.80403e-06
chrUn_gl000216	10	18	172294	0.000104473
chrUn_gl000216	11	9	172294	5.22363e-05
chrUn_gl000216	12	14	172294	8.12565e-05
chrUn_gl000217	0	168949	172149	0.981411
chrUn_gl000217	1	3200	172149	0.0185885
chrUn_gl000218	0	157118	161147	0.974998
chrUn_gl000218	1	3958	161147	0.0245614
chrUn_gl000218	2	71	161147	0.000440592
chrUn_gl000219	0	175633	179198	0.980106
chrUn_gl000219	1	3380	179198	0.0188618
chrUn_gl000219	2	185	179198	0.00103238
chrUn_gl000220	0	114163	161802	0.705572
chrUn_gl000220	1	23510	161802	0.145301
chrUn_gl000220	2	11894	161802	0.0735096
chrUn_gl000220	3	6362	161802	0.0393197
chrUn_gl000220	4	3202	161802	0.0197896
chrUn_gl000220	5	1648	161802	0.0101853
chrUn_gl000220	6	664	161802	0.00410378
chrUn_gl000220	7	227	161802	0.00140295
chrUn_gl000220	8	93	161802	0.000574777
chrUn_gl000220	9	39	161802	0.000241035
chrUn_gl000221	0	150931	155397	0.971261
chrUn_gl000221	1	4432	155397	0.0285205
chrUn_gl000221	2	34	155397	0.000218794
chrUn_gl000222	0	185211	186861	0.99117
chrUn_gl000222	1	1650	186861	0.00883009
chrUn_gl000223	0	179705	180455	0.995844
chrUn_gl000223	1	750	180455	0.00415616
chrUn_gl000224	0	171109	179693	0.95223
chrUn_gl000224	1	7140	179693	0.0397344
chrUn_gl000224	2	1082	179693	0.00602138
chrUn_gl000224	3	240	179693	0.00133561
chrUn_gl000224	4	84	179693	0.000467464
chrUn_gl000224	5	38	179693	0.000211472
chrUn_gl000225	0	193738	211173	0.917437
chrUn_gl000225	1	13422	211173	0.0635593
chrUn_gl000225	2	2234	211173	0.010579
chrUn_gl000225	3	996	211173	0.00471651
chrUn_gl000225	4	416	211173	0.00196995
chrUn_gl000225	5	83	211173	0.000393043
chrUn_gl000225	6	91	211173	0.000430926
chrUn_gl000225	7	42	211173	0.000198889
chrUn_gl000225	8	54	211173	0.000255715
chrUn_gl000225	9	33	211173	0.00015627
chrUn_gl000225	10	21	211173	9.94445e-05
chrUn_gl000225	11	4	211173	1.89418e-05
chrUn_gl000225	12	3	211173	1.42064e-05
chrUn_gl000225	13	4	211173	1.89418e-05
chrUn_gl000225	14	2	211173	9.47091e-06
chrUn_gl000225	15	26	211173	0.000123122
chrUn_gl000225	16	4	211173	1.89418e-05
chrUn_gl000226	0	754	15008	0.0502399
chrUn_gl000226	1	1189	15008	0.0792244
chrUn_gl000226	2	1402	15008	0.0934168
chrUn_gl000226	3	1655	15008	0.110275
chrUn_gl000226	4	1801	15008	0.120003
chrUn_gl000226	5	2005	15008	0.133595
chrUn_gl000226	6	1736	15008	0.115672
chrUn_gl000226	7	1522	15008	0.101413
chrUn_gl000226	8	1028	15008	0.0684968
chrUn_gl000226	9	695	15008	0.0463086
chrUn_gl000226	10	570	15008	0.0379797
chrUn_gl000226	11	300	15008	0.0199893
chrUn_gl000226	12	159	15008	0.0105943
chrUn_gl000226	13	95	15008	0.00632996
chrUn_gl000226	14	51	15008	0.00339819
chrUn_gl000226	15	32	15008	0.0021322
chrUn_gl000226	16	11	15008	0.000732942
chrUn_gl000226	17	3	15008	0.000199893
chrUn_gl000227	0	127374	128374	0.99221
chrUn_gl000227	1	1000	128374	0.00778974
chrUn_gl000228	0	126305	129120	0.978199
chrUn_gl000228	1	2387	129120	0.0184867
chrUn_gl000228	2	190	129120	0.0014715
chrUn_gl000228	3	109	129120	0.000844176
chrUn_gl000228	4	64	129120	0.000495663
chrUn_gl000228	5	21	129120	0.000162639
chrUn_gl000228	6	13	129120	0.000100682
chrUn_gl000228	7	31	129120	0.000240087
chrUn_gl000229	0	19413	19913	0.974891
chrUn_gl000229	1	500	19913	0.0251092
chrUn_gl000230	0	43291	43691	0.990845
chrUn_gl000230	1	400	43691	0.0091552
chrUn_gl000231	0	26586	27386	0.970788
chrUn_gl000231	1	800	27386	0.029212
chrUn_gl000232	0	38986	40652	0.959018
chrUn_gl000232	1	1632	40652	0.0401456
chrUn_gl000232	2	34	40652	0.000836367
chrUn_gl000233	0	45491	45941	0.990205
chrUn_gl000233	1	450	45941	0.00979517
chrUn_gl000234	0	39535	40531	0.975426
chrUn_gl000234	1	992	40531	0.0244751
chrUn_gl000234	2	4	40531	9.86899e-05
chrUn_gl000235	0	33716	34474	0.978012
chrUn_gl000235	1	716	34474	0.0207693
chrUn_gl000235	2	42	34474	0.00121831
chrUn_gl000236	0	41434	41934	0.988077
chrUn_gl000236	1	500	41934	0.0119235
chrUn_gl000237	0	44437	45867	0.968823
chrUn_gl000237	1	1360	45867	0.0296509
chrUn_gl000237	2	70	45867	0.00152615
chrUn_gl000238	0	39589	39939	0.991237
chrUn_gl000238	1	350	39939	0.00876336
chrUn_gl000239	0	32724	33824	0.967479
chrUn_gl000239	1	1100	33824	0.0325213
chrUn_gl000240	0	41483	41933	0.989269
chrUn_gl000240	1	450	41933	0.0107314
chrUn_gl000241	0	40228	42152	0.954356
chrUn_gl000241	1	1898	42152	0.0450275
chrUn_gl000241	2	26	42152	0.000616815
chrUn_gl000242	0	43473	43523	0.998851
chrUn_gl000242	1	50	43523	0.00114882
chrUn_gl000243	0	42026	43341	0.969659
chrUn_gl000243	1	1230	43341	0.0283796
chrUn_gl000243	2	85	43341	0.00196119
chrUn_gl000244	0	39379	39929	0.986226
chrUn_gl000244	1	550	39929	0.0137744
chrUn_gl000245	0	35101	36651	0.957709
chrUn_gl000245	1	1550	36651	0.0422908
chrUn_gl000246	0	37954	38154	0.994758
chrUn_gl000246	1	200	38154	0.00524191
chrUn_gl000247	0	36031	36422	0.989265
chrUn_gl000247	1	382	36422	0.0104882
chrUn_gl000247	2	9	36422	0.000247103
chrUn_gl000248	0	39586	39786	0.994973
chrUn_gl000248	1	200	39786	0.00502689
chrUn_gl000249	0	38352	38502	0.996104
chrUn_gl000249	1	150	38502	0.0038959
genome	0	3097908283	3137161264	0.987488
genome	1	38807410	3137161264	0.0123702
genome	2	357328	3137161264	0.000113902
genome	3	31998	3137161264	1.01997e-05
genome	4	17571	3137161264	5.60092e-06
genome	5	11286	3137161264	3.59752e-06
genome	6	7520	3137161264	2.39707e-06
genome	7	4985	3137161264	1.58902e-06
genome	8	3082	3137161264	9.82417e-07
genome	9	2558	3137161264	8.15387e-07
genome	10	2098	3137161264	6.68757e-07
genome	11	1654	3137161264	5.27228e-07
genome	12	1202	3137161264	3.83149e-07
genome	13	847	3137161264	2.69989e-07
genome	14	667	3137161264	2.12613e-07
genome	15	575	3137161264	1.83287e-07
genome	16	418	3137161264	1.33241e-07
genome	17	317	3137161264	1.01047e-07
genome	18	286	3137161264	9.11652e-08
genome	19	218	3137161264	6.94896e-08
genome	20	142	3137161264	4.52639e-08
genome	21	141	3137161264	4.49451e-08
genome	22	109	3137161264	3.47448e-08
genome	23	114	3137161264	3.63386e-08
genome	24	77	3137161264	2.45445e-08
genome	25	47	3137161264	1.49817e-08
genome	26	45	3137161264	1.43442e-08
genome	27	48	3137161264	1.53005e-08
genome	28	58	3137161264	1.84881e-08
genome	29	42	3137161264	1.33879e-08
genome	30	32	3137161264	1.02003e-08
genome	31	34	3137161264	1.08378e-08
genome	32	24	3137161264	7.65023e-09
genome	33	17	3137161264	5.41891e-09
genome	34	8	3137161264	2.55008e-09
genome	35	10	3137161264	3.1876e-09
genome	36	7	3137161264	2.23132e-09
genome	37	3	3137161264	9.56279e-10
genome	38	3	3137161264	9.56279e-10
