chrM	0	15399	16571	0.929274
chrM	1	1144	16571	0.0690363
chrM	2	28	16571	0.0016897
chr1	0	245524089	249250621	0.985049
chr1	1	3694252	249250621	0.0148214
chr1	2	30362	249250621	0.000121813
chr1	3	504	249250621	2.02206e-06
chr1	4	124	249250621	4.97491e-07
chr1	5	124	249250621	4.97491e-07
chr1	6	68	249250621	2.72818e-07
chr1	7	41	249250621	1.64493e-07
chr1	8	33	249250621	1.32397e-07
chr1	9	29	249250621	1.16349e-07
chr1	10	49	249250621	1.96589e-07
chr1	11	55	249250621	2.20661e-07
chr1	12	42	249250621	1.68505e-07
chr1	13	48	249250621	1.92577e-07
chr1	14	39	249250621	1.56469e-07
chr1	15	92	249250621	3.69106e-07
chr1	16	70	249250621	2.80842e-07
chr1	17	44	249250621	1.76529e-07
chr1	18	67	249250621	2.68806e-07
chr1	19	64	249250621	2.5677e-07
chr1	20	48	249250621	1.92577e-07
chr1	21	40	249250621	1.60481e-07
chr1	22	49	249250621	1.96589e-07
chr1	23	39	249250621	1.56469e-07
chr1	24	34	249250621	1.36409e-07
chr1	25	18	249250621	7.22165e-08
chr1	26	9	249250621	3.61082e-08
chr1	27	12	249250621	4.81443e-08
chr1	28	14	249250621	5.61684e-08
chr1	29	15	249250621	6.01804e-08
chr1	30	32	249250621	1.28385e-07
chr1	31	45	249250621	1.80541e-07
chr1	32	38	249250621	1.52457e-07
chr1	33	13	249250621	5.21563e-08
chr1	34	9	249250621	3.61082e-08
chr1	35	5	249250621	2.00601e-08
chr1	36	5	249250621	2.00601e-08
chr2	0	239815434	243199373	0.986086
chr2	1	3349480	243199373	0.0137726
chr2	2	28327	243199373	0.000116476
chr2	3	3336	243199373	1.37171e-05
chr2	4	1418	243199373	5.83061e-06
chr2	5	606	243199373	2.49178e-06
chr2	6	345	243199373	1.41859e-06
chr2	7	177	243199373	7.27798e-07
chr2	8	117	243199373	4.81087e-07
chr2	9	65	243199373	2.6727e-07
chr2	10	37	243199373	1.52139e-07
chr2	11	21	243199373	8.63489e-08
chr2	12	5	243199373	2.05593e-08
chr2	13	5	243199373	2.05593e-08
chr3	0	194803201	198022430	0.983743
chr3	1	3184880	198022430	0.0160834
chr3	2	33956	198022430	0.000171476
chr3	3	262	198022430	1.32308e-06
chr3	4	53	198022430	2.67646e-07
chr3	5	3	198022430	1.51498e-08
chr3	6	3	198022430	1.51498e-08
chr3	7	11	198022430	5.55493e-08
chr3	8	6	198022430	3.02996e-08
chr3	9	10	198022430	5.04993e-08
chr3	10	7	198022430	3.53495e-08
chr3	11	10	198022430	5.04993e-08
chr3	12	3	198022430	1.51498e-08
chr3	13	11	198022430	5.55493e-08
chr3	14	9	198022430	4.54494e-08
chr3	15	3	198022430	1.51498e-08
chr3	16	2	198022430	1.00999e-08
chr4	0	189330252	191154276	0.990458
chr4	1	1813122	191154276	0.00948512
chr4	2	10021	191154276	5.24236e-05
chr4	3	582	191154276	3.04466e-06
chr4	4	218	191154276	1.14044e-06
chr4	5	47	191154276	2.45875e-07
chr4	6	5	191154276	2.61569e-08
chr4	7	29	191154276	1.5171e-07
chr5	0	179011857	180915260	0.989479
chr5	1	1892066	180915260	0.0104583
chr5	2	11096	180915260	6.13326e-05
chr5	3	113	180915260	6.24602e-07
chr5	4	87	180915260	4.80888e-07
chr5	5	41	180915260	2.26625e-07
chr6	0	168540773	171115067	0.984956
chr6	1	2552160	171115067	0.0149149
chr6	2	17990	171115067	0.000105134
chr6	3	601	171115067	3.51226e-06
chr6	4	380	171115067	2.22073e-06
chr6	5	306	171115067	1.78827e-06
chr6	6	363	171115067	2.12138e-06
chr6	7	351	171115067	2.05125e-06
chr6	8	341	171115067	1.99281e-06
chr6	9	419	171115067	2.44864e-06
chr6	10	311	171115067	1.81749e-06
chr6	11	323	171115067	1.88762e-06
chr6	12	204	171115067	1.19218e-06
chr6	13	140	171115067	8.18163e-07
chr6	14	146	171115067	8.53227e-07
chr6	15	111	171115067	6.48686e-07
chr6	16	89	171115067	5.20118e-07
chr6	17	53	171115067	3.09733e-07
chr6	18	6	171115067	3.50641e-08
chr7	0	156344137	159138663	0.98244
chr7	1	2767393	159138663	0.0173898
chr7	2	23302	159138663	0.000146426
chr7	3	890	159138663	5.59261e-06
chr7	4	531	159138663	3.33671e-06
chr7	5	261	159138663	1.64008e-06
chr7	6	303	159138663	1.904e-06
chr7	7	190	159138663	1.19393e-06
chr7	8	217	159138663	1.36359e-06
chr7	9	210	159138663	1.3196e-06
chr7	10	142	159138663	8.92304e-07
chr7	11	95	159138663	5.96964e-07
chr7	12	152	159138663	9.55142e-07
chr7	13	124	159138663	7.79195e-07
chr7	14	72	159138663	4.52436e-07
chr7	15	83	159138663	5.21558e-07
chr7	16	103	159138663	6.47234e-07
chr7	17	98	159138663	6.15815e-07
chr7	18	81	159138663	5.0899e-07
chr7	19	72	159138663	4.52436e-07
chr7	20	83	159138663	5.21558e-07
chr7	21	44	159138663	2.76488e-07
chr7	22	35	159138663	2.19934e-07
chr7	23	20	159138663	1.25677e-07
chr7	24	13	159138663	8.16898e-08
chr7	25	6	159138663	3.7703e-08
chr7	26	2	159138663	1.25677e-08
chr7	27	4	159138663	2.51353e-08
chr8	0	143750727	146364022	0.982145
chr8	1	2578700	146364022	0.0176184
chr8	2	30155	146364022	0.000206027
chr8	3	2502	146364022	1.70944e-05
chr8	4	1080	146364022	7.37886e-06
chr8	5	412	146364022	2.8149e-06
chr8	6	227	146364022	1.55093e-06
chr8	7	139	146364022	9.49687e-07
chr8	8	36	146364022	2.45962e-07
chr8	9	22	146364022	1.5031e-07
chr8	10	11	146364022	7.51551e-08
chr8	11	9	146364022	6.14905e-08
chr8	12	2	146364022	1.36646e-08
chr9	0	139668044	141213431	0.989056
chr9	1	1535288	141213431	0.0108721
chr9	2	9577	141213431	6.78193e-05
chr9	3	229	141213431	1.62166e-06
chr9	4	113	141213431	8.00207e-07
chr9	5	161	141213431	1.14012e-06
chr9	6	19	141213431	1.34548e-07
chr10	0	133748580	135534747	0.986821
chr10	1	1760483	135534747	0.0129892
chr10	2	15781	135534747	0.000116435
chr10	3	2458	135534747	1.81356e-05
chr10	4	1294	135534747	9.54737e-06
chr10	5	1074	135534747	7.92417e-06
chr10	6	894	135534747	6.59609e-06
chr10	7	781	135534747	5.76236e-06
chr10	8	631	135534747	4.65563e-06
chr10	9	562	135534747	4.14654e-06
chr10	10	399	135534747	2.94389e-06
chr10	11	333	135534747	2.45693e-06
chr10	12	378	135534747	2.78895e-06
chr10	13	289	135534747	2.13229e-06
chr10	14	212	135534747	1.56417e-06
chr10	15	157	135534747	1.15837e-06
chr10	16	118	135534747	8.70625e-07
chr10	17	95	135534747	7.00927e-07
chr10	18	76	135534747	5.60742e-07
chr10	19	37	135534747	2.72993e-07
chr10	20	35	135534747	2.58236e-07
chr10	21	23	135534747	1.69698e-07
chr10	22	24	135534747	1.77076e-07
chr10	23	15	135534747	1.10673e-07
chr10	24	8	135534747	5.90255e-08
chr10	25	4	135534747	2.95127e-08
chr10	26	5	135534747	3.68909e-08
chr10	27	1	135534747	7.37818e-09
chr11	0	133547043	135006516	0.98919
chr11	1	1449355	135006516	0.0107354
chr11	2	8782	135006516	6.50487e-05
chr11	3	503	135006516	3.72575e-06
chr11	4	382	135006516	2.82949e-06
chr11	5	179	135006516	1.32586e-06
chr11	6	139	135006516	1.02958e-06
chr11	7	64	135006516	4.74051e-07
chr11	8	33	135006516	2.44433e-07
chr11	9	11	135006516	8.14776e-08
chr11	10	21	135006516	1.55548e-07
chr11	11	4	135006516	2.96282e-08
chr12	0	132448957	133851895	0.989519
chr12	1	1395745	133851895	0.0104275
chr12	2	6856	133851895	5.12208e-05
chr12	3	216	133851895	1.61372e-06
chr12	4	68	133851895	5.08024e-07
chr12	5	3	133851895	2.24128e-08
chr12	6	3	133851895	2.24128e-08
chr12	7	2	133851895	1.49419e-08
chr12	8	2	133851895	1.49419e-08
chr12	9	23	133851895	1.71832e-07
chr12	10	17	133851895	1.27006e-07
chr12	11	3	133851895	2.24128e-08
chr13	0	113955601	115169878	0.989457
chr13	1	1207434	115169878	0.0104839
chr13	2	6813	115169878	5.91561e-05
chr13	3	30	115169878	2.60485e-07
chr14	0	106492018	107349540	0.992012
chr14	1	853984	107349540	0.00795517
chr14	2	3498	107349540	3.25851e-05
chr14	3	40	107349540	3.72615e-07
chr15	0	101521468	102531392	0.99015
chr15	1	1002716	102531392	0.0097796
chr15	2	7190	102531392	7.01249e-05
chr15	3	18	102531392	1.75556e-07
chr16	0	89209555	90354753	0.987325
chr16	1	1112892	90354753	0.0123169
chr16	2	16779	90354753	0.000185701
chr16	3	5684	90354753	6.29076e-05
chr16	4	4374	90354753	4.84092e-05
chr16	5	2476	90354753	2.74031e-05
chr16	6	1534	90354753	1.69775e-05
chr16	7	795	90354753	8.79865e-06
chr16	8	325	90354753	3.59693e-06
chr16	9	209	90354753	2.3131e-06
chr16	10	73	90354753	8.07927e-07
chr16	11	42	90354753	4.64834e-07
chr16	12	15	90354753	1.66012e-07
chr17	0	80321935	81195210	0.989245
chr17	1	866156	81195210	0.0106676
chr17	2	6402	81195210	7.8847e-05
chr17	3	413	81195210	5.08651e-06
chr17	4	145	81195210	1.78582e-06
chr17	5	46	81195210	5.66536e-07
chr17	6	31	81195210	3.81796e-07
chr17	7	16	81195210	1.97056e-07
chr17	8	21	81195210	2.58636e-07
chr17	9	16	81195210	1.97056e-07
chr17	10	8	81195210	9.8528e-08
chr17	11	9	81195210	1.10844e-07
chr17	12	7	81195210	8.6212e-08
chr17	13	2	81195210	2.4632e-08
chr17	14	3	81195210	3.6948e-08
chr18	0	77094996	78077248	0.987419
chr18	1	974418	78077248	0.0124802
chr18	2	6763	78077248	8.66193e-05
chr18	3	473	78077248	6.0581e-06
chr18	4	211	78077248	2.70245e-06
chr18	5	90	78077248	1.1527e-06
chr18	6	59	78077248	7.55662e-07
chr18	7	75	78077248	9.60587e-07
chr18	8	62	78077248	7.94085e-07
chr18	9	25	78077248	3.20196e-07
chr18	10	32	78077248	4.09851e-07
chr18	11	14	78077248	1.7931e-07
chr18	12	21	78077248	2.68964e-07
chr18	13	9	78077248	1.1527e-07
chr19	0	58009789	59128983	0.981072
chr19	1	1094889	59128983	0.018517
chr19	2	21645	59128983	0.000366064
chr19	3	975	59128983	1.64894e-05
chr19	4	511	59128983	8.64212e-06
chr19	5	263	59128983	4.4479e-06
chr19	6	204	59128983	3.45008e-06
chr19	7	127	59128983	2.14785e-06
chr19	8	88	59128983	1.48827e-06
chr19	9	70	59128983	1.18385e-06
chr19	10	85	59128983	1.43754e-06
chr19	11	31	59128983	5.24278e-07
chr19	12	27	59128983	4.56629e-07
chr19	13	55	59128983	9.3017e-07
chr19	14	38	59128983	6.42663e-07
chr19	15	37	59128983	6.25751e-07
chr19	16	44	59128983	7.44136e-07
chr19	17	33	59128983	5.58102e-07
chr19	18	39	59128983	6.59575e-07
chr19	19	14	59128983	2.36771e-07
chr19	20	9	59128983	1.5221e-07
chr19	21	10	59128983	1.69122e-07
chr20	0	62142688	63025520	0.985992
chr20	1	876159	63025520	0.0139017
chr20	2	6554	63025520	0.00010399
chr20	3	63	63025520	9.99595e-07
chr20	4	11	63025520	1.74532e-07
chr20	5	20	63025520	3.17332e-07
chr20	6	25	63025520	3.96665e-07
chr21	0	47498909	48129895	0.98689
chr21	1	624759	48129895	0.0129807
chr21	2	5869	48129895	0.000121941
chr21	3	329	48129895	6.83567e-06
chr21	4	29	48129895	6.02536e-07
chr22	0	50972138	51304566	0.99352
chr22	1	330968	51304566	0.00645104
chr22	2	1384	51304566	2.69762e-05
chr22	3	28	51304566	5.4576e-07
chr22	4	4	51304566	7.79658e-08
chr22	6	44	51304566	8.57623e-07
chrX	0	153653133	155270560	0.989583
chrX	1	1601920	155270560	0.010317
chrX	2	13599	155270560	8.75826e-05
chrX	3	1311	155270560	8.44333e-06
chrX	4	433	155270560	2.78868e-06
chrX	5	91	155270560	5.86074e-07
chrX	6	27	155270560	1.7389e-07
chrX	7	24	155270560	1.54569e-07
chrX	8	16	155270560	1.03046e-07
chrX	9	6	155270560	3.86422e-08
chrY	0	59308760	59373566	0.998908
chrY	1	62188	59373566	0.0010474
chrY	2	1847	59373566	3.11081e-05
chrY	3	439	59373566	7.39386e-06
chrY	4	195	59373566	3.28429e-06
chrY	5	95	59373566	1.60004e-06
chrY	6	15	59373566	2.52638e-07
chrY	7	10	59373566	1.68425e-07
chrY	8	17	59373566	2.86323e-07
chr1_gl000191_random	0	105333	106433	0.989665
chr1_gl000191_random	1	1100	106433	0.0103351
chr1_gl000192_random	0	536867	547496	0.980586
chr1_gl000192_random	1	10508	547496	0.0191928
chr1_gl000192_random	2	121	547496	0.000221006
chr4_ctg9_hap1	0	587076	590426	0.994326
chr4_ctg9_hap1	1	3350	590426	0.00567387
chr4_gl000193_random	0	185675	189789	0.978323
chr4_gl000193_random	1	4028	189789	0.0212236
chr4_gl000193_random	2	86	189789	0.000453135
chr4_gl000194_random	0	186310	191469	0.973056
chr4_gl000194_random	1	5018	191469	0.0262079
chr4_gl000194_random	2	141	191469	0.000736412
chr6_apd_hap1	0	4615090	4622290	0.998442
chr6_apd_hap1	1	7200	4622290	0.00155767
chr6_cox_hap2	0	4777882	4795371	0.996353
chr6_cox_hap2	1	17378	4795371	0.00362391
chr6_cox_hap2	2	111	4795371	2.31473e-05
chr6_dbb_hap3	0	4596652	4610396	0.997019
chr6_dbb_hap3	1	13738	4610396	0.00297979
chr6_dbb_hap3	2	6	4610396	1.30141e-06
chr6_mann_hap4	0	4671403	4683263	0.997468
chr6_mann_hap4	1	11820	4683263	0.00252388
chr6_mann_hap4	2	40	4683263	8.54105e-06
chr6_mcf_hap5	0	4821752	4833398	0.997591
chr6_mcf_hap5	1	11642	4833398	0.00240866
chr6_mcf_hap5	2	4	4833398	8.27575e-07
chr6_qbl_hap6	0	4600134	4611984	0.997431
chr6_qbl_hap6	1	11850	4611984	0.00256939
chr6_ssto_hap7	0	4914960	4928567	0.997239
chr6_ssto_hap7	1	13564	4928567	0.00275212
chr6_ssto_hap7	2	43	4928567	8.72465e-06
chr7_gl000195_random	0	174096	182896	0.951885
chr7_gl000195_random	1	8600	182896	0.0470213
chr7_gl000195_random	2	200	182896	0.00109352
chr8_gl000196_random	0	38564	38914	0.991006
chr8_gl000196_random	1	350	38914	0.00899419
chr8_gl000197_random	0	36975	37175	0.99462
chr8_gl000197_random	1	200	37175	0.00537996
chr9_gl000198_random	0	85809	90085	0.952534
chr9_gl000198_random	1	4202	90085	0.0466448
chr9_gl000198_random	2	74	90085	0.000821446
chr9_gl000199_random	0	154402	169874	0.908921
chr9_gl000199_random	1	13007	169874	0.0765685
chr9_gl000199_random	2	1630	169874	0.00959535
chr9_gl000199_random	3	458	169874	0.00269612
chr9_gl000199_random	4	176	169874	0.00103606
chr9_gl000199_random	5	67	169874	0.00039441
chr9_gl000199_random	6	29	169874	0.000170715
chr9_gl000199_random	7	58	169874	0.00034143
chr9_gl000199_random	8	9	169874	5.29804e-05
chr9_gl000199_random	9	4	169874	2.35469e-05
chr9_gl000199_random	10	5	169874	2.94336e-05
chr9_gl000199_random	11	16	169874	9.41875e-05
chr9_gl000199_random	12	13	169874	7.65273e-05
chr9_gl000200_random	0	186135	187035	0.995188
chr9_gl000200_random	1	900	187035	0.00481193
chr9_gl000201_random	0	36098	36148	0.998617
chr9_gl000201_random	1	50	36148	0.0013832
chr11_gl000202_random	0	39713	40103	0.990275
chr11_gl000202_random	1	380	40103	0.0094756
chr11_gl000202_random	2	10	40103	0.000249358
chr17_ctg5_hap1	0	1672273	1680828	0.99491
chr17_ctg5_hap1	1	8510	1680828	0.00506298
chr17_ctg5_hap1	2	45	1680828	2.67725e-05
chr17_gl000203_random	0	36998	37498	0.986666
chr17_gl000203_random	1	500	37498	0.013334
chr17_gl000204_random	0	80146	81310	0.985684
chr17_gl000204_random	1	1128	81310	0.0138728
chr17_gl000204_random	2	36	81310	0.00044275
chr17_gl000205_random	0	166791	174588	0.955341
chr17_gl000205_random	1	7644	174588	0.0437831
chr17_gl000205_random	2	153	174588	0.000876349
chr17_gl000206_random	0	40601	41001	0.990244
chr17_gl000206_random	1	400	41001	0.00975586
chr18_gl000207_random	0	4121	4262	0.966917
chr18_gl000207_random	1	132	4262	0.0309714
chr18_gl000207_random	2	9	4262	0.00211168
chr19_gl000208_random	0	86456	92689	0.932754
chr19_gl000208_random	1	5273	92689	0.0568892
chr19_gl000208_random	2	547	92689	0.00590146
chr19_gl000208_random	3	274	92689	0.00295612
chr19_gl000208_random	4	95	92689	0.00102493
chr19_gl000208_random	5	33	92689	0.000356029
chr19_gl000208_random	6	11	92689	0.000118676
chr19_gl000209_random	0	156954	159169	0.986084
chr19_gl000209_random	1	2180	159169	0.0136961
chr19_gl000209_random	2	35	159169	0.000219892
chr21_gl000210_random	0	27532	27682	0.994581
chr21_gl000210_random	1	150	27682	0.00541868
chrUn_gl000211	0	163766	166566	0.98319
chrUn_gl000211	1	2800	166566	0.0168102
chrUn_gl000212	0	184828	186858	0.989136
chrUn_gl000212	1	1910	186858	0.0102217
chrUn_gl000212	2	120	186858	0.000642199
chrUn_gl000213	0	162376	164239	0.988657
chrUn_gl000213	1	1826	164239	0.0111179
chrUn_gl000213	2	37	164239	0.000225281
chrUn_gl000214	0	125822	137718	0.913621
chrUn_gl000214	1	9997	137718	0.0725904
chrUn_gl000214	2	1225	137718	0.00889499
chrUn_gl000214	3	356	137718	0.00258499
chrUn_gl000214	4	193	137718	0.00140141
chrUn_gl000214	5	89	137718	0.000646248
chrUn_gl000214	6	34	137718	0.000246881
chrUn_gl000214	7	2	137718	1.45224e-05
chrUn_gl000215	0	171202	172545	0.992217
chrUn_gl000215	1	1336	172545	0.00774291
chrUn_gl000215	2	7	172545	4.05691e-05
chrUn_gl000216	0	165400	172294	0.959987
chrUn_gl000216	1	5255	172294	0.0305002
chrUn_gl000216	2	1112	172294	0.00645408
chrUn_gl000216	3	263	172294	0.00152646
chrUn_gl000216	4	152	172294	0.000882213
chrUn_gl000216	5	37	172294	0.000214749
chrUn_gl000216	6	30	172294	0.000174121
chrUn_gl000216	7	5	172294	2.90202e-05
chrUn_gl000216	8	5	172294	2.90202e-05
chrUn_gl000216	9	3	172294	1.74121e-05
chrUn_gl000216	10	12	172294	6.96484e-05
chrUn_gl000216	11	3	172294	1.74121e-05
chrUn_gl000216	12	17	172294	9.86686e-05
chrUn_gl000217	0	169492	172149	0.984566
chrUn_gl000217	1	2614	172149	0.0151845
chrUn_gl000217	2	43	172149	0.000249784
chrUn_gl000218	0	156848	161147	0.973323
chrUn_gl000218	1	4298	161147	0.0266713
chrUn_gl000218	2	1	161147	6.20551e-06
chrUn_gl000219	0	174781	179198	0.975351
chrUn_gl000219	1	4384	179198	0.0244646
chrUn_gl000219	2	33	179198	0.000184154
chrUn_gl000220	0	113549	161802	0.701777
chrUn_gl000220	1	23273	161802	0.143836
chrUn_gl000220	2	11650	161802	0.0720016
chrUn_gl000220	3	6954	161802	0.0429785
chrUn_gl000220	4	3506	161802	0.0216685
chrUn_gl000220	5	1692	161802	0.0104572
chrUn_gl000220	6	871	161802	0.00538312
chrUn_gl000220	7	259	161802	0.00160072
chrUn_gl000220	8	41	161802	0.000253396
chrUn_gl000220	9	6	161802	3.70824e-05
chrUn_gl000220	10	1	161802	6.18039e-06
chrUn_gl000221	0	151488	155397	0.974845
chrUn_gl000221	1	3818	155397	0.0245693
chrUn_gl000221	2	91	155397	0.000585597
chrUn_gl000222	0	185261	186861	0.991437
chrUn_gl000222	1	1600	186861	0.00856251
chrUn_gl000223	0	179355	180455	0.993904
chrUn_gl000223	1	1100	180455	0.0060957
chrUn_gl000224	0	170905	179693	0.951094
chrUn_gl000224	1	7370	179693	0.0410144
chrUn_gl000224	2	1164	179693	0.00647771
chrUn_gl000224	3	214	179693	0.00119092
chrUn_gl000224	4	40	179693	0.000222602
chrUn_gl000225	0	196005	211173	0.928173
chrUn_gl000225	1	11697	211173	0.0553906
chrUn_gl000225	2	2145	211173	0.0101575
chrUn_gl000225	3	676	211173	0.00320117
chrUn_gl000225	4	217	211173	0.00102759
chrUn_gl000225	5	152	211173	0.000719789
chrUn_gl000225	6	75	211173	0.000355159
chrUn_gl000225	7	78	211173	0.000369365
chrUn_gl000225	8	17	211173	8.05027e-05
chrUn_gl000225	9	59	211173	0.000279392
chrUn_gl000225	10	4	211173	1.89418e-05
chrUn_gl000225	11	1	211173	4.73545e-06
chrUn_gl000225	12	9	211173	4.26191e-05
chrUn_gl000225	13	3	211173	1.42064e-05
chrUn_gl000225	14	4	211173	1.89418e-05
chrUn_gl000225	15	4	211173	1.89418e-05
chrUn_gl000225	16	7	211173	3.31482e-05
chrUn_gl000225	17	5	211173	2.36773e-05
chrUn_gl000225	18	5	211173	2.36773e-05
chrUn_gl000225	19	7	211173	3.31482e-05
chrUn_gl000225	20	3	211173	1.42064e-05
chrUn_gl000226	0	621	15008	0.0413779
chrUn_gl000226	1	1228	15008	0.081823
chrUn_gl000226	2	1428	15008	0.0951493
chrUn_gl000226	3	1963	15008	0.130797
chrUn_gl000226	4	2069	15008	0.13786
chrUn_gl000226	5	1852	15008	0.123401
chrUn_gl000226	6	1646	15008	0.109675
chrUn_gl000226	7	1393	15008	0.0928172
chrUn_gl000226	8	1063	15008	0.0708289
chrUn_gl000226	9	613	15008	0.0408449
chrUn_gl000226	10	466	15008	0.0310501
chrUn_gl000226	11	337	15008	0.0224547
chrUn_gl000226	12	154	15008	0.0102612
chrUn_gl000226	13	101	15008	0.00672974
chrUn_gl000226	14	52	15008	0.00346482
chrUn_gl000226	15	15	15008	0.000999467
chrUn_gl000226	16	7	15008	0.000466418
chrUn_gl000227	0	126974	128374	0.989094
chrUn_gl000227	1	1400	128374	0.0109056
chrUn_gl000228	0	126072	129120	0.976394
chrUn_gl000228	1	2563	129120	0.0198498
chrUn_gl000228	2	286	129120	0.00221499
chrUn_gl000228	3	91	129120	0.000704771
chrUn_gl000228	4	58	129120	0.000449195
chrUn_gl000228	5	4	129120	3.09789e-05
chrUn_gl000228	6	10	129120	7.74473e-05
chrUn_gl000228	7	13	129120	0.000100682
chrUn_gl000228	8	18	129120	0.000139405
chrUn_gl000228	9	5	129120	3.87237e-05
chrUn_gl000229	0	19362	19913	0.97233
chrUn_gl000229	1	502	19913	0.0252097
chrUn_gl000229	2	49	19913	0.0024607
chrUn_gl000230	0	43591	43691	0.997711
chrUn_gl000230	1	100	43691	0.0022888
chrUn_gl000231	0	26825	27386	0.979515
chrUn_gl000231	1	522	27386	0.0190608
chrUn_gl000231	2	39	27386	0.00142409
chrUn_gl000232	0	39352	40652	0.968021
chrUn_gl000232	1	1300	40652	0.0319787
chrUn_gl000233	0	45641	45941	0.99347
chrUn_gl000233	1	300	45941	0.00653011
chrUn_gl000234	0	39200	40531	0.967161
chrUn_gl000234	1	1262	40531	0.0311367
chrUn_gl000234	2	69	40531	0.0017024
chrUn_gl000235	0	33674	34474	0.976794
chrUn_gl000235	1	800	34474	0.0232059
chrUn_gl000236	0	41384	41934	0.986884
chrUn_gl000236	1	550	41934	0.0131158
chrUn_gl000237	0	44517	45867	0.970567
chrUn_gl000237	1	1350	45867	0.0294329
chrUn_gl000238	0	39739	39939	0.994992
chrUn_gl000238	1	200	39939	0.00500764
chrUn_gl000239	0	32691	33824	0.966503
chrUn_gl000239	1	1116	33824	0.0329943
chrUn_gl000239	2	17	33824	0.000502602
chrUn_gl000240	0	41283	41933	0.984499
chrUn_gl000240	1	650	41933	0.0155009
chrUn_gl000241	0	40633	42152	0.963964
chrUn_gl000241	1	1488	42152	0.0353008
chrUn_gl000241	2	31	42152	0.000735434
chrUn_gl000242	0	43323	43523	0.995405
chrUn_gl000242	1	200	43523	0.00459527
chrUn_gl000243	0	41738	43341	0.963014
chrUn_gl000243	1	1316	43341	0.0303639
chrUn_gl000243	2	218	43341	0.00502988
chrUn_gl000243	3	29	43341	0.000669112
chrUn_gl000243	4	39	43341	0.000899841
chrUn_gl000243	5	1	43341	2.30728e-05
chrUn_gl000244	0	39018	39929	0.977184
chrUn_gl000244	1	872	39929	0.0218388
chrUn_gl000244	2	39	39929	0.000976734
chrUn_gl000245	0	35148	36651	0.958992
chrUn_gl000245	1	1456	36651	0.0397261
chrUn_gl000245	2	47	36651	0.00128237
chrUn_gl000246	0	37854	38154	0.992137
chrUn_gl000246	1	300	38154	0.00786287
chrUn_gl000247	0	35972	36422	0.987645
chrUn_gl000247	1	450	36422	0.0123552
chrUn_gl000248	0	39586	39786	0.994973
chrUn_gl000248	1	200	39786	0.00502689
chrUn_gl000249	0	38402	38502	0.997403
chrUn_gl000249	1	100	38502	0.00259727
genome	0	3097875959	3137161264	0.987477
genome	1	38850856	3137161264	0.0123841
genome	2	347718	3137161264	0.000110838
genome	3	33277	3137161264	1.06074e-05
genome	4	18206	3137161264	5.80334e-06
genome	5	10225	3137161264	3.25932e-06
genome	6	7014	3137161264	2.23578e-06
genome	7	4640	3137161264	1.47904e-06
genome	8	3098	3137161264	9.87517e-07
genome	9	2367	3137161264	7.54504e-07
genome	10	1680	3137161264	5.35516e-07
genome	11	1306	3137161264	4.163e-07
genome	12	1049	3137161264	3.34379e-07
genome	13	787	3137161264	2.50864e-07
genome	14	575	3137161264	1.83287e-07
genome	15	502	3137161264	1.60017e-07
genome	16	440	3137161264	1.40254e-07
genome	17	328	3137161264	1.04553e-07
genome	18	274	3137161264	8.73401e-08
genome	19	194	3137161264	6.18393e-08
genome	20	178	3137161264	5.67392e-08
genome	21	117	3137161264	3.72949e-08
genome	22	108	3137161264	3.4426e-08
genome	23	74	3137161264	2.35882e-08
genome	24	55	3137161264	1.75318e-08
genome	25	28	3137161264	8.92527e-09
genome	26	16	3137161264	5.10015e-09
genome	27	17	3137161264	5.41891e-09
genome	28	14	3137161264	4.46263e-09
genome	29	15	3137161264	4.78139e-09
genome	30	32	3137161264	1.02003e-08
genome	31	45	3137161264	1.43442e-08
genome	32	38	3137161264	1.21129e-08
genome	33	13	3137161264	4.14387e-09
genome	34	9	3137161264	2.86884e-09
genome	35	5	3137161264	1.5938e-09
genome	36	5	3137161264	1.5938e-09
