chrM	0	15571	16571	0.939654
chrM	1	1000	16571	0.0603464
chr1	0	245079262	249250621	0.983264
chr1	1	4128839	249250621	0.016565
chr1	2	40765	249250621	0.00016355
chr1	3	415	249250621	1.66499e-06
chr1	4	115	249250621	4.61383e-07
chr1	5	59	249250621	2.3671e-07
chr1	6	25	249250621	1.00301e-07
chr1	7	27	249250621	1.08325e-07
chr1	8	45	249250621	1.80541e-07
chr1	9	38	249250621	1.52457e-07
chr1	10	50	249250621	2.00601e-07
chr1	11	63	249250621	2.52758e-07
chr1	12	73	249250621	2.92878e-07
chr1	13	47	249250621	1.88565e-07
chr1	14	53	249250621	2.12637e-07
chr1	15	85	249250621	3.41022e-07
chr1	16	83	249250621	3.32998e-07
chr1	17	47	249250621	1.88565e-07
chr1	18	54	249250621	2.16649e-07
chr1	19	61	249250621	2.44734e-07
chr1	20	52	249250621	2.08625e-07
chr1	21	25	249250621	1.00301e-07
chr1	22	51	249250621	2.04613e-07
chr1	23	41	249250621	1.64493e-07
chr1	24	29	249250621	1.16349e-07
chr1	25	28	249250621	1.12337e-07
chr1	26	50	249250621	2.00601e-07
chr1	27	42	249250621	1.68505e-07
chr1	28	52	249250621	2.08625e-07
chr1	29	15	249250621	6.01804e-08
chr1	30	9	249250621	3.61082e-08
chr1	31	11	249250621	4.41323e-08
chr1	32	7	249250621	2.80842e-08
chr1	33	3	249250621	1.20361e-08
chr2	0	239984338	243199373	0.98678
chr2	1	3182750	243199373	0.013087
chr2	2	25243	243199373	0.000103795
chr2	3	3317	243199373	1.3639e-05
chr2	4	1654	243199373	6.801e-06
chr2	5	1076	243199373	4.42435e-06
chr2	6	458	243199373	1.88323e-06
chr2	7	266	243199373	1.09375e-06
chr2	8	119	243199373	4.8931e-07
chr2	9	50	243199373	2.05593e-07
chr2	10	41	243199373	1.68586e-07
chr2	11	13	243199373	5.34541e-08
chr2	12	3	243199373	1.23356e-08
chr2	13	5	243199373	2.05593e-08
chr2	14	5	243199373	2.05593e-08
chr2	15	4	243199373	1.64474e-08
chr2	16	12	243199373	4.93422e-08
chr2	17	13	243199373	5.34541e-08
chr2	18	6	243199373	2.46711e-08
chr3	0	194944596	198022430	0.984457
chr3	1	3045102	198022430	0.0153776
chr3	2	32323	198022430	0.000163229
chr3	3	306	198022430	1.54528e-06
chr3	4	6	198022430	3.02996e-08
chr3	5	3	198022430	1.51498e-08
chr3	6	5	198022430	2.52497e-08
chr3	7	2	198022430	1.00999e-08
chr3	8	7	198022430	3.53495e-08
chr3	9	6	198022430	3.02996e-08
chr3	10	4	198022430	2.01997e-08
chr3	11	1	198022430	5.04993e-09
chr3	12	10	198022430	5.04993e-08
chr3	13	5	198022430	2.52497e-08
chr3	14	7	198022430	3.53495e-08
chr3	15	10	198022430	5.04993e-08
chr3	16	5	198022430	2.52497e-08
chr3	17	3	198022430	1.51498e-08
chr3	18	4	198022430	2.01997e-08
chr3	19	8	198022430	4.03995e-08
chr3	20	8	198022430	4.03995e-08
chr3	21	6	198022430	3.02996e-08
chr3	22	3	198022430	1.51498e-08
chr4	0	189471954	191154276	0.991199
chr4	1	1672932	191154276	0.00875174
chr4	2	8671	191154276	4.53613e-05
chr4	3	492	191154276	2.57384e-06
chr4	4	87	191154276	4.5513e-07
chr4	5	39	191154276	2.04024e-07
chr4	6	50	191154276	2.61569e-07
chr4	7	51	191154276	2.668e-07
chr5	0	179139594	180915260	0.990185
chr5	1	1765567	180915260	0.00975908
chr5	2	9859	180915260	5.44951e-05
chr5	3	154	180915260	8.51227e-07
chr5	4	10	180915260	5.52745e-08
chr5	5	34	180915260	1.87933e-07
chr5	6	1	180915260	5.52745e-09
chr5	7	41	180915260	2.26625e-07
chr6	0	168678467	171115067	0.98576
chr6	1	2414954	171115067	0.014113
chr6	2	17816	171115067	0.000104117
chr6	3	254	171115067	1.48438e-06
chr6	4	426	171115067	2.48955e-06
chr6	5	319	171115067	1.86424e-06
chr6	6	371	171115067	2.16813e-06
chr6	7	376	171115067	2.19735e-06
chr6	8	410	171115067	2.39605e-06
chr6	9	382	171115067	2.23242e-06
chr6	10	384	171115067	2.2441e-06
chr6	11	347	171115067	2.02788e-06
chr6	12	218	171115067	1.274e-06
chr6	13	133	171115067	7.77255e-07
chr6	14	97	171115067	5.6687e-07
chr6	15	41	171115067	2.39605e-07
chr6	16	29	171115067	1.69477e-07
chr6	17	36	171115067	2.10385e-07
chr6	18	7	171115067	4.09081e-08
chr7	0	156507153	159138663	0.983464
chr7	1	2604487	159138663	0.0163661
chr7	2	23256	159138663	0.000146137
chr7	3	722	159138663	4.53692e-06
chr7	4	523	159138663	3.28644e-06
chr7	5	370	159138663	2.32502e-06
chr7	6	356	159138663	2.23704e-06
chr7	7	160	159138663	1.00541e-06
chr7	8	206	159138663	1.29447e-06
chr7	9	188	159138663	1.18136e-06
chr7	10	158	159138663	9.92845e-07
chr7	11	119	159138663	7.47776e-07
chr7	12	142	159138663	8.92304e-07
chr7	13	148	159138663	9.30007e-07
chr7	14	156	159138663	9.80277e-07
chr7	15	131	159138663	8.23181e-07
chr7	16	103	159138663	6.47234e-07
chr7	17	69	159138663	4.33584e-07
chr7	18	48	159138663	3.01624e-07
chr7	19	48	159138663	3.01624e-07
chr7	20	51	159138663	3.20475e-07
chr7	21	28	159138663	1.75947e-07
chr7	22	20	159138663	1.25677e-07
chr7	23	18	159138663	1.13109e-07
chr7	24	3	159138663	1.88515e-08
chr8	0	143873351	146364022	0.982983
chr8	1	2458128	146364022	0.0167946
chr8	2	27864	146364022	0.000190375
chr8	3	2593	146364022	1.77161e-05
chr8	4	1145	146364022	7.82296e-06
chr8	5	467	146364022	3.19067e-06
chr8	6	269	146364022	1.83788e-06
chr8	7	134	146364022	9.15526e-07
chr8	8	45	146364022	3.07453e-07
chr8	9	22	146364022	1.5031e-07
chr8	10	4	146364022	2.73291e-08
chr9	0	139750513	141213431	0.98964
chr9	1	1453034	141213431	0.0102896
chr9	2	9339	141213431	6.61339e-05
chr9	3	239	141213431	1.69247e-06
chr9	4	163	141213431	1.15428e-06
chr9	5	108	141213431	7.648e-07
chr9	6	16	141213431	1.13304e-07
chr9	7	19	141213431	1.34548e-07
chr10	0	133329374	135534747	0.983728
chr10	1	2172038	135534747	0.0160257
chr10	2	22817	135534747	0.000168348
chr10	3	2727	135534747	2.01203e-05
chr10	4	1532	135534747	1.13034e-05
chr10	5	1155	135534747	8.5218e-06
chr10	6	943	135534747	6.95763e-06
chr10	7	716	135534747	5.28278e-06
chr10	8	580	135534747	4.27935e-06
chr10	9	563	135534747	4.15392e-06
chr10	10	389	135534747	2.87011e-06
chr10	11	323	135534747	2.38315e-06
chr10	12	374	135534747	2.75944e-06
chr10	13	267	135534747	1.96997e-06
chr10	14	236	135534747	1.74125e-06
chr10	15	216	135534747	1.59369e-06
chr10	16	174	135534747	1.2838e-06
chr10	17	130	135534747	9.59164e-07
chr10	18	75	135534747	5.53364e-07
chr10	19	47	135534747	3.46775e-07
chr10	20	38	135534747	2.80371e-07
chr10	21	14	135534747	1.03295e-07
chr10	22	10	135534747	7.37818e-08
chr10	23	6	135534747	4.42691e-08
chr10	24	3	135534747	2.21345e-08
chr11	0	133622904	135006516	0.989752
chr11	1	1373834	135006516	0.0101761
chr11	2	8680	135006516	6.42932e-05
chr11	3	337	135006516	2.49618e-06
chr11	4	289	135006516	2.14064e-06
chr11	5	187	135006516	1.38512e-06
chr11	6	121	135006516	8.96253e-07
chr11	7	43	135006516	3.18503e-07
chr11	8	67	135006516	4.96272e-07
chr11	9	49	135006516	3.62945e-07
chr11	10	5	135006516	3.70352e-08
chr12	0	132038474	133851895	0.986452
chr12	1	1802642	133851895	0.0134674
chr12	2	10564	133851895	7.89231e-05
chr12	3	168	133851895	1.25512e-06
chr12	4	9	133851895	6.72385e-08
chr12	5	38	133851895	2.83896e-07
chr13	0	114027450	115169878	0.99008
chr13	1	1136465	115169878	0.00986773
chr13	2	5904	115169878	5.12634e-05
chr13	3	59	115169878	5.12287e-07
chr14	0	106552230	107349540	0.992573
chr14	1	793620	107349540	0.00739286
chr14	2	3690	107349540	3.43737e-05
chr15	0	101563781	102531392	0.990563
chr15	1	961796	102531392	0.0093805
chr15	2	5791	102531392	5.64803e-05
chr15	3	24	102531392	2.34075e-07
chr16	0	89225148	90354753	0.987498
chr16	1	1098500	90354753	0.0121576
chr16	2	16478	90354753	0.00018237
chr16	3	6169	90354753	6.82753e-05
chr16	4	3546	90354753	3.92453e-05
chr16	5	2311	90354753	2.5577e-05
chr16	6	1165	90354753	1.28936e-05
chr16	7	706	90354753	7.81365e-06
chr16	8	391	90354753	4.32739e-06
chr16	9	221	90354753	2.44591e-06
chr16	10	66	90354753	7.30454e-07
chr16	11	35	90354753	3.87362e-07
chr16	12	17	90354753	1.88147e-07
chr17	0	80324826	81195210	0.98928
chr17	1	862811	81195210	0.0106264
chr17	2	6793	81195210	8.36626e-05
chr17	3	540	81195210	6.65064e-06
chr17	4	176	81195210	2.16762e-06
chr17	5	55	81195210	6.7738e-07
chr17	6	9	81195210	1.10844e-07
chr18	0	76846489	78077248	0.984237
chr18	1	1219300	78077248	0.0156166
chr18	2	10141	78077248	0.000129884
chr18	3	510	78077248	6.53199e-06
chr18	4	182	78077248	2.33102e-06
chr18	5	195	78077248	2.49753e-06
chr18	6	185	78077248	2.36945e-06
chr18	7	74	78077248	9.47779e-07
chr18	8	35	78077248	4.48274e-07
chr18	9	50	78077248	6.40391e-07
chr18	10	35	78077248	4.48274e-07
chr18	11	21	78077248	2.68964e-07
chr18	12	11	78077248	1.40886e-07
chr18	13	16	78077248	2.04925e-07
chr18	14	4	78077248	5.12313e-08
chr19	0	58006936	59128983	0.981024
chr19	1	1096195	59128983	0.018539
chr19	2	23302	59128983	0.000394088
chr19	3	893	59128983	1.51026e-05
chr19	4	364	59128983	6.15603e-06
chr19	5	247	59128983	4.17731e-06
chr19	6	208	59128983	3.51773e-06
chr19	7	139	59128983	2.35079e-06
chr19	8	121	59128983	2.04637e-06
chr19	9	175	59128983	2.95963e-06
chr19	10	73	59128983	1.23459e-06
chr19	11	81	59128983	1.36989e-06
chr19	12	17	59128983	2.87507e-07
chr19	13	24	59128983	4.05892e-07
chr19	14	74	59128983	1.2515e-06
chr19	15	42	59128983	7.10312e-07
chr19	16	29	59128983	4.90453e-07
chr19	17	11	59128983	1.86034e-07
chr19	18	16	59128983	2.70595e-07
chr19	19	16	59128983	2.70595e-07
chr19	20	5	59128983	8.45609e-08
chr19	21	9	59128983	1.5221e-07
chr19	22	6	59128983	1.01473e-07
chr20	0	62144380	63025520	0.986019
chr20	1	874156	63025520	0.0138699
chr20	2	6846	63025520	0.000108623
chr20	3	89	63025520	1.41213e-06
chr20	4	4	63025520	6.34664e-08
chr20	5	1	63025520	1.58666e-08
chr20	6	44	63025520	6.9813e-07
chr21	0	47524964	48129895	0.987431
chr21	1	599493	48129895	0.0124557
chr21	2	5226	48129895	0.000108581
chr21	3	164	48129895	3.40745e-06
chr21	4	31	48129895	6.4409e-07
chr21	5	13	48129895	2.70102e-07
chr21	6	4	48129895	8.31084e-08
chr22	0	50964005	51304566	0.993362
chr22	1	338596	51304566	0.00659972
chr22	2	1872	51304566	3.6488e-05
chr22	3	12	51304566	2.33897e-07
chr22	4	81	51304566	1.57881e-06
chrX	0	153799229	155270560	0.990524
chrX	1	1456127	155270560	0.009378
chrX	2	13443	155270560	8.65779e-05
chrX	3	1385	155270560	8.91991e-06
chrX	4	268	155270560	1.72602e-06
chrX	5	37	155270560	2.38294e-07
chrX	6	46	155270560	2.96257e-07
chrX	7	10	155270560	6.44037e-08
chrX	8	6	155270560	3.86422e-08
chrX	9	9	155270560	5.79633e-08
chrY	0	59310915	59373566	0.998945
chrY	1	60314	59373566	0.00101584
chrY	2	1623	59373566	2.73354e-05
chrY	3	430	59373566	7.24228e-06
chrY	4	190	59373566	3.20008e-06
chrY	5	74	59373566	1.24635e-06
chrY	6	20	59373566	3.3685e-07
chr1_gl000191_random	0	105683	106433	0.992953
chr1_gl000191_random	1	750	106433	0.00704669
chr1_gl000192_random	0	535670	547496	0.9784
chr1_gl000192_random	1	11502	547496	0.0210084
chr1_gl000192_random	2	324	547496	0.000591785
chr4_ctg9_hap1	0	588376	590426	0.996528
chr4_ctg9_hap1	1	2050	590426	0.00347207
chr4_gl000193_random	0	185864	189789	0.979319
chr4_gl000193_random	1	3752	189789	0.0197693
chr4_gl000193_random	2	125	189789	0.000658626
chr4_gl000193_random	3	44	189789	0.000231836
chr4_gl000193_random	4	4	189789	2.1076e-05
chr4_gl000194_random	0	187323	191469	0.978346
chr4_gl000194_random	1	4055	191469	0.0211784
chr4_gl000194_random	2	78	191469	0.000407377
chr4_gl000194_random	3	13	191469	6.78961e-05
chr6_apd_hap1	0	4615937	4622290	0.998626
chr6_apd_hap1	1	6306	4622290	0.00136426
chr6_apd_hap1	2	47	4622290	1.01681e-05
chr6_cox_hap2	0	4778248	4795371	0.996429
chr6_cox_hap2	1	17096	4795371	0.0035651
chr6_cox_hap2	2	27	4795371	5.63043e-06
chr6_dbb_hap3	0	4597723	4610396	0.997251
chr6_dbb_hap3	1	12646	4610396	0.00274293
chr6_dbb_hap3	2	27	4610396	5.85633e-06
chr6_mann_hap4	0	4669463	4683263	0.997053
chr6_mann_hap4	1	13800	4683263	0.00294666
chr6_mcf_hap5	0	4820398	4833398	0.99731
chr6_mcf_hap5	1	13000	4833398	0.00268962
chr6_qbl_hap6	0	4599129	4611984	0.997213
chr6_qbl_hap6	1	12810	4611984	0.00277755
chr6_qbl_hap6	2	45	4611984	9.75719e-06
chr6_ssto_hap7	0	4914876	4928567	0.997222
chr6_ssto_hap7	1	13682	4928567	0.00277606
chr6_ssto_hap7	2	9	4928567	1.82609e-06
chr7_gl000195_random	0	174930	182896	0.956445
chr7_gl000195_random	1	7632	182896	0.0417286
chr7_gl000195_random	2	334	182896	0.00182617
chr8_gl000196_random	0	38414	38914	0.987151
chr8_gl000196_random	1	500	38914	0.0128488
chr8_gl000197_random	0	36925	37175	0.993275
chr8_gl000197_random	1	250	37175	0.00672495
chr9_gl000198_random	0	86184	90085	0.956696
chr9_gl000198_random	1	3852	90085	0.0427596
chr9_gl000198_random	2	49	90085	0.000543931
chr9_gl000199_random	0	153047	169874	0.900944
chr9_gl000199_random	1	13842	169874	0.0814839
chr9_gl000199_random	2	2214	169874	0.0130332
chr9_gl000199_random	3	234	169874	0.00137749
chr9_gl000199_random	4	89	169874	0.000523918
chr9_gl000199_random	5	201	169874	0.00118323
chr9_gl000199_random	6	64	169874	0.00037675
chr9_gl000199_random	7	62	169874	0.000364976
chr9_gl000199_random	8	11	169874	6.47539e-05
chr9_gl000199_random	9	17	169874	0.000100074
chr9_gl000199_random	10	21	169874	0.000123621
chr9_gl000199_random	11	34	169874	0.000200148
chr9_gl000199_random	12	3	169874	1.76601e-05
chr9_gl000199_random	13	2	169874	1.17734e-05
chr9_gl000199_random	14	4	169874	2.35469e-05
chr9_gl000199_random	15	8	169874	4.70937e-05
chr9_gl000199_random	16	21	169874	0.000123621
chr9_gl000200_random	0	186195	187035	0.995509
chr9_gl000200_random	1	830	187035	0.00443767
chr9_gl000200_random	2	10	187035	5.34659e-05
chr9_gl000201_random	0	35948	36148	0.994467
chr9_gl000201_random	1	200	36148	0.00553281
chr11_gl000202_random	0	39803	40103	0.992519
chr11_gl000202_random	1	300	40103	0.00748074
chr17_ctg5_hap1	0	1674328	1680828	0.996133
chr17_ctg5_hap1	1	6500	1680828	0.00386714
chr17_gl000203_random	0	37298	37498	0.994666
chr17_gl000203_random	1	200	37498	0.00533362
chr17_gl000204_random	0	79660	81310	0.979707
chr17_gl000204_random	1	1650	81310	0.0202927
chr17_gl000205_random	0	168242	174588	0.963652
chr17_gl000205_random	1	6142	174588	0.03518
chr17_gl000205_random	2	204	174588	0.00116847
chr17_gl000206_random	0	40651	41001	0.991464
chr17_gl000206_random	1	350	41001	0.00853638
chr18_gl000207_random	0	4112	4262	0.964805
chr18_gl000207_random	1	150	4262	0.0351947
chr19_gl000208_random	0	85560	92689	0.923087
chr19_gl000208_random	1	5620	92689	0.0606329
chr19_gl000208_random	2	935	92689	0.0100875
chr19_gl000208_random	3	297	92689	0.00320426
chr19_gl000208_random	4	131	92689	0.00141333
chr19_gl000208_random	5	82	92689	0.000884679
chr19_gl000208_random	6	63	92689	0.000679692
chr19_gl000208_random	7	1	92689	1.07888e-05
chr19_gl000209_random	0	158019	159169	0.992775
chr19_gl000209_random	1	1150	159169	0.00722502
chr21_gl000210_random	0	27432	27682	0.990969
chr21_gl000210_random	1	250	27682	0.00903114
chrUn_gl000211	0	163338	166566	0.98062
chrUn_gl000211	1	3206	166566	0.0192476
chrUn_gl000211	2	22	166566	0.00013208
chrUn_gl000212	0	185150	186858	0.990859
chrUn_gl000212	1	1666	186858	0.00891586
chrUn_gl000212	2	42	186858	0.00022477
chrUn_gl000213	0	162289	164239	0.988127
chrUn_gl000213	1	1950	164239	0.0118729
chrUn_gl000214	0	126496	137718	0.918515
chrUn_gl000214	1	9785	137718	0.071051
chrUn_gl000214	2	1075	137718	0.00780581
chrUn_gl000214	3	210	137718	0.00152486
chrUn_gl000214	4	125	137718	0.000907652
chrUn_gl000214	5	27	137718	0.000196053
chrUn_gl000215	0	170845	172545	0.990147
chrUn_gl000215	1	1700	172545	0.0098525
chrUn_gl000216	0	165018	172294	0.95777
chrUn_gl000216	1	5933	172294	0.0344353
chrUn_gl000216	2	923	172294	0.00535712
chrUn_gl000216	3	284	172294	0.00164835
chrUn_gl000216	4	65	172294	0.000377262
chrUn_gl000216	5	67	172294	0.00038887
chrUn_gl000216	6	4	172294	2.32161e-05
chrUn_gl000217	0	169649	172149	0.985478
chrUn_gl000217	1	2500	172149	0.0145223
chrUn_gl000218	0	157482	161147	0.977257
chrUn_gl000218	1	3580	161147	0.0222157
chrUn_gl000218	2	85	161147	0.000527469
chrUn_gl000219	0	175995	179198	0.982126
chrUn_gl000219	1	3156	179198	0.0176118
chrUn_gl000219	2	47	179198	0.00026228
chrUn_gl000220	0	113352	161802	0.70056
chrUn_gl000220	1	21830	161802	0.134918
chrUn_gl000220	2	12334	161802	0.076229
chrUn_gl000220	3	7931	161802	0.0490167
chrUn_gl000220	4	3818	161802	0.0235967
chrUn_gl000220	5	1638	161802	0.0101235
chrUn_gl000220	6	612	161802	0.0037824
chrUn_gl000220	7	226	161802	0.00139677
chrUn_gl000220	8	56	161802	0.000346102
chrUn_gl000220	9	5	161802	3.0902e-05
chrUn_gl000221	0	150209	155397	0.966615
chrUn_gl000221	1	5126	155397	0.0329865
chrUn_gl000221	2	62	155397	0.000398978
chrUn_gl000222	0	184911	186861	0.989564
chrUn_gl000222	1	1950	186861	0.0104356
chrUn_gl000223	0	179155	180455	0.992796
chrUn_gl000223	1	1300	180455	0.00720401
chrUn_gl000224	0	170569	179693	0.949225
chrUn_gl000224	1	7496	179693	0.0417156
chrUn_gl000224	2	1364	179693	0.00759072
chrUn_gl000224	3	230	179693	0.00127996
chrUn_gl000224	4	34	179693	0.000189212
chrUn_gl000225	0	196458	211173	0.930318
chrUn_gl000225	1	11601	211173	0.054936
chrUn_gl000225	2	1837	211173	0.00869903
chrUn_gl000225	3	680	211173	0.00322011
chrUn_gl000225	4	216	211173	0.00102286
chrUn_gl000225	5	125	211173	0.000591932
chrUn_gl000225	6	122	211173	0.000577725
chrUn_gl000225	7	77	211173	0.00036463
chrUn_gl000225	8	43	211173	0.000203625
chrUn_gl000225	9	9	211173	4.26191e-05
chrUn_gl000225	10	5	211173	2.36773e-05
chrUn_gl000226	0	1020	15008	0.0679637
chrUn_gl000226	1	1540	15008	0.102612
chrUn_gl000226	2	1933	15008	0.128798
chrUn_gl000226	3	2104	15008	0.140192
chrUn_gl000226	4	2343	15008	0.156117
chrUn_gl000226	5	2105	15008	0.140259
chrUn_gl000226	6	1539	15008	0.102545
chrUn_gl000226	7	1013	15008	0.0674973
chrUn_gl000226	8	702	15008	0.0467751
chrUn_gl000226	9	375	15008	0.0249867
chrUn_gl000226	10	193	15008	0.0128598
chrUn_gl000226	11	81	15008	0.00539712
chrUn_gl000226	12	41	15008	0.00273188
chrUn_gl000226	13	10	15008	0.000666311
chrUn_gl000226	14	9	15008	0.00059968
chrUn_gl000227	0	126624	128374	0.986368
chrUn_gl000227	1	1750	128374	0.013632
chrUn_gl000228	0	126011	129120	0.975922
chrUn_gl000228	1	2694	129120	0.0208643
chrUn_gl000228	2	195	129120	0.00151022
chrUn_gl000228	3	170	129120	0.0013166
chrUn_gl000228	4	44	129120	0.000340768
chrUn_gl000228	5	6	129120	4.64684e-05
chrUn_gl000229	0	19053	19913	0.956812
chrUn_gl000229	1	820	19913	0.0411791
chrUn_gl000229	2	40	19913	0.00200874
chrUn_gl000230	0	43541	43691	0.996567
chrUn_gl000230	1	150	43691	0.0034332
chrUn_gl000231	0	26736	27386	0.976265
chrUn_gl000231	1	650	27386	0.0237348
chrUn_gl000232	0	39081	40652	0.961355
chrUn_gl000232	1	1492	40652	0.0367018
chrUn_gl000232	2	79	40652	0.00194332
chrUn_gl000233	0	45591	45941	0.992382
chrUn_gl000233	1	350	45941	0.00761847
chrUn_gl000234	0	39679	40531	0.978979
chrUn_gl000234	1	804	40531	0.0198367
chrUn_gl000234	2	48	40531	0.00118428
chrUn_gl000235	0	33774	34474	0.979695
chrUn_gl000235	1	700	34474	0.0203052
chrUn_gl000236	0	41584	41934	0.991654
chrUn_gl000236	1	350	41934	0.00834645
chrUn_gl000237	0	44315	45867	0.966163
chrUn_gl000237	1	1504	45867	0.0327905
chrUn_gl000237	2	48	45867	0.0010465
chrUn_gl000238	0	39539	39939	0.989985
chrUn_gl000238	1	400	39939	0.0100153
chrUn_gl000239	0	32808	33824	0.969962
chrUn_gl000239	1	932	33824	0.0275544
chrUn_gl000239	2	84	33824	0.00248344
chrUn_gl000240	0	41233	41933	0.983307
chrUn_gl000240	1	700	41933	0.0166933
chrUn_gl000241	0	41202	42152	0.977463
chrUn_gl000241	1	950	42152	0.0225375
chrUn_gl000242	0	43273	43523	0.994256
chrUn_gl000242	1	250	43523	0.00574409
chrUn_gl000243	0	42270	43341	0.975289
chrUn_gl000243	1	1042	43341	0.0240419
chrUn_gl000243	2	29	43341	0.000669112
chrUn_gl000244	0	39529	39929	0.989982
chrUn_gl000244	1	400	39929	0.0100178
chrUn_gl000245	0	35077	36651	0.957054
chrUn_gl000245	1	1498	36651	0.040872
chrUn_gl000245	2	76	36651	0.00207361
chrUn_gl000246	0	38004	38154	0.996069
chrUn_gl000246	1	150	38154	0.00393144
chrUn_gl000247	0	35922	36422	0.986272
chrUn_gl000247	1	500	36422	0.013728
chrUn_gl000248	0	39686	39786	0.997487
chrUn_gl000248	1	100	39786	0.00251345
chrUn_gl000249	0	38452	38502	0.998701
chrUn_gl000249	1	50	38502	0.00129863
genome	0	3097876262	3137161264	0.987478
genome	1	38836102	3137161264	0.0123794
genome	2	363057	3137161264	0.000115728
genome	3	34196	3137161264	1.09003e-05
genome	4	17670	3137161264	5.63248e-06
genome	5	11039	3137161264	3.51879e-06
genome	6	6700	3137161264	2.13569e-06
genome	7	4143	3137161264	1.32062e-06
genome	8	2844	3137161264	9.06552e-07
genome	9	2159	3137161264	6.88202e-07
genome	10	1428	3137161264	4.55189e-07
genome	11	1118	3137161264	3.56373e-07
genome	12	909	3137161264	2.89752e-07
genome	13	657	3137161264	2.09425e-07
genome	14	645	3137161264	2.056e-07
genome	15	537	3137161264	1.71174e-07
genome	16	456	3137161264	1.45354e-07
genome	17	309	3137161264	9.84967e-08
genome	18	210	3137161264	6.69395e-08
genome	19	180	3137161264	5.73767e-08
genome	20	154	3137161264	4.9089e-08
genome	21	82	3137161264	2.61383e-08
genome	22	90	3137161264	2.86884e-08
genome	23	65	3137161264	2.07194e-08
genome	24	35	3137161264	1.11566e-08
genome	25	28	3137161264	8.92527e-09
genome	26	50	3137161264	1.5938e-08
genome	27	42	3137161264	1.33879e-08
genome	28	52	3137161264	1.65755e-08
genome	29	15	3137161264	4.78139e-09
genome	30	9	3137161264	2.86884e-09
genome	31	11	3137161264	3.50635e-09
genome	32	7	3137161264	2.23132e-09
genome	33	3	3137161264	9.56279e-10
