chrM	0	15580	16571	0.940197
chrM	1	982	16571	0.0592602
chrM	2	9	16571	0.000543118
chr1	0	245540111	249250621	0.985113
chr1	1	3538176	249250621	0.0141953
chr1	2	160705	249250621	0.000644753
chr1	3	9217	249250621	3.69788e-05
chr1	4	1064	249250621	4.2688e-06
chr1	5	138	249250621	5.5366e-07
chr1	6	64	249250621	2.5677e-07
chr1	7	37	249250621	1.48445e-07
chr1	8	7	249250621	2.80842e-08
chr1	9	8	249250621	3.20962e-08
chr1	10	16	249250621	6.41924e-08
chr1	11	25	249250621	1.00301e-07
chr1	12	34	249250621	1.36409e-07
chr1	13	43	249250621	1.72517e-07
chr1	14	48	249250621	1.92577e-07
chr1	15	38	249250621	1.52457e-07
chr1	16	38	249250621	1.52457e-07
chr1	17	71	249250621	2.84854e-07
chr1	18	69	249250621	2.7683e-07
chr1	19	45	249250621	1.80541e-07
chr1	20	40	249250621	1.60481e-07
chr1	21	41	249250621	1.64493e-07
chr1	22	58	249250621	2.32698e-07
chr1	23	34	249250621	1.36409e-07
chr1	24	41	249250621	1.64493e-07
chr1	25	27	249250621	1.08325e-07
chr1	26	20	249250621	8.02405e-08
chr1	27	18	249250621	7.22165e-08
chr1	28	10	249250621	4.01203e-08
chr1	29	20	249250621	8.02405e-08
chr1	30	30	249250621	1.20361e-07
chr1	31	21	249250621	8.42525e-08
chr1	32	14	249250621	5.61684e-08
chr1	33	16	249250621	6.41924e-08
chr1	34	10	249250621	4.01203e-08
chr1	35	16	249250621	6.41924e-08
chr1	36	6	249250621	2.40722e-08
chr1	37	4	249250621	1.60481e-08
chr1	38	10	249250621	4.01203e-08
chr1	39	4	249250621	1.60481e-08
chr1	40	9	249250621	3.61082e-08
chr1	41	4	249250621	1.60481e-08
chr1	42	4	249250621	1.60481e-08
chr1	43	14	249250621	5.61684e-08
chr1	44	11	249250621	4.41323e-08
chr1	45	4	249250621	1.60481e-08
chr1	46	5	249250621	2.00601e-08
chr1	47	7	249250621	2.80842e-08
chr1	48	9	249250621	3.61082e-08
chr1	49	9	249250621	3.61082e-08
chr1	50	10	249250621	4.01203e-08
chr1	51	13	249250621	5.21563e-08
chr1	52	14	249250621	5.61684e-08
chr1	53	14	249250621	5.61684e-08
chr1	54	15	249250621	6.01804e-08
chr1	55	33	249250621	1.32397e-07
chr1	56	15	249250621	6.01804e-08
chr1	57	11	249250621	4.41323e-08
chr1	58	7	249250621	2.80842e-08
chr1	59	7	249250621	2.80842e-08
chr1	60	3	249250621	1.20361e-08
chr1	61	3	249250621	1.20361e-08
chr1	62	6	249250621	2.40722e-08
chr2	0	239574499	243199373	0.985095
chr2	1	3467009	243199373	0.0142558
chr2	2	143874	243199373	0.000591589
chr2	3	9746	243199373	4.00741e-05
chr2	4	1723	243199373	7.08472e-06
chr2	5	821	243199373	3.37583e-06
chr2	6	497	243199373	2.04359e-06
chr2	7	337	243199373	1.38569e-06
chr2	8	295	243199373	1.213e-06
chr2	9	164	243199373	6.74344e-07
chr2	10	150	243199373	6.16778e-07
chr2	11	55	243199373	2.26152e-07
chr2	12	78	243199373	3.20724e-07
chr2	13	38	243199373	1.5625e-07
chr2	14	18	243199373	7.40134e-08
chr2	15	27	243199373	1.1102e-07
chr2	16	27	243199373	1.1102e-07
chr2	17	13	243199373	5.34541e-08
chr2	18	2	243199373	8.22371e-09
chr3	0	195389552	198022430	0.986704
chr3	1	2521353	198022430	0.0127327
chr3	2	105003	198022430	0.000530258
chr3	3	5860	198022430	2.95926e-05
chr3	4	457	198022430	2.30782e-06
chr3	5	78	198022430	3.93895e-07
chr3	6	36	198022430	1.81798e-07
chr3	7	14	198022430	7.06991e-08
chr3	8	1	198022430	5.04993e-09
chr3	9	2	198022430	1.00999e-08
chr3	10	2	198022430	1.00999e-08
chr3	11	4	198022430	2.01997e-08
chr3	12	1	198022430	5.04993e-09
chr3	13	3	198022430	1.51498e-08
chr3	14	3	198022430	1.51498e-08
chr3	15	11	198022430	5.55493e-08
chr3	16	9	198022430	4.54494e-08
chr3	17	4	198022430	2.01997e-08
chr3	18	2	198022430	1.00999e-08
chr3	19	5	198022430	2.52497e-08
chr3	20	6	198022430	3.02996e-08
chr3	21	16	198022430	8.07989e-08
chr3	22	4	198022430	2.01997e-08
chr3	23	2	198022430	1.00999e-08
chr3	24	2	198022430	1.00999e-08
chr4	0	189366045	191154276	0.990645
chr4	1	1718260	191154276	0.00898887
chr4	2	65092	191154276	0.000340521
chr4	3	4282	191154276	2.24008e-05
chr4	4	340	191154276	1.77867e-06
chr4	5	160	191154276	8.3702e-07
chr4	6	79	191154276	4.13279e-07
chr4	7	18	191154276	9.41648e-08
chr5	0	178939438	180915260	0.989079
chr5	1	1900070	180915260	0.0105025
chr5	2	70900	180915260	0.000391896
chr5	3	4578	180915260	2.53047e-05
chr5	4	274	180915260	1.51452e-06
chr6	0	169269095	171115067	0.989212
chr6	1	1768853	171115067	0.0103372
chr6	2	69052	171115067	0.000403541
chr6	3	5045	171115067	2.94831e-05
chr6	4	822	171115067	4.80379e-06
chr6	5	479	171115067	2.79929e-06
chr6	6	442	171115067	2.58306e-06
chr6	7	307	171115067	1.79411e-06
chr6	8	261	171115067	1.52529e-06
chr6	9	169	171115067	9.8764e-07
chr6	10	87	171115067	5.0843e-07
chr6	11	117	171115067	6.8375e-07
chr6	12	113	171115067	6.60374e-07
chr6	13	81	171115067	4.73366e-07
chr6	14	50	171115067	2.92201e-07
chr6	15	41	171115067	2.39605e-07
chr6	16	26	171115067	1.51945e-07
chr6	17	18	171115067	1.05192e-07
chr6	18	9	171115067	5.25962e-08
chr7	0	156990114	159138663	0.986499
chr7	1	2057887	159138663	0.0129314
chr7	2	83122	159138663	0.000522324
chr7	3	4879	159138663	3.06588e-05
chr7	4	608	159138663	3.82057e-06
chr7	5	242	159138663	1.52069e-06
chr7	6	152	159138663	9.55142e-07
chr7	7	158	159138663	9.92845e-07
chr7	8	119	159138663	7.47776e-07
chr7	9	103	159138663	6.47234e-07
chr7	10	86	159138663	5.40409e-07
chr7	11	54	159138663	3.39327e-07
chr7	12	57	159138663	3.58178e-07
chr7	13	38	159138663	2.38785e-07
chr7	14	49	159138663	3.07908e-07
chr7	15	49	159138663	3.07908e-07
chr7	16	56	159138663	3.51894e-07
chr7	17	71	159138663	4.46152e-07
chr7	18	49	159138663	3.07908e-07
chr7	19	47	159138663	2.9534e-07
chr7	20	52	159138663	3.26759e-07
chr7	21	53	159138663	3.33043e-07
chr7	22	69	159138663	4.33584e-07
chr7	23	64	159138663	4.02165e-07
chr7	24	46	159138663	2.89056e-07
chr7	25	35	159138663	2.19934e-07
chr7	26	39	159138663	2.45069e-07
chr7	27	42	159138663	2.63921e-07
chr7	28	34	159138663	2.1365e-07
chr7	29	38	159138663	2.38785e-07
chr7	30	25	159138663	1.57096e-07
chr7	31	15	159138663	9.42574e-08
chr7	32	23	159138663	1.44528e-07
chr7	33	15	159138663	9.42574e-08
chr7	34	23	159138663	1.44528e-07
chr7	35	20	159138663	1.25677e-07
chr7	36	23	159138663	1.44528e-07
chr7	37	9	159138663	5.65545e-08
chr7	38	6	159138663	3.7703e-08
chr7	39	1	159138663	6.28383e-09
chr7	40	2	159138663	1.25677e-08
chr7	41	2	159138663	1.25677e-08
chr7	42	4	159138663	2.51353e-08
chr7	43	4	159138663	2.51353e-08
chr7	44	5	159138663	3.14191e-08
chr7	45	5	159138663	3.14191e-08
chr7	46	6	159138663	3.7703e-08
chr7	47	9	159138663	5.65545e-08
chr7	48	13	159138663	8.16898e-08
chr7	49	15	159138663	9.42574e-08
chr7	50	9	159138663	5.65545e-08
chr7	51	10	159138663	6.28383e-08
chr7	52	4	159138663	2.51353e-08
chr7	53	3	159138663	1.88515e-08
chr8	0	144491191	146364022	0.987204
chr8	1	1787379	146364022	0.0122119
chr8	2	78655	146364022	0.000537393
chr8	3	5509	146364022	3.7639e-05
chr8	4	831	146364022	5.67762e-06
chr8	5	221	146364022	1.50993e-06
chr8	6	90	146364022	6.14905e-07
chr8	7	69	146364022	4.71427e-07
chr8	8	44	146364022	3.0062e-07
chr8	9	8	146364022	5.46582e-08
chr8	10	17	146364022	1.16149e-07
chr8	11	8	146364022	5.46582e-08
chr9	0	139775522	141213431	0.989818
chr9	1	1381288	141213431	0.00978156
chr9	2	53143	141213431	0.000376331
chr9	3	3091	141213431	2.18889e-05
chr9	4	185	141213431	1.31007e-06
chr9	5	71	141213431	5.02785e-07
chr9	6	79	141213431	5.59437e-07
chr9	7	32	141213431	2.26607e-07
chr9	8	20	141213431	1.4163e-07
chr10	0	132856867	135534747	0.980242
chr10	1	2522604	135534747	0.0186122
chr10	2	138174	135534747	0.00101947
chr10	3	11628	135534747	8.57935e-05
chr10	4	2081	135534747	1.5354e-05
chr10	5	821	135534747	6.05749e-06
chr10	6	377	135534747	2.78157e-06
chr10	7	311	135534747	2.29461e-06
chr10	8	225	135534747	1.66009e-06
chr10	9	239	135534747	1.76339e-06
chr10	10	195	135534747	1.43875e-06
chr10	11	168	135534747	1.23953e-06
chr10	12	168	135534747	1.23953e-06
chr10	13	114	135534747	8.41113e-07
chr10	14	104	135534747	7.67331e-07
chr10	15	76	135534747	5.60742e-07
chr10	16	63	135534747	4.64825e-07
chr10	17	75	135534747	5.53364e-07
chr10	18	106	135534747	7.82087e-07
chr10	19	72	135534747	5.31229e-07
chr10	20	53	135534747	3.91044e-07
chr10	21	38	135534747	2.80371e-07
chr10	22	45	135534747	3.32018e-07
chr10	23	41	135534747	3.02505e-07
chr10	24	32	135534747	2.36102e-07
chr10	25	30	135534747	2.21345e-07
chr10	26	22	135534747	1.6232e-07
chr10	27	5	135534747	3.68909e-08
chr10	28	3	135534747	2.21345e-08
chr10	29	6	135534747	4.42691e-08
chr10	30	4	135534747	2.95127e-08
chr11	0	132837192	135006516	0.983932
chr11	1	2068782	135006516	0.0153236
chr11	2	94322	135006516	0.000698648
chr11	3	5135	135006516	3.80352e-05
chr11	4	568	135006516	4.2072e-06
chr11	5	190	135006516	1.40734e-06
chr11	6	81	135006516	5.99971e-07
chr11	7	39	135006516	2.88875e-07
chr11	8	42	135006516	3.11096e-07
chr11	9	35	135006516	2.59247e-07
chr11	10	9	135006516	6.66635e-08
chr11	11	19	135006516	1.40734e-07
chr11	12	18	135006516	1.33327e-07
chr11	13	4	135006516	2.96282e-08
chr11	14	3	135006516	2.22212e-08
chr11	15	4	135006516	2.96282e-08
chr11	16	4	135006516	2.96282e-08
chr11	17	5	135006516	3.70352e-08
chr11	18	1	135006516	7.40705e-09
chr11	19	3	135006516	2.22212e-08
chr11	20	1	135006516	7.40705e-09
chr11	21	1	135006516	7.40705e-09
chr11	22	3	135006516	2.22212e-08
chr11	23	3	135006516	2.22212e-08
chr11	24	2	135006516	1.48141e-08
chr11	25	2	135006516	1.48141e-08
chr11	26	3	135006516	2.22212e-08
chr11	27	3	135006516	2.22212e-08
chr11	28	1	135006516	7.40705e-09
chr11	29	1	135006516	7.40705e-09
chr11	30	4	135006516	2.96282e-08
chr11	31	5	135006516	3.70352e-08
chr11	32	4	135006516	2.96282e-08
chr11	33	5	135006516	3.70352e-08
chr11	34	8	135006516	5.92564e-08
chr11	35	3	135006516	2.22212e-08
chr11	36	3	135006516	2.22212e-08
chr11	37	3	135006516	2.22212e-08
chr11	38	5	135006516	3.70352e-08
chr12	0	132398707	133851895	0.989143
chr12	1	1397021	133851895	0.0104371
chr12	2	53306	133851895	0.000398246
chr12	3	2646	133851895	1.97681e-05
chr12	4	196	133851895	1.46431e-06
chr12	5	19	133851895	1.41948e-07
chr13	0	114227237	115169878	0.991815
chr13	1	907948	115169878	0.00788355
chr13	2	32543	115169878	0.000282565
chr13	3	1984	115169878	1.72267e-05
chr13	4	166	115169878	1.44135e-06
chr14	0	106328225	107349540	0.990486
chr14	1	980927	107349540	0.00913769
chr14	2	38212	107349540	0.000355959
chr14	3	2066	107349540	1.92455e-05
chr14	4	99	107349540	9.22221e-07
chr14	5	11	107349540	1.02469e-07
chr15	0	101678662	102531392	0.991683
chr15	1	820875	102531392	0.00800608
chr15	2	30553	102531392	0.000297987
chr15	3	1189	102531392	1.15964e-05
chr15	4	113	102531392	1.1021e-06
chr16	0	89516274	90354753	0.99072
chr16	1	805061	90354753	0.00891
chr16	2	30881	90354753	0.000341775
chr16	3	2186	90354753	2.41935e-05
chr16	4	249	90354753	2.7558e-06
chr16	5	57	90354753	6.30847e-07
chr16	6	29	90354753	3.20957e-07
chr16	7	14	90354753	1.54945e-07
chr16	8	2	90354753	2.2135e-08
chr17	0	80129487	81195210	0.986875
chr17	1	1016154	81195210	0.012515
chr17	2	45552	81195210	0.000561018
chr17	3	3359	81195210	4.13694e-05
chr17	4	413	81195210	5.08651e-06
chr17	5	89	81195210	1.09612e-06
chr17	6	5	81195210	6.158e-08
chr17	7	19	81195210	2.34004e-07
chr17	8	19	81195210	2.34004e-07
chr17	9	27	81195210	3.32532e-07
chr17	10	16	81195210	1.97056e-07
chr17	11	16	81195210	1.97056e-07
chr17	12	33	81195210	4.06428e-07
chr17	13	16	81195210	1.97056e-07
chr17	14	5	81195210	6.158e-08
chr18	0	77033251	78077248	0.986629
chr18	1	996405	78077248	0.0127618
chr18	2	43766	78077248	0.000560547
chr18	3	2966	78077248	3.7988e-05
chr18	4	312	78077248	3.99604e-06
chr18	5	129	78077248	1.65221e-06
chr18	6	34	78077248	4.35466e-07
chr18	7	77	78077248	9.86203e-07
chr18	8	53	78077248	6.78815e-07
chr18	9	47	78077248	6.01968e-07
chr18	10	62	78077248	7.94085e-07
chr18	11	69	78077248	8.8374e-07
chr18	12	51	78077248	6.53199e-07
chr18	13	23	78077248	2.9458e-07
chr18	14	3	78077248	3.84235e-08
chr19	0	58339026	59128983	0.98664
chr19	1	755204	59128983	0.0127721
chr19	2	31164	59128983	0.000527051
chr19	3	2307	59128983	3.90164e-05
chr19	4	326	59128983	5.51337e-06
chr19	5	170	59128983	2.87507e-06
chr19	6	162	59128983	2.73977e-06
chr19	7	126	59128983	2.13093e-06
chr19	8	60	59128983	1.01473e-06
chr19	9	56	59128983	9.47082e-07
chr19	10	57	59128983	9.63994e-07
chr19	11	33	59128983	5.58102e-07
chr19	12	16	59128983	2.70595e-07
chr19	13	38	59128983	6.42663e-07
chr19	14	32	59128983	5.4119e-07
chr19	15	27	59128983	4.56629e-07
chr19	16	33	59128983	5.58102e-07
chr19	17	26	59128983	4.39717e-07
chr19	18	13	59128983	2.19858e-07
chr19	19	12	59128983	2.02946e-07
chr19	20	14	59128983	2.36771e-07
chr19	21	15	59128983	2.53683e-07
chr19	22	5	59128983	8.45609e-08
chr19	23	5	59128983	8.45609e-08
chr19	24	5	59128983	8.45609e-08
chr19	25	2	59128983	3.38244e-08
chr19	26	4	59128983	6.76487e-08
chr19	27	1	59128983	1.69122e-08
chr19	28	2	59128983	3.38244e-08
chr19	29	3	59128983	5.07365e-08
chr19	30	3	59128983	5.07365e-08
chr19	31	1	59128983	1.69122e-08
chr19	32	3	59128983	5.07365e-08
chr19	33	2	59128983	3.38244e-08
chr19	34	4	59128983	6.76487e-08
chr19	35	3	59128983	5.07365e-08
chr19	36	4	59128983	6.76487e-08
chr19	37	6	59128983	1.01473e-07
chr19	38	10	59128983	1.69122e-07
chr19	39	3	59128983	5.07365e-08
chr20	0	62234871	63025520	0.987455
chr20	1	758598	63025520	0.0120364
chr20	2	30123	63025520	0.000477949
chr20	3	1806	63025520	2.86551e-05
chr20	4	122	63025520	1.93572e-06
chr21	0	47761322	48129895	0.992342
chr21	1	354384	48129895	0.00736307
chr21	2	13450	48129895	0.000279452
chr21	3	634	48129895	1.31727e-05
chr21	4	61	48129895	1.2674e-06
chr21	5	44	48129895	9.14193e-07
chr22	0	50972803	51304566	0.993533
chr22	1	320240	51304566	0.00624194
chr22	2	11025	51304566	0.000214893
chr22	3	394	51304566	7.67963e-06
chr22	4	56	51304566	1.09152e-06
chr22	5	2	51304566	3.89829e-08
chr22	6	28	51304566	5.4576e-07
chr22	7	18	51304566	3.50846e-07
chrX	0	152962914	155270560	0.985138
chrX	1	2193443	155270560	0.0141266
chrX	2	101779	155270560	0.000655495
chrX	3	9138	155270560	5.88521e-05
chrX	4	2023	155270560	1.30289e-05
chrX	5	657	155270560	4.23132e-06
chrX	6	315	155270560	2.02872e-06
chrX	7	115	155270560	7.40643e-07
chrX	8	89	155270560	5.73193e-07
chrX	9	44	155270560	2.83376e-07
chrX	10	20	155270560	1.28807e-07
chrX	11	21	155270560	1.35248e-07
chrX	12	2	155270560	1.28807e-08
chrY	0	59319131	59373566	0.999083
chrY	1	52743	59373566	0.000888325
chrY	2	1328	59373566	2.23669e-05
chrY	3	196	59373566	3.30113e-06
chrY	4	71	59373566	1.19582e-06
chrY	5	47	59373566	7.91598e-07
chrY	6	18	59373566	3.03165e-07
chrY	7	20	59373566	3.3685e-07
chrY	8	12	59373566	2.0211e-07
chr1_gl000191_random	0	105483	106433	0.991074
chr1_gl000191_random	1	950	106433	0.0089258
chr1_gl000192_random	0	536818	547496	0.980497
chr1_gl000192_random	1	10109	547496	0.0184641
chr1_gl000192_random	2	516	547496	0.000942473
chr1_gl000192_random	3	53	547496	9.68044e-05
chr4_ctg9_hap1	0	589063	590426	0.997692
chr4_ctg9_hap1	1	1326	590426	0.00224584
chr4_ctg9_hap1	2	37	590426	6.26666e-05
chr4_gl000193_random	0	186829	189789	0.984404
chr4_gl000193_random	1	2870	189789	0.0151221
chr4_gl000193_random	2	90	189789	0.000474211
chr4_gl000194_random	0	186132	191469	0.972126
chr4_gl000194_random	1	5002	191469	0.0261243
chr4_gl000194_random	2	307	191469	0.00160339
chr4_gl000194_random	3	28	191469	0.000146238
chr6_apd_hap1	0	4618334	4622290	0.999144
chr6_apd_hap1	1	3912	4622290	0.000846334
chr6_apd_hap1	2	44	4622290	9.51909e-06
chr6_cox_hap2	0	4785378	4795371	0.997916
chr6_cox_hap2	1	9936	4795371	0.002072
chr6_cox_hap2	2	57	4795371	1.18865e-05
chr6_dbb_hap3	0	4603237	4610396	0.998447
chr6_dbb_hap3	1	7068	4610396	0.00153306
chr6_dbb_hap3	2	91	4610396	1.9738e-05
chr6_mann_hap4	0	4676248	4683263	0.998502
chr6_mann_hap4	1	6930	4683263	0.00147974
chr6_mann_hap4	2	85	4683263	1.81497e-05
chr6_mcf_hap5	0	4825341	4833398	0.998333
chr6_mcf_hap5	1	8014	4833398	0.00165805
chr6_mcf_hap5	2	43	4833398	8.89643e-06
chr6_qbl_hap6	0	4604104	4611984	0.998291
chr6_qbl_hap6	1	7810	4611984	0.00169341
chr6_qbl_hap6	2	70	4611984	1.51778e-05
chr6_ssto_hap7	0	4920645	4928567	0.998393
chr6_ssto_hap7	1	7794	4928567	0.00158139
chr6_ssto_hap7	2	128	4928567	2.5971e-05
chr7_gl000195_random	0	178544	182896	0.976205
chr7_gl000195_random	1	4304	182896	0.0235325
chr7_gl000195_random	2	48	182896	0.000262444
chr8_gl000196_random	0	38564	38914	0.991006
chr8_gl000196_random	1	350	38914	0.00899419
chr8_gl000197_random	0	37125	37175	0.998655
chr8_gl000197_random	1	50	37175	0.00134499
chr9_gl000198_random	0	86478	90085	0.95996
chr9_gl000198_random	1	3264	90085	0.0362324
chr9_gl000198_random	2	343	90085	0.00380752
chr9_gl000199_random	0	142883	169874	0.841112
chr9_gl000199_random	1	20896	169874	0.123009
chr9_gl000199_random	2	4080	169874	0.0240178
chr9_gl000199_random	3	1023	169874	0.00602211
chr9_gl000199_random	4	484	169874	0.00284917
chr9_gl000199_random	5	186	169874	0.00109493
chr9_gl000199_random	6	142	169874	0.000835914
chr9_gl000199_random	7	66	169874	0.000388523
chr9_gl000199_random	8	11	169874	6.47539e-05
chr9_gl000199_random	9	6	169874	3.53203e-05
chr9_gl000199_random	10	20	169874	0.000117734
chr9_gl000199_random	11	25	169874	0.000147168
chr9_gl000199_random	12	9	169874	5.29804e-05
chr9_gl000199_random	13	8	169874	4.70937e-05
chr9_gl000199_random	15	7	169874	4.1207e-05
chr9_gl000199_random	16	20	169874	0.000117734
chr9_gl000199_random	17	4	169874	2.35469e-05
chr9_gl000199_random	18	3	169874	1.76601e-05
chr9_gl000199_random	19	1	169874	5.88672e-06
chr9_gl000200_random	0	186335	187035	0.996257
chr9_gl000200_random	1	700	187035	0.00374261
chr9_gl000201_random	0	36098	36148	0.998617
chr9_gl000201_random	1	50	36148	0.0013832
chr17_ctg5_hap1	0	1674516	1680828	0.996245
chr17_ctg5_hap1	1	6274	1680828	0.00373268
chr17_ctg5_hap1	2	38	1680828	2.26079e-05
chr17_gl000203_random	0	37348	37498	0.996
chr17_gl000203_random	1	150	37498	0.00400021
chr17_gl000204_random	0	80710	81310	0.992621
chr17_gl000204_random	1	600	81310	0.00737917
chr17_gl000205_random	0	171212	174588	0.980663
chr17_gl000205_random	1	3252	174588	0.0186267
chr17_gl000205_random	2	124	174588	0.000710244
chr17_gl000206_random	0	40701	41001	0.992683
chr17_gl000206_random	1	300	41001	0.00731689
chr18_gl000207_random	0	4162	4262	0.976537
chr18_gl000207_random	1	100	4262	0.0234632
chr19_gl000208_random	0	87945	92689	0.948818
chr19_gl000208_random	1	3415	92689	0.0368436
chr19_gl000208_random	2	814	92689	0.00878206
chr19_gl000208_random	3	298	92689	0.00321505
chr19_gl000208_random	4	150	92689	0.00161832
chr19_gl000208_random	5	47	92689	0.000507072
chr19_gl000208_random	6	12	92689	0.000129465
chr19_gl000208_random	7	8	92689	8.63101e-05
chr19_gl000209_random	0	157962	159169	0.992417
chr19_gl000209_random	1	1164	159169	0.00731298
chr19_gl000209_random	2	43	159169	0.000270153
chrUn_gl000211	0	163740	166566	0.983034
chrUn_gl000211	1	2802	166566	0.0168222
chrUn_gl000211	2	24	166566	0.000144087
chrUn_gl000212	0	184363	186858	0.986648
chrUn_gl000212	1	2390	186858	0.0127905
chrUn_gl000212	2	105	186858	0.000561924
chrUn_gl000213	0	163489	164239	0.995434
chrUn_gl000213	1	750	164239	0.00456652
chrUn_gl000214	0	131809	137718	0.957093
chrUn_gl000214	1	5296	137718	0.0384554
chrUn_gl000214	2	408	137718	0.00296258
chrUn_gl000214	3	98	137718	0.000711599
chrUn_gl000214	4	51	137718	0.000370322
chrUn_gl000214	5	15	137718	0.000108918
chrUn_gl000214	6	24	137718	0.000174269
chrUn_gl000214	7	15	137718	0.000108918
chrUn_gl000214	8	2	137718	1.45224e-05
chrUn_gl000215	0	171995	172545	0.996812
chrUn_gl000215	1	550	172545	0.00318757
chrUn_gl000216	0	169664	172294	0.984735
chrUn_gl000216	1	2375	172294	0.0137846
chrUn_gl000216	2	205	172294	0.00118983
chrUn_gl000216	3	35	172294	0.000203141
chrUn_gl000216	4	15	172294	8.70605e-05
chrUn_gl000217	0	168516	172149	0.978896
chrUn_gl000217	1	3566	172149	0.0207146
chrUn_gl000217	2	67	172149	0.000389198
chrUn_gl000218	0	157869	161147	0.979658
chrUn_gl000218	1	3219	161147	0.0199756
chrUn_gl000218	2	46	161147	0.000285454
chrUn_gl000218	3	13	161147	8.06717e-05
chrUn_gl000219	0	176685	179198	0.985976
chrUn_gl000219	1	2376	179198	0.0132591
chrUn_gl000219	2	137	179198	0.000764517
chrUn_gl000220	0	137107	161802	0.847375
chrUn_gl000220	1	11532	161802	0.0712723
chrUn_gl000220	2	5022	161802	0.0310379
chrUn_gl000220	3	3113	161802	0.0192396
chrUn_gl000220	4	1654	161802	0.0102224
chrUn_gl000220	5	1126	161802	0.00695912
chrUn_gl000220	6	819	161802	0.00506174
chrUn_gl000220	7	473	161802	0.00292333
chrUn_gl000220	8	296	161802	0.0018294
chrUn_gl000220	9	200	161802	0.00123608
chrUn_gl000220	10	128	161802	0.00079109
chrUn_gl000220	11	102	161802	0.0006304
chrUn_gl000220	12	54	161802	0.000333741
chrUn_gl000220	13	70	161802	0.000432628
chrUn_gl000220	14	35	161802	0.000216314
chrUn_gl000220	15	12	161802	7.41647e-05
chrUn_gl000220	16	10	161802	6.18039e-05
chrUn_gl000220	17	12	161802	7.41647e-05
chrUn_gl000220	18	8	161802	4.94431e-05
chrUn_gl000220	19	9	161802	5.56235e-05
chrUn_gl000220	20	3	161802	1.85412e-05
chrUn_gl000220	21	6	161802	3.70824e-05
chrUn_gl000220	22	4	161802	2.47216e-05
chrUn_gl000220	23	5	161802	3.0902e-05
chrUn_gl000220	24	2	161802	1.23608e-05
chrUn_gl000221	0	151947	155397	0.977799
chrUn_gl000221	1	3450	155397	0.0222012
chrUn_gl000222	0	185628	186861	0.993402
chrUn_gl000222	1	1183	186861	0.00633091
chrUn_gl000222	2	33	186861	0.000176602
chrUn_gl000222	3	17	186861	9.09767e-05
chrUn_gl000223	0	179086	180455	0.992414
chrUn_gl000223	1	1338	180455	0.00741459
chrUn_gl000223	2	31	180455	0.000171788
chrUn_gl000224	0	175183	179693	0.974902
chrUn_gl000224	1	3772	179693	0.0209914
chrUn_gl000224	2	553	179693	0.00307747
chrUn_gl000224	3	128	179693	0.000712326
chrUn_gl000224	4	47	179693	0.000261557
chrUn_gl000224	5	10	179693	5.56505e-05
chrUn_gl000225	0	205749	211173	0.974315
chrUn_gl000225	1	5110	211173	0.0241982
chrUn_gl000225	2	302	211173	0.00143011
chrUn_gl000225	3	12	211173	5.68254e-05
chrUn_gl000226	0	1949	15008	0.129864
chrUn_gl000226	1	1847	15008	0.123068
chrUn_gl000226	2	1890	15008	0.125933
chrUn_gl000226	3	1594	15008	0.10621
chrUn_gl000226	4	1433	15008	0.0954824
chrUn_gl000226	5	1314	15008	0.0875533
chrUn_gl000226	6	1057	15008	0.0704291
chrUn_gl000226	7	912	15008	0.0607676
chrUn_gl000226	8	766	15008	0.0510394
chrUn_gl000226	9	617	15008	0.0411114
chrUn_gl000226	10	425	15008	0.0283182
chrUn_gl000226	11	320	15008	0.021322
chrUn_gl000226	12	268	15008	0.0178571
chrUn_gl000226	13	156	15008	0.0103945
chrUn_gl000226	14	107	15008	0.00712953
chrUn_gl000226	15	69	15008	0.00459755
chrUn_gl000226	16	83	15008	0.00553038
chrUn_gl000226	17	65	15008	0.00433102
chrUn_gl000226	18	40	15008	0.00266525
chrUn_gl000226	19	24	15008	0.00159915
chrUn_gl000226	20	21	15008	0.00139925
chrUn_gl000226	21	20	15008	0.00133262
chrUn_gl000226	22	7	15008	0.000466418
chrUn_gl000226	23	5	15008	0.000333156
chrUn_gl000226	24	10	15008	0.000666311
chrUn_gl000226	25	7	15008	0.000466418
chrUn_gl000226	26	2	15008	0.000133262
chrUn_gl000227	0	127774	128374	0.995326
chrUn_gl000227	1	600	128374	0.00467384
chrUn_gl000228	0	128462	129120	0.994904
chrUn_gl000228	1	616	129120	0.00477076
chrUn_gl000228	2	42	129120	0.000325279
chrUn_gl000229	0	19663	19913	0.987445
chrUn_gl000229	1	250	19913	0.0125546
chrUn_gl000230	0	43591	43691	0.997711
chrUn_gl000230	1	100	43691	0.0022888
chrUn_gl000231	0	26678	27386	0.974147
chrUn_gl000231	1	666	27386	0.024319
chrUn_gl000231	2	42	27386	0.00153363
chrUn_gl000232	0	38850	40652	0.955673
chrUn_gl000232	1	1754	40652	0.0431467
chrUn_gl000232	2	48	40652	0.00118075
chrUn_gl000233	0	45841	45941	0.997823
chrUn_gl000233	1	100	45941	0.0021767
chrUn_gl000234	0	39253	40531	0.968469
chrUn_gl000234	1	1156	40531	0.0285214
chrUn_gl000234	2	122	40531	0.00301004
chrUn_gl000235	0	33424	34474	0.969542
chrUn_gl000235	1	1050	34474	0.0304577
chrUn_gl000236	0	41534	41934	0.990461
chrUn_gl000236	1	400	41934	0.0095388
chrUn_gl000237	0	44540	45867	0.971069
chrUn_gl000237	1	1254	45867	0.0273399
chrUn_gl000237	2	73	45867	0.00159156
chrUn_gl000238	0	39789	39939	0.996244
chrUn_gl000238	1	150	39939	0.00375573
chrUn_gl000239	0	32810	33824	0.970021
chrUn_gl000239	1	928	33824	0.0274361
chrUn_gl000239	2	86	33824	0.00254257
chrUn_gl000240	0	41197	41933	0.982448
chrUn_gl000240	1	722	41933	0.0172179
chrUn_gl000240	2	14	41933	0.000333866
chrUn_gl000241	0	40870	42152	0.969586
chrUn_gl000241	1	1222	42152	0.0289903
chrUn_gl000241	2	52	42152	0.00123363
chrUn_gl000241	3	8	42152	0.000189789
chrUn_gl000242	0	43323	43523	0.995405
chrUn_gl000242	1	200	43523	0.00459527
chrUn_gl000243	0	42629	43341	0.983572
chrUn_gl000243	1	674	43341	0.0155511
chrUn_gl000243	2	38	43341	0.000876768
chrUn_gl000244	0	39155	39929	0.980616
chrUn_gl000244	1	748	39929	0.0187333
chrUn_gl000244	2	26	39929	0.000651156
chrUn_gl000245	0	35336	36651	0.964121
chrUn_gl000245	1	1230	36651	0.0335598
chrUn_gl000245	2	85	36651	0.00231917
chrUn_gl000246	0	37785	38154	0.990329
chrUn_gl000246	1	338	38154	0.00885884
chrUn_gl000246	2	31	38154	0.000812497
chrUn_gl000247	0	35942	36422	0.986821
chrUn_gl000247	1	430	36422	0.0118061
chrUn_gl000247	2	30	36422	0.000823678
chrUn_gl000247	3	20	36422	0.000549119
chrUn_gl000248	0	39586	39786	0.994973
chrUn_gl000248	1	200	39786	0.00502689
chrUn_gl000249	0	38302	38502	0.994805
chrUn_gl000249	1	200	38502	0.00519454
chr11_gl000202_random	0	40103	40103	1
chr21_gl000210_random	0	27682	27682	1
genome	0	3099194209	3137161264	0.987898
genome	1	36274780	3137161264	0.0115629
genome	2	1542203	3137161264	0.000491592
genome	3	106281	3137161264	3.38781e-05
genome	4	16994	3137161264	5.417e-06
genome	5	7144	3137161264	2.27722e-06
genome	6	4542	3137161264	1.44781e-06
genome	7	3185	3137161264	1.01525e-06
genome	8	2324	3137161264	7.40797e-07
genome	9	1725	3137161264	5.4986e-07
genome	10	1290	3137161264	4.112e-07
genome	11	1036	3137161264	3.30235e-07
genome	12	902	3137161264	2.87521e-07
genome	13	632	3137161264	2.01456e-07
genome	14	457	3137161264	1.45673e-07
genome	15	361	3137161264	1.15072e-07
genome	16	369	3137161264	1.17622e-07
genome	17	364	3137161264	1.16028e-07
genome	18	302	3137161264	9.62654e-08
genome	19	218	3137161264	6.94896e-08
genome	20	190	3137161264	6.05643e-08
genome	21	190	3137161264	6.05643e-08
genome	22	195	3137161264	6.21581e-08
genome	23	159	3137161264	5.06828e-08
genome	24	140	3137161264	4.46263e-08
genome	25	103	3137161264	3.28322e-08
genome	26	90	3137161264	2.86884e-08
genome	27	69	3137161264	2.19944e-08
genome	28	50	3137161264	1.5938e-08
genome	29	68	3137161264	2.16756e-08
genome	30	66	3137161264	2.10381e-08
genome	31	42	3137161264	1.33879e-08
genome	32	44	3137161264	1.40254e-08
genome	33	38	3137161264	1.21129e-08
genome	34	45	3137161264	1.43442e-08
genome	35	42	3137161264	1.33879e-08
genome	36	36	3137161264	1.14753e-08
genome	37	22	3137161264	7.01271e-09
genome	38	31	3137161264	9.88155e-09
genome	39	8	3137161264	2.55008e-09
genome	40	11	3137161264	3.50635e-09
genome	41	6	3137161264	1.91256e-09
genome	42	8	3137161264	2.55008e-09
genome	43	18	3137161264	5.73767e-09
genome	44	16	3137161264	5.10015e-09
genome	45	9	3137161264	2.86884e-09
genome	46	11	3137161264	3.50635e-09
genome	47	16	3137161264	5.10015e-09
genome	48	22	3137161264	7.01271e-09
genome	49	24	3137161264	7.65023e-09
genome	50	19	3137161264	6.05643e-09
genome	51	23	3137161264	7.33147e-09
genome	52	18	3137161264	5.73767e-09
genome	53	17	3137161264	5.41891e-09
genome	54	15	3137161264	4.78139e-09
genome	55	33	3137161264	1.05191e-08
genome	56	15	3137161264	4.78139e-09
genome	57	11	3137161264	3.50635e-09
genome	58	7	3137161264	2.23132e-09
genome	59	7	3137161264	2.23132e-09
genome	60	3	3137161264	9.56279e-10
genome	61	3	3137161264	9.56279e-10
genome	62	6	3137161264	1.91256e-09
