chrM	0	14029	16571	0.846599
chrM	1	2102	16571	0.126848
chrM	2	422	16571	0.0254662
chrM	3	18	16571	0.00108624
chr1	0	245569251	249250621	0.98523
chr1	1	3493381	249250621	0.0140155
chr1	2	174313	249250621	0.000699348
chr1	3	11428	249250621	4.58494e-05
chr1	4	830	249250621	3.32998e-06
chr1	5	196	249250621	7.86357e-07
chr1	6	91	249250621	3.65094e-07
chr1	7	23	249250621	9.22766e-08
chr1	8	33	249250621	1.32397e-07
chr1	9	40	249250621	1.60481e-07
chr1	10	46	249250621	1.84553e-07
chr1	11	16	249250621	6.41924e-08
chr1	12	33	249250621	1.32397e-07
chr1	13	38	249250621	1.52457e-07
chr1	14	44	249250621	1.76529e-07
chr1	15	49	249250621	1.96589e-07
chr1	16	60	249250621	2.40722e-07
chr1	17	61	249250621	2.44734e-07
chr1	18	61	249250621	2.44734e-07
chr1	19	78	249250621	3.12938e-07
chr1	20	63	249250621	2.52758e-07
chr1	21	65	249250621	2.60782e-07
chr1	22	50	249250621	2.00601e-07
chr1	23	29	249250621	1.16349e-07
chr1	24	29	249250621	1.16349e-07
chr1	25	19	249250621	7.62285e-08
chr1	26	17	249250621	6.82044e-08
chr1	27	13	249250621	5.21563e-08
chr1	28	20	249250621	8.02405e-08
chr1	29	17	249250621	6.82044e-08
chr1	30	12	249250621	4.81443e-08
chr1	31	8	249250621	3.20962e-08
chr1	32	16	249250621	6.41924e-08
chr1	33	16	249250621	6.41924e-08
chr1	34	25	249250621	1.00301e-07
chr1	35	24	249250621	9.62886e-08
chr1	36	11	249250621	4.41323e-08
chr1	37	13	249250621	5.21563e-08
chr1	38	21	249250621	8.42525e-08
chr1	39	23	249250621	9.22766e-08
chr1	40	18	249250621	7.22165e-08
chr1	41	17	249250621	6.82044e-08
chr1	42	8	249250621	3.20962e-08
chr1	43	8	249250621	3.20962e-08
chr1	44	7	249250621	2.80842e-08
chr2	0	239799016	243199373	0.986018
chr2	1	3232988	243199373	0.0132936
chr2	2	151568	243199373	0.000623225
chr2	3	10669	243199373	4.38694e-05
chr2	4	2125	243199373	8.73769e-06
chr2	5	1050	243199373	4.31745e-06
chr2	6	744	243199373	3.05922e-06
chr2	7	427	243199373	1.75576e-06
chr2	8	267	243199373	1.09786e-06
chr2	9	154	243199373	6.33225e-07
chr2	10	129	243199373	5.30429e-07
chr2	11	55	243199373	2.26152e-07
chr2	12	44	243199373	1.80922e-07
chr2	13	33	243199373	1.35691e-07
chr2	14	12	243199373	4.93422e-08
chr2	15	12	243199373	4.93422e-08
chr2	16	13	243199373	5.34541e-08
chr2	17	7	243199373	2.8783e-08
chr2	18	14	243199373	5.75659e-08
chr2	19	17	243199373	6.99015e-08
chr2	20	17	243199373	6.99015e-08
chr2	21	12	243199373	4.93422e-08
chr3	0	195379598	198022430	0.986654
chr3	1	2519673	198022430	0.0127242
chr3	2	115733	198022430	0.000584444
chr3	3	6850	198022430	3.4592e-05
chr3	4	441	198022430	2.22702e-06
chr3	5	37	198022430	1.86848e-07
chr3	6	5	198022430	2.52497e-08
chr3	7	14	198022430	7.06991e-08
chr3	8	3	198022430	1.51498e-08
chr3	9	6	198022430	3.02996e-08
chr3	10	1	198022430	5.04993e-09
chr3	11	2	198022430	1.00999e-08
chr3	12	6	198022430	3.02996e-08
chr3	13	20	198022430	1.00999e-07
chr3	14	9	198022430	4.54494e-08
chr3	15	6	198022430	3.02996e-08
chr3	16	5	198022430	2.52497e-08
chr3	17	2	198022430	1.00999e-08
chr3	18	7	198022430	3.53495e-08
chr3	19	4	198022430	2.01997e-08
chr3	20	8	198022430	4.03995e-08
chr4	0	189282863	191154276	0.99021
chr4	1	1790223	191154276	0.00936533
chr4	2	75679	191154276	0.000395905
chr4	3	4862	191154276	2.5435e-05
chr4	4	407	191154276	2.12917e-06
chr4	5	117	191154276	6.12071e-07
chr4	6	52	191154276	2.72032e-07
chr4	7	35	191154276	1.83098e-07
chr4	8	29	191154276	1.5171e-07
chr4	9	9	191154276	4.70824e-08
chr5	0	178931653	180915260	0.989036
chr5	1	1899219	180915260	0.0104978
chr5	2	78825	180915260	0.000435701
chr5	3	5038	180915260	2.78473e-05
chr5	4	424	180915260	2.34364e-06
chr5	5	85	180915260	4.69833e-07
chr5	6	16	180915260	8.84392e-08
chr6	0	169297751	171115067	0.98938
chr6	1	1730059	171115067	0.0101105
chr6	2	78624	171115067	0.00045948
chr6	3	5553	171115067	3.24518e-05
chr6	4	1001	171115067	5.84986e-06
chr6	5	462	171115067	2.69994e-06
chr6	6	459	171115067	2.68241e-06
chr6	7	368	171115067	2.1506e-06
chr6	8	269	171115067	1.57204e-06
chr6	9	238	171115067	1.39088e-06
chr6	10	157	171115067	9.17511e-07
chr6	11	100	171115067	5.84402e-07
chr6	12	13	171115067	7.59723e-08
chr6	13	12	171115067	7.01282e-08
chr6	14	1	171115067	5.84402e-09
chr7	0	157044038	159138663	0.986838
chr7	1	1996627	159138663	0.0125465
chr7	2	90246	159138663	0.00056709
chr7	3	5206	159138663	3.27136e-05
chr7	4	684	159138663	4.29814e-06
chr7	5	150	159138663	9.42574e-07
chr7	6	121	159138663	7.60343e-07
chr7	7	78	159138663	4.90139e-07
chr7	8	93	159138663	5.84396e-07
chr7	9	85	159138663	5.34125e-07
chr7	10	89	159138663	5.59261e-07
chr7	11	90	159138663	5.65545e-07
chr7	12	112	159138663	7.03789e-07
chr7	13	87	159138663	5.46693e-07
chr7	14	73	159138663	4.58719e-07
chr7	15	76	159138663	4.77571e-07
chr7	16	75	159138663	4.71287e-07
chr7	17	50	159138663	3.14191e-07
chr7	18	75	159138663	4.71287e-07
chr7	19	59	159138663	3.70746e-07
chr7	20	65	159138663	4.08449e-07
chr7	21	70	159138663	4.39868e-07
chr7	22	48	159138663	3.01624e-07
chr7	23	38	159138663	2.38785e-07
chr7	24	24	159138663	1.50812e-07
chr7	25	37	159138663	2.32502e-07
chr7	26	38	159138663	2.38785e-07
chr7	27	45	159138663	2.82772e-07
chr7	28	46	159138663	2.89056e-07
chr7	29	49	159138663	3.07908e-07
chr7	30	20	159138663	1.25677e-07
chr7	31	14	159138663	8.79736e-08
chr7	32	4	159138663	2.51353e-08
chr7	33	12	159138663	7.54059e-08
chr7	34	2	159138663	1.25677e-08
chr7	35	10	159138663	6.28383e-08
chr7	36	4	159138663	2.51353e-08
chr7	37	8	159138663	5.02706e-08
chr7	38	8	159138663	5.02706e-08
chr7	39	5	159138663	3.14191e-08
chr7	40	2	159138663	1.25677e-08
chr8	0	144464945	146364022	0.987025
chr8	1	1805554	146364022	0.0123361
chr8	2	86103	146364022	0.00058828
chr8	3	5741	146364022	3.92241e-05
chr8	4	1030	146364022	7.03725e-06
chr8	5	272	146364022	1.85838e-06
chr8	6	99	146364022	6.76396e-07
chr8	7	48	146364022	3.27949e-07
chr8	8	48	146364022	3.27949e-07
chr8	9	49	146364022	3.34782e-07
chr8	10	30	146364022	2.04968e-07
chr8	11	31	146364022	2.11801e-07
chr8	12	13	146364022	8.88196e-08
chr8	13	19	146364022	1.29813e-07
chr8	14	23	146364022	1.57142e-07
chr8	15	8	146364022	5.46582e-08
chr8	16	7	146364022	4.7826e-08
chr8	17	2	146364022	1.36646e-08
chr9	0	139797838	141213431	0.989976
chr9	1	1353192	141213431	0.0095826
chr9	2	58617	141213431	0.000415095
chr9	3	3284	141213431	2.32556e-05
chr9	4	365	141213431	2.58474e-06
chr9	5	93	141213431	6.58578e-07
chr9	6	15	141213431	1.06222e-07
chr9	7	9	141213431	6.37333e-08
chr9	8	18	141213431	1.27467e-07
chr10	0	132984461	135534747	0.981184
chr10	1	2398730	135534747	0.0176983
chr10	2	134126	135534747	0.000989606
chr10	3	11591	135534747	8.55205e-05
chr10	4	2240	135534747	1.65271e-05
chr10	5	928	135534747	6.84695e-06
chr10	6	487	135534747	3.59317e-06
chr10	7	344	135534747	2.53809e-06
chr10	8	250	135534747	1.84455e-06
chr10	9	265	135534747	1.95522e-06
chr10	10	217	135534747	1.60107e-06
chr10	11	191	135534747	1.40923e-06
chr10	12	143	135534747	1.05508e-06
chr10	13	116	135534747	8.55869e-07
chr10	14	120	135534747	8.85382e-07
chr10	15	103	135534747	7.59953e-07
chr10	16	112	135534747	8.26356e-07
chr10	17	127	135534747	9.37029e-07
chr10	18	68	135534747	5.01716e-07
chr10	19	37	135534747	2.72993e-07
chr10	20	38	135534747	2.80371e-07
chr10	21	15	135534747	1.10673e-07
chr10	22	4	135534747	2.95127e-08
chr10	23	2	135534747	1.47564e-08
chr10	24	3	135534747	2.21345e-08
chr10	25	9	135534747	6.64036e-08
chr10	26	14	135534747	1.03295e-07
chr10	27	6	135534747	4.42691e-08
chr11	0	132897544	135006516	0.984379
chr11	1	2002892	135006516	0.0148355
chr11	2	98479	135006516	0.000729439
chr11	3	6366	135006516	4.71533e-05
chr11	4	703	135006516	5.20716e-06
chr11	5	185	135006516	1.3703e-06
chr11	6	61	135006516	4.5183e-07
chr11	7	80	135006516	5.92564e-07
chr11	8	52	135006516	3.85167e-07
chr11	9	31	135006516	2.29619e-07
chr11	10	44	135006516	3.2591e-07
chr11	11	19	135006516	1.40734e-07
chr11	12	5	135006516	3.70352e-08
chr11	13	7	135006516	5.18494e-08
chr11	14	4	135006516	2.96282e-08
chr11	15	7	135006516	5.18494e-08
chr11	16	9	135006516	6.66635e-08
chr11	17	15	135006516	1.11106e-07
chr11	18	13	135006516	9.62917e-08
chr12	0	131901481	133851895	0.985429
chr12	1	1859362	133851895	0.0138912
chr12	2	85153	133851895	0.000636173
chr12	3	5529	133851895	4.13068e-05
chr12	4	355	133851895	2.65219e-06
chr12	5	15	133851895	1.12064e-07
chr13	0	114139997	115169878	0.991058
chr13	1	985604	115169878	0.00855783
chr13	2	41913	115169878	0.000363923
chr13	3	2169	115169878	1.8833e-05
chr13	4	162	115169878	1.40662e-06
chr13	5	33	115169878	2.86533e-07
chr14	0	106329034	107349540	0.990494
chr14	1	974653	107349540	0.00907925
chr14	2	42825	107349540	0.00039893
chr14	3	2634	107349540	2.45367e-05
chr14	4	287	107349540	2.67351e-06
chr14	5	53	107349540	4.93714e-07
chr14	6	46	107349540	4.28507e-07
chr14	7	8	107349540	7.45229e-08
chr15	0	101731495	102531392	0.992199
chr15	1	765670	102531392	0.00746766
chr15	2	31947	102531392	0.000311583
chr15	3	2056	102531392	2.00524e-05
chr15	4	202	102531392	1.97013e-06
chr15	5	22	102531392	2.14568e-07
chr16	0	89620733	90354753	0.991876
chr16	1	701796	90354753	0.00776712
chr16	2	30120	90354753	0.000333353
chr16	3	1723	90354753	1.90693e-05
chr16	4	310	90354753	3.43092e-06
chr16	5	71	90354753	7.85792e-07
chr17	0	80195347	81195210	0.987686
chr17	1	952829	81195210	0.011735
chr17	2	43781	81195210	0.000539207
chr17	3	2836	81195210	3.49282e-05
chr17	4	222	81195210	2.73415e-06
chr17	5	42	81195210	5.17272e-07
chr17	6	32	81195210	3.94112e-07
chr17	7	23	81195210	2.83268e-07
chr17	8	12	81195210	1.47792e-07
chr17	9	16	81195210	1.97056e-07
chr17	10	23	81195210	2.83268e-07
chr17	11	16	81195210	1.97056e-07
chr17	12	8	81195210	9.8528e-08
chr17	13	14	81195210	1.72424e-07
chr17	14	9	81195210	1.10844e-07
chr18	0	77024794	78077248	0.98652
chr18	1	997838	78077248	0.0127801
chr18	2	50231	78077248	0.00064335
chr18	3	3458	78077248	4.42895e-05
chr18	4	449	78077248	5.75071e-06
chr18	5	127	78077248	1.62659e-06
chr18	6	84	78077248	1.07586e-06
chr18	7	24	78077248	3.07388e-07
chr18	8	37	78077248	4.7389e-07
chr18	9	48	78077248	6.14776e-07
chr18	10	77	78077248	9.86203e-07
chr18	11	39	78077248	4.99505e-07
chr18	12	14	78077248	1.7931e-07
chr18	13	14	78077248	1.7931e-07
chr18	14	14	78077248	1.7931e-07
chr19	0	58484593	59128983	0.989102
chr19	1	616138	59128983	0.0104202
chr19	2	25462	59128983	0.000430618
chr19	3	1764	59128983	2.98331e-05
chr19	4	380	59128983	6.42663e-06
chr19	5	135	59128983	2.28314e-06
chr19	6	91	59128983	1.53901e-06
chr19	7	56	59128983	9.47082e-07
chr19	8	42	59128983	7.10312e-07
chr19	9	46	59128983	7.7796e-07
chr19	10	31	59128983	5.24278e-07
chr19	11	60	59128983	1.01473e-06
chr19	12	40	59128983	6.76487e-07
chr19	13	28	59128983	4.73541e-07
chr19	14	30	59128983	5.07365e-07
chr19	15	20	59128983	3.38244e-07
chr19	16	16	59128983	2.70595e-07
chr19	17	2	59128983	3.38244e-08
chr19	18	2	59128983	3.38244e-08
chr19	19	1	59128983	1.69122e-08
chr19	20	5	59128983	8.45609e-08
chr19	21	9	59128983	1.5221e-07
chr19	22	6	59128983	1.01473e-07
chr19	23	13	59128983	2.19858e-07
chr19	24	11	59128983	1.86034e-07
chr19	25	2	59128983	3.38244e-08
chr20	0	62275290	63025520	0.988096
chr20	1	713845	63025520	0.0113263
chr20	2	33962	63025520	0.000538861
chr20	3	2144	63025520	3.4018e-05
chr20	4	146	63025520	2.31652e-06
chr20	5	76	63025520	1.20586e-06
chr20	6	15	63025520	2.37999e-07
chr20	7	12	63025520	1.90399e-07
chr20	8	10	63025520	1.58666e-07
chr20	9	19	63025520	3.01465e-07
chr20	10	1	63025520	1.58666e-08
chr21	0	47736474	48129895	0.991826
chr21	1	373742	48129895	0.00776528
chr21	2	18218	48129895	0.000378517
chr21	3	1332	48129895	2.76751e-05
chr21	4	83	48129895	1.7245e-06
chr21	5	32	48129895	6.64867e-07
chr21	6	14	48129895	2.90879e-07
chr22	0	51047157	51304566	0.994983
chr22	1	247745	51304566	0.00482891
chr22	2	8996	51304566	0.000175345
chr22	3	659	51304566	1.28449e-05
chr22	4	9	51304566	1.75423e-07
chrX	0	152836179	155270560	0.984322
chrX	1	2301680	155270560	0.0148237
chrX	2	117767	155270560	0.000758463
chrX	3	11430	155270560	7.36134e-05
chrX	4	2142	155270560	1.37953e-05
chrX	5	643	155270560	4.14116e-06
chrX	6	331	155270560	2.13176e-06
chrX	7	157	155270560	1.01114e-06
chrX	8	90	155270560	5.79633e-07
chrX	9	53	155270560	3.4134e-07
chrX	10	30	155270560	1.93211e-07
chrX	11	23	155270560	1.48129e-07
chrX	12	14	155270560	9.01652e-08
chrX	13	4	155270560	2.57615e-08
chrX	14	6	155270560	3.86422e-08
chrX	15	4	155270560	2.57615e-08
chrX	16	5	155270560	3.22019e-08
chrX	17	2	155270560	1.28807e-08
chrY	0	59320481	59373566	0.999106
chrY	1	51050	59373566	0.00085981
chrY	2	1640	59373566	2.76217e-05
chrY	3	192	59373566	3.23376e-06
chrY	4	115	59373566	1.93689e-06
chrY	5	52	59373566	8.75811e-07
chrY	6	28	59373566	4.7159e-07
chrY	7	8	59373566	1.3474e-07
chr1_gl000191_random	0	105628	106433	0.992437
chr1_gl000191_random	1	760	106433	0.00714064
chr1_gl000191_random	2	45	106433	0.000422801
chr1_gl000192_random	0	535388	547496	0.977885
chr1_gl000192_random	1	11666	547496	0.0213079
chr1_gl000192_random	2	442	547496	0.000807312
chr4_ctg9_hap1	0	588876	590426	0.997375
chr4_ctg9_hap1	1	1550	590426	0.00262522
chr4_gl000193_random	0	187366	189789	0.987233
chr4_gl000193_random	1	2296	189789	0.0120976
chr4_gl000193_random	2	127	189789	0.000669164
chr4_gl000194_random	0	186742	191469	0.975312
chr4_gl000194_random	1	4576	191469	0.0238994
chr4_gl000194_random	2	102	191469	0.000532723
chr4_gl000194_random	3	26	191469	0.000135792
chr4_gl000194_random	4	23	191469	0.000120124
chr6_apd_hap1	0	4619735	4622290	0.999447
chr6_apd_hap1	1	2510	4622290	0.000543021
chr6_apd_hap1	2	45	4622290	9.73543e-06
chr6_cox_hap2	0	4789112	4795371	0.998695
chr6_cox_hap2	1	6218	4795371	0.00129667
chr6_cox_hap2	2	41	4795371	8.54991e-06
chr6_dbb_hap3	0	4604872	4610396	0.998802
chr6_dbb_hap3	1	5498	4610396	0.00119252
chr6_dbb_hap3	2	26	4610396	5.63943e-06
chr6_mann_hap4	0	4677444	4683263	0.998757
chr6_mann_hap4	1	5738	4683263	0.00122521
chr6_mann_hap4	2	81	4683263	1.72956e-05
chr6_mcf_hap5	0	4828236	4833398	0.998932
chr6_mcf_hap5	1	5024	4833398	0.00103943
chr6_mcf_hap5	2	138	4833398	2.85513e-05
chr6_qbl_hap6	0	4606471	4611984	0.998805
chr6_qbl_hap6	1	5476	4611984	0.00118734
chr6_qbl_hap6	2	37	4611984	8.02258e-06
chr6_ssto_hap7	0	4923044	4928567	0.998879
chr6_ssto_hap7	1	5496	4928567	0.00111513
chr6_ssto_hap7	2	27	4928567	5.47827e-06
chr7_gl000195_random	0	179484	182896	0.981345
chr7_gl000195_random	1	3206	182896	0.0175291
chr7_gl000195_random	2	174	182896	0.00095136
chr7_gl000195_random	3	32	182896	0.000174963
chr8_gl000196_random	0	38214	38914	0.982012
chr8_gl000196_random	1	700	38914	0.0179884
chr8_gl000197_random	0	37025	37175	0.995965
chr8_gl000197_random	1	150	37175	0.00403497
chr9_gl000198_random	0	86522	90085	0.960448
chr9_gl000198_random	1	3354	90085	0.0372315
chr9_gl000198_random	2	181	90085	0.00200921
chr9_gl000198_random	3	28	90085	0.000310818
chr9_gl000199_random	0	141655	169874	0.833883
chr9_gl000199_random	1	21667	169874	0.127547
chr9_gl000199_random	2	4599	169874	0.027073
chr9_gl000199_random	3	1050	169874	0.00618105
chr9_gl000199_random	4	301	169874	0.0017719
chr9_gl000199_random	5	197	169874	0.00115968
chr9_gl000199_random	6	175	169874	0.00103018
chr9_gl000199_random	7	107	169874	0.000629879
chr9_gl000199_random	8	26	169874	0.000153055
chr9_gl000199_random	9	6	169874	3.53203e-05
chr9_gl000199_random	10	22	169874	0.000129508
chr9_gl000199_random	11	7	169874	4.1207e-05
chr9_gl000199_random	12	16	169874	9.41875e-05
chr9_gl000199_random	13	13	169874	7.65273e-05
chr9_gl000199_random	14	7	169874	4.1207e-05
chr9_gl000199_random	15	7	169874	4.1207e-05
chr9_gl000199_random	16	7	169874	4.1207e-05
chr9_gl000199_random	17	4	169874	2.35469e-05
chr9_gl000199_random	18	8	169874	4.70937e-05
chr9_gl000200_random	0	186194	187035	0.995504
chr9_gl000200_random	1	832	187035	0.00444837
chr9_gl000200_random	2	9	187035	4.81193e-05
chr11_gl000202_random	0	39953	40103	0.99626
chr11_gl000202_random	1	150	40103	0.00374037
chr17_ctg5_hap1	0	1675794	1680828	0.997005
chr17_ctg5_hap1	1	4968	1680828	0.00295569
chr17_ctg5_hap1	2	66	1680828	3.92664e-05
chr17_gl000203_random	0	37198	37498	0.992
chr17_gl000203_random	1	300	37498	0.00800043
chr17_gl000204_random	0	80302	81310	0.987603
chr17_gl000204_random	1	966	81310	0.0118805
chr17_gl000204_random	2	42	81310	0.000516542
chr17_gl000205_random	0	171065	174588	0.979821
chr17_gl000205_random	1	3405	174588	0.0195031
chr17_gl000205_random	2	109	174588	0.000624327
chr17_gl000205_random	3	9	174588	5.15499e-05
chr17_gl000206_random	0	40801	41001	0.995122
chr17_gl000206_random	1	200	41001	0.00487793
chr19_gl000208_random	0	86804	92689	0.936508
chr19_gl000208_random	1	4761	92689	0.0513653
chr19_gl000208_random	2	752	92689	0.00811315
chr19_gl000208_random	3	317	92689	0.00342004
chr19_gl000208_random	4	41	92689	0.000442339
chr19_gl000208_random	5	14	92689	0.000151043
chr19_gl000209_random	0	157969	159169	0.992461
chr19_gl000209_random	1	1200	159169	0.00753916
chrUn_gl000211	0	163783	166566	0.983292
chrUn_gl000211	1	2716	166566	0.0163058
chrUn_gl000211	2	67	166566	0.000402243
chrUn_gl000212	0	184621	186858	0.988028
chrUn_gl000212	1	2161	186858	0.0115649
chrUn_gl000212	2	26	186858	0.000139143
chrUn_gl000212	3	13	186858	6.95715e-05
chrUn_gl000212	4	37	186858	0.000198011
chrUn_gl000213	0	162803	164239	0.991257
chrUn_gl000213	1	1422	164239	0.00865811
chrUn_gl000213	2	14	164239	8.52416e-05
chrUn_gl000214	0	131507	137718	0.954901
chrUn_gl000214	1	5179	137718	0.0376058
chrUn_gl000214	2	678	137718	0.0049231
chrUn_gl000214	3	148	137718	0.00107466
chrUn_gl000214	4	40	137718	0.000290449
chrUn_gl000214	5	141	137718	0.00102383
chrUn_gl000214	6	19	137718	0.000137963
chrUn_gl000214	7	6	137718	4.35673e-05
chrUn_gl000215	0	171895	172545	0.996233
chrUn_gl000215	1	650	172545	0.00376713
chrUn_gl000216	0	168792	172294	0.979674
chrUn_gl000216	1	3069	172294	0.0178126
chrUn_gl000216	2	307	172294	0.00178184
chrUn_gl000216	3	70	172294	0.000406282
chrUn_gl000216	4	33	172294	0.000191533
chrUn_gl000216	5	13	172294	7.54524e-05
chrUn_gl000216	6	10	172294	5.80403e-05
chrUn_gl000217	0	167102	172149	0.970682
chrUn_gl000217	1	4844	172149	0.0281384
chrUn_gl000217	2	203	172149	0.00117921
chrUn_gl000218	0	158381	161147	0.982836
chrUn_gl000218	1	2602	161147	0.0161467
chrUn_gl000218	2	144	161147	0.000893594
chrUn_gl000218	3	20	161147	0.00012411
chrUn_gl000219	0	176206	179198	0.983303
chrUn_gl000219	1	2884	179198	0.0160939
chrUn_gl000219	2	108	179198	0.000602685
chrUn_gl000220	0	138196	161802	0.854106
chrUn_gl000220	1	11122	161802	0.0687383
chrUn_gl000220	2	5212	161802	0.0322122
chrUn_gl000220	3	2718	161802	0.0167983
chrUn_gl000220	4	1595	161802	0.00985773
chrUn_gl000220	5	1054	161802	0.00651413
chrUn_gl000220	6	560	161802	0.00346102
chrUn_gl000220	7	406	161802	0.00250924
chrUn_gl000220	8	220	161802	0.00135969
chrUn_gl000220	9	165	161802	0.00101976
chrUn_gl000220	10	72	161802	0.000444988
chrUn_gl000220	11	89	161802	0.000550055
chrUn_gl000220	12	135	161802	0.000834353
chrUn_gl000220	13	75	161802	0.000463529
chrUn_gl000220	14	59	161802	0.000364643
chrUn_gl000220	15	37	161802	0.000228675
chrUn_gl000220	16	18	161802	0.000111247
chrUn_gl000220	17	37	161802	0.000228675
chrUn_gl000220	18	13	161802	8.03451e-05
chrUn_gl000220	19	7	161802	4.32628e-05
chrUn_gl000220	20	8	161802	4.94431e-05
chrUn_gl000220	21	4	161802	2.47216e-05
chrUn_gl000221	0	150620	155397	0.969259
chrUn_gl000221	1	4576	155397	0.0294472
chrUn_gl000221	2	179	155397	0.00115189
chrUn_gl000221	3	22	155397	0.000141573
chrUn_gl000222	0	185566	186861	0.99307
chrUn_gl000222	1	1190	186861	0.00636837
chrUn_gl000222	2	105	186861	0.000561915
chrUn_gl000223	0	179405	180455	0.994181
chrUn_gl000223	1	1050	180455	0.00581862
chrUn_gl000224	0	175252	179693	0.975286
chrUn_gl000224	1	3763	179693	0.0209413
chrUn_gl000224	2	441	179693	0.00245419
chrUn_gl000224	3	112	179693	0.000623285
chrUn_gl000224	4	106	179693	0.000589895
chrUn_gl000224	5	19	179693	0.000105736
chrUn_gl000225	0	207108	211173	0.98075
chrUn_gl000225	1	3940	211173	0.0186577
chrUn_gl000225	2	87	211173	0.000411984
chrUn_gl000225	3	16	211173	7.57673e-05
chrUn_gl000225	4	22	211173	0.00010418
chrUn_gl000226	0	1498	15008	0.0998134
chrUn_gl000226	1	1741	15008	0.116005
chrUn_gl000226	2	1612	15008	0.107409
chrUn_gl000226	3	1771	15008	0.118004
chrUn_gl000226	4	1559	15008	0.103878
chrUn_gl000226	5	1517	15008	0.101079
chrUn_gl000226	6	1358	15008	0.0904851
chrUn_gl000226	7	1063	15008	0.0708289
chrUn_gl000226	8	890	15008	0.0593017
chrUn_gl000226	9	706	15008	0.0470416
chrUn_gl000226	10	586	15008	0.0390458
chrUn_gl000226	11	279	15008	0.0185901
chrUn_gl000226	12	191	15008	0.0127265
chrUn_gl000226	13	81	15008	0.00539712
chrUn_gl000226	14	69	15008	0.00459755
chrUn_gl000226	15	31	15008	0.00206556
chrUn_gl000226	16	29	15008	0.0019323
chrUn_gl000226	17	20	15008	0.00133262
chrUn_gl000226	18	4	15008	0.000266525
chrUn_gl000226	19	3	15008	0.000199893
chrUn_gl000227	0	127490	128374	0.993114
chrUn_gl000227	1	868	128374	0.00676149
chrUn_gl000227	2	16	128374	0.000124636
chrUn_gl000228	0	128570	129120	0.99574
chrUn_gl000228	1	550	129120	0.0042596
chrUn_gl000229	0	19382	19913	0.973334
chrUn_gl000229	1	512	19913	0.0257118
chrUn_gl000229	2	19	19913	0.000954151
chrUn_gl000230	0	43341	43691	0.991989
chrUn_gl000230	1	350	43691	0.0080108
chrUn_gl000231	0	26706	27386	0.97517
chrUn_gl000231	1	610	27386	0.0222742
chrUn_gl000231	2	70	27386	0.00255605
chrUn_gl000232	0	38803	40652	0.954516
chrUn_gl000232	1	1628	40652	0.0400472
chrUn_gl000232	2	191	40652	0.00469842
chrUn_gl000232	3	30	40652	0.000737971
chrUn_gl000233	0	45641	45941	0.99347
chrUn_gl000233	1	300	45941	0.00653011
chrUn_gl000234	0	38571	40531	0.951642
chrUn_gl000234	1	1920	40531	0.0473711
chrUn_gl000234	2	40	40531	0.000986899
chrUn_gl000235	0	33553	34474	0.973284
chrUn_gl000235	1	892	34474	0.0258746
chrUn_gl000235	2	29	34474	0.000841214
chrUn_gl000236	0	41410	41934	0.987504
chrUn_gl000236	1	498	41934	0.0118758
chrUn_gl000236	2	26	41934	0.000620022
chrUn_gl000237	0	44512	45867	0.970458
chrUn_gl000237	1	1260	45867	0.0274707
chrUn_gl000237	2	95	45867	0.00207121
chrUn_gl000238	0	39639	39939	0.992489
chrUn_gl000238	1	300	39939	0.00751146
chrUn_gl000239	0	32450	33824	0.959378
chrUn_gl000239	1	1298	33824	0.0383751
chrUn_gl000239	2	76	33824	0.00224693
chrUn_gl000240	0	41245	41933	0.983593
chrUn_gl000240	1	626	41933	0.0149286
chrUn_gl000240	2	62	41933	0.00147855
chrUn_gl000241	0	39837	42152	0.94508
chrUn_gl000241	1	2095	42152	0.0497011
chrUn_gl000241	2	205	42152	0.00486335
chrUn_gl000241	3	15	42152	0.000355855
chrUn_gl000242	0	43273	43523	0.994256
chrUn_gl000242	1	250	43523	0.00574409
chrUn_gl000243	0	42541	43341	0.981542
chrUn_gl000243	1	800	43341	0.0184583
chrUn_gl000244	0	39479	39929	0.98873
chrUn_gl000244	1	450	39929	0.01127
chrUn_gl000245	0	35368	36651	0.964994
chrUn_gl000245	1	1266	36651	0.034542
chrUn_gl000245	2	17	36651	0.000463835
chrUn_gl000246	0	37904	38154	0.993448
chrUn_gl000246	1	250	38154	0.00655239
chrUn_gl000247	0	35637	36422	0.978447
chrUn_gl000247	1	770	36422	0.0211411
chrUn_gl000247	2	15	36422	0.000411839
chrUn_gl000248	0	39436	39786	0.991203
chrUn_gl000248	1	350	39786	0.00879706
chrUn_gl000249	0	38186	38502	0.991793
chrUn_gl000249	1	282	38502	0.00732429
chrUn_gl000249	2	34	38502	0.000883071
chr9_gl000201_random	0	36148	36148	1
chr18_gl000207_random	0	4262	4262	1
chr21_gl000210_random	0	27682	27682	1
genome	0	3099361737	3137161264	0.987951
genome	1	35940293	3137161264	0.0114563
genome	2	1691871	3137161264	0.0005393
genome	3	120929	3137161264	3.85473e-05
genome	4	18869	3137161264	6.01467e-06
genome	5	7831	3137161264	2.49621e-06
genome	6	4913	3137161264	1.56607e-06
genome	7	3296	3137161264	1.05063e-06
genome	8	2389	3137161264	7.61517e-07
genome	9	1936	3137161264	6.17118e-07
genome	10	1555	3137161264	4.95671e-07
genome	11	1017	3137161264	3.24178e-07
genome	12	787	3137161264	2.50864e-07
genome	13	561	3137161264	1.78824e-07
genome	14	480	3137161264	1.53005e-07
genome	15	360	3137161264	1.14753e-07
genome	16	356	3137161264	1.13478e-07
genome	17	329	3137161264	1.04872e-07
genome	18	265	3137161264	8.44713e-08
genome	19	206	3137161264	6.56645e-08
genome	20	204	3137161264	6.50269e-08
genome	21	175	3137161264	5.57829e-08
genome	22	108	3137161264	3.4426e-08
genome	23	82	3137161264	2.61383e-08
genome	24	67	3137161264	2.13569e-08
genome	25	67	3137161264	2.13569e-08
genome	26	69	3137161264	2.19944e-08
genome	27	64	3137161264	2.04006e-08
genome	28	66	3137161264	2.10381e-08
genome	29	66	3137161264	2.10381e-08
genome	30	32	3137161264	1.02003e-08
genome	31	22	3137161264	7.01271e-09
genome	32	20	3137161264	6.37519e-09
genome	33	28	3137161264	8.92527e-09
genome	34	27	3137161264	8.60651e-09
genome	35	34	3137161264	1.08378e-08
genome	36	15	3137161264	4.78139e-09
genome	37	21	3137161264	6.69395e-09
genome	38	29	3137161264	9.24403e-09
genome	39	28	3137161264	8.92527e-09
genome	40	20	3137161264	6.37519e-09
genome	41	17	3137161264	5.41891e-09
genome	42	8	3137161264	2.55008e-09
genome	43	8	3137161264	2.55008e-09
genome	44	7	3137161264	2.23132e-09
