chrM	0	5892	16571	0.355561
chrM	1	5167	16571	0.31181
chrM	2	3109	16571	0.187617
chrM	3	1373	16571	0.0828556
chrM	4	702	16571	0.0423632
chrM	5	262	16571	0.0158108
chrM	6	39	16571	0.00235351
chrM	7	22	16571	0.00132762
chrM	8	5	16571	0.000301732
chr1	0	245621441	249250621	0.98544
chr1	1	3439532	249250621	0.0137995
chr1	2	175686	249250621	0.000704857
chr1	3	11836	249250621	4.74863e-05
chr1	4	867	249250621	3.47843e-06
chr1	5	128	249250621	5.13539e-07
chr1	6	48	249250621	1.92577e-07
chr1	7	35	249250621	1.40421e-07
chr1	8	38	249250621	1.52457e-07
chr1	9	45	249250621	1.80541e-07
chr1	10	36	249250621	1.44433e-07
chr1	11	40	249250621	1.60481e-07
chr1	12	38	249250621	1.52457e-07
chr1	13	61	249250621	2.44734e-07
chr1	14	55	249250621	2.20661e-07
chr1	15	57	249250621	2.28685e-07
chr1	16	48	249250621	1.92577e-07
chr1	17	46	249250621	1.84553e-07
chr1	18	34	249250621	1.36409e-07
chr1	19	52	249250621	2.08625e-07
chr1	20	37	249250621	1.48445e-07
chr1	21	22	249250621	8.82646e-08
chr1	22	18	249250621	7.22165e-08
chr1	23	22	249250621	8.82646e-08
chr1	24	21	249250621	8.42525e-08
chr1	25	30	249250621	1.20361e-07
chr1	26	27	249250621	1.08325e-07
chr1	27	24	249250621	9.62886e-08
chr1	28	24	249250621	9.62886e-08
chr1	29	18	249250621	7.22165e-08
chr1	30	12	249250621	4.81443e-08
chr1	31	17	249250621	6.82044e-08
chr1	32	9	249250621	3.61082e-08
chr1	33	9	249250621	3.61082e-08
chr1	34	7	249250621	2.80842e-08
chr1	35	7	249250621	2.80842e-08
chr1	36	4	249250621	1.60481e-08
chr1	37	9	249250621	3.61082e-08
chr1	38	8	249250621	3.20962e-08
chr1	39	10	249250621	4.01203e-08
chr1	40	10	249250621	4.01203e-08
chr1	41	7	249250621	2.80842e-08
chr1	42	19	249250621	7.62285e-08
chr1	43	6	249250621	2.40722e-08
chr1	44	9	249250621	3.61082e-08
chr1	45	12	249250621	4.81443e-08
chr1	46	11	249250621	4.41323e-08
chr1	47	10	249250621	4.01203e-08
chr1	48	14	249250621	5.61684e-08
chr1	49	25	249250621	1.00301e-07
chr1	50	17	249250621	6.82044e-08
chr1	51	13	249250621	5.21563e-08
chr1	52	9	249250621	3.61082e-08
chr1	53	1	249250621	4.01203e-09
chr2	0	239599879	243199373	0.985199
chr2	1	3420934	243199373	0.0140664
chr2	2	161601	243199373	0.00066448
chr2	3	12994	243199373	5.34294e-05
chr2	4	1964	243199373	8.07568e-06
chr2	5	987	243199373	4.0584e-06
chr2	6	492	243199373	2.02303e-06
chr2	7	237	243199373	9.74509e-07
chr2	8	91	243199373	3.74179e-07
chr2	9	50	243199373	2.05593e-07
chr2	10	19	243199373	7.81252e-08
chr2	11	30	243199373	1.23356e-07
chr2	12	28	243199373	1.15132e-07
chr2	13	19	243199373	7.81252e-08
chr2	14	4	243199373	1.64474e-08
chr2	15	5	243199373	2.05593e-08
chr2	16	5	243199373	2.05593e-08
chr2	17	2	243199373	8.22371e-09
chr2	18	2	243199373	8.22371e-09
chr2	19	4	243199373	1.64474e-08
chr2	20	2	243199373	8.22371e-09
chr2	21	4	243199373	1.64474e-08
chr2	22	3	243199373	1.23356e-08
chr2	23	6	243199373	2.46711e-08
chr2	24	11	243199373	4.52304e-08
chr3	0	195462340	198022430	0.987072
chr3	1	2437187	198022430	0.0123076
chr3	2	114421	198022430	0.000577818
chr3	3	7570	198022430	3.8228e-05
chr3	4	708	198022430	3.57535e-06
chr3	5	81	198022430	4.09045e-07
chr3	6	23	198022430	1.16148e-07
chr3	7	13	198022430	6.56491e-08
chr3	8	20	198022430	1.00999e-07
chr3	9	4	198022430	2.01997e-08
chr3	10	5	198022430	2.52497e-08
chr3	11	2	198022430	1.00999e-08
chr3	12	3	198022430	1.51498e-08
chr3	13	3	198022430	1.51498e-08
chr3	14	3	198022430	1.51498e-08
chr3	15	9	198022430	4.54494e-08
chr3	16	8	198022430	4.03995e-08
chr3	17	11	198022430	5.55493e-08
chr3	18	8	198022430	4.03995e-08
chr3	19	4	198022430	2.01997e-08
chr3	20	7	198022430	3.53495e-08
chr4	0	189411605	191154276	0.990883
chr4	1	1666506	191154276	0.00871812
chr4	2	71649	191154276	0.000374823
chr4	3	4042	191154276	2.11452e-05
chr4	4	317	191154276	1.65835e-06
chr4	5	65	191154276	3.40039e-07
chr4	6	68	191154276	3.55734e-07
chr4	7	23	191154276	1.20322e-07
chr4	8	1	191154276	5.23138e-09
chr5	0	178975911	180915260	0.98928
chr5	1	1854488	180915260	0.0102506
chr5	2	79493	180915260	0.000439394
chr5	3	4866	180915260	2.68966e-05
chr5	4	445	180915260	2.45972e-06
chr5	5	44	180915260	2.43208e-07
chr5	6	13	180915260	7.18568e-08
chr6	0	169359462	171115067	0.98974
chr6	1	1671305	171115067	0.00976714
chr6	2	76209	171115067	0.000445367
chr6	3	5076	171115067	2.96642e-05
chr6	4	961	171115067	5.6161e-06
chr6	5	563	171115067	3.29018e-06
chr6	6	481	171115067	2.81097e-06
chr6	7	303	171115067	1.77074e-06
chr6	8	292	171115067	1.70645e-06
chr6	9	115	171115067	6.72062e-07
chr6	10	110	171115067	6.42842e-07
chr6	11	68	171115067	3.97393e-07
chr6	12	42	171115067	2.45449e-07
chr6	13	29	171115067	1.69477e-07
chr6	14	13	171115067	7.59723e-08
chr6	15	25	171115067	1.46101e-07
chr6	16	3	171115067	1.75321e-08
chr6	17	4	171115067	2.33761e-08
chr6	18	4	171115067	2.33761e-08
chr6	19	2	171115067	1.1688e-08
chr7	0	157063912	159138663	0.986963
chr7	1	1975925	159138663	0.0124164
chr7	2	90446	159138663	0.000568347
chr7	3	5809	159138663	3.65028e-05
chr7	4	610	159138663	3.83314e-06
chr7	5	252	159138663	1.58352e-06
chr7	6	131	159138663	8.23181e-07
chr7	7	65	159138663	4.08449e-07
chr7	8	124	159138663	7.79195e-07
chr7	9	91	159138663	5.71828e-07
chr7	10	107	159138663	6.7237e-07
chr7	11	59	159138663	3.70746e-07
chr7	12	77	159138663	4.83855e-07
chr7	13	52	159138663	3.26759e-07
chr7	14	61	159138663	3.83314e-07
chr7	15	80	159138663	5.02706e-07
chr7	16	107	159138663	6.7237e-07
chr7	17	69	159138663	4.33584e-07
chr7	18	80	159138663	5.02706e-07
chr7	19	51	159138663	3.20475e-07
chr7	20	53	159138663	3.33043e-07
chr7	21	39	159138663	2.45069e-07
chr7	22	33	159138663	2.07366e-07
chr7	23	47	159138663	2.9534e-07
chr7	24	64	159138663	4.02165e-07
chr7	25	41	159138663	2.57637e-07
chr7	26	31	159138663	1.94799e-07
chr7	27	35	159138663	2.19934e-07
chr7	28	27	159138663	1.69663e-07
chr7	29	15	159138663	9.42574e-08
chr7	30	21	159138663	1.3196e-07
chr7	31	18	159138663	1.13109e-07
chr7	32	14	159138663	8.79736e-08
chr7	33	13	159138663	8.16898e-08
chr7	34	13	159138663	8.16898e-08
chr7	35	8	159138663	5.02706e-08
chr7	36	3	159138663	1.88515e-08
chr7	37	5	159138663	3.14191e-08
chr7	38	10	159138663	6.28383e-08
chr7	39	6	159138663	3.7703e-08
chr7	40	4	159138663	2.51353e-08
chr7	41	5	159138663	3.14191e-08
chr7	42	5	159138663	3.14191e-08
chr7	43	6	159138663	3.7703e-08
chr7	44	7	159138663	4.39868e-08
chr7	45	3	159138663	1.88515e-08
chr7	46	5	159138663	3.14191e-08
chr7	47	10	159138663	6.28383e-08
chr7	48	10	159138663	6.28383e-08
chr7	49	2	159138663	1.25677e-08
chr7	50	2	159138663	1.25677e-08
chr8	0	144514908	146364022	0.987366
chr8	1	1754174	146364022	0.011985
chr8	2	86438	146364022	0.000590569
chr8	3	6531	146364022	4.46216e-05
chr8	4	1165	146364022	7.95961e-06
chr8	5	478	146364022	3.26583e-06
chr8	6	160	146364022	1.09316e-06
chr8	7	75	146364022	5.12421e-07
chr8	8	71	146364022	4.85092e-07
chr8	9	16	146364022	1.09316e-07
chr8	10	6	146364022	4.09937e-08
chr9	0	139855654	141213431	0.990385
chr9	1	1297952	141213431	0.00919142
chr9	2	55911	141213431	0.000395933
chr9	3	3465	141213431	2.45373e-05
chr9	4	274	141213431	1.94033e-06
chr9	5	57	141213431	4.03644e-07
chr9	6	55	141213431	3.89481e-07
chr9	7	13	141213431	9.20592e-08
chr9	8	4	141213431	2.83259e-08
chr9	9	14	141213431	9.91407e-08
chr9	10	9	141213431	6.37333e-08
chr9	11	3	141213431	2.12444e-08
chr9	12	12	141213431	8.49778e-08
chr9	13	8	141213431	5.66518e-08
chr10	0	132872513	135534747	0.980358
chr10	1	2495179	135534747	0.0184099
chr10	2	148787	135534747	0.00109778
chr10	3	13045	135534747	9.62484e-05
chr10	4	2012	135534747	1.48449e-05
chr10	5	737	135534747	5.43772e-06
chr10	6	422	135534747	3.11359e-06
chr10	7	293	135534747	2.16181e-06
chr10	8	284	135534747	2.0954e-06
chr10	9	241	135534747	1.77814e-06
chr10	10	145	135534747	1.06984e-06
chr10	11	169	135534747	1.24691e-06
chr10	12	161	135534747	1.18789e-06
chr10	13	117	135534747	8.63247e-07
chr10	14	95	135534747	7.00927e-07
chr10	15	107	135534747	7.89465e-07
chr10	16	71	135534747	5.23851e-07
chr10	17	52	135534747	3.83665e-07
chr10	18	51	135534747	3.76287e-07
chr10	19	50	135534747	3.68909e-07
chr10	20	37	135534747	2.72993e-07
chr10	21	37	135534747	2.72993e-07
chr10	22	47	135534747	3.46775e-07
chr10	23	30	135534747	2.21345e-07
chr10	24	25	135534747	1.84455e-07
chr10	25	21	135534747	1.54942e-07
chr10	26	11	135534747	8.116e-08
chr10	27	6	135534747	4.42691e-08
chr10	28	2	135534747	1.47564e-08
chr11	0	132901034	135006516	0.984405
chr11	1	1999218	135006516	0.0148083
chr11	2	98716	135006516	0.000731194
chr11	3	6514	135006516	4.82495e-05
chr11	4	637	135006516	4.71829e-06
chr11	5	171	135006516	1.26661e-06
chr11	6	60	135006516	4.44423e-07
chr11	7	24	135006516	1.77769e-07
chr11	8	35	135006516	2.59247e-07
chr11	9	20	135006516	1.48141e-07
chr11	10	11	135006516	8.14776e-08
chr11	11	5	135006516	3.70352e-08
chr11	12	9	135006516	6.66635e-08
chr11	13	3	135006516	2.22212e-08
chr11	14	2	135006516	1.48141e-08
chr11	15	4	135006516	2.96282e-08
chr11	16	2	135006516	1.48141e-08
chr11	17	1	135006516	7.40705e-09
chr11	18	1	135006516	7.40705e-09
chr11	19	3	135006516	2.22212e-08
chr11	20	4	135006516	2.96282e-08
chr11	21	3	135006516	2.22212e-08
chr11	22	4	135006516	2.96282e-08
chr11	23	7	135006516	5.18494e-08
chr11	24	4	135006516	2.96282e-08
chr11	25	4	135006516	2.96282e-08
chr11	26	3	135006516	2.22212e-08
chr11	27	7	135006516	5.18494e-08
chr11	28	5	135006516	3.70352e-08
chr11	29	3	135006516	2.22212e-08
chr11	30	1	135006516	7.40705e-09
chr11	31	1	135006516	7.40705e-09
chr12	0	131854394	133851895	0.985077
chr12	1	1900354	133851895	0.0141974
chr12	2	90821	133851895	0.000678519
chr12	3	5889	133851895	4.39964e-05
chr12	4	413	133851895	3.0855e-06
chr12	5	9	133851895	6.72385e-08
chr12	6	15	133851895	1.12064e-07
chr13	0	114235473	115169878	0.991887
chr13	1	893232	115169878	0.00775578
chr13	2	38190	115169878	0.000331597
chr13	3	2679	115169878	2.32613e-05
chr13	4	269	115169878	2.33568e-06
chr13	5	35	115169878	3.03899e-07
chr14	0	106366941	107349540	0.990847
chr14	1	937298	107349540	0.00873127
chr14	2	42565	107349540	0.000396508
chr14	3	2435	107349540	2.26829e-05
chr14	4	240	107349540	2.23569e-06
chr14	5	59	107349540	5.49606e-07
chr14	6	2	107349540	1.86307e-08
chr15	0	101693927	102531392	0.991832
chr15	1	801007	102531392	0.00781231
chr15	2	34112	102531392	0.000332698
chr15	3	2165	102531392	2.11155e-05
chr15	4	181	102531392	1.76531e-06
chr16	0	89529856	90354753	0.99087
chr16	1	787087	90354753	0.00871107
chr16	2	35254	90354753	0.000390173
chr16	3	2313	90354753	2.55991e-05
chr16	4	217	90354753	2.40164e-06
chr16	5	8	90354753	8.85399e-08
chr16	6	18	90354753	1.99215e-07
chr17	0	80130521	81195210	0.986887
chr17	1	1010908	81195210	0.0124503
chr17	2	49965	81195210	0.000615369
chr17	3	3311	81195210	4.07783e-05
chr17	4	321	81195210	3.95344e-06
chr17	5	55	81195210	6.7738e-07
chr17	6	42	81195210	5.17272e-07
chr17	7	17	81195210	2.09372e-07
chr17	8	18	81195210	2.21688e-07
chr17	9	2	81195210	2.4632e-08
chr17	10	7	81195210	8.6212e-08
chr17	11	12	81195210	1.47792e-07
chr17	12	6	81195210	7.3896e-08
chr17	13	5	81195210	6.158e-08
chr17	14	9	81195210	1.10844e-07
chr17	15	4	81195210	4.9264e-08
chr17	16	7	81195210	8.6212e-08
chr18	0	77073301	78077248	0.987142
chr18	1	955680	78077248	0.0122402
chr18	2	44316	78077248	0.000567592
chr18	3	3229	78077248	4.13565e-05
chr18	4	343	78077248	4.39308e-06
chr18	5	70	78077248	8.96548e-07
chr18	6	85	78077248	1.08867e-06
chr18	7	56	78077248	7.17238e-07
chr18	8	68	78077248	8.70932e-07
chr18	9	58	78077248	7.42854e-07
chr18	10	19	78077248	2.43349e-07
chr18	11	7	78077248	8.96548e-08
chr18	12	14	78077248	1.7931e-07
chr18	13	2	78077248	2.56157e-08
chr19	0	58419394	59128983	0.987999
chr19	1	672837	59128983	0.0113791
chr19	2	32975	59128983	0.000557679
chr19	3	2728	59128983	4.61364e-05
chr19	4	414	59128983	7.00164e-06
chr19	5	172	59128983	2.90889e-06
chr19	6	63	59128983	1.06547e-06
chr19	7	52	59128983	8.79433e-07
chr19	8	59	59128983	9.97819e-07
chr19	9	54	59128983	9.13258e-07
chr19	10	64	59128983	1.08238e-06
chr19	11	17	59128983	2.87507e-07
chr19	12	28	59128983	4.73541e-07
chr19	13	16	59128983	2.70595e-07
chr19	14	14	59128983	2.36771e-07
chr19	15	10	59128983	1.69122e-07
chr19	16	21	59128983	3.55156e-07
chr19	17	22	59128983	3.72068e-07
chr19	18	5	59128983	8.45609e-08
chr19	19	19	59128983	3.21331e-07
chr19	20	14	59128983	2.36771e-07
chr19	21	5	59128983	8.45609e-08
chr20	0	62260059	63025520	0.987855
chr20	1	729367	63025520	0.0115726
chr20	2	33747	63025520	0.00053545
chr20	3	2022	63025520	3.20822e-05
chr20	4	302	63025520	4.79171e-06
chr20	5	23	63025520	3.64932e-07
chr21	0	47758811	48129895	0.99229
chr21	1	354519	48129895	0.00736588
chr21	2	15191	48129895	0.000315625
chr21	3	1188	48129895	2.46832e-05
chr21	4	147	48129895	3.05423e-06
chr21	5	37	48129895	7.68753e-07
chr21	6	2	48129895	4.15542e-08
chr22	0	50871533	51304566	0.99156
chr22	1	413056	51304566	0.00805106
chr22	2	18522	51304566	0.00036102
chr22	3	1272	51304566	2.47931e-05
chr22	4	181	51304566	3.52795e-06
chr22	5	2	51304566	3.89829e-08
chrX	0	152977834	155270560	0.985234
chrX	1	2172071	155270560	0.0139889
chrX	2	107572	155270560	0.000692804
chrX	3	9880	155270560	6.36309e-05
chrX	4	1839	155270560	1.18438e-05
chrX	5	679	155270560	4.37301e-06
chrX	6	301	155270560	1.93855e-06
chrX	7	136	155270560	8.7589e-07
chrX	8	108	155270560	6.9556e-07
chrX	9	41	155270560	2.64055e-07
chrX	10	25	155270560	1.61009e-07
chrX	11	21	155270560	1.35248e-07
chrX	12	16	155270560	1.03046e-07
chrX	13	11	155270560	7.08441e-08
chrX	14	4	155270560	2.57615e-08
chrX	15	21	155270560	1.35248e-07
chrX	16	1	155270560	6.44037e-09
chrY	0	59326630	59373566	0.999209
chrY	1	45334	59373566	0.000763538
chrY	2	1376	59373566	2.31753e-05
chrY	3	37	59373566	6.23173e-07
chrY	4	66	59373566	1.11161e-06
chrY	5	38	59373566	6.40015e-07
chrY	6	58	59373566	9.76866e-07
chrY	7	15	59373566	2.52638e-07
chrY	8	12	59373566	2.0211e-07
chr1_gl000191_random	0	105933	106433	0.995302
chr1_gl000191_random	1	500	106433	0.00469779
chr1_gl000192_random	0	536869	547496	0.98059
chr1_gl000192_random	1	10169	547496	0.0185737
chr1_gl000192_random	2	443	547496	0.000809138
chr1_gl000192_random	3	15	547496	2.73975e-05
chr4_ctg9_hap1	0	589395	590426	0.998254
chr4_ctg9_hap1	1	1012	590426	0.00171402
chr4_ctg9_hap1	2	19	590426	3.21802e-05
chr4_gl000193_random	0	187268	189789	0.986717
chr4_gl000193_random	1	2392	189789	0.0126035
chr4_gl000193_random	2	129	189789	0.000679702
chr4_gl000194_random	0	186848	191469	0.975866
chr4_gl000194_random	1	4406	191469	0.0230116
chr4_gl000194_random	2	159	191469	0.000830422
chr4_gl000194_random	3	48	191469	0.000250693
chr4_gl000194_random	4	8	191469	4.17822e-05
chr6_apd_hap1	0	4618927	4622290	0.999272
chr6_apd_hap1	1	3326	4622290	0.000719557
chr6_apd_hap1	2	37	4622290	8.00469e-06
chr6_cox_hap2	0	4785256	4795371	0.997891
chr6_cox_hap2	1	10080	4795371	0.00210203
chr6_cox_hap2	2	35	4795371	7.29871e-06
chr6_dbb_hap3	0	4603504	4610396	0.998505
chr6_dbb_hap3	1	6884	4610396	0.00149315
chr6_dbb_hap3	2	8	4610396	1.73521e-06
chr6_mann_hap4	0	4677136	4683263	0.998692
chr6_mann_hap4	1	6104	4683263	0.00130336
chr6_mann_hap4	2	23	4683263	4.91111e-06
chr6_mcf_hap5	0	4826590	4833398	0.998591
chr6_mcf_hap5	1	6766	4833398	0.00139984
chr6_mcf_hap5	2	42	4833398	8.68954e-06
chr6_qbl_hap6	0	4605850	4611984	0.99867
chr6_qbl_hap6	1	6068	4611984	0.0013157
chr6_qbl_hap6	2	66	4611984	1.43105e-05
chr6_ssto_hap7	0	4921147	4928567	0.998495
chr6_ssto_hap7	1	7290	4928567	0.00147913
chr6_ssto_hap7	2	130	4928567	2.63768e-05
chr7_gl000195_random	0	178601	182896	0.976517
chr7_gl000195_random	1	4040	182896	0.0220891
chr7_gl000195_random	2	255	182896	0.00139423
chr8_gl000196_random	0	38710	38914	0.994758
chr8_gl000196_random	1	158	38914	0.00406024
chr8_gl000196_random	2	46	38914	0.00118209
chr8_gl000197_random	0	37059	37175	0.99688
chr8_gl000197_random	1	82	37175	0.00220578
chr8_gl000197_random	2	34	37175	0.000914593
chr9_gl000198_random	0	86737	90085	0.962835
chr9_gl000198_random	1	3196	90085	0.0354776
chr9_gl000198_random	2	152	90085	0.0016873
chr9_gl000199_random	0	146705	169874	0.863611
chr9_gl000199_random	1	18910	169874	0.111318
chr9_gl000199_random	2	2937	169874	0.0172893
chr9_gl000199_random	3	820	169874	0.00482711
chr9_gl000199_random	4	268	169874	0.00157764
chr9_gl000199_random	5	59	169874	0.000347316
chr9_gl000199_random	6	48	169874	0.000282562
chr9_gl000199_random	7	23	169874	0.000135394
chr9_gl000199_random	8	33	169874	0.000194262
chr9_gl000199_random	9	21	169874	0.000123621
chr9_gl000199_random	10	3	169874	1.76601e-05
chr9_gl000199_random	11	3	169874	1.76601e-05
chr9_gl000199_random	12	3	169874	1.76601e-05
chr9_gl000199_random	13	5	169874	2.94336e-05
chr9_gl000199_random	14	5	169874	2.94336e-05
chr9_gl000199_random	15	8	169874	4.70937e-05
chr9_gl000199_random	16	10	169874	5.88672e-05
chr9_gl000199_random	17	11	169874	6.47539e-05
chr9_gl000199_random	18	2	169874	1.17734e-05
chr9_gl000200_random	0	185730	187035	0.993023
chr9_gl000200_random	1	1260	187035	0.00673671
chr9_gl000200_random	2	45	187035	0.000240597
chr11_gl000202_random	0	39903	40103	0.995013
chr11_gl000202_random	1	200	40103	0.00498716
chr17_ctg5_hap1	0	1674691	1680828	0.996349
chr17_ctg5_hap1	1	5974	1680828	0.0035542
chr17_ctg5_hap1	2	163	1680828	9.6976e-05
chr17_gl000203_random	0	36998	37498	0.986666
chr17_gl000203_random	1	500	37498	0.013334
chr17_gl000204_random	0	80170	81310	0.98598
chr17_gl000204_random	1	1080	81310	0.0132825
chr17_gl000204_random	2	60	81310	0.000737917
chr17_gl000205_random	0	171250	174588	0.980881
chr17_gl000205_random	1	3233	174588	0.0185179
chr17_gl000205_random	2	98	174588	0.000561322
chr17_gl000205_random	3	7	174588	4.00944e-05
chr17_gl000206_random	0	40601	41001	0.990244
chr17_gl000206_random	1	400	41001	0.00975586
chr19_gl000208_random	0	88133	92689	0.950846
chr19_gl000208_random	1	3667	92689	0.0395624
chr19_gl000208_random	2	547	92689	0.00590146
chr19_gl000208_random	3	118	92689	0.00127307
chr19_gl000208_random	4	97	92689	0.00104651
chr19_gl000208_random	5	66	92689	0.000712059
chr19_gl000208_random	6	18	92689	0.000194198
chr19_gl000208_random	7	35	92689	0.000377607
chr19_gl000208_random	8	8	92689	8.63101e-05
chr19_gl000209_random	0	158569	159169	0.99623
chr19_gl000209_random	1	600	159169	0.00376958
chr21_gl000210_random	0	27632	27682	0.998194
chr21_gl000210_random	1	50	27682	0.00180623
chrUn_gl000211	0	163614	166566	0.982277
chrUn_gl000211	1	2904	166566	0.0174345
chrUn_gl000211	2	48	166566	0.000288174
chrUn_gl000212	0	184304	186858	0.986332
chrUn_gl000212	1	2439	186858	0.0130527
chrUn_gl000212	2	84	186858	0.000449539
chrUn_gl000212	3	31	186858	0.000165901
chrUn_gl000213	0	163739	164239	0.996956
chrUn_gl000213	1	500	164239	0.00304434
chrUn_gl000214	0	133001	137718	0.965749
chrUn_gl000214	1	4343	137718	0.0315355
chrUn_gl000214	2	307	137718	0.00222919
chrUn_gl000214	3	35	137718	0.000254143
chrUn_gl000214	4	22	137718	0.000159747
chrUn_gl000214	5	10	137718	7.26122e-05
chrUn_gl000215	0	171995	172545	0.996812
chrUn_gl000215	1	550	172545	0.00318757
chrUn_gl000216	0	169153	172294	0.98177
chrUn_gl000216	1	2932	172294	0.0170174
chrUn_gl000216	2	209	172294	0.00121304
chrUn_gl000217	0	168817	172149	0.980645
chrUn_gl000217	1	3226	172149	0.0187396
chrUn_gl000217	2	94	172149	0.000546039
chrUn_gl000217	3	12	172149	6.97071e-05
chrUn_gl000218	0	158184	161147	0.981613
chrUn_gl000218	1	2926	161147	0.0181573
chrUn_gl000218	2	37	161147	0.000229604
chrUn_gl000219	0	176545	179198	0.985195
chrUn_gl000219	1	2375	179198	0.0132535
chrUn_gl000219	2	176	179198	0.000982154
chrUn_gl000219	3	43	179198	0.000239958
chrUn_gl000219	4	22	179198	0.000122769
chrUn_gl000219	5	16	179198	8.92867e-05
chrUn_gl000219	6	21	179198	0.000117189
chrUn_gl000220	0	136285	161802	0.842295
chrUn_gl000220	1	10871	161802	0.0671871
chrUn_gl000220	2	5324	161802	0.0329044
chrUn_gl000220	3	3300	161802	0.0203953
chrUn_gl000220	4	1920	161802	0.0118664
chrUn_gl000220	5	1424	161802	0.00880088
chrUn_gl000220	6	927	161802	0.00572922
chrUn_gl000220	7	535	161802	0.00330651
chrUn_gl000220	8	331	161802	0.00204571
chrUn_gl000220	9	194	161802	0.001199
chrUn_gl000220	10	242	161802	0.00149566
chrUn_gl000220	11	151	161802	0.000933239
chrUn_gl000220	12	125	161802	0.000772549
chrUn_gl000220	13	62	161802	0.000383184
chrUn_gl000220	14	39	161802	0.000241035
chrUn_gl000220	15	57	161802	0.000352282
chrUn_gl000220	16	13	161802	8.03451e-05
chrUn_gl000220	17	2	161802	1.23608e-05
chrUn_gl000221	0	150900	155397	0.971061
chrUn_gl000221	1	4195	155397	0.0269954
chrUn_gl000221	2	301	155397	0.00193697
chrUn_gl000221	3	1	155397	6.43513e-06
chrUn_gl000222	0	185462	186861	0.992513
chrUn_gl000222	1	1348	186861	0.00721392
chrUn_gl000222	2	51	186861	0.00027293
chrUn_gl000223	0	178626	180455	0.989865
chrUn_gl000223	1	1708	180455	0.00946496
chrUn_gl000223	2	121	180455	0.000670527
chrUn_gl000224	0	175728	179693	0.977935
chrUn_gl000224	1	3038	179693	0.0169066
chrUn_gl000224	2	573	179693	0.00318877
chrUn_gl000224	3	274	179693	0.00152482
chrUn_gl000224	4	57	179693	0.000317208
chrUn_gl000224	5	22	179693	0.000122431
chrUn_gl000224	6	1	179693	5.56505e-06
chrUn_gl000225	0	204680	211173	0.969253
chrUn_gl000225	1	6173	211173	0.029232
chrUn_gl000225	2	283	211173	0.00134013
chrUn_gl000225	3	37	211173	0.000175212
chrUn_gl000226	0	1852	15008	0.123401
chrUn_gl000226	1	1824	15008	0.121535
chrUn_gl000226	2	1924	15008	0.128198
chrUn_gl000226	3	1969	15008	0.131197
chrUn_gl000226	4	1826	15008	0.121668
chrUn_gl000226	5	1547	15008	0.103078
chrUn_gl000226	6	1221	15008	0.0813566
chrUn_gl000226	7	840	15008	0.0559702
chrUn_gl000226	8	599	15008	0.039912
chrUn_gl000226	9	417	15008	0.0277852
chrUn_gl000226	10	291	15008	0.0193897
chrUn_gl000226	11	263	15008	0.017524
chrUn_gl000226	12	164	15008	0.0109275
chrUn_gl000226	13	114	15008	0.00759595
chrUn_gl000226	14	54	15008	0.00359808
chrUn_gl000226	15	46	15008	0.00306503
chrUn_gl000226	16	12	15008	0.000799574
chrUn_gl000226	17	8	15008	0.000533049
chrUn_gl000226	18	6	15008	0.000399787
chrUn_gl000226	19	9	15008	0.00059968
chrUn_gl000226	20	2	15008	0.000133262
chrUn_gl000226	21	10	15008	0.000666311
chrUn_gl000226	22	5	15008	0.000333156
chrUn_gl000226	23	5	15008	0.000333156
chrUn_gl000227	0	127824	128374	0.995716
chrUn_gl000227	1	550	128374	0.00428436
chrUn_gl000228	0	128231	129120	0.993115
chrUn_gl000228	1	828	129120	0.00641264
chrUn_gl000228	2	61	129120	0.000472429
chrUn_gl000229	0	19813	19913	0.994978
chrUn_gl000229	1	100	19913	0.00502184
chrUn_gl000230	0	43441	43691	0.994278
chrUn_gl000230	1	250	43691	0.005722
chrUn_gl000231	0	26330	27386	0.96144
chrUn_gl000231	1	1012	27386	0.0369532
chrUn_gl000231	2	44	27386	0.00160666
chrUn_gl000232	0	38677	40652	0.951417
chrUn_gl000232	1	1750	40652	0.0430483
chrUn_gl000232	2	225	40652	0.00553478
chrUn_gl000233	0	45287	45941	0.985764
chrUn_gl000233	1	608	45941	0.0132344
chrUn_gl000233	2	46	45941	0.00100128
chrUn_gl000234	0	39224	40531	0.967753
chrUn_gl000234	1	1124	40531	0.0277319
chrUn_gl000234	2	146	40531	0.00360218
chrUn_gl000234	3	14	40531	0.000345415
chrUn_gl000234	4	23	40531	0.000567467
chrUn_gl000235	0	33653	34474	0.976185
chrUn_gl000235	1	742	34474	0.0215235
chrUn_gl000235	2	79	34474	0.00229158
chrUn_gl000236	0	41534	41934	0.990461
chrUn_gl000236	1	400	41934	0.0095388
chrUn_gl000237	0	44605	45867	0.972486
chrUn_gl000237	1	1174	45867	0.0255957
chrUn_gl000237	2	88	45867	0.00191859
chrUn_gl000238	0	39689	39939	0.99374
chrUn_gl000238	1	250	39939	0.00625955
chrUn_gl000239	0	33174	33824	0.980783
chrUn_gl000239	1	650	33824	0.0192171
chrUn_gl000240	0	41173	41933	0.981876
chrUn_gl000240	1	670	41933	0.0159779
chrUn_gl000240	2	90	41933	0.00214628
chrUn_gl000241	0	40785	42152	0.96757
chrUn_gl000241	1	1238	42152	0.0293699
chrUn_gl000241	2	125	42152	0.00296546
chrUn_gl000241	3	4	42152	9.48947e-05
chrUn_gl000242	0	43103	43523	0.99035
chrUn_gl000242	1	390	43523	0.00896078
chrUn_gl000242	2	30	43523	0.000689291
chrUn_gl000243	0	42544	43341	0.981611
chrUn_gl000243	1	644	43341	0.0148589
chrUn_gl000243	2	153	43341	0.00353014
chrUn_gl000244	0	39879	39929	0.998748
chrUn_gl000244	1	50	39929	0.00125222
chrUn_gl000245	0	35865	36651	0.978554
chrUn_gl000245	1	772	36651	0.0210635
chrUn_gl000245	2	14	36651	0.000381981
chrUn_gl000246	0	37565	38154	0.984563
chrUn_gl000246	1	528	38154	0.0138387
chrUn_gl000246	2	61	38154	0.00159878
chrUn_gl000247	0	36015	36422	0.988825
chrUn_gl000247	1	364	36422	0.00999396
chrUn_gl000247	2	43	36422	0.00118061
chrUn_gl000248	0	39286	39786	0.987433
chrUn_gl000248	1	500	39786	0.0125672
chrUn_gl000249	0	38202	38502	0.992208
chrUn_gl000249	1	300	38502	0.0077918
chr9_gl000201_random	0	36148	36148	1
chr18_gl000207_random	0	4262	4262	1
genome	0	3099398631	3137161264	0.987963
genome	1	35864910	3137161264	0.0114323
genome	2	1723237	3137161264	0.000549298
genome	3	128997	3137161264	4.1119e-05
genome	4	19838	3137161264	6.32355e-06
genome	5	8156	3137161264	2.5998e-06
genome	6	4814	3137161264	1.53451e-06
genome	7	2812	3137161264	8.96352e-07
genome	8	2201	3137161264	7.0159e-07
genome	9	1383	3137161264	4.40844e-07
genome	10	1099	3137161264	3.50317e-07
genome	11	850	3137161264	2.70946e-07
genome	12	726	3137161264	2.31419e-07
genome	13	507	3137161264	1.61611e-07
genome	14	358	3137161264	1.14116e-07
genome	15	433	3137161264	1.38023e-07
genome	16	308	3137161264	9.81779e-08
genome	17	228	3137161264	7.26772e-08
genome	18	193	3137161264	6.15206e-08
genome	19	194	3137161264	6.18393e-08
genome	20	156	3137161264	4.97265e-08
genome	21	120	3137161264	3.82511e-08
genome	22	110	3137161264	3.50635e-08
genome	23	117	3137161264	3.72949e-08
genome	24	125	3137161264	3.98449e-08
genome	25	96	3137161264	3.06009e-08
genome	26	72	3137161264	2.29507e-08
genome	27	72	3137161264	2.29507e-08
genome	28	58	3137161264	1.84881e-08
genome	29	36	3137161264	1.14753e-08
genome	30	34	3137161264	1.08378e-08
genome	31	36	3137161264	1.14753e-08
genome	32	23	3137161264	7.33147e-09
genome	33	22	3137161264	7.01271e-09
genome	34	20	3137161264	6.37519e-09
genome	35	15	3137161264	4.78139e-09
genome	36	7	3137161264	2.23132e-09
genome	37	14	3137161264	4.46263e-09
genome	38	18	3137161264	5.73767e-09
genome	39	16	3137161264	5.10015e-09
genome	40	14	3137161264	4.46263e-09
genome	41	12	3137161264	3.82511e-09
genome	42	24	3137161264	7.65023e-09
genome	43	12	3137161264	3.82511e-09
genome	44	16	3137161264	5.10015e-09
genome	45	15	3137161264	4.78139e-09
genome	46	16	3137161264	5.10015e-09
genome	47	20	3137161264	6.37519e-09
genome	48	24	3137161264	7.65023e-09
genome	49	27	3137161264	8.60651e-09
genome	50	19	3137161264	6.05643e-09
genome	51	13	3137161264	4.14387e-09
genome	52	9	3137161264	2.86884e-09
genome	53	1	3137161264	3.1876e-10
