chrM	0	1266	16571	0.0763985
chrM	1	1818	16571	0.10971
chrM	2	2460	16571	0.148452
chrM	3	2324	16571	0.140245
chrM	4	2151	16571	0.129805
chrM	5	1965	16571	0.118581
chrM	6	1646	16571	0.0993302
chrM	7	1080	16571	0.0651741
chrM	8	698	16571	0.0421218
chrM	9	432	16571	0.0260696
chrM	10	290	16571	0.0175005
chrM	11	236	16571	0.0142417
chrM	12	130	16571	0.00784503
chrM	13	60	16571	0.00362078
chrM	14	11	16571	0.00066381
chrM	15	1	16571	6.03464e-05
chrM	16	3	16571	0.000181039
chr1	0	245615264	249250621	0.985415
chr1	1	3452316	249250621	0.0138508
chr1	2	168655	249250621	0.000676648
chr1	3	11408	249250621	4.57692e-05
chr1	4	1289	249250621	5.1715e-06
chr1	5	343	249250621	1.37612e-06
chr1	6	82	249250621	3.28986e-07
chr1	7	104	249250621	4.17251e-07
chr1	8	48	249250621	1.92577e-07
chr1	9	67	249250621	2.68806e-07
chr1	10	67	249250621	2.68806e-07
chr1	11	57	249250621	2.28685e-07
chr1	12	76	249250621	3.04914e-07
chr1	13	59	249250621	2.3671e-07
chr1	14	42	249250621	1.68505e-07
chr1	15	29	249250621	1.16349e-07
chr1	16	38	249250621	1.52457e-07
chr1	17	36	249250621	1.44433e-07
chr1	18	45	249250621	1.80541e-07
chr1	19	37	249250621	1.48445e-07
chr1	20	11	249250621	4.41323e-08
chr1	21	36	249250621	1.44433e-07
chr1	22	30	249250621	1.20361e-07
chr1	23	31	249250621	1.24373e-07
chr1	24	24	249250621	9.62886e-08
chr1	25	25	249250621	1.00301e-07
chr1	26	21	249250621	8.42525e-08
chr1	27	35	249250621	1.40421e-07
chr1	28	28	249250621	1.12337e-07
chr1	29	32	249250621	1.28385e-07
chr1	30	23	249250621	9.22766e-08
chr1	31	16	249250621	6.41924e-08
chr1	32	8	249250621	3.20962e-08
chr1	33	8	249250621	3.20962e-08
chr1	34	20	249250621	8.02405e-08
chr1	35	16	249250621	6.41924e-08
chr1	36	17	249250621	6.82044e-08
chr1	37	12	249250621	4.81443e-08
chr1	38	11	249250621	4.41323e-08
chr1	39	10	249250621	4.01203e-08
chr1	40	12	249250621	4.81443e-08
chr1	41	9	249250621	3.61082e-08
chr1	42	7	249250621	2.80842e-08
chr1	43	15	249250621	6.01804e-08
chr1	44	3	249250621	1.20361e-08
chr1	45	3	249250621	1.20361e-08
chr1	46	4	249250621	1.60481e-08
chr1	47	5	249250621	2.00601e-08
chr1	48	6	249250621	2.40722e-08
chr1	49	16	249250621	6.41924e-08
chr1	50	13	249250621	5.21563e-08
chr1	51	13	249250621	5.21563e-08
chr1	52	13	249250621	5.21563e-08
chr1	53	13	249250621	5.21563e-08
chr1	54	12	249250621	4.81443e-08
chr1	55	1	249250621	4.01203e-09
chr2	0	239589122	243199373	0.985155
chr2	1	3435119	243199373	0.0141247
chr2	2	158664	243199373	0.000652403
chr2	3	11987	243199373	4.92888e-05
chr2	4	2208	243199373	9.07897e-06
chr2	5	876	243199373	3.60198e-06
chr2	6	497	243199373	2.04359e-06
chr2	7	421	243199373	1.73109e-06
chr2	8	230	243199373	9.45726e-07
chr2	9	120	243199373	4.93422e-07
chr2	10	36	243199373	1.48027e-07
chr2	11	38	243199373	1.5625e-07
chr2	12	28	243199373	1.15132e-07
chr2	13	11	243199373	4.52304e-08
chr2	14	16	243199373	6.57896e-08
chr3	0	195521504	198022430	0.98737
chr3	1	2387790	198022430	0.0120582
chr3	2	105535	198022430	0.000532945
chr3	3	6811	198022430	3.43951e-05
chr3	4	582	198022430	2.93906e-06
chr3	5	90	198022430	4.54494e-07
chr3	6	29	198022430	1.46448e-07
chr3	7	8	198022430	4.03995e-08
chr3	8	4	198022430	2.01997e-08
chr3	9	5	198022430	2.52497e-08
chr3	10	10	198022430	5.04993e-08
chr3	11	9	198022430	4.54494e-08
chr3	12	1	198022430	5.04993e-09
chr3	13	4	198022430	2.01997e-08
chr3	14	1	198022430	5.04993e-09
chr3	15	3	198022430	1.51498e-08
chr3	16	4	198022430	2.01997e-08
chr3	17	2	198022430	1.00999e-08
chr3	18	23	198022430	1.16148e-07
chr3	19	12	198022430	6.05992e-08
chr3	20	3	198022430	1.51498e-08
chr4	0	189105114	191154276	0.98928
chr4	1	1959227	191154276	0.0102495
chr4	2	84387	191154276	0.00044146
chr4	3	4816	191154276	2.51943e-05
chr4	4	563	191154276	2.94527e-06
chr4	5	97	191154276	5.07444e-07
chr4	6	47	191154276	2.45875e-07
chr4	7	18	191154276	9.41648e-08
chr4	8	7	191154276	3.66196e-08
chr5	0	179020244	180915260	0.989525
chr5	1	1812855	180915260	0.0100205
chr5	2	77412	180915260	0.000427891
chr5	3	4375	180915260	2.41826e-05
chr5	4	374	180915260	2.06727e-06
chr6	0	169300712	171115067	0.989397
chr6	1	1729424	171115067	0.0101068
chr6	2	76592	171115067	0.000447605
chr6	3	5473	171115067	3.19843e-05
chr6	4	850	171115067	4.96742e-06
chr6	5	515	171115067	3.00967e-06
chr6	6	442	171115067	2.58306e-06
chr6	7	290	171115067	1.69477e-06
chr6	8	293	171115067	1.7123e-06
chr6	9	160	171115067	9.35043e-07
chr6	10	105	171115067	6.13622e-07
chr6	11	53	171115067	3.09733e-07
chr6	12	61	171115067	3.56485e-07
chr6	13	55	171115067	3.21421e-07
chr6	14	31	171115067	1.81165e-07
chr6	15	8	171115067	4.67522e-08
chr6	16	3	171115067	1.75321e-08
chr7	0	157033032	159138663	0.986769
chr7	1	2008231	159138663	0.0126194
chr7	2	89037	159138663	0.000559493
chr7	3	5567	159138663	3.49821e-05
chr7	4	713	159138663	4.48037e-06
chr7	5	225	159138663	1.41386e-06
chr7	6	122	159138663	7.66627e-07
chr7	7	100	159138663	6.28383e-07
chr7	8	111	159138663	6.97505e-07
chr7	9	97	159138663	6.09531e-07
chr7	10	87	159138663	5.46693e-07
chr7	11	66	159138663	4.14733e-07
chr7	12	73	159138663	4.58719e-07
chr7	13	58	159138663	3.64462e-07
chr7	14	82	159138663	5.15274e-07
chr7	15	71	159138663	4.46152e-07
chr7	16	42	159138663	2.63921e-07
chr7	17	43	159138663	2.70205e-07
chr7	18	59	159138663	3.70746e-07
chr7	19	54	159138663	3.39327e-07
chr7	20	36	159138663	2.26218e-07
chr7	21	39	159138663	2.45069e-07
chr7	22	33	159138663	2.07366e-07
chr7	23	33	159138663	2.07366e-07
chr7	24	46	159138663	2.89056e-07
chr7	25	44	159138663	2.76488e-07
chr7	26	41	159138663	2.57637e-07
chr7	27	55	159138663	3.45611e-07
chr7	28	49	159138663	3.07908e-07
chr7	29	65	159138663	4.08449e-07
chr7	30	58	159138663	3.64462e-07
chr7	31	50	159138663	3.14191e-07
chr7	32	52	159138663	3.26759e-07
chr7	33	48	159138663	3.01624e-07
chr7	34	35	159138663	2.19934e-07
chr7	35	37	159138663	2.32502e-07
chr7	36	14	159138663	8.79736e-08
chr7	37	8	159138663	5.02706e-08
chr7	38	6	159138663	3.7703e-08
chr7	39	3	159138663	1.88515e-08
chr7	40	13	159138663	8.16898e-08
chr7	41	15	159138663	9.42574e-08
chr7	42	7	159138663	4.39868e-08
chr7	43	3	159138663	1.88515e-08
chr7	44	3	159138663	1.88515e-08
chr8	0	144533412	146364022	0.987493
chr8	1	1736135	146364022	0.0118618
chr8	2	86292	146364022	0.000589571
chr8	3	6580	146364022	4.49564e-05
chr8	4	1092	146364022	7.46085e-06
chr8	5	244	146364022	1.66708e-06
chr8	6	80	146364022	5.46582e-07
chr8	7	101	146364022	6.9006e-07
chr8	8	47	146364022	3.21117e-07
chr8	9	14	146364022	9.56519e-08
chr8	10	15	146364022	1.02484e-07
chr8	11	6	146364022	4.09937e-08
chr8	12	4	146364022	2.73291e-08
chr9	0	139878414	141213431	0.990546
chr9	1	1276413	141213431	0.00903889
chr9	2	54539	141213431	0.000386217
chr9	3	3605	141213431	2.55287e-05
chr9	4	296	141213431	2.09612e-06
chr9	5	126	141213431	8.92266e-07
chr9	6	15	141213431	1.06222e-07
chr9	7	4	141213431	2.83259e-08
chr9	8	9	141213431	6.37333e-08
chr9	9	10	141213431	7.08148e-08
chr10	0	132926413	135534747	0.980755
chr10	1	2448840	135534747	0.018068
chr10	2	142219	135534747	0.00104932
chr10	3	12673	135534747	9.35037e-05
chr10	4	1728	135534747	1.27495e-05
chr10	5	685	135534747	5.05405e-06
chr10	6	389	135534747	2.87011e-06
chr10	7	270	135534747	1.99211e-06
chr10	8	256	135534747	1.88881e-06
chr10	9	209	135534747	1.54204e-06
chr10	10	162	135534747	1.19527e-06
chr10	11	155	135534747	1.14362e-06
chr10	12	124	135534747	9.14894e-07
chr10	13	113	135534747	8.33735e-07
chr10	14	136	135534747	1.00343e-06
chr10	15	123	135534747	9.07516e-07
chr10	16	85	135534747	6.27145e-07
chr10	17	62	135534747	4.57447e-07
chr10	18	38	135534747	2.80371e-07
chr10	19	21	135534747	1.54942e-07
chr10	20	5	135534747	3.68909e-08
chr10	21	10	135534747	7.37818e-08
chr10	22	8	135534747	5.90255e-08
chr10	23	9	135534747	6.64036e-08
chr10	24	9	135534747	6.64036e-08
chr10	25	4	135534747	2.95127e-08
chr10	26	1	135534747	7.37818e-09
chr11	0	132908178	135006516	0.984457
chr11	1	1994661	135006516	0.0147746
chr11	2	95400	135006516	0.000706633
chr11	3	6934	135006516	5.13605e-05
chr11	4	790	135006516	5.85157e-06
chr11	5	212	135006516	1.57029e-06
chr11	6	148	135006516	1.09624e-06
chr11	7	77	135006516	5.70343e-07
chr11	8	38	135006516	2.81468e-07
chr11	9	2	135006516	1.48141e-08
chr11	10	8	135006516	5.92564e-08
chr11	11	2	135006516	1.48141e-08
chr11	12	4	135006516	2.96282e-08
chr11	13	4	135006516	2.96282e-08
chr11	14	3	135006516	2.22212e-08
chr11	15	2	135006516	1.48141e-08
chr11	16	3	135006516	2.22212e-08
chr11	17	3	135006516	2.22212e-08
chr11	18	2	135006516	1.48141e-08
chr11	19	3	135006516	2.22212e-08
chr11	20	4	135006516	2.96282e-08
chr11	21	6	135006516	4.44423e-08
chr11	22	3	135006516	2.22212e-08
chr11	23	7	135006516	5.18494e-08
chr11	24	2	135006516	1.48141e-08
chr11	25	6	135006516	4.44423e-08
chr11	26	7	135006516	5.18494e-08
chr11	27	7	135006516	5.18494e-08
chr12	0	131927648	133851895	0.985624
chr12	1	1835286	133851895	0.0137113
chr12	2	82738	133851895	0.000618131
chr12	3	5592	133851895	4.17775e-05
chr12	4	593	133851895	4.43027e-06
chr12	5	38	133851895	2.83896e-07
chr13	0	114230956	115169878	0.991848
chr13	1	898841	115169878	0.00780448
chr13	2	37868	115169878	0.000328801
chr13	3	2079	115169878	1.80516e-05
chr13	4	134	115169878	1.1635e-06
chr14	0	106365806	107349540	0.990836
chr14	1	941903	107349540	0.00877417
chr14	2	39480	107349540	0.000367771
chr14	3	2224	107349540	2.07174e-05
chr14	4	120	107349540	1.11784e-06
chr14	5	7	107349540	6.52075e-08
chr15	0	101679692	102531392	0.991693
chr15	1	816545	102531392	0.00796385
chr15	2	33396	102531392	0.000325715
chr15	3	1673	102531392	1.6317e-05
chr15	4	86	102531392	8.38768e-07
chr16	0	89554313	90354753	0.991141
chr16	1	765458	90354753	0.0084717
chr16	2	33026	90354753	0.000365515
chr16	3	1840	90354753	2.03642e-05
chr16	4	110	90354753	1.21742e-06
chr16	5	6	90354753	6.64049e-08
chr17	0	80147907	81195210	0.987101
chr17	1	995820	81195210	0.0122645
chr17	2	48165	81195210	0.0005932
chr17	3	2922	81195210	3.59873e-05
chr17	4	201	81195210	2.47552e-06
chr17	5	55	81195210	6.7738e-07
chr17	6	20	81195210	2.4632e-07
chr17	7	17	81195210	2.09372e-07
chr17	8	18	81195210	2.21688e-07
chr17	9	36	81195210	4.43376e-07
chr17	10	15	81195210	1.8474e-07
chr17	11	19	81195210	2.34004e-07
chr17	12	9	81195210	1.10844e-07
chr17	13	3	81195210	3.6948e-08
chr17	14	3	81195210	3.6948e-08
chr18	0	77075333	78077248	0.987168
chr18	1	954529	78077248	0.0122254
chr18	2	43392	78077248	0.000555757
chr18	3	3328	78077248	4.26245e-05
chr18	4	434	78077248	5.5586e-06
chr18	5	108	78077248	1.38325e-06
chr18	6	58	78077248	7.42854e-07
chr18	7	26	78077248	3.33004e-07
chr18	8	17	78077248	2.17733e-07
chr18	9	19	78077248	2.43349e-07
chr18	10	4	78077248	5.12313e-08
chr19	0	58376952	59128983	0.987282
chr19	1	716487	59128983	0.0121174
chr19	2	31959	59128983	0.000540496
chr19	3	2483	59128983	4.19929e-05
chr19	4	446	59128983	7.54283e-06
chr19	5	146	59128983	2.46918e-06
chr19	6	117	59128983	1.97873e-06
chr19	7	73	59128983	1.23459e-06
chr19	8	62	59128983	1.04856e-06
chr19	9	39	59128983	6.59575e-07
chr19	10	21	59128983	3.55156e-07
chr19	11	30	59128983	5.07365e-07
chr19	12	38	59128983	6.42663e-07
chr19	13	22	59128983	3.72068e-07
chr19	14	8	59128983	1.35297e-07
chr19	15	14	59128983	2.36771e-07
chr19	16	16	59128983	2.70595e-07
chr19	17	8	59128983	1.35297e-07
chr19	18	8	59128983	1.35297e-07
chr19	19	4	59128983	6.76487e-08
chr19	20	2	59128983	3.38244e-08
chr19	21	10	59128983	1.69122e-07
chr19	22	11	59128983	1.86034e-07
chr19	23	6	59128983	1.01473e-07
chr19	24	6	59128983	1.01473e-07
chr19	25	8	59128983	1.35297e-07
chr19	26	7	59128983	1.18385e-07
chr20	0	62258907	63025520	0.987836
chr20	1	730042	63025520	0.0115833
chr20	2	34516	63025520	0.000547651
chr20	3	1805	63025520	2.86392e-05
chr20	4	239	63025520	3.79211e-06
chr20	5	11	63025520	1.74532e-07
chr21	0	47795811	48129895	0.993059
chr21	1	320018	48129895	0.00664905
chr21	2	13010	48129895	0.00027031
chr21	3	942	48129895	1.9572e-05
chr21	4	86	48129895	1.78683e-06
chr21	5	26	48129895	5.40205e-07
chr21	6	2	48129895	4.15542e-08
chr22	0	50992743	51304566	0.993922
chr22	1	298179	51304566	0.00581194
chr22	2	12674	51304566	0.000247035
chr22	3	886	51304566	1.72694e-05
chr22	4	55	51304566	1.07203e-06
chr22	5	29	51304566	5.65252e-07
chrX	0	152972262	155270560	0.985198
chrX	1	2176965	155270560	0.0140205
chrX	2	108268	155270560	0.000697286
chrX	3	9365	155270560	6.03141e-05
chrX	4	2091	155270560	1.34668e-05
chrX	5	868	155270560	5.59024e-06
chrX	6	388	155270560	2.49886e-06
chrX	7	156	155270560	1.0047e-06
chrX	8	63	155270560	4.05743e-07
chrX	9	32	155270560	2.06092e-07
chrX	10	21	155270560	1.35248e-07
chrX	11	37	155270560	2.38294e-07
chrX	12	18	155270560	1.15927e-07
chrX	13	15	155270560	9.66056e-08
chrX	14	5	155270560	3.22019e-08
chrX	15	6	155270560	3.86422e-08
chrY	0	59326493	59373566	0.999207
chrY	1	45563	59373566	0.000767395
chrY	2	1297	59373566	2.18447e-05
chrY	3	105	59373566	1.76846e-06
chrY	4	50	59373566	8.42126e-07
chrY	5	16	59373566	2.6948e-07
chrY	6	11	59373566	1.85268e-07
chrY	7	16	59373566	2.6948e-07
chrY	8	15	59373566	2.52638e-07
chr1_gl000191_random	0	105981	106433	0.995753
chr1_gl000191_random	1	404	106433	0.00379582
chr1_gl000191_random	2	48	106433	0.000450988
chr1_gl000192_random	0	536202	547496	0.979372
chr1_gl000192_random	1	10758	547496	0.0196495
chr1_gl000192_random	2	466	547496	0.000851148
chr1_gl000192_random	3	70	547496	0.000127855
chr4_ctg9_hap1	0	588676	590426	0.997036
chr4_ctg9_hap1	1	1750	590426	0.00296396
chr4_gl000193_random	0	187689	189789	0.988935
chr4_gl000193_random	1	2100	189789	0.0110649
chr4_gl000194_random	0	186567	191469	0.974398
chr4_gl000194_random	1	4665	191469	0.0243643
chr4_gl000194_random	2	226	191469	0.00118035
chr4_gl000194_random	3	11	191469	5.74506e-05
chr6_apd_hap1	0	4617956	4622290	0.999062
chr6_apd_hap1	1	4318	4622290	0.000934169
chr6_apd_hap1	2	16	4622290	3.46149e-06
chr6_cox_hap2	0	4786279	4795371	0.998104
chr6_cox_hap2	1	8984	4795371	0.00187347
chr6_cox_hap2	2	108	4795371	2.25217e-05
chr6_dbb_hap3	0	4602875	4610396	0.998369
chr6_dbb_hap3	1	7442	4610396	0.00161418
chr6_dbb_hap3	2	79	4610396	1.71352e-05
chr6_mann_hap4	0	4676414	4683263	0.998538
chr6_mann_hap4	1	6798	4683263	0.00145155
chr6_mann_hap4	2	51	4683263	1.08898e-05
chr6_mcf_hap5	0	4826813	4833398	0.998638
chr6_mcf_hap5	1	6570	4833398	0.00135929
chr6_mcf_hap5	2	15	4833398	3.10341e-06
chr6_qbl_hap6	0	4605013	4611984	0.998488
chr6_qbl_hap6	1	6842	4611984	0.00148353
chr6_qbl_hap6	2	129	4611984	2.79706e-05
chr6_ssto_hap7	0	4921506	4928567	0.998567
chr6_ssto_hap7	1	6972	4928567	0.00141461
chr6_ssto_hap7	2	89	4928567	1.8058e-05
chr7_gl000195_random	0	178264	182896	0.974674
chr7_gl000195_random	1	4441	182896	0.0242816
chr7_gl000195_random	2	164	182896	0.000896684
chr7_gl000195_random	3	27	182896	0.000147625
chr8_gl000196_random	0	38414	38914	0.987151
chr8_gl000196_random	1	500	38914	0.0128488
chr9_gl000198_random	0	87786	90085	0.97448
chr9_gl000198_random	1	2084	90085	0.0231337
chr9_gl000198_random	2	179	90085	0.00198701
chr9_gl000198_random	3	36	90085	0.000399623
chr9_gl000199_random	0	147487	169874	0.868214
chr9_gl000199_random	1	17571	169874	0.103435
chr9_gl000199_random	2	3292	169874	0.0193791
chr9_gl000199_random	3	663	169874	0.00390289
chr9_gl000199_random	4	474	169874	0.0027903
chr9_gl000199_random	5	112	169874	0.000659312
chr9_gl000199_random	6	76	169874	0.00044739
chr9_gl000199_random	7	53	169874	0.000311996
chr9_gl000199_random	8	29	169874	0.000170715
chr9_gl000199_random	9	29	169874	0.000170715
chr9_gl000199_random	10	37	169874	0.000217808
chr9_gl000199_random	11	28	169874	0.000164828
chr9_gl000199_random	12	2	169874	1.17734e-05
chr9_gl000199_random	13	16	169874	9.41875e-05
chr9_gl000199_random	14	5	169874	2.94336e-05
chr9_gl000200_random	0	186085	187035	0.994921
chr9_gl000200_random	1	950	187035	0.00507926
chr11_gl000202_random	0	39903	40103	0.995013
chr11_gl000202_random	1	200	40103	0.00498716
chr17_ctg5_hap1	0	1674681	1680828	0.996343
chr17_ctg5_hap1	1	5994	1680828	0.0035661
chr17_ctg5_hap1	2	153	1680828	9.10266e-05
chr17_gl000203_random	0	37175	37498	0.991386
chr17_gl000203_random	1	296	37498	0.00789375
chr17_gl000203_random	2	27	37498	0.000720038
chr17_gl000204_random	0	80448	81310	0.989399
chr17_gl000204_random	1	787	81310	0.00967901
chr17_gl000204_random	2	62	81310	0.000762514
chr17_gl000204_random	3	13	81310	0.000159882
chr17_gl000205_random	0	170623	174588	0.977289
chr17_gl000205_random	1	3830	174588	0.0219374
chr17_gl000205_random	2	135	174588	0.000773249
chr17_gl000206_random	0	40701	41001	0.992683
chr17_gl000206_random	1	300	41001	0.00731689
chr18_gl000207_random	0	4212	4262	0.988268
chr18_gl000207_random	1	50	4262	0.0117316
chr19_gl000208_random	0	87030	92689	0.938946
chr19_gl000208_random	1	4624	92689	0.0498873
chr19_gl000208_random	2	554	92689	0.00597698
chr19_gl000208_random	3	203	92689	0.00219012
chr19_gl000208_random	4	157	92689	0.00169384
chr19_gl000208_random	5	63	92689	0.000679692
chr19_gl000208_random	6	40	92689	0.000431551
chr19_gl000208_random	7	18	92689	0.000194198
chr19_gl000209_random	0	158416	159169	0.995269
chr19_gl000209_random	1	706	159169	0.00443554
chr19_gl000209_random	2	47	159169	0.000295284
chr21_gl000210_random	0	27632	27682	0.998194
chr21_gl000210_random	1	50	27682	0.00180623
chrUn_gl000211	0	163979	166566	0.984469
chrUn_gl000211	1	2310	166566	0.0138684
chrUn_gl000211	2	209	166566	0.00125476
chrUn_gl000211	3	50	166566	0.000300181
chrUn_gl000211	4	18	166566	0.000108065
chrUn_gl000212	0	184458	186858	0.987156
chrUn_gl000212	1	2250	186858	0.0120412
chrUn_gl000212	2	150	186858	0.000802749
chrUn_gl000213	0	163539	164239	0.995738
chrUn_gl000213	1	700	164239	0.00426208
chrUn_gl000214	0	131760	137718	0.956738
chrUn_gl000214	1	5270	137718	0.0382666
chrUn_gl000214	2	565	137718	0.00410259
chrUn_gl000214	3	92	137718	0.000668032
chrUn_gl000214	4	31	137718	0.000225098
chrUn_gl000215	0	171895	172545	0.996233
chrUn_gl000215	1	650	172545	0.00376713
chrUn_gl000216	0	168606	172294	0.978595
chrUn_gl000216	1	3377	172294	0.0196002
chrUn_gl000216	2	210	172294	0.00121885
chrUn_gl000216	3	101	172294	0.000586207
chrUn_gl000217	0	166926	172149	0.96966
chrUn_gl000217	1	4910	172149	0.0285218
chrUn_gl000217	2	249	172149	0.00144642
chrUn_gl000217	3	64	172149	0.000371771
chrUn_gl000218	0	158258	161147	0.982072
chrUn_gl000218	1	2778	161147	0.0172389
chrUn_gl000218	2	111	161147	0.000688812
chrUn_gl000219	0	176882	179198	0.987076
chrUn_gl000219	1	2238	179198	0.012489
chrUn_gl000219	2	72	179198	0.00040179
chrUn_gl000219	3	6	179198	3.34825e-05
chrUn_gl000220	0	136668	161802	0.844662
chrUn_gl000220	1	11351	161802	0.0701536
chrUn_gl000220	2	5427	161802	0.033541
chrUn_gl000220	3	3138	161802	0.0193941
chrUn_gl000220	4	2084	161802	0.0128799
chrUn_gl000220	5	1056	161802	0.0065265
chrUn_gl000220	6	649	161802	0.00401108
chrUn_gl000220	7	439	161802	0.00271319
chrUn_gl000220	8	314	161802	0.00194064
chrUn_gl000220	9	204	161802	0.0012608
chrUn_gl000220	10	138	161802	0.000852894
chrUn_gl000220	11	101	161802	0.00062422
chrUn_gl000220	12	76	161802	0.00046971
chrUn_gl000220	13	59	161802	0.000364643
chrUn_gl000220	14	52	161802	0.00032138
chrUn_gl000220	15	36	161802	0.000222494
chrUn_gl000220	16	8	161802	4.94431e-05
chrUn_gl000220	17	2	161802	1.23608e-05
chrUn_gl000221	0	150747	155397	0.970077
chrUn_gl000221	1	4400	155397	0.0283146
chrUn_gl000221	2	250	155397	0.00160878
chrUn_gl000222	0	185730	186861	0.993947
chrUn_gl000222	1	1112	186861	0.00595095
chrUn_gl000222	2	19	186861	0.00010168
chrUn_gl000223	0	179167	180455	0.992862
chrUn_gl000223	1	1276	180455	0.00707101
chrUn_gl000223	2	12	180455	6.64986e-05
chrUn_gl000224	0	175649	179693	0.977495
chrUn_gl000224	1	3219	179693	0.0179139
chrUn_gl000224	2	515	179693	0.002866
chrUn_gl000224	3	239	179693	0.00133005
chrUn_gl000224	4	71	179693	0.000395118
chrUn_gl000225	0	205466	211173	0.972975
chrUn_gl000225	1	5264	211173	0.0249274
chrUn_gl000225	2	443	211173	0.00209781
chrUn_gl000226	0	1965	15008	0.13093
chrUn_gl000226	1	2146	15008	0.14299
chrUn_gl000226	2	1788	15008	0.119136
chrUn_gl000226	3	1717	15008	0.114406
chrUn_gl000226	4	1945	15008	0.129598
chrUn_gl000226	5	1469	15008	0.0978811
chrUn_gl000226	6	1173	15008	0.0781583
chrUn_gl000226	7	760	15008	0.0506397
chrUn_gl000226	8	593	15008	0.0395123
chrUn_gl000226	9	442	15008	0.029451
chrUn_gl000226	10	377	15008	0.0251199
chrUn_gl000226	11	190	15008	0.0126599
chrUn_gl000226	12	131	15008	0.00872868
chrUn_gl000226	13	81	15008	0.00539712
chrUn_gl000226	14	70	15008	0.00466418
chrUn_gl000226	15	51	15008	0.00339819
chrUn_gl000226	16	29	15008	0.0019323
chrUn_gl000226	17	2	15008	0.000133262
chrUn_gl000226	18	8	15008	0.000533049
chrUn_gl000226	19	4	15008	0.000266525
chrUn_gl000226	20	6	15008	0.000399787
chrUn_gl000226	21	11	15008	0.000732942
chrUn_gl000226	22	16	15008	0.0010661
chrUn_gl000226	23	14	15008	0.000932836
chrUn_gl000226	24	7	15008	0.000466418
chrUn_gl000226	25	7	15008	0.000466418
chrUn_gl000226	26	6	15008	0.000399787
chrUn_gl000227	0	127524	128374	0.993379
chrUn_gl000227	1	850	128374	0.00662128
chrUn_gl000228	0	127791	129120	0.989707
chrUn_gl000228	1	1258	129120	0.00974287
chrUn_gl000228	2	71	129120	0.000549876
chrUn_gl000229	0	19253	19913	0.966856
chrUn_gl000229	1	570	19913	0.0286245
chrUn_gl000229	2	90	19913	0.00451966
chrUn_gl000230	0	43641	43691	0.998856
chrUn_gl000230	1	50	43691	0.0011444
chrUn_gl000231	0	26050	27386	0.951216
chrUn_gl000231	1	1322	27386	0.0482728
chrUn_gl000231	2	14	27386	0.00051121
chrUn_gl000232	0	38729	40652	0.952696
chrUn_gl000232	1	1656	40652	0.040736
chrUn_gl000232	2	257	40652	0.00632195
chrUn_gl000232	3	10	40652	0.00024599
chrUn_gl000233	0	45714	45941	0.995059
chrUn_gl000233	1	154	45941	0.00335213
chrUn_gl000233	2	73	45941	0.00158899
chrUn_gl000234	0	39231	40531	0.967926
chrUn_gl000234	1	1300	40531	0.0320742
chrUn_gl000235	0	33470	34474	0.970877
chrUn_gl000235	1	954	34474	0.027673
chrUn_gl000235	2	4	34474	0.000116029
chrUn_gl000235	3	46	34474	0.00133434
chrUn_gl000236	0	41243	41934	0.983522
chrUn_gl000236	1	682	41934	0.0162637
chrUn_gl000236	2	9	41934	0.000214623
chrUn_gl000237	0	43746	45867	0.953758
chrUn_gl000237	1	1942	45867	0.0423398
chrUn_gl000237	2	179	45867	0.00390259
chrUn_gl000238	0	39639	39939	0.992489
chrUn_gl000238	1	300	39939	0.00751146
chrUn_gl000239	0	32981	33824	0.975077
chrUn_gl000239	1	836	33824	0.0247162
chrUn_gl000239	2	7	33824	0.000206954
chrUn_gl000240	0	41401	41933	0.987313
chrUn_gl000240	1	434	41933	0.0103498
chrUn_gl000240	2	78	41933	0.00186011
chrUn_gl000240	3	20	41933	0.000476951
chrUn_gl000241	0	39411	42152	0.934973
chrUn_gl000241	1	2622	42152	0.0622035
chrUn_gl000241	2	59	42152	0.0013997
chrUn_gl000241	3	30	42152	0.00071171
chrUn_gl000241	4	30	42152	0.00071171
chrUn_gl000242	0	43423	43523	0.997702
chrUn_gl000242	1	100	43523	0.00229764
chrUn_gl000243	0	42529	43341	0.981265
chrUn_gl000243	1	724	43341	0.0167047
chrUn_gl000243	2	88	43341	0.00203041
chrUn_gl000244	0	39629	39929	0.992487
chrUn_gl000244	1	300	39929	0.00751334
chrUn_gl000245	0	35854	36651	0.978254
chrUn_gl000245	1	744	36651	0.0202996
chrUn_gl000245	2	53	36651	0.00144607
chrUn_gl000246	0	37954	38154	0.994758
chrUn_gl000246	1	200	38154	0.00524191
chrUn_gl000247	0	35922	36422	0.986272
chrUn_gl000247	1	450	36422	0.0123552
chrUn_gl000247	2	50	36422	0.0013728
chrUn_gl000248	0	39586	39786	0.994973
chrUn_gl000248	1	200	39786	0.00502689
chrUn_gl000249	0	38252	38502	0.993507
chrUn_gl000249	1	250	38502	0.00649317
chr8_gl000197_random	0	37175	37175	1
chr9_gl000201_random	0	36148	36148	1
genome	0	3099386317	3137161264	0.987959
genome	1	35919600	3137161264	0.0114497
genome	2	1677873	3137161264	0.000534838
genome	3	124333	3137161264	3.96323e-05
genome	4	22091	3137161264	7.04172e-06
genome	5	9388	3137161264	2.99251e-06
genome	6	6031	3137161264	1.92244e-06
genome	7	4031	3137161264	1.28492e-06
genome	8	2852	3137161264	9.09102e-07
genome	9	1917	3137161264	6.11062e-07
genome	10	1393	3137161264	4.44032e-07
genome	11	1027	3137161264	3.27366e-07
genome	12	775	3137161264	2.47039e-07
genome	13	560	3137161264	1.78505e-07
genome	14	465	3137161264	1.48223e-07
genome	15	344	3137161264	1.09653e-07
genome	16	231	3137161264	7.36335e-08
genome	17	158	3137161264	5.0364e-08
genome	18	183	3137161264	5.8333e-08
genome	19	135	3137161264	4.30325e-08
genome	20	67	3137161264	2.13569e-08
genome	21	112	3137161264	3.57011e-08
genome	22	101	3137161264	3.21947e-08
genome	23	100	3137161264	3.1876e-08
genome	24	94	3137161264	2.99634e-08
genome	25	94	3137161264	2.99634e-08
genome	26	83	3137161264	2.6457e-08
genome	27	97	3137161264	3.09197e-08
genome	28	77	3137161264	2.45445e-08
genome	29	97	3137161264	3.09197e-08
genome	30	81	3137161264	2.58195e-08
genome	31	66	3137161264	2.10381e-08
genome	32	60	3137161264	1.91256e-08
genome	33	56	3137161264	1.78505e-08
genome	34	55	3137161264	1.75318e-08
genome	35	53	3137161264	1.68943e-08
genome	36	31	3137161264	9.88155e-09
genome	37	20	3137161264	6.37519e-09
genome	38	17	3137161264	5.41891e-09
genome	39	13	3137161264	4.14387e-09
genome	40	25	3137161264	7.96899e-09
genome	41	24	3137161264	7.65023e-09
genome	42	14	3137161264	4.46263e-09
genome	43	18	3137161264	5.73767e-09
genome	44	6	3137161264	1.91256e-09
genome	45	3	3137161264	9.56279e-10
genome	46	4	3137161264	1.27504e-09
genome	47	5	3137161264	1.5938e-09
genome	48	6	3137161264	1.91256e-09
genome	49	16	3137161264	5.10015e-09
genome	50	13	3137161264	4.14387e-09
genome	51	13	3137161264	4.14387e-09
genome	52	13	3137161264	4.14387e-09
genome	53	13	3137161264	4.14387e-09
genome	54	12	3137161264	3.82511e-09
genome	55	1	3137161264	3.1876e-10
