chrM	0	5	16571	0.000301732
chrM	1	59	16571	0.00356044
chrM	2	63	16571	0.00380182
chrM	3	83	16571	0.00500875
chrM	4	140	16571	0.00844849
chrM	5	370	16571	0.0223282
chrM	6	592	16571	0.0357251
chrM	7	749	16571	0.0451994
chrM	8	870	16571	0.0525014
chrM	9	1026	16571	0.0619154
chrM	10	1256	16571	0.0757951
chrM	11	1417	16571	0.0855108
chrM	12	1540	16571	0.0929334
chrM	13	1394	16571	0.0841229
chrM	14	1363	16571	0.0822521
chrM	15	1277	16571	0.0770623
chrM	16	948	16571	0.0572084
chrM	17	823	16571	0.0496651
chrM	18	659	16571	0.0397683
chrM	19	589	16571	0.035544
chrM	20	385	16571	0.0232334
chrM	21	306	16571	0.018466
chrM	22	233	16571	0.0140607
chrM	23	124	16571	0.00748295
chrM	24	96	16571	0.00579325
chrM	25	61	16571	0.00368113
chrM	26	27	16571	0.00162935
chrM	27	30	16571	0.00181039
chrM	28	38	16571	0.00229316
chrM	29	12	16571	0.000724157
chrM	30	14	16571	0.000844849
chrM	31	12	16571	0.000724157
chrM	32	10	16571	0.000603464
chr1	0	246358028	249250621	0.988395
chr1	1	2807257	249250621	0.0112628
chr1	2	81130	249250621	0.000325496
chr1	3	2181	249250621	8.75023e-06
chr1	4	370	249250621	1.48445e-06
chr1	5	238	249250621	9.54862e-07
chr1	6	54	249250621	2.16649e-07
chr1	7	14	249250621	5.61684e-08
chr1	8	20	249250621	8.02405e-08
chr1	9	8	249250621	3.20962e-08
chr1	10	33	249250621	1.32397e-07
chr1	11	26	249250621	1.04313e-07
chr1	12	39	249250621	1.56469e-07
chr1	13	28	249250621	1.12337e-07
chr1	14	11	249250621	4.41323e-08
chr1	15	14	249250621	5.61684e-08
chr1	16	23	249250621	9.22766e-08
chr1	17	28	249250621	1.12337e-07
chr1	18	9	249250621	3.61082e-08
chr1	19	5	249250621	2.00601e-08
chr1	20	2	249250621	8.02405e-09
chr1	21	5	249250621	2.00601e-08
chr1	22	11	249250621	4.41323e-08
chr1	23	19	249250621	7.62285e-08
chr1	24	7	249250621	2.80842e-08
chr1	25	10	249250621	4.01203e-08
chr1	26	22	249250621	8.82646e-08
chr1	27	42	249250621	1.68505e-07
chr1	28	14	249250621	5.61684e-08
chr1	29	41	249250621	1.64493e-07
chr1	30	35	249250621	1.40421e-07
chr1	31	31	249250621	1.24373e-07
chr1	32	18	249250621	7.22165e-08
chr1	33	22	249250621	8.82646e-08
chr1	34	22	249250621	8.82646e-08
chr1	35	20	249250621	8.02405e-08
chr1	36	11	249250621	4.41323e-08
chr1	37	18	249250621	7.22165e-08
chr1	38	33	249250621	1.32397e-07
chr1	39	33	249250621	1.32397e-07
chr1	40	32	249250621	1.28385e-07
chr1	41	16	249250621	6.41924e-08
chr1	42	11	249250621	4.41323e-08
chr1	43	12	249250621	4.81443e-08
chr1	44	9	249250621	3.61082e-08
chr1	45	9	249250621	3.61082e-08
chr1	46	10	249250621	4.01203e-08
chr1	47	10	249250621	4.01203e-08
chr1	48	3	249250621	1.20361e-08
chr1	49	7	249250621	2.80842e-08
chr1	50	3	249250621	1.20361e-08
chr1	51	5	249250621	2.00601e-08
chr1	52	3	249250621	1.20361e-08
chr1	53	4	249250621	1.60481e-08
chr1	54	13	249250621	5.21563e-08
chr1	55	8	249250621	3.20962e-08
chr1	56	6	249250621	2.40722e-08
chr1	57	5	249250621	2.00601e-08
chr1	58	4	249250621	1.60481e-08
chr1	59	8	249250621	3.20962e-08
chr1	60	12	249250621	4.81443e-08
chr1	61	17	249250621	6.82044e-08
chr1	62	9	249250621	3.61082e-08
chr1	63	5	249250621	2.00601e-08
chr1	64	4	249250621	1.60481e-08
chr1	65	14	249250621	5.61684e-08
chr1	66	10	249250621	4.01203e-08
chr1	67	6	249250621	2.40722e-08
chr1	68	6	249250621	2.40722e-08
chr1	69	5	249250621	2.00601e-08
chr1	70	2	249250621	8.02405e-09
chr1	71	5	249250621	2.00601e-08
chr1	72	9	249250621	3.61082e-08
chr1	73	7	249250621	2.80842e-08
chr1	74	1	249250621	4.01203e-09
chr1	75	3	249250621	1.20361e-08
chr1	79	3	249250621	1.20361e-08
chr1	80	2	249250621	8.02405e-09
chr1	81	3	249250621	1.20361e-08
chr1	82	8	249250621	3.20962e-08
chr1	83	7	249250621	2.80842e-08
chr1	84	7	249250621	2.80842e-08
chr1	85	1	249250621	4.01203e-09
chr1	87	2	249250621	8.02405e-09
chr1	88	5	249250621	2.00601e-08
chr1	89	1	249250621	4.01203e-09
chr1	90	4	249250621	1.60481e-08
chr1	91	1	249250621	4.01203e-09
chr1	92	5	249250621	2.00601e-08
chr1	93	5	249250621	2.00601e-08
chr1	94	2	249250621	8.02405e-09
chr1	95	5	249250621	2.00601e-08
chr1	96	2	249250621	8.02405e-09
chr1	97	4	249250621	1.60481e-08
chr1	98	2	249250621	8.02405e-09
chr1	99	1	249250621	4.01203e-09
chr1	100	3	249250621	1.20361e-08
chr1	101	2	249250621	8.02405e-09
chr1	102	1	249250621	4.01203e-09
chr1	103	5	249250621	2.00601e-08
chr1	104	1	249250621	4.01203e-09
chr1	105	2	249250621	8.02405e-09
chr1	106	4	249250621	1.60481e-08
chr1	107	6	249250621	2.40722e-08
chr1	108	3	249250621	1.20361e-08
chr1	109	12	249250621	4.81443e-08
chr1	110	7	249250621	2.80842e-08
chr1	111	5	249250621	2.00601e-08
chr1	112	3	249250621	1.20361e-08
chr1	113	1	249250621	4.01203e-09
chr1	114	2	249250621	8.02405e-09
chr1	115	6	249250621	2.40722e-08
chr1	116	3	249250621	1.20361e-08
chr1	117	4	249250621	1.60481e-08
chr1	118	4	249250621	1.60481e-08
chr1	119	9	249250621	3.61082e-08
chr1	120	8	249250621	3.20962e-08
chr1	121	5	249250621	2.00601e-08
chr1	122	7	249250621	2.80842e-08
chr1	123	2	249250621	8.02405e-09
chr1	124	3	249250621	1.20361e-08
chr1	125	2	249250621	8.02405e-09
chr1	128	2	249250621	8.02405e-09
chr1	129	2	249250621	8.02405e-09
chr1	130	1	249250621	4.01203e-09
chr1	131	1	249250621	4.01203e-09
chr1	132	2	249250621	8.02405e-09
chr1	133	5	249250621	2.00601e-08
chr1	134	1	249250621	4.01203e-09
chr1	135	2	249250621	8.02405e-09
chr1	136	3	249250621	1.20361e-08
chr1	137	3	249250621	1.20361e-08
chr1	138	3	249250621	1.20361e-08
chr1	139	5	249250621	2.00601e-08
chr1	140	3	249250621	1.20361e-08
chr1	141	3	249250621	1.20361e-08
chr1	142	8	249250621	3.20962e-08
chr1	143	3	249250621	1.20361e-08
chr1	144	3	249250621	1.20361e-08
chr1	145	1	249250621	4.01203e-09
chr1	148	1	249250621	4.01203e-09
chr1	149	1	249250621	4.01203e-09
chr1	150	2	249250621	8.02405e-09
chr1	151	1	249250621	4.01203e-09
chr1	152	4	249250621	1.60481e-08
chr1	153	3	249250621	1.20361e-08
chr1	155	4	249250621	1.60481e-08
chr1	156	2	249250621	8.02405e-09
chr1	157	4	249250621	1.60481e-08
chr1	158	3	249250621	1.20361e-08
chr1	159	2	249250621	8.02405e-09
chr1	160	2	249250621	8.02405e-09
chr1	161	3	249250621	1.20361e-08
chr1	162	1	249250621	4.01203e-09
chr1	163	3	249250621	1.20361e-08
chr1	164	2	249250621	8.02405e-09
chr1	165	7	249250621	2.80842e-08
chr1	166	5	249250621	2.00601e-08
chr1	167	7	249250621	2.80842e-08
chr1	168	3	249250621	1.20361e-08
chr1	169	1	249250621	4.01203e-09
chr1	170	1	249250621	4.01203e-09
chr1	171	3	249250621	1.20361e-08
chr1	172	6	249250621	2.40722e-08
chr1	173	3	249250621	1.20361e-08
chr1	174	2	249250621	8.02405e-09
chr1	175	4	249250621	1.60481e-08
chr1	176	5	249250621	2.00601e-08
chr1	177	5	249250621	2.00601e-08
chr1	178	2	249250621	8.02405e-09
chr1	179	2	249250621	8.02405e-09
chr1	180	4	249250621	1.60481e-08
chr1	181	7	249250621	2.80842e-08
chr1	182	4	249250621	1.60481e-08
chr1	183	4	249250621	1.60481e-08
chr1	184	5	249250621	2.00601e-08
chr1	185	1	249250621	4.01203e-09
chr1	186	5	249250621	2.00601e-08
chr1	187	6	249250621	2.40722e-08
chr1	188	3	249250621	1.20361e-08
chr1	189	4	249250621	1.60481e-08
chr1	190	2	249250621	8.02405e-09
chr1	191	4	249250621	1.60481e-08
chr1	192	3	249250621	1.20361e-08
chr1	193	2	249250621	8.02405e-09
chr1	195	2	249250621	8.02405e-09
chr1	198	4	249250621	1.60481e-08
chr1	199	3	249250621	1.20361e-08
chr1	200	3	249250621	1.20361e-08
chr1	201	1	249250621	4.01203e-09
chr1	202	1	249250621	4.01203e-09
chr1	203	1	249250621	4.01203e-09
chr1	206	1	249250621	4.01203e-09
chr1	209	1	249250621	4.01203e-09
chr2	0	239996634	243199373	0.986831
chr2	1	3102380	243199373	0.0127565
chr2	2	91369	243199373	0.000375696
chr2	3	3824	243199373	1.57237e-05
chr2	4	1737	243199373	7.14229e-06
chr2	5	1159	243199373	4.76564e-06
chr2	6	687	243199373	2.82484e-06
chr2	7	448	243199373	1.84211e-06
chr2	8	308	243199373	1.26645e-06
chr2	9	257	243199373	1.05675e-06
chr2	10	164	243199373	6.74344e-07
chr2	11	98	243199373	4.02962e-07
chr2	12	80	243199373	3.28948e-07
chr2	13	82	243199373	3.37172e-07
chr2	14	21	243199373	8.63489e-08
chr2	15	34	243199373	1.39803e-07
chr2	16	22	243199373	9.04608e-08
chr2	17	7	243199373	2.8783e-08
chr2	18	5	243199373	2.05593e-08
chr2	19	9	243199373	3.70067e-08
chr2	20	1	243199373	4.11185e-09
chr2	21	3	243199373	1.23356e-08
chr2	22	6	243199373	2.46711e-08
chr2	23	4	243199373	1.64474e-08
chr2	24	14	243199373	5.75659e-08
chr2	25	14	243199373	5.75659e-08
chr2	26	4	243199373	1.64474e-08
chr2	27	1	243199373	4.11185e-09
chr2	28	1	243199373	4.11185e-09
chr3	0	195306404	198022430	0.986284
chr3	1	2640915	198022430	0.0133364
chr3	2	73773	198022430	0.000372549
chr3	3	1203	198022430	6.07507e-06
chr3	4	9	198022430	4.54494e-08
chr3	5	22	198022430	1.11099e-07
chr3	6	4	198022430	2.01997e-08
chr3	7	8	198022430	4.03995e-08
chr3	8	66	198022430	3.33296e-07
chr3	9	2	198022430	1.00999e-08
chr3	10	8	198022430	4.03995e-08
chr3	11	14	198022430	7.06991e-08
chr3	12	2	198022430	1.00999e-08
chr4	0	188333007	191154276	0.985241
chr4	1	2742590	191154276	0.0143475
chr4	2	76122	191154276	0.000398223
chr4	3	2178	191154276	1.13939e-05
chr4	4	238	191154276	1.24507e-06
chr4	5	72	191154276	3.76659e-07
chr4	6	63	191154276	3.29577e-07
chr4	7	6	191154276	3.13883e-08
chr5	0	178595196	180915260	0.987176
chr5	1	2255954	180915260	0.0124697
chr5	2	61208	180915260	0.000338324
chr5	3	1256	180915260	6.94248e-06
chr5	4	158	180915260	8.73337e-07
chr5	5	170	180915260	9.39666e-07
chr5	6	193	180915260	1.0668e-06
chr5	7	183	180915260	1.01152e-06
chr5	8	182	180915260	1.006e-06
chr5	9	146	180915260	8.07008e-07
chr5	10	193	180915260	1.0668e-06
chr5	11	143	180915260	7.90425e-07
chr5	12	82	180915260	4.53251e-07
chr5	13	60	180915260	3.31647e-07
chr5	14	55	180915260	3.0401e-07
chr5	15	41	180915260	2.26625e-07
chr5	16	20	180915260	1.10549e-07
chr5	17	13	180915260	7.18568e-08
chr5	18	5	180915260	2.76372e-08
chr5	19	2	180915260	1.10549e-08
chr6	0	169047907	171115067	0.987919
chr6	1	2011315	171115067	0.0117542
chr6	2	51726	171115067	0.000302288
chr6	3	785	171115067	4.58756e-06
chr6	4	177	171115067	1.03439e-06
chr6	5	100	171115067	5.84402e-07
chr6	6	129	171115067	7.53879e-07
chr6	7	159	171115067	9.29199e-07
chr6	8	218	171115067	1.274e-06
chr6	9	245	171115067	1.43178e-06
chr6	10	256	171115067	1.49607e-06
chr6	11	290	171115067	1.69477e-06
chr6	12	358	171115067	2.09216e-06
chr6	13	277	171115067	1.61879e-06
chr6	14	246	171115067	1.43763e-06
chr6	15	205	171115067	1.19802e-06
chr6	16	181	171115067	1.05777e-06
chr6	17	167	171115067	9.75951e-07
chr6	18	92	171115067	5.3765e-07
chr6	19	67	171115067	3.91549e-07
chr6	20	56	171115067	3.27265e-07
chr6	21	36	171115067	2.10385e-07
chr6	22	17	171115067	9.93483e-08
chr6	23	19	171115067	1.11036e-07
chr6	24	19	171115067	1.11036e-07
chr6	25	11	171115067	6.42842e-08
chr6	26	7	171115067	4.09081e-08
chr6	27	2	171115067	1.1688e-08
chr7	0	157099069	159138663	0.987184
chr7	1	1982193	159138663	0.0124558
chr7	2	54672	159138663	0.000343549
chr7	3	1150	159138663	7.2264e-06
chr7	4	151	159138663	9.48858e-07
chr7	5	125	159138663	7.85479e-07
chr7	6	50	159138663	3.14191e-07
chr7	7	58	159138663	3.64462e-07
chr7	8	47	159138663	2.9534e-07
chr7	9	42	159138663	2.63921e-07
chr7	10	40	159138663	2.51353e-07
chr7	11	40	159138663	2.51353e-07
chr7	12	62	159138663	3.89597e-07
chr7	13	58	159138663	3.64462e-07
chr7	14	59	159138663	3.70746e-07
chr7	15	49	159138663	3.07908e-07
chr7	16	73	159138663	4.58719e-07
chr7	17	100	159138663	6.28383e-07
chr7	18	55	159138663	3.45611e-07
chr7	19	56	159138663	3.51894e-07
chr7	20	48	159138663	3.01624e-07
chr7	21	62	159138663	3.89597e-07
chr7	22	87	159138663	5.46693e-07
chr7	23	21	159138663	1.3196e-07
chr7	24	36	159138663	2.26218e-07
chr7	25	23	159138663	1.44528e-07
chr7	26	28	159138663	1.75947e-07
chr7	27	39	159138663	2.45069e-07
chr7	28	32	159138663	2.01083e-07
chr7	29	33	159138663	2.07366e-07
chr7	30	18	159138663	1.13109e-07
chr7	31	4	159138663	2.51353e-08
chr7	32	18	159138663	1.13109e-07
chr7	33	25	159138663	1.57096e-07
chr7	34	8	159138663	5.02706e-08
chr7	35	10	159138663	6.28383e-08
chr7	36	7	159138663	4.39868e-08
chr7	37	5	159138663	3.14191e-08
chr7	38	3	159138663	1.88515e-08
chr7	39	1	159138663	6.28383e-09
chr7	40	3	159138663	1.88515e-08
chr7	41	2	159138663	1.25677e-08
chr7	42	1	159138663	6.28383e-09
chr8	0	144446469	146364022	0.986899
chr8	1	1858381	146364022	0.012697
chr8	2	54220	146364022	0.000370446
chr8	3	2517	146364022	1.71968e-05
chr8	4	963	146364022	6.57949e-06
chr8	5	684	146364022	4.67328e-06
chr8	6	361	146364022	2.46645e-06
chr8	7	236	146364022	1.61242e-06
chr8	8	84	146364022	5.73912e-07
chr8	9	69	146364022	4.71427e-07
chr8	10	26	146364022	1.77639e-07
chr8	11	9	146364022	6.14905e-08
chr8	12	3	146364022	2.04968e-08
chr9	0	139535418	141213431	0.988117
chr9	1	1628916	141213431	0.0115351
chr9	2	47621	141213431	0.000337227
chr9	3	1181	141213431	8.36323e-06
chr9	4	135	141213431	9.56e-07
chr9	5	92	141213431	6.51496e-07
chr9	6	18	141213431	1.27467e-07
chr9	7	2	141213431	1.4163e-08
chr9	8	26	141213431	1.84118e-07
chr9	9	10	141213431	7.08148e-08
chr9	10	3	141213431	2.12444e-08
chr9	11	9	141213431	6.37333e-08
chr10	0	134102546	135534747	0.989433
chr10	1	1379194	135534747	0.0101759
chr10	2	41987	135534747	0.000309788
chr10	3	3158	135534747	2.33003e-05
chr10	4	1281	135534747	9.45145e-06
chr10	5	843	135534747	6.21981e-06
chr10	6	767	135534747	5.65907e-06
chr10	7	784	135534747	5.78449e-06
chr10	8	520	135534747	3.83665e-06
chr10	9	484	135534747	3.57104e-06
chr10	10	323	135534747	2.38315e-06
chr10	11	346	135534747	2.55285e-06
chr10	12	279	135534747	2.05851e-06
chr10	13	291	135534747	2.14705e-06
chr10	14	233	135534747	1.71912e-06
chr10	15	234	135534747	1.72649e-06
chr10	16	217	135534747	1.60107e-06
chr10	17	150	135534747	1.10673e-06
chr10	18	113	135534747	8.33735e-07
chr10	19	78	135534747	5.75498e-07
chr10	20	77	135534747	5.6812e-07
chr10	21	116	135534747	8.55869e-07
chr10	22	134	135534747	9.88676e-07
chr10	23	109	135534747	8.04222e-07
chr10	24	85	135534747	6.27145e-07
chr10	25	53	135534747	3.91044e-07
chr10	26	46	135534747	3.39396e-07
chr10	27	35	135534747	2.58236e-07
chr10	28	27	135534747	1.99211e-07
chr10	29	39	135534747	2.87749e-07
chr10	30	23	135534747	1.69698e-07
chr10	31	26	135534747	1.91833e-07
chr10	32	25	135534747	1.84455e-07
chr10	33	41	135534747	3.02505e-07
chr10	34	23	135534747	1.69698e-07
chr10	35	15	135534747	1.10673e-07
chr10	36	21	135534747	1.54942e-07
chr10	37	16	135534747	1.18051e-07
chr10	38	7	135534747	5.16473e-08
chr10	42	1	135534747	7.37818e-09
chr11	0	133363459	135006516	0.98783
chr11	1	1597345	135006516	0.0118316
chr11	2	42744	135006516	0.000316607
chr11	3	1215	135006516	8.99957e-06
chr11	4	387	135006516	2.86653e-06
chr11	5	255	135006516	1.8888e-06
chr11	6	250	135006516	1.85176e-06
chr11	7	175	135006516	1.29623e-06
chr11	8	144	135006516	1.06662e-06
chr11	9	108	135006516	7.99961e-07
chr11	10	94	135006516	6.96263e-07
chr11	11	89	135006516	6.59227e-07
chr11	12	82	135006516	6.07378e-07
chr11	13	70	135006516	5.18493e-07
chr11	14	52	135006516	3.85167e-07
chr11	15	43	135006516	3.18503e-07
chr11	16	4	135006516	2.96282e-08
chr12	0	132162468	133851895	0.987378
chr12	1	1642734	133851895	0.0122728
chr12	2	44984	133851895	0.000336073
chr12	3	1321	133851895	9.86912e-06
chr12	4	71	133851895	5.30437e-07
chr12	5	68	133851895	5.08024e-07
chr12	6	32	133851895	2.3907e-07
chr12	7	13	133851895	9.71223e-08
chr12	8	35	133851895	2.61483e-07
chr12	9	62	133851895	4.63199e-07
chr12	10	39	133851895	2.91367e-07
chr12	11	32	133851895	2.3907e-07
chr12	12	21	133851895	1.5689e-07
chr12	13	14	133851895	1.04593e-07
chr12	14	1	133851895	7.47094e-09
chr13	0	113961218	115169878	0.989505
chr13	1	1176988	115169878	0.0102196
chr13	2	31059	115169878	0.00026968
chr13	3	608	115169878	5.27916e-06
chr13	4	5	115169878	4.34141e-08
chr14	0	106223686	107349540	0.989512
chr14	1	1095319	107349540	0.0102033
chr14	2	30024	107349540	0.000279684
chr14	3	511	107349540	4.76015e-06
chr15	0	101271993	102531392	0.987717
chr15	1	1223022	102531392	0.0119283
chr15	2	35762	102531392	0.000348791
chr15	3	606	102531392	5.91038e-06
chr15	4	9	102531392	8.7778e-08
chr16	0	89164769	90354753	0.98683
chr16	1	1136727	90354753	0.0125807
chr16	2	41725	90354753	0.000461791
chr16	3	4936	90354753	5.46291e-05
chr16	4	2374	90354753	2.62742e-05
chr16	5	1379	90354753	1.52621e-05
chr16	6	935	90354753	1.03481e-05
chr16	7	631	90354753	6.98358e-06
chr16	8	413	90354753	4.57087e-06
chr16	9	301	90354753	3.33131e-06
chr16	10	171	90354753	1.89254e-06
chr16	11	136	90354753	1.50518e-06
chr16	12	85	90354753	9.40736e-07
chr16	13	51	90354753	5.64442e-07
chr16	14	48	90354753	5.31239e-07
chr16	15	20	90354753	2.2135e-07
chr16	16	27	90354753	2.98822e-07
chr16	17	15	90354753	1.66012e-07
chr16	18	6	90354753	6.64049e-08
chr16	19	3	90354753	3.32025e-08
chr16	21	1	90354753	1.10675e-08
chr17	0	80191629	81195210	0.98764
chr17	1	964784	81195210	0.0118823
chr17	2	34211	81195210	0.000421343
chr17	3	1762	81195210	2.17008e-05
chr17	4	853	81195210	1.05055e-05
chr17	5	624	81195210	7.68518e-06
chr17	6	433	81195210	5.33283e-06
chr17	7	260	81195210	3.20216e-06
chr17	8	145	81195210	1.78582e-06
chr17	9	80	81195210	9.8528e-07
chr17	10	72	81195210	8.86752e-07
chr17	11	46	81195210	5.66536e-07
chr17	12	77	81195210	9.48332e-07
chr17	13	34	81195210	4.18744e-07
chr17	14	3	81195210	3.6948e-08
chr17	15	15	81195210	1.8474e-07
chr17	16	10	81195210	1.2316e-07
chr17	17	13	81195210	1.60108e-07
chr17	18	7	81195210	8.6212e-08
chr17	19	12	81195210	1.47792e-07
chr17	20	6	81195210	7.3896e-08
chr17	21	2	81195210	2.4632e-08
chr17	22	8	81195210	9.8528e-08
chr17	23	8	81195210	9.8528e-08
chr17	24	9	81195210	1.10844e-07
chr17	25	6	81195210	7.3896e-08
chr17	27	6	81195210	7.3896e-08
chr17	28	17	81195210	2.09372e-07
chr17	29	6	81195210	7.3896e-08
chr17	30	4	81195210	4.9264e-08
chr17	31	9	81195210	1.10844e-07
chr17	32	3	81195210	3.6948e-08
chr17	33	6	81195210	7.3896e-08
chr17	34	4	81195210	4.9264e-08
chr17	35	1	81195210	1.2316e-08
chr17	36	8	81195210	9.8528e-08
chr17	37	3	81195210	3.6948e-08
chr17	39	7	81195210	8.6212e-08
chr17	40	3	81195210	3.6948e-08
chr17	41	1	81195210	1.2316e-08
chr17	43	3	81195210	3.6948e-08
chr17	44	6	81195210	7.3896e-08
chr17	46	14	81195210	1.72424e-07
chr18	0	77014233	78077248	0.986385
chr18	1	1028073	78077248	0.0131674
chr18	2	31377	78077248	0.000401871
chr18	3	1551	78077248	1.98649e-05
chr18	4	649	78077248	8.31228e-06
chr18	5	355	78077248	4.54678e-06
chr18	6	301	78077248	3.85516e-06
chr18	7	196	78077248	2.51033e-06
chr18	8	169	78077248	2.16452e-06
chr18	9	180	78077248	2.30541e-06
chr18	10	101	78077248	1.29359e-06
chr18	11	23	78077248	2.9458e-07
chr18	12	34	78077248	4.35466e-07
chr18	13	6	78077248	7.6847e-08
chr19	0	58349675	59128983	0.98682
chr19	1	748665	59128983	0.0126616
chr19	2	27744	59128983	0.000469212
chr19	3	934	59128983	1.5796e-05
chr19	4	296	59128983	5.00601e-06
chr19	5	306	59128983	5.17513e-06
chr19	6	171	59128983	2.89198e-06
chr19	7	166	59128983	2.80742e-06
chr19	8	65	59128983	1.09929e-06
chr19	9	111	59128983	1.87725e-06
chr19	10	51	59128983	8.62521e-07
chr19	11	42	59128983	7.10312e-07
chr19	12	61	59128983	1.03164e-06
chr19	13	76	59128983	1.28533e-06
chr19	14	63	59128983	1.06547e-06
chr19	15	33	59128983	5.58102e-07
chr19	16	17	59128983	2.87507e-07
chr19	17	16	59128983	2.70595e-07
chr19	18	19	59128983	3.21331e-07
chr19	19	9	59128983	1.5221e-07
chr19	20	11	59128983	1.86034e-07
chr19	21	21	59128983	3.55156e-07
chr19	22	35	59128983	5.91926e-07
chr19	23	36	59128983	6.08838e-07
chr19	24	19	59128983	3.21331e-07
chr19	25	23	59128983	3.8898e-07
chr19	26	12	59128983	2.02946e-07
chr19	27	20	59128983	3.38244e-07
chr19	28	16	59128983	2.70595e-07
chr19	29	13	59128983	2.19858e-07
chr19	30	5	59128983	8.45609e-08
chr19	31	12	59128983	2.02946e-07
chr19	32	2	59128983	3.38244e-08
chr19	33	11	59128983	1.86034e-07
chr19	34	19	59128983	3.21331e-07
chr19	35	20	59128983	3.38244e-07
chr19	36	14	59128983	2.36771e-07
chr19	37	25	59128983	4.22805e-07
chr19	38	6	59128983	1.01473e-07
chr19	39	4	59128983	6.76487e-08
chr19	40	10	59128983	1.69122e-07
chr19	41	24	59128983	4.05892e-07
chr19	42	7	59128983	1.18385e-07
chr19	43	6	59128983	1.01473e-07
chr19	44	18	59128983	3.04419e-07
chr19	45	6	59128983	1.01473e-07
chr19	46	1	59128983	1.69122e-08
chr19	47	2	59128983	3.38244e-08
chr19	48	1	59128983	1.69122e-08
chr19	49	1	59128983	1.69122e-08
chr19	50	3	59128983	5.07365e-08
chr19	51	5	59128983	8.45609e-08
chr19	52	4	59128983	6.76487e-08
chr19	53	4	59128983	6.76487e-08
chr19	54	7	59128983	1.18385e-07
chr19	55	3	59128983	5.07365e-08
chr19	56	3	59128983	5.07365e-08
chr19	57	1	59128983	1.69122e-08
chr19	58	6	59128983	1.01473e-07
chr19	60	3	59128983	5.07365e-08
chr19	64	1	59128983	1.69122e-08
chr19	66	2	59128983	3.38244e-08
chr19	71	4	59128983	6.76487e-08
chr19	73	1	59128983	1.69122e-08
chr19	75	1	59128983	1.69122e-08
chr19	77	2	59128983	3.38244e-08
chr19	78	2	59128983	3.38244e-08
chr19	79	3	59128983	5.07365e-08
chr19	80	6	59128983	1.01473e-07
chr19	81	2	59128983	3.38244e-08
chr20	0	62228359	63025520	0.987352
chr20	1	771574	63025520	0.0122422
chr20	2	25041	63025520	0.000397315
chr20	3	540	63025520	8.56796e-06
chr20	4	6	63025520	9.51995e-08
chr21	0	47640851	48129895	0.989839
chr21	1	473704	48129895	0.0098422
chr21	2	15080	48129895	0.000313319
chr21	3	254	48129895	5.27739e-06
chr21	4	6	48129895	1.24663e-07
chr22	0	50816999	51304566	0.990497
chr22	1	470282	51304566	0.00916647
chr22	2	16837	51304566	0.000328177
chr22	3	448	51304566	8.73217e-06
chrX	0	153400280	155270560	0.987955
chrX	1	1810054	155270560	0.0116574
chrX	2	53572	155270560	0.000345024
chrX	3	3808	155270560	2.45249e-05
chrX	4	1268	155270560	8.16639e-06
chrX	5	673	155270560	4.33437e-06
chrX	6	346	155270560	2.22837e-06
chrX	7	191	155270560	1.23011e-06
chrX	8	80	155270560	5.1523e-07
chrX	9	77	155270560	4.95909e-07
chrX	10	51	155270560	3.28459e-07
chrX	11	60	155270560	3.86422e-07
chrX	12	31	155270560	1.99651e-07
chrX	13	17	155270560	1.09486e-07
chrX	14	9	155270560	5.79633e-08
chrX	15	33	155270560	2.12532e-07
chrX	16	9	155270560	5.79633e-08
chrX	17	1	155270560	6.44037e-09
chrY	0	59328793	59373566	0.999246
chrY	1	40897	59373566	0.000688808
chrY	2	2978	59373566	5.0157e-05
chrY	3	509	59373566	8.57284e-06
chrY	4	94	59373566	1.5832e-06
chrY	5	49	59373566	8.25283e-07
chrY	6	44	59373566	7.4107e-07
chrY	7	14	59373566	2.35795e-07
chrY	8	33	59373566	5.55803e-07
chrY	9	37	59373566	6.23173e-07
chrY	10	11	59373566	1.85268e-07
chrY	11	17	59373566	2.86323e-07
chrY	12	37	59373566	6.23173e-07
chrY	13	6	59373566	1.01055e-07
chrY	14	18	59373566	3.03165e-07
chrY	15	7	59373566	1.17898e-07
chrY	16	14	59373566	2.35795e-07
chrY	17	6	59373566	1.01055e-07
chrY	19	2	59373566	3.3685e-08
chr1_gl000191_random	0	105629	106433	0.992446
chr1_gl000191_random	1	758	106433	0.00712185
chr1_gl000191_random	2	46	106433	0.000432197
chr1_gl000192_random	0	539027	547496	0.984531
chr1_gl000192_random	1	8139	547496	0.0148659
chr1_gl000192_random	2	282	547496	0.000515072
chr1_gl000192_random	3	45	547496	8.21924e-05
chr1_gl000192_random	4	3	547496	5.47949e-06
chr4_ctg9_hap1	0	584353	590426	0.989714
chr4_ctg9_hap1	1	5896	590426	0.00998601
chr4_ctg9_hap1	2	177	590426	0.000299784
chr4_gl000193_random	0	183657	189789	0.96769
chr4_gl000193_random	1	5838	189789	0.0307605
chr4_gl000193_random	2	270	189789	0.00142263
chr4_gl000193_random	3	24	189789	0.000126456
chr4_gl000194_random	0	187561	191469	0.979589
chr4_gl000194_random	1	3766	191469	0.019669
chr4_gl000194_random	2	142	191469	0.000741634
chr6_apd_hap1	0	4618148	4622290	0.999104
chr6_apd_hap1	1	4034	4622290	0.000872728
chr6_apd_hap1	2	108	4622290	2.3365e-05
chr6_cox_hap2	0	4784071	4795371	0.997644
chr6_cox_hap2	1	11031	4795371	0.00230034
chr6_cox_hap2	2	238	4795371	4.96312e-05
chr6_cox_hap2	3	31	4795371	6.46457e-06
chr6_dbb_hap3	0	4599671	4610396	0.997674
chr6_dbb_hap3	1	10450	4610396	0.00226662
chr6_dbb_hap3	2	275	4610396	5.96478e-05
chr6_mann_hap4	0	4676114	4683263	0.998474
chr6_mann_hap4	1	7098	4683263	0.00151561
chr6_mann_hap4	2	51	4683263	1.08898e-05
chr6_mcf_hap5	0	4823818	4833398	0.998018
chr6_mcf_hap5	1	9410	4833398	0.00194687
chr6_mcf_hap5	2	170	4833398	3.51719e-05
chr6_qbl_hap6	0	4601585	4611984	0.997745
chr6_qbl_hap6	1	10048	4611984	0.00217867
chr6_qbl_hap6	2	351	4611984	7.61061e-05
chr6_ssto_hap7	0	4920097	4928567	0.998281
chr6_ssto_hap7	1	8190	4928567	0.00166174
chr6_ssto_hap7	2	280	4928567	5.68116e-05
chr7_gl000195_random	0	171573	182896	0.938091
chr7_gl000195_random	1	10909	182896	0.0596459
chr7_gl000195_random	2	401	182896	0.0021925
chr7_gl000195_random	3	13	182896	7.10786e-05
chr8_gl000196_random	0	38614	38914	0.992291
chr8_gl000196_random	1	300	38914	0.00770931
chr8_gl000197_random	0	36861	37175	0.991553
chr8_gl000197_random	1	278	37175	0.00747814
chr8_gl000197_random	2	36	37175	0.000968393
chr9_gl000198_random	0	86268	90085	0.957629
chr9_gl000198_random	1	3684	90085	0.0408947
chr9_gl000198_random	2	133	90085	0.00147638
chr9_gl000199_random	0	148753	169874	0.875667
chr9_gl000199_random	1	16023	169874	0.0943229
chr9_gl000199_random	2	3776	169874	0.0222282
chr9_gl000199_random	3	923	169874	0.00543344
chr9_gl000199_random	4	199	169874	0.00117146
chr9_gl000199_random	5	76	169874	0.00044739
chr9_gl000199_random	6	23	169874	0.000135394
chr9_gl000199_random	8	5	169874	2.94336e-05
chr9_gl000199_random	9	16	169874	9.41875e-05
chr9_gl000199_random	10	3	169874	1.76601e-05
chr9_gl000199_random	11	9	169874	5.29804e-05
chr9_gl000199_random	12	13	169874	7.65273e-05
chr9_gl000199_random	13	16	169874	9.41875e-05
chr9_gl000199_random	14	16	169874	9.41875e-05
chr9_gl000199_random	15	2	169874	1.17734e-05
chr9_gl000199_random	16	8	169874	4.70937e-05
chr9_gl000199_random	17	1	169874	5.88672e-06
chr9_gl000199_random	18	12	169874	7.06406e-05
chr9_gl000200_random	0	185773	187035	0.993253
chr9_gl000200_random	1	1174	187035	0.0062769
chr9_gl000200_random	2	88	187035	0.0004705
chr9_gl000201_random	0	35871	36148	0.992337
chr9_gl000201_random	1	254	36148	0.00702667
chr9_gl000201_random	2	23	36148	0.000636273
chr11_gl000202_random	0	39903	40103	0.995013
chr11_gl000202_random	1	200	40103	0.00498716
chr17_ctg5_hap1	0	1668824	1680828	0.992858
chr17_ctg5_hap1	1	11758	1680828	0.00699536
chr17_ctg5_hap1	2	246	1680828	0.000146356
chr17_gl000203_random	0	37098	37498	0.989333
chr17_gl000203_random	1	400	37498	0.0106672
chr17_gl000204_random	0	80511	81310	0.990173
chr17_gl000204_random	1	798	81310	0.00981429
chr17_gl000204_random	2	1	81310	1.22986e-05
chr17_gl000205_random	0	164144	174588	0.940179
chr17_gl000205_random	1	9866	174588	0.0565102
chr17_gl000205_random	2	550	174588	0.00315027
chr17_gl000205_random	3	28	174588	0.000160378
chr17_gl000206_random	0	40701	41001	0.992683
chr17_gl000206_random	1	300	41001	0.00731689
chr19_gl000208_random	0	89719	92689	0.967957
chr19_gl000208_random	1	2711	92689	0.0292483
chr19_gl000208_random	2	238	92689	0.00256773
chr19_gl000208_random	3	21	92689	0.000226564
chr19_gl000209_random	0	158619	159169	0.996545
chr19_gl000209_random	1	550	159169	0.00345545
chr21_gl000210_random	0	27532	27682	0.994581
chr21_gl000210_random	1	150	27682	0.00541868
chrUn_gl000211	0	163771	166566	0.98322
chrUn_gl000211	1	2740	166566	0.0164499
chrUn_gl000211	2	55	166566	0.000330199
chrUn_gl000212	0	183601	186858	0.98257
chrUn_gl000212	1	3014	186858	0.0161299
chrUn_gl000212	2	243	186858	0.00130045
chrUn_gl000213	0	163164	164239	0.993455
chrUn_gl000213	1	900	164239	0.00547982
chrUn_gl000213	2	175	164239	0.00106552
chrUn_gl000214	0	127696	137718	0.927228
chrUn_gl000214	1	9245	137718	0.0671299
chrUn_gl000214	2	776	137718	0.0056347
chrUn_gl000214	3	1	137718	7.26122e-06
chrUn_gl000215	0	171371	172545	0.993196
chrUn_gl000215	1	1148	172545	0.00665334
chrUn_gl000215	2	26	172545	0.000150685
chrUn_gl000216	0	163154	172294	0.946951
chrUn_gl000216	1	7002	172294	0.0406398
chrUn_gl000216	2	1461	172294	0.00847969
chrUn_gl000216	3	256	172294	0.00148583
chrUn_gl000216	4	146	172294	0.000847389
chrUn_gl000216	5	95	172294	0.000551383
chrUn_gl000216	6	62	172294	0.00035985
chrUn_gl000216	7	54	172294	0.000313418
chrUn_gl000216	8	29	172294	0.000168317
chrUn_gl000216	9	33	172294	0.000191533
chrUn_gl000216	10	2	172294	1.16081e-05
chrUn_gl000217	0	167607	172149	0.973616
chrUn_gl000217	1	4434	172149	0.0257568
chrUn_gl000217	2	108	172149	0.000627364
chrUn_gl000218	0	154344	161147	0.957784
chrUn_gl000218	1	6448	161147	0.0400132
chrUn_gl000218	2	313	161147	0.00194233
chrUn_gl000218	3	42	161147	0.000260632
chrUn_gl000219	0	172282	179198	0.961406
chrUn_gl000219	1	6732	179198	0.0375674
chrUn_gl000219	2	184	179198	0.0010268
chrUn_gl000220	0	121094	161802	0.748409
chrUn_gl000220	1	15428	161802	0.0953511
chrUn_gl000220	2	6811	161802	0.0420947
chrUn_gl000220	3	4516	161802	0.0279107
chrUn_gl000220	4	3621	161802	0.0223792
chrUn_gl000220	5	3004	161802	0.0185659
chrUn_gl000220	6	2220	161802	0.0137205
chrUn_gl000220	7	1519	161802	0.00938802
chrUn_gl000220	8	1373	161802	0.00848568
chrUn_gl000220	9	908	161802	0.0056118
chrUn_gl000220	10	491	161802	0.00303457
chrUn_gl000220	11	316	161802	0.001953
chrUn_gl000220	12	234	161802	0.00144621
chrUn_gl000220	13	134	161802	0.000828173
chrUn_gl000220	14	74	161802	0.000457349
chrUn_gl000220	15	34	161802	0.000210133
chrUn_gl000220	16	19	161802	0.000117427
chrUn_gl000220	17	5	161802	3.0902e-05
chrUn_gl000220	18	1	161802	6.18039e-06
chrUn_gl000221	0	151003	155397	0.971724
chrUn_gl000221	1	4388	155397	0.0282374
chrUn_gl000221	2	6	155397	3.86108e-05
chrUn_gl000222	0	183823	186861	0.983742
chrUn_gl000222	1	2876	186861	0.0153911
chrUn_gl000222	2	162	186861	0.000866955
chrUn_gl000223	0	178910	180455	0.991438
chrUn_gl000223	1	1540	180455	0.00853398
chrUn_gl000223	2	5	180455	2.77077e-05
chrUn_gl000224	0	166188	179693	0.924844
chrUn_gl000224	1	9994	179693	0.0556171
chrUn_gl000224	2	2527	179693	0.0140629
chrUn_gl000224	3	626	179693	0.00348372
chrUn_gl000224	4	191	179693	0.00106292
chrUn_gl000224	5	107	179693	0.00059546
chrUn_gl000224	6	45	179693	0.000250427
chrUn_gl000224	7	15	179693	8.34757e-05
chrUn_gl000225	0	190272	211173	0.901024
chrUn_gl000225	1	15462	211173	0.0732196
chrUn_gl000225	2	3213	211173	0.015215
chrUn_gl000225	3	1178	211173	0.00557836
chrUn_gl000225	4	626	211173	0.00296439
chrUn_gl000225	5	198	211173	0.00093762
chrUn_gl000225	6	75	211173	0.000355159
chrUn_gl000225	7	38	211173	0.000179947
chrUn_gl000225	8	58	211173	0.000274656
chrUn_gl000225	9	30	211173	0.000142064
chrUn_gl000225	10	21	211173	9.94445e-05
chrUn_gl000225	12	2	211173	9.47091e-06
chrUn_gl000226	0	1641	15008	0.109342
chrUn_gl000226	1	1964	15008	0.130864
chrUn_gl000226	2	1759	15008	0.117204
chrUn_gl000226	3	1487	15008	0.0990805
chrUn_gl000226	4	1216	15008	0.0810235
chrUn_gl000226	5	1247	15008	0.083089
chrUn_gl000226	6	1058	15008	0.0704957
chrUn_gl000226	7	1024	15008	0.0682303
chrUn_gl000226	8	766	15008	0.0510394
chrUn_gl000226	9	645	15008	0.0429771
chrUn_gl000226	10	494	15008	0.0329158
chrUn_gl000226	11	370	15008	0.0246535
chrUn_gl000226	12	330	15008	0.0219883
chrUn_gl000226	13	258	15008	0.0171908
chrUn_gl000226	14	183	15008	0.0121935
chrUn_gl000226	15	186	15008	0.0123934
chrUn_gl000226	16	76	15008	0.00506397
chrUn_gl000226	17	83	15008	0.00553038
chrUn_gl000226	18	57	15008	0.00379797
chrUn_gl000226	19	42	15008	0.00279851
chrUn_gl000226	20	42	15008	0.00279851
chrUn_gl000226	21	22	15008	0.00146588
chrUn_gl000226	22	9	15008	0.00059968
chrUn_gl000226	23	3	15008	0.000199893
chrUn_gl000226	24	11	15008	0.000732942
chrUn_gl000226	25	18	15008	0.00119936
chrUn_gl000226	26	12	15008	0.000799574
chrUn_gl000226	27	4	15008	0.000266525
chrUn_gl000226	29	1	15008	6.66311e-05
chrUn_gl000227	0	127624	128374	0.994158
chrUn_gl000227	1	750	128374	0.0058423
chrUn_gl000228	0	126126	129120	0.976812
chrUn_gl000228	1	1562	129120	0.0120973
chrUn_gl000228	2	570	129120	0.0044145
chrUn_gl000228	3	274	129120	0.00212206
chrUn_gl000228	4	153	129120	0.00118494
chrUn_gl000228	5	90	129120	0.000697026
chrUn_gl000228	6	89	129120	0.000689281
chrUn_gl000228	7	117	129120	0.000906134
chrUn_gl000228	8	56	129120	0.000433705
chrUn_gl000228	9	24	129120	0.000185874
chrUn_gl000228	10	13	129120	0.000100682
chrUn_gl000228	11	8	129120	6.19579e-05
chrUn_gl000228	12	11	129120	8.51921e-05
chrUn_gl000228	13	5	129120	3.87237e-05
chrUn_gl000228	14	7	129120	5.42131e-05
chrUn_gl000228	15	6	129120	4.64684e-05
chrUn_gl000228	16	9	129120	6.97026e-05
chrUn_gl000229	0	19113	19913	0.959825
chrUn_gl000229	1	750	19913	0.0376638
chrUn_gl000229	2	50	19913	0.00251092
chrUn_gl000230	0	42903	43691	0.981964
chrUn_gl000230	1	776	43691	0.0177611
chrUn_gl000230	2	12	43691	0.000274656
chrUn_gl000231	0	26636	27386	0.972614
chrUn_gl000231	1	750	27386	0.0273863
chrUn_gl000232	0	37442	40652	0.921037
chrUn_gl000232	1	3120	40652	0.076749
chrUn_gl000232	2	90	40652	0.00221391
chrUn_gl000233	0	44857	45941	0.976405
chrUn_gl000233	1	918	45941	0.0199822
chrUn_gl000233	2	166	45941	0.00361333
chrUn_gl000234	0	37979	40531	0.937036
chrUn_gl000234	1	2267	40531	0.0559325
chrUn_gl000234	2	272	40531	0.00671091
chrUn_gl000234	3	13	40531	0.000320742
chrUn_gl000235	0	33270	34474	0.965075
chrUn_gl000235	1	1108	34474	0.0321402
chrUn_gl000235	2	96	34474	0.00278471
chrUn_gl000236	0	41734	41934	0.995231
chrUn_gl000236	1	200	41934	0.0047694
chrUn_gl000237	0	44062	45867	0.960647
chrUn_gl000237	1	1760	45867	0.0383718
chrUn_gl000237	2	45	45867	0.000981098
chrUn_gl000238	0	39589	39939	0.991237
chrUn_gl000238	1	350	39939	0.00876336
chrUn_gl000239	0	31796	33824	0.940043
chrUn_gl000239	1	2006	33824	0.059307
chrUn_gl000239	2	22	33824	0.000650426
chrUn_gl000240	0	40795	41933	0.972861
chrUn_gl000240	1	1076	41933	0.02566
chrUn_gl000240	2	62	41933	0.00147855
chrUn_gl000241	0	39373	42152	0.934072
chrUn_gl000241	1	2558	42152	0.0606851
chrUn_gl000241	2	221	42152	0.00524293
chrUn_gl000242	0	43174	43523	0.991981
chrUn_gl000242	1	298	43523	0.00684695
chrUn_gl000242	2	51	43523	0.00117179
chrUn_gl000243	0	42072	43341	0.970721
chrUn_gl000243	1	1038	43341	0.0239496
chrUn_gl000243	2	231	43341	0.00532983
chrUn_gl000244	0	39220	39929	0.982243
chrUn_gl000244	1	668	39929	0.0167297
chrUn_gl000244	2	41	39929	0.00102682
chrUn_gl000245	0	35452	36651	0.967286
chrUn_gl000245	1	1198	36651	0.0326867
chrUn_gl000245	2	1	36651	2.72844e-05
chrUn_gl000246	0	37772	38154	0.989988
chrUn_gl000246	1	364	38154	0.00954028
chrUn_gl000246	2	18	38154	0.000471772
chrUn_gl000247	0	35673	36422	0.979436
chrUn_gl000247	1	698	36422	0.0191642
chrUn_gl000247	2	51	36422	0.00140025
chrUn_gl000248	0	39536	39786	0.993716
chrUn_gl000248	1	250	39786	0.00628362
chrUn_gl000249	0	38252	38502	0.993507
chrUn_gl000249	1	250	38502	0.00649317
chr18_gl000207_random	0	4262	4262	1
genome	0	3099082223	3137161264	0.987862
genome	1	36851365	3137161264	0.0117467
genome	2	1094734	3137161264	0.000348957
genome	3	47997	3137161264	1.52995e-05
genome	4	17532	3137161264	5.58849e-06
genome	5	12401	3137161264	3.95294e-06
genome	6	9002	3137161264	2.86947e-06
genome	7	7060	3137161264	2.25044e-06
genome	8	5712	3137161264	1.82075e-06
genome	9	4901	3137161264	1.56224e-06
genome	10	3916	3137161264	1.24826e-06
genome	11	3540	3137161264	1.12841e-06
genome	12	3463	3137161264	1.10386e-06
genome	13	2877	3137161264	9.17071e-07
genome	14	2462	3137161264	7.84786e-07
genome	15	2233	3137161264	7.1179e-07
genome	16	1677	3137161264	5.3456e-07
genome	17	1428	3137161264	4.55189e-07
genome	18	1040	3137161264	3.3151e-07
genome	19	874	3137161264	2.78596e-07
genome	20	628	3137161264	2.00181e-07
genome	21	574	3137161264	1.82968e-07
genome	22	540	3137161264	1.7213e-07
genome	23	343	3137161264	1.09335e-07
genome	24	296	3137161264	9.43528e-08
genome	25	219	3137161264	6.98083e-08
genome	26	158	3137161264	5.0364e-08
genome	27	179	3137161264	5.7058e-08
genome	28	145	3137161264	4.62201e-08
genome	29	145	3137161264	4.62201e-08
genome	30	99	3137161264	3.15572e-08
genome	31	94	3137161264	2.99634e-08
genome	32	76	3137161264	2.42257e-08
genome	33	105	3137161264	3.34697e-08
genome	34	76	3137161264	2.42257e-08
genome	35	66	3137161264	2.10381e-08
genome	36	61	3137161264	1.94443e-08
genome	37	67	3137161264	2.13569e-08
genome	38	49	3137161264	1.56192e-08
genome	39	45	3137161264	1.43442e-08
genome	40	48	3137161264	1.53005e-08
genome	41	43	3137161264	1.37067e-08
genome	42	20	3137161264	6.37519e-09
genome	43	21	3137161264	6.69395e-09
genome	44	33	3137161264	1.05191e-08
genome	45	15	3137161264	4.78139e-09
genome	46	25	3137161264	7.96899e-09
genome	47	12	3137161264	3.82511e-09
genome	48	4	3137161264	1.27504e-09
genome	49	8	3137161264	2.55008e-09
genome	50	6	3137161264	1.91256e-09
genome	51	10	3137161264	3.1876e-09
genome	52	7	3137161264	2.23132e-09
genome	53	8	3137161264	2.55008e-09
genome	54	20	3137161264	6.37519e-09
genome	55	11	3137161264	3.50635e-09
genome	56	9	3137161264	2.86884e-09
genome	57	6	3137161264	1.91256e-09
genome	58	10	3137161264	3.1876e-09
genome	59	8	3137161264	2.55008e-09
genome	60	15	3137161264	4.78139e-09
genome	61	17	3137161264	5.41891e-09
genome	62	9	3137161264	2.86884e-09
genome	63	5	3137161264	1.5938e-09
genome	64	5	3137161264	1.5938e-09
genome	65	14	3137161264	4.46263e-09
genome	66	12	3137161264	3.82511e-09
genome	67	6	3137161264	1.91256e-09
genome	68	6	3137161264	1.91256e-09
genome	69	5	3137161264	1.5938e-09
genome	70	2	3137161264	6.37519e-10
genome	71	9	3137161264	2.86884e-09
genome	72	9	3137161264	2.86884e-09
genome	73	8	3137161264	2.55008e-09
genome	74	1	3137161264	3.1876e-10
genome	75	4	3137161264	1.27504e-09
genome	77	2	3137161264	6.37519e-10
genome	78	2	3137161264	6.37519e-10
genome	79	6	3137161264	1.91256e-09
genome	80	8	3137161264	2.55008e-09
genome	81	5	3137161264	1.5938e-09
genome	82	8	3137161264	2.55008e-09
genome	83	7	3137161264	2.23132e-09
genome	84	7	3137161264	2.23132e-09
genome	85	1	3137161264	3.1876e-10
genome	87	2	3137161264	6.37519e-10
genome	88	5	3137161264	1.5938e-09
genome	89	1	3137161264	3.1876e-10
genome	90	4	3137161264	1.27504e-09
genome	91	1	3137161264	3.1876e-10
genome	92	5	3137161264	1.5938e-09
genome	93	5	3137161264	1.5938e-09
genome	94	2	3137161264	6.37519e-10
genome	95	5	3137161264	1.5938e-09
genome	96	2	3137161264	6.37519e-10
genome	97	4	3137161264	1.27504e-09
genome	98	2	3137161264	6.37519e-10
genome	99	1	3137161264	3.1876e-10
genome	100	3	3137161264	9.56279e-10
genome	101	2	3137161264	6.37519e-10
genome	102	1	3137161264	3.1876e-10
genome	103	5	3137161264	1.5938e-09
genome	104	1	3137161264	3.1876e-10
genome	105	2	3137161264	6.37519e-10
genome	106	4	3137161264	1.27504e-09
genome	107	6	3137161264	1.91256e-09
genome	108	3	3137161264	9.56279e-10
genome	109	12	3137161264	3.82511e-09
genome	110	7	3137161264	2.23132e-09
genome	111	5	3137161264	1.5938e-09
genome	112	3	3137161264	9.56279e-10
genome	113	1	3137161264	3.1876e-10
genome	114	2	3137161264	6.37519e-10
genome	115	6	3137161264	1.91256e-09
genome	116	3	3137161264	9.56279e-10
genome	117	4	3137161264	1.27504e-09
genome	118	4	3137161264	1.27504e-09
genome	119	9	3137161264	2.86884e-09
genome	120	8	3137161264	2.55008e-09
genome	121	5	3137161264	1.5938e-09
genome	122	7	3137161264	2.23132e-09
genome	123	2	3137161264	6.37519e-10
genome	124	3	3137161264	9.56279e-10
genome	125	2	3137161264	6.37519e-10
genome	128	2	3137161264	6.37519e-10
genome	129	2	3137161264	6.37519e-10
genome	130	1	3137161264	3.1876e-10
genome	131	1	3137161264	3.1876e-10
genome	132	2	3137161264	6.37519e-10
genome	133	5	3137161264	1.5938e-09
genome	134	1	3137161264	3.1876e-10
genome	135	2	3137161264	6.37519e-10
genome	136	3	3137161264	9.56279e-10
genome	137	3	3137161264	9.56279e-10
genome	138	3	3137161264	9.56279e-10
genome	139	5	3137161264	1.5938e-09
genome	140	3	3137161264	9.56279e-10
genome	141	3	3137161264	9.56279e-10
genome	142	8	3137161264	2.55008e-09
genome	143	3	3137161264	9.56279e-10
genome	144	3	3137161264	9.56279e-10
genome	145	1	3137161264	3.1876e-10
genome	148	1	3137161264	3.1876e-10
genome	149	1	3137161264	3.1876e-10
genome	150	2	3137161264	6.37519e-10
genome	151	1	3137161264	3.1876e-10
genome	152	4	3137161264	1.27504e-09
genome	153	3	3137161264	9.56279e-10
genome	155	4	3137161264	1.27504e-09
genome	156	2	3137161264	6.37519e-10
genome	157	4	3137161264	1.27504e-09
genome	158	3	3137161264	9.56279e-10
genome	159	2	3137161264	6.37519e-10
genome	160	2	3137161264	6.37519e-10
genome	161	3	3137161264	9.56279e-10
genome	162	1	3137161264	3.1876e-10
genome	163	3	3137161264	9.56279e-10
genome	164	2	3137161264	6.37519e-10
genome	165	7	3137161264	2.23132e-09
genome	166	5	3137161264	1.5938e-09
genome	167	7	3137161264	2.23132e-09
genome	168	3	3137161264	9.56279e-10
genome	169	1	3137161264	3.1876e-10
genome	170	1	3137161264	3.1876e-10
genome	171	3	3137161264	9.56279e-10
genome	172	6	3137161264	1.91256e-09
genome	173	3	3137161264	9.56279e-10
genome	174	2	3137161264	6.37519e-10
genome	175	4	3137161264	1.27504e-09
genome	176	5	3137161264	1.5938e-09
genome	177	5	3137161264	1.5938e-09
genome	178	2	3137161264	6.37519e-10
genome	179	2	3137161264	6.37519e-10
genome	180	4	3137161264	1.27504e-09
genome	181	7	3137161264	2.23132e-09
genome	182	4	3137161264	1.27504e-09
genome	183	4	3137161264	1.27504e-09
genome	184	5	3137161264	1.5938e-09
genome	185	1	3137161264	3.1876e-10
genome	186	5	3137161264	1.5938e-09
genome	187	6	3137161264	1.91256e-09
genome	188	3	3137161264	9.56279e-10
genome	189	4	3137161264	1.27504e-09
genome	190	2	3137161264	6.37519e-10
genome	191	4	3137161264	1.27504e-09
genome	192	3	3137161264	9.56279e-10
genome	193	2	3137161264	6.37519e-10
genome	195	2	3137161264	6.37519e-10
genome	198	4	3137161264	1.27504e-09
genome	199	3	3137161264	9.56279e-10
genome	200	3	3137161264	9.56279e-10
genome	201	1	3137161264	3.1876e-10
genome	202	1	3137161264	3.1876e-10
genome	203	1	3137161264	3.1876e-10
genome	206	1	3137161264	3.1876e-10
genome	209	1	3137161264	3.1876e-10
