chrM	0	20	16571	0.00120693
chrM	1	59	16571	0.00356044
chrM	2	66	16571	0.00398286
chrM	3	265	16571	0.0159918
chrM	4	369	16571	0.0222678
chrM	5	538	16571	0.0324664
chrM	6	907	16571	0.0547342
chrM	7	1138	16571	0.0686742
chrM	8	1465	16571	0.0884075
chrM	9	1759	16571	0.106149
chrM	10	1685	16571	0.101684
chrM	11	1495	16571	0.0902179
chrM	12	1478	16571	0.089192
chrM	13	1303	16571	0.0786313
chrM	14	1106	16571	0.0667431
chrM	15	809	16571	0.0488202
chrM	16	569	16571	0.0343371
chrM	17	398	16571	0.0240179
chrM	18	369	16571	0.0222678
chrM	19	276	16571	0.0166556
chrM	20	161	16571	0.00971577
chrM	21	115	16571	0.00693983
chrM	22	113	16571	0.00681914
chrM	23	47	16571	0.00283628
chrM	24	14	16571	0.000844849
chrM	25	18	16571	0.00108624
chrM	26	8	16571	0.000482771
chrM	27	6	16571	0.000362078
chrM	28	5	16571	0.000301732
chrM	29	4	16571	0.000241386
chrM	30	6	16571	0.000362078
chr1	0	246506514	249250621	0.988991
chr1	1	2683663	249250621	0.0107669
chr1	2	56557	249250621	0.000226908
chr1	3	1595	249250621	6.39918e-06
chr1	4	380	249250621	1.52457e-06
chr1	5	327	249250621	1.31193e-06
chr1	6	204	249250621	8.18453e-07
chr1	7	127	249250621	5.09527e-07
chr1	8	46	249250621	1.84553e-07
chr1	9	18	249250621	7.22165e-08
chr1	10	7	249250621	2.80842e-08
chr1	11	10	249250621	4.01203e-08
chr1	12	12	249250621	4.81443e-08
chr1	13	17	249250621	6.82044e-08
chr1	14	9	249250621	3.61082e-08
chr1	15	8	249250621	3.20962e-08
chr1	16	24	249250621	9.62886e-08
chr1	17	19	249250621	7.62285e-08
chr1	18	25	249250621	1.00301e-07
chr1	19	32	249250621	1.28385e-07
chr1	20	30	249250621	1.20361e-07
chr1	21	17	249250621	6.82044e-08
chr1	22	23	249250621	9.22766e-08
chr1	23	18	249250621	7.22165e-08
chr1	24	19	249250621	7.62285e-08
chr1	25	17	249250621	6.82044e-08
chr1	26	27	249250621	1.08325e-07
chr1	27	33	249250621	1.32397e-07
chr1	28	20	249250621	8.02405e-08
chr1	29	5	249250621	2.00601e-08
chr1	30	13	249250621	5.21563e-08
chr1	31	18	249250621	7.22165e-08
chr1	32	24	249250621	9.62886e-08
chr1	33	32	249250621	1.28385e-07
chr1	34	19	249250621	7.62285e-08
chr1	35	27	249250621	1.08325e-07
chr1	36	18	249250621	7.22165e-08
chr1	37	37	249250621	1.48445e-07
chr1	38	20	249250621	8.02405e-08
chr1	39	23	249250621	9.22766e-08
chr1	40	10	249250621	4.01203e-08
chr1	41	13	249250621	5.21563e-08
chr1	42	13	249250621	5.21563e-08
chr1	43	5	249250621	2.00601e-08
chr1	44	4	249250621	1.60481e-08
chr1	45	17	249250621	6.82044e-08
chr1	46	16	249250621	6.41924e-08
chr1	47	13	249250621	5.21563e-08
chr1	48	10	249250621	4.01203e-08
chr1	49	20	249250621	8.02405e-08
chr1	50	22	249250621	8.82646e-08
chr1	51	17	249250621	6.82044e-08
chr1	52	6	249250621	2.40722e-08
chr1	54	8	249250621	3.20962e-08
chr1	55	2	249250621	8.02405e-09
chr1	56	2	249250621	8.02405e-09
chr1	57	2	249250621	8.02405e-09
chr1	59	4	249250621	1.60481e-08
chr1	60	8	249250621	3.20962e-08
chr1	61	9	249250621	3.61082e-08
chr1	62	7	249250621	2.80842e-08
chr1	63	8	249250621	3.20962e-08
chr1	64	2	249250621	8.02405e-09
chr1	65	6	249250621	2.40722e-08
chr1	66	3	249250621	1.20361e-08
chr1	67	8	249250621	3.20962e-08
chr1	69	5	249250621	2.00601e-08
chr1	70	2	249250621	8.02405e-09
chr1	71	3	249250621	1.20361e-08
chr1	72	4	249250621	1.60481e-08
chr1	73	5	249250621	2.00601e-08
chr1	75	3	249250621	1.20361e-08
chr1	76	2	249250621	8.02405e-09
chr1	77	5	249250621	2.00601e-08
chr1	78	3	249250621	1.20361e-08
chr1	79	2	249250621	8.02405e-09
chr1	81	5	249250621	2.00601e-08
chr1	83	1	249250621	4.01203e-09
chr1	85	5	249250621	2.00601e-08
chr1	87	3	249250621	1.20361e-08
chr1	88	10	249250621	4.01203e-08
chr1	89	8	249250621	3.20962e-08
chr1	91	5	249250621	2.00601e-08
chr1	92	3	249250621	1.20361e-08
chr1	93	1	249250621	4.01203e-09
chr1	94	1	249250621	4.01203e-09
chr1	95	7	249250621	2.80842e-08
chr1	96	1	249250621	4.01203e-09
chr1	97	2	249250621	8.02405e-09
chr1	98	1	249250621	4.01203e-09
chr1	99	1	249250621	4.01203e-09
chr1	100	1	249250621	4.01203e-09
chr1	101	2	249250621	8.02405e-09
chr1	102	3	249250621	1.20361e-08
chr1	103	1	249250621	4.01203e-09
chr1	104	3	249250621	1.20361e-08
chr1	105	3	249250621	1.20361e-08
chr1	106	4	249250621	1.60481e-08
chr1	107	3	249250621	1.20361e-08
chr1	108	14	249250621	5.61684e-08
chr1	109	7	249250621	2.80842e-08
chr1	110	3	249250621	1.20361e-08
chr1	111	6	249250621	2.40722e-08
chr1	113	3	249250621	1.20361e-08
chr1	114	8	249250621	3.20962e-08
chr1	115	6	249250621	2.40722e-08
chr1	116	8	249250621	3.20962e-08
chr1	117	5	249250621	2.00601e-08
chr1	118	8	249250621	3.20962e-08
chr1	119	8	249250621	3.20962e-08
chr1	120	7	249250621	2.80842e-08
chr1	121	6	249250621	2.40722e-08
chr1	122	3	249250621	1.20361e-08
chr1	123	8	249250621	3.20962e-08
chr1	124	6	249250621	2.40722e-08
chr1	125	8	249250621	3.20962e-08
chr1	126	4	249250621	1.60481e-08
chr1	127	7	249250621	2.80842e-08
chr1	128	6	249250621	2.40722e-08
chr1	129	9	249250621	3.61082e-08
chr1	130	4	249250621	1.60481e-08
chr1	131	6	249250621	2.40722e-08
chr1	132	5	249250621	2.00601e-08
chr1	133	4	249250621	1.60481e-08
chr1	134	12	249250621	4.81443e-08
chr1	135	5	249250621	2.00601e-08
chr1	136	4	249250621	1.60481e-08
chr1	137	5	249250621	2.00601e-08
chr1	138	2	249250621	8.02405e-09
chr1	139	5	249250621	2.00601e-08
chr1	140	8	249250621	3.20962e-08
chr1	141	6	249250621	2.40722e-08
chr1	142	6	249250621	2.40722e-08
chr1	143	9	249250621	3.61082e-08
chr1	144	3	249250621	1.20361e-08
chr1	145	2	249250621	8.02405e-09
chr1	146	3	249250621	1.20361e-08
chr1	147	3	249250621	1.20361e-08
chr1	148	1	249250621	4.01203e-09
chr1	149	1	249250621	4.01203e-09
chr1	150	2	249250621	8.02405e-09
chr1	151	2	249250621	8.02405e-09
chr1	154	2	249250621	8.02405e-09
chr1	155	1	249250621	4.01203e-09
chr1	157	3	249250621	1.20361e-08
chr2	0	240573295	243199373	0.989202
chr2	1	2568826	243199373	0.0105626
chr2	2	51237	243199373	0.000210679
chr2	3	2772	243199373	1.13981e-05
chr2	4	1115	243199373	4.58472e-06
chr2	5	690	243199373	2.83718e-06
chr2	6	465	243199373	1.91201e-06
chr2	7	233	243199373	9.58062e-07
chr2	8	187	243199373	7.68916e-07
chr2	9	176	243199373	7.23686e-07
chr2	10	95	243199373	3.90626e-07
chr2	11	94	243199373	3.86514e-07
chr2	12	48	243199373	1.97369e-07
chr2	13	42	243199373	1.72698e-07
chr2	14	36	243199373	1.48027e-07
chr2	15	9	243199373	3.70067e-08
chr2	16	8	243199373	3.28948e-08
chr2	17	14	243199373	5.75659e-08
chr2	18	27	243199373	1.1102e-07
chr2	19	4	243199373	1.64474e-08
chr3	0	195243034	198022430	0.985964
chr3	1	2726136	198022430	0.0137668
chr3	2	52327	198022430	0.000264248
chr3	3	806	198022430	4.07025e-06
chr3	4	2	198022430	1.00999e-08
chr3	5	16	198022430	8.07989e-08
chr3	6	24	198022430	1.21198e-07
chr3	7	12	198022430	6.05992e-08
chr3	8	45	198022430	2.27247e-07
chr3	9	18	198022430	9.08988e-08
chr3	10	8	198022430	4.03995e-08
chr3	12	2	198022430	1.00999e-08
chr4	0	189552689	191154276	0.991621
chr4	1	1572655	191154276	0.00822715
chr4	2	27651	191154276	0.000144653
chr4	3	955	191154276	4.99596e-06
chr4	4	204	191154276	1.0672e-06
chr4	5	68	191154276	3.55734e-07
chr4	6	19	191154276	9.93962e-08
chr4	7	22	191154276	1.1509e-07
chr4	8	13	191154276	6.80079e-08
chr5	0	178863078	180915260	0.988657
chr5	1	2010928	180915260	0.0111153
chr5	2	38861	180915260	0.000214802
chr5	3	873	180915260	4.82546e-06
chr5	4	194	180915260	1.07233e-06
chr5	5	227	180915260	1.25473e-06
chr5	6	209	180915260	1.15524e-06
chr5	7	270	180915260	1.49241e-06
chr5	8	218	180915260	1.20498e-06
chr5	9	161	180915260	8.89919e-07
chr5	10	105	180915260	5.80382e-07
chr5	11	55	180915260	3.0401e-07
chr5	12	39	180915260	2.15571e-07
chr5	13	29	180915260	1.60296e-07
chr5	14	12	180915260	6.63294e-08
chr5	15	1	180915260	5.52745e-09
chr6	0	168942321	171115067	0.987302
chr6	1	2126608	171115067	0.0124279
chr6	2	42067	171115067	0.00024584
chr6	3	867	171115067	5.06677e-06
chr6	4	171	171115067	9.99328e-07
chr6	5	186	171115067	1.08699e-06
chr6	6	226	171115067	1.32075e-06
chr6	7	280	171115067	1.63633e-06
chr6	8	267	171115067	1.56035e-06
chr6	9	304	171115067	1.77658e-06
chr6	10	280	171115067	1.63633e-06
chr6	11	250	171115067	1.46101e-06
chr6	12	257	171115067	1.50191e-06
chr6	13	199	171115067	1.16296e-06
chr6	14	184	171115067	1.0753e-06
chr6	15	182	171115067	1.06361e-06
chr6	16	131	171115067	7.65567e-07
chr6	17	94	171115067	5.49338e-07
chr6	18	62	171115067	3.62329e-07
chr6	19	38	171115067	2.22073e-07
chr6	20	21	171115067	1.22724e-07
chr6	21	24	171115067	1.40256e-07
chr6	22	36	171115067	2.10385e-07
chr6	23	9	171115067	5.25962e-08
chr6	24	2	171115067	1.1688e-08
chr6	25	1	171115067	5.84402e-09
chr7	0	156636380	159138663	0.984276
chr7	1	2446627	159138663	0.0153742
chr7	2	52999	159138663	0.000333037
chr7	3	1011	159138663	6.35295e-06
chr7	4	166	159138663	1.04312e-06
chr7	5	44	159138663	2.76488e-07
chr7	6	95	159138663	5.96964e-07
chr7	7	94	159138663	5.9068e-07
chr7	8	73	159138663	4.58719e-07
chr7	9	73	159138663	4.58719e-07
chr7	10	58	159138663	3.64462e-07
chr7	11	20	159138663	1.25677e-07
chr7	12	30	159138663	1.88515e-07
chr7	13	45	159138663	2.82772e-07
chr7	14	36	159138663	2.26218e-07
chr7	15	50	159138663	3.14191e-07
chr7	16	38	159138663	2.38785e-07
chr7	17	58	159138663	3.64462e-07
chr7	18	44	159138663	2.76488e-07
chr7	19	33	159138663	2.07366e-07
chr7	20	19	159138663	1.19393e-07
chr7	21	20	159138663	1.25677e-07
chr7	22	22	159138663	1.38244e-07
chr7	23	39	159138663	2.45069e-07
chr7	24	27	159138663	1.69663e-07
chr7	25	30	159138663	1.88515e-07
chr7	26	32	159138663	2.01083e-07
chr7	27	33	159138663	2.07366e-07
chr7	28	38	159138663	2.38785e-07
chr7	29	57	159138663	3.58178e-07
chr7	30	34	159138663	2.1365e-07
chr7	31	29	159138663	1.82231e-07
chr7	32	20	159138663	1.25677e-07
chr7	33	8	159138663	5.02706e-08
chr7	34	22	159138663	1.38244e-07
chr7	35	24	159138663	1.50812e-07
chr7	36	22	159138663	1.38244e-07
chr7	37	15	159138663	9.42574e-08
chr7	38	28	159138663	1.75947e-07
chr7	39	38	159138663	2.38785e-07
chr7	40	34	159138663	2.1365e-07
chr7	41	38	159138663	2.38785e-07
chr7	42	24	159138663	1.50812e-07
chr7	43	14	159138663	8.79736e-08
chr7	44	15	159138663	9.42574e-08
chr7	45	6	159138663	3.7703e-08
chr7	46	1	159138663	6.28383e-09
chr8	0	144315784	146364022	0.986006
chr8	1	2000976	146364022	0.0136712
chr8	2	43610	146364022	0.000297956
chr8	3	2229	146364022	1.52292e-05
chr8	4	674	146364022	4.60496e-06
chr8	5	421	146364022	2.87639e-06
chr8	6	201	146364022	1.37329e-06
chr8	7	73	146364022	4.98756e-07
chr8	8	40	146364022	2.73291e-07
chr8	9	11	146364022	7.51551e-08
chr8	10	3	146364022	2.04968e-08
chr9	0	139496707	141213431	0.987843
chr9	1	1678612	141213431	0.0118871
chr9	2	37002	141213431	0.000262029
chr9	3	772	141213431	5.4669e-06
chr9	4	163	141213431	1.15428e-06
chr9	5	102	141213431	7.22311e-07
chr9	6	55	141213431	3.89481e-07
chr9	7	18	141213431	1.27467e-07
chr10	0	133391928	135534747	0.98419
chr10	1	2083455	135534747	0.0153721
chr10	2	48232	135534747	0.000355864
chr10	3	2864	135534747	2.11311e-05
chr10	4	1918	135534747	1.41514e-05
chr10	5	1310	135534747	9.66542e-06
chr10	6	892	135534747	6.58134e-06
chr10	7	703	135534747	5.18686e-06
chr10	8	594	135534747	4.38264e-06
chr10	9	468	135534747	3.45299e-06
chr10	10	382	135534747	2.81847e-06
chr10	11	275	135534747	2.029e-06
chr10	12	231	135534747	1.70436e-06
chr10	13	180	135534747	1.32807e-06
chr10	14	170	135534747	1.25429e-06
chr10	15	122	135534747	9.00138e-07
chr10	16	123	135534747	9.07516e-07
chr10	17	110	135534747	8.116e-07
chr10	18	120	135534747	8.85382e-07
chr10	19	93	135534747	6.86171e-07
chr10	20	68	135534747	5.01716e-07
chr10	21	50	135534747	3.68909e-07
chr10	22	79	135534747	5.82876e-07
chr10	23	63	135534747	4.64825e-07
chr10	24	60	135534747	4.42691e-07
chr10	25	55	135534747	4.058e-07
chr10	26	48	135534747	3.54153e-07
chr10	27	27	135534747	1.99211e-07
chr10	28	27	135534747	1.99211e-07
chr10	29	27	135534747	1.99211e-07
chr10	30	11	135534747	8.116e-08
chr10	31	8	135534747	5.90255e-08
chr10	32	5	135534747	3.68909e-08
chr10	33	8	135534747	5.90255e-08
chr10	34	5	135534747	3.68909e-08
chr10	35	4	135534747	2.95127e-08
chr10	36	13	135534747	9.59164e-08
chr10	37	3	135534747	2.21345e-08
chr10	38	6	135534747	4.42691e-08
chr10	39	6	135534747	4.42691e-08
chr10	41	1	135534747	7.37818e-09
chr10	42	3	135534747	2.21345e-08
chr11	0	133022828	135006516	0.985307
chr11	1	1935972	135006516	0.0143398
chr11	2	44616	135006516	0.000330473
chr11	3	1310	135006516	9.70324e-06
chr11	4	533	135006516	3.94796e-06
chr11	5	299	135006516	2.21471e-06
chr11	6	308	135006516	2.28137e-06
chr11	7	153	135006516	1.13328e-06
chr11	8	87	135006516	6.44413e-07
chr11	9	57	135006516	4.22202e-07
chr11	10	63	135006516	4.66644e-07
chr11	11	82	135006516	6.07378e-07
chr11	12	60	135006516	4.44423e-07
chr11	13	48	135006516	3.55538e-07
chr11	14	40	135006516	2.96282e-07
chr11	15	16	135006516	1.18513e-07
chr11	16	21	135006516	1.55548e-07
chr11	17	15	135006516	1.11106e-07
chr11	18	8	135006516	5.92564e-08
chr12	0	131733564	133851895	0.984174
chr12	1	2072541	133851895	0.0154838
chr12	2	44597	133851895	0.000333182
chr12	3	845	133851895	6.31295e-06
chr12	4	20	133851895	1.49419e-07
chr12	5	40	133851895	2.98838e-07
chr12	6	63	133851895	4.70669e-07
chr12	7	61	133851895	4.55728e-07
chr12	8	68	133851895	5.08024e-07
chr12	9	51	133851895	3.81018e-07
chr12	10	17	133851895	1.27006e-07
chr12	11	14	133851895	1.04593e-07
chr12	12	14	133851895	1.04593e-07
chr13	0	113879246	115169878	0.988794
chr13	1	1266436	115169878	0.0109962
chr13	2	23785	115169878	0.000206521
chr13	3	277	115169878	2.40514e-06
chr13	4	44	115169878	3.82044e-07
chr13	5	13	115169878	1.12877e-07
chr13	6	67	115169878	5.81749e-07
chr13	7	10	115169878	8.68283e-08
chr14	0	106110239	107349540	0.988456
chr14	1	1213590	107349540	0.011305
chr14	2	25223	107349540	0.000234961
chr14	3	488	107349540	4.5459e-06
chr15	0	101777165	102531392	0.992644
chr15	1	740406	102531392	0.00722126
chr15	2	13519	102531392	0.000131852
chr15	3	302	102531392	2.94544e-06
chr16	0	89645877	90354753	0.992155
chr16	1	687891	90354753	0.00761322
chr16	2	17559	90354753	0.000194334
chr16	3	2105	90354753	2.32971e-05
chr16	4	752	90354753	8.32275e-06
chr16	5	343	90354753	3.79615e-06
chr16	6	180	90354753	1.99215e-06
chr16	7	45	90354753	4.98037e-07
chr16	8	1	90354753	1.10675e-08
chr17	0	79912915	81195210	0.984207
chr17	1	1244146	81195210	0.0153229
chr17	2	33491	81195210	0.000412475
chr17	3	1697	81195210	2.09002e-05
chr17	4	815	81195210	1.00375e-05
chr17	5	513	81195210	6.31811e-06
chr17	6	411	81195210	5.06188e-06
chr17	7	413	81195210	5.08651e-06
chr17	8	256	81195210	3.1529e-06
chr17	9	182	81195210	2.24151e-06
chr17	10	75	81195210	9.237e-07
chr17	11	51	81195210	6.28116e-07
chr17	12	63	81195210	7.75908e-07
chr17	13	10	81195210	1.2316e-07
chr17	14	28	81195210	3.44848e-07
chr17	15	25	81195210	3.079e-07
chr17	16	7	81195210	8.6212e-08
chr17	17	3	81195210	3.6948e-08
chr17	18	9	81195210	1.10844e-07
chr17	19	12	81195210	1.47792e-07
chr17	20	11	81195210	1.35476e-07
chr17	21	7	81195210	8.6212e-08
chr17	22	19	81195210	2.34004e-07
chr17	23	4	81195210	4.9264e-08
chr17	24	7	81195210	8.6212e-08
chr17	25	4	81195210	4.9264e-08
chr17	26	2	81195210	2.4632e-08
chr17	27	4	81195210	4.9264e-08
chr17	28	5	81195210	6.158e-08
chr17	29	12	81195210	1.47792e-07
chr17	30	4	81195210	4.9264e-08
chr17	31	5	81195210	6.158e-08
chr17	32	4	81195210	4.9264e-08
chr18	0	76910375	78077248	0.985055
chr18	1	1138820	78077248	0.0145858
chr18	2	24968	78077248	0.000319786
chr18	3	1195	78077248	1.53054e-05
chr18	4	582	78077248	7.45416e-06
chr18	5	476	78077248	6.09653e-06
chr18	6	273	78077248	3.49654e-06
chr18	7	136	78077248	1.74186e-06
chr18	8	156	78077248	1.99802e-06
chr18	9	83	78077248	1.06305e-06
chr18	10	57	78077248	7.30046e-07
chr18	11	46	78077248	5.8916e-07
chr18	12	28	78077248	3.58619e-07
chr18	13	21	78077248	2.68964e-07
chr18	14	21	78077248	2.68964e-07
chr18	15	2	78077248	2.56157e-08
chr18	17	5	78077248	6.40391e-08
chr18	18	4	78077248	5.12313e-08
chr19	0	58301453	59128983	0.986005
chr19	1	804167	59128983	0.0136002
chr19	2	20984	59128983	0.000354885
chr19	3	796	59128983	1.34621e-05
chr19	4	284	59128983	4.80306e-06
chr19	5	250	59128983	4.22804e-06
chr19	6	133	59128983	2.24932e-06
chr19	7	123	59128983	2.0802e-06
chr19	8	93	59128983	1.57283e-06
chr19	9	62	59128983	1.04856e-06
chr19	10	83	59128983	1.40371e-06
chr19	11	28	59128983	4.73541e-07
chr19	12	25	59128983	4.22805e-07
chr19	13	25	59128983	4.22805e-07
chr19	14	37	59128983	6.25751e-07
chr19	15	32	59128983	5.4119e-07
chr19	16	25	59128983	4.22805e-07
chr19	17	19	59128983	3.21331e-07
chr19	18	10	59128983	1.69122e-07
chr19	19	21	59128983	3.55156e-07
chr19	20	6	59128983	1.01473e-07
chr19	21	13	59128983	2.19858e-07
chr19	22	12	59128983	2.02946e-07
chr19	23	14	59128983	2.36771e-07
chr19	24	17	59128983	2.87507e-07
chr19	25	36	59128983	6.08838e-07
chr19	26	18	59128983	3.04419e-07
chr19	27	15	59128983	2.53683e-07
chr19	28	3	59128983	5.07365e-08
chr19	29	12	59128983	2.02946e-07
chr19	30	7	59128983	1.18385e-07
chr19	31	11	59128983	1.86034e-07
chr19	32	9	59128983	1.5221e-07
chr19	33	6	59128983	1.01473e-07
chr19	34	9	59128983	1.5221e-07
chr19	35	9	59128983	1.5221e-07
chr19	36	4	59128983	6.76487e-08
chr19	37	6	59128983	1.01473e-07
chr19	38	5	59128983	8.45609e-08
chr19	39	4	59128983	6.76487e-08
chr19	40	7	59128983	1.18385e-07
chr19	41	10	59128983	1.69122e-07
chr19	42	11	59128983	1.86034e-07
chr19	43	26	59128983	4.39717e-07
chr19	44	7	59128983	1.18385e-07
chr19	45	14	59128983	2.36771e-07
chr19	46	3	59128983	5.07365e-08
chr19	47	3	59128983	5.07365e-08
chr19	48	7	59128983	1.18385e-07
chr19	49	3	59128983	5.07365e-08
chr19	50	3	59128983	5.07365e-08
chr19	52	2	59128983	3.38244e-08
chr19	53	1	59128983	1.69122e-08
chr19	54	4	59128983	6.76487e-08
chr19	55	3	59128983	5.07365e-08
chr19	56	1	59128983	1.69122e-08
chr19	60	2	59128983	3.38244e-08
chr19	61	3	59128983	5.07365e-08
chr19	62	4	59128983	6.76487e-08
chr19	63	2	59128983	3.38244e-08
chr19	64	1	59128983	1.69122e-08
chr20	0	62154540	63025520	0.986181
chr20	1	850233	63025520	0.0134903
chr20	2	20341	63025520	0.000322742
chr20	3	389	63025520	6.1721e-06
chr20	4	17	63025520	2.69732e-07
chr21	0	47562954	48129895	0.988221
chr21	1	555398	48129895	0.0115396
chr21	2	11213	48129895	0.000232974
chr21	3	257	48129895	5.33972e-06
chr21	4	60	48129895	1.24663e-06
chr21	5	13	48129895	2.70102e-07
chr22	0	50825693	51304566	0.990666
chr22	1	467013	51304566	0.00910276
chr22	2	11693	51304566	0.000227913
chr22	3	167	51304566	3.25507e-06
chrX	0	152781911	155270560	0.983972
chrX	1	2423018	155270560	0.0156051
chrX	2	56475	155270560	0.00036372
chrX	3	4200	155270560	2.70496e-05
chrX	4	2012	155270560	1.2958e-05
chrX	5	1481	155270560	9.53819e-06
chrX	6	627	155270560	4.03811e-06
chrX	7	327	155270560	2.106e-06
chrX	8	178	155270560	1.14639e-06
chrX	9	147	155270560	9.46735e-07
chrX	10	47	155270560	3.02697e-07
chrX	11	45	155270560	2.89817e-07
chrX	12	16	155270560	1.03046e-07
chrX	13	34	155270560	2.18973e-07
chrX	14	13	155270560	8.37248e-08
chrX	15	18	155270560	1.15927e-07
chrX	16	7	155270560	4.50826e-08
chrX	17	4	155270560	2.57615e-08
chrY	0	59326421	59373566	0.999206
chrY	1	44649	59373566	0.000752001
chrY	2	1612	59373566	2.71501e-05
chrY	3	422	59373566	7.10754e-06
chrY	4	164	59373566	2.76217e-06
chrY	5	85	59373566	1.43161e-06
chrY	6	57	59373566	9.60023e-07
chrY	7	45	59373566	7.57913e-07
chrY	8	38	59373566	6.40015e-07
chrY	9	30	59373566	5.05275e-07
chrY	10	26	59373566	4.37905e-07
chrY	11	15	59373566	2.52638e-07
chrY	12	2	59373566	3.3685e-08
chr1_gl000191_random	0	105889	106433	0.994889
chr1_gl000191_random	1	538	106433	0.00505482
chr1_gl000191_random	2	6	106433	5.63735e-05
chr1_gl000192_random	0	540556	547496	0.987324
chr1_gl000192_random	1	6730	547496	0.0122923
chr1_gl000192_random	2	210	547496	0.000383564
chr4_ctg9_hap1	0	587164	590426	0.994475
chr4_ctg9_hap1	1	3174	590426	0.00537578
chr4_ctg9_hap1	2	88	590426	0.000149045
chr4_gl000193_random	0	184064	189789	0.969835
chr4_gl000193_random	1	5534	189789	0.0291587
chr4_gl000193_random	2	157	189789	0.000827234
chr4_gl000193_random	3	34	189789	0.000179146
chr4_gl000194_random	0	187962	191469	0.981684
chr4_gl000194_random	1	3464	191469	0.0180917
chr4_gl000194_random	2	43	191469	0.000224579
chr6_apd_hap1	0	4618090	4622290	0.999091
chr6_apd_hap1	1	4200	4622290	0.000908641
chr6_cox_hap2	0	4783055	4795371	0.997432
chr6_cox_hap2	1	12132	4795371	0.00252994
chr6_cox_hap2	2	184	4795371	3.83703e-05
chr6_dbb_hap3	0	4600144	4610396	0.997776
chr6_dbb_hap3	1	10054	4610396	0.00218072
chr6_dbb_hap3	2	198	4610396	4.29464e-05
chr6_mann_hap4	0	4675350	4683263	0.99831
chr6_mann_hap4	1	7626	4683263	0.00162835
chr6_mann_hap4	2	287	4683263	6.12821e-05
chr6_mcf_hap5	0	4824675	4833398	0.998195
chr6_mcf_hap5	1	8596	4833398	0.00177846
chr6_mcf_hap5	2	127	4833398	2.62755e-05
chr6_qbl_hap6	0	4603799	4611984	0.998225
chr6_qbl_hap6	1	7922	4611984	0.0017177
chr6_qbl_hap6	2	261	4611984	5.65917e-05
chr6_qbl_hap6	3	2	4611984	4.33653e-07
chr6_ssto_hap7	0	4919902	4928567	0.998242
chr6_ssto_hap7	1	8480	4928567	0.00172058
chr6_ssto_hap7	2	185	4928567	3.75363e-05
chr7_gl000195_random	0	174270	182896	0.952837
chr7_gl000195_random	1	8211	182896	0.0448944
chr7_gl000195_random	2	406	182896	0.00221984
chr7_gl000195_random	3	9	182896	4.92083e-05
chr8_gl000196_random	0	38664	38914	0.993576
chr8_gl000196_random	1	250	38914	0.00642442
chr8_gl000197_random	0	37075	37175	0.99731
chr8_gl000197_random	1	100	37175	0.00268998
chr9_gl000198_random	0	86000	90085	0.954654
chr9_gl000198_random	1	4020	90085	0.0446245
chr9_gl000198_random	2	65	90085	0.000721541
chr9_gl000199_random	0	147691	169874	0.869415
chr9_gl000199_random	1	17777	169874	0.104648
chr9_gl000199_random	2	3358	169874	0.0197676
chr9_gl000199_random	3	577	169874	0.00339664
chr9_gl000199_random	4	159	169874	0.000935988
chr9_gl000199_random	5	113	169874	0.000665199
chr9_gl000199_random	6	91	169874	0.000535691
chr9_gl000199_random	7	47	169874	0.000276676
chr9_gl000199_random	8	51	169874	0.000300223
chr9_gl000199_random	9	8	169874	4.70937e-05
chr9_gl000199_random	10	2	169874	1.17734e-05
chr9_gl000200_random	0	185457	187035	0.991563
chr9_gl000200_random	1	1556	187035	0.0083193
chr9_gl000200_random	2	22	187035	0.000117625
chr9_gl000201_random	0	35898	36148	0.993084
chr9_gl000201_random	1	250	36148	0.00691601
chr11_gl000202_random	0	39803	40103	0.992519
chr11_gl000202_random	1	300	40103	0.00748074
chr17_ctg5_hap1	0	1664527	1680828	0.990302
chr17_ctg5_hap1	1	16052	1680828	0.00955006
chr17_ctg5_hap1	2	249	1680828	0.000148141
chr17_gl000203_random	0	37048	37498	0.987999
chr17_gl000203_random	1	450	37498	0.0120006
chr17_gl000204_random	0	80265	81310	0.987148
chr17_gl000204_random	1	990	81310	0.0121756
chr17_gl000204_random	2	55	81310	0.000676424
chr17_gl000205_random	0	167452	174588	0.959127
chr17_gl000205_random	1	6872	174588	0.0393612
chr17_gl000205_random	2	264	174588	0.00151213
chr17_gl000206_random	0	40851	41001	0.996342
chr17_gl000206_random	1	150	41001	0.00365845
chr18_gl000207_random	0	4112	4262	0.964805
chr18_gl000207_random	1	150	4262	0.0351947
chr19_gl000208_random	0	89948	92689	0.970428
chr19_gl000208_random	1	2418	92689	0.0260872
chr19_gl000208_random	2	287	92689	0.00309638
chr19_gl000208_random	3	36	92689	0.000388396
chr19_gl000209_random	0	158469	159169	0.995602
chr19_gl000209_random	1	700	159169	0.00439784
chr21_gl000210_random	0	27632	27682	0.998194
chr21_gl000210_random	1	50	27682	0.00180623
chrUn_gl000211	0	163887	166566	0.983916
chrUn_gl000211	1	2608	166566	0.0156575
chrUn_gl000211	2	71	166566	0.000426257
chrUn_gl000212	0	183571	186858	0.982409
chrUn_gl000212	1	3142	186858	0.0168149
chrUn_gl000212	2	127	186858	0.00067966
chrUn_gl000212	3	18	186858	9.63298e-05
chrUn_gl000213	0	163012	164239	0.992529
chrUn_gl000213	1	1204	164239	0.00733078
chrUn_gl000213	2	23	164239	0.00014004
chrUn_gl000214	0	130799	137718	0.94976
chrUn_gl000214	1	6666	137718	0.0484033
chrUn_gl000214	2	225	137718	0.00163377
chrUn_gl000214	3	28	137718	0.000203314
chrUn_gl000215	0	171878	172545	0.996134
chrUn_gl000215	1	634	172545	0.0036744
chrUn_gl000215	2	33	172545	0.000191254
chrUn_gl000216	0	163478	172294	0.948832
chrUn_gl000216	1	6667	172294	0.0386955
chrUn_gl000216	2	1247	172294	0.00723763
chrUn_gl000216	3	490	172294	0.00284398
chrUn_gl000216	4	245	172294	0.00142199
chrUn_gl000216	5	75	172294	0.000435302
chrUn_gl000216	6	47	172294	0.00027279
chrUn_gl000216	7	29	172294	0.000168317
chrUn_gl000216	8	15	172294	8.70605e-05
chrUn_gl000216	9	1	172294	5.80403e-06
chrUn_gl000217	0	168949	172149	0.981411
chrUn_gl000217	1	3200	172149	0.0185885
chrUn_gl000218	0	156533	161147	0.971368
chrUn_gl000218	1	4428	161147	0.027478
chrUn_gl000218	2	186	161147	0.00115423
chrUn_gl000219	0	172430	179198	0.962232
chrUn_gl000219	1	6536	179198	0.0364736
chrUn_gl000219	2	232	179198	0.00129466
chrUn_gl000220	0	123600	161802	0.763897
chrUn_gl000220	1	16120	161802	0.0996279
chrUn_gl000220	2	7088	161802	0.0438066
chrUn_gl000220	3	5009	161802	0.0309576
chrUn_gl000220	4	3518	161802	0.0217426
chrUn_gl000220	5	2572	161802	0.015896
chrUn_gl000220	6	1666	161802	0.0102965
chrUn_gl000220	7	1023	161802	0.00632254
chrUn_gl000220	8	541	161802	0.00334359
chrUn_gl000220	9	387	161802	0.00239181
chrUn_gl000220	10	165	161802	0.00101976
chrUn_gl000220	11	88	161802	0.000543875
chrUn_gl000220	12	16	161802	9.88863e-05
chrUn_gl000220	13	9	161802	5.56235e-05
chrUn_gl000221	0	151014	155397	0.971795
chrUn_gl000221	1	4316	155397	0.027774
chrUn_gl000221	2	67	155397	0.000431154
chrUn_gl000222	0	184710	186861	0.988489
chrUn_gl000222	1	2052	186861	0.0109814
chrUn_gl000222	2	99	186861	0.000529806
chrUn_gl000223	0	178437	180455	0.988817
chrUn_gl000223	1	1936	180455	0.0107284
chrUn_gl000223	2	82	180455	0.000454407
chrUn_gl000224	0	166661	179693	0.927476
chrUn_gl000224	1	10142	179693	0.0564407
chrUn_gl000224	2	2031	179693	0.0113026
chrUn_gl000224	3	606	179693	0.00337242
chrUn_gl000224	4	237	179693	0.00131892
chrUn_gl000224	5	16	179693	8.90408e-05
chrUn_gl000225	0	192716	211173	0.912598
chrUn_gl000225	1	13293	211173	0.0629484
chrUn_gl000225	2	3268	211173	0.0154755
chrUn_gl000225	3	1188	211173	0.00562572
chrUn_gl000225	4	373	211173	0.00176632
chrUn_gl000225	5	166	211173	0.000786085
chrUn_gl000225	6	75	211173	0.000355159
chrUn_gl000225	7	38	211173	0.000179947
chrUn_gl000225	8	35	211173	0.000165741
chrUn_gl000225	9	21	211173	9.94445e-05
chrUn_gl000226	0	2242	15008	0.149387
chrUn_gl000226	1	2444	15008	0.162846
chrUn_gl000226	2	2075	15008	0.13826
chrUn_gl000226	3	2033	15008	0.135461
chrUn_gl000226	4	1727	15008	0.115072
chrUn_gl000226	5	1248	15008	0.0831556
chrUn_gl000226	6	1011	15008	0.0673641
chrUn_gl000226	7	736	15008	0.0490405
chrUn_gl000226	8	388	15008	0.0258529
chrUn_gl000226	9	397	15008	0.0264526
chrUn_gl000226	10	216	15008	0.0143923
chrUn_gl000226	11	160	15008	0.010661
chrUn_gl000226	12	125	15008	0.00832889
chrUn_gl000226	13	88	15008	0.00586354
chrUn_gl000226	14	48	15008	0.00319829
chrUn_gl000226	15	44	15008	0.00293177
chrUn_gl000226	16	24	15008	0.00159915
chrUn_gl000226	17	2	15008	0.000133262
chrUn_gl000227	0	127536	128374	0.993472
chrUn_gl000227	1	826	128374	0.00643432
chrUn_gl000227	2	12	128374	9.34769e-05
chrUn_gl000228	0	126329	129120	0.978384
chrUn_gl000228	1	1610	129120	0.012469
chrUn_gl000228	2	412	129120	0.00319083
chrUn_gl000228	3	282	129120	0.00218401
chrUn_gl000228	4	137	129120	0.00106103
chrUn_gl000228	5	93	129120	0.00072026
chrUn_gl000228	6	53	129120	0.000410471
chrUn_gl000228	7	55	129120	0.00042596
chrUn_gl000228	8	62	129120	0.000480173
chrUn_gl000228	9	38	129120	0.0002943
chrUn_gl000228	10	28	129120	0.000216853
chrUn_gl000228	11	16	129120	0.000123916
chrUn_gl000228	12	5	129120	3.87237e-05
chrUn_gl000229	0	19126	19913	0.960478
chrUn_gl000229	1	774	19913	0.0388691
chrUn_gl000229	2	13	19913	0.00065284
chrUn_gl000230	0	42941	43691	0.982834
chrUn_gl000230	1	750	43691	0.017166
chrUn_gl000231	0	26345	27386	0.961988
chrUn_gl000231	1	1032	27386	0.0376835
chrUn_gl000231	2	9	27386	0.000328635
chrUn_gl000232	0	38606	40652	0.94967
chrUn_gl000232	1	1928	40652	0.0474269
chrUn_gl000232	2	82	40652	0.00201712
chrUn_gl000232	3	36	40652	0.000885565
chrUn_gl000233	0	45141	45941	0.982586
chrUn_gl000233	1	800	45941	0.0174136
chrUn_gl000234	0	39134	40531	0.965533
chrUn_gl000234	1	1344	40531	0.0331598
chrUn_gl000234	2	53	40531	0.00130764
chrUn_gl000235	0	33824	34474	0.981145
chrUn_gl000235	1	650	34474	0.0188548
chrUn_gl000236	0	41484	41934	0.989269
chrUn_gl000236	1	450	41934	0.0107311
chrUn_gl000237	0	43920	45867	0.957551
chrUn_gl000237	1	1944	45867	0.0423834
chrUn_gl000237	2	3	45867	6.54065e-05
chrUn_gl000238	0	39639	39939	0.992489
chrUn_gl000238	1	300	39939	0.00751146
chrUn_gl000239	0	32246	33824	0.953347
chrUn_gl000239	1	1506	33824	0.0445246
chrUn_gl000239	2	72	33824	0.00212867
chrUn_gl000240	0	41083	41933	0.97973
chrUn_gl000240	1	850	41933	0.0202704
chrUn_gl000241	0	40662	42152	0.964652
chrUn_gl000241	1	1430	42152	0.0339248
chrUn_gl000241	2	60	42152	0.00142342
chrUn_gl000242	0	43073	43523	0.989661
chrUn_gl000242	1	450	43523	0.0103394
chrUn_gl000243	0	41996	43341	0.968967
chrUn_gl000243	1	1340	43341	0.0309176
chrUn_gl000243	2	5	43341	0.000115364
chrUn_gl000244	0	39479	39929	0.98873
chrUn_gl000244	1	450	39929	0.01127
chrUn_gl000245	0	34819	36651	0.950015
chrUn_gl000245	1	1764	36651	0.0481297
chrUn_gl000245	2	68	36651	0.00185534
chrUn_gl000246	0	37954	38154	0.994758
chrUn_gl000246	1	200	38154	0.00524191
chrUn_gl000247	0	36072	36422	0.99039
chrUn_gl000247	1	350	36422	0.00960958
chrUn_gl000248	0	39586	39786	0.994973
chrUn_gl000248	1	200	39786	0.00502689
chrUn_gl000249	0	37952	38502	0.985715
chrUn_gl000249	1	550	38502	0.014285
genome	0	3098635607	3137161264	0.98772
genome	1	37588457	3137161264	0.0119817
genome	2	824780	3137161264	0.000262906
genome	3	39807	3137161264	1.26889e-05
genome	4	17035	3137161264	5.43007e-06
genome	5	11725	3137161264	3.73746e-06
genome	6	8359	3137161264	2.66451e-06
genome	7	6211	3137161264	1.97982e-06
genome	8	4917	3137161264	1.56734e-06
genome	9	4452	3137161264	1.41912e-06
genome	10	3402	3137161264	1.08442e-06
genome	11	2744	3137161264	8.74676e-07
genome	12	2451	3137161264	7.8128e-07
genome	13	2050	3137161264	6.53457e-07
genome	14	1740	3137161264	5.54642e-07
genome	15	1318	3137161264	4.20125e-07
genome	16	977	3137161264	3.11428e-07
genome	17	741	3137161264	2.36201e-07
genome	18	678	3137161264	2.16119e-07
genome	19	509	3137161264	1.62249e-07
genome	20	316	3137161264	1.00728e-07
genome	21	246	3137161264	7.84148e-08
genome	22	304	3137161264	9.69029e-08
genome	23	194	3137161264	6.18393e-08
genome	24	146	3137161264	4.65389e-08
genome	25	161	3137161264	5.13203e-08
genome	26	135	3137161264	4.30325e-08
genome	27	118	3137161264	3.76136e-08
genome	28	98	3137161264	3.12384e-08
genome	29	117	3137161264	3.72949e-08
genome	30	75	3137161264	2.3907e-08
genome	31	71	3137161264	2.26319e-08
genome	32	62	3137161264	1.97631e-08
genome	33	54	3137161264	1.7213e-08
genome	34	55	3137161264	1.75318e-08
genome	35	64	3137161264	2.04006e-08
genome	36	57	3137161264	1.81693e-08
genome	37	61	3137161264	1.94443e-08
genome	38	59	3137161264	1.88068e-08
genome	39	71	3137161264	2.26319e-08
genome	40	51	3137161264	1.62567e-08
genome	41	62	3137161264	1.97631e-08
genome	42	51	3137161264	1.62567e-08
genome	43	45	3137161264	1.43442e-08
genome	44	26	3137161264	8.28775e-09
genome	45	37	3137161264	1.17941e-08
genome	46	20	3137161264	6.37519e-09
genome	47	16	3137161264	5.10015e-09
genome	48	17	3137161264	5.41891e-09
genome	49	23	3137161264	7.33147e-09
genome	50	25	3137161264	7.96899e-09
genome	51	17	3137161264	5.41891e-09
genome	52	8	3137161264	2.55008e-09
genome	53	1	3137161264	3.1876e-10
genome	54	12	3137161264	3.82511e-09
genome	55	5	3137161264	1.5938e-09
genome	56	3	3137161264	9.56279e-10
genome	57	2	3137161264	6.37519e-10
genome	59	4	3137161264	1.27504e-09
genome	60	10	3137161264	3.1876e-09
genome	61	12	3137161264	3.82511e-09
genome	62	11	3137161264	3.50635e-09
genome	63	10	3137161264	3.1876e-09
genome	64	3	3137161264	9.56279e-10
genome	65	6	3137161264	1.91256e-09
genome	66	3	3137161264	9.56279e-10
genome	67	8	3137161264	2.55008e-09
genome	69	5	3137161264	1.5938e-09
genome	70	2	3137161264	6.37519e-10
genome	71	3	3137161264	9.56279e-10
genome	72	4	3137161264	1.27504e-09
genome	73	5	3137161264	1.5938e-09
genome	75	3	3137161264	9.56279e-10
genome	76	2	3137161264	6.37519e-10
genome	77	5	3137161264	1.5938e-09
genome	78	3	3137161264	9.56279e-10
genome	79	2	3137161264	6.37519e-10
genome	81	5	3137161264	1.5938e-09
genome	83	1	3137161264	3.1876e-10
genome	85	5	3137161264	1.5938e-09
genome	87	3	3137161264	9.56279e-10
genome	88	10	3137161264	3.1876e-09
genome	89	8	3137161264	2.55008e-09
genome	91	5	3137161264	1.5938e-09
genome	92	3	3137161264	9.56279e-10
genome	93	1	3137161264	3.1876e-10
genome	94	1	3137161264	3.1876e-10
genome	95	7	3137161264	2.23132e-09
genome	96	1	3137161264	3.1876e-10
genome	97	2	3137161264	6.37519e-10
genome	98	1	3137161264	3.1876e-10
genome	99	1	3137161264	3.1876e-10
genome	100	1	3137161264	3.1876e-10
genome	101	2	3137161264	6.37519e-10
genome	102	3	3137161264	9.56279e-10
genome	103	1	3137161264	3.1876e-10
genome	104	3	3137161264	9.56279e-10
genome	105	3	3137161264	9.56279e-10
genome	106	4	3137161264	1.27504e-09
genome	107	3	3137161264	9.56279e-10
genome	108	14	3137161264	4.46263e-09
genome	109	7	3137161264	2.23132e-09
genome	110	3	3137161264	9.56279e-10
genome	111	6	3137161264	1.91256e-09
genome	113	3	3137161264	9.56279e-10
genome	114	8	3137161264	2.55008e-09
genome	115	6	3137161264	1.91256e-09
genome	116	8	3137161264	2.55008e-09
genome	117	5	3137161264	1.5938e-09
genome	118	8	3137161264	2.55008e-09
genome	119	8	3137161264	2.55008e-09
genome	120	7	3137161264	2.23132e-09
genome	121	6	3137161264	1.91256e-09
genome	122	3	3137161264	9.56279e-10
genome	123	8	3137161264	2.55008e-09
genome	124	6	3137161264	1.91256e-09
genome	125	8	3137161264	2.55008e-09
genome	126	4	3137161264	1.27504e-09
genome	127	7	3137161264	2.23132e-09
genome	128	6	3137161264	1.91256e-09
genome	129	9	3137161264	2.86884e-09
genome	130	4	3137161264	1.27504e-09
genome	131	6	3137161264	1.91256e-09
genome	132	5	3137161264	1.5938e-09
genome	133	4	3137161264	1.27504e-09
genome	134	12	3137161264	3.82511e-09
genome	135	5	3137161264	1.5938e-09
genome	136	4	3137161264	1.27504e-09
genome	137	5	3137161264	1.5938e-09
genome	138	2	3137161264	6.37519e-10
genome	139	5	3137161264	1.5938e-09
genome	140	8	3137161264	2.55008e-09
genome	141	6	3137161264	1.91256e-09
genome	142	6	3137161264	1.91256e-09
genome	143	9	3137161264	2.86884e-09
genome	144	3	3137161264	9.56279e-10
genome	145	2	3137161264	6.37519e-10
genome	146	3	3137161264	9.56279e-10
genome	147	3	3137161264	9.56279e-10
genome	148	1	3137161264	3.1876e-10
genome	149	1	3137161264	3.1876e-10
genome	150	2	3137161264	6.37519e-10
genome	151	2	3137161264	6.37519e-10
genome	154	2	3137161264	6.37519e-10
genome	155	1	3137161264	3.1876e-10
genome	157	3	3137161264	9.56279e-10
