chrM	0	36	16571	0.00217247
chrM	1	78	16571	0.00470702
chrM	2	236	16571	0.0142417
chrM	3	324	16571	0.0195522
chrM	4	466	16571	0.0281214
chrM	5	794	16571	0.047915
chrM	6	1153	16571	0.0695794
chrM	7	1542	16571	0.0930541
chrM	8	1815	16571	0.109529
chrM	9	1797	16571	0.108442
chrM	10	1747	16571	0.105425
chrM	11	1684	16571	0.101623
chrM	12	1222	16571	0.0737433
chrM	13	1036	16571	0.0625189
chrM	14	744	16571	0.0448977
chrM	15	581	16571	0.0350613
chrM	16	431	16571	0.0260093
chrM	17	297	16571	0.0179229
chrM	18	243	16571	0.0146642
chrM	19	123	16571	0.00742261
chrM	20	111	16571	0.00669845
chrM	21	49	16571	0.00295697
chrM	22	31	16571	0.00187074
chrM	23	12	16571	0.000724157
chrM	24	12	16571	0.000724157
chrM	25	5	16571	0.000301732
chrM	28	2	16571	0.000120693
chr1	0	245548731	249250621	0.985148
chr1	1	3564976	249250621	0.0143028
chr1	2	130995	249250621	0.000525555
chr1	3	4164	249250621	1.67061e-05
chr1	4	342	249250621	1.37211e-06
chr1	5	94	249250621	3.7713e-07
chr1	6	46	249250621	1.84553e-07
chr1	7	44	249250621	1.76529e-07
chr1	8	14	249250621	5.61684e-08
chr1	9	31	249250621	1.24373e-07
chr1	10	21	249250621	8.42525e-08
chr1	11	12	249250621	4.81443e-08
chr1	12	5	249250621	2.00601e-08
chr1	13	10	249250621	4.01203e-08
chr1	14	11	249250621	4.41323e-08
chr1	15	10	249250621	4.01203e-08
chr1	16	13	249250621	5.21563e-08
chr1	17	14	249250621	5.61684e-08
chr1	18	16	249250621	6.41924e-08
chr1	19	21	249250621	8.42525e-08
chr1	20	29	249250621	1.16349e-07
chr1	21	29	249250621	1.16349e-07
chr1	22	10	249250621	4.01203e-08
chr1	23	17	249250621	6.82044e-08
chr1	24	19	249250621	7.62285e-08
chr1	25	18	249250621	7.22165e-08
chr1	26	13	249250621	5.21563e-08
chr1	27	15	249250621	6.01804e-08
chr1	28	27	249250621	1.08325e-07
chr1	29	25	249250621	1.00301e-07
chr1	30	17	249250621	6.82044e-08
chr1	31	14	249250621	5.61684e-08
chr1	32	25	249250621	1.00301e-07
chr1	33	19	249250621	7.62285e-08
chr1	34	24	249250621	9.62886e-08
chr1	35	30	249250621	1.20361e-07
chr1	36	8	249250621	3.20962e-08
chr1	37	14	249250621	5.61684e-08
chr1	38	20	249250621	8.02405e-08
chr1	39	14	249250621	5.61684e-08
chr1	40	24	249250621	9.62886e-08
chr1	41	18	249250621	7.22165e-08
chr1	42	22	249250621	8.82646e-08
chr1	43	19	249250621	7.62285e-08
chr1	44	16	249250621	6.41924e-08
chr1	45	20	249250621	8.02405e-08
chr1	46	7	249250621	2.80842e-08
chr1	47	22	249250621	8.82646e-08
chr1	48	7	249250621	2.80842e-08
chr1	49	9	249250621	3.61082e-08
chr1	50	1	249250621	4.01203e-09
chr1	51	4	249250621	1.60481e-08
chr1	53	5	249250621	2.00601e-08
chr1	54	4	249250621	1.60481e-08
chr1	55	2	249250621	8.02405e-09
chr1	56	7	249250621	2.80842e-08
chr1	57	8	249250621	3.20962e-08
chr1	58	6	249250621	2.40722e-08
chr1	59	5	249250621	2.00601e-08
chr1	60	8	249250621	3.20962e-08
chr1	61	9	249250621	3.61082e-08
chr1	62	8	249250621	3.20962e-08
chr1	63	7	249250621	2.80842e-08
chr1	64	4	249250621	1.60481e-08
chr1	65	3	249250621	1.20361e-08
chr1	66	7	249250621	2.80842e-08
chr1	67	8	249250621	3.20962e-08
chr1	68	5	249250621	2.00601e-08
chr1	69	6	249250621	2.40722e-08
chr1	70	5	249250621	2.00601e-08
chr1	71	6	249250621	2.40722e-08
chr1	72	5	249250621	2.00601e-08
chr1	73	3	249250621	1.20361e-08
chr1	74	10	249250621	4.01203e-08
chr1	75	2	249250621	8.02405e-09
chr1	76	1	249250621	4.01203e-09
chr1	77	4	249250621	1.60481e-08
chr1	79	3	249250621	1.20361e-08
chr1	80	5	249250621	2.00601e-08
chr1	81	3	249250621	1.20361e-08
chr1	82	4	249250621	1.60481e-08
chr1	83	1	249250621	4.01203e-09
chr1	84	4	249250621	1.60481e-08
chr1	85	5	249250621	2.00601e-08
chr1	86	2	249250621	8.02405e-09
chr1	87	5	249250621	2.00601e-08
chr1	88	2	249250621	8.02405e-09
chr1	89	5	249250621	2.00601e-08
chr1	90	5	249250621	2.00601e-08
chr1	91	3	249250621	1.20361e-08
chr1	92	3	249250621	1.20361e-08
chr1	93	6	249250621	2.40722e-08
chr1	94	7	249250621	2.80842e-08
chr1	95	5	249250621	2.00601e-08
chr1	98	2	249250621	8.02405e-09
chr1	100	4	249250621	1.60481e-08
chr1	101	6	249250621	2.40722e-08
chr1	102	4	249250621	1.60481e-08
chr1	103	3	249250621	1.20361e-08
chr1	104	4	249250621	1.60481e-08
chr1	105	6	249250621	2.40722e-08
chr1	106	4	249250621	1.60481e-08
chr1	107	1	249250621	4.01203e-09
chr1	109	1	249250621	4.01203e-09
chr1	110	1	249250621	4.01203e-09
chr1	111	3	249250621	1.20361e-08
chr1	112	2	249250621	8.02405e-09
chr1	114	2	249250621	8.02405e-09
chr1	115	6	249250621	2.40722e-08
chr1	116	2	249250621	8.02405e-09
chr1	117	2	249250621	8.02405e-09
chr1	118	1	249250621	4.01203e-09
chr1	119	1	249250621	4.01203e-09
chr1	120	2	249250621	8.02405e-09
chr1	122	4	249250621	1.60481e-08
chr1	123	2	249250621	8.02405e-09
chr1	124	2	249250621	8.02405e-09
chr1	125	7	249250621	2.80842e-08
chr1	126	5	249250621	2.00601e-08
chr1	127	8	249250621	3.20962e-08
chr1	128	3	249250621	1.20361e-08
chr1	129	3	249250621	1.20361e-08
chr1	130	5	249250621	2.00601e-08
chr1	131	2	249250621	8.02405e-09
chr1	132	4	249250621	1.60481e-08
chr1	133	3	249250621	1.20361e-08
chr1	134	6	249250621	2.40722e-08
chr1	135	14	249250621	5.61684e-08
chr1	136	12	249250621	4.81443e-08
chr1	137	5	249250621	2.00601e-08
chr1	138	5	249250621	2.00601e-08
chr1	139	5	249250621	2.00601e-08
chr1	140	8	249250621	3.20962e-08
chr1	141	3	249250621	1.20361e-08
chr1	142	2	249250621	8.02405e-09
chr1	143	1	249250621	4.01203e-09
chr1	144	2	249250621	8.02405e-09
chr1	145	4	249250621	1.60481e-08
chr1	146	4	249250621	1.60481e-08
chr1	147	2	249250621	8.02405e-09
chr1	148	4	249250621	1.60481e-08
chr1	149	1	249250621	4.01203e-09
chr1	150	2	249250621	8.02405e-09
chr1	151	5	249250621	2.00601e-08
chr1	152	7	249250621	2.80842e-08
chr1	153	2	249250621	8.02405e-09
chr1	154	2	249250621	8.02405e-09
chr1	156	6	249250621	2.40722e-08
chr1	157	6	249250621	2.40722e-08
chr1	158	7	249250621	2.80842e-08
chr1	159	7	249250621	2.80842e-08
chr1	160	7	249250621	2.80842e-08
chr1	161	3	249250621	1.20361e-08
chr1	162	1	249250621	4.01203e-09
chr1	163	2	249250621	8.02405e-09
chr1	164	3	249250621	1.20361e-08
chr1	166	3	249250621	1.20361e-08
chr1	167	1	249250621	4.01203e-09
chr1	168	3	249250621	1.20361e-08
chr1	169	9	249250621	3.61082e-08
chr1	170	5	249250621	2.00601e-08
chr1	171	1	249250621	4.01203e-09
chr1	172	3	249250621	1.20361e-08
chr1	173	1	249250621	4.01203e-09
chr1	175	1	249250621	4.01203e-09
chr1	176	4	249250621	1.60481e-08
chr1	177	4	249250621	1.60481e-08
chr1	178	1	249250621	4.01203e-09
chr1	179	1	249250621	4.01203e-09
chr1	180	2	249250621	8.02405e-09
chr1	181	1	249250621	4.01203e-09
chr1	182	1	249250621	4.01203e-09
chr1	183	3	249250621	1.20361e-08
chr1	186	1	249250621	4.01203e-09
chr1	187	1	249250621	4.01203e-09
chr2	0	238904166	243199373	0.982339
chr2	1	4134530	243199373	0.0170006
chr2	2	149273	243199373	0.000613789
chr2	3	5566	243199373	2.28866e-05
chr2	4	1777	243199373	7.30676e-06
chr2	5	1228	243199373	5.04935e-06
chr2	6	848	243199373	3.48685e-06
chr2	7	536	243199373	2.20395e-06
chr2	8	393	243199373	1.61596e-06
chr2	9	286	243199373	1.17599e-06
chr2	10	193	243199373	7.93588e-07
chr2	11	138	243199373	5.67436e-07
chr2	12	103	243199373	4.23521e-07
chr2	13	71	243199373	2.91942e-07
chr2	14	34	243199373	1.39803e-07
chr2	15	57	243199373	2.34376e-07
chr2	16	64	243199373	2.63159e-07
chr2	17	29	243199373	1.19244e-07
chr2	18	14	243199373	5.75659e-08
chr2	19	5	243199373	2.05593e-08
chr2	20	14	243199373	5.75659e-08
chr2	21	9	243199373	3.70067e-08
chr2	22	14	243199373	5.75659e-08
chr2	23	9	243199373	3.70067e-08
chr2	24	16	243199373	6.57896e-08
chr3	0	195120416	198022430	0.985345
chr3	1	2806222	198022430	0.0141712
chr3	2	93658	198022430	0.000472967
chr3	3	1987	198022430	1.00342e-05
chr3	4	46	198022430	2.32297e-07
chr3	5	2	198022430	1.00999e-08
chr3	6	3	198022430	1.51498e-08
chr3	7	2	198022430	1.00999e-08
chr3	8	14	198022430	7.06991e-08
chr3	9	7	198022430	3.53495e-08
chr3	10	21	198022430	1.06049e-07
chr3	11	13	198022430	6.56491e-08
chr3	12	17	198022430	8.58489e-08
chr3	13	16	198022430	8.07989e-08
chr3	14	5	198022430	2.52497e-08
chr3	15	1	198022430	5.04993e-09
chr4	0	187580955	191154276	0.981307
chr4	1	3447004	191154276	0.0180326
chr4	2	122661	191154276	0.000641686
chr4	3	3151	191154276	1.64841e-05
chr4	4	311	191154276	1.62696e-06
chr4	5	89	191154276	4.65593e-07
chr4	6	14	191154276	7.32393e-08
chr4	7	23	191154276	1.20322e-07
chr4	8	26	191154276	1.36016e-07
chr4	9	12	191154276	6.27765e-08
chr4	10	9	191154276	4.70824e-08
chr4	11	21	191154276	1.09859e-07
chr5	0	179385402	180915260	0.991544
chr5	1	1484522	180915260	0.00820562
chr5	2	42919	180915260	0.000237233
chr5	3	947	180915260	5.23449e-06
chr5	4	291	180915260	1.60849e-06
chr5	5	276	180915260	1.52558e-06
chr5	6	299	180915260	1.65271e-06
chr5	7	211	180915260	1.16629e-06
chr5	8	148	180915260	8.18063e-07
chr5	9	71	180915260	3.92449e-07
chr5	10	89	180915260	4.91943e-07
chr5	11	55	180915260	3.0401e-07
chr5	12	24	180915260	1.32659e-07
chr5	13	6	180915260	3.31647e-08
chr6	0	168771065	171115067	0.986302
chr6	1	2267544	171115067	0.0132516
chr6	2	72017	171115067	0.000420869
chr6	3	1225	171115067	7.15893e-06
chr6	4	121	171115067	7.07127e-07
chr6	5	126	171115067	7.36347e-07
chr6	6	79	171115067	4.61678e-07
chr6	7	148	171115067	8.64915e-07
chr6	8	210	171115067	1.22724e-06
chr6	9	259	171115067	1.5136e-06
chr6	10	290	171115067	1.69477e-06
chr6	11	249	171115067	1.45516e-06
chr6	12	290	171115067	1.69477e-06
chr6	13	283	171115067	1.65386e-06
chr6	14	283	171115067	1.65386e-06
chr6	15	248	171115067	1.44932e-06
chr6	16	161	171115067	9.40887e-07
chr6	17	154	171115067	8.99979e-07
chr6	18	91	171115067	5.31806e-07
chr6	19	86	171115067	5.02586e-07
chr6	20	22	171115067	1.28568e-07
chr6	21	37	171115067	2.16229e-07
chr6	22	21	171115067	1.22724e-07
chr6	23	13	171115067	7.59723e-08
chr6	24	5	171115067	2.92201e-08
chr6	25	2	171115067	1.1688e-08
chr6	26	7	171115067	4.09081e-08
chr6	27	5	171115067	2.92201e-08
chr6	28	17	171115067	9.93483e-08
chr6	29	2	171115067	1.1688e-08
chr6	30	2	171115067	1.1688e-08
chr6	31	3	171115067	1.75321e-08
chr6	32	2	171115067	1.1688e-08
chr7	0	157220501	159138663	0.987947
chr7	1	1854523	159138663	0.0116535
chr7	2	60366	159138663	0.00037933
chr7	3	1415	159138663	8.89162e-06
chr7	4	246	159138663	1.54582e-06
chr7	5	136	159138663	8.54601e-07
chr7	6	76	159138663	4.77571e-07
chr7	7	59	159138663	3.70746e-07
chr7	8	50	159138663	3.14191e-07
chr7	9	44	159138663	2.76488e-07
chr7	10	53	159138663	3.33043e-07
chr7	11	56	159138663	3.51894e-07
chr7	12	25	159138663	1.57096e-07
chr7	13	23	159138663	1.44528e-07
chr7	14	49	159138663	3.07908e-07
chr7	15	61	159138663	3.83314e-07
chr7	16	29	159138663	1.82231e-07
chr7	17	40	159138663	2.51353e-07
chr7	18	36	159138663	2.26218e-07
chr7	19	31	159138663	1.94799e-07
chr7	20	34	159138663	2.1365e-07
chr7	21	57	159138663	3.58178e-07
chr7	22	41	159138663	2.57637e-07
chr7	23	39	159138663	2.45069e-07
chr7	24	31	159138663	1.94799e-07
chr7	25	32	159138663	2.01083e-07
chr7	26	19	159138663	1.19393e-07
chr7	27	10	159138663	6.28383e-08
chr7	28	20	159138663	1.25677e-07
chr7	29	15	159138663	9.42574e-08
chr7	30	12	159138663	7.54059e-08
chr7	31	29	159138663	1.82231e-07
chr7	32	20	159138663	1.25677e-07
chr7	33	29	159138663	1.82231e-07
chr7	34	46	159138663	2.89056e-07
chr7	35	36	159138663	2.26218e-07
chr7	36	36	159138663	2.26218e-07
chr7	37	30	159138663	1.88515e-07
chr7	38	35	159138663	2.19934e-07
chr7	39	15	159138663	9.42574e-08
chr7	40	26	159138663	1.6338e-07
chr7	41	18	159138663	1.13109e-07
chr7	42	18	159138663	1.13109e-07
chr7	43	21	159138663	1.3196e-07
chr7	44	22	159138663	1.38244e-07
chr7	45	17	159138663	1.06825e-07
chr7	46	15	159138663	9.42574e-08
chr7	47	20	159138663	1.25677e-07
chr7	48	11	159138663	6.91221e-08
chr7	49	9	159138663	5.65545e-08
chr7	50	11	159138663	6.91221e-08
chr7	51	12	159138663	7.54059e-08
chr7	52	9	159138663	5.65545e-08
chr7	53	4	159138663	2.51353e-08
chr7	54	22	159138663	1.38244e-07
chr7	55	8	159138663	5.02706e-08
chr7	56	4	159138663	2.51353e-08
chr7	57	3	159138663	1.88515e-08
chr7	59	2	159138663	1.25677e-08
chr7	60	4	159138663	2.51353e-08
chr7	61	2	159138663	1.25677e-08
chr8	0	144290134	146364022	0.985831
chr8	1	1998091	146364022	0.0136515
chr8	2	70140	146364022	0.000479216
chr8	3	3038	146364022	2.07565e-05
chr8	4	1022	146364022	6.98259e-06
chr8	5	704	146364022	4.80993e-06
chr8	6	425	146364022	2.90372e-06
chr8	7	188	146364022	1.28447e-06
chr8	8	134	146364022	9.15526e-07
chr8	9	71	146364022	4.85092e-07
chr8	10	54	146364022	3.68943e-07
chr8	11	12	146364022	8.19874e-08
chr8	12	9	146364022	6.14905e-08
chr9	0	139620058	141213431	0.988717
chr9	1	1538164	141213431	0.0108925
chr9	2	53323	141213431	0.000377606
chr9	3	1563	141213431	1.10684e-05
chr9	4	117	141213431	8.28533e-07
chr9	5	84	141213431	5.94844e-07
chr9	6	41	141213431	2.90341e-07
chr9	7	23	141213431	1.62874e-07
chr9	8	31	141213431	2.19526e-07
chr9	9	14	141213431	9.91407e-08
chr9	10	11	141213431	7.78963e-08
chr9	11	2	141213431	1.4163e-08
chr10	0	134305169	135534747	0.990928
chr10	1	1178663	135534747	0.00869639
chr10	2	40300	135534747	0.000297341
chr10	3	2730	135534747	2.01424e-05
chr10	4	1165	135534747	8.59558e-06
chr10	5	950	135534747	7.00927e-06
chr10	6	744	135534747	5.48937e-06
chr10	7	601	135534747	4.43429e-06
chr10	8	509	135534747	3.75549e-06
chr10	9	429	135534747	3.16524e-06
chr10	10	497	135534747	3.66696e-06
chr10	11	346	135534747	2.55285e-06
chr10	12	342	135534747	2.52334e-06
chr10	13	261	135534747	1.92571e-06
chr10	14	273	135534747	2.01424e-06
chr10	15	191	135534747	1.40923e-06
chr10	16	189	135534747	1.39448e-06
chr10	17	158	135534747	1.16575e-06
chr10	18	105	135534747	7.74709e-07
chr10	19	103	135534747	7.59953e-07
chr10	20	61	135534747	4.50069e-07
chr10	21	60	135534747	4.42691e-07
chr10	22	60	135534747	4.42691e-07
chr10	23	107	135534747	7.89465e-07
chr10	24	44	135534747	3.2464e-07
chr10	25	42	135534747	3.09884e-07
chr10	26	49	135534747	3.61531e-07
chr10	27	31	135534747	2.28724e-07
chr10	28	56	135534747	4.13178e-07
chr10	29	68	135534747	5.01716e-07
chr10	30	34	135534747	2.50858e-07
chr10	31	28	135534747	2.06589e-07
chr10	32	40	135534747	2.95127e-07
chr10	33	52	135534747	3.83665e-07
chr10	34	40	135534747	2.95127e-07
chr10	35	19	135534747	1.40185e-07
chr10	36	23	135534747	1.69698e-07
chr10	37	14	135534747	1.03295e-07
chr10	38	12	135534747	8.85382e-08
chr10	39	4	135534747	2.95127e-08
chr10	40	15	135534747	1.10673e-07
chr10	41	7	135534747	5.16473e-08
chr10	42	29	135534747	2.13967e-07
chr10	43	13	135534747	9.59164e-08
chr10	44	13	135534747	9.59164e-08
chr10	45	10	135534747	7.37818e-08
chr10	46	2	135534747	1.47564e-08
chr10	47	4	135534747	2.95127e-08
chr10	48	7	135534747	5.16473e-08
chr10	49	9	135534747	6.64036e-08
chr10	50	12	135534747	8.85382e-08
chr10	51	6	135534747	4.42691e-08
chr10	52	14	135534747	1.03295e-07
chr10	53	6	135534747	4.42691e-08
chr10	54	6	135534747	4.42691e-08
chr10	55	10	135534747	7.37818e-08
chr10	56	6	135534747	4.42691e-08
chr10	57	2	135534747	1.47564e-08
chr10	58	3	135534747	2.21345e-08
chr10	59	2	135534747	1.47564e-08
chr10	60	2	135534747	1.47564e-08
chr11	0	133562271	135006516	0.989302
chr11	1	1394542	135006516	0.0103294
chr11	2	46479	135006516	0.000344272
chr11	3	1578	135006516	1.16883e-05
chr11	4	438	135006516	3.24429e-06
chr11	5	247	135006516	1.82954e-06
chr11	6	191	135006516	1.41475e-06
chr11	7	152	135006516	1.12587e-06
chr11	8	180	135006516	1.33327e-06
chr11	9	97	135006516	7.18484e-07
chr11	10	111	135006516	8.22183e-07
chr11	11	71	135006516	5.25901e-07
chr11	12	28	135006516	2.07397e-07
chr11	13	33	135006516	2.44433e-07
chr11	14	9	135006516	6.66635e-08
chr11	15	17	135006516	1.2592e-07
chr11	16	8	135006516	5.92564e-08
chr11	17	11	135006516	8.14776e-08
chr11	18	18	135006516	1.33327e-07
chr11	19	20	135006516	1.48141e-07
chr11	20	15	135006516	1.11106e-07
chr12	0	132731247	133851895	0.991628
chr12	1	1087646	133851895	0.00812574
chr12	2	32022	133851895	0.000239235
chr12	3	699	133851895	5.22219e-06
chr12	4	67	133851895	5.00553e-07
chr12	5	68	133851895	5.08024e-07
chr12	6	83	133851895	6.20088e-07
chr12	7	54	133851895	4.03431e-07
chr12	8	2	133851895	1.49419e-08
chr12	9	7	133851895	5.22966e-08
chr13	0	113763936	115169878	0.987792
chr13	1	1362296	115169878	0.0118286
chr13	2	42857	115169878	0.00037212
chr13	3	766	115169878	6.65104e-06
chr13	4	23	115169878	1.99705e-07
chr14	0	106718299	107349540	0.99412
chr14	1	613127	107349540	0.0057115
chr14	2	17775	107349540	0.000165581
chr14	3	333	107349540	3.10202e-06
chr14	4	6	107349540	5.58922e-08
chr15	0	101253844	102531392	0.98754
chr15	1	1231303	102531392	0.012009
chr15	2	45353	102531392	0.000442333
chr15	3	877	102531392	8.55348e-06
chr15	4	15	102531392	1.46297e-07
chr16	0	89722205	90354753	0.992999
chr16	1	605732	90354753	0.00670393
chr16	2	23663	90354753	0.00026189
chr16	3	2005	90354753	2.21903e-05
chr16	4	757	90354753	8.37809e-06
chr16	5	281	90354753	3.10996e-06
chr16	6	88	90354753	9.73939e-07
chr16	7	10	90354753	1.10675e-07
chr16	8	12	90354753	1.3281e-07
chr17	0	79757310	81195210	0.982291
chr17	1	1370561	81195210	0.0168798
chr17	2	61523	81195210	0.000757717
chr17	3	2483	81195210	3.05806e-05
chr17	4	779	81195210	9.59416e-06
chr17	5	503	81195210	6.19495e-06
chr17	6	438	81195210	5.39441e-06
chr17	7	401	81195210	4.93871e-06
chr17	8	278	81195210	3.42385e-06
chr17	9	158	81195210	1.94593e-06
chr17	10	126	81195210	1.55182e-06
chr17	11	118	81195210	1.45329e-06
chr17	12	105	81195210	1.29318e-06
chr17	13	90	81195210	1.10844e-06
chr17	14	79	81195210	9.72964e-07
chr17	15	62	81195210	7.63592e-07
chr17	16	31	81195210	3.81796e-07
chr17	17	17	81195210	2.09372e-07
chr17	18	16	81195210	1.97056e-07
chr17	19	15	81195210	1.8474e-07
chr17	20	19	81195210	2.34004e-07
chr17	21	12	81195210	1.47792e-07
chr17	22	5	81195210	6.158e-08
chr17	23	4	81195210	4.9264e-08
chr17	24	2	81195210	2.4632e-08
chr17	26	5	81195210	6.158e-08
chr17	27	1	81195210	1.2316e-08
chr17	28	3	81195210	3.6948e-08
chr17	29	1	81195210	1.2316e-08
chr17	30	2	81195210	2.4632e-08
chr17	33	4	81195210	4.9264e-08
chr17	34	2	81195210	2.4632e-08
chr17	35	5	81195210	6.158e-08
chr17	36	7	81195210	8.6212e-08
chr17	37	2	81195210	2.4632e-08
chr17	39	4	81195210	4.9264e-08
chr17	41	4	81195210	4.9264e-08
chr17	42	1	81195210	1.2316e-08
chr17	43	1	81195210	1.2316e-08
chr17	46	3	81195210	3.6948e-08
chr17	47	8	81195210	9.8528e-08
chr17	48	3	81195210	3.6948e-08
chr17	49	2	81195210	2.4632e-08
chr17	50	2	81195210	2.4632e-08
chr17	51	11	81195210	1.35476e-07
chr17	53	1	81195210	1.2316e-08
chr17	54	3	81195210	3.6948e-08
chr18	0	76828338	78077248	0.984004
chr18	1	1203718	78077248	0.015417
chr18	2	41652	78077248	0.000533472
chr18	3	1777	78077248	2.27595e-05
chr18	4	521	78077248	6.67288e-06
chr18	5	392	78077248	5.02067e-06
chr18	6	239	78077248	3.06107e-06
chr18	7	223	78077248	2.85615e-06
chr18	8	53	78077248	6.78815e-07
chr18	9	47	78077248	6.01968e-07
chr18	10	63	78077248	8.06893e-07
chr18	11	63	78077248	8.06893e-07
chr18	12	68	78077248	8.70932e-07
chr18	13	26	78077248	3.33004e-07
chr18	14	42	78077248	5.37929e-07
chr18	15	21	78077248	2.68964e-07
chr18	16	4	78077248	5.12313e-08
chr18	17	1	78077248	1.28078e-08
chr19	0	58445673	59128983	0.988444
chr19	1	653964	59128983	0.01106
chr19	2	26812	59128983	0.000453449
chr19	3	932	59128983	1.57622e-05
chr19	4	398	59128983	6.73105e-06
chr19	5	228	59128983	3.85598e-06
chr19	6	108	59128983	1.82652e-06
chr19	7	90	59128983	1.5221e-06
chr19	8	126	59128983	2.13093e-06
chr19	9	88	59128983	1.48827e-06
chr19	10	42	59128983	7.10312e-07
chr19	11	22	59128983	3.72068e-07
chr19	12	5	59128983	8.45609e-08
chr19	13	11	59128983	1.86034e-07
chr19	14	10	59128983	1.69122e-07
chr19	15	2	59128983	3.38244e-08
chr19	16	8	59128983	1.35297e-07
chr19	17	28	59128983	4.73541e-07
chr19	18	13	59128983	2.19858e-07
chr19	19	6	59128983	1.01473e-07
chr19	20	40	59128983	6.76487e-07
chr19	21	7	59128983	1.18385e-07
chr19	22	1	59128983	1.69122e-08
chr19	23	1	59128983	1.69122e-08
chr19	24	7	59128983	1.18385e-07
chr19	25	13	59128983	2.19858e-07
chr19	26	16	59128983	2.70595e-07
chr19	27	13	59128983	2.19858e-07
chr19	28	6	59128983	1.01473e-07
chr19	29	9	59128983	1.5221e-07
chr19	30	1	59128983	1.69122e-08
chr19	31	5	59128983	8.45609e-08
chr19	32	15	59128983	2.53683e-07
chr19	33	8	59128983	1.35297e-07
chr19	34	3	59128983	5.07365e-08
chr19	35	3	59128983	5.07365e-08
chr19	36	5	59128983	8.45609e-08
chr19	37	8	59128983	1.35297e-07
chr19	38	14	59128983	2.36771e-07
chr19	39	5	59128983	8.45609e-08
chr19	40	3	59128983	5.07365e-08
chr19	41	5	59128983	8.45609e-08
chr19	42	9	59128983	1.5221e-07
chr19	43	15	59128983	2.53683e-07
chr19	44	4	59128983	6.76487e-08
chr19	45	5	59128983	8.45609e-08
chr19	46	18	59128983	3.04419e-07
chr19	47	4	59128983	6.76487e-08
chr19	48	3	59128983	5.07365e-08
chr19	49	5	59128983	8.45609e-08
chr19	50	13	59128983	2.19858e-07
chr19	51	12	59128983	2.02946e-07
chr19	52	9	59128983	1.5221e-07
chr19	53	6	59128983	1.01473e-07
chr19	54	4	59128983	6.76487e-08
chr19	55	6	59128983	1.01473e-07
chr19	56	3	59128983	5.07365e-08
chr19	57	8	59128983	1.35297e-07
chr19	58	13	59128983	2.19858e-07
chr19	59	5	59128983	8.45609e-08
chr19	60	4	59128983	6.76487e-08
chr19	61	4	59128983	6.76487e-08
chr19	62	3	59128983	5.07365e-08
chr19	63	3	59128983	5.07365e-08
chr19	64	1	59128983	1.69122e-08
chr19	65	6	59128983	1.01473e-07
chr19	66	7	59128983	1.18385e-07
chr19	67	10	59128983	1.69122e-07
chr19	68	4	59128983	6.76487e-08
chr19	69	3	59128983	5.07365e-08
chr19	70	6	59128983	1.01473e-07
chr19	71	2	59128983	3.38244e-08
chr19	72	3	59128983	5.07365e-08
chr19	73	4	59128983	6.76487e-08
chr19	74	4	59128983	6.76487e-08
chr19	75	1	59128983	1.69122e-08
chr19	76	4	59128983	6.76487e-08
chr19	77	1	59128983	1.69122e-08
chr19	78	2	59128983	3.38244e-08
chr19	79	3	59128983	5.07365e-08
chr19	81	3	59128983	5.07365e-08
chr19	82	3	59128983	5.07365e-08
chr19	83	5	59128983	8.45609e-08
chr19	85	1	59128983	1.69122e-08
chr20	0	62309395	63025520	0.988638
chr20	1	690662	63025520	0.0109584
chr20	2	25151	63025520	0.000399061
chr20	3	312	63025520	4.95038e-06
chr21	0	47726778	48129895	0.991624
chr21	1	388998	48129895	0.00808225
chr21	2	13855	48129895	0.000287867
chr21	3	264	48129895	5.48516e-06
chr22	0	50755114	51304566	0.98929
chr22	1	525701	51304566	0.0102467
chr22	2	23404	51304566	0.000456178
chr22	3	347	51304566	6.76353e-06
chrX	0	154287286	155270560	0.993667
chrX	1	953166	155270560	0.00613874
chrX	2	28305	155270560	0.000182295
chrX	3	1167	155270560	7.51591e-06
chrX	4	306	155270560	1.97075e-06
chrX	5	86	155270560	5.53872e-07
chrX	6	69	155270560	4.44386e-07
chrX	7	29	155270560	1.86771e-07
chrX	8	75	155270560	4.83028e-07
chrX	9	13	155270560	8.37248e-08
chrX	10	17	155270560	1.09486e-07
chrX	11	11	155270560	7.08441e-08
chrX	12	15	155270560	9.66056e-08
chrX	13	6	155270560	3.86422e-08
chrX	15	8	155270560	5.1523e-08
chrX	16	1	155270560	6.44037e-09
chrY	0	59346217	59373566	0.999539
chrY	1	24483	59373566	0.000412355
chrY	2	2140	59373566	3.6043e-05
chrY	3	307	59373566	5.17065e-06
chrY	4	147	59373566	2.47585e-06
chrY	5	76	59373566	1.28003e-06
chrY	6	35	59373566	5.89488e-07
chrY	7	31	59373566	5.22118e-07
chrY	8	30	59373566	5.05275e-07
chrY	9	20	59373566	3.3685e-07
chrY	10	19	59373566	3.20008e-07
chrY	11	35	59373566	5.89488e-07
chrY	12	13	59373566	2.18953e-07
chrY	13	12	59373566	2.0211e-07
chrY	14	1	59373566	1.68425e-08
chr1_gl000191_random	0	105040	106433	0.986912
chr1_gl000191_random	1	1386	106433	0.0130223
chr1_gl000191_random	2	7	106433	6.57691e-05
chr1_gl000192_random	0	539060	547496	0.984592
chr1_gl000192_random	1	8222	547496	0.0150175
chr1_gl000192_random	2	214	547496	0.00039087
chr4_ctg9_hap1	0	584967	590426	0.990754
chr4_ctg9_hap1	1	5368	590426	0.00909174
chr4_ctg9_hap1	2	91	590426	0.000154126
chr4_gl000193_random	0	186207	189789	0.981126
chr4_gl000193_random	1	3357	189789	0.0176881
chr4_gl000193_random	2	182	189789	0.00095896
chr4_gl000193_random	3	43	189789	0.000226567
chr4_gl000194_random	0	188057	191469	0.98218
chr4_gl000194_random	1	3324	191469	0.0173605
chr4_gl000194_random	2	88	191469	0.000459604
chr6_apd_hap1	0	4618790	4622290	0.999243
chr6_apd_hap1	1	3500	4622290	0.0007572
chr6_cox_hap2	0	4784592	4795371	0.997752
chr6_cox_hap2	1	10458	4795371	0.00218085
chr6_cox_hap2	2	321	4795371	6.69396e-05
chr6_dbb_hap3	0	4602333	4610396	0.998251
chr6_dbb_hap3	1	7726	4610396	0.00167578
chr6_dbb_hap3	2	337	4610396	7.30957e-05
chr6_mann_hap4	0	4676136	4683263	0.998478
chr6_mann_hap4	1	6893	4683263	0.00147184
chr6_mann_hap4	2	195	4683263	4.16376e-05
chr6_mann_hap4	3	39	4683263	8.32753e-06
chr6_mcf_hap5	0	4824981	4833398	0.998259
chr6_mcf_hap5	1	8084	4833398	0.00167253
chr6_mcf_hap5	2	333	4833398	6.88956e-05
chr6_qbl_hap6	0	4602952	4611984	0.998042
chr6_qbl_hap6	1	8764	4611984	0.00190027
chr6_qbl_hap6	2	268	4611984	5.81095e-05
chr6_ssto_hap7	0	4920086	4928567	0.998279
chr6_ssto_hap7	1	8162	4928567	0.00165606
chr6_ssto_hap7	2	319	4928567	6.47247e-05
chr7_gl000195_random	0	173986	182896	0.951284
chr7_gl000195_random	1	8217	182896	0.0449272
chr7_gl000195_random	2	596	182896	0.00325868
chr7_gl000195_random	3	97	182896	0.000530356
chr8_gl000196_random	0	38743	38914	0.995606
chr8_gl000196_random	1	142	38914	0.00364907
chr8_gl000196_random	2	29	38914	0.000745233
chr8_gl000197_random	0	36831	37175	0.990746
chr8_gl000197_random	1	338	37175	0.00909213
chr8_gl000197_random	2	6	37175	0.000161399
chr9_gl000198_random	0	87794	90085	0.974568
chr9_gl000198_random	1	2132	90085	0.0236665
chr9_gl000198_random	2	159	90085	0.001765
chr9_gl000199_random	0	143494	169874	0.844708
chr9_gl000199_random	1	19400	169874	0.114202
chr9_gl000199_random	2	4410	169874	0.0259604
chr9_gl000199_random	3	1343	169874	0.00790586
chr9_gl000199_random	4	527	169874	0.0031023
chr9_gl000199_random	5	237	169874	0.00139515
chr9_gl000199_random	6	169	169874	0.000994855
chr9_gl000199_random	7	95	169874	0.000559238
chr9_gl000199_random	8	107	169874	0.000629879
chr9_gl000199_random	9	67	169874	0.00039441
chr9_gl000199_random	10	8	169874	4.70937e-05
chr9_gl000199_random	11	15	169874	8.83007e-05
chr9_gl000199_random	12	1	169874	5.88672e-06
chr9_gl000199_random	13	1	169874	5.88672e-06
chr9_gl000200_random	0	186070	187035	0.994841
chr9_gl000200_random	1	930	187035	0.00497233
chr9_gl000200_random	2	35	187035	0.000187131
chr9_gl000201_random	0	35848	36148	0.991701
chr9_gl000201_random	1	300	36148	0.00829921
chr11_gl000202_random	0	39865	40103	0.994065
chr11_gl000202_random	1	226	40103	0.00563549
chr11_gl000202_random	2	12	40103	0.000299229
chr17_ctg5_hap1	0	1664152	1680828	0.990079
chr17_ctg5_hap1	1	16102	1680828	0.0095798
chr17_ctg5_hap1	2	574	1680828	0.000341498
chr17_gl000203_random	0	37198	37498	0.992
chr17_gl000203_random	1	300	37498	0.00800043
chr17_gl000204_random	0	80219	81310	0.986582
chr17_gl000204_random	1	1082	81310	0.0133071
chr17_gl000204_random	2	9	81310	0.000110687
chr17_gl000205_random	0	164272	174588	0.940912
chr17_gl000205_random	1	9447	174588	0.0541102
chr17_gl000205_random	2	801	174588	0.00458794
chr17_gl000205_random	3	32	174588	0.000183289
chr17_gl000205_random	4	25	174588	0.000143194
chr17_gl000205_random	5	11	174588	6.30055e-05
chr17_gl000206_random	0	40296	41001	0.982805
chr17_gl000206_random	1	660	41001	0.0160972
chr17_gl000206_random	2	45	41001	0.00109753
chr19_gl000208_random	0	89806	92689	0.968896
chr19_gl000208_random	1	2628	92689	0.0283529
chr19_gl000208_random	2	205	92689	0.0022117
chr19_gl000208_random	3	38	92689	0.000409973
chr19_gl000208_random	4	12	92689	0.000129465
chr19_gl000209_random	0	158719	159169	0.997173
chr19_gl000209_random	1	450	159169	0.00282718
chrUn_gl000211	0	164285	166566	0.986306
chrUn_gl000211	1	2112	166566	0.0126797
chrUn_gl000211	2	169	166566	0.00101461
chrUn_gl000212	0	183870	186858	0.984009
chrUn_gl000212	1	2926	186858	0.015659
chrUn_gl000212	2	62	186858	0.000331803
chrUn_gl000213	0	163889	164239	0.997869
chrUn_gl000213	1	350	164239	0.00213104
chrUn_gl000214	0	129255	137718	0.938548
chrUn_gl000214	1	7973	137718	0.0578937
chrUn_gl000214	2	425	137718	0.00308602
chrUn_gl000214	3	33	137718	0.00023962
chrUn_gl000214	4	32	137718	0.000232359
chrUn_gl000215	0	171895	172545	0.996233
chrUn_gl000215	1	650	172545	0.00376713
chrUn_gl000216	0	164127	172294	0.952598
chrUn_gl000216	1	6464	172294	0.0375173
chrUn_gl000216	2	1161	172294	0.00673848
chrUn_gl000216	3	375	172294	0.00217651
chrUn_gl000216	4	84	172294	0.000487539
chrUn_gl000216	5	19	172294	0.000110277
chrUn_gl000216	6	11	172294	6.38444e-05
chrUn_gl000216	7	9	172294	5.22363e-05
chrUn_gl000216	8	14	172294	8.12565e-05
chrUn_gl000216	9	11	172294	6.38444e-05
chrUn_gl000216	10	3	172294	1.74121e-05
chrUn_gl000216	11	4	172294	2.32161e-05
chrUn_gl000216	12	12	172294	6.96484e-05
chrUn_gl000217	0	169849	172149	0.986639
chrUn_gl000217	1	2300	172149	0.0133605
chrUn_gl000218	0	156393	161147	0.970499
chrUn_gl000218	1	4608	161147	0.028595
chrUn_gl000218	2	146	161147	0.000906005
chrUn_gl000219	0	174908	179198	0.97606
chrUn_gl000219	1	4180	179198	0.0233262
chrUn_gl000219	2	110	179198	0.000613846
chrUn_gl000220	0	126298	161802	0.780571
chrUn_gl000220	1	15272	161802	0.094387
chrUn_gl000220	2	6934	161802	0.0428548
chrUn_gl000220	3	4586	161802	0.0283433
chrUn_gl000220	4	3005	161802	0.0185721
chrUn_gl000220	5	2199	161802	0.0135907
chrUn_gl000220	6	1625	161802	0.0100431
chrUn_gl000220	7	1075	161802	0.00664392
chrUn_gl000220	8	394	161802	0.00243507
chrUn_gl000220	9	217	161802	0.00134115
chrUn_gl000220	10	98	161802	0.000605679
chrUn_gl000220	11	52	161802	0.00032138
chrUn_gl000220	12	20	161802	0.000123608
chrUn_gl000220	13	15	161802	9.27059e-05
chrUn_gl000220	14	10	161802	6.18039e-05
chrUn_gl000220	15	2	161802	1.23608e-05
chrUn_gl000221	0	150757	155397	0.970141
chrUn_gl000221	1	4480	155397	0.0288294
chrUn_gl000221	2	160	155397	0.00102962
chrUn_gl000222	0	184844	186861	0.989206
chrUn_gl000222	1	1984	186861	0.0106175
chrUn_gl000222	2	33	186861	0.000176602
chrUn_gl000223	0	179855	180455	0.996675
chrUn_gl000223	1	550	180455	0.00304785
chrUn_gl000223	2	50	180455	0.000277077
chrUn_gl000224	0	168400	179693	0.937154
chrUn_gl000224	1	9135	179693	0.0508367
chrUn_gl000224	2	1593	179693	0.00886512
chrUn_gl000224	3	450	179693	0.00250427
chrUn_gl000224	4	67	179693	0.000372858
chrUn_gl000224	5	29	179693	0.000161386
chrUn_gl000224	6	17	179693	9.46058e-05
chrUn_gl000224	7	2	179693	1.11301e-05
chrUn_gl000225	0	192480	211173	0.91148
chrUn_gl000225	1	13768	211173	0.0651977
chrUn_gl000225	2	3164	211173	0.014983
chrUn_gl000225	3	971	211173	0.00459813
chrUn_gl000225	4	369	211173	0.00174738
chrUn_gl000225	5	287	211173	0.00135908
chrUn_gl000225	6	86	211173	0.000407249
chrUn_gl000225	7	21	211173	9.94445e-05
chrUn_gl000225	8	26	211173	0.000123122
chrUn_gl000225	9	1	211173	4.73545e-06
chrUn_gl000226	0	4061	15008	0.270589
chrUn_gl000226	1	3267	15008	0.217684
chrUn_gl000226	2	2881	15008	0.191964
chrUn_gl000226	3	1758	15008	0.117138
chrUn_gl000226	4	1271	15008	0.0846882
chrUn_gl000226	5	738	15008	0.0491738
chrUn_gl000226	6	407	15008	0.0271189
chrUn_gl000226	7	280	15008	0.0186567
chrUn_gl000226	8	176	15008	0.0117271
chrUn_gl000226	9	92	15008	0.00613006
chrUn_gl000226	10	63	15008	0.00419776
chrUn_gl000226	11	13	15008	0.000866205
chrUn_gl000226	12	1	15008	6.66311e-05
chrUn_gl000227	0	127174	128374	0.990652
chrUn_gl000227	1	1200	128374	0.00934769
chrUn_gl000228	0	125616	129120	0.972862
chrUn_gl000228	1	1958	129120	0.0151642
chrUn_gl000228	2	644	129120	0.00498761
chrUn_gl000228	3	255	129120	0.00197491
chrUn_gl000228	4	126	129120	0.000975836
chrUn_gl000228	5	103	129120	0.000797708
chrUn_gl000228	6	47	129120	0.000364002
chrUn_gl000228	7	56	129120	0.000433705
chrUn_gl000228	8	77	129120	0.000596344
chrUn_gl000228	9	90	129120	0.000697026
chrUn_gl000228	10	41	129120	0.000317534
chrUn_gl000228	11	27	129120	0.000209108
chrUn_gl000228	12	20	129120	0.000154895
chrUn_gl000228	13	23	129120	0.000178129
chrUn_gl000228	14	13	129120	0.000100682
chrUn_gl000228	15	12	129120	9.29368e-05
chrUn_gl000228	16	1	129120	7.74473e-06
chrUn_gl000228	17	2	129120	1.54895e-05
chrUn_gl000228	18	9	129120	6.97026e-05
chrUn_gl000229	0	19463	19913	0.977402
chrUn_gl000229	1	450	19913	0.0225983
chrUn_gl000230	0	43091	43691	0.986267
chrUn_gl000230	1	600	43691	0.0137328
chrUn_gl000231	0	26422	27386	0.9648
chrUn_gl000231	1	843	27386	0.0307822
chrUn_gl000231	2	106	27386	0.00387059
chrUn_gl000231	3	15	27386	0.000547725
chrUn_gl000232	0	38415	40652	0.944972
chrUn_gl000232	1	2174	40652	0.0534783
chrUn_gl000232	2	63	40652	0.00154974
chrUn_gl000233	0	45491	45941	0.990205
chrUn_gl000233	1	450	45941	0.00979517
chrUn_gl000234	0	39321	40531	0.970146
chrUn_gl000234	1	1070	40531	0.0263995
chrUn_gl000234	2	140	40531	0.00345415
chrUn_gl000235	0	33724	34474	0.978244
chrUn_gl000235	1	750	34474	0.0217555
chrUn_gl000236	0	41834	41934	0.997615
chrUn_gl000236	1	100	41934	0.0023847
chrUn_gl000237	0	44482	45867	0.969804
chrUn_gl000237	1	1320	45867	0.0287789
chrUn_gl000237	2	65	45867	0.00141714
chrUn_gl000238	0	39889	39939	0.998748
chrUn_gl000238	1	50	39939	0.00125191
chrUn_gl000239	0	32368	33824	0.956954
chrUn_gl000239	1	1412	33824	0.0417455
chrUn_gl000239	2	44	33824	0.00130085
chrUn_gl000240	0	41477	41933	0.989125
chrUn_gl000240	1	412	41933	0.0098252
chrUn_gl000240	2	44	41933	0.00104929
chrUn_gl000241	0	40411	42152	0.958697
chrUn_gl000241	1	1582	42152	0.0375308
chrUn_gl000241	2	159	42152	0.00377206
chrUn_gl000242	0	43151	43523	0.991453
chrUn_gl000242	1	344	43523	0.00790387
chrUn_gl000242	2	28	43523	0.000643338
chrUn_gl000243	0	42581	43341	0.982465
chrUn_gl000243	1	620	43341	0.0143052
chrUn_gl000243	2	140	43341	0.0032302
chrUn_gl000244	0	39829	39929	0.997496
chrUn_gl000244	1	100	39929	0.00250445
chrUn_gl000245	0	34955	36651	0.953726
chrUn_gl000245	1	1646	36651	0.0449101
chrUn_gl000245	2	46	36651	0.00125508
chrUn_gl000245	3	4	36651	0.000109138
chrUn_gl000246	0	38004	38154	0.996069
chrUn_gl000246	1	150	38154	0.00393144
chrUn_gl000247	0	36272	36422	0.995882
chrUn_gl000247	1	150	36422	0.00411839
chrUn_gl000248	0	39359	39786	0.989268
chrUn_gl000248	1	404	39786	0.0101543
chrUn_gl000248	2	23	39786	0.000578093
chrUn_gl000249	0	37555	38502	0.975404
chrUn_gl000249	1	944	38502	0.0245182
chrUn_gl000249	2	3	38502	7.7918e-05
chr18_gl000207_random	0	4262	4262	1
chr21_gl000210_random	0	27682	27682	1
genome	0	3099133034	3137161264	0.987878
genome	1	36616562	3137161264	0.0116719
genome	2	1294508	3137161264	0.000412637
genome	3	49996	3137161264	1.59367e-05
genome	4	14879	3137161264	4.74282e-06
genome	5	9987	3137161264	3.18345e-06
genome	6	7341	3137161264	2.34001e-06
genome	7	5905	3137161264	1.88228e-06
genome	8	4894	3137161264	1.56001e-06
genome	9	3929	3137161264	1.25241e-06
genome	10	3576	3137161264	1.13988e-06
genome	11	3019	3137161264	9.62335e-07
genome	12	2325	3137161264	7.41116e-07
genome	13	1923	3137161264	6.12975e-07
genome	14	1563	3137161264	4.98221e-07
genome	15	1273	3137161264	4.05781e-07
genome	16	940	3137161264	2.99634e-07
genome	17	751	3137161264	2.39388e-07
genome	18	561	3137161264	1.78824e-07
genome	19	410	3137161264	1.30691e-07
genome	20	345	3137161264	1.09972e-07
genome	21	260	3137161264	8.28775e-08
genome	22	183	3137161264	5.8333e-08
genome	23	202	3137161264	6.43894e-08
genome	24	136	3137161264	4.33513e-08
genome	25	112	3137161264	3.57011e-08
genome	26	109	3137161264	3.47448e-08
genome	27	75	3137161264	2.3907e-08
genome	28	131	3137161264	4.17575e-08
genome	29	120	3137161264	3.82511e-08
genome	30	68	3137161264	2.16756e-08
genome	31	79	3137161264	2.5182e-08
genome	32	102	3137161264	3.25135e-08
genome	33	112	3137161264	3.57011e-08
genome	34	115	3137161264	3.66573e-08
genome	35	93	3137161264	2.96446e-08
genome	36	79	3137161264	2.5182e-08
genome	37	68	3137161264	2.16756e-08
genome	38	81	3137161264	2.58195e-08
genome	39	42	3137161264	1.33879e-08
genome	40	68	3137161264	2.16756e-08
genome	41	52	3137161264	1.65755e-08
genome	42	79	3137161264	2.5182e-08
genome	43	69	3137161264	2.19944e-08
genome	44	55	3137161264	1.75318e-08
genome	45	52	3137161264	1.65755e-08
genome	46	45	3137161264	1.43442e-08
genome	47	58	3137161264	1.84881e-08
genome	48	31	3137161264	9.88155e-09
genome	49	34	3137161264	1.08378e-08
genome	50	39	3137161264	1.24316e-08
genome	51	45	3137161264	1.43442e-08
genome	52	32	3137161264	1.02003e-08
genome	53	22	3137161264	7.01271e-09
genome	54	39	3137161264	1.24316e-08
genome	55	26	3137161264	8.28775e-09
genome	56	20	3137161264	6.37519e-09
genome	57	21	3137161264	6.69395e-09
genome	58	22	3137161264	7.01271e-09
genome	59	14	3137161264	4.46263e-09
genome	60	18	3137161264	5.73767e-09
genome	61	15	3137161264	4.78139e-09
genome	62	11	3137161264	3.50635e-09
genome	63	10	3137161264	3.1876e-09
genome	64	5	3137161264	1.5938e-09
genome	65	9	3137161264	2.86884e-09
genome	66	14	3137161264	4.46263e-09
genome	67	18	3137161264	5.73767e-09
genome	68	9	3137161264	2.86884e-09
genome	69	9	3137161264	2.86884e-09
genome	70	11	3137161264	3.50635e-09
genome	71	8	3137161264	2.55008e-09
genome	72	8	3137161264	2.55008e-09
genome	73	7	3137161264	2.23132e-09
genome	74	14	3137161264	4.46263e-09
genome	75	3	3137161264	9.56279e-10
genome	76	5	3137161264	1.5938e-09
genome	77	5	3137161264	1.5938e-09
genome	78	2	3137161264	6.37519e-10
genome	79	6	3137161264	1.91256e-09
genome	80	5	3137161264	1.5938e-09
genome	81	6	3137161264	1.91256e-09
genome	82	7	3137161264	2.23132e-09
genome	83	6	3137161264	1.91256e-09
genome	84	4	3137161264	1.27504e-09
genome	85	6	3137161264	1.91256e-09
genome	86	2	3137161264	6.37519e-10
genome	87	5	3137161264	1.5938e-09
genome	88	2	3137161264	6.37519e-10
genome	89	5	3137161264	1.5938e-09
genome	90	5	3137161264	1.5938e-09
genome	91	3	3137161264	9.56279e-10
genome	92	3	3137161264	9.56279e-10
genome	93	6	3137161264	1.91256e-09
genome	94	7	3137161264	2.23132e-09
genome	95	5	3137161264	1.5938e-09
genome	98	2	3137161264	6.37519e-10
genome	100	4	3137161264	1.27504e-09
genome	101	6	3137161264	1.91256e-09
genome	102	4	3137161264	1.27504e-09
genome	103	3	3137161264	9.56279e-10
genome	104	4	3137161264	1.27504e-09
genome	105	6	3137161264	1.91256e-09
genome	106	4	3137161264	1.27504e-09
genome	107	1	3137161264	3.1876e-10
genome	109	1	3137161264	3.1876e-10
genome	110	1	3137161264	3.1876e-10
genome	111	3	3137161264	9.56279e-10
genome	112	2	3137161264	6.37519e-10
genome	114	2	3137161264	6.37519e-10
genome	115	6	3137161264	1.91256e-09
genome	116	2	3137161264	6.37519e-10
genome	117	2	3137161264	6.37519e-10
genome	118	1	3137161264	3.1876e-10
genome	119	1	3137161264	3.1876e-10
genome	120	2	3137161264	6.37519e-10
genome	122	4	3137161264	1.27504e-09
genome	123	2	3137161264	6.37519e-10
genome	124	2	3137161264	6.37519e-10
genome	125	7	3137161264	2.23132e-09
genome	126	5	3137161264	1.5938e-09
genome	127	8	3137161264	2.55008e-09
genome	128	3	3137161264	9.56279e-10
genome	129	3	3137161264	9.56279e-10
genome	130	5	3137161264	1.5938e-09
genome	131	2	3137161264	6.37519e-10
genome	132	4	3137161264	1.27504e-09
genome	133	3	3137161264	9.56279e-10
genome	134	6	3137161264	1.91256e-09
genome	135	14	3137161264	4.46263e-09
genome	136	12	3137161264	3.82511e-09
genome	137	5	3137161264	1.5938e-09
genome	138	5	3137161264	1.5938e-09
genome	139	5	3137161264	1.5938e-09
genome	140	8	3137161264	2.55008e-09
genome	141	3	3137161264	9.56279e-10
genome	142	2	3137161264	6.37519e-10
genome	143	1	3137161264	3.1876e-10
genome	144	2	3137161264	6.37519e-10
genome	145	4	3137161264	1.27504e-09
genome	146	4	3137161264	1.27504e-09
genome	147	2	3137161264	6.37519e-10
genome	148	4	3137161264	1.27504e-09
genome	149	1	3137161264	3.1876e-10
genome	150	2	3137161264	6.37519e-10
genome	151	5	3137161264	1.5938e-09
genome	152	7	3137161264	2.23132e-09
genome	153	2	3137161264	6.37519e-10
genome	154	2	3137161264	6.37519e-10
genome	156	6	3137161264	1.91256e-09
genome	157	6	3137161264	1.91256e-09
genome	158	7	3137161264	2.23132e-09
genome	159	7	3137161264	2.23132e-09
genome	160	7	3137161264	2.23132e-09
genome	161	3	3137161264	9.56279e-10
genome	162	1	3137161264	3.1876e-10
genome	163	2	3137161264	6.37519e-10
genome	164	3	3137161264	9.56279e-10
genome	166	3	3137161264	9.56279e-10
genome	167	1	3137161264	3.1876e-10
genome	168	3	3137161264	9.56279e-10
genome	169	9	3137161264	2.86884e-09
genome	170	5	3137161264	1.5938e-09
genome	171	1	3137161264	3.1876e-10
genome	172	3	3137161264	9.56279e-10
genome	173	1	3137161264	3.1876e-10
genome	175	1	3137161264	3.1876e-10
genome	176	4	3137161264	1.27504e-09
genome	177	4	3137161264	1.27504e-09
genome	178	1	3137161264	3.1876e-10
genome	179	1	3137161264	3.1876e-10
genome	180	2	3137161264	6.37519e-10
genome	181	1	3137161264	3.1876e-10
genome	182	1	3137161264	3.1876e-10
genome	183	3	3137161264	9.56279e-10
genome	186	1	3137161264	3.1876e-10
genome	187	1	3137161264	3.1876e-10
