chrM	0	5	16571	0.000301732
chrM	1	87	16571	0.00525014
chrM	2	46	16571	0.00277593
chrM	3	79	16571	0.00476736
chrM	4	220	16571	0.0132762
chrM	5	497	16571	0.0299922
chrM	6	644	16571	0.0388631
chrM	7	952	16571	0.0574498
chrM	8	1052	16571	0.0634844
chrM	9	1353	16571	0.0816487
chrM	10	1445	16571	0.0872005
chrM	11	1372	16571	0.0827952
chrM	12	1409	16571	0.0850281
chrM	13	1408	16571	0.0849677
chrM	14	1236	16571	0.0745881
chrM	15	1112	16571	0.0671052
chrM	16	909	16571	0.0548549
chrM	17	817	16571	0.049303
chrM	18	593	16571	0.0357854
chrM	19	460	16571	0.0277593
chrM	20	265	16571	0.0159918
chrM	21	214	16571	0.0129141
chrM	22	135	16571	0.00814676
chrM	23	88	16571	0.00531048
chrM	24	74	16571	0.00446563
chrM	25	41	16571	0.0024742
chrM	26	25	16571	0.00150866
chrM	27	18	16571	0.00108624
chrM	28	1	16571	6.03464e-05
chrM	29	10	16571	0.000603464
chrM	30	4	16571	0.000241386
chr1	0	246336913	249250621	0.98831
chr1	1	2819143	249250621	0.0113105
chr1	2	90057	249250621	0.000361311
chr1	3	2424	249250621	9.72515e-06
chr1	4	434	249250621	1.74122e-06
chr1	5	183	249250621	7.34201e-07
chr1	6	94	249250621	3.7713e-07
chr1	7	74	249250621	2.9689e-07
chr1	8	39	249250621	1.56469e-07
chr1	9	17	249250621	6.82044e-08
chr1	10	19	249250621	7.62285e-08
chr1	11	24	249250621	9.62886e-08
chr1	12	19	249250621	7.62285e-08
chr1	13	18	249250621	7.22165e-08
chr1	14	6	249250621	2.40722e-08
chr1	15	6	249250621	2.40722e-08
chr1	16	10	249250621	4.01203e-08
chr1	17	4	249250621	1.60481e-08
chr1	18	6	249250621	2.40722e-08
chr1	19	16	249250621	6.41924e-08
chr1	20	9	249250621	3.61082e-08
chr1	21	25	249250621	1.00301e-07
chr1	22	21	249250621	8.42525e-08
chr1	23	14	249250621	5.61684e-08
chr1	24	9	249250621	3.61082e-08
chr1	25	10	249250621	4.01203e-08
chr1	26	19	249250621	7.62285e-08
chr1	27	14	249250621	5.61684e-08
chr1	28	9	249250621	3.61082e-08
chr1	29	6	249250621	2.40722e-08
chr1	30	7	249250621	2.80842e-08
chr1	31	8	249250621	3.20962e-08
chr1	32	5	249250621	2.00601e-08
chr1	33	17	249250621	6.82044e-08
chr1	34	13	249250621	5.21563e-08
chr1	35	16	249250621	6.41924e-08
chr1	36	24	249250621	9.62886e-08
chr1	37	31	249250621	1.24373e-07
chr1	38	24	249250621	9.62886e-08
chr1	39	28	249250621	1.12337e-07
chr1	40	21	249250621	8.42525e-08
chr1	41	35	249250621	1.40421e-07
chr1	42	42	249250621	1.68505e-07
chr1	43	19	249250621	7.62285e-08
chr1	44	11	249250621	4.41323e-08
chr1	45	10	249250621	4.01203e-08
chr1	46	9	249250621	3.61082e-08
chr1	47	11	249250621	4.41323e-08
chr1	48	11	249250621	4.41323e-08
chr1	49	10	249250621	4.01203e-08
chr1	50	8	249250621	3.20962e-08
chr1	51	11	249250621	4.41323e-08
chr1	52	6	249250621	2.40722e-08
chr1	53	16	249250621	6.41924e-08
chr1	54	12	249250621	4.81443e-08
chr1	55	7	249250621	2.80842e-08
chr1	56	4	249250621	1.60481e-08
chr1	57	8	249250621	3.20962e-08
chr1	58	7	249250621	2.80842e-08
chr1	59	6	249250621	2.40722e-08
chr1	60	2	249250621	8.02405e-09
chr1	61	3	249250621	1.20361e-08
chr1	62	3	249250621	1.20361e-08
chr1	63	12	249250621	4.81443e-08
chr1	64	1	249250621	4.01203e-09
chr1	65	12	249250621	4.81443e-08
chr1	66	7	249250621	2.80842e-08
chr1	67	11	249250621	4.41323e-08
chr1	68	8	249250621	3.20962e-08
chr1	69	5	249250621	2.00601e-08
chr1	70	3	249250621	1.20361e-08
chr1	71	8	249250621	3.20962e-08
chr1	72	6	249250621	2.40722e-08
chr1	73	8	249250621	3.20962e-08
chr1	74	3	249250621	1.20361e-08
chr1	75	11	249250621	4.41323e-08
chr1	76	9	249250621	3.61082e-08
chr1	77	9	249250621	3.61082e-08
chr1	78	7	249250621	2.80842e-08
chr1	79	9	249250621	3.61082e-08
chr1	80	3	249250621	1.20361e-08
chr1	81	4	249250621	1.60481e-08
chr1	82	6	249250621	2.40722e-08
chr1	83	4	249250621	1.60481e-08
chr1	84	4	249250621	1.60481e-08
chr1	85	13	249250621	5.21563e-08
chr1	86	13	249250621	5.21563e-08
chr1	87	5	249250621	2.00601e-08
chr1	88	4	249250621	1.60481e-08
chr1	89	6	249250621	2.40722e-08
chr1	91	8	249250621	3.20962e-08
chr1	92	5	249250621	2.00601e-08
chr1	93	5	249250621	2.00601e-08
chr1	94	4	249250621	1.60481e-08
chr1	95	3	249250621	1.20361e-08
chr1	97	5	249250621	2.00601e-08
chr1	98	2	249250621	8.02405e-09
chr1	99	3	249250621	1.20361e-08
chr1	100	3	249250621	1.20361e-08
chr1	101	3	249250621	1.20361e-08
chr1	102	3	249250621	1.20361e-08
chr1	103	1	249250621	4.01203e-09
chr1	104	2	249250621	8.02405e-09
chr1	105	3	249250621	1.20361e-08
chr1	106	2	249250621	8.02405e-09
chr1	107	5	249250621	2.00601e-08
chr1	108	1	249250621	4.01203e-09
chr1	109	3	249250621	1.20361e-08
chr1	110	5	249250621	2.00601e-08
chr1	111	3	249250621	1.20361e-08
chr1	112	6	249250621	2.40722e-08
chr1	113	3	249250621	1.20361e-08
chr1	114	8	249250621	3.20962e-08
chr1	115	1	249250621	4.01203e-09
chr1	116	1	249250621	4.01203e-09
chr1	121	3	249250621	1.20361e-08
chr1	123	1	249250621	4.01203e-09
chr1	124	2	249250621	8.02405e-09
chr1	125	3	249250621	1.20361e-08
chr1	126	2	249250621	8.02405e-09
chr1	127	5	249250621	2.00601e-08
chr1	128	6	249250621	2.40722e-08
chr1	129	3	249250621	1.20361e-08
chr1	130	5	249250621	2.00601e-08
chr1	131	2	249250621	8.02405e-09
chr1	132	6	249250621	2.40722e-08
chr1	133	5	249250621	2.00601e-08
chr1	134	7	249250621	2.80842e-08
chr1	135	4	249250621	1.60481e-08
chr1	136	2	249250621	8.02405e-09
chr1	137	3	249250621	1.20361e-08
chr1	140	4	249250621	1.60481e-08
chr1	141	4	249250621	1.60481e-08
chr1	142	3	249250621	1.20361e-08
chr1	143	2	249250621	8.02405e-09
chr1	144	4	249250621	1.60481e-08
chr1	145	5	249250621	2.00601e-08
chr1	146	4	249250621	1.60481e-08
chr1	147	5	249250621	2.00601e-08
chr1	148	6	249250621	2.40722e-08
chr1	149	2	249250621	8.02405e-09
chr1	150	3	249250621	1.20361e-08
chr1	151	4	249250621	1.60481e-08
chr1	152	6	249250621	2.40722e-08
chr1	153	5	249250621	2.00601e-08
chr1	154	2	249250621	8.02405e-09
chr1	155	7	249250621	2.80842e-08
chr1	156	3	249250621	1.20361e-08
chr1	157	13	249250621	5.21563e-08
chr1	158	3	249250621	1.20361e-08
chr1	159	4	249250621	1.60481e-08
chr1	160	2	249250621	8.02405e-09
chr1	161	5	249250621	2.00601e-08
chr1	162	1	249250621	4.01203e-09
chr1	163	4	249250621	1.60481e-08
chr1	165	2	249250621	8.02405e-09
chr1	166	2	249250621	8.02405e-09
chr1	167	3	249250621	1.20361e-08
chr1	168	3	249250621	1.20361e-08
chr1	169	7	249250621	2.80842e-08
chr1	170	6	249250621	2.40722e-08
chr1	171	5	249250621	2.00601e-08
chr1	172	13	249250621	5.21563e-08
chr1	173	1	249250621	4.01203e-09
chr1	174	6	249250621	2.40722e-08
chr1	175	5	249250621	2.00601e-08
chr1	176	3	249250621	1.20361e-08
chr1	177	5	249250621	2.00601e-08
chr1	178	1	249250621	4.01203e-09
chr1	179	1	249250621	4.01203e-09
chr1	180	4	249250621	1.60481e-08
chr1	182	2	249250621	8.02405e-09
chr1	183	1	249250621	4.01203e-09
chr1	185	1	249250621	4.01203e-09
chr1	186	4	249250621	1.60481e-08
chr1	187	2	249250621	8.02405e-09
chr1	189	1	249250621	4.01203e-09
chr1	194	4	249250621	1.60481e-08
chr1	195	3	249250621	1.20361e-08
chr1	196	1	249250621	4.01203e-09
chr1	197	3	249250621	1.20361e-08
chr1	198	1	249250621	4.01203e-09
chr1	200	1	249250621	4.01203e-09
chr1	201	2	249250621	8.02405e-09
chr1	204	1	249250621	4.01203e-09
chr1	206	1	249250621	4.01203e-09
chr2	0	240122128	243199373	0.987347
chr2	1	2971393	243199373	0.0122179
chr2	2	95706	243199373	0.000393529
chr2	3	4555	243199373	1.87295e-05
chr2	4	1827	243199373	7.51235e-06
chr2	5	1262	243199373	5.18916e-06
chr2	6	842	243199373	3.46218e-06
chr2	7	544	243199373	2.23685e-06
chr2	8	317	243199373	1.30346e-06
chr2	9	243	243199373	9.9918e-07
chr2	10	136	243199373	5.59212e-07
chr2	11	63	243199373	2.59047e-07
chr2	12	52	243199373	2.13816e-07
chr2	13	39	243199373	1.60362e-07
chr2	14	40	243199373	1.64474e-07
chr2	15	24	243199373	9.86845e-08
chr2	16	29	243199373	1.19244e-07
chr2	17	13	243199373	5.34541e-08
chr2	18	30	243199373	1.23356e-07
chr2	19	27	243199373	1.1102e-07
chr2	20	10	243199373	4.11185e-08
chr2	21	12	243199373	4.93422e-08
chr2	23	17	243199373	6.99015e-08
chr2	24	23	243199373	9.45726e-08
chr2	25	27	243199373	1.1102e-07
chr2	26	11	243199373	4.52304e-08
chr2	27	3	243199373	1.23356e-08
chr3	0	195474920	198022430	0.987135
chr3	1	2470476	198022430	0.0124757
chr3	2	75217	198022430	0.000379841
chr3	3	1702	198022430	8.59499e-06
chr3	4	17	198022430	8.58489e-08
chr3	5	14	198022430	7.06991e-08
chr3	6	31	198022430	1.56548e-07
chr3	7	26	198022430	1.31298e-07
chr3	8	15	198022430	7.5749e-08
chr3	9	12	198022430	6.05992e-08
chr4	0	188550259	191154276	0.986377
chr4	1	2524244	191154276	0.0132053
chr4	2	77351	191154276	0.000404652
chr4	3	2169	191154276	1.13469e-05
chr4	4	130	191154276	6.80079e-07
chr4	5	29	191154276	1.5171e-07
chr4	6	77	191154276	4.02816e-07
chr4	7	16	191154276	8.3702e-08
chr4	8	1	191154276	5.23138e-09
chr5	0	178465040	180915260	0.986457
chr5	1	2371865	180915260	0.0131104
chr5	2	75122	180915260	0.000415233
chr5	3	1652	180915260	9.13135e-06
chr5	4	216	180915260	1.19393e-06
chr5	5	156	180915260	8.62282e-07
chr5	6	219	180915260	1.21051e-06
chr5	7	152	180915260	8.40172e-07
chr5	8	136	180915260	7.51733e-07
chr5	9	164	180915260	9.06502e-07
chr5	10	150	180915260	8.29117e-07
chr5	11	129	180915260	7.13041e-07
chr5	12	123	180915260	6.79876e-07
chr5	13	61	180915260	3.37174e-07
chr5	14	32	180915260	1.76878e-07
chr5	15	29	180915260	1.60296e-07
chr5	16	10	180915260	5.52745e-08
chr5	17	4	180915260	2.21098e-08
chr6	0	168891938	171115067	0.987008
chr6	1	2153239	171115067	0.0125836
chr6	2	64988	171115067	0.000379791
chr6	3	1627	171115067	9.50822e-06
chr6	4	82	171115067	4.7921e-07
chr6	5	123	171115067	7.18815e-07
chr6	6	129	171115067	7.53879e-07
chr6	7	234	171115067	1.3675e-06
chr6	8	303	171115067	1.77074e-06
chr6	9	328	171115067	1.91684e-06
chr6	10	243	171115067	1.4201e-06
chr6	11	260	171115067	1.51945e-06
chr6	12	318	171115067	1.8584e-06
chr6	13	357	171115067	2.08632e-06
chr6	14	227	171115067	1.32659e-06
chr6	15	197	171115067	1.15127e-06
chr6	16	126	171115067	7.36347e-07
chr6	17	98	171115067	5.72714e-07
chr6	18	91	171115067	5.31806e-07
chr6	19	42	171115067	2.45449e-07
chr6	20	36	171115067	2.10385e-07
chr6	21	37	171115067	2.16229e-07
chr6	22	19	171115067	1.11036e-07
chr6	23	5	171115067	2.92201e-08
chr6	24	11	171115067	6.42842e-08
chr6	25	4	171115067	2.33761e-08
chr6	26	4	171115067	2.33761e-08
chr6	27	1	171115067	5.84402e-09
chr7	0	157069864	159138663	0.987
chr7	1	2000109	159138663	0.0125683
chr7	2	65728	159138663	0.000413023
chr7	3	1490	159138663	9.3629e-06
chr7	4	134	159138663	8.42033e-07
chr7	5	83	159138663	5.21558e-07
chr7	6	74	159138663	4.65003e-07
chr7	7	53	159138663	3.33043e-07
chr7	8	70	159138663	4.39868e-07
chr7	9	65	159138663	4.08449e-07
chr7	10	86	159138663	5.40409e-07
chr7	11	87	159138663	5.46693e-07
chr7	12	126	159138663	7.91762e-07
chr7	13	85	159138663	5.34125e-07
chr7	14	50	159138663	3.14191e-07
chr7	15	61	159138663	3.83314e-07
chr7	16	42	159138663	2.63921e-07
chr7	17	33	159138663	2.07366e-07
chr7	18	22	159138663	1.38244e-07
chr7	19	26	159138663	1.6338e-07
chr7	20	54	159138663	3.39327e-07
chr7	21	54	159138663	3.39327e-07
chr7	22	41	159138663	2.57637e-07
chr7	23	35	159138663	2.19934e-07
chr7	24	30	159138663	1.88515e-07
chr7	25	27	159138663	1.69663e-07
chr7	26	25	159138663	1.57096e-07
chr7	27	25	159138663	1.57096e-07
chr7	28	20	159138663	1.25677e-07
chr7	29	3	159138663	1.88515e-08
chr7	30	6	159138663	3.7703e-08
chr7	31	11	159138663	6.91221e-08
chr7	32	14	159138663	8.79736e-08
chr7	33	1	159138663	6.28383e-09
chr7	34	9	159138663	5.65545e-08
chr7	35	5	159138663	3.14191e-08
chr7	36	4	159138663	2.51353e-08
chr7	37	3	159138663	1.88515e-08
chr7	38	6	159138663	3.7703e-08
chr7	39	2	159138663	1.25677e-08
chr8	0	144505688	146364022	0.987303
chr8	1	1794338	146364022	0.0122594
chr8	2	58970	146364022	0.0004029
chr8	3	2772	146364022	1.89391e-05
chr8	4	967	146364022	6.60682e-06
chr8	5	602	146364022	4.11303e-06
chr8	6	263	146364022	1.79689e-06
chr8	7	174	146364022	1.18882e-06
chr8	8	85	146364022	5.80744e-07
chr8	9	97	146364022	6.62731e-07
chr8	10	47	146364022	3.21117e-07
chr8	11	19	146364022	1.29813e-07
chr9	0	139696991	141213431	0.989261
chr9	1	1465987	141213431	0.0103814
chr9	2	49165	141213431	0.000348161
chr9	3	1040	141213431	7.36474e-06
chr9	4	110	141213431	7.78963e-07
chr9	5	70	141213431	4.95704e-07
chr9	6	4	141213431	2.83259e-08
chr9	7	9	141213431	6.37333e-08
chr9	8	12	141213431	8.49778e-08
chr9	9	7	141213431	4.95704e-08
chr9	11	15	141213431	1.06222e-07
chr9	12	11	141213431	7.78963e-08
chr9	13	10	141213431	7.08148e-08
chr10	0	133788828	135534747	0.987118
chr10	1	1676939	135534747	0.0123728
chr10	2	56271	135534747	0.000415178
chr10	3	3421	135534747	2.52408e-05
chr10	4	1767	135534747	1.30372e-05
chr10	5	1252	135534747	9.23748e-06
chr10	6	1031	135534747	7.60691e-06
chr10	7	751	135534747	5.54101e-06
chr10	8	626	135534747	4.61874e-06
chr10	9	564	135534747	4.16129e-06
chr10	10	521	135534747	3.84403e-06
chr10	11	319	135534747	2.35364e-06
chr10	12	295	135534747	2.17656e-06
chr10	13	258	135534747	1.90357e-06
chr10	14	207	135534747	1.52728e-06
chr10	15	143	135534747	1.05508e-06
chr10	16	196	135534747	1.44612e-06
chr10	17	131	135534747	9.66542e-07
chr10	18	113	135534747	8.33735e-07
chr10	19	86	135534747	6.34524e-07
chr10	20	68	135534747	5.01716e-07
chr10	21	106	135534747	7.82087e-07
chr10	22	87	135534747	6.41902e-07
chr10	23	73	135534747	5.38607e-07
chr10	24	76	135534747	5.60742e-07
chr10	25	86	135534747	6.34524e-07
chr10	26	55	135534747	4.058e-07
chr10	27	53	135534747	3.91044e-07
chr10	28	40	135534747	2.95127e-07
chr10	29	46	135534747	3.39396e-07
chr10	30	45	135534747	3.32018e-07
chr10	31	41	135534747	3.02505e-07
chr10	32	37	135534747	2.72993e-07
chr10	33	24	135534747	1.77076e-07
chr10	34	36	135534747	2.65615e-07
chr10	35	20	135534747	1.47564e-07
chr10	36	26	135534747	1.91833e-07
chr10	37	15	135534747	1.10673e-07
chr10	38	8	135534747	5.90255e-08
chr10	39	8	135534747	5.90255e-08
chr10	40	4	135534747	2.95127e-08
chr10	41	7	135534747	5.16473e-08
chr10	42	6	135534747	4.42691e-08
chr10	43	18	135534747	1.32807e-07
chr10	44	6	135534747	4.42691e-08
chr10	45	7	135534747	5.16473e-08
chr10	46	5	135534747	3.68909e-08
chr10	47	5	135534747	3.68909e-08
chr10	48	6	135534747	4.42691e-08
chr10	49	4	135534747	2.95127e-08
chr10	50	4	135534747	2.95127e-08
chr10	51	1	135534747	7.37818e-09
chr10	52	1	135534747	7.37818e-09
chr10	53	3	135534747	2.21345e-08
chr10	55	1	135534747	7.37818e-09
chr11	0	133073320	135006516	0.985681
chr11	1	1863806	135006516	0.0138053
chr11	2	65524	135006516	0.00048534
chr11	3	2004	135006516	1.48437e-05
chr11	4	413	135006516	3.05911e-06
chr11	5	224	135006516	1.65918e-06
chr11	6	209	135006516	1.54807e-06
chr11	7	102	135006516	7.55519e-07
chr11	8	122	135006516	9.0366e-07
chr11	9	155	135006516	1.14809e-06
chr11	10	136	135006516	1.00736e-06
chr11	11	139	135006516	1.02958e-06
chr11	12	57	135006516	4.22202e-07
chr11	13	47	135006516	3.48131e-07
chr11	14	53	135006516	3.92574e-07
chr11	15	39	135006516	2.88875e-07
chr11	16	49	135006516	3.62945e-07
chr11	17	29	135006516	2.14804e-07
chr11	18	18	135006516	1.33327e-07
chr11	19	14	135006516	1.03699e-07
chr11	20	8	135006516	5.92564e-08
chr11	21	10	135006516	7.40705e-08
chr11	22	3	135006516	2.22212e-08
chr11	23	3	135006516	2.22212e-08
chr11	24	1	135006516	7.40705e-09
chr11	25	7	135006516	5.18494e-08
chr11	26	12	135006516	8.88846e-08
chr11	27	7	135006516	5.18494e-08
chr11	28	5	135006516	3.70352e-08
chr12	0	132258921	133851895	0.988099
chr12	1	1544263	133851895	0.0115371
chr12	2	47528	133851895	0.000355079
chr12	3	838	133851895	6.26065e-06
chr12	4	81	133851895	6.05146e-07
chr12	5	43	133851895	3.21251e-07
chr12	6	49	133851895	3.66076e-07
chr12	7	33	133851895	2.46541e-07
chr12	8	21	133851895	1.5689e-07
chr12	9	17	133851895	1.27006e-07
chr12	10	29	133851895	2.16657e-07
chr12	11	32	133851895	2.3907e-07
chr12	12	32	133851895	2.3907e-07
chr12	13	6	133851895	4.48257e-08
chr12	14	2	133851895	1.49419e-08
chr13	0	114018935	115169878	0.990007
chr13	1	1119483	115169878	0.00972028
chr13	2	30854	115169878	0.0002679
chr13	3	569	115169878	4.94053e-06
chr13	4	33	115169878	2.86533e-07
chr13	5	4	115169878	3.47313e-08
chr14	0	106250649	107349540	0.989763
chr14	1	1064371	107349540	0.009915
chr14	2	33691	107349540	0.000313844
chr14	3	819	107349540	7.62928e-06
chr14	4	10	107349540	9.31536e-08
chr15	0	101483501	102531392	0.98978
chr15	1	1015682	102531392	0.00990606
chr15	2	31509	102531392	0.000307311
chr15	3	700	102531392	6.82718e-06
chr16	0	89246407	90354753	0.987733
chr16	1	1051180	90354753	0.0116339
chr16	2	44113	90354753	0.00048822
chr16	3	4925	90354753	5.45074e-05
chr16	4	2774	90354753	3.07012e-05
chr16	5	1622	90354753	1.79515e-05
chr16	6	1022	90354753	1.1311e-05
chr16	7	962	90354753	1.06469e-05
chr16	8	439	90354753	4.85863e-06
chr16	9	404	90354753	4.47126e-06
chr16	10	283	90354753	3.1321e-06
chr16	11	154	90354753	1.70439e-06
chr16	12	183	90354753	2.02535e-06
chr16	13	91	90354753	1.00714e-06
chr16	14	58	90354753	6.41914e-07
chr16	15	57	90354753	6.30847e-07
chr16	16	40	90354753	4.42699e-07
chr16	17	23	90354753	2.54552e-07
chr16	18	8	90354753	8.85399e-08
chr16	19	6	90354753	6.64049e-08
chr16	20	2	90354753	2.2135e-08
chr17	0	80119925	81195210	0.986757
chr17	1	1029678	81195210	0.0126815
chr17	2	40706	81195210	0.000501335
chr17	3	2542	81195210	3.13073e-05
chr17	4	636	81195210	7.83297e-06
chr17	5	549	81195210	6.76148e-06
chr17	6	285	81195210	3.51006e-06
chr17	7	168	81195210	2.06909e-06
chr17	8	182	81195210	2.24151e-06
chr17	9	101	81195210	1.24392e-06
chr17	10	75	81195210	9.237e-07
chr17	11	71	81195210	8.74436e-07
chr17	12	42	81195210	5.17272e-07
chr17	13	25	81195210	3.079e-07
chr17	14	23	81195210	2.83268e-07
chr17	15	26	81195210	3.20216e-07
chr17	16	19	81195210	2.34004e-07
chr17	17	1	81195210	1.2316e-08
chr17	18	1	81195210	1.2316e-08
chr17	19	8	81195210	9.8528e-08
chr17	20	11	81195210	1.35476e-07
chr17	21	16	81195210	1.97056e-07
chr17	22	10	81195210	1.2316e-07
chr17	23	7	81195210	8.6212e-08
chr17	24	10	81195210	1.2316e-07
chr17	25	20	81195210	2.4632e-07
chr17	26	11	81195210	1.35476e-07
chr17	27	3	81195210	3.6948e-08
chr17	28	4	81195210	4.9264e-08
chr17	29	4	81195210	4.9264e-08
chr17	30	3	81195210	3.6948e-08
chr17	31	4	81195210	4.9264e-08
chr17	32	4	81195210	4.9264e-08
chr17	33	1	81195210	1.2316e-08
chr17	34	5	81195210	6.158e-08
chr17	35	6	81195210	7.3896e-08
chr17	36	1	81195210	1.2316e-08
chr17	38	5	81195210	6.158e-08
chr17	39	4	81195210	4.9264e-08
chr17	41	1	81195210	1.2316e-08
chr17	42	4	81195210	4.9264e-08
chr17	43	9	81195210	1.10844e-07
chr17	44	4	81195210	4.9264e-08
chr18	0	77051462	78077248	0.986862
chr18	1	989458	78077248	0.0126728
chr18	2	32559	78077248	0.00041701
chr18	3	1513	78077248	1.93782e-05
chr18	4	682	78077248	8.73494e-06
chr18	5	566	78077248	7.24923e-06
chr18	6	345	78077248	4.4187e-06
chr18	7	144	78077248	1.84433e-06
chr18	8	99	78077248	1.26797e-06
chr18	9	97	78077248	1.24236e-06
chr18	10	89	78077248	1.1399e-06
chr18	11	62	78077248	7.94085e-07
chr18	12	73	78077248	9.34971e-07
chr18	13	58	78077248	7.42854e-07
chr18	14	34	78077248	4.35466e-07
chr18	15	6	78077248	7.6847e-08
chr18	16	1	78077248	1.28078e-08
chr19	0	58439098	59128983	0.988333
chr19	1	660815	59128983	0.0111758
chr19	2	26085	59128983	0.000441154
chr19	3	831	59128983	1.4054e-05
chr19	4	305	59128983	5.15821e-06
chr19	5	318	59128983	5.37807e-06
chr19	6	194	59128983	3.28096e-06
chr19	7	161	59128983	2.72286e-06
chr19	8	174	59128983	2.94272e-06
chr19	9	80	59128983	1.35297e-06
chr19	10	83	59128983	1.40371e-06
chr19	11	66	59128983	1.1162e-06
chr19	12	82	59128983	1.3868e-06
chr19	13	69	59128983	1.16694e-06
chr19	14	41	59128983	6.93399e-07
chr19	15	47	59128983	7.94872e-07
chr19	16	27	59128983	4.56629e-07
chr19	17	43	59128983	7.27224e-07
chr19	18	8	59128983	1.35297e-07
chr19	20	4	59128983	6.76487e-08
chr19	22	2	59128983	3.38244e-08
chr19	23	6	59128983	1.01473e-07
chr19	24	10	59128983	1.69122e-07
chr19	25	33	59128983	5.58102e-07
chr19	26	10	59128983	1.69122e-07
chr19	27	18	59128983	3.04419e-07
chr19	28	15	59128983	2.53683e-07
chr19	29	3	59128983	5.07365e-08
chr19	30	4	59128983	6.76487e-08
chr19	31	7	59128983	1.18385e-07
chr19	32	11	59128983	1.86034e-07
chr19	33	15	59128983	2.53683e-07
chr19	34	5	59128983	8.45609e-08
chr19	35	9	59128983	1.5221e-07
chr19	36	10	59128983	1.69122e-07
chr19	37	6	59128983	1.01473e-07
chr19	38	16	59128983	2.70595e-07
chr19	41	13	59128983	2.19858e-07
chr19	42	7	59128983	1.18385e-07
chr19	43	23	59128983	3.8898e-07
chr19	44	17	59128983	2.87507e-07
chr19	45	14	59128983	2.36771e-07
chr19	46	7	59128983	1.18385e-07
chr19	47	6	59128983	1.01473e-07
chr19	48	5	59128983	8.45609e-08
chr19	49	3	59128983	5.07365e-08
chr19	50	6	59128983	1.01473e-07
chr19	51	12	59128983	2.02946e-07
chr19	52	6	59128983	1.01473e-07
chr19	53	2	59128983	3.38244e-08
chr19	54	6	59128983	1.01473e-07
chr19	55	6	59128983	1.01473e-07
chr19	56	6	59128983	1.01473e-07
chr19	57	13	59128983	2.19858e-07
chr19	58	7	59128983	1.18385e-07
chr19	59	9	59128983	1.5221e-07
chr19	60	9	59128983	1.5221e-07
chr19	61	5	59128983	8.45609e-08
chr19	62	6	59128983	1.01473e-07
chr19	63	12	59128983	2.02946e-07
chr19	64	5	59128983	8.45609e-08
chr19	65	8	59128983	1.35297e-07
chr19	66	4	59128983	6.76487e-08
chr19	67	1	59128983	1.69122e-08
chr19	68	2	59128983	3.38244e-08
chr19	69	4	59128983	6.76487e-08
chr19	70	4	59128983	6.76487e-08
chr19	71	1	59128983	1.69122e-08
chr19	73	2	59128983	3.38244e-08
chr19	74	1	59128983	1.69122e-08
chr19	75	1	59128983	1.69122e-08
chr19	76	4	59128983	6.76487e-08
chr19	77	4	59128983	6.76487e-08
chr19	78	3	59128983	5.07365e-08
chr19	79	1	59128983	1.69122e-08
chr19	80	6	59128983	1.01473e-07
chr19	81	2	59128983	3.38244e-08
chr19	82	4	59128983	6.76487e-08
chr19	83	7	59128983	1.18385e-07
chr19	84	2	59128983	3.38244e-08
chr19	85	3	59128983	5.07365e-08
chr19	86	1	59128983	1.69122e-08
chr19	88	1	59128983	1.69122e-08
chr19	89	1	59128983	1.69122e-08
chr20	0	62156207	63025520	0.986207
chr20	1	838525	63025520	0.0133045
chr20	2	30097	63025520	0.000477537
chr20	3	683	63025520	1.08369e-05
chr20	4	8	63025520	1.26933e-07
chr21	0	47621166	48129895	0.98943
chr21	1	489756	48129895	0.0101757
chr21	2	18501	48129895	0.000384397
chr21	3	396	48129895	8.22773e-06
chr21	4	76	48129895	1.57906e-06
chr22	0	50857660	51304566	0.991289
chr22	1	426231	51304566	0.00830786
chr22	2	20256	51304566	0.000394819
chr22	3	419	51304566	8.16691e-06
chrX	0	153257368	155270560	0.987034
chrX	1	1938984	155270560	0.0124878
chrX	2	64899	155270560	0.000417974
chrX	3	4673	155270560	3.00959e-05
chrX	4	1925	155270560	1.23977e-05
chrX	5	1039	155270560	6.69155e-06
chrX	6	673	155270560	4.33437e-06
chrX	7	390	155270560	2.51174e-06
chrX	8	226	155270560	1.45552e-06
chrX	9	92	155270560	5.92514e-07
chrX	10	108	155270560	6.9556e-07
chrX	11	65	155270560	4.18624e-07
chrX	12	40	155270560	2.57615e-07
chrX	13	13	155270560	8.37248e-08
chrX	14	8	155270560	5.1523e-08
chrX	15	14	155270560	9.01652e-08
chrX	16	20	155270560	1.28807e-07
chrX	17	7	155270560	4.50826e-08
chrX	18	13	155270560	8.37248e-08
chrX	19	1	155270560	6.44037e-09
chrX	20	1	155270560	6.44037e-09
chrX	22	1	155270560	6.44037e-09
chrY	0	59332170	59373566	0.999303
chrY	1	37930	59373566	0.000638836
chrY	2	2653	59373566	4.46832e-05
chrY	3	369	59373566	6.21489e-06
chrY	4	101	59373566	1.70109e-06
chrY	5	137	59373566	2.30742e-06
chrY	6	75	59373566	1.26319e-06
chrY	7	41	59373566	6.90543e-07
chrY	8	39	59373566	6.56858e-07
chrY	9	41	59373566	6.90543e-07
chrY	10	10	59373566	1.68425e-07
chr1_gl000191_random	0	105933	106433	0.995302
chr1_gl000191_random	1	500	106433	0.00469779
chr1_gl000192_random	0	540405	547496	0.987048
chr1_gl000192_random	1	6732	547496	0.012296
chr1_gl000192_random	2	359	547496	0.000655713
chr4_ctg9_hap1	0	586446	590426	0.993259
chr4_ctg9_hap1	1	3860	590426	0.00653765
chr4_ctg9_hap1	2	120	590426	0.000203243
chr4_gl000193_random	0	183883	189789	0.968881
chr4_gl000193_random	1	5561	189789	0.029301
chr4_gl000193_random	2	296	189789	0.00155963
chr4_gl000193_random	3	49	189789	0.000258181
chr4_gl000194_random	0	187486	191469	0.979198
chr4_gl000194_random	1	3816	191469	0.0199301
chr4_gl000194_random	2	167	191469	0.000872204
chr6_apd_hap1	0	4616362	4622290	0.998718
chr6_apd_hap1	1	5756	4622290	0.00124527
chr6_apd_hap1	2	172	4622290	3.7211e-05
chr6_cox_hap2	0	4781301	4795371	0.997066
chr6_cox_hap2	1	13690	4795371	0.00285484
chr6_cox_hap2	2	380	4795371	7.92431e-05
chr6_dbb_hap3	0	4598853	4610396	0.997496
chr6_dbb_hap3	1	11236	4610396	0.0024371
chr6_dbb_hap3	2	307	4610396	6.65886e-05
chr6_mann_hap4	0	4673896	4683263	0.998
chr6_mann_hap4	1	9084	4683263	0.00193967
chr6_mann_hap4	2	283	4683263	6.0428e-05
chr6_mcf_hap5	0	4823130	4833398	0.997876
chr6_mcf_hap5	1	10036	4833398	0.00207639
chr6_mcf_hap5	2	232	4833398	4.79994e-05
chr6_qbl_hap6	0	4599881	4611984	0.997376
chr6_qbl_hap6	1	11756	4611984	0.00254901
chr6_qbl_hap6	2	347	4611984	7.52388e-05
chr6_ssto_hap7	0	4920162	4928567	0.998295
chr6_ssto_hap7	1	7990	4928567	0.00162116
chr6_ssto_hap7	2	385	4928567	7.8116e-05
chr6_ssto_hap7	3	30	4928567	6.08696e-06
chr7_gl000195_random	0	173347	182896	0.94779
chr7_gl000195_random	1	9003	182896	0.0492247
chr7_gl000195_random	2	541	182896	0.00295797
chr7_gl000195_random	3	5	182896	2.73379e-05
chr8_gl000196_random	0	38636	38914	0.992856
chr8_gl000196_random	1	256	38914	0.00657861
chr8_gl000196_random	2	22	38914	0.000565349
chr8_gl000197_random	0	37025	37175	0.995965
chr8_gl000197_random	1	150	37175	0.00403497
chr9_gl000198_random	0	86699	90085	0.962413
chr9_gl000198_random	1	3272	90085	0.0363213
chr9_gl000198_random	2	114	90085	0.00126547
chr9_gl000199_random	0	148496	169874	0.874154
chr9_gl000199_random	1	16394	169874	0.0965068
chr9_gl000199_random	2	3103	169874	0.0182665
chr9_gl000199_random	3	1080	169874	0.00635765
chr9_gl000199_random	4	392	169874	0.00230759
chr9_gl000199_random	5	103	169874	0.000606332
chr9_gl000199_random	6	37	169874	0.000217808
chr9_gl000199_random	7	46	169874	0.000270789
chr9_gl000199_random	8	67	169874	0.00039441
chr9_gl000199_random	9	15	169874	8.83007e-05
chr9_gl000199_random	10	33	169874	0.000194262
chr9_gl000199_random	11	20	169874	0.000117734
chr9_gl000199_random	12	37	169874	0.000217808
chr9_gl000199_random	13	19	169874	0.000111848
chr9_gl000199_random	14	16	169874	9.41875e-05
chr9_gl000199_random	15	10	169874	5.88672e-05
chr9_gl000199_random	16	5	169874	2.94336e-05
chr9_gl000199_random	17	1	169874	5.88672e-06
chr9_gl000200_random	0	185554	187035	0.992082
chr9_gl000200_random	1	1462	187035	0.00781672
chr9_gl000200_random	2	19	187035	0.000101585
chr9_gl000201_random	0	35848	36148	0.991701
chr9_gl000201_random	1	300	36148	0.00829921
chr11_gl000202_random	0	39653	40103	0.988779
chr11_gl000202_random	1	450	40103	0.0112211
chr17_ctg5_hap1	0	1670238	1680828	0.9937
chr17_ctg5_hap1	1	10280	1680828	0.00611603
chr17_ctg5_hap1	2	310	1680828	0.000184433
chr17_gl000203_random	0	37048	37498	0.987999
chr17_gl000203_random	1	450	37498	0.0120006
chr17_gl000204_random	0	80810	81310	0.993851
chr17_gl000204_random	1	500	81310	0.00614931
chr17_gl000205_random	0	166390	174588	0.953044
chr17_gl000205_random	1	7746	174588	0.0443673
chr17_gl000205_random	2	402	174588	0.00230256
chr17_gl000205_random	3	50	174588	0.000286389
chr17_gl000206_random	0	40458	41001	0.986756
chr17_gl000206_random	1	536	41001	0.0130729
chr17_gl000206_random	2	7	41001	0.000170728
chr19_gl000208_random	0	88883	92689	0.958938
chr19_gl000208_random	1	3540	92689	0.0381922
chr19_gl000208_random	2	238	92689	0.00256773
chr19_gl000208_random	3	28	92689	0.000302085
chr19_gl000209_random	0	158069	159169	0.993089
chr19_gl000209_random	1	1100	159169	0.00691089
chr21_gl000210_random	0	27632	27682	0.998194
chr21_gl000210_random	1	50	27682	0.00180623
chrUn_gl000211	0	164146	166566	0.985471
chrUn_gl000211	1	2340	166566	0.0140485
chrUn_gl000211	2	80	166566	0.00048029
chrUn_gl000212	0	182459	186858	0.976458
chrUn_gl000212	1	4198	186858	0.0224663
chrUn_gl000212	2	201	186858	0.00107568
chrUn_gl000213	0	162641	164239	0.99027
chrUn_gl000213	1	1446	164239	0.00880424
chrUn_gl000213	2	152	164239	0.000925481
chrUn_gl000214	0	128273	137718	0.931418
chrUn_gl000214	1	8223	137718	0.059709
chrUn_gl000214	2	980	137718	0.00711599
chrUn_gl000214	3	201	137718	0.0014595
chrUn_gl000214	4	41	137718	0.00029771
chrUn_gl000215	0	171233	172545	0.992396
chrUn_gl000215	1	1274	172545	0.00738358
chrUn_gl000215	2	38	172545	0.000220232
chrUn_gl000216	0	163580	172294	0.949424
chrUn_gl000216	1	6855	172294	0.0397866
chrUn_gl000216	2	934	172294	0.00542097
chrUn_gl000216	3	557	172294	0.00323285
chrUn_gl000216	4	237	172294	0.00137556
chrUn_gl000216	5	43	172294	0.000249573
chrUn_gl000216	6	36	172294	0.000208945
chrUn_gl000216	7	20	172294	0.000116081
chrUn_gl000216	8	10	172294	5.80403e-05
chrUn_gl000216	9	13	172294	7.54524e-05
chrUn_gl000216	10	9	172294	5.22363e-05
chrUn_gl000217	0	168495	172149	0.978774
chrUn_gl000217	1	3558	172149	0.0206681
chrUn_gl000217	2	96	172149	0.000557656
chrUn_gl000218	0	155472	161147	0.964784
chrUn_gl000218	1	5450	161147	0.0338201
chrUn_gl000218	2	225	161147	0.00139624
chrUn_gl000219	0	174710	179198	0.974955
chrUn_gl000219	1	4277	179198	0.0238675
chrUn_gl000219	2	210	179198	0.00117189
chrUn_gl000219	3	1	179198	5.58042e-06
chrUn_gl000220	0	122328	161802	0.756035
chrUn_gl000220	1	14933	161802	0.0922918
chrUn_gl000220	2	7624	161802	0.0471193
chrUn_gl000220	3	5109	161802	0.0315756
chrUn_gl000220	4	3766	161802	0.0232754
chrUn_gl000220	5	2740	161802	0.0169343
chrUn_gl000220	6	1669	161802	0.0103151
chrUn_gl000220	7	1354	161802	0.00836825
chrUn_gl000220	8	939	161802	0.00580339
chrUn_gl000220	9	574	161802	0.00354755
chrUn_gl000220	10	319	161802	0.00197155
chrUn_gl000220	11	219	161802	0.00135351
chrUn_gl000220	12	144	161802	0.000889977
chrUn_gl000220	13	52	161802	0.00032138
chrUn_gl000220	14	26	161802	0.00016069
chrUn_gl000220	15	5	161802	3.0902e-05
chrUn_gl000220	16	1	161802	6.18039e-06
chrUn_gl000221	0	151650	155397	0.975888
chrUn_gl000221	1	3544	155397	0.0228061
chrUn_gl000221	2	203	155397	0.00130633
chrUn_gl000222	0	184570	186861	0.98774
chrUn_gl000222	1	2182	186861	0.0116771
chrUn_gl000222	2	109	186861	0.000583321
chrUn_gl000223	0	178525	180455	0.989305
chrUn_gl000223	1	1860	180455	0.0103073
chrUn_gl000223	2	70	180455	0.000387908
chrUn_gl000224	0	167195	179693	0.930448
chrUn_gl000224	1	9479	179693	0.0527511
chrUn_gl000224	2	2217	179693	0.0123377
chrUn_gl000224	3	562	179693	0.00312756
chrUn_gl000224	4	160	179693	0.000890408
chrUn_gl000224	5	69	179693	0.000383988
chrUn_gl000224	6	11	179693	6.12155e-05
chrUn_gl000225	0	189047	211173	0.895223
chrUn_gl000225	1	16582	211173	0.0785233
chrUn_gl000225	2	3526	211173	0.0166972
chrUn_gl000225	3	1261	211173	0.00597141
chrUn_gl000225	4	417	211173	0.00197468
chrUn_gl000225	5	247	211173	0.00116966
chrUn_gl000225	6	72	211173	0.000340953
chrUn_gl000225	7	20	211173	9.47091e-05
chrUn_gl000225	8	1	211173	4.73545e-06
chrUn_gl000226	0	2167	15008	0.14439
chrUn_gl000226	1	1966	15008	0.130997
chrUn_gl000226	2	1830	15008	0.121935
chrUn_gl000226	3	1644	15008	0.109542
chrUn_gl000226	4	1455	15008	0.0969483
chrUn_gl000226	5	1244	15008	0.0828891
chrUn_gl000226	6	1202	15008	0.0800906
chrUn_gl000226	7	842	15008	0.0561034
chrUn_gl000226	8	554	15008	0.0369136
chrUn_gl000226	9	499	15008	0.0332489
chrUn_gl000226	10	473	15008	0.0315165
chrUn_gl000226	11	351	15008	0.0233875
chrUn_gl000226	12	304	15008	0.0202559
chrUn_gl000226	13	157	15008	0.0104611
chrUn_gl000226	14	56	15008	0.00373134
chrUn_gl000226	15	70	15008	0.00466418
chrUn_gl000226	16	60	15008	0.00399787
chrUn_gl000226	17	44	15008	0.00293177
chrUn_gl000226	18	41	15008	0.00273188
chrUn_gl000226	19	23	15008	0.00153252
chrUn_gl000226	20	22	15008	0.00146588
chrUn_gl000226	21	2	15008	0.000133262
chrUn_gl000226	22	2	15008	0.000133262
chrUn_gl000227	0	127301	128374	0.991642
chrUn_gl000227	1	1046	128374	0.00814807
chrUn_gl000227	2	27	128374	0.000210323
chrUn_gl000228	0	126013	129120	0.975937
chrUn_gl000228	1	1678	129120	0.0129957
chrUn_gl000228	2	384	129120	0.00297398
chrUn_gl000228	3	274	129120	0.00212206
chrUn_gl000228	4	222	129120	0.00171933
chrUn_gl000228	5	201	129120	0.00155669
chrUn_gl000228	6	127	129120	0.000983581
chrUn_gl000228	7	101	129120	0.000782218
chrUn_gl000228	8	61	129120	0.000472429
chrUn_gl000228	9	13	129120	0.000100682
chrUn_gl000228	10	11	129120	8.51921e-05
chrUn_gl000228	11	16	129120	0.000123916
chrUn_gl000228	12	4	129120	3.09789e-05
chrUn_gl000228	14	5	129120	3.87237e-05
chrUn_gl000228	15	1	129120	7.74473e-06
chrUn_gl000228	16	7	129120	5.42131e-05
chrUn_gl000228	17	2	129120	1.54895e-05
chrUn_gl000229	0	19304	19913	0.969417
chrUn_gl000229	1	568	19913	0.0285241
chrUn_gl000229	2	41	19913	0.00205896
chrUn_gl000230	0	42895	43691	0.981781
chrUn_gl000230	1	742	43691	0.0169829
chrUn_gl000230	2	54	43691	0.00123595
chrUn_gl000231	0	26322	27386	0.961148
chrUn_gl000231	1	928	27386	0.0338859
chrUn_gl000231	2	136	27386	0.00496604
chrUn_gl000232	0	37360	40652	0.91902
chrUn_gl000232	1	3184	40652	0.0783233
chrUn_gl000232	2	108	40652	0.0026567
chrUn_gl000233	0	45241	45941	0.984763
chrUn_gl000233	1	700	45941	0.0152369
chrUn_gl000234	0	38365	40531	0.946559
chrUn_gl000234	1	1991	40531	0.0491229
chrUn_gl000234	2	166	40531	0.00409563
chrUn_gl000234	3	9	40531	0.000222052
chrUn_gl000235	0	33421	34474	0.969455
chrUn_gl000235	1	956	34474	0.027731
chrUn_gl000235	2	97	34474	0.00281371
chrUn_gl000236	0	41313	41934	0.985191
chrUn_gl000236	1	542	41934	0.0129251
chrUn_gl000236	2	79	41934	0.00188391
chrUn_gl000237	0	44267	45867	0.965117
chrUn_gl000237	1	1550	45867	0.0337934
chrUn_gl000237	2	50	45867	0.00109011
chrUn_gl000238	0	39889	39939	0.998748
chrUn_gl000238	1	50	39939	0.00125191
chrUn_gl000239	0	32762	33824	0.968602
chrUn_gl000239	1	974	33824	0.0287961
chrUn_gl000239	2	88	33824	0.0026017
chrUn_gl000240	0	40617	41933	0.968617
chrUn_gl000240	1	1182	41933	0.0281878
chrUn_gl000240	2	134	41933	0.00319557
chrUn_gl000241	0	39821	42152	0.9447
chrUn_gl000241	1	2140	42152	0.0507686
chrUn_gl000241	2	163	42152	0.00386696
chrUn_gl000241	3	28	42152	0.000664263
chrUn_gl000242	0	42834	43523	0.984169
chrUn_gl000242	1	678	43523	0.015578
chrUn_gl000242	2	11	43523	0.00025274
chrUn_gl000243	0	42163	43341	0.97282
chrUn_gl000243	1	1156	43341	0.0266722
chrUn_gl000243	2	22	43341	0.000507603
chrUn_gl000244	0	39479	39929	0.98873
chrUn_gl000244	1	400	39929	0.0100178
chrUn_gl000244	2	50	39929	0.00125222
chrUn_gl000245	0	35522	36651	0.969196
chrUn_gl000245	1	1058	36651	0.0288669
chrUn_gl000245	2	71	36651	0.00193719
chrUn_gl000246	0	37904	38154	0.993448
chrUn_gl000246	1	250	38154	0.00655239
chrUn_gl000247	0	35950	36422	0.987041
chrUn_gl000247	1	444	36422	0.0121904
chrUn_gl000247	2	28	36422	0.000768766
chrUn_gl000248	0	39636	39786	0.99623
chrUn_gl000248	1	150	39786	0.00377017
chrUn_gl000249	0	38452	38502	0.998701
chrUn_gl000249	1	50	38502	0.00129863
chr18_gl000207_random	0	4262	4262	1
genome	0	3099219471	3137161264	0.987906
genome	1	36574072	3137161264	0.0116583
genome	2	1225604	3137161264	0.000390673
genome	3	55100	3137161264	1.75636e-05
genome	4	19638	3137161264	6.2598e-06
genome	5	13420	3137161264	4.27775e-06
genome	6	9414	3137161264	3.0008e-06
genome	7	7369	3137161264	2.34894e-06
genome	8	5590	3137161264	1.78187e-06
genome	9	4951	3137161264	1.57818e-06
genome	10	4305	3137161264	1.37226e-06
genome	11	3483	3137161264	1.11024e-06
genome	12	3351	3137161264	1.06816e-06
genome	13	2773	3137161264	8.8392e-07
genome	14	2120	3137161264	6.7577e-07
genome	15	1847	3137161264	5.88749e-07
genome	16	1551	3137161264	4.94396e-07
genome	17	1250	3137161264	3.98449e-07
genome	18	944	3137161264	3.00909e-07
genome	19	709	3137161264	2.26e-07
genome	20	490	3137161264	1.56192e-07
genome	21	476	3137161264	1.5173e-07
genome	22	321	3137161264	1.02322e-07
genome	23	248	3137161264	7.90524e-08
genome	24	244	3137161264	7.77773e-08
genome	25	255	3137161264	8.12837e-08
genome	26	172	3137161264	5.48266e-08
genome	27	142	3137161264	4.52639e-08
genome	28	94	3137161264	2.99634e-08
genome	29	72	3137161264	2.29507e-08
genome	30	69	3137161264	2.19944e-08
genome	31	71	3137161264	2.26319e-08
genome	32	71	3137161264	2.26319e-08
genome	33	58	3137161264	1.84881e-08
genome	34	68	3137161264	2.16756e-08
genome	35	56	3137161264	1.78505e-08
genome	36	65	3137161264	2.07194e-08
genome	37	55	3137161264	1.75318e-08
genome	38	59	3137161264	1.88068e-08
genome	39	42	3137161264	1.33879e-08
genome	40	25	3137161264	7.96899e-09
genome	41	56	3137161264	1.78505e-08
genome	42	59	3137161264	1.88068e-08
genome	43	69	3137161264	2.19944e-08
genome	44	38	3137161264	1.21129e-08
genome	45	31	3137161264	9.88155e-09
genome	46	21	3137161264	6.69395e-09
genome	47	22	3137161264	7.01271e-09
genome	48	22	3137161264	7.01271e-09
genome	49	17	3137161264	5.41891e-09
genome	50	18	3137161264	5.73767e-09
genome	51	24	3137161264	7.65023e-09
genome	52	13	3137161264	4.14387e-09
genome	53	21	3137161264	6.69395e-09
genome	54	18	3137161264	5.73767e-09
genome	55	14	3137161264	4.46263e-09
genome	56	10	3137161264	3.1876e-09
genome	57	21	3137161264	6.69395e-09
genome	58	14	3137161264	4.46263e-09
genome	59	15	3137161264	4.78139e-09
genome	60	11	3137161264	3.50635e-09
genome	61	8	3137161264	2.55008e-09
genome	62	9	3137161264	2.86884e-09
genome	63	24	3137161264	7.65023e-09
genome	64	6	3137161264	1.91256e-09
genome	65	20	3137161264	6.37519e-09
genome	66	11	3137161264	3.50635e-09
genome	67	12	3137161264	3.82511e-09
genome	68	10	3137161264	3.1876e-09
genome	69	9	3137161264	2.86884e-09
genome	70	7	3137161264	2.23132e-09
genome	71	9	3137161264	2.86884e-09
genome	72	6	3137161264	1.91256e-09
genome	73	10	3137161264	3.1876e-09
genome	74	4	3137161264	1.27504e-09
genome	75	12	3137161264	3.82511e-09
genome	76	13	3137161264	4.14387e-09
genome	77	13	3137161264	4.14387e-09
genome	78	10	3137161264	3.1876e-09
genome	79	10	3137161264	3.1876e-09
genome	80	9	3137161264	2.86884e-09
genome	81	6	3137161264	1.91256e-09
genome	82	10	3137161264	3.1876e-09
genome	83	11	3137161264	3.50635e-09
genome	84	6	3137161264	1.91256e-09
genome	85	16	3137161264	5.10015e-09
genome	86	14	3137161264	4.46263e-09
genome	87	5	3137161264	1.5938e-09
genome	88	5	3137161264	1.5938e-09
genome	89	7	3137161264	2.23132e-09
genome	91	8	3137161264	2.55008e-09
genome	92	5	3137161264	1.5938e-09
genome	93	5	3137161264	1.5938e-09
genome	94	4	3137161264	1.27504e-09
genome	95	3	3137161264	9.56279e-10
genome	97	5	3137161264	1.5938e-09
genome	98	2	3137161264	6.37519e-10
genome	99	3	3137161264	9.56279e-10
genome	100	3	3137161264	9.56279e-10
genome	101	3	3137161264	9.56279e-10
genome	102	3	3137161264	9.56279e-10
genome	103	1	3137161264	3.1876e-10
genome	104	2	3137161264	6.37519e-10
genome	105	3	3137161264	9.56279e-10
genome	106	2	3137161264	6.37519e-10
genome	107	5	3137161264	1.5938e-09
genome	108	1	3137161264	3.1876e-10
genome	109	3	3137161264	9.56279e-10
genome	110	5	3137161264	1.5938e-09
genome	111	3	3137161264	9.56279e-10
genome	112	6	3137161264	1.91256e-09
genome	113	3	3137161264	9.56279e-10
genome	114	8	3137161264	2.55008e-09
genome	115	1	3137161264	3.1876e-10
genome	116	1	3137161264	3.1876e-10
genome	121	3	3137161264	9.56279e-10
genome	123	1	3137161264	3.1876e-10
genome	124	2	3137161264	6.37519e-10
genome	125	3	3137161264	9.56279e-10
genome	126	2	3137161264	6.37519e-10
genome	127	5	3137161264	1.5938e-09
genome	128	6	3137161264	1.91256e-09
genome	129	3	3137161264	9.56279e-10
genome	130	5	3137161264	1.5938e-09
genome	131	2	3137161264	6.37519e-10
genome	132	6	3137161264	1.91256e-09
genome	133	5	3137161264	1.5938e-09
genome	134	7	3137161264	2.23132e-09
genome	135	4	3137161264	1.27504e-09
genome	136	2	3137161264	6.37519e-10
genome	137	3	3137161264	9.56279e-10
genome	140	4	3137161264	1.27504e-09
genome	141	4	3137161264	1.27504e-09
genome	142	3	3137161264	9.56279e-10
genome	143	2	3137161264	6.37519e-10
genome	144	4	3137161264	1.27504e-09
genome	145	5	3137161264	1.5938e-09
genome	146	4	3137161264	1.27504e-09
genome	147	5	3137161264	1.5938e-09
genome	148	6	3137161264	1.91256e-09
genome	149	2	3137161264	6.37519e-10
genome	150	3	3137161264	9.56279e-10
genome	151	4	3137161264	1.27504e-09
genome	152	6	3137161264	1.91256e-09
genome	153	5	3137161264	1.5938e-09
genome	154	2	3137161264	6.37519e-10
genome	155	7	3137161264	2.23132e-09
genome	156	3	3137161264	9.56279e-10
genome	157	13	3137161264	4.14387e-09
genome	158	3	3137161264	9.56279e-10
genome	159	4	3137161264	1.27504e-09
genome	160	2	3137161264	6.37519e-10
genome	161	5	3137161264	1.5938e-09
genome	162	1	3137161264	3.1876e-10
genome	163	4	3137161264	1.27504e-09
genome	165	2	3137161264	6.37519e-10
genome	166	2	3137161264	6.37519e-10
genome	167	3	3137161264	9.56279e-10
genome	168	3	3137161264	9.56279e-10
genome	169	7	3137161264	2.23132e-09
genome	170	6	3137161264	1.91256e-09
genome	171	5	3137161264	1.5938e-09
genome	172	13	3137161264	4.14387e-09
genome	173	1	3137161264	3.1876e-10
genome	174	6	3137161264	1.91256e-09
genome	175	5	3137161264	1.5938e-09
genome	176	3	3137161264	9.56279e-10
genome	177	5	3137161264	1.5938e-09
genome	178	1	3137161264	3.1876e-10
genome	179	1	3137161264	3.1876e-10
genome	180	4	3137161264	1.27504e-09
genome	182	2	3137161264	6.37519e-10
genome	183	1	3137161264	3.1876e-10
genome	185	1	3137161264	3.1876e-10
genome	186	4	3137161264	1.27504e-09
genome	187	2	3137161264	6.37519e-10
genome	189	1	3137161264	3.1876e-10
genome	194	4	3137161264	1.27504e-09
genome	195	3	3137161264	9.56279e-10
genome	196	1	3137161264	3.1876e-10
genome	197	3	3137161264	9.56279e-10
genome	198	1	3137161264	3.1876e-10
genome	200	1	3137161264	3.1876e-10
genome	201	2	3137161264	6.37519e-10
genome	204	1	3137161264	3.1876e-10
genome	206	1	3137161264	3.1876e-10
