chrM	1	5	16571	0.000301732
chrM	2	74	16571	0.00446563
chrM	3	94	16571	0.00567256
chrM	4	222	16571	0.0133969
chrM	5	372	16571	0.0224489
chrM	6	548	16571	0.0330698
chrM	7	727	16571	0.0438718
chrM	8	961	16571	0.0579929
chrM	9	1255	16571	0.0757347
chrM	10	1500	16571	0.0905196
chrM	11	1559	16571	0.09408
chrM	12	1614	16571	0.0973991
chrM	13	1483	16571	0.0894937
chrM	14	1235	16571	0.0745278
chrM	15	1086	16571	0.0655362
chrM	16	915	16571	0.0552169
chrM	17	785	16571	0.0473719
chrM	18	652	16571	0.0393458
chrM	19	445	16571	0.0268541
chrM	20	330	16571	0.0199143
chrM	21	237	16571	0.0143021
chrM	22	191	16571	0.0115262
chrM	23	105	16571	0.00633637
chrM	24	77	16571	0.00464667
chrM	25	50	16571	0.00301732
chrM	26	24	16571	0.00144831
chrM	27	15	16571	0.000905196
chrM	28	8	16571	0.000482771
chrM	30	2	16571	0.000120693
chr1	0	246433419	249250621	0.988697
chr1	1	2753672	249250621	0.0110478
chr1	2	59613	249250621	0.000239169
chr1	3	1594	249250621	6.39517e-06
chr1	4	523	249250621	2.09829e-06
chr1	5	236	249250621	9.46838e-07
chr1	6	161	249250621	6.45936e-07
chr1	7	79	249250621	3.1695e-07
chr1	8	37	249250621	1.48445e-07
chr1	9	90	249250621	3.61082e-07
chr1	10	21	249250621	8.42525e-08
chr1	11	9	249250621	3.61082e-08
chr1	12	17	249250621	6.82044e-08
chr1	13	7	249250621	2.80842e-08
chr1	14	11	249250621	4.41323e-08
chr1	15	11	249250621	4.41323e-08
chr1	16	3	249250621	1.20361e-08
chr1	17	11	249250621	4.41323e-08
chr1	19	1	249250621	4.01203e-09
chr1	20	12	249250621	4.81443e-08
chr1	21	35	249250621	1.40421e-07
chr1	22	22	249250621	8.82646e-08
chr1	23	16	249250621	6.41924e-08
chr1	24	8	249250621	3.20962e-08
chr1	25	17	249250621	6.82044e-08
chr1	26	11	249250621	4.41323e-08
chr1	27	23	249250621	9.22766e-08
chr1	28	15	249250621	6.01804e-08
chr1	29	9	249250621	3.61082e-08
chr1	30	10	249250621	4.01203e-08
chr1	31	8	249250621	3.20962e-08
chr1	32	19	249250621	7.62285e-08
chr1	33	5	249250621	2.00601e-08
chr1	34	11	249250621	4.41323e-08
chr1	35	17	249250621	6.82044e-08
chr1	36	12	249250621	4.81443e-08
chr1	37	11	249250621	4.41323e-08
chr1	38	6	249250621	2.40722e-08
chr1	39	14	249250621	5.61684e-08
chr1	40	4	249250621	1.60481e-08
chr1	41	14	249250621	5.61684e-08
chr1	42	22	249250621	8.82646e-08
chr1	43	16	249250621	6.41924e-08
chr1	44	23	249250621	9.22766e-08
chr1	45	19	249250621	7.62285e-08
chr1	46	24	249250621	9.62886e-08
chr1	47	22	249250621	8.82646e-08
chr1	48	35	249250621	1.40421e-07
chr1	49	27	249250621	1.08325e-07
chr1	50	26	249250621	1.04313e-07
chr1	51	24	249250621	9.62886e-08
chr1	52	8	249250621	3.20962e-08
chr1	53	5	249250621	2.00601e-08
chr1	54	12	249250621	4.81443e-08
chr1	55	4	249250621	1.60481e-08
chr1	56	9	249250621	3.61082e-08
chr1	57	10	249250621	4.01203e-08
chr1	58	10	249250621	4.01203e-08
chr1	59	9	249250621	3.61082e-08
chr1	60	4	249250621	1.60481e-08
chr1	61	3	249250621	1.20361e-08
chr1	62	5	249250621	2.00601e-08
chr1	63	7	249250621	2.80842e-08
chr1	64	8	249250621	3.20962e-08
chr1	65	6	249250621	2.40722e-08
chr1	66	8	249250621	3.20962e-08
chr1	67	4	249250621	1.60481e-08
chr1	68	12	249250621	4.81443e-08
chr1	69	8	249250621	3.20962e-08
chr1	70	2	249250621	8.02405e-09
chr1	71	8	249250621	3.20962e-08
chr1	72	9	249250621	3.61082e-08
chr1	73	7	249250621	2.80842e-08
chr1	74	5	249250621	2.00601e-08
chr1	75	2	249250621	8.02405e-09
chr1	76	3	249250621	1.20361e-08
chr1	77	9	249250621	3.61082e-08
chr1	78	6	249250621	2.40722e-08
chr1	79	2	249250621	8.02405e-09
chr1	80	1	249250621	4.01203e-09
chr1	81	5	249250621	2.00601e-08
chr1	82	4	249250621	1.60481e-08
chr1	83	2	249250621	8.02405e-09
chr1	84	8	249250621	3.20962e-08
chr1	85	3	249250621	1.20361e-08
chr1	86	5	249250621	2.00601e-08
chr1	87	1	249250621	4.01203e-09
chr1	88	2	249250621	8.02405e-09
chr1	90	1	249250621	4.01203e-09
chr1	91	7	249250621	2.80842e-08
chr1	92	3	249250621	1.20361e-08
chr1	93	12	249250621	4.81443e-08
chr1	94	18	249250621	7.22165e-08
chr1	95	9	249250621	3.61082e-08
chr1	96	3	249250621	1.20361e-08
chr1	97	9	249250621	3.61082e-08
chr1	98	11	249250621	4.41323e-08
chr1	99	6	249250621	2.40722e-08
chr1	100	1	249250621	4.01203e-09
chr1	101	5	249250621	2.00601e-08
chr1	102	7	249250621	2.80842e-08
chr1	103	5	249250621	2.00601e-08
chr1	104	2	249250621	8.02405e-09
chr1	105	4	249250621	1.60481e-08
chr1	106	3	249250621	1.20361e-08
chr1	107	5	249250621	2.00601e-08
chr1	108	3	249250621	1.20361e-08
chr1	109	3	249250621	1.20361e-08
chr1	110	5	249250621	2.00601e-08
chr1	111	3	249250621	1.20361e-08
chr1	112	5	249250621	2.00601e-08
chr1	113	4	249250621	1.60481e-08
chr1	114	4	249250621	1.60481e-08
chr1	116	3	249250621	1.20361e-08
chr1	117	5	249250621	2.00601e-08
chr1	118	5	249250621	2.00601e-08
chr1	119	2	249250621	8.02405e-09
chr1	120	3	249250621	1.20361e-08
chr1	121	5	249250621	2.00601e-08
chr1	122	3	249250621	1.20361e-08
chr1	123	1	249250621	4.01203e-09
chr1	124	2	249250621	8.02405e-09
chr1	125	4	249250621	1.60481e-08
chr1	126	2	249250621	8.02405e-09
chr1	127	8	249250621	3.20962e-08
chr1	128	3	249250621	1.20361e-08
chr1	129	7	249250621	2.80842e-08
chr1	130	8	249250621	3.20962e-08
chr1	131	10	249250621	4.01203e-08
chr1	132	7	249250621	2.80842e-08
chr1	133	3	249250621	1.20361e-08
chr1	134	6	249250621	2.40722e-08
chr1	135	4	249250621	1.60481e-08
chr1	136	7	249250621	2.80842e-08
chr1	137	8	249250621	3.20962e-08
chr1	138	5	249250621	2.00601e-08
chr1	139	10	249250621	4.01203e-08
chr1	140	12	249250621	4.81443e-08
chr1	141	7	249250621	2.80842e-08
chr1	142	5	249250621	2.00601e-08
chr1	143	7	249250621	2.80842e-08
chr1	144	1	249250621	4.01203e-09
chr1	145	3	249250621	1.20361e-08
chr1	146	4	249250621	1.60481e-08
chr1	147	7	249250621	2.80842e-08
chr1	148	1	249250621	4.01203e-09
chr1	149	8	249250621	3.20962e-08
chr1	150	8	249250621	3.20962e-08
chr1	151	3	249250621	1.20361e-08
chr1	152	9	249250621	3.61082e-08
chr1	153	6	249250621	2.40722e-08
chr1	154	4	249250621	1.60481e-08
chr1	155	1	249250621	4.01203e-09
chr1	156	1	249250621	4.01203e-09
chr1	158	2	249250621	8.02405e-09
chr1	160	2	249250621	8.02405e-09
chr1	161	1	249250621	4.01203e-09
chr1	162	2	249250621	8.02405e-09
chr2	0	240000767	243199373	0.986848
chr2	1	3115558	243199373	0.0128107
chr2	2	74930	243199373	0.000308101
chr2	3	3607	243199373	1.48315e-05
chr2	4	1396	243199373	5.74015e-06
chr2	5	1147	243199373	4.71629e-06
chr2	6	612	243199373	2.51645e-06
chr2	7	411	243199373	1.68997e-06
chr2	8	230	243199373	9.45726e-07
chr2	9	211	243199373	8.67601e-07
chr2	10	101	243199373	4.15297e-07
chr2	11	68	243199373	2.79606e-07
chr2	12	52	243199373	2.13816e-07
chr2	13	72	243199373	2.96053e-07
chr2	14	43	243199373	1.7681e-07
chr2	15	60	243199373	2.46711e-07
chr2	16	25	243199373	1.02796e-07
chr2	17	14	243199373	5.75659e-08
chr2	18	2	243199373	8.22371e-09
chr2	19	16	243199373	6.57896e-08
chr2	20	11	243199373	4.52304e-08
chr2	21	1	243199373	4.11185e-09
chr2	22	12	243199373	4.93422e-08
chr2	23	8	243199373	3.28948e-08
chr2	24	8	243199373	3.28948e-08
chr2	25	11	243199373	4.52304e-08
chr3	0	195457658	198022430	0.987048
chr3	1	2512303	198022430	0.012687
chr3	2	51608	198022430	0.000260617
chr3	3	760	198022430	3.83795e-06
chr3	4	29	198022430	1.46448e-07
chr3	5	5	198022430	2.52497e-08
chr3	6	20	198022430	1.00999e-07
chr3	7	13	198022430	6.56491e-08
chr3	8	7	198022430	3.53495e-08
chr3	9	27	198022430	1.36348e-07
chr4	0	188756615	191154276	0.987457
chr4	1	2347688	191154276	0.0122816
chr4	2	48166	191154276	0.000251975
chr4	3	1390	191154276	7.27161e-06
chr4	4	331	191154276	1.73159e-06
chr4	5	80	191154276	4.1851e-07
chr4	6	6	191154276	3.13883e-08
chr5	0	178263580	180915260	0.985343
chr5	1	2592828	180915260	0.0143317
chr5	2	55894	180915260	0.000308951
chr5	3	1292	180915260	7.14146e-06
chr5	4	198	180915260	1.09443e-06
chr5	5	174	180915260	9.61776e-07
chr5	6	206	180915260	1.13865e-06
chr5	7	272	180915260	1.50347e-06
chr5	8	257	180915260	1.42055e-06
chr5	9	190	180915260	1.05022e-06
chr5	10	168	180915260	9.28612e-07
chr5	11	101	180915260	5.58272e-07
chr5	12	54	180915260	2.98482e-07
chr5	13	43	180915260	2.3768e-07
chr5	14	3	180915260	1.65823e-08
chr6	0	168840589	171115067	0.986708
chr6	1	2224480	171115067	0.0129999
chr6	2	45696	171115067	0.000267048
chr6	3	1018	171115067	5.94921e-06
chr6	4	94	171115067	5.49338e-07
chr6	5	121	171115067	7.07127e-07
chr6	6	195	171115067	1.13958e-06
chr6	7	85	171115067	4.96742e-07
chr6	8	150	171115067	8.76603e-07
chr6	9	257	171115067	1.50191e-06
chr6	10	217	171115067	1.26815e-06
chr6	11	223	171115067	1.30322e-06
chr6	12	269	171115067	1.57204e-06
chr6	13	327	171115067	1.91099e-06
chr6	14	248	171115067	1.44932e-06
chr6	15	213	171115067	1.24478e-06
chr6	16	171	171115067	9.99328e-07
chr6	17	218	171115067	1.274e-06
chr6	18	166	171115067	9.70107e-07
chr6	19	98	171115067	5.72714e-07
chr6	20	73	171115067	4.26613e-07
chr6	21	45	171115067	2.62981e-07
chr6	22	19	171115067	1.11036e-07
chr6	23	24	171115067	1.40256e-07
chr6	24	27	171115067	1.57789e-07
chr6	25	18	171115067	1.05192e-07
chr6	26	6	171115067	3.50641e-08
chr6	27	5	171115067	2.92201e-08
chr6	28	3	171115067	1.75321e-08
chr6	29	5	171115067	2.92201e-08
chr6	30	6	171115067	3.50641e-08
chr6	31	1	171115067	5.84402e-09
chr7	0	157094812	159138663	0.987157
chr7	1	1998045	159138663	0.0125554
chr7	2	43537	159138663	0.000273579
chr7	3	771	159138663	4.84483e-06
chr7	4	136	159138663	8.54601e-07
chr7	5	79	159138663	4.96422e-07
chr7	6	97	159138663	6.09531e-07
chr7	7	73	159138663	4.58719e-07
chr7	8	58	159138663	3.64462e-07
chr7	9	48	159138663	3.01624e-07
chr7	10	94	159138663	5.9068e-07
chr7	11	74	159138663	4.65003e-07
chr7	12	54	159138663	3.39327e-07
chr7	13	57	159138663	3.58178e-07
chr7	14	32	159138663	2.01083e-07
chr7	15	24	159138663	1.50812e-07
chr7	16	45	159138663	2.82772e-07
chr7	17	45	159138663	2.82772e-07
chr7	18	65	159138663	4.08449e-07
chr7	19	50	159138663	3.14191e-07
chr7	20	32	159138663	2.01083e-07
chr7	21	42	159138663	2.63921e-07
chr7	22	55	159138663	3.45611e-07
chr7	23	62	159138663	3.89597e-07
chr7	24	46	159138663	2.89056e-07
chr7	25	51	159138663	3.20475e-07
chr7	26	44	159138663	2.76488e-07
chr7	27	28	159138663	1.75947e-07
chr7	28	20	159138663	1.25677e-07
chr7	29	6	159138663	3.7703e-08
chr7	30	9	159138663	5.65545e-08
chr7	31	11	159138663	6.91221e-08
chr7	32	13	159138663	8.16898e-08
chr7	33	5	159138663	3.14191e-08
chr7	34	10	159138663	6.28383e-08
chr7	35	10	159138663	6.28383e-08
chr7	36	2	159138663	1.25677e-08
chr7	38	1	159138663	6.28383e-09
chr7	39	4	159138663	2.51353e-08
chr7	40	6	159138663	3.7703e-08
chr7	41	1	159138663	6.28383e-09
chr7	42	6	159138663	3.7703e-08
chr7	44	3	159138663	1.88515e-08
chr8	0	144254783	146364022	0.985589
chr8	1	2056386	146364022	0.0140498
chr8	2	47750	146364022	0.000326241
chr8	3	2751	146364022	1.87956e-05
chr8	4	1195	146364022	8.16457e-06
chr8	5	508	146364022	3.4708e-06
chr8	6	314	146364022	2.14534e-06
chr8	7	172	146364022	1.17515e-06
chr8	8	65	146364022	4.44098e-07
chr8	9	8	146364022	5.46582e-08
chr8	10	32	146364022	2.18633e-07
chr8	11	21	146364022	1.43478e-07
chr8	12	10	146364022	6.83228e-08
chr8	13	8	146364022	5.46582e-08
chr8	14	8	146364022	5.46582e-08
chr8	15	2	146364022	1.36646e-08
chr8	16	9	146364022	6.14905e-08
chr9	0	139662658	141213431	0.989018
chr9	1	1515478	141213431	0.0107318
chr9	2	34328	141213431	0.000243093
chr9	3	658	141213431	4.65961e-06
chr9	4	93	141213431	6.58578e-07
chr9	5	108	141213431	7.648e-07
chr9	6	60	141213431	4.24889e-07
chr9	7	8	141213431	5.66518e-08
chr9	8	2	141213431	1.4163e-08
chr9	9	35	141213431	2.47852e-07
chr9	11	3	141213431	2.12444e-08
chr10	0	133718496	135534747	0.986599
chr10	1	1760411	135534747	0.0129886
chr10	2	44532	135534747	0.000328565
chr10	3	2991	135534747	2.20681e-05
chr10	4	1570	135534747	1.15837e-05
chr10	5	1158	135534747	8.54393e-06
chr10	6	823	135534747	6.07224e-06
chr10	7	804	135534747	5.93206e-06
chr10	8	536	135534747	3.95471e-06
chr10	9	489	135534747	3.60793e-06
chr10	10	363	135534747	2.67828e-06
chr10	11	273	135534747	2.01424e-06
chr10	12	229	135534747	1.6896e-06
chr10	13	188	135534747	1.3871e-06
chr10	14	270	135534747	1.99211e-06
chr10	15	175	135534747	1.29118e-06
chr10	16	127	135534747	9.37029e-07
chr10	17	136	135534747	1.00343e-06
chr10	18	101	135534747	7.45196e-07
chr10	19	91	135534747	6.71415e-07
chr10	20	107	135534747	7.89465e-07
chr10	21	105	135534747	7.74709e-07
chr10	22	85	135534747	6.27145e-07
chr10	23	92	135534747	6.78793e-07
chr10	24	75	135534747	5.53364e-07
chr10	25	74	135534747	5.45985e-07
chr10	26	66	135534747	4.8696e-07
chr10	27	39	135534747	2.87749e-07
chr10	28	37	135534747	2.72993e-07
chr10	29	31	135534747	2.28724e-07
chr10	30	43	135534747	3.17262e-07
chr10	31	31	135534747	2.28724e-07
chr10	32	28	135534747	2.06589e-07
chr10	33	33	135534747	2.4348e-07
chr10	34	17	135534747	1.25429e-07
chr10	35	20	135534747	1.47564e-07
chr10	36	25	135534747	1.84455e-07
chr10	37	24	135534747	1.77076e-07
chr10	38	13	135534747	9.59164e-08
chr10	39	5	135534747	3.68909e-08
chr10	40	7	135534747	5.16473e-08
chr10	41	8	135534747	5.90255e-08
chr10	42	5	135534747	3.68909e-08
chr10	43	8	135534747	5.90255e-08
chr10	44	3	135534747	2.21345e-08
chr10	45	2	135534747	1.47564e-08
chr10	46	1	135534747	7.37818e-09
chr11	0	133252923	135006516	0.987011
chr11	1	1712576	135006516	0.0126851
chr11	2	38615	135006516	0.000286023
chr11	3	1026	135006516	7.59963e-06
chr11	4	301	135006516	2.22952e-06
chr11	5	196	135006516	1.45178e-06
chr11	6	155	135006516	1.14809e-06
chr11	7	142	135006516	1.0518e-06
chr11	8	137	135006516	1.01477e-06
chr11	9	54	135006516	3.99981e-07
chr11	10	78	135006516	5.7775e-07
chr11	11	80	135006516	5.92564e-07
chr11	12	119	135006516	8.81439e-07
chr11	13	23	135006516	1.70362e-07
chr11	14	28	135006516	2.07397e-07
chr11	15	61	135006516	4.5183e-07
chr11	16	2	135006516	1.48141e-08
chr12	0	132036205	133851895	0.986435
chr12	1	1773377	133851895	0.0132488
chr12	2	41288	133851895	0.00030846
chr12	3	603	133851895	4.50498e-06
chr12	4	79	133851895	5.90205e-07
chr12	5	73	133851895	5.45379e-07
chr12	6	100	133851895	7.47094e-07
chr12	7	87	133851895	6.49972e-07
chr12	8	57	133851895	4.25844e-07
chr12	9	20	133851895	1.49419e-07
chr12	10	4	133851895	2.98838e-08
chr12	11	2	133851895	1.49419e-08
chr13	0	114016949	115169878	0.989989
chr13	1	1130639	115169878	0.00981714
chr13	2	21881	115169878	0.000189989
chr13	3	352	115169878	3.05635e-06
chr13	4	8	115169878	6.94626e-08
chr13	5	33	115169878	2.86533e-07
chr13	6	16	115169878	1.38925e-07
chr14	0	106249997	107349540	0.989757
chr14	1	1076843	107349540	0.0100312
chr14	2	22243	107349540	0.000207202
chr14	3	457	107349540	4.25712e-06
chr15	0	101507540	102531392	0.990014
chr15	1	1000771	102531392	0.00976063
chr15	2	22714	102531392	0.000221532
chr15	3	367	102531392	3.57939e-06
chr16	0	89238167	90354753	0.987642
chr16	1	1073818	90354753	0.0118845
chr16	2	32791	90354753	0.000362914
chr16	3	4677	90354753	5.17626e-05
chr16	4	2215	90354753	2.45145e-05
chr16	5	1133	90354753	1.25395e-05
chr16	6	529	90354753	5.8547e-06
chr16	7	460	90354753	5.09104e-06
chr16	8	371	90354753	4.10604e-06
chr16	9	189	90354753	2.09176e-06
chr16	10	141	90354753	1.56052e-06
chr16	11	137	90354753	1.51625e-06
chr16	12	51	90354753	5.64442e-07
chr16	13	23	90354753	2.54552e-07
chr16	14	7	90354753	7.74724e-08
chr16	15	18	90354753	1.99215e-07
chr16	16	14	90354753	1.54945e-07
chr16	17	5	90354753	5.53374e-08
chr16	18	7	90354753	7.74724e-08
chr17	0	80127044	81195210	0.986844
chr17	1	1036223	81195210	0.0127621
chr17	2	27895	81195210	0.000343555
chr17	3	1420	81195210	1.74887e-05
chr17	4	625	81195210	7.6975e-06
chr17	5	467	81195210	5.75157e-06
chr17	6	383	81195210	4.71703e-06
chr17	7	367	81195210	4.51997e-06
chr17	8	209	81195210	2.57404e-06
chr17	9	112	81195210	1.37939e-06
chr17	10	54	81195210	6.65064e-07
chr17	11	52	81195210	6.40432e-07
chr17	12	54	81195210	6.65064e-07
chr17	13	46	81195210	5.66536e-07
chr17	14	32	81195210	3.94112e-07
chr17	15	41	81195210	5.04956e-07
chr17	16	13	81195210	1.60108e-07
chr17	17	19	81195210	2.34004e-07
chr17	18	16	81195210	1.97056e-07
chr17	19	12	81195210	1.47792e-07
chr17	20	26	81195210	3.20216e-07
chr17	21	19	81195210	2.34004e-07
chr17	22	6	81195210	7.3896e-08
chr17	23	16	81195210	1.97056e-07
chr17	24	4	81195210	4.9264e-08
chr17	25	4	81195210	4.9264e-08
chr17	27	3	81195210	3.6948e-08
chr17	28	9	81195210	1.10844e-07
chr17	31	6	81195210	7.3896e-08
chr17	32	7	81195210	8.6212e-08
chr17	33	5	81195210	6.158e-08
chr17	34	9	81195210	1.10844e-07
chr17	35	3	81195210	3.6948e-08
chr17	37	1	81195210	1.2316e-08
chr17	38	6	81195210	7.3896e-08
chr17	39	2	81195210	2.4632e-08
chr18	0	77038181	78077248	0.986692
chr18	1	1012851	78077248	0.0129724
chr18	2	23009	78077248	0.000294695
chr18	3	1176	78077248	1.5062e-05
chr18	4	662	78077248	8.47878e-06
chr18	5	462	78077248	5.91722e-06
chr18	6	285	78077248	3.65023e-06
chr18	7	180	78077248	2.30541e-06
chr18	8	135	78077248	1.72906e-06
chr18	9	63	78077248	8.06893e-07
chr18	10	75	78077248	9.60587e-07
chr18	11	51	78077248	6.53199e-07
chr18	12	38	78077248	4.86698e-07
chr18	13	31	78077248	3.97043e-07
chr18	14	33	78077248	4.22658e-07
chr18	15	11	78077248	1.40886e-07
chr18	16	4	78077248	5.12313e-08
chr18	17	1	78077248	1.28078e-08
chr19	0	58398162	59128983	0.98764
chr19	1	708700	59128983	0.0119857
chr19	2	19194	59128983	0.000324612
chr19	3	873	59128983	1.47643e-05
chr19	4	383	59128983	6.47736e-06
chr19	5	187	59128983	3.16258e-06
chr19	6	197	59128983	3.3317e-06
chr19	7	169	59128983	2.85816e-06
chr19	8	89	59128983	1.50518e-06
chr19	9	102	59128983	1.72504e-06
chr19	10	90	59128983	1.5221e-06
chr19	11	90	59128983	1.5221e-06
chr19	12	41	59128983	6.93399e-07
chr19	13	44	59128983	7.44136e-07
chr19	14	45	59128983	7.61048e-07
chr19	15	73	59128983	1.23459e-06
chr19	16	51	59128983	8.62521e-07
chr19	17	30	59128983	5.07365e-07
chr19	18	27	59128983	4.56629e-07
chr19	19	4	59128983	6.76487e-08
chr19	20	31	59128983	5.24278e-07
chr19	21	23	59128983	3.8898e-07
chr19	22	8	59128983	1.35297e-07
chr19	23	6	59128983	1.01473e-07
chr19	24	12	59128983	2.02946e-07
chr19	25	12	59128983	2.02946e-07
chr19	26	10	59128983	1.69122e-07
chr19	27	14	59128983	2.36771e-07
chr19	28	14	59128983	2.36771e-07
chr19	29	17	59128983	2.87507e-07
chr19	30	31	59128983	5.24278e-07
chr19	31	18	59128983	3.04419e-07
chr19	32	14	59128983	2.36771e-07
chr19	33	13	59128983	2.19858e-07
chr19	34	6	59128983	1.01473e-07
chr19	35	13	59128983	2.19858e-07
chr19	36	2	59128983	3.38244e-08
chr19	37	4	59128983	6.76487e-08
chr19	38	3	59128983	5.07365e-08
chr19	39	6	59128983	1.01473e-07
chr19	40	8	59128983	1.35297e-07
chr19	41	4	59128983	6.76487e-08
chr19	42	10	59128983	1.69122e-07
chr19	43	4	59128983	6.76487e-08
chr19	44	2	59128983	3.38244e-08
chr19	45	5	59128983	8.45609e-08
chr19	46	7	59128983	1.18385e-07
chr19	47	2	59128983	3.38244e-08
chr19	48	4	59128983	6.76487e-08
chr19	49	7	59128983	1.18385e-07
chr19	50	6	59128983	1.01473e-07
chr19	51	3	59128983	5.07365e-08
chr19	52	2	59128983	3.38244e-08
chr19	53	2	59128983	3.38244e-08
chr19	54	3	59128983	5.07365e-08
chr19	55	6	59128983	1.01473e-07
chr19	56	6	59128983	1.01473e-07
chr19	57	3	59128983	5.07365e-08
chr19	58	2	59128983	3.38244e-08
chr19	60	10	59128983	1.69122e-07
chr19	61	10	59128983	1.69122e-07
chr19	62	3	59128983	5.07365e-08
chr19	63	8	59128983	1.35297e-07
chr19	64	6	59128983	1.01473e-07
chr19	65	5	59128983	8.45609e-08
chr19	66	2	59128983	3.38244e-08
chr19	67	1	59128983	1.69122e-08
chr19	68	6	59128983	1.01473e-07
chr19	69	4	59128983	6.76487e-08
chr19	70	7	59128983	1.18385e-07
chr19	71	1	59128983	1.69122e-08
chr19	72	5	59128983	8.45609e-08
chr19	73	2	59128983	3.38244e-08
chr19	75	5	59128983	8.45609e-08
chr19	76	6	59128983	1.01473e-07
chr19	78	2	59128983	3.38244e-08
chr19	79	1	59128983	1.69122e-08
chr19	80	4	59128983	6.76487e-08
chr19	81	1	59128983	1.69122e-08
chr20	0	62174192	63025520	0.986492
chr20	1	830242	63025520	0.0131731
chr20	2	20824	63025520	0.000330406
chr20	3	238	63025520	3.77625e-06
chr20	4	24	63025520	3.80798e-07
chr21	0	47670832	48129895	0.990462
chr21	1	447782	48129895	0.00930361
chr21	2	10882	48129895	0.000226096
chr21	3	347	48129895	7.20966e-06
chr21	4	47	48129895	9.76524e-07
chr21	5	5	48129895	1.03886e-07
chr22	0	50873410	51304566	0.991596
chr22	1	419183	51304566	0.00817048
chr22	2	11802	51304566	0.000230038
chr22	3	171	51304566	3.33304e-06
chrX	0	153253307	155270560	0.987008
chrX	1	1962584	155270560	0.0126398
chrX	2	46997	155270560	0.000302678
chrX	3	3587	155270560	2.31016e-05
chrX	4	1848	155270560	1.19018e-05
chrX	5	1157	155270560	7.45151e-06
chrX	6	611	155270560	3.93507e-06
chrX	7	188	155270560	1.21079e-06
chrX	8	165	155270560	1.06266e-06
chrX	9	56	155270560	3.60661e-07
chrX	10	35	155270560	2.25413e-07
chrX	11	22	155270560	1.41688e-07
chrX	12	3	155270560	1.93211e-08
chrY	0	59329528	59373566	0.999258
chrY	1	40599	59373566	0.000683789
chrY	2	2234	59373566	3.76262e-05
chrY	3	581	59373566	9.7855e-06
chrY	4	327	59373566	5.5075e-06
chrY	5	80	59373566	1.3474e-06
chrY	6	52	59373566	8.75811e-07
chrY	7	27	59373566	4.54748e-07
chrY	8	50	59373566	8.42126e-07
chrY	9	43	59373566	7.24228e-07
chrY	10	21	59373566	3.53693e-07
chrY	11	6	59373566	1.01055e-07
chrY	12	16	59373566	2.6948e-07
chrY	13	2	59373566	3.3685e-08
chr1_gl000191_random	0	105324	106433	0.98958
chr1_gl000191_random	1	1068	106433	0.0100345
chr1_gl000191_random	2	41	106433	0.000385219
chr1_gl000192_random	0	541582	547496	0.989198
chr1_gl000192_random	1	5828	547496	0.0106448
chr1_gl000192_random	2	86	547496	0.000157079
chr4_ctg9_hap1	0	587261	590426	0.994639
chr4_ctg9_hap1	1	3130	590426	0.00530126
chr4_ctg9_hap1	2	35	590426	5.92792e-05
chr4_gl000193_random	0	183255	189789	0.965572
chr4_gl000193_random	1	6132	189789	0.0323096
chr4_gl000193_random	2	388	189789	0.00204438
chr4_gl000193_random	3	14	189789	7.37661e-05
chr4_gl000194_random	0	186232	191469	0.972648
chr4_gl000194_random	1	5174	191469	0.0270227
chr4_gl000194_random	2	63	191469	0.000329035
chr6_apd_hap1	0	4618547	4622290	0.99919
chr6_apd_hap1	1	3736	4622290	0.000808257
chr6_apd_hap1	2	7	4622290	1.5144e-06
chr6_cox_hap2	0	4783116	4795371	0.997444
chr6_cox_hap2	1	11960	4795371	0.00249407
chr6_cox_hap2	2	295	4795371	6.15177e-05
chr6_dbb_hap3	0	4599690	4610396	0.997678
chr6_dbb_hap3	1	10612	4610396	0.00230175
chr6_dbb_hap3	2	94	4610396	2.03887e-05
chr6_mann_hap4	0	4675186	4683263	0.998275
chr6_mann_hap4	1	8004	4683263	0.00170906
chr6_mann_hap4	2	73	4683263	1.55874e-05
chr6_mcf_hap5	0	4824435	4833398	0.998146
chr6_mcf_hap5	1	8676	4833398	0.00179501
chr6_mcf_hap5	2	287	4833398	5.93785e-05
chr6_qbl_hap6	0	4602568	4611984	0.997958
chr6_qbl_hap6	1	9232	4611984	0.00200174
chr6_qbl_hap6	2	184	4611984	3.98961e-05
chr6_ssto_hap7	0	4919589	4928567	0.998178
chr6_ssto_hap7	1	8806	4928567	0.00178673
chr6_ssto_hap7	2	172	4928567	3.48986e-05
chr7_gl000195_random	0	174882	182896	0.956183
chr7_gl000195_random	1	7612	182896	0.0416193
chr7_gl000195_random	2	368	182896	0.00201207
chr7_gl000195_random	3	34	182896	0.000185898
chr8_gl000196_random	0	38514	38914	0.989721
chr8_gl000196_random	1	400	38914	0.0102791
chr8_gl000197_random	0	36875	37175	0.99193
chr8_gl000197_random	1	300	37175	0.00806994
chr9_gl000198_random	0	85754	90085	0.951923
chr9_gl000198_random	1	4262	90085	0.0473109
chr9_gl000198_random	2	69	90085	0.000765943
chr9_gl000199_random	0	147422	169874	0.867831
chr9_gl000199_random	1	17603	169874	0.103624
chr9_gl000199_random	2	3347	169874	0.0197028
chr9_gl000199_random	3	693	169874	0.00407949
chr9_gl000199_random	4	525	169874	0.00309053
chr9_gl000199_random	5	122	169874	0.000718179
chr9_gl000199_random	6	28	169874	0.000164828
chr9_gl000199_random	7	31	169874	0.000182488
chr9_gl000199_random	8	17	169874	0.000100074
chr9_gl000199_random	9	8	169874	4.70937e-05
chr9_gl000199_random	10	4	169874	2.35469e-05
chr9_gl000199_random	11	9	169874	5.29804e-05
chr9_gl000199_random	12	4	169874	2.35469e-05
chr9_gl000199_random	13	16	169874	9.41875e-05
chr9_gl000199_random	14	18	169874	0.000105961
chr9_gl000199_random	15	12	169874	7.06406e-05
chr9_gl000199_random	16	11	169874	6.47539e-05
chr9_gl000199_random	17	4	169874	2.35469e-05
chr9_gl000200_random	0	185800	187035	0.993397
chr9_gl000200_random	1	1220	187035	0.00652284
chr9_gl000200_random	2	15	187035	8.01989e-05
chr9_gl000201_random	0	35998	36148	0.99585
chr9_gl000201_random	1	150	36148	0.00414961
chr11_gl000202_random	0	39722	40103	0.990499
chr11_gl000202_random	1	362	40103	0.00902676
chr11_gl000202_random	2	19	40103	0.00047378
chr17_ctg5_hap1	0	1668806	1680828	0.992848
chr17_ctg5_hap1	1	11794	1680828	0.00701678
chr17_ctg5_hap1	2	228	1680828	0.000135647
chr17_gl000203_random	0	37148	37498	0.990666
chr17_gl000203_random	1	350	37498	0.00933383
chr17_gl000204_random	0	80274	81310	0.987259
chr17_gl000204_random	1	936	81310	0.0115115
chr17_gl000204_random	2	86	81310	0.00105768
chr17_gl000204_random	3	14	81310	0.000172181
chr17_gl000205_random	0	168082	174588	0.962735
chr17_gl000205_random	1	6212	174588	0.0355809
chr17_gl000205_random	2	294	174588	0.00168396
chr17_gl000206_random	0	40580	41001	0.989732
chr17_gl000206_random	1	392	41001	0.00956074
chr17_gl000206_random	2	29	41001	0.0007073
chr19_gl000208_random	0	88825	92689	0.958312
chr19_gl000208_random	1	3427	92689	0.0369731
chr19_gl000208_random	2	344	92689	0.00371134
chr19_gl000208_random	3	87	92689	0.000938623
chr19_gl000208_random	4	6	92689	6.47326e-05
chr19_gl000209_random	0	158169	159169	0.993717
chr19_gl000209_random	1	1000	159169	0.00628263
chr21_gl000210_random	0	27382	27682	0.989163
chr21_gl000210_random	1	300	27682	0.0108374
chrUn_gl000211	0	163566	166566	0.981989
chrUn_gl000211	1	3000	166566	0.0180109
chrUn_gl000212	0	183148	186858	0.980145
chrUn_gl000212	1	3670	186858	0.0196406
chrUn_gl000212	2	40	186858	0.000214066
chrUn_gl000213	0	163121	164239	0.993193
chrUn_gl000213	1	1086	164239	0.00661231
chrUn_gl000213	2	32	164239	0.000194838
chrUn_gl000214	0	128654	137718	0.934184
chrUn_gl000214	1	8198	137718	0.0595274
chrUn_gl000214	2	777	137718	0.00564196
chrUn_gl000214	3	58	137718	0.00042115
chrUn_gl000214	4	31	137718	0.000225098
chrUn_gl000215	0	171125	172545	0.99177
chrUn_gl000215	1	1320	172545	0.00765018
chrUn_gl000215	2	70	172545	0.000405691
chrUn_gl000215	3	30	172545	0.000173868
chrUn_gl000216	0	163840	172294	0.950933
chrUn_gl000216	1	6595	172294	0.0382776
chrUn_gl000216	2	1111	172294	0.00644828
chrUn_gl000216	3	337	172294	0.00195596
chrUn_gl000216	4	136	172294	0.000789348
chrUn_gl000216	5	128	172294	0.000742916
chrUn_gl000216	6	53	172294	0.000307614
chrUn_gl000216	7	36	172294	0.000208945
chrUn_gl000216	8	54	172294	0.000313418
chrUn_gl000216	9	4	172294	2.32161e-05
chrUn_gl000217	0	169003	172149	0.981725
chrUn_gl000217	1	3092	172149	0.0179612
chrUn_gl000217	2	54	172149	0.000313682
chrUn_gl000218	0	155243	161147	0.963363
chrUn_gl000218	1	5549	161147	0.0344344
chrUn_gl000218	2	314	161147	0.00194853
chrUn_gl000218	3	41	161147	0.000254426
chrUn_gl000219	0	172179	179198	0.960831
chrUn_gl000219	1	6742	179198	0.0376232
chrUn_gl000219	2	273	179198	0.00152345
chrUn_gl000219	3	4	179198	2.23217e-05
chrUn_gl000220	0	122750	161802	0.758643
chrUn_gl000220	1	16199	161802	0.100116
chrUn_gl000220	2	6738	161802	0.0416435
chrUn_gl000220	3	4579	161802	0.0283
chrUn_gl000220	4	3338	161802	0.0206302
chrUn_gl000220	5	2614	161802	0.0161555
chrUn_gl000220	6	1736	161802	0.0107292
chrUn_gl000220	7	1197	161802	0.00739793
chrUn_gl000220	8	1145	161802	0.00707655
chrUn_gl000220	9	568	161802	0.00351046
chrUn_gl000220	10	445	161802	0.00275027
chrUn_gl000220	11	233	161802	0.00144003
chrUn_gl000220	12	152	161802	0.00093942
chrUn_gl000220	13	59	161802	0.000364643
chrUn_gl000220	14	41	161802	0.000253396
chrUn_gl000220	15	7	161802	4.32628e-05
chrUn_gl000220	16	1	161802	6.18039e-06
chrUn_gl000221	0	151838	155397	0.977097
chrUn_gl000221	1	3420	155397	0.0220081
chrUn_gl000221	2	137	155397	0.000881613
chrUn_gl000221	3	2	155397	1.28703e-05
chrUn_gl000222	0	184383	186861	0.986739
chrUn_gl000222	1	2456	186861	0.0131435
chrUn_gl000222	2	22	186861	0.000117735
chrUn_gl000223	0	179550	180455	0.994985
chrUn_gl000223	1	860	180455	0.00476573
chrUn_gl000223	2	45	180455	0.00024937
chrUn_gl000224	0	166019	179693	0.923904
chrUn_gl000224	1	10998	179693	0.0612044
chrUn_gl000224	2	1813	179693	0.0100894
chrUn_gl000224	3	652	179693	0.00362841
chrUn_gl000224	4	185	179693	0.00102953
chrUn_gl000224	5	26	179693	0.000144691
chrUn_gl000225	0	188657	211173	0.893377
chrUn_gl000225	1	16553	211173	0.078386
chrUn_gl000225	2	3744	211173	0.0177295
chrUn_gl000225	3	1224	211173	0.0057962
chrUn_gl000225	4	463	211173	0.00219252
chrUn_gl000225	5	316	211173	0.0014964
chrUn_gl000225	6	146	211173	0.000691376
chrUn_gl000225	7	41	211173	0.000194154
chrUn_gl000225	8	19	211173	8.99736e-05
chrUn_gl000225	9	10	211173	4.73545e-05
chrUn_gl000226	0	1736	15008	0.115672
chrUn_gl000226	1	2300	15008	0.153252
chrUn_gl000226	2	1846	15008	0.123001
chrUn_gl000226	3	1854	15008	0.123534
chrUn_gl000226	4	1507	15008	0.100413
chrUn_gl000226	5	1170	15008	0.0779584
chrUn_gl000226	6	922	15008	0.0614339
chrUn_gl000226	7	715	15008	0.0476413
chrUn_gl000226	8	634	15008	0.0422441
chrUn_gl000226	9	487	15008	0.0324494
chrUn_gl000226	10	447	15008	0.0297841
chrUn_gl000226	11	376	15008	0.0250533
chrUn_gl000226	12	262	15008	0.0174574
chrUn_gl000226	13	181	15008	0.0120602
chrUn_gl000226	14	183	15008	0.0121935
chrUn_gl000226	15	110	15008	0.00732942
chrUn_gl000226	16	81	15008	0.00539712
chrUn_gl000226	17	55	15008	0.00366471
chrUn_gl000226	18	32	15008	0.0021322
chrUn_gl000226	19	23	15008	0.00153252
chrUn_gl000226	20	38	15008	0.00253198
chrUn_gl000226	21	29	15008	0.0019323
chrUn_gl000226	22	17	15008	0.00113273
chrUn_gl000226	23	1	15008	6.66311e-05
chrUn_gl000226	24	1	15008	6.66311e-05
chrUn_gl000226	27	1	15008	6.66311e-05
chrUn_gl000227	0	127332	128374	0.991883
chrUn_gl000227	1	1034	128374	0.00805459
chrUn_gl000227	2	8	128374	6.23179e-05
chrUn_gl000228	0	125750	129120	0.9739
chrUn_gl000228	1	1923	129120	0.0148931
chrUn_gl000228	2	450	129120	0.00348513
chrUn_gl000228	3	280	129120	0.00216853
chrUn_gl000228	4	227	129120	0.00175805
chrUn_gl000228	5	155	129120	0.00120043
chrUn_gl000228	6	120	129120	0.000929368
chrUn_gl000228	7	52	129120	0.000402726
chrUn_gl000228	8	43	129120	0.000333024
chrUn_gl000228	9	41	129120	0.000317534
chrUn_gl000228	10	69	129120	0.000534387
chrUn_gl000228	11	3	129120	2.32342e-05
chrUn_gl000228	12	7	129120	5.42131e-05
chrUn_gl000229	0	18758	19913	0.941998
chrUn_gl000229	1	1110	19913	0.0557425
chrUn_gl000229	2	45	19913	0.00225983
chrUn_gl000230	0	42750	43691	0.978462
chrUn_gl000230	1	932	43691	0.0213316
chrUn_gl000230	2	9	43691	0.000205992
chrUn_gl000231	0	26388	27386	0.963558
chrUn_gl000231	1	948	27386	0.0346162
chrUn_gl000231	2	48	27386	0.00175272
chrUn_gl000231	3	2	27386	7.303e-05
chrUn_gl000232	0	37801	40652	0.929868
chrUn_gl000232	1	2752	40652	0.0676965
chrUn_gl000232	2	99	40652	0.0024353
chrUn_gl000233	0	45341	45941	0.98694
chrUn_gl000233	1	550	45941	0.0119719
chrUn_gl000233	2	50	45941	0.00108835
chrUn_gl000234	0	38229	40531	0.943204
chrUn_gl000234	1	2254	40531	0.0556118
chrUn_gl000234	2	48	40531	0.00118428
chrUn_gl000235	0	33209	34474	0.963306
chrUn_gl000235	1	1230	34474	0.0356791
chrUn_gl000235	2	35	34474	0.00101526
chrUn_gl000236	0	41492	41934	0.98946
chrUn_gl000236	1	434	41934	0.0103496
chrUn_gl000236	2	8	41934	0.000190776
chrUn_gl000237	0	44406	45867	0.968147
chrUn_gl000237	1	1422	45867	0.0310027
chrUn_gl000237	2	39	45867	0.000850285
chrUn_gl000238	0	39639	39939	0.992489
chrUn_gl000238	1	300	39939	0.00751146
chrUn_gl000239	0	32231	33824	0.952903
chrUn_gl000239	1	1488	33824	0.0439924
chrUn_gl000239	2	103	33824	0.00304517
chrUn_gl000239	3	2	33824	5.91296e-05
chrUn_gl000240	0	41025	41933	0.978346
chrUn_gl000240	1	866	41933	0.020652
chrUn_gl000240	2	42	41933	0.0010016
chrUn_gl000241	0	40072	42152	0.950655
chrUn_gl000241	1	2060	42152	0.0488708
chrUn_gl000241	2	20	42152	0.000474473
chrUn_gl000242	0	43223	43523	0.993107
chrUn_gl000242	1	300	43523	0.00689291
chrUn_gl000243	0	41818	43341	0.96486
chrUn_gl000243	1	1446	43341	0.0333633
chrUn_gl000243	2	77	43341	0.00177661
chrUn_gl000244	0	39529	39929	0.989982
chrUn_gl000244	1	400	39929	0.0100178
chrUn_gl000245	0	35562	36651	0.970287
chrUn_gl000245	1	1078	36651	0.0294126
chrUn_gl000245	2	11	36651	0.000300128
chrUn_gl000246	0	37854	38154	0.992137
chrUn_gl000246	1	300	38154	0.00786287
chrUn_gl000247	0	35602	36422	0.977486
chrUn_gl000247	1	790	36422	0.0216902
chrUn_gl000247	2	30	36422	0.000823678
chrUn_gl000248	0	39386	39786	0.989946
chrUn_gl000248	1	400	39786	0.0100538
chrUn_gl000249	0	38231	38502	0.992961
chrUn_gl000249	1	242	38502	0.00628539
chrUn_gl000249	2	29	38502	0.000753208
chr18_gl000207_random	0	4262	4262	1
genome	0	3098805534	3137161264	0.987774
genome	1	37358017	3137161264	0.0119082
genome	2	873188	3137161264	0.000278337
genome	3	42708	3137161264	1.36136e-05
genome	4	18724	3137161264	5.96845e-06
genome	5	12312	3137161264	3.92457e-06
genome	6	8375	3137161264	2.66961e-06
genome	7	6336	3137161264	2.01966e-06
genome	8	5428	3137161264	1.73023e-06
genome	9	4367	3137161264	1.39202e-06
genome	10	3959	3137161264	1.26197e-06
genome	11	3392	3137161264	1.08123e-06
genome	12	3046	3137161264	9.70942e-07
genome	13	2610	3137161264	8.31962e-07
genome	14	2237	3137161264	7.13065e-07
genome	15	1904	3137161264	6.06918e-07
genome	16	1472	3137161264	4.69214e-07
genome	17	1323	3137161264	4.21719e-07
genome	18	1068	3137161264	3.40435e-07
genome	19	740	3137161264	2.35882e-07
genome	20	660	3137161264	2.10381e-07
genome	21	536	3137161264	1.70855e-07
genome	22	415	3137161264	1.32285e-07
genome	23	330	3137161264	1.05191e-07
genome	24	258	3137161264	8.224e-08
genome	25	237	3137161264	7.5546e-08
genome	26	161	3137161264	5.13203e-08
genome	27	128	3137161264	4.08012e-08
genome	28	106	3137161264	3.37885e-08
genome	29	68	3137161264	2.16756e-08
genome	30	101	3137161264	3.21947e-08
genome	31	75	3137161264	2.3907e-08
genome	32	81	3137161264	2.58195e-08
genome	33	61	3137161264	1.94443e-08
genome	34	53	3137161264	1.68943e-08
genome	35	63	3137161264	2.00818e-08
genome	36	41	3137161264	1.30691e-08
genome	37	40	3137161264	1.27504e-08
genome	38	29	3137161264	9.24403e-09
genome	39	31	3137161264	9.88155e-09
genome	40	25	3137161264	7.96899e-09
genome	41	27	3137161264	8.60651e-09
genome	42	43	3137161264	1.37067e-08
genome	43	28	3137161264	8.92527e-09
genome	44	31	3137161264	9.88155e-09
genome	45	26	3137161264	8.28775e-09
genome	46	32	3137161264	1.02003e-08
genome	47	24	3137161264	7.65023e-09
genome	48	39	3137161264	1.24316e-08
genome	49	34	3137161264	1.08378e-08
genome	50	32	3137161264	1.02003e-08
genome	51	27	3137161264	8.60651e-09
genome	52	10	3137161264	3.1876e-09
genome	53	7	3137161264	2.23132e-09
genome	54	15	3137161264	4.78139e-09
genome	55	10	3137161264	3.1876e-09
genome	56	15	3137161264	4.78139e-09
genome	57	13	3137161264	4.14387e-09
genome	58	12	3137161264	3.82511e-09
genome	59	9	3137161264	2.86884e-09
genome	60	14	3137161264	4.46263e-09
genome	61	13	3137161264	4.14387e-09
genome	62	8	3137161264	2.55008e-09
genome	63	15	3137161264	4.78139e-09
genome	64	14	3137161264	4.46263e-09
genome	65	11	3137161264	3.50635e-09
genome	66	10	3137161264	3.1876e-09
genome	67	5	3137161264	1.5938e-09
genome	68	18	3137161264	5.73767e-09
genome	69	12	3137161264	3.82511e-09
genome	70	9	3137161264	2.86884e-09
genome	71	9	3137161264	2.86884e-09
genome	72	14	3137161264	4.46263e-09
genome	73	9	3137161264	2.86884e-09
genome	74	5	3137161264	1.5938e-09
genome	75	7	3137161264	2.23132e-09
genome	76	9	3137161264	2.86884e-09
genome	77	9	3137161264	2.86884e-09
genome	78	8	3137161264	2.55008e-09
genome	79	3	3137161264	9.56279e-10
genome	80	5	3137161264	1.5938e-09
genome	81	6	3137161264	1.91256e-09
genome	82	4	3137161264	1.27504e-09
genome	83	2	3137161264	6.37519e-10
genome	84	8	3137161264	2.55008e-09
genome	85	3	3137161264	9.56279e-10
genome	86	5	3137161264	1.5938e-09
genome	87	1	3137161264	3.1876e-10
genome	88	2	3137161264	6.37519e-10
genome	90	1	3137161264	3.1876e-10
genome	91	7	3137161264	2.23132e-09
genome	92	3	3137161264	9.56279e-10
genome	93	12	3137161264	3.82511e-09
genome	94	18	3137161264	5.73767e-09
genome	95	9	3137161264	2.86884e-09
genome	96	3	3137161264	9.56279e-10
genome	97	9	3137161264	2.86884e-09
genome	98	11	3137161264	3.50635e-09
genome	99	6	3137161264	1.91256e-09
genome	100	1	3137161264	3.1876e-10
genome	101	5	3137161264	1.5938e-09
genome	102	7	3137161264	2.23132e-09
genome	103	5	3137161264	1.5938e-09
genome	104	2	3137161264	6.37519e-10
genome	105	4	3137161264	1.27504e-09
genome	106	3	3137161264	9.56279e-10
genome	107	5	3137161264	1.5938e-09
genome	108	3	3137161264	9.56279e-10
genome	109	3	3137161264	9.56279e-10
genome	110	5	3137161264	1.5938e-09
genome	111	3	3137161264	9.56279e-10
genome	112	5	3137161264	1.5938e-09
genome	113	4	3137161264	1.27504e-09
genome	114	4	3137161264	1.27504e-09
genome	116	3	3137161264	9.56279e-10
genome	117	5	3137161264	1.5938e-09
genome	118	5	3137161264	1.5938e-09
genome	119	2	3137161264	6.37519e-10
genome	120	3	3137161264	9.56279e-10
genome	121	5	3137161264	1.5938e-09
genome	122	3	3137161264	9.56279e-10
genome	123	1	3137161264	3.1876e-10
genome	124	2	3137161264	6.37519e-10
genome	125	4	3137161264	1.27504e-09
genome	126	2	3137161264	6.37519e-10
genome	127	8	3137161264	2.55008e-09
genome	128	3	3137161264	9.56279e-10
genome	129	7	3137161264	2.23132e-09
genome	130	8	3137161264	2.55008e-09
genome	131	10	3137161264	3.1876e-09
genome	132	7	3137161264	2.23132e-09
genome	133	3	3137161264	9.56279e-10
genome	134	6	3137161264	1.91256e-09
genome	135	4	3137161264	1.27504e-09
genome	136	7	3137161264	2.23132e-09
genome	137	8	3137161264	2.55008e-09
genome	138	5	3137161264	1.5938e-09
genome	139	10	3137161264	3.1876e-09
genome	140	12	3137161264	3.82511e-09
genome	141	7	3137161264	2.23132e-09
genome	142	5	3137161264	1.5938e-09
genome	143	7	3137161264	2.23132e-09
genome	144	1	3137161264	3.1876e-10
genome	145	3	3137161264	9.56279e-10
genome	146	4	3137161264	1.27504e-09
genome	147	7	3137161264	2.23132e-09
genome	148	1	3137161264	3.1876e-10
genome	149	8	3137161264	2.55008e-09
genome	150	8	3137161264	2.55008e-09
genome	151	3	3137161264	9.56279e-10
genome	152	9	3137161264	2.86884e-09
genome	153	6	3137161264	1.91256e-09
genome	154	4	3137161264	1.27504e-09
genome	155	1	3137161264	3.1876e-10
genome	156	1	3137161264	3.1876e-10
genome	158	2	3137161264	6.37519e-10
genome	160	2	3137161264	6.37519e-10
genome	161	1	3137161264	3.1876e-10
genome	162	2	3137161264	6.37519e-10
