chrM	2	14	16571	0.000844849
chrM	3	31	16571	0.00187074
chrM	4	101	16571	0.00609499
chrM	5	160	16571	0.00965542
chrM	6	250	16571	0.0150866
chrM	7	289	16571	0.0174401
chrM	8	572	16571	0.0345181
chrM	9	672	16571	0.0405528
chrM	10	942	16571	0.0568463
chrM	11	1065	16571	0.0642689
chrM	12	1340	16571	0.0808642
chrM	13	1342	16571	0.0809849
chrM	14	1332	16571	0.0803814
chrM	15	1371	16571	0.0827349
chrM	16	1222	16571	0.0737433
chrM	17	1088	16571	0.0656569
chrM	18	942	16571	0.0568463
chrM	19	945	16571	0.0570273
chrM	20	716	16571	0.043208
chrM	21	583	16571	0.0351819
chrM	22	447	16571	0.0269748
chrM	23	331	16571	0.0199747
chrM	24	245	16571	0.0147849
chrM	25	183	16571	0.0110434
chrM	26	153	16571	0.009233
chrM	27	72	16571	0.00434494
chrM	28	58	16571	0.00350009
chrM	29	56	16571	0.0033794
chrM	30	13	16571	0.000784503
chrM	31	10	16571	0.000603464
chrM	32	14	16571	0.000844849
chrM	33	5	16571	0.000301732
chrM	34	3	16571	0.000181039
chrM	36	3	16571	0.000181039
chrM	37	1	16571	6.03464e-05
chr1	0	246299565	249250621	0.98816
chr1	1	2883338	249250621	0.011568
chr1	2	63650	249250621	0.000255365
chr1	3	1793	249250621	7.19356e-06
chr1	4	297	249250621	1.19157e-06
chr1	5	282	249250621	1.13139e-06
chr1	6	189	249250621	7.58273e-07
chr1	7	141	249250621	5.65696e-07
chr1	8	69	249250621	2.7683e-07
chr1	9	28	249250621	1.12337e-07
chr1	10	33	249250621	1.32397e-07
chr1	11	28	249250621	1.12337e-07
chr1	12	12	249250621	4.81443e-08
chr1	13	38	249250621	1.52457e-07
chr1	14	24	249250621	9.62886e-08
chr1	15	8	249250621	3.20962e-08
chr1	16	19	249250621	7.62285e-08
chr1	17	15	249250621	6.01804e-08
chr1	18	10	249250621	4.01203e-08
chr1	19	21	249250621	8.42525e-08
chr1	20	29	249250621	1.16349e-07
chr1	21	12	249250621	4.81443e-08
chr1	22	6	249250621	2.40722e-08
chr1	23	15	249250621	6.01804e-08
chr1	24	16	249250621	6.41924e-08
chr1	25	25	249250621	1.00301e-07
chr1	26	11	249250621	4.41323e-08
chr1	27	10	249250621	4.01203e-08
chr1	28	15	249250621	6.01804e-08
chr1	29	21	249250621	8.42525e-08
chr1	30	13	249250621	5.21563e-08
chr1	31	26	249250621	1.04313e-07
chr1	32	13	249250621	5.21563e-08
chr1	33	6	249250621	2.40722e-08
chr1	34	8	249250621	3.20962e-08
chr1	35	4	249250621	1.60481e-08
chr1	36	8	249250621	3.20962e-08
chr1	37	14	249250621	5.61684e-08
chr1	38	8	249250621	3.20962e-08
chr1	39	23	249250621	9.22766e-08
chr1	40	17	249250621	6.82044e-08
chr1	41	16	249250621	6.41924e-08
chr1	42	12	249250621	4.81443e-08
chr1	43	24	249250621	9.62886e-08
chr1	44	8	249250621	3.20962e-08
chr1	45	11	249250621	4.41323e-08
chr1	46	7	249250621	2.80842e-08
chr1	47	6	249250621	2.40722e-08
chr1	48	12	249250621	4.81443e-08
chr1	49	18	249250621	7.22165e-08
chr1	50	20	249250621	8.02405e-08
chr1	51	10	249250621	4.01203e-08
chr1	52	11	249250621	4.41323e-08
chr1	53	22	249250621	8.82646e-08
chr1	54	13	249250621	5.21563e-08
chr1	55	14	249250621	5.61684e-08
chr1	56	13	249250621	5.21563e-08
chr1	57	16	249250621	6.41924e-08
chr1	58	11	249250621	4.41323e-08
chr1	59	13	249250621	5.21563e-08
chr1	60	6	249250621	2.40722e-08
chr1	61	11	249250621	4.41323e-08
chr1	62	6	249250621	2.40722e-08
chr1	63	13	249250621	5.21563e-08
chr1	64	6	249250621	2.40722e-08
chr1	65	5	249250621	2.00601e-08
chr1	66	5	249250621	2.00601e-08
chr1	67	15	249250621	6.01804e-08
chr1	68	15	249250621	6.01804e-08
chr1	69	12	249250621	4.81443e-08
chr1	70	13	249250621	5.21563e-08
chr1	71	14	249250621	5.61684e-08
chr1	72	16	249250621	6.41924e-08
chr1	73	11	249250621	4.41323e-08
chr1	74	8	249250621	3.20962e-08
chr1	75	9	249250621	3.61082e-08
chr1	76	5	249250621	2.00601e-08
chr1	77	9	249250621	3.61082e-08
chr1	78	6	249250621	2.40722e-08
chr1	79	4	249250621	1.60481e-08
chr1	80	4	249250621	1.60481e-08
chr1	81	6	249250621	2.40722e-08
chr1	82	13	249250621	5.21563e-08
chr1	83	7	249250621	2.80842e-08
chr1	84	11	249250621	4.41323e-08
chr1	85	3	249250621	1.20361e-08
chr1	86	4	249250621	1.60481e-08
chr1	87	4	249250621	1.60481e-08
chr1	88	7	249250621	2.80842e-08
chr1	89	8	249250621	3.20962e-08
chr1	90	5	249250621	2.00601e-08
chr1	91	2	249250621	8.02405e-09
chr1	92	4	249250621	1.60481e-08
chr1	93	2	249250621	8.02405e-09
chr1	94	5	249250621	2.00601e-08
chr1	95	2	249250621	8.02405e-09
chr1	97	2	249250621	8.02405e-09
chr1	98	4	249250621	1.60481e-08
chr1	99	3	249250621	1.20361e-08
chr1	100	6	249250621	2.40722e-08
chr1	101	5	249250621	2.00601e-08
chr1	102	11	249250621	4.41323e-08
chr1	103	5	249250621	2.00601e-08
chr1	104	4	249250621	1.60481e-08
chr1	105	6	249250621	2.40722e-08
chr1	106	6	249250621	2.40722e-08
chr1	107	3	249250621	1.20361e-08
chr1	108	5	249250621	2.00601e-08
chr1	109	7	249250621	2.80842e-08
chr1	110	4	249250621	1.60481e-08
chr1	111	3	249250621	1.20361e-08
chr1	112	2	249250621	8.02405e-09
chr1	113	2	249250621	8.02405e-09
chr1	114	2	249250621	8.02405e-09
chr1	115	6	249250621	2.40722e-08
chr1	116	2	249250621	8.02405e-09
chr1	117	1	249250621	4.01203e-09
chr1	118	1	249250621	4.01203e-09
chr1	119	3	249250621	1.20361e-08
chr1	120	6	249250621	2.40722e-08
chr1	121	2	249250621	8.02405e-09
chr1	122	3	249250621	1.20361e-08
chr1	124	3	249250621	1.20361e-08
chr1	125	2	249250621	8.02405e-09
chr1	126	4	249250621	1.60481e-08
chr1	127	5	249250621	2.00601e-08
chr1	128	4	249250621	1.60481e-08
chr1	129	6	249250621	2.40722e-08
chr1	131	3	249250621	1.20361e-08
chr1	132	7	249250621	2.80842e-08
chr1	133	4	249250621	1.60481e-08
chr1	134	4	249250621	1.60481e-08
chr1	135	7	249250621	2.80842e-08
chr1	136	4	249250621	1.60481e-08
chr1	137	4	249250621	1.60481e-08
chr1	138	1	249250621	4.01203e-09
chr1	139	4	249250621	1.60481e-08
chr1	140	3	249250621	1.20361e-08
chr1	141	1	249250621	4.01203e-09
chr1	143	1	249250621	4.01203e-09
chr1	144	1	249250621	4.01203e-09
chr1	145	3	249250621	1.20361e-08
chr1	146	1	249250621	4.01203e-09
chr1	147	8	249250621	3.20962e-08
chr1	148	4	249250621	1.60481e-08
chr1	149	6	249250621	2.40722e-08
chr1	150	3	249250621	1.20361e-08
chr1	151	3	249250621	1.20361e-08
chr1	152	1	249250621	4.01203e-09
chr1	153	3	249250621	1.20361e-08
chr1	154	1	249250621	4.01203e-09
chr1	155	3	249250621	1.20361e-08
chr1	156	3	249250621	1.20361e-08
chr1	157	2	249250621	8.02405e-09
chr1	158	3	249250621	1.20361e-08
chr1	159	1	249250621	4.01203e-09
chr1	160	2	249250621	8.02405e-09
chr1	161	3	249250621	1.20361e-08
chr1	162	1	249250621	4.01203e-09
chr1	163	1	249250621	4.01203e-09
chr1	164	1	249250621	4.01203e-09
chr1	165	1	249250621	4.01203e-09
chr1	167	2	249250621	8.02405e-09
chr2	0	239819781	243199373	0.986104
chr2	1	3298553	243199373	0.0135632
chr2	2	73027	243199373	0.000300276
chr2	3	3292	243199373	1.35362e-05
chr2	4	1666	243199373	6.85035e-06
chr2	5	1060	243199373	4.35856e-06
chr2	6	651	243199373	2.67682e-06
chr2	7	474	243199373	1.94902e-06
chr2	8	283	243199373	1.16365e-06
chr2	9	227	243199373	9.33391e-07
chr2	10	122	243199373	5.01646e-07
chr2	11	104	243199373	4.27633e-07
chr2	12	69	243199373	2.83718e-07
chr2	13	32	243199373	1.31579e-07
chr2	14	17	243199373	6.99015e-08
chr2	15	14	243199373	5.75659e-08
chr2	16	1	243199373	4.11185e-09
chr3	0	195716673	198022430	0.988356
chr3	1	2261302	198022430	0.0114194
chr3	2	43668	198022430	0.00022052
chr3	3	676	198022430	3.41375e-06
chr3	4	54	198022430	2.72696e-07
chr3	5	11	198022430	5.55493e-08
chr3	6	4	198022430	2.01997e-08
chr3	7	16	198022430	8.07989e-08
chr3	8	8	198022430	4.03995e-08
chr3	9	17	198022430	8.58489e-08
chr3	10	1	198022430	5.04993e-09
chr4	0	188662588	191154276	0.986965
chr4	1	2442230	191154276	0.0127762
chr4	2	47735	191154276	0.00024972
chr4	3	1335	191154276	6.98389e-06
chr4	4	275	191154276	1.43863e-06
chr4	5	65	191154276	3.40039e-07
chr4	6	27	191154276	1.41247e-07
chr4	7	10	191154276	5.23138e-08
chr4	8	11	191154276	5.75451e-08
chr5	0	178533101	180915260	0.986833
chr5	1	2331165	180915260	0.0128854
chr5	2	48789	180915260	0.000269679
chr5	3	1005	180915260	5.55509e-06
chr5	4	383	180915260	2.11701e-06
chr5	5	205	180915260	1.13313e-06
chr5	6	217	180915260	1.19946e-06
chr5	7	176	180915260	9.72831e-07
chr5	8	112	180915260	6.19074e-07
chr5	9	77	180915260	4.25614e-07
chr5	10	18	180915260	9.94941e-08
chr5	11	12	180915260	6.63294e-08
chr6	0	169040803	171115067	0.987878
chr6	1	2030984	171115067	0.0118691
chr6	2	39281	171115067	0.000229559
chr6	3	727	171115067	4.2486e-06
chr6	4	164	171115067	9.58419e-07
chr6	5	166	171115067	9.70107e-07
chr6	6	213	171115067	1.24478e-06
chr6	7	213	171115067	1.24478e-06
chr6	8	251	171115067	1.46685e-06
chr6	9	270	171115067	1.57789e-06
chr6	10	326	171115067	1.90515e-06
chr6	11	342	171115067	1.99866e-06
chr6	12	271	171115067	1.58373e-06
chr6	13	200	171115067	1.1688e-06
chr6	14	178	171115067	1.04024e-06
chr6	15	153	171115067	8.94135e-07
chr6	16	131	171115067	7.65567e-07
chr6	17	107	171115067	6.2531e-07
chr6	18	71	171115067	4.14925e-07
chr6	19	64	171115067	3.74017e-07
chr6	20	44	171115067	2.57137e-07
chr6	21	41	171115067	2.39605e-07
chr6	22	29	171115067	1.69477e-07
chr6	23	9	171115067	5.25962e-08
chr6	24	12	171115067	7.01282e-08
chr6	25	8	171115067	4.67522e-08
chr6	26	7	171115067	4.09081e-08
chr6	27	2	171115067	1.1688e-08
chr7	0	156937762	159138663	0.98617
chr7	1	2149479	159138663	0.013507
chr7	2	48560	159138663	0.000305143
chr7	3	1307	159138663	8.21296e-06
chr7	4	171	159138663	1.07453e-06
chr7	5	93	159138663	5.84396e-07
chr7	6	90	159138663	5.65545e-07
chr7	7	62	159138663	3.89597e-07
chr7	8	69	159138663	4.33584e-07
chr7	9	95	159138663	5.96964e-07
chr7	10	89	159138663	5.59261e-07
chr7	11	68	159138663	4.273e-07
chr7	12	43	159138663	2.70205e-07
chr7	13	44	159138663	2.76488e-07
chr7	14	30	159138663	1.88515e-07
chr7	15	33	159138663	2.07366e-07
chr7	16	21	159138663	1.3196e-07
chr7	17	22	159138663	1.38244e-07
chr7	18	47	159138663	2.9534e-07
chr7	19	67	159138663	4.21016e-07
chr7	20	40	159138663	2.51353e-07
chr7	21	52	159138663	3.26759e-07
chr7	22	47	159138663	2.9534e-07
chr7	23	27	159138663	1.69663e-07
chr7	24	49	159138663	3.07908e-07
chr7	25	21	159138663	1.3196e-07
chr7	26	31	159138663	1.94799e-07
chr7	27	22	159138663	1.38244e-07
chr7	28	25	159138663	1.57096e-07
chr7	29	39	159138663	2.45069e-07
chr7	30	37	159138663	2.32502e-07
chr7	31	14	159138663	8.79736e-08
chr7	32	13	159138663	8.16898e-08
chr7	33	24	159138663	1.50812e-07
chr7	34	10	159138663	6.28383e-08
chr7	35	13	159138663	8.16898e-08
chr7	36	15	159138663	9.42574e-08
chr7	37	17	159138663	1.06825e-07
chr7	38	4	159138663	2.51353e-08
chr7	39	7	159138663	4.39868e-08
chr7	40	4	159138663	2.51353e-08
chr8	0	144808870	146364022	0.989375
chr8	1	1518666	146364022	0.010376
chr8	2	31770	146364022	0.000217062
chr8	3	2557	146364022	1.74701e-05
chr8	4	956	146364022	6.53166e-06
chr8	5	527	146364022	3.60061e-06
chr8	6	366	146364022	2.50061e-06
chr8	7	197	146364022	1.34596e-06
chr8	8	54	146364022	3.68943e-07
chr8	9	37	146364022	2.52794e-07
chr8	10	18	146364022	1.22981e-07
chr8	11	4	146364022	2.73291e-08
chr9	0	139504608	141213431	0.987899
chr9	1	1671215	141213431	0.0118347
chr9	2	36759	141213431	0.000260308
chr9	3	633	141213431	4.48258e-06
chr9	4	88	141213431	6.2317e-07
chr9	5	64	141213431	4.53215e-07
chr9	6	29	141213431	2.05363e-07
chr9	7	15	141213431	1.06222e-07
chr9	8	13	141213431	9.20592e-08
chr9	9	7	141213431	4.95704e-08
chr10	0	133506729	135534747	0.985037
chr10	1	1967339	135534747	0.0145154
chr10	2	49325	135534747	0.000363929
chr10	3	3237	135534747	2.38832e-05
chr10	4	1813	135534747	1.33766e-05
chr10	5	1133	135534747	8.35948e-06
chr10	6	869	135534747	6.41164e-06
chr10	7	748	135534747	5.51888e-06
chr10	8	668	135534747	4.92863e-06
chr10	9	441	135534747	3.25378e-06
chr10	10	402	135534747	2.96603e-06
chr10	11	260	135534747	1.91833e-06
chr10	12	267	135534747	1.96997e-06
chr10	13	216	135534747	1.59369e-06
chr10	14	156	135534747	1.151e-06
chr10	15	119	135534747	8.78004e-07
chr10	16	62	135534747	4.57447e-07
chr10	17	71	135534747	5.23851e-07
chr10	18	120	135534747	8.85382e-07
chr10	19	101	135534747	7.45196e-07
chr10	20	76	135534747	5.60742e-07
chr10	21	63	135534747	4.64825e-07
chr10	22	81	135534747	5.97633e-07
chr10	23	70	135534747	5.16473e-07
chr10	24	46	135534747	3.39396e-07
chr10	25	47	135534747	3.46775e-07
chr10	26	36	135534747	2.65615e-07
chr10	27	46	135534747	3.39396e-07
chr10	28	25	135534747	1.84455e-07
chr10	29	30	135534747	2.21345e-07
chr10	30	17	135534747	1.25429e-07
chr10	31	21	135534747	1.54942e-07
chr10	32	26	135534747	1.91833e-07
chr10	33	9	135534747	6.64036e-08
chr10	34	15	135534747	1.10673e-07
chr10	35	12	135534747	8.85382e-08
chr10	36	22	135534747	1.6232e-07
chr10	37	12	135534747	8.85382e-08
chr10	38	4	135534747	2.95127e-08
chr10	39	9	135534747	6.64036e-08
chr10	40	4	135534747	2.95127e-08
chr11	0	133138671	135006516	0.986165
chr11	1	1824212	135006516	0.013512
chr11	2	40569	135006516	0.000300497
chr11	3	1135	135006516	8.407e-06
chr11	4	391	135006516	2.89616e-06
chr11	5	324	135006516	2.39988e-06
chr11	6	306	135006516	2.26656e-06
chr11	7	214	135006516	1.58511e-06
chr11	8	213	135006516	1.5777e-06
chr11	9	165	135006516	1.22216e-06
chr11	10	107	135006516	7.92554e-07
chr11	11	45	135006516	3.33317e-07
chr11	12	44	135006516	3.2591e-07
chr11	13	27	135006516	1.9999e-07
chr11	15	5	135006516	3.70352e-08
chr11	16	7	135006516	5.18494e-08
chr11	17	23	135006516	1.70362e-07
chr11	18	41	135006516	3.03689e-07
chr11	19	12	135006516	8.88846e-08
chr11	20	5	135006516	3.70352e-08
chr12	0	132006553	133851895	0.986214
chr12	1	1805623	133851895	0.0134897
chr12	2	38759	133851895	0.000289566
chr12	3	630	133851895	4.70669e-06
chr12	4	119	133851895	8.89042e-07
chr12	5	48	133851895	3.58605e-07
chr12	6	96	133851895	7.17211e-07
chr12	7	59	133851895	4.40786e-07
chr12	8	8	133851895	5.97676e-08
chr13	0	113822637	115169878	0.988302
chr13	1	1319461	115169878	0.0114566
chr13	2	27069	115169878	0.000235035
chr13	3	614	115169878	5.33126e-06
chr13	4	34	115169878	2.95216e-07
chr13	5	23	115169878	1.99705e-07
chr13	6	22	115169878	1.91022e-07
chr13	7	18	115169878	1.56291e-07
chr14	0	106387552	107349540	0.991039
chr14	1	943128	107349540	0.00878558
chr14	2	18608	107349540	0.00017334
chr14	3	252	107349540	2.34747e-06
chr15	0	101293918	102531392	0.987931
chr15	1	1209296	102531392	0.0117944
chr15	2	27648	102531392	0.000269654
chr15	3	512	102531392	4.99359e-06
chr15	4	18	102531392	1.75556e-07
chr16	0	89271243	90354753	0.988008
chr16	1	1037959	90354753	0.0114876
chr16	2	32163	90354753	0.000355964
chr16	3	4696	90354753	5.19729e-05
chr16	4	2943	90354753	3.25716e-05
chr16	5	1903	90354753	2.10614e-05
chr16	6	1410	90354753	1.56052e-05
chr16	7	765	90354753	8.46663e-06
chr16	8	685	90354753	7.58123e-06
chr16	9	422	90354753	4.67048e-06
chr16	10	235	90354753	2.60086e-06
chr16	11	162	90354753	1.79293e-06
chr16	12	114	90354753	1.26169e-06
chr16	13	16	90354753	1.7708e-07
chr16	14	18	90354753	1.99215e-07
chr16	15	17	90354753	1.88147e-07
chr16	16	2	90354753	2.2135e-08
chr17	0	80086061	81195210	0.98634
chr17	1	1074896	81195210	0.0132384
chr17	2	29534	81195210	0.000363741
chr17	3	1959	81195210	2.4127e-05
chr17	4	921	81195210	1.1343e-05
chr17	5	407	81195210	5.01261e-06
chr17	6	325	81195210	4.0027e-06
chr17	7	220	81195210	2.70952e-06
chr17	8	196	81195210	2.41394e-06
chr17	9	172	81195210	2.11835e-06
chr17	10	134	81195210	1.65034e-06
chr17	11	80	81195210	9.8528e-07
chr17	12	47	81195210	5.78852e-07
chr17	13	60	81195210	7.3896e-07
chr17	14	32	81195210	3.94112e-07
chr17	15	28	81195210	3.44848e-07
chr17	16	23	81195210	2.83268e-07
chr17	17	14	81195210	1.72424e-07
chr17	18	18	81195210	2.21688e-07
chr17	19	27	81195210	3.32532e-07
chr17	20	6	81195210	7.3896e-08
chr17	24	1	81195210	1.2316e-08
chr17	25	3	81195210	3.6948e-08
chr17	26	5	81195210	6.158e-08
chr17	27	1	81195210	1.2316e-08
chr17	28	3	81195210	3.6948e-08
chr17	29	2	81195210	2.4632e-08
chr17	30	10	81195210	1.2316e-07
chr17	31	1	81195210	1.2316e-08
chr17	34	3	81195210	3.6948e-08
chr17	35	3	81195210	3.6948e-08
chr17	36	13	81195210	1.60108e-07
chr17	37	5	81195210	6.158e-08
chr18	0	77083272	78077248	0.987269
chr18	1	970287	78077248	0.0124273
chr18	2	21255	78077248	0.00027223
chr18	3	1004	78077248	1.28591e-05
chr18	4	566	78077248	7.24923e-06
chr18	5	285	78077248	3.65023e-06
chr18	6	104	78077248	1.33201e-06
chr18	7	138	78077248	1.76748e-06
chr18	8	68	78077248	8.70932e-07
chr18	9	63	78077248	8.06893e-07
chr18	10	42	78077248	5.37929e-07
chr18	11	49	78077248	6.27584e-07
chr18	12	55	78077248	7.04431e-07
chr18	13	17	78077248	2.17733e-07
chr18	14	11	78077248	1.40886e-07
chr18	15	1	78077248	1.28078e-08
chr18	16	7	78077248	8.96548e-08
chr18	17	10	78077248	1.28078e-07
chr18	18	6	78077248	7.6847e-08
chr18	19	8	78077248	1.02463e-07
chr19	0	58519590	59128983	0.989694
chr19	1	591205	59128983	0.00999857
chr19	2	15553	59128983	0.000263035
chr19	3	621	59128983	1.05025e-05
chr19	4	352	59128983	5.95309e-06
chr19	5	189	59128983	3.1964e-06
chr19	6	193	59128983	3.26405e-06
chr19	7	180	59128983	3.04419e-06
chr19	8	179	59128983	3.02728e-06
chr19	9	115	59128983	1.9449e-06
chr19	10	98	59128983	1.65739e-06
chr19	11	79	59128983	1.33606e-06
chr19	12	36	59128983	6.08838e-07
chr19	13	54	59128983	9.13258e-07
chr19	14	40	59128983	6.76487e-07
chr19	15	59	59128983	9.97819e-07
chr19	16	23	59128983	3.8898e-07
chr19	17	10	59128983	1.69122e-07
chr19	18	8	59128983	1.35297e-07
chr19	19	24	59128983	4.05892e-07
chr19	20	15	59128983	2.53683e-07
chr19	21	7	59128983	1.18385e-07
chr19	22	25	59128983	4.22805e-07
chr19	23	25	59128983	4.22805e-07
chr19	24	12	59128983	2.02946e-07
chr19	25	26	59128983	4.39717e-07
chr19	26	11	59128983	1.86034e-07
chr19	27	3	59128983	5.07365e-08
chr19	28	7	59128983	1.18385e-07
chr19	29	13	59128983	2.19858e-07
chr19	30	9	59128983	1.5221e-07
chr19	31	9	59128983	1.5221e-07
chr19	32	28	59128983	4.73541e-07
chr19	33	16	59128983	2.70595e-07
chr19	34	12	59128983	2.02946e-07
chr19	35	8	59128983	1.35297e-07
chr19	36	7	59128983	1.18385e-07
chr19	37	4	59128983	6.76487e-08
chr19	38	2	59128983	3.38244e-08
chr19	40	3	59128983	5.07365e-08
chr19	41	13	59128983	2.19858e-07
chr19	42	2	59128983	3.38244e-08
chr19	43	9	59128983	1.5221e-07
chr19	44	9	59128983	1.5221e-07
chr19	45	10	59128983	1.69122e-07
chr19	46	3	59128983	5.07365e-08
chr19	47	6	59128983	1.01473e-07
chr19	48	3	59128983	5.07365e-08
chr19	49	11	59128983	1.86034e-07
chr19	50	5	59128983	8.45609e-08
chr19	51	4	59128983	6.76487e-08
chr19	52	4	59128983	6.76487e-08
chr19	53	2	59128983	3.38244e-08
chr19	54	6	59128983	1.01473e-07
chr19	55	5	59128983	8.45609e-08
chr19	56	5	59128983	8.45609e-08
chr19	57	3	59128983	5.07365e-08
chr19	59	9	59128983	1.5221e-07
chr19	60	4	59128983	6.76487e-08
chr19	61	1	59128983	1.69122e-08
chr19	62	4	59128983	6.76487e-08
chr19	63	1	59128983	1.69122e-08
chr19	64	1	59128983	1.69122e-08
chr19	65	1	59128983	1.69122e-08
chr19	68	2	59128983	3.38244e-08
chr19	71	1	59128983	1.69122e-08
chr19	72	1	59128983	1.69122e-08
chr19	73	2	59128983	3.38244e-08
chr19	74	3	59128983	5.07365e-08
chr19	75	3	59128983	5.07365e-08
chr20	0	62353920	63025520	0.989344
chr20	1	656079	63025520	0.0104097
chr20	2	15342	63025520	0.000243425
chr20	3	179	63025520	2.84012e-06
chr21	0	47683704	48129895	0.990729
chr21	1	436281	48129895	0.00906466
chr21	2	9637	48129895	0.000200229
chr21	3	184	48129895	3.82299e-06
chr21	4	56	48129895	1.16352e-06
chr21	5	30	48129895	6.23313e-07
chr21	6	2	48129895	4.15542e-08
chr21	7	1	48129895	2.07771e-08
chr22	0	50803343	51304566	0.99023
chr22	1	487894	51304566	0.00950976
chr22	2	13181	51304566	0.000256917
chr22	3	148	51304566	2.88473e-06
chrX	0	153014571	155270560	0.985471
chrX	1	2195312	155270560	0.0141386
chrX	2	54074	155270560	0.000348257
chrX	3	3532	155270560	2.27474e-05
chrX	4	1468	155270560	9.45446e-06
chrX	5	828	155270560	5.33263e-06
chrX	6	450	155270560	2.89817e-06
chrX	7	174	155270560	1.12062e-06
chrX	8	40	155270560	2.57615e-07
chrX	9	25	155270560	1.61009e-07
chrX	10	46	155270560	2.96257e-07
chrX	11	21	155270560	1.35248e-07
chrX	12	19	155270560	1.22367e-07
chrY	0	59325416	59373566	0.999189
chrY	1	44815	59373566	0.000754797
chrY	2	2417	59373566	4.07083e-05
chrY	3	455	59373566	7.66334e-06
chrY	4	191	59373566	3.21692e-06
chrY	5	125	59373566	2.10531e-06
chrY	6	64	59373566	1.07792e-06
chrY	7	55	59373566	9.26338e-07
chrY	8	24	59373566	4.0422e-07
chrY	9	4	59373566	6.737e-08
chr1_gl000191_random	0	105883	106433	0.994832
chr1_gl000191_random	1	550	106433	0.00516757
chr1_gl000192_random	0	541748	547496	0.989501
chr1_gl000192_random	1	5746	547496	0.0104951
chr1_gl000192_random	2	2	547496	3.65299e-06
chr4_ctg9_hap1	0	586968	590426	0.994143
chr4_ctg9_hap1	1	3366	590426	0.00570097
chr4_ctg9_hap1	2	92	590426	0.00015582
chr4_gl000193_random	0	184837	189789	0.973908
chr4_gl000193_random	1	4712	189789	0.0248276
chr4_gl000193_random	2	182	189789	0.00095896
chr4_gl000193_random	3	58	189789	0.000305603
chr4_gl000194_random	0	187131	191469	0.977344
chr4_gl000194_random	1	4097	191469	0.0213977
chr4_gl000194_random	2	220	191469	0.00114901
chr4_gl000194_random	3	21	191469	0.000109678
chr6_apd_hap1	0	4618394	4622290	0.999157
chr6_apd_hap1	1	3892	4622290	0.000842007
chr6_apd_hap1	2	4	4622290	8.65372e-07
chr6_cox_hap2	0	4783422	4795371	0.997508
chr6_cox_hap2	1	11898	4795371	0.00248114
chr6_cox_hap2	2	51	4795371	1.06353e-05
chr6_dbb_hap3	0	4599550	4610396	0.997647
chr6_dbb_hap3	1	10492	4610396	0.00227573
chr6_dbb_hap3	2	354	4610396	7.6783e-05
chr6_mann_hap4	0	4675967	4683263	0.998442
chr6_mann_hap4	1	7142	4683263	0.00152501
chr6_mann_hap4	2	154	4683263	3.28831e-05
chr6_mcf_hap5	0	4823876	4833398	0.99803
chr6_mcf_hap5	1	9355	4833398	0.00193549
chr6_mcf_hap5	2	156	4833398	3.22754e-05
chr6_mcf_hap5	3	11	4833398	2.27583e-06
chr6_qbl_hap6	0	4602062	4611984	0.997849
chr6_qbl_hap6	1	9744	4611984	0.00211276
chr6_qbl_hap6	2	178	4611984	3.85951e-05
chr6_ssto_hap7	0	4919830	4928567	0.998227
chr6_ssto_hap7	1	8624	4928567	0.0017498
chr6_ssto_hap7	2	113	4928567	2.29276e-05
chr7_gl000195_random	0	174058	182896	0.951677
chr7_gl000195_random	1	8471	182896	0.0463159
chr7_gl000195_random	2	322	182896	0.00176056
chr7_gl000195_random	3	45	182896	0.000246041
chr8_gl000196_random	0	38714	38914	0.99486
chr8_gl000196_random	1	200	38914	0.00513954
chr8_gl000197_random	0	36825	37175	0.990585
chr8_gl000197_random	1	350	37175	0.00941493
chr9_gl000198_random	0	87641	90085	0.97287
chr9_gl000198_random	1	2338	90085	0.0259533
chr9_gl000198_random	2	106	90085	0.00117667
chr9_gl000199_random	0	145638	169874	0.85733
chr9_gl000199_random	1	18781	169874	0.110558
chr9_gl000199_random	2	3488	169874	0.0205329
chr9_gl000199_random	3	1237	169874	0.00728187
chr9_gl000199_random	4	464	169874	0.00273144
chr9_gl000199_random	5	166	169874	0.000977195
chr9_gl000199_random	6	24	169874	0.000141281
chr9_gl000199_random	7	23	169874	0.000135394
chr9_gl000199_random	8	13	169874	7.65273e-05
chr9_gl000199_random	9	16	169874	9.41875e-05
chr9_gl000199_random	10	21	169874	0.000123621
chr9_gl000199_random	11	3	169874	1.76601e-05
chr9_gl000200_random	0	185880	187035	0.993825
chr9_gl000200_random	1	1110	187035	0.00593472
chr9_gl000200_random	2	45	187035	0.000240597
chr9_gl000201_random	0	35948	36148	0.994467
chr9_gl000201_random	1	200	36148	0.00553281
chr11_gl000202_random	0	39812	40103	0.992744
chr11_gl000202_random	1	282	40103	0.00703189
chr11_gl000202_random	2	9	40103	0.000224422
chr17_ctg5_hap1	0	1666165	1680828	0.991276
chr17_ctg5_hap1	1	14326	1680828	0.00852318
chr17_ctg5_hap1	2	337	1680828	0.000200496
chr17_gl000203_random	0	36898	37498	0.983999
chr17_gl000203_random	1	600	37498	0.0160009
chr17_gl000204_random	0	80460	81310	0.989546
chr17_gl000204_random	1	850	81310	0.0104538
chr17_gl000205_random	0	166388	174588	0.953032
chr17_gl000205_random	1	7972	174588	0.0456618
chr17_gl000205_random	2	206	174588	0.00117992
chr17_gl000205_random	3	22	174588	0.000126011
chr17_gl000206_random	0	40377	41001	0.984781
chr17_gl000206_random	1	598	41001	0.014585
chr17_gl000206_random	2	26	41001	0.000634131
chr18_gl000207_random	0	4112	4262	0.964805
chr18_gl000207_random	1	150	4262	0.0351947
chr19_gl000208_random	0	90250	92689	0.973686
chr19_gl000208_random	1	2228	92689	0.0240374
chr19_gl000208_random	2	211	92689	0.00227643
chr19_gl000209_random	0	158788	159169	0.997606
chr19_gl000209_random	1	362	159169	0.00227431
chr19_gl000209_random	2	19	159169	0.00011937
chr21_gl000210_random	0	27582	27682	0.996388
chr21_gl000210_random	1	100	27682	0.00361246
chrUn_gl000211	0	163973	166566	0.984433
chrUn_gl000211	1	2586	166566	0.0155254
chrUn_gl000211	2	7	166566	4.20254e-05
chrUn_gl000212	0	184245	186858	0.986016
chrUn_gl000212	1	2526	186858	0.0135183
chrUn_gl000212	2	87	186858	0.000465594
chrUn_gl000213	0	162789	164239	0.991171
chrUn_gl000213	1	1450	164239	0.0088286
chrUn_gl000214	0	131522	137718	0.95501
chrUn_gl000214	1	5776	137718	0.0419408
chrUn_gl000214	2	386	137718	0.00280283
chrUn_gl000214	3	34	137718	0.000246881
chrUn_gl000215	0	171695	172545	0.995074
chrUn_gl000215	1	850	172545	0.00492625
chrUn_gl000216	0	159898	172294	0.928053
chrUn_gl000216	1	10092	172294	0.0585743
chrUn_gl000216	2	1212	172294	0.00703449
chrUn_gl000216	3	515	172294	0.00298908
chrUn_gl000216	4	150	172294	0.000870605
chrUn_gl000216	5	99	172294	0.000574599
chrUn_gl000216	6	107	172294	0.000621032
chrUn_gl000216	7	121	172294	0.000702288
chrUn_gl000216	8	44	172294	0.000255377
chrUn_gl000216	9	34	172294	0.000197337
chrUn_gl000216	10	2	172294	1.16081e-05
chrUn_gl000216	11	14	172294	8.12565e-05
chrUn_gl000216	12	5	172294	2.90202e-05
chrUn_gl000216	13	1	172294	5.80403e-06
chrUn_gl000217	0	170190	172149	0.98862
chrUn_gl000217	1	1818	172149	0.0105606
chrUn_gl000217	2	141	172149	0.000819058
chrUn_gl000218	0	154924	161147	0.961383
chrUn_gl000218	1	5914	161147	0.0366994
chrUn_gl000218	2	291	161147	0.0018058
chrUn_gl000218	3	18	161147	0.000111699
chrUn_gl000219	0	173317	179198	0.967182
chrUn_gl000219	1	5712	179198	0.0318754
chrUn_gl000219	2	169	179198	0.000943091
chrUn_gl000220	0	123365	161802	0.762444
chrUn_gl000220	1	15697	161802	0.0970136
chrUn_gl000220	2	7558	161802	0.0467114
chrUn_gl000220	3	5044	161802	0.0311739
chrUn_gl000220	4	3228	161802	0.0199503
chrUn_gl000220	5	2444	161802	0.0151049
chrUn_gl000220	6	1713	161802	0.010587
chrUn_gl000220	7	1112	161802	0.0068726
chrUn_gl000220	8	682	161802	0.00421503
chrUn_gl000220	9	404	161802	0.00249688
chrUn_gl000220	10	213	161802	0.00131642
chrUn_gl000220	11	107	161802	0.000661302
chrUn_gl000220	12	82	161802	0.000506792
chrUn_gl000220	13	69	161802	0.000426447
chrUn_gl000220	14	54	161802	0.000333741
chrUn_gl000220	15	14	161802	8.65255e-05
chrUn_gl000220	16	8	161802	4.94431e-05
chrUn_gl000220	17	7	161802	4.32628e-05
chrUn_gl000220	18	1	161802	6.18039e-06
chrUn_gl000221	0	151637	155397	0.975804
chrUn_gl000221	1	3720	155397	0.0239387
chrUn_gl000221	2	40	155397	0.000257405
chrUn_gl000222	0	183798	186861	0.983608
chrUn_gl000222	1	2876	186861	0.0153911
chrUn_gl000222	2	187	186861	0.00100074
chrUn_gl000223	0	179505	180455	0.994736
chrUn_gl000223	1	950	180455	0.00526447
chrUn_gl000224	0	167535	179693	0.93234
chrUn_gl000224	1	10506	179693	0.0584664
chrUn_gl000224	2	1308	179693	0.00727908
chrUn_gl000224	3	307	179693	0.00170847
chrUn_gl000224	4	28	179693	0.000155821
chrUn_gl000224	5	9	179693	5.00854e-05
chrUn_gl000225	0	189808	211173	0.898827
chrUn_gl000225	1	16828	211173	0.0796882
chrUn_gl000225	2	2813	211173	0.0133208
chrUn_gl000225	3	727	211173	0.00344267
chrUn_gl000225	4	518	211173	0.00245297
chrUn_gl000225	5	247	211173	0.00116966
chrUn_gl000225	6	133	211173	0.000629815
chrUn_gl000225	7	48	211173	0.000227302
chrUn_gl000225	8	21	211173	9.94445e-05
chrUn_gl000225	9	3	211173	1.42064e-05
chrUn_gl000225	10	18	211173	8.52382e-05
chrUn_gl000225	11	9	211173	4.26191e-05
chrUn_gl000226	0	2503	15008	0.166778
chrUn_gl000226	1	2202	15008	0.146722
chrUn_gl000226	2	2115	15008	0.140925
chrUn_gl000226	3	1678	15008	0.111807
chrUn_gl000226	4	1514	15008	0.10088
chrUn_gl000226	5	1138	15008	0.0758262
chrUn_gl000226	6	1034	15008	0.0688966
chrUn_gl000226	7	699	15008	0.0465752
chrUn_gl000226	8	537	15008	0.0357809
chrUn_gl000226	9	422	15008	0.0281183
chrUn_gl000226	10	309	15008	0.020589
chrUn_gl000226	11	246	15008	0.0163913
chrUn_gl000226	12	212	15008	0.0141258
chrUn_gl000226	13	129	15008	0.00859542
chrUn_gl000226	14	114	15008	0.00759595
chrUn_gl000226	15	58	15008	0.00386461
chrUn_gl000226	16	44	15008	0.00293177
chrUn_gl000226	17	25	15008	0.00166578
chrUn_gl000226	18	16	15008	0.0010661
chrUn_gl000226	19	13	15008	0.000866205
chrUn_gl000227	0	127874	128374	0.996105
chrUn_gl000227	1	500	128374	0.00389487
chrUn_gl000228	0	125786	129120	0.974179
chrUn_gl000228	1	1963	129120	0.0152029
chrUn_gl000228	2	672	129120	0.00520446
chrUn_gl000228	3	291	129120	0.00225372
chrUn_gl000228	4	150	129120	0.00116171
chrUn_gl000228	5	72	129120	0.000557621
chrUn_gl000228	6	49	129120	0.000379492
chrUn_gl000228	7	55	129120	0.00042596
chrUn_gl000228	8	21	129120	0.000162639
chrUn_gl000228	9	47	129120	0.000364002
chrUn_gl000228	10	14	129120	0.000108426
chrUn_gl000229	0	19470	19913	0.977753
chrUn_gl000229	1	436	19913	0.0218952
chrUn_gl000229	2	7	19913	0.000351529
chrUn_gl000230	0	42655	43691	0.976288
chrUn_gl000230	1	1022	43691	0.0233915
chrUn_gl000230	2	14	43691	0.000320432
chrUn_gl000231	0	26712	27386	0.975389
chrUn_gl000231	1	648	27386	0.0236617
chrUn_gl000231	2	26	27386	0.00094939
chrUn_gl000232	0	38931	40652	0.957665
chrUn_gl000232	1	1592	40652	0.0391617
chrUn_gl000232	2	129	40652	0.00317328
chrUn_gl000233	0	44891	45941	0.977145
chrUn_gl000233	1	1050	45941	0.0228554
chrUn_gl000234	0	38689	40531	0.954553
chrUn_gl000234	1	1684	40531	0.0415484
chrUn_gl000234	2	158	40531	0.00389825
chrUn_gl000235	0	33163	34474	0.961971
chrUn_gl000235	1	1222	34474	0.035447
chrUn_gl000235	2	89	34474	0.00258166
chrUn_gl000236	0	41834	41934	0.997615
chrUn_gl000236	1	100	41934	0.0023847
chrUn_gl000237	0	43684	45867	0.952406
chrUn_gl000237	1	2166	45867	0.0472235
chrUn_gl000237	2	17	45867	0.000370637
chrUn_gl000238	0	39889	39939	0.998748
chrUn_gl000238	1	50	39939	0.00125191
chrUn_gl000239	0	32824	33824	0.970435
chrUn_gl000239	1	1000	33824	0.0295648
chrUn_gl000240	0	41083	41933	0.97973
chrUn_gl000240	1	850	41933	0.0202704
chrUn_gl000241	0	39790	42152	0.943965
chrUn_gl000241	1	2274	42152	0.0539476
chrUn_gl000241	2	88	42152	0.00208768
chrUn_gl000242	0	43101	43523	0.990304
chrUn_gl000242	1	394	43523	0.00905268
chrUn_gl000242	2	28	43523	0.000643338
chrUn_gl000243	0	41627	43341	0.960453
chrUn_gl000243	1	1578	43341	0.0364089
chrUn_gl000243	2	136	43341	0.00313791
chrUn_gl000244	0	39479	39929	0.98873
chrUn_gl000244	1	450	39929	0.01127
chrUn_gl000245	0	35651	36651	0.972716
chrUn_gl000245	1	1000	36651	0.0272844
chrUn_gl000246	0	37804	38154	0.990827
chrUn_gl000246	1	350	38154	0.00917335
chrUn_gl000247	0	35735	36422	0.981138
chrUn_gl000247	1	674	36422	0.0185053
chrUn_gl000247	2	13	36422	0.000356927
chrUn_gl000248	0	39386	39786	0.989946
chrUn_gl000248	1	400	39786	0.0100538
chrUn_gl000249	0	38352	38502	0.996104
chrUn_gl000249	1	150	38502	0.0038959
genome	0	3098785249	3137161264	0.987767
genome	1	37400311	3137161264	0.0119217
genome	2	852353	3137161264	0.000271696
genome	3	42522	3137161264	1.35543e-05
genome	4	19079	3137161264	6.08161e-06
genome	5	12103	3137161264	3.85795e-06
genome	6	8937	3137161264	2.84875e-06
genome	7	6223	3137161264	1.98364e-06
genome	8	4841	3137161264	1.54311e-06
genome	9	3763	3137161264	1.19949e-06
genome	10	3190	3137161264	1.01684e-06
genome	11	2698	3137161264	8.60013e-07
genome	12	2616	3137161264	8.33875e-07
genome	13	2245	3137161264	7.15615e-07
genome	14	2006	3137161264	6.39432e-07
genome	15	1880	3137161264	5.99268e-07
genome	16	1570	3137161264	5.00452e-07
genome	17	1392	3137161264	4.43713e-07
genome	18	1280	3137161264	4.08012e-07
genome	19	1282	3137161264	4.0865e-07
genome	20	931	3137161264	2.96765e-07
genome	21	758	3137161264	2.4162e-07
genome	22	635	3137161264	2.02412e-07
genome	23	477	3137161264	1.52048e-07
genome	24	381	3137161264	1.21447e-07
genome	25	313	3137161264	9.97717e-08
genome	26	254	3137161264	8.09649e-08
genome	27	156	3137161264	4.97265e-08
genome	28	133	3137161264	4.2395e-08
genome	29	161	3137161264	5.13203e-08
genome	30	99	3137161264	3.15572e-08
genome	31	81	3137161264	2.58195e-08
genome	32	94	3137161264	2.99634e-08
genome	33	60	3137161264	1.91256e-08
genome	34	51	3137161264	1.62567e-08
genome	35	40	3137161264	1.27504e-08
genome	36	68	3137161264	2.16756e-08
genome	37	53	3137161264	1.68943e-08
genome	38	18	3137161264	5.73767e-09
genome	39	39	3137161264	1.24316e-08
genome	40	28	3137161264	8.92527e-09
genome	41	29	3137161264	9.24403e-09
genome	42	14	3137161264	4.46263e-09
genome	43	33	3137161264	1.05191e-08
genome	44	17	3137161264	5.41891e-09
genome	45	21	3137161264	6.69395e-09
genome	46	10	3137161264	3.1876e-09
genome	47	12	3137161264	3.82511e-09
genome	48	15	3137161264	4.78139e-09
genome	49	29	3137161264	9.24403e-09
genome	50	25	3137161264	7.96899e-09
genome	51	14	3137161264	4.46263e-09
genome	52	15	3137161264	4.78139e-09
genome	53	24	3137161264	7.65023e-09
genome	54	19	3137161264	6.05643e-09
genome	55	19	3137161264	6.05643e-09
genome	56	18	3137161264	5.73767e-09
genome	57	19	3137161264	6.05643e-09
genome	58	11	3137161264	3.50635e-09
genome	59	22	3137161264	7.01271e-09
genome	60	10	3137161264	3.1876e-09
genome	61	12	3137161264	3.82511e-09
genome	62	10	3137161264	3.1876e-09
genome	63	14	3137161264	4.46263e-09
genome	64	7	3137161264	2.23132e-09
genome	65	6	3137161264	1.91256e-09
genome	66	5	3137161264	1.5938e-09
genome	67	15	3137161264	4.78139e-09
genome	68	17	3137161264	5.41891e-09
genome	69	12	3137161264	3.82511e-09
genome	70	13	3137161264	4.14387e-09
genome	71	15	3137161264	4.78139e-09
genome	72	17	3137161264	5.41891e-09
genome	73	13	3137161264	4.14387e-09
genome	74	11	3137161264	3.50635e-09
genome	75	12	3137161264	3.82511e-09
genome	76	5	3137161264	1.5938e-09
genome	77	9	3137161264	2.86884e-09
genome	78	6	3137161264	1.91256e-09
genome	79	4	3137161264	1.27504e-09
genome	80	4	3137161264	1.27504e-09
genome	81	6	3137161264	1.91256e-09
genome	82	13	3137161264	4.14387e-09
genome	83	7	3137161264	2.23132e-09
genome	84	11	3137161264	3.50635e-09
genome	85	3	3137161264	9.56279e-10
genome	86	4	3137161264	1.27504e-09
genome	87	4	3137161264	1.27504e-09
genome	88	7	3137161264	2.23132e-09
genome	89	8	3137161264	2.55008e-09
genome	90	5	3137161264	1.5938e-09
genome	91	2	3137161264	6.37519e-10
genome	92	4	3137161264	1.27504e-09
genome	93	2	3137161264	6.37519e-10
genome	94	5	3137161264	1.5938e-09
genome	95	2	3137161264	6.37519e-10
genome	97	2	3137161264	6.37519e-10
genome	98	4	3137161264	1.27504e-09
genome	99	3	3137161264	9.56279e-10
genome	100	6	3137161264	1.91256e-09
genome	101	5	3137161264	1.5938e-09
genome	102	11	3137161264	3.50635e-09
genome	103	5	3137161264	1.5938e-09
genome	104	4	3137161264	1.27504e-09
genome	105	6	3137161264	1.91256e-09
genome	106	6	3137161264	1.91256e-09
genome	107	3	3137161264	9.56279e-10
genome	108	5	3137161264	1.5938e-09
genome	109	7	3137161264	2.23132e-09
genome	110	4	3137161264	1.27504e-09
genome	111	3	3137161264	9.56279e-10
genome	112	2	3137161264	6.37519e-10
genome	113	2	3137161264	6.37519e-10
genome	114	2	3137161264	6.37519e-10
genome	115	6	3137161264	1.91256e-09
genome	116	2	3137161264	6.37519e-10
genome	117	1	3137161264	3.1876e-10
genome	118	1	3137161264	3.1876e-10
genome	119	3	3137161264	9.56279e-10
genome	120	6	3137161264	1.91256e-09
genome	121	2	3137161264	6.37519e-10
genome	122	3	3137161264	9.56279e-10
genome	124	3	3137161264	9.56279e-10
genome	125	2	3137161264	6.37519e-10
genome	126	4	3137161264	1.27504e-09
genome	127	5	3137161264	1.5938e-09
genome	128	4	3137161264	1.27504e-09
genome	129	6	3137161264	1.91256e-09
genome	131	3	3137161264	9.56279e-10
genome	132	7	3137161264	2.23132e-09
genome	133	4	3137161264	1.27504e-09
genome	134	4	3137161264	1.27504e-09
genome	135	7	3137161264	2.23132e-09
genome	136	4	3137161264	1.27504e-09
genome	137	4	3137161264	1.27504e-09
genome	138	1	3137161264	3.1876e-10
genome	139	4	3137161264	1.27504e-09
genome	140	3	3137161264	9.56279e-10
genome	141	1	3137161264	3.1876e-10
genome	143	1	3137161264	3.1876e-10
genome	144	1	3137161264	3.1876e-10
genome	145	3	3137161264	9.56279e-10
genome	146	1	3137161264	3.1876e-10
genome	147	8	3137161264	2.55008e-09
genome	148	4	3137161264	1.27504e-09
genome	149	6	3137161264	1.91256e-09
genome	150	3	3137161264	9.56279e-10
genome	151	3	3137161264	9.56279e-10
genome	152	1	3137161264	3.1876e-10
genome	153	3	3137161264	9.56279e-10
genome	154	1	3137161264	3.1876e-10
genome	155	3	3137161264	9.56279e-10
genome	156	3	3137161264	9.56279e-10
genome	157	2	3137161264	6.37519e-10
genome	158	3	3137161264	9.56279e-10
genome	159	1	3137161264	3.1876e-10
genome	160	2	3137161264	6.37519e-10
genome	161	3	3137161264	9.56279e-10
genome	162	1	3137161264	3.1876e-10
genome	163	1	3137161264	3.1876e-10
genome	164	1	3137161264	3.1876e-10
genome	165	1	3137161264	3.1876e-10
genome	167	2	3137161264	6.37519e-10
