chrM	0	1	16571	6.03464e-05
chrM	1	37	16571	0.00223282
chrM	2	31	16571	0.00187074
chrM	3	81	16571	0.00488806
chrM	4	134	16571	0.00808642
chrM	5	223	16571	0.0134572
chrM	6	321	16571	0.0193712
chrM	7	505	16571	0.0304749
chrM	8	577	16571	0.0348199
chrM	9	771	16571	0.0465271
chrM	10	1034	16571	0.0623982
chrM	11	1175	16571	0.070907
chrM	12	1348	16571	0.0813469
chrM	13	1220	16571	0.0736226
chrM	14	1258	16571	0.0759158
chrM	15	1243	16571	0.0750106
chrM	16	1121	16571	0.0676483
chrM	17	1195	16571	0.0721139
chrM	18	990	16571	0.0597429
chrM	19	766	16571	0.0462253
chrM	20	628	16571	0.0378975
chrM	21	533	16571	0.0321646
chrM	22	423	16571	0.0255265
chrM	23	330	16571	0.0199143
chrM	24	193	16571	0.0116469
chrM	25	145	16571	0.00875023
chrM	26	95	16571	0.00573291
chrM	27	63	16571	0.00380182
chrM	28	71	16571	0.00428459
chrM	29	29	16571	0.00175005
chrM	30	15	16571	0.000905196
chrM	31	4	16571	0.000241386
chrM	32	4	16571	0.000241386
chrM	35	2	16571	0.000120693
chrM	36	5	16571	0.000301732
chr1	0	245994922	249250621	0.986938
chr1	1	3169610	249250621	0.0127166
chr1	2	81664	249250621	0.000327638
chr1	3	2362	249250621	9.47641e-06
chr1	4	269	249250621	1.07924e-06
chr1	5	162	249250621	6.49948e-07
chr1	6	197	249250621	7.90369e-07
chr1	7	95	249250621	3.81142e-07
chr1	8	85	249250621	3.41022e-07
chr1	9	45	249250621	1.80541e-07
chr1	10	16	249250621	6.41924e-08
chr1	11	30	249250621	1.20361e-07
chr1	12	23	249250621	9.22766e-08
chr1	13	27	249250621	1.08325e-07
chr1	14	24	249250621	9.62886e-08
chr1	15	15	249250621	6.01804e-08
chr1	16	16	249250621	6.41924e-08
chr1	17	34	249250621	1.36409e-07
chr1	18	27	249250621	1.08325e-07
chr1	19	26	249250621	1.04313e-07
chr1	20	13	249250621	5.21563e-08
chr1	21	7	249250621	2.80842e-08
chr1	22	17	249250621	6.82044e-08
chr1	23	19	249250621	7.62285e-08
chr1	24	28	249250621	1.12337e-07
chr1	25	30	249250621	1.20361e-07
chr1	26	18	249250621	7.22165e-08
chr1	27	22	249250621	8.82646e-08
chr1	28	14	249250621	5.61684e-08
chr1	29	21	249250621	8.42525e-08
chr1	30	12	249250621	4.81443e-08
chr1	31	30	249250621	1.20361e-07
chr1	32	30	249250621	1.20361e-07
chr1	33	34	249250621	1.36409e-07
chr1	34	28	249250621	1.12337e-07
chr1	35	23	249250621	9.22766e-08
chr1	36	18	249250621	7.22165e-08
chr1	37	34	249250621	1.36409e-07
chr1	38	14	249250621	5.61684e-08
chr1	39	30	249250621	1.20361e-07
chr1	40	14	249250621	5.61684e-08
chr1	41	8	249250621	3.20962e-08
chr1	42	14	249250621	5.61684e-08
chr1	43	20	249250621	8.02405e-08
chr1	44	13	249250621	5.21563e-08
chr1	45	13	249250621	5.21563e-08
chr1	46	15	249250621	6.01804e-08
chr1	47	13	249250621	5.21563e-08
chr1	48	14	249250621	5.61684e-08
chr1	49	7	249250621	2.80842e-08
chr1	50	15	249250621	6.01804e-08
chr1	51	8	249250621	3.20962e-08
chr1	52	4	249250621	1.60481e-08
chr1	53	10	249250621	4.01203e-08
chr1	55	7	249250621	2.80842e-08
chr1	56	5	249250621	2.00601e-08
chr1	57	2	249250621	8.02405e-09
chr1	58	2	249250621	8.02405e-09
chr1	59	5	249250621	2.00601e-08
chr1	60	4	249250621	1.60481e-08
chr1	61	3	249250621	1.20361e-08
chr1	62	3	249250621	1.20361e-08
chr1	63	6	249250621	2.40722e-08
chr1	64	4	249250621	1.60481e-08
chr1	65	7	249250621	2.80842e-08
chr1	66	7	249250621	2.80842e-08
chr1	67	8	249250621	3.20962e-08
chr1	68	5	249250621	2.00601e-08
chr1	69	3	249250621	1.20361e-08
chr1	70	1	249250621	4.01203e-09
chr1	72	5	249250621	2.00601e-08
chr1	73	8	249250621	3.20962e-08
chr1	74	7	249250621	2.80842e-08
chr1	75	1	249250621	4.01203e-09
chr1	76	5	249250621	2.00601e-08
chr1	77	2	249250621	8.02405e-09
chr1	78	2	249250621	8.02405e-09
chr1	81	1	249250621	4.01203e-09
chr1	82	5	249250621	2.00601e-08
chr1	83	5	249250621	2.00601e-08
chr1	84	5	249250621	2.00601e-08
chr1	85	3	249250621	1.20361e-08
chr1	86	5	249250621	2.00601e-08
chr1	87	3	249250621	1.20361e-08
chr1	88	4	249250621	1.60481e-08
chr1	89	5	249250621	2.00601e-08
chr1	90	6	249250621	2.40722e-08
chr1	91	2	249250621	8.02405e-09
chr1	92	8	249250621	3.20962e-08
chr1	93	9	249250621	3.61082e-08
chr1	94	8	249250621	3.20962e-08
chr1	95	6	249250621	2.40722e-08
chr1	96	11	249250621	4.41323e-08
chr1	97	10	249250621	4.01203e-08
chr1	98	11	249250621	4.41323e-08
chr1	99	9	249250621	3.61082e-08
chr1	100	6	249250621	2.40722e-08
chr1	101	7	249250621	2.80842e-08
chr1	102	5	249250621	2.00601e-08
chr1	103	10	249250621	4.01203e-08
chr1	104	5	249250621	2.00601e-08
chr1	105	8	249250621	3.20962e-08
chr1	106	6	249250621	2.40722e-08
chr1	107	5	249250621	2.00601e-08
chr1	108	8	249250621	3.20962e-08
chr1	109	6	249250621	2.40722e-08
chr1	110	2	249250621	8.02405e-09
chr1	111	3	249250621	1.20361e-08
chr1	112	3	249250621	1.20361e-08
chr1	113	7	249250621	2.80842e-08
chr1	114	6	249250621	2.40722e-08
chr1	115	5	249250621	2.00601e-08
chr1	116	2	249250621	8.02405e-09
chr1	117	2	249250621	8.02405e-09
chr1	118	2	249250621	8.02405e-09
chr1	119	6	249250621	2.40722e-08
chr1	120	4	249250621	1.60481e-08
chr1	121	1	249250621	4.01203e-09
chr1	122	2	249250621	8.02405e-09
chr1	123	5	249250621	2.00601e-08
chr1	124	6	249250621	2.40722e-08
chr1	126	3	249250621	1.20361e-08
chr1	127	1	249250621	4.01203e-09
chr1	130	4	249250621	1.60481e-08
chr1	132	1	249250621	4.01203e-09
chr1	133	3	249250621	1.20361e-08
chr1	134	6	249250621	2.40722e-08
chr1	135	1	249250621	4.01203e-09
chr1	136	1	249250621	4.01203e-09
chr1	137	2	249250621	8.02405e-09
chr2	0	240118165	243199373	0.98733
chr2	1	3002708	243199373	0.0123467
chr2	2	72377	243199373	0.000297604
chr2	3	3128	243199373	1.28619e-05
chr2	4	1073	243199373	4.41202e-06
chr2	5	858	243199373	3.52797e-06
chr2	6	439	243199373	1.8051e-06
chr2	7	150	243199373	6.16778e-07
chr2	8	157	243199373	6.45561e-07
chr2	9	118	243199373	4.85199e-07
chr2	10	47	243199373	1.93257e-07
chr2	11	37	243199373	1.52139e-07
chr2	12	54	243199373	2.2204e-07
chr2	13	35	243199373	1.43915e-07
chr2	14	16	243199373	6.57896e-08
chr2	15	10	243199373	4.11185e-08
chr2	16	1	243199373	4.11185e-09
chr3	0	195538720	198022430	0.987457
chr3	1	2428546	198022430	0.012264
chr3	2	53879	198022430	0.000272085
chr3	3	1192	198022430	6.01952e-06
chr3	4	18	198022430	9.08988e-08
chr3	5	22	198022430	1.11099e-07
chr3	6	33	198022430	1.66648e-07
chr3	7	20	198022430	1.00999e-07
chr4	0	188967588	191154276	0.988561
chr4	1	2140443	191154276	0.0111975
chr4	2	45096	191154276	0.000235914
chr4	3	928	191154276	4.85472e-06
chr4	4	165	191154276	8.63177e-07
chr4	5	25	191154276	1.30784e-07
chr4	6	21	191154276	1.09859e-07
chr4	7	10	191154276	5.23138e-08
chr5	0	178799242	180915260	0.988304
chr5	1	2068705	180915260	0.0114347
chr5	2	45122	180915260	0.00024941
chr5	3	1149	180915260	6.35104e-06
chr5	4	356	180915260	1.96777e-06
chr5	5	269	180915260	1.48688e-06
chr5	6	241	180915260	1.33212e-06
chr5	7	111	180915260	6.13547e-07
chr5	8	38	180915260	2.10043e-07
chr5	9	12	180915260	6.63294e-08
chr5	10	15	180915260	8.29117e-08
chr6	0	168773628	171115067	0.986317
chr6	1	2286516	171115067	0.0133624
chr6	2	50844	171115067	0.000297133
chr6	3	900	171115067	5.25962e-06
chr6	4	96	171115067	5.61026e-07
chr6	5	140	171115067	8.18163e-07
chr6	6	241	171115067	1.40841e-06
chr6	7	303	171115067	1.77074e-06
chr6	8	292	171115067	1.70645e-06
chr6	9	340	171115067	1.98697e-06
chr6	10	320	171115067	1.87009e-06
chr6	11	290	171115067	1.69477e-06
chr6	12	231	171115067	1.34997e-06
chr6	13	287	171115067	1.67723e-06
chr6	14	156	171115067	9.11667e-07
chr6	15	145	171115067	8.47383e-07
chr6	16	151	171115067	8.82447e-07
chr6	17	81	171115067	4.73366e-07
chr6	18	47	171115067	2.74669e-07
chr6	19	32	171115067	1.87009e-07
chr6	20	20	171115067	1.1688e-07
chr6	21	4	171115067	2.33761e-08
chr6	22	3	171115067	1.75321e-08
chr7	0	157076359	159138663	0.987041
chr7	1	2011292	159138663	0.0126386
chr7	2	48420	159138663	0.000304263
chr7	3	1137	159138663	7.14471e-06
chr7	4	155	159138663	9.73993e-07
chr7	5	138	159138663	8.67168e-07
chr7	6	64	159138663	4.02165e-07
chr7	7	45	159138663	2.82772e-07
chr7	8	49	159138663	3.07908e-07
chr7	9	45	159138663	2.82772e-07
chr7	10	49	159138663	3.07908e-07
chr7	11	116	159138663	7.28924e-07
chr7	12	94	159138663	5.9068e-07
chr7	13	46	159138663	2.89056e-07
chr7	14	44	159138663	2.76488e-07
chr7	15	35	159138663	2.19934e-07
chr7	16	40	159138663	2.51353e-07
chr7	17	55	159138663	3.45611e-07
chr7	18	111	159138663	6.97505e-07
chr7	19	59	159138663	3.70746e-07
chr7	20	55	159138663	3.45611e-07
chr7	21	20	159138663	1.25677e-07
chr7	22	24	159138663	1.50812e-07
chr7	23	10	159138663	6.28383e-08
chr7	24	22	159138663	1.38244e-07
chr7	25	30	159138663	1.88515e-07
chr7	26	21	159138663	1.3196e-07
chr7	27	6	159138663	3.7703e-08
chr7	28	30	159138663	1.88515e-07
chr7	29	11	159138663	6.91221e-08
chr7	30	10	159138663	6.28383e-08
chr7	31	7	159138663	4.39868e-08
chr7	32	11	159138663	6.91221e-08
chr7	33	12	159138663	7.54059e-08
chr7	34	10	159138663	6.28383e-08
chr7	35	5	159138663	3.14191e-08
chr7	36	4	159138663	2.51353e-08
chr7	37	2	159138663	1.25677e-08
chr7	38	1	159138663	6.28383e-09
chr7	39	1	159138663	6.28383e-09
chr7	40	12	159138663	7.54059e-08
chr7	41	6	159138663	3.7703e-08
chr8	0	144581619	146364022	0.987822
chr8	1	1737780	146364022	0.011873
chr8	2	41898	146364022	0.000286259
chr8	3	1783	146364022	1.2182e-05
chr8	4	442	146364022	3.01987e-06
chr8	5	310	146364022	2.11801e-06
chr8	6	114	146364022	7.7888e-07
chr8	7	35	146364022	2.3913e-07
chr8	8	41	146364022	2.80123e-07
chr9	0	139422470	141213431	0.987317
chr9	1	1743322	141213431	0.0123453
chr9	2	46453	141213431	0.000328956
chr9	3	1009	141213431	7.14521e-06
chr9	4	80	141213431	5.66518e-07
chr9	5	41	141213431	2.90341e-07
chr9	6	22	141213431	1.55793e-07
chr9	7	34	141213431	2.4077e-07
chr10	0	133864249	135534747	0.987675
chr10	1	1622732	135534747	0.0119728
chr10	2	38204	135534747	0.000281876
chr10	3	2637	135534747	1.94563e-05
chr10	4	1515	135534747	1.11779e-05
chr10	5	1124	135534747	8.29308e-06
chr10	6	825	135534747	6.087e-06
chr10	7	596	135534747	4.3974e-06
chr10	8	524	135534747	3.86617e-06
chr10	9	439	135534747	3.23902e-06
chr10	10	359	135534747	2.64877e-06
chr10	11	175	135534747	1.29118e-06
chr10	12	146	135534747	1.07721e-06
chr10	13	163	135534747	1.20264e-06
chr10	14	129	135534747	9.51785e-07
chr10	15	115	135534747	8.48491e-07
chr10	16	119	135534747	8.78004e-07
chr10	17	122	135534747	9.00138e-07
chr10	18	101	135534747	7.45196e-07
chr10	19	69	135534747	5.09095e-07
chr10	20	47	135534747	3.46775e-07
chr10	21	45	135534747	3.32018e-07
chr10	22	26	135534747	1.91833e-07
chr10	23	33	135534747	2.4348e-07
chr10	24	23	135534747	1.69698e-07
chr10	25	31	135534747	2.28724e-07
chr10	26	21	135534747	1.54942e-07
chr10	27	17	135534747	1.25429e-07
chr10	28	13	135534747	9.59164e-08
chr10	29	20	135534747	1.47564e-07
chr10	30	27	135534747	1.99211e-07
chr10	31	35	135534747	2.58236e-07
chr10	32	16	135534747	1.18051e-07
chr10	33	5	135534747	3.68909e-08
chr10	34	8	135534747	5.90255e-08
chr10	35	10	135534747	7.37818e-08
chr10	36	5	135534747	3.68909e-08
chr10	37	3	135534747	2.21345e-08
chr10	38	5	135534747	3.68909e-08
chr10	39	4	135534747	2.95127e-08
chr10	40	6	135534747	4.42691e-08
chr10	41	1	135534747	7.37818e-09
chr10	42	3	135534747	2.21345e-08
chr11	0	133110797	135006516	0.985958
chr11	1	1847030	135006516	0.013681
chr11	2	46265	135006516	0.000342687
chr11	3	1237	135006516	9.16252e-06
chr11	4	394	135006516	2.91838e-06
chr11	5	188	135006516	1.39253e-06
chr11	6	134	135006516	9.92545e-07
chr11	7	107	135006516	7.92554e-07
chr11	8	75	135006516	5.55529e-07
chr11	9	73	135006516	5.40715e-07
chr11	10	68	135006516	5.03679e-07
chr11	11	43	135006516	3.18503e-07
chr11	12	42	135006516	3.11096e-07
chr11	13	6	135006516	4.44423e-08
chr11	14	13	135006516	9.62917e-08
chr11	16	7	135006516	5.18494e-08
chr11	17	8	135006516	5.92564e-08
chr11	18	2	135006516	1.48141e-08
chr11	19	8	135006516	5.92564e-08
chr11	20	11	135006516	8.14776e-08
chr11	22	4	135006516	2.96282e-08
chr11	23	4	135006516	2.96282e-08
chr12	0	131806034	133851895	0.984715
chr12	1	1991900	133851895	0.0148814
chr12	2	52547	133851895	0.000392576
chr12	3	1100	133851895	8.21804e-06
chr12	4	102	133851895	7.62036e-07
chr12	5	41	133851895	3.06309e-07
chr12	6	51	133851895	3.81018e-07
chr12	7	32	133851895	2.3907e-07
chr12	8	35	133851895	2.61483e-07
chr12	9	48	133851895	3.58605e-07
chr12	10	4	133851895	2.98838e-08
chr12	11	1	133851895	7.47094e-09
chr13	0	114016650	115169878	0.989987
chr13	1	1128899	115169878	0.00980203
chr13	2	23902	115169878	0.000207537
chr13	3	344	115169878	2.98689e-06
chr13	4	31	115169878	2.69168e-07
chr13	5	4	115169878	3.47313e-08
chr13	6	15	115169878	1.30242e-07
chr13	7	33	115169878	2.86533e-07
chr14	0	105981883	107349540	0.98726
chr14	1	1333525	107349540	0.0124223
chr14	2	33648	107349540	0.000313443
chr14	3	457	107349540	4.25712e-06
chr14	4	27	107349540	2.51515e-07
chr15	0	101315364	102531392	0.98814
chr15	1	1186082	102531392	0.011568
chr15	2	29620	102531392	0.000288887
chr15	3	326	102531392	3.17951e-06
chr16	0	89139887	90354753	0.986555
chr16	1	1166735	90354753	0.0129128
chr16	2	38102	90354753	0.000421693
chr16	3	4270	90354753	4.72582e-05
chr16	4	2351	90354753	2.60197e-05
chr16	5	1181	90354753	1.30707e-05
chr16	6	1012	90354753	1.12003e-05
chr16	7	497	90354753	5.50054e-06
chr16	8	273	90354753	3.02142e-06
chr16	9	195	90354753	2.15816e-06
chr16	10	76	90354753	8.41129e-07
chr16	11	36	90354753	3.9843e-07
chr16	12	58	90354753	6.41914e-07
chr16	13	48	90354753	5.31239e-07
chr16	14	19	90354753	2.10282e-07
chr16	16	11	90354753	1.21742e-07
chr16	17	2	90354753	2.2135e-08
chr17	0	79930881	81195210	0.984429
chr17	1	1224478	81195210	0.0150807
chr17	2	37208	81195210	0.000458254
chr17	3	1438	81195210	1.77104e-05
chr17	4	418	81195210	5.14809e-06
chr17	5	233	81195210	2.86963e-06
chr17	6	206	81195210	2.5371e-06
chr17	7	71	81195210	8.74436e-07
chr17	8	70	81195210	8.6212e-07
chr17	9	40	81195210	4.9264e-07
chr17	10	49	81195210	6.03484e-07
chr17	11	36	81195210	4.43376e-07
chr17	12	3	81195210	3.6948e-08
chr17	13	5	81195210	6.158e-08
chr17	14	10	81195210	1.2316e-07
chr17	15	6	81195210	7.3896e-08
chr17	16	8	81195210	9.8528e-08
chr17	20	1	81195210	1.2316e-08
chr17	21	13	81195210	1.60108e-07
chr17	22	12	81195210	1.47792e-07
chr17	23	5	81195210	6.158e-08
chr17	25	10	81195210	1.2316e-07
chr17	26	8	81195210	9.8528e-08
chr17	27	1	81195210	1.2316e-08
chr18	0	77236023	78077248	0.989226
chr18	1	820983	78077248	0.010515
chr18	2	18232	78077248	0.000233512
chr18	3	916	78077248	1.1732e-05
chr18	4	486	78077248	6.2246e-06
chr18	5	201	78077248	2.57437e-06
chr18	6	154	78077248	1.97241e-06
chr18	7	105	78077248	1.34482e-06
chr18	8	44	78077248	5.63544e-07
chr18	9	31	78077248	3.97043e-07
chr18	10	25	78077248	3.20196e-07
chr18	11	26	78077248	3.33004e-07
chr18	12	10	78077248	1.28078e-07
chr18	13	8	78077248	1.02463e-07
chr18	14	4	78077248	5.12313e-08
chr19	0	58343065	59128983	0.986708
chr19	1	759512	59128983	0.012845
chr19	2	23561	59128983	0.000398468
chr19	3	920	59128983	1.55592e-05
chr19	4	365	59128983	6.17295e-06
chr19	5	329	59128983	5.56411e-06
chr19	6	177	59128983	2.99346e-06
chr19	7	182	59128983	3.07802e-06
chr19	8	73	59128983	1.23459e-06
chr19	9	69	59128983	1.16694e-06
chr19	10	64	59128983	1.08238e-06
chr19	11	46	59128983	7.7796e-07
chr19	12	44	59128983	7.44136e-07
chr19	13	27	59128983	4.56629e-07
chr19	14	38	59128983	6.42663e-07
chr19	15	40	59128983	6.76487e-07
chr19	16	42	59128983	7.10312e-07
chr19	17	29	59128983	4.90453e-07
chr19	18	34	59128983	5.75014e-07
chr19	19	51	59128983	8.62521e-07
chr19	20	9	59128983	1.5221e-07
chr19	21	11	59128983	1.86034e-07
chr19	22	18	59128983	3.04419e-07
chr19	23	6	59128983	1.01473e-07
chr19	24	3	59128983	5.07365e-08
chr19	26	2	59128983	3.38244e-08
chr19	27	10	59128983	1.69122e-07
chr19	28	11	59128983	1.86034e-07
chr19	29	5	59128983	8.45609e-08
chr19	30	5	59128983	8.45609e-08
chr19	31	12	59128983	2.02946e-07
chr19	32	4	59128983	6.76487e-08
chr19	33	28	59128983	4.73541e-07
chr19	34	17	59128983	2.87507e-07
chr19	35	8	59128983	1.35297e-07
chr19	36	9	59128983	1.5221e-07
chr19	37	29	59128983	4.90453e-07
chr19	38	4	59128983	6.76487e-08
chr19	39	9	59128983	1.5221e-07
chr19	40	17	59128983	2.87507e-07
chr19	41	8	59128983	1.35297e-07
chr19	42	11	59128983	1.86034e-07
chr19	43	4	59128983	6.76487e-08
chr19	44	4	59128983	6.76487e-08
chr19	45	11	59128983	1.86034e-07
chr19	46	7	59128983	1.18385e-07
chr19	47	12	59128983	2.02946e-07
chr19	48	10	59128983	1.69122e-07
chr19	49	6	59128983	1.01473e-07
chr19	50	2	59128983	3.38244e-08
chr19	51	4	59128983	6.76487e-08
chr19	52	12	59128983	2.02946e-07
chr19	53	2	59128983	3.38244e-08
chr19	54	1	59128983	1.69122e-08
chr19	55	2	59128983	3.38244e-08
chr19	56	2	59128983	3.38244e-08
chr20	0	62195107	63025520	0.986824
chr20	1	808040	63025520	0.0128208
chr20	2	21923	63025520	0.000347843
chr20	3	436	63025520	6.91783e-06
chr20	4	14	63025520	2.22132e-07
chr21	0	47643813	48129895	0.989901
chr21	1	473229	48129895	0.00983233
chr21	2	12476	48129895	0.000259215
chr21	3	278	48129895	5.77604e-06
chr21	4	24	48129895	4.98651e-07
chr21	5	61	48129895	1.2674e-06
chr21	6	14	48129895	2.90879e-07
chr22	0	50772781	51304566	0.989635
chr22	1	516570	51304566	0.0100687
chr22	2	14915	51304566	0.000290715
chr22	3	300	51304566	5.84743e-06
chrX	0	153641679	155270560	0.989509
chrX	1	1587453	155270560	0.0102238
chrX	2	37106	155270560	0.000238976
chrX	3	2661	155270560	1.71378e-05
chrX	4	759	155270560	4.88824e-06
chrX	5	407	155270560	2.62123e-06
chrX	6	170	155270560	1.09486e-06
chrX	7	102	155270560	6.56918e-07
chrX	8	83	155270560	5.34551e-07
chrX	9	67	155270560	4.31505e-07
chrX	10	29	155270560	1.86771e-07
chrX	11	40	155270560	2.57615e-07
chrX	12	2	155270560	1.28807e-08
chrX	13	2	155270560	1.28807e-08
chrY	0	59340302	59373566	0.99944
chrY	1	30505	59373566	0.000513781
chrY	2	1769	59373566	2.97944e-05
chrY	3	447	59373566	7.5286e-06
chrY	4	133	59373566	2.24005e-06
chrY	5	176	59373566	2.96428e-06
chrY	6	150	59373566	2.52638e-06
chrY	7	76	59373566	1.28003e-06
chrY	9	8	59373566	1.3474e-07
chr1_gl000191_random	0	105074	106433	0.987231
chr1_gl000191_random	1	1318	106433	0.0123834
chr1_gl000191_random	2	41	106433	0.000385219
chr1_gl000192_random	0	540911	547496	0.987972
chr1_gl000192_random	1	6370	547496	0.0116348
chr1_gl000192_random	2	215	547496	0.000392697
chr4_ctg9_hap1	0	587537	590426	0.995107
chr4_ctg9_hap1	1	2828	590426	0.00478976
chr4_ctg9_hap1	2	61	590426	0.000103315
chr4_gl000193_random	0	184991	189789	0.974719
chr4_gl000193_random	1	4671	189789	0.0246115
chr4_gl000193_random	2	102	189789	0.000537439
chr4_gl000193_random	3	25	189789	0.000131725
chr4_gl000194_random	0	188242	191469	0.983146
chr4_gl000194_random	1	3204	191469	0.0167338
chr4_gl000194_random	2	23	191469	0.000120124
chr6_apd_hap1	0	4616948	4622290	0.998844
chr6_apd_hap1	1	5184	4622290	0.00112152
chr6_apd_hap1	2	158	4622290	3.41822e-05
chr6_cox_hap2	0	4777963	4795371	0.99637
chr6_cox_hap2	1	17166	4795371	0.0035797
chr6_cox_hap2	2	242	4795371	5.04653e-05
chr6_dbb_hap3	0	4597352	4610396	0.997171
chr6_dbb_hap3	1	12938	4610396	0.00280627
chr6_dbb_hap3	2	106	4610396	2.29915e-05
chr6_mann_hap4	0	4671569	4683263	0.997503
chr6_mann_hap4	1	11488	4683263	0.00245299
chr6_mann_hap4	2	206	4683263	4.39864e-05
chr6_mcf_hap5	0	4820165	4833398	0.997262
chr6_mcf_hap5	1	13016	4833398	0.00269293
chr6_mcf_hap5	2	217	4833398	4.4896e-05
chr6_qbl_hap6	0	4599100	4611984	0.997206
chr6_qbl_hap6	1	12505	4611984	0.00271141
chr6_qbl_hap6	2	342	4611984	7.41546e-05
chr6_qbl_hap6	3	37	4611984	8.02258e-06
chr6_ssto_hap7	0	4916983	4928567	0.99765
chr6_ssto_hap7	1	11418	4928567	0.0023167
chr6_ssto_hap7	2	166	4928567	3.36812e-05
chr7_gl000195_random	0	172707	182896	0.944291
chr7_gl000195_random	1	9551	182896	0.0522209
chr7_gl000195_random	2	615	182896	0.00336257
chr7_gl000195_random	3	23	182896	0.000125755
chr8_gl000196_random	0	38864	38914	0.998715
chr8_gl000196_random	1	50	38914	0.00128488
chr8_gl000197_random	0	36675	37175	0.98655
chr8_gl000197_random	1	500	37175	0.0134499
chr9_gl000198_random	0	88314	90085	0.980341
chr9_gl000198_random	1	1692	90085	0.0187823
chr9_gl000198_random	2	79	90085	0.00087695
chr9_gl000199_random	0	152327	169874	0.896706
chr9_gl000199_random	1	14389	169874	0.084704
chr9_gl000199_random	2	2137	169874	0.0125799
chr9_gl000199_random	3	543	169874	0.00319649
chr9_gl000199_random	4	208	169874	0.00122444
chr9_gl000199_random	5	120	169874	0.000706406
chr9_gl000199_random	6	87	169874	0.000512144
chr9_gl000199_random	7	56	169874	0.000329656
chr9_gl000199_random	8	1	169874	5.88672e-06
chr9_gl000199_random	9	6	169874	3.53203e-05
chr9_gl000200_random	0	185847	187035	0.993648
chr9_gl000200_random	1	1176	187035	0.00628759
chr9_gl000200_random	2	12	187035	6.41591e-05
chr9_gl000201_random	0	36048	36148	0.997234
chr9_gl000201_random	1	100	36148	0.0027664
chr11_gl000202_random	0	39603	40103	0.987532
chr11_gl000202_random	1	500	40103	0.0124679
chr17_ctg5_hap1	0	1663571	1680828	0.989733
chr17_ctg5_hap1	1	16714	1680828	0.00994391
chr17_ctg5_hap1	2	543	1680828	0.000323055
chr17_gl000203_random	0	36979	37498	0.986159
chr17_gl000203_random	1	488	37498	0.013014
chr17_gl000203_random	2	31	37498	0.000826711
chr17_gl000204_random	0	80317	81310	0.987787
chr17_gl000204_random	1	986	81310	0.0121264
chr17_gl000204_random	2	7	81310	8.60903e-05
chr17_gl000205_random	0	165158	174588	0.945987
chr17_gl000205_random	1	9010	174588	0.0516072
chr17_gl000205_random	2	420	174588	0.00240566
chr17_gl000206_random	0	40851	41001	0.996342
chr17_gl000206_random	1	150	41001	0.00365845
chr18_gl000207_random	0	4112	4262	0.964805
chr18_gl000207_random	1	150	4262	0.0351947
chr19_gl000208_random	0	89902	92689	0.969932
chr19_gl000208_random	1	2724	92689	0.0293886
chr19_gl000208_random	2	63	92689	0.000679692
chr19_gl000209_random	0	158969	159169	0.998743
chr19_gl000209_random	1	200	159169	0.00125653
chr21_gl000210_random	0	27532	27682	0.994581
chr21_gl000210_random	1	150	27682	0.00541868
chrUn_gl000211	0	164992	166566	0.99055
chrUn_gl000211	1	1548	166566	0.00929361
chrUn_gl000211	2	26	166566	0.000156094
chrUn_gl000212	0	183700	186858	0.983099
chrUn_gl000212	1	3116	186858	0.0166758
chrUn_gl000212	2	42	186858	0.00022477
chrUn_gl000213	0	163689	164239	0.996651
chrUn_gl000213	1	550	164239	0.00334878
chrUn_gl000214	0	130050	137718	0.944321
chrUn_gl000214	1	7386	137718	0.0536313
chrUn_gl000214	2	282	137718	0.00204766
chrUn_gl000215	0	172045	172545	0.997102
chrUn_gl000215	1	500	172545	0.00289779
chrUn_gl000216	0	165739	172294	0.961955
chrUn_gl000216	1	5331	172294	0.0309413
chrUn_gl000216	2	809	172294	0.00469546
chrUn_gl000216	3	217	172294	0.00125948
chrUn_gl000216	4	114	172294	0.00066166
chrUn_gl000216	5	60	172294	0.000348242
chrUn_gl000216	6	24	172294	0.000139297
chrUn_gl000217	0	170100	172149	0.988098
chrUn_gl000217	1	2048	172149	0.0118967
chrUn_gl000217	2	1	172149	5.80892e-06
chrUn_gl000218	0	155401	161147	0.964343
chrUn_gl000218	1	5642	161147	0.0350115
chrUn_gl000218	2	104	161147	0.000645373
chrUn_gl000219	0	173633	179198	0.968945
chrUn_gl000219	1	5330	179198	0.0297436
chrUn_gl000219	2	235	179198	0.0013114
chrUn_gl000220	0	119749	161802	0.740096
chrUn_gl000220	1	17386	161802	0.107452
chrUn_gl000220	2	7320	161802	0.0452405
chrUn_gl000220	3	5222	161802	0.032274
chrUn_gl000220	4	3728	161802	0.0230405
chrUn_gl000220	5	2535	161802	0.0156673
chrUn_gl000220	6	1871	161802	0.0115635
chrUn_gl000220	7	1434	161802	0.00886268
chrUn_gl000220	8	1049	161802	0.00648323
chrUn_gl000220	9	691	161802	0.00427065
chrUn_gl000220	10	373	161802	0.00230529
chrUn_gl000220	11	228	161802	0.00140913
chrUn_gl000220	12	117	161802	0.000723106
chrUn_gl000220	13	59	161802	0.000364643
chrUn_gl000220	14	23	161802	0.000142149
chrUn_gl000220	15	7	161802	4.32628e-05
chrUn_gl000220	16	10	161802	6.18039e-05
chrUn_gl000221	0	152166	155397	0.979208
chrUn_gl000221	1	3062	155397	0.0197044
chrUn_gl000221	2	169	155397	0.00108754
chrUn_gl000222	0	184611	186861	0.987959
chrUn_gl000222	1	2250	186861	0.012041
chrUn_gl000223	0	178977	180455	0.99181
chrUn_gl000223	1	1406	180455	0.00779142
chrUn_gl000223	2	72	180455	0.000398991
chrUn_gl000224	0	166904	179693	0.928829
chrUn_gl000224	1	10429	179693	0.0580379
chrUn_gl000224	2	1882	179693	0.0104734
chrUn_gl000224	3	386	179693	0.00214811
chrUn_gl000224	4	61	179693	0.000339468
chrUn_gl000224	5	31	179693	0.000172516
chrUn_gl000225	0	193717	211173	0.917338
chrUn_gl000225	1	13784	211173	0.0652735
chrUn_gl000225	2	2658	211173	0.0125868
chrUn_gl000225	3	712	211173	0.00337164
chrUn_gl000225	4	223	211173	0.00105601
chrUn_gl000225	5	18	211173	8.52382e-05
chrUn_gl000225	6	45	211173	0.000213095
chrUn_gl000225	7	16	211173	7.57673e-05
chrUn_gl000226	0	2415	15008	0.160914
chrUn_gl000226	1	2515	15008	0.167577
chrUn_gl000226	2	2121	15008	0.141325
chrUn_gl000226	3	2042	15008	0.136061
chrUn_gl000226	4	1556	15008	0.103678
chrUn_gl000226	5	1262	15008	0.0840885
chrUn_gl000226	6	914	15008	0.0609009
chrUn_gl000226	7	584	15008	0.0389126
chrUn_gl000226	8	496	15008	0.033049
chrUn_gl000226	9	322	15008	0.0214552
chrUn_gl000226	10	267	15008	0.0177905
chrUn_gl000226	11	133	15008	0.00886194
chrUn_gl000226	12	95	15008	0.00632996
chrUn_gl000226	13	69	15008	0.00459755
chrUn_gl000226	14	69	15008	0.00459755
chrUn_gl000226	15	39	15008	0.00259861
chrUn_gl000226	16	37	15008	0.00246535
chrUn_gl000226	17	19	15008	0.00126599
chrUn_gl000226	18	14	15008	0.000932836
chrUn_gl000226	19	12	15008	0.000799574
chrUn_gl000226	20	5	15008	0.000333156
chrUn_gl000226	21	12	15008	0.000799574
chrUn_gl000226	22	3	15008	0.000199893
chrUn_gl000226	23	7	15008	0.000466418
chrUn_gl000227	0	127591	128374	0.993901
chrUn_gl000227	1	766	128374	0.00596694
chrUn_gl000227	2	17	128374	0.000132426
chrUn_gl000228	0	126200	129120	0.977385
chrUn_gl000228	1	1845	129120	0.014289
chrUn_gl000228	2	511	129120	0.00395756
chrUn_gl000228	3	272	129120	0.00210657
chrUn_gl000228	4	93	129120	0.00072026
chrUn_gl000228	5	57	129120	0.00044145
chrUn_gl000228	6	55	129120	0.00042596
chrUn_gl000228	7	19	129120	0.00014715
chrUn_gl000228	8	33	129120	0.000255576
chrUn_gl000228	9	18	129120	0.000139405
chrUn_gl000228	10	16	129120	0.000123916
chrUn_gl000228	11	1	129120	7.74473e-06
chrUn_gl000229	0	19363	19913	0.97238
chrUn_gl000229	1	550	19913	0.0276201
chrUn_gl000230	0	43341	43691	0.991989
chrUn_gl000230	1	350	43691	0.0080108
chrUn_gl000231	0	26299	27386	0.960308
chrUn_gl000231	1	1024	27386	0.0373914
chrUn_gl000231	2	63	27386	0.00230045
chrUn_gl000232	0	38207	40652	0.939855
chrUn_gl000232	1	2390	40652	0.0587917
chrUn_gl000232	2	55	40652	0.00135295
chrUn_gl000233	0	45641	45941	0.99347
chrUn_gl000233	1	300	45941	0.00653011
chrUn_gl000234	0	38973	40531	0.96156
chrUn_gl000234	1	1466	40531	0.0361698
chrUn_gl000234	2	92	40531	0.00226987
chrUn_gl000235	0	33488	34474	0.971399
chrUn_gl000235	1	922	34474	0.0267448
chrUn_gl000235	2	64	34474	0.00185647
chrUn_gl000236	0	41834	41934	0.997615
chrUn_gl000236	1	100	41934	0.0023847
chrUn_gl000237	0	44749	45867	0.975625
chrUn_gl000237	1	1086	45867	0.0236772
chrUn_gl000237	2	32	45867	0.000697669
chrUn_gl000238	0	39766	39939	0.995668
chrUn_gl000238	1	146	39939	0.00365557
chrUn_gl000238	2	27	39939	0.000676031
chrUn_gl000239	0	32909	33824	0.972948
chrUn_gl000239	1	880	33824	0.026017
chrUn_gl000239	2	35	33824	0.00103477
chrUn_gl000240	0	41150	41933	0.981327
chrUn_gl000240	1	766	41933	0.0182672
chrUn_gl000240	2	17	41933	0.000405409
chrUn_gl000241	0	40523	42152	0.961354
chrUn_gl000241	1	1579	42152	0.0374597
chrUn_gl000241	2	29	42152	0.000687986
chrUn_gl000241	3	21	42152	0.000498197
chrUn_gl000242	0	43073	43523	0.989661
chrUn_gl000242	1	450	43523	0.0103394
chrUn_gl000243	0	42370	43341	0.977596
chrUn_gl000243	1	942	43341	0.0217346
chrUn_gl000243	2	29	43341	0.000669112
chrUn_gl000244	0	39459	39929	0.988229
chrUn_gl000244	1	390	39929	0.00976734
chrUn_gl000244	2	80	39929	0.00200356
chrUn_gl000245	0	35887	36651	0.979155
chrUn_gl000245	1	728	36651	0.019863
chrUn_gl000245	2	36	36651	0.000982238
chrUn_gl000246	0	38054	38154	0.997379
chrUn_gl000246	1	100	38154	0.00262096
chrUn_gl000247	0	36022	36422	0.989018
chrUn_gl000247	1	400	36422	0.0109824
chrUn_gl000248	0	39386	39786	0.989946
chrUn_gl000248	1	400	39786	0.0100538
chrUn_gl000249	0	38252	38502	0.993507
chrUn_gl000249	1	250	38502	0.00649317
genome	0	3098766265	3137161264	0.987761
genome	1	37347381	3137161264	0.0119048
genome	2	937856	3137161264	0.000298951
genome	3	40936	3137161264	1.30487e-05
genome	4	15390	3137161264	4.90571e-06
genome	5	10216	3137161264	3.25645e-06
genome	6	7597	3137161264	2.42162e-06
genome	7	5218	3137161264	1.66329e-06
genome	8	3995	3137161264	1.27344e-06
genome	9	3338	3137161264	1.06402e-06
genome	10	2811	3137161264	8.96033e-07
genome	11	2413	3137161264	7.69167e-07
genome	12	2267	3137161264	7.22628e-07
genome	13	2002	3137161264	6.38157e-07
genome	14	1803	3137161264	5.74723e-07
genome	15	1655	3137161264	5.27547e-07
genome	16	1563	3137161264	4.98221e-07
genome	17	1545	3137161264	4.92483e-07
genome	18	1326	3137161264	4.22675e-07
genome	19	1023	3137161264	3.26091e-07
genome	20	789	3137161264	2.51501e-07
genome	21	645	3137161264	2.056e-07
genome	22	530	3137161264	1.68943e-07
genome	23	414	3137161264	1.31966e-07
genome	24	269	3137161264	8.57463e-08
genome	25	246	3137161264	7.84148e-08
genome	26	165	3137161264	5.25953e-08
genome	27	119	3137161264	3.79324e-08
genome	28	139	3137161264	4.43076e-08
genome	29	86	3137161264	2.74133e-08
genome	30	69	3137161264	2.19944e-08
genome	31	88	3137161264	2.80508e-08
genome	32	65	3137161264	2.07194e-08
genome	33	79	3137161264	2.5182e-08
genome	34	63	3137161264	2.00818e-08
genome	35	48	3137161264	1.53005e-08
genome	36	41	3137161264	1.30691e-08
genome	37	68	3137161264	2.16756e-08
genome	38	24	3137161264	7.65023e-09
genome	39	44	3137161264	1.40254e-08
genome	40	49	3137161264	1.56192e-08
genome	41	23	3137161264	7.33147e-09
genome	42	28	3137161264	8.92527e-09
genome	43	24	3137161264	7.65023e-09
genome	44	17	3137161264	5.41891e-09
genome	45	24	3137161264	7.65023e-09
genome	46	22	3137161264	7.01271e-09
genome	47	25	3137161264	7.96899e-09
genome	48	24	3137161264	7.65023e-09
genome	49	13	3137161264	4.14387e-09
genome	50	17	3137161264	5.41891e-09
genome	51	12	3137161264	3.82511e-09
genome	52	16	3137161264	5.10015e-09
genome	53	12	3137161264	3.82511e-09
genome	54	1	3137161264	3.1876e-10
genome	55	9	3137161264	2.86884e-09
genome	56	7	3137161264	2.23132e-09
genome	57	2	3137161264	6.37519e-10
genome	58	2	3137161264	6.37519e-10
genome	59	5	3137161264	1.5938e-09
genome	60	4	3137161264	1.27504e-09
genome	61	3	3137161264	9.56279e-10
genome	62	3	3137161264	9.56279e-10
genome	63	6	3137161264	1.91256e-09
genome	64	4	3137161264	1.27504e-09
genome	65	7	3137161264	2.23132e-09
genome	66	7	3137161264	2.23132e-09
genome	67	8	3137161264	2.55008e-09
genome	68	5	3137161264	1.5938e-09
genome	69	3	3137161264	9.56279e-10
genome	70	1	3137161264	3.1876e-10
genome	72	5	3137161264	1.5938e-09
genome	73	8	3137161264	2.55008e-09
genome	74	7	3137161264	2.23132e-09
genome	75	1	3137161264	3.1876e-10
genome	76	5	3137161264	1.5938e-09
genome	77	2	3137161264	6.37519e-10
genome	78	2	3137161264	6.37519e-10
genome	81	1	3137161264	3.1876e-10
genome	82	5	3137161264	1.5938e-09
genome	83	5	3137161264	1.5938e-09
genome	84	5	3137161264	1.5938e-09
genome	85	3	3137161264	9.56279e-10
genome	86	5	3137161264	1.5938e-09
genome	87	3	3137161264	9.56279e-10
genome	88	4	3137161264	1.27504e-09
genome	89	5	3137161264	1.5938e-09
genome	90	6	3137161264	1.91256e-09
genome	91	2	3137161264	6.37519e-10
genome	92	8	3137161264	2.55008e-09
genome	93	9	3137161264	2.86884e-09
genome	94	8	3137161264	2.55008e-09
genome	95	6	3137161264	1.91256e-09
genome	96	11	3137161264	3.50635e-09
genome	97	10	3137161264	3.1876e-09
genome	98	11	3137161264	3.50635e-09
genome	99	9	3137161264	2.86884e-09
genome	100	6	3137161264	1.91256e-09
genome	101	7	3137161264	2.23132e-09
genome	102	5	3137161264	1.5938e-09
genome	103	10	3137161264	3.1876e-09
genome	104	5	3137161264	1.5938e-09
genome	105	8	3137161264	2.55008e-09
genome	106	6	3137161264	1.91256e-09
genome	107	5	3137161264	1.5938e-09
genome	108	8	3137161264	2.55008e-09
genome	109	6	3137161264	1.91256e-09
genome	110	2	3137161264	6.37519e-10
genome	111	3	3137161264	9.56279e-10
genome	112	3	3137161264	9.56279e-10
genome	113	7	3137161264	2.23132e-09
genome	114	6	3137161264	1.91256e-09
genome	115	5	3137161264	1.5938e-09
genome	116	2	3137161264	6.37519e-10
genome	117	2	3137161264	6.37519e-10
genome	118	2	3137161264	6.37519e-10
genome	119	6	3137161264	1.91256e-09
genome	120	4	3137161264	1.27504e-09
genome	121	1	3137161264	3.1876e-10
genome	122	2	3137161264	6.37519e-10
genome	123	5	3137161264	1.5938e-09
genome	124	6	3137161264	1.91256e-09
genome	126	3	3137161264	9.56279e-10
genome	127	1	3137161264	3.1876e-10
genome	130	4	3137161264	1.27504e-09
genome	132	1	3137161264	3.1876e-10
genome	133	3	3137161264	9.56279e-10
genome	134	6	3137161264	1.91256e-09
genome	135	1	3137161264	3.1876e-10
genome	136	1	3137161264	3.1876e-10
genome	137	2	3137161264	6.37519e-10
