chrM	0	7	16571	0.000422425
chrM	1	1	16571	6.03464e-05
chrM	2	24	16571	0.00144831
chrM	3	111	16571	0.00669845
chrM	4	186	16571	0.0112244
chrM	5	319	16571	0.0192505
chrM	6	379	16571	0.0228713
chrM	7	764	16571	0.0461046
chrM	8	977	16571	0.0589584
chrM	9	1085	16571	0.0654758
chrM	10	1321	16571	0.0797176
chrM	11	1193	16571	0.0719932
chrM	12	1238	16571	0.0747088
chrM	13	1250	16571	0.075433
chrM	14	1445	16571	0.0872005
chrM	15	1224	16571	0.073864
chrM	16	1030	16571	0.0621568
chrM	17	947	16571	0.057148
chrM	18	801	16571	0.0483375
chrM	19	657	16571	0.0396476
chrM	20	500	16571	0.0301732
chrM	21	391	16571	0.0235954
chrM	22	258	16571	0.0155694
chrM	23	127	16571	0.00766399
chrM	24	126	16571	0.00760364
chrM	25	86	16571	0.00518979
chrM	26	59	16571	0.00356044
chrM	27	23	16571	0.00138797
chrM	28	13	16571	0.000784503
chrM	29	12	16571	0.000724157
chrM	30	9	16571	0.000543118
chrM	31	8	16571	0.000482771
chr1	0	246530740	249250621	0.989088
chr1	1	2624712	249250621	0.0105304
chr1	2	90426	249250621	0.000362791
chr1	3	2528	249250621	1.01424e-05
chr1	4	429	249250621	1.72116e-06
chr1	5	270	249250621	1.08325e-06
chr1	6	143	249250621	5.7372e-07
chr1	7	85	249250621	3.41022e-07
chr1	8	50	249250621	2.00601e-07
chr1	9	40	249250621	1.60481e-07
chr1	10	20	249250621	8.02405e-08
chr1	11	18	249250621	7.22165e-08
chr1	12	10	249250621	4.01203e-08
chr1	13	6	249250621	2.40722e-08
chr1	15	4	249250621	1.60481e-08
chr1	16	9	249250621	3.61082e-08
chr1	17	2	249250621	8.02405e-09
chr1	18	7	249250621	2.80842e-08
chr1	19	10	249250621	4.01203e-08
chr1	20	4	249250621	1.60481e-08
chr1	21	4	249250621	1.60481e-08
chr1	22	19	249250621	7.62285e-08
chr1	23	24	249250621	9.62886e-08
chr1	24	29	249250621	1.16349e-07
chr1	25	10	249250621	4.01203e-08
chr1	26	15	249250621	6.01804e-08
chr1	27	20	249250621	8.02405e-08
chr1	28	27	249250621	1.08325e-07
chr1	29	20	249250621	8.02405e-08
chr1	30	15	249250621	6.01804e-08
chr1	31	13	249250621	5.21563e-08
chr1	32	29	249250621	1.16349e-07
chr1	33	24	249250621	9.62886e-08
chr1	34	21	249250621	8.42525e-08
chr1	35	27	249250621	1.08325e-07
chr1	36	22	249250621	8.82646e-08
chr1	37	11	249250621	4.41323e-08
chr1	38	15	249250621	6.01804e-08
chr1	39	24	249250621	9.62886e-08
chr1	40	20	249250621	8.02405e-08
chr1	41	14	249250621	5.61684e-08
chr1	42	20	249250621	8.02405e-08
chr1	43	12	249250621	4.81443e-08
chr1	44	15	249250621	6.01804e-08
chr1	45	11	249250621	4.41323e-08
chr1	46	15	249250621	6.01804e-08
chr1	47	6	249250621	2.40722e-08
chr1	48	12	249250621	4.81443e-08
chr1	49	6	249250621	2.40722e-08
chr1	50	4	249250621	1.60481e-08
chr1	51	8	249250621	3.20962e-08
chr1	52	9	249250621	3.61082e-08
chr1	53	7	249250621	2.80842e-08
chr1	54	6	249250621	2.40722e-08
chr1	55	7	249250621	2.80842e-08
chr1	56	6	249250621	2.40722e-08
chr1	57	8	249250621	3.20962e-08
chr1	58	7	249250621	2.80842e-08
chr1	59	5	249250621	2.00601e-08
chr1	60	5	249250621	2.00601e-08
chr1	61	5	249250621	2.00601e-08
chr1	62	4	249250621	1.60481e-08
chr1	63	1	249250621	4.01203e-09
chr1	64	3	249250621	1.20361e-08
chr1	65	3	249250621	1.20361e-08
chr1	66	8	249250621	3.20962e-08
chr1	67	4	249250621	1.60481e-08
chr1	68	6	249250621	2.40722e-08
chr1	69	5	249250621	2.00601e-08
chr1	70	7	249250621	2.80842e-08
chr1	71	4	249250621	1.60481e-08
chr1	72	2	249250621	8.02405e-09
chr1	73	7	249250621	2.80842e-08
chr1	74	5	249250621	2.00601e-08
chr1	75	6	249250621	2.40722e-08
chr1	76	7	249250621	2.80842e-08
chr1	77	7	249250621	2.80842e-08
chr1	78	8	249250621	3.20962e-08
chr1	79	5	249250621	2.00601e-08
chr1	80	4	249250621	1.60481e-08
chr1	81	7	249250621	2.80842e-08
chr1	82	5	249250621	2.00601e-08
chr1	83	11	249250621	4.41323e-08
chr1	84	4	249250621	1.60481e-08
chr1	86	3	249250621	1.20361e-08
chr1	87	1	249250621	4.01203e-09
chr1	89	1	249250621	4.01203e-09
chr1	91	3	249250621	1.20361e-08
chr1	92	3	249250621	1.20361e-08
chr1	93	1	249250621	4.01203e-09
chr1	94	3	249250621	1.20361e-08
chr1	95	2	249250621	8.02405e-09
chr1	96	7	249250621	2.80842e-08
chr1	97	4	249250621	1.60481e-08
chr1	98	6	249250621	2.40722e-08
chr1	99	5	249250621	2.00601e-08
chr1	100	6	249250621	2.40722e-08
chr1	101	2	249250621	8.02405e-09
chr1	102	2	249250621	8.02405e-09
chr1	103	4	249250621	1.60481e-08
chr1	104	2	249250621	8.02405e-09
chr1	105	3	249250621	1.20361e-08
chr1	106	5	249250621	2.00601e-08
chr1	107	10	249250621	4.01203e-08
chr1	108	4	249250621	1.60481e-08
chr1	109	4	249250621	1.60481e-08
chr1	111	1	249250621	4.01203e-09
chr1	112	1	249250621	4.01203e-09
chr1	115	2	249250621	8.02405e-09
chr1	116	1	249250621	4.01203e-09
chr1	117	2	249250621	8.02405e-09
chr1	119	1	249250621	4.01203e-09
chr1	120	5	249250621	2.00601e-08
chr1	121	5	249250621	2.00601e-08
chr1	122	7	249250621	2.80842e-08
chr1	123	1	249250621	4.01203e-09
chr1	124	2	249250621	8.02405e-09
chr1	125	2	249250621	8.02405e-09
chr1	126	1	249250621	4.01203e-09
chr1	127	2	249250621	8.02405e-09
chr1	128	1	249250621	4.01203e-09
chr1	129	2	249250621	8.02405e-09
chr1	131	3	249250621	1.20361e-08
chr1	132	1	249250621	4.01203e-09
chr1	134	3	249250621	1.20361e-08
chr1	135	1	249250621	4.01203e-09
chr1	136	2	249250621	8.02405e-09
chr1	137	1	249250621	4.01203e-09
chr1	139	1	249250621	4.01203e-09
chr1	140	5	249250621	2.00601e-08
chr1	141	2	249250621	8.02405e-09
chr1	142	3	249250621	1.20361e-08
chr1	144	1	249250621	4.01203e-09
chr1	145	1	249250621	4.01203e-09
chr1	146	1	249250621	4.01203e-09
chr1	147	1	249250621	4.01203e-09
chr1	148	1	249250621	4.01203e-09
chr1	149	4	249250621	1.60481e-08
chr1	150	2	249250621	8.02405e-09
chr1	151	3	249250621	1.20361e-08
chr1	152	6	249250621	2.40722e-08
chr1	154	2	249250621	8.02405e-09
chr1	155	6	249250621	2.40722e-08
chr1	156	5	249250621	2.00601e-08
chr1	157	7	249250621	2.80842e-08
chr1	158	7	249250621	2.80842e-08
chr1	159	6	249250621	2.40722e-08
chr1	160	2	249250621	8.02405e-09
chr1	161	3	249250621	1.20361e-08
chr1	162	14	249250621	5.61684e-08
chr1	163	4	249250621	1.60481e-08
chr1	164	6	249250621	2.40722e-08
chr1	165	8	249250621	3.20962e-08
chr1	166	8	249250621	3.20962e-08
chr1	167	2	249250621	8.02405e-09
chr1	168	5	249250621	2.00601e-08
chr1	169	4	249250621	1.60481e-08
chr1	170	3	249250621	1.20361e-08
chr1	171	4	249250621	1.60481e-08
chr1	172	6	249250621	2.40722e-08
chr1	173	2	249250621	8.02405e-09
chr1	174	1	249250621	4.01203e-09
chr1	175	2	249250621	8.02405e-09
chr1	176	4	249250621	1.60481e-08
chr1	177	3	249250621	1.20361e-08
chr1	178	7	249250621	2.80842e-08
chr1	179	4	249250621	1.60481e-08
chr1	180	3	249250621	1.20361e-08
chr1	181	1	249250621	4.01203e-09
chr1	182	4	249250621	1.60481e-08
chr1	183	5	249250621	2.00601e-08
chr1	184	10	249250621	4.01203e-08
chr1	185	4	249250621	1.60481e-08
chr1	186	2	249250621	8.02405e-09
chr1	187	5	249250621	2.00601e-08
chr1	188	5	249250621	2.00601e-08
chr1	189	6	249250621	2.40722e-08
chr1	190	3	249250621	1.20361e-08
chr1	191	4	249250621	1.60481e-08
chr1	192	3	249250621	1.20361e-08
chr1	193	1	249250621	4.01203e-09
chr1	194	1	249250621	4.01203e-09
chr1	195	2	249250621	8.02405e-09
chr1	196	1	249250621	4.01203e-09
chr1	197	2	249250621	8.02405e-09
chr1	198	1	249250621	4.01203e-09
chr1	199	1	249250621	4.01203e-09
chr1	200	2	249250621	8.02405e-09
chr1	201	3	249250621	1.20361e-08
chr1	202	1	249250621	4.01203e-09
chr1	205	3	249250621	1.20361e-08
chr1	206	4	249250621	1.60481e-08
chr1	207	2	249250621	8.02405e-09
chr1	208	4	249250621	1.60481e-08
chr1	209	4	249250621	1.60481e-08
chr1	210	3	249250621	1.20361e-08
chr1	213	1	249250621	4.01203e-09
chr1	214	2	249250621	8.02405e-09
chr1	215	1	249250621	4.01203e-09
chr1	216	3	249250621	1.20361e-08
chr1	217	1	249250621	4.01203e-09
chr1	218	2	249250621	8.02405e-09
chr1	219	4	249250621	1.60481e-08
chr1	221	5	249250621	2.00601e-08
chr1	222	6	249250621	2.40722e-08
chr1	223	1	249250621	4.01203e-09
chr1	225	2	249250621	8.02405e-09
chr1	229	3	249250621	1.20361e-08
chr1	230	3	249250621	1.20361e-08
chr2	0	239865854	243199373	0.986293
chr2	1	3216753	243199373	0.0132268
chr2	2	107922	243199373	0.000443759
chr2	3	4588	243199373	1.88652e-05
chr2	4	1223	243199373	5.0288e-06
chr2	5	840	243199373	3.45396e-06
chr2	6	521	243199373	2.14228e-06
chr2	7	390	243199373	1.60362e-06
chr2	8	358	243199373	1.47204e-06
chr2	9	283	243199373	1.16365e-06
chr2	10	110	243199373	4.52304e-07
chr2	11	196	243199373	8.05923e-07
chr2	12	94	243199373	3.86514e-07
chr2	13	37	243199373	1.52139e-07
chr2	14	37	243199373	1.52139e-07
chr2	15	21	243199373	8.63489e-08
chr2	16	22	243199373	9.04608e-08
chr2	17	24	243199373	9.86845e-08
chr2	18	23	243199373	9.45726e-08
chr2	19	3	243199373	1.23356e-08
chr2	20	4	243199373	1.64474e-08
chr2	21	18	243199373	7.40134e-08
chr2	22	15	243199373	6.16778e-08
chr2	23	15	243199373	6.16778e-08
chr2	24	1	243199373	4.11185e-09
chr2	25	10	243199373	4.11185e-08
chr2	26	3	243199373	1.23356e-08
chr2	27	8	243199373	3.28948e-08
chr3	0	195386776	198022430	0.98669
chr3	1	2553486	198022430	0.0128949
chr3	2	80441	198022430	0.000406222
chr3	3	1552	198022430	7.8375e-06
chr3	4	25	198022430	1.26248e-07
chr3	5	28	198022430	1.41398e-07
chr3	6	24	198022430	1.21198e-07
chr3	7	10	198022430	5.04993e-08
chr3	8	20	198022430	1.00999e-07
chr3	9	25	198022430	1.26248e-07
chr3	10	38	198022430	1.91897e-07
chr3	11	3	198022430	1.51498e-08
chr3	12	2	198022430	1.00999e-08
chr4	0	188318688	191154276	0.985166
chr4	1	2744355	191154276	0.0143568
chr4	2	88473	191154276	0.000462836
chr4	3	2327	191154276	1.21734e-05
chr4	4	248	191154276	1.29738e-06
chr4	5	108	191154276	5.64989e-07
chr4	6	53	191154276	2.77263e-07
chr4	7	24	191154276	1.25553e-07
chr5	0	178125713	180915260	0.984581
chr5	1	2699042	180915260	0.0149188
chr5	2	86511	180915260	0.000478185
chr5	3	2430	180915260	1.34317e-05
chr5	4	439	180915260	2.42655e-06
chr5	5	230	180915260	1.27131e-06
chr5	6	321	180915260	1.77431e-06
chr5	7	246	180915260	1.35975e-06
chr5	8	184	180915260	1.01705e-06
chr5	9	61	180915260	3.37174e-07
chr5	10	35	180915260	1.93461e-07
chr5	11	15	180915260	8.29117e-08
chr5	12	23	180915260	1.27131e-07
chr5	13	10	180915260	5.52745e-08
chr6	0	168391846	171115067	0.984085
chr6	1	2632539	171115067	0.0153846
chr6	2	85397	171115067	0.000499062
chr6	3	1921	171115067	1.12264e-05
chr6	4	100	171115067	5.84402e-07
chr6	5	64	171115067	3.74017e-07
chr6	6	64	171115067	3.74017e-07
chr6	7	101	171115067	5.90246e-07
chr6	8	146	171115067	8.53227e-07
chr6	9	145	171115067	8.47383e-07
chr6	10	143	171115067	8.35695e-07
chr6	11	216	171115067	1.26231e-06
chr6	12	230	171115067	1.34412e-06
chr6	13	176	171115067	1.02855e-06
chr6	14	243	171115067	1.4201e-06
chr6	15	322	171115067	1.88177e-06
chr6	16	240	171115067	1.40256e-06
chr6	17	209	171115067	1.2214e-06
chr6	18	163	171115067	9.52575e-07
chr6	19	148	171115067	8.64915e-07
chr6	20	152	171115067	8.88291e-07
chr6	21	139	171115067	8.12319e-07
chr6	22	97	171115067	5.6687e-07
chr6	23	85	171115067	4.96742e-07
chr6	24	46	171115067	2.68825e-07
chr6	25	30	171115067	1.75321e-07
chr6	26	62	171115067	3.62329e-07
chr6	27	25	171115067	1.46101e-07
chr6	29	2	171115067	1.1688e-08
chr6	30	7	171115067	4.09081e-08
chr6	31	5	171115067	2.92201e-08
chr6	33	3	171115067	1.75321e-08
chr6	34	1	171115067	5.84402e-09
chr7	0	156815697	159138663	0.985403
chr7	1	2243433	159138663	0.0140973
chr7	2	75989	159138663	0.000477502
chr7	3	1891	159138663	1.18827e-05
chr7	4	168	159138663	1.05568e-06
chr7	5	77	159138663	4.83855e-07
chr7	6	74	159138663	4.65003e-07
chr7	7	53	159138663	3.33043e-07
chr7	8	97	159138663	6.09531e-07
chr7	9	103	159138663	6.47234e-07
chr7	10	56	159138663	3.51894e-07
chr7	11	23	159138663	1.44528e-07
chr7	12	21	159138663	1.3196e-07
chr7	13	28	159138663	1.75947e-07
chr7	14	45	159138663	2.82772e-07
chr7	15	45	159138663	2.82772e-07
chr7	16	44	159138663	2.76488e-07
chr7	17	34	159138663	2.1365e-07
chr7	18	40	159138663	2.51353e-07
chr7	19	33	159138663	2.07366e-07
chr7	20	31	159138663	1.94799e-07
chr7	21	47	159138663	2.9534e-07
chr7	22	56	159138663	3.51894e-07
chr7	23	52	159138663	3.26759e-07
chr7	24	35	159138663	2.19934e-07
chr7	25	13	159138663	8.16898e-08
chr7	26	31	159138663	1.94799e-07
chr7	27	25	159138663	1.57096e-07
chr7	28	23	159138663	1.44528e-07
chr7	29	43	159138663	2.70205e-07
chr7	30	38	159138663	2.38785e-07
chr7	31	44	159138663	2.76488e-07
chr7	32	37	159138663	2.32502e-07
chr7	33	11	159138663	6.91221e-08
chr7	34	10	159138663	6.28383e-08
chr7	35	18	159138663	1.13109e-07
chr7	36	20	159138663	1.25677e-07
chr7	37	12	159138663	7.54059e-08
chr7	38	13	159138663	8.16898e-08
chr7	39	16	159138663	1.00541e-07
chr7	40	38	159138663	2.38785e-07
chr7	41	19	159138663	1.19393e-07
chr7	42	14	159138663	8.79736e-08
chr7	43	7	159138663	4.39868e-08
chr7	44	3	159138663	1.88515e-08
chr7	45	12	159138663	7.54059e-08
chr7	46	3	159138663	1.88515e-08
chr7	47	4	159138663	2.51353e-08
chr7	48	4	159138663	2.51353e-08
chr7	49	3	159138663	1.88515e-08
chr7	51	3	159138663	1.88515e-08
chr7	52	5	159138663	3.14191e-08
chr7	53	4	159138663	2.51353e-08
chr7	54	4	159138663	2.51353e-08
chr7	55	6	159138663	3.7703e-08
chr7	56	4	159138663	2.51353e-08
chr7	58	3	159138663	1.88515e-08
chr7	59	1	159138663	6.28383e-09
chr8	0	144328976	146364022	0.986096
chr8	1	1959978	146364022	0.0133911
chr8	2	69220	146364022	0.00047293
chr8	3	3070	146364022	2.09751e-05
chr8	4	1074	146364022	7.33787e-06
chr8	5	806	146364022	5.50682e-06
chr8	6	383	146364022	2.61676e-06
chr8	7	240	146364022	1.63975e-06
chr8	8	173	146364022	1.18198e-06
chr8	9	88	146364022	6.01241e-07
chr8	10	12	146364022	8.19874e-08
chr8	11	2	146364022	1.36646e-08
chr9	0	139605957	141213431	0.988617
chr9	1	1551860	141213431	0.0109895
chr9	2	54315	141213431	0.000384631
chr9	3	1208	141213431	8.55443e-06
chr9	4	30	141213431	2.12444e-07
chr9	5	13	141213431	9.20592e-08
chr9	6	11	141213431	7.78963e-08
chr9	7	13	141213431	9.20592e-08
chr9	8	22	141213431	1.55793e-07
chr9	9	2	141213431	1.4163e-08
chr10	0	134260827	135534747	0.990601
chr10	1	1223020	135534747	0.00902366
chr10	2	39163	135534747	0.000288952
chr10	3	2910	135534747	2.14705e-05
chr10	4	1498	135534747	1.10525e-05
chr10	5	1267	135534747	9.34816e-06
chr10	6	938	135534747	6.92073e-06
chr10	7	808	135534747	5.96157e-06
chr10	8	579	135534747	4.27197e-06
chr10	9	507	135534747	3.74074e-06
chr10	10	486	135534747	3.5858e-06
chr10	11	384	135534747	2.83322e-06
chr10	12	316	135534747	2.33151e-06
chr10	13	278	135534747	2.05113e-06
chr10	14	178	135534747	1.31332e-06
chr10	15	184	135534747	1.35759e-06
chr10	16	168	135534747	1.23953e-06
chr10	17	138	135534747	1.01819e-06
chr10	18	71	135534747	5.23851e-07
chr10	19	62	135534747	4.57447e-07
chr10	20	82	135534747	6.05011e-07
chr10	21	78	135534747	5.75498e-07
chr10	22	52	135534747	3.83665e-07
chr10	23	47	135534747	3.46775e-07
chr10	24	54	135534747	3.98422e-07
chr10	25	34	135534747	2.50858e-07
chr10	26	21	135534747	1.54942e-07
chr10	27	23	135534747	1.69698e-07
chr10	28	21	135534747	1.54942e-07
chr10	29	16	135534747	1.18051e-07
chr10	30	35	135534747	2.58236e-07
chr10	31	17	135534747	1.25429e-07
chr10	32	37	135534747	2.72993e-07
chr10	33	25	135534747	1.84455e-07
chr10	34	21	135534747	1.54942e-07
chr10	35	26	135534747	1.91833e-07
chr10	36	14	135534747	1.03295e-07
chr10	37	21	135534747	1.54942e-07
chr10	38	35	135534747	2.58236e-07
chr10	39	38	135534747	2.80371e-07
chr10	40	35	135534747	2.58236e-07
chr10	41	29	135534747	2.13967e-07
chr10	42	30	135534747	2.21345e-07
chr10	43	24	135534747	1.77076e-07
chr10	44	12	135534747	8.85382e-08
chr10	45	11	135534747	8.116e-08
chr10	46	17	135534747	1.25429e-07
chr10	47	7	135534747	5.16473e-08
chr10	48	15	135534747	1.10673e-07
chr10	49	10	135534747	7.37818e-08
chr10	50	8	135534747	5.90255e-08
chr10	51	5	135534747	3.68909e-08
chr10	52	8	135534747	5.90255e-08
chr10	53	9	135534747	6.64036e-08
chr10	54	9	135534747	6.64036e-08
chr10	55	10	135534747	7.37818e-08
chr10	56	3	135534747	2.21345e-08
chr10	57	5	135534747	3.68909e-08
chr10	58	8	135534747	5.90255e-08
chr10	59	1	135534747	7.37818e-09
chr10	60	7	135534747	5.16473e-08
chr10	61	1	135534747	7.37818e-09
chr10	62	3	135534747	2.21345e-08
chr10	63	1	135534747	7.37818e-09
chr11	0	133022695	135006516	0.985306
chr11	1	1913773	135006516	0.0141754
chr11	2	65872	135006516	0.000487917
chr11	3	2072	135006516	1.53474e-05
chr11	4	385	135006516	2.85171e-06
chr11	5	415	135006516	3.07393e-06
chr11	6	282	135006516	2.08879e-06
chr11	7	144	135006516	1.06662e-06
chr11	8	90	135006516	6.66634e-07
chr11	9	129	135006516	9.55509e-07
chr11	10	87	135006516	6.44413e-07
chr11	11	64	135006516	4.74051e-07
chr11	12	54	135006516	3.99981e-07
chr11	13	64	135006516	4.74051e-07
chr11	14	67	135006516	4.96272e-07
chr11	15	86	135006516	6.37006e-07
chr11	16	38	135006516	2.81468e-07
chr11	17	27	135006516	1.9999e-07
chr11	18	34	135006516	2.5184e-07
chr11	19	28	135006516	2.07397e-07
chr11	20	26	135006516	1.92583e-07
chr11	21	20	135006516	1.48141e-07
chr11	22	3	135006516	2.22212e-08
chr11	23	7	135006516	5.18494e-08
chr11	24	8	135006516	5.92564e-08
chr11	25	19	135006516	1.40734e-07
chr11	28	4	135006516	2.96282e-08
chr11	29	8	135006516	5.92564e-08
chr11	30	15	135006516	1.11106e-07
chr12	0	131952794	133851895	0.985812
chr12	1	1836570	133851895	0.0137209
chr12	2	60801	133851895	0.000454241
chr12	3	1439	133851895	1.07507e-05
chr12	4	55	133851895	4.10902e-07
chr12	5	54	133851895	4.03431e-07
chr12	6	39	133851895	2.91367e-07
chr12	7	24	133851895	1.79303e-07
chr12	8	31	133851895	2.31599e-07
chr12	9	62	133851895	4.63199e-07
chr12	10	23	133851895	1.71832e-07
chr12	11	3	133851895	2.24128e-08
chr13	0	114294855	115169878	0.992402
chr13	1	852633	115169878	0.00740326
chr13	2	21859	115169878	0.000189798
chr13	3	437	115169878	3.79439e-06
chr13	4	24	115169878	2.08388e-07
chr13	5	33	115169878	2.86533e-07
chr13	6	32	115169878	2.7785e-07
chr13	7	5	115169878	4.34141e-08
chr14	0	106120319	107349540	0.988549
chr14	1	1188487	107349540	0.0110712
chr14	2	39545	107349540	0.000368376
chr14	3	1133	107349540	1.05543e-05
chr14	4	56	107349540	5.2166e-07
chr15	0	101554332	102531392	0.990471
chr15	1	944566	102531392	0.00921246
chr15	2	31748	102531392	0.000309642
chr15	3	746	102531392	7.27582e-06
chr16	0	89488755	90354753	0.990416
chr16	1	826003	90354753	0.00914178
chr16	2	35873	90354753	0.000397024
chr16	3	2486	90354753	2.75138e-05
chr16	4	947	90354753	1.04809e-05
chr16	5	422	90354753	4.67048e-06
chr16	6	201	90354753	2.22456e-06
chr16	7	42	90354753	4.64834e-07
chr16	8	21	90354753	2.32417e-07
chr16	9	3	90354753	3.32025e-08
chr17	0	80768573	81195210	0.994746
chr17	1	409993	81195210	0.00504947
chr17	2	15478	81195210	0.000190627
chr17	3	628	81195210	7.73445e-06
chr17	4	202	81195210	2.48783e-06
chr17	5	120	81195210	1.47792e-06
chr17	6	88	81195210	1.08381e-06
chr17	7	16	81195210	1.97056e-07
chr17	8	32	81195210	3.94112e-07
chr17	9	16	81195210	1.97056e-07
chr17	10	2	81195210	2.4632e-08
chr17	13	11	81195210	1.35476e-07
chr17	14	17	81195210	2.09372e-07
chr17	15	2	81195210	2.4632e-08
chr17	16	8	81195210	9.8528e-08
chr17	18	4	81195210	4.9264e-08
chr17	19	12	81195210	1.47792e-07
chr17	20	8	81195210	9.8528e-08
chr18	0	77218910	78077248	0.989007
chr18	1	827642	78077248	0.0106003
chr18	2	27378	78077248	0.000350653
chr18	3	1595	78077248	2.04285e-05
chr18	4	598	78077248	7.65908e-06
chr18	5	486	78077248	6.2246e-06
chr18	6	197	78077248	2.52314e-06
chr18	7	110	78077248	1.40886e-06
chr18	8	73	78077248	9.34971e-07
chr18	9	52	78077248	6.66007e-07
chr18	10	29	78077248	3.71427e-07
chr18	11	27	78077248	3.45811e-07
chr18	12	39	78077248	4.99505e-07
chr18	13	30	78077248	3.84235e-07
chr18	14	39	78077248	4.99505e-07
chr18	15	38	78077248	4.86698e-07
chr18	16	5	78077248	6.40391e-08
chr19	0	58563894	59128983	0.990443
chr19	1	540582	59128983	0.00914242
chr19	2	21508	59128983	0.000363747
chr19	3	915	59128983	1.54746e-05
chr19	4	321	59128983	5.42881e-06
chr19	5	216	59128983	3.65303e-06
chr19	6	129	59128983	2.18167e-06
chr19	7	106	59128983	1.79269e-06
chr19	8	95	59128983	1.60666e-06
chr19	9	132	59128983	2.23241e-06
chr19	10	132	59128983	2.23241e-06
chr19	11	74	59128983	1.2515e-06
chr19	12	85	59128983	1.43754e-06
chr19	13	70	59128983	1.18385e-06
chr19	14	62	59128983	1.04856e-06
chr19	15	77	59128983	1.30224e-06
chr19	16	5	59128983	8.45609e-08
chr19	17	24	59128983	4.05892e-07
chr19	18	6	59128983	1.01473e-07
chr19	19	27	59128983	4.56629e-07
chr19	20	19	59128983	3.21331e-07
chr19	21	29	59128983	4.90453e-07
chr19	22	25	59128983	4.22805e-07
chr19	23	32	59128983	5.4119e-07
chr19	24	24	59128983	4.05892e-07
chr19	25	15	59128983	2.53683e-07
chr19	26	2	59128983	3.38244e-08
chr19	27	8	59128983	1.35297e-07
chr19	28	3	59128983	5.07365e-08
chr19	29	13	59128983	2.19858e-07
chr19	30	7	59128983	1.18385e-07
chr19	31	5	59128983	8.45609e-08
chr19	32	18	59128983	3.04419e-07
chr19	33	10	59128983	1.69122e-07
chr19	34	14	59128983	2.36771e-07
chr19	35	26	59128983	4.39717e-07
chr19	36	13	59128983	2.19858e-07
chr19	37	11	59128983	1.86034e-07
chr19	38	24	59128983	4.05892e-07
chr19	39	15	59128983	2.53683e-07
chr19	40	9	59128983	1.5221e-07
chr19	41	12	59128983	2.02946e-07
chr19	42	13	59128983	2.19858e-07
chr19	43	12	59128983	2.02946e-07
chr19	44	13	59128983	2.19858e-07
chr19	45	7	59128983	1.18385e-07
chr19	46	7	59128983	1.18385e-07
chr19	47	12	59128983	2.02946e-07
chr19	48	1	59128983	1.69122e-08
chr19	49	2	59128983	3.38244e-08
chr19	50	6	59128983	1.01473e-07
chr19	51	4	59128983	6.76487e-08
chr19	52	2	59128983	3.38244e-08
chr19	53	7	59128983	1.18385e-07
chr19	54	7	59128983	1.18385e-07
chr19	55	6	59128983	1.01473e-07
chr19	56	8	59128983	1.35297e-07
chr19	57	11	59128983	1.86034e-07
chr19	58	13	59128983	2.19858e-07
chr19	59	5	59128983	8.45609e-08
chr19	60	3	59128983	5.07365e-08
chr19	61	2	59128983	3.38244e-08
chr19	62	6	59128983	1.01473e-07
chr19	63	2	59128983	3.38244e-08
chr19	64	2	59128983	3.38244e-08
chr19	65	3	59128983	5.07365e-08
chr19	66	4	59128983	6.76487e-08
chr19	67	2	59128983	3.38244e-08
chr19	68	3	59128983	5.07365e-08
chr19	69	1	59128983	1.69122e-08
chr19	70	1	59128983	1.69122e-08
chr19	71	1	59128983	1.69122e-08
chr19	72	1	59128983	1.69122e-08
chr19	75	1	59128983	1.69122e-08
chr19	78	1	59128983	1.69122e-08
chr19	79	4	59128983	6.76487e-08
chr19	80	2	59128983	3.38244e-08
chr19	81	2	59128983	3.38244e-08
chr19	82	6	59128983	1.01473e-07
chr19	85	1	59128983	1.69122e-08
chr19	86	5	59128983	8.45609e-08
chr20	0	62500898	63025520	0.991676
chr20	1	507791	63025520	0.00805691
chr20	2	16541	63025520	0.000262449
chr20	3	283	63025520	4.49024e-06
chr20	4	7	63025520	1.11066e-07
chr21	0	47644740	48129895	0.98992
chr21	1	467559	48129895	0.00971452
chr21	2	16878	48129895	0.000350676
chr21	3	580	48129895	1.20507e-05
chr21	4	95	48129895	1.97383e-06
chr21	5	43	48129895	8.93416e-07
chr22	0	50696919	51304566	0.988156
chr22	1	581791	51304566	0.0113399
chr22	2	25114	51304566	0.000489508
chr22	3	737	51304566	1.43652e-05
chr22	4	5	51304566	9.74572e-08
chrX	0	153362054	155270560	0.987708
chrX	1	1837307	155270560	0.0118329
chrX	2	62564	155270560	0.000402935
chrX	3	4608	155270560	2.96772e-05
chrX	4	1752	155270560	1.12835e-05
chrX	5	1073	155270560	6.91052e-06
chrX	6	424	155270560	2.73072e-06
chrX	7	222	155270560	1.42976e-06
chrX	8	164	155270560	1.05622e-06
chrX	9	108	155270560	6.9556e-07
chrX	10	117	155270560	7.53523e-07
chrX	11	66	155270560	4.25064e-07
chrX	12	77	155270560	4.95909e-07
chrX	13	20	155270560	1.28807e-07
chrX	14	4	155270560	2.57615e-08
chrY	0	59329409	59373566	0.999256
chrY	1	40456	59373566	0.000681381
chrY	2	2478	59373566	4.17357e-05
chrY	3	535	59373566	9.01074e-06
chrY	4	303	59373566	5.10328e-06
chrY	5	107	59373566	1.80215e-06
chrY	6	111	59373566	1.86952e-06
chrY	7	76	59373566	1.28003e-06
chrY	8	18	59373566	3.03165e-07
chrY	9	25	59373566	4.21063e-07
chrY	10	19	59373566	3.20008e-07
chrY	11	21	59373566	3.53693e-07
chrY	12	6	59373566	1.01055e-07
chrY	13	2	59373566	3.3685e-08
chr1_gl000191_random	0	105783	106433	0.993893
chr1_gl000191_random	1	650	106433	0.00610713
chr1_gl000192_random	0	539992	547496	0.986294
chr1_gl000192_random	1	7358	547496	0.0134394
chr1_gl000192_random	2	146	547496	0.000266669
chr4_ctg9_hap1	0	584411	590426	0.989812
chr4_ctg9_hap1	1	5930	590426	0.0100436
chr4_ctg9_hap1	2	85	590426	0.000143964
chr4_gl000193_random	0	184406	189789	0.971637
chr4_gl000193_random	1	5016	189789	0.0264294
chr4_gl000193_random	2	367	189789	0.00193373
chr4_gl000194_random	0	187166	191469	0.977526
chr4_gl000194_random	1	3956	191469	0.0206613
chr4_gl000194_random	2	347	191469	0.0018123
chr6_apd_hap1	0	4615131	4622290	0.998451
chr6_apd_hap1	1	6968	4622290	0.00150748
chr6_apd_hap1	2	191	4622290	4.13215e-05
chr6_cox_hap2	0	4780514	4795371	0.996902
chr6_cox_hap2	1	14464	4795371	0.00301624
chr6_cox_hap2	2	393	4795371	8.1954e-05
chr6_dbb_hap3	0	4597381	4610396	0.997177
chr6_dbb_hap3	1	12536	4610396	0.00271907
chr6_dbb_hap3	2	473	4610396	0.000102594
chr6_dbb_hap3	3	6	4610396	1.30141e-06
chr6_mann_hap4	0	4672378	4683263	0.997676
chr6_mann_hap4	1	10570	4683263	0.00225697
chr6_mann_hap4	2	315	4683263	6.72608e-05
chr6_mcf_hap5	0	4820933	4833398	0.997421
chr6_mcf_hap5	1	12030	4833398	0.00248893
chr6_mcf_hap5	2	435	4833398	8.99988e-05
chr6_qbl_hap6	0	4599824	4611984	0.997363
chr6_qbl_hap6	1	11920	4611984	0.00258457
chr6_qbl_hap6	2	240	4611984	5.20383e-05
chr6_ssto_hap7	0	4916253	4928567	0.997501
chr6_ssto_hap7	1	11928	4928567	0.00242018
chr6_ssto_hap7	2	386	4928567	7.83189e-05
chr7_gl000195_random	0	172668	182896	0.944077
chr7_gl000195_random	1	9785	182896	0.0535004
chr7_gl000195_random	2	414	182896	0.00226358
chr7_gl000195_random	3	29	182896	0.00015856
chr8_gl000196_random	0	38664	38914	0.993576
chr8_gl000196_random	1	250	38914	0.00642442
chr8_gl000197_random	0	37025	37175	0.995965
chr8_gl000197_random	1	150	37175	0.00403497
chr9_gl000198_random	0	87046	90085	0.966265
chr9_gl000198_random	1	2928	90085	0.0325026
chr9_gl000198_random	2	111	90085	0.00123217
chr9_gl000199_random	0	150814	169874	0.887799
chr9_gl000199_random	1	15651	169874	0.092133
chr9_gl000199_random	2	2125	169874	0.0125093
chr9_gl000199_random	3	542	169874	0.0031906
chr9_gl000199_random	4	364	169874	0.00214276
chr9_gl000199_random	5	90	169874	0.000529804
chr9_gl000199_random	6	63	169874	0.000370863
chr9_gl000199_random	7	65	169874	0.000382637
chr9_gl000199_random	8	41	169874	0.000241355
chr9_gl000199_random	9	34	169874	0.000200148
chr9_gl000199_random	10	33	169874	0.000194262
chr9_gl000199_random	11	10	169874	5.88672e-05
chr9_gl000199_random	12	10	169874	5.88672e-05
chr9_gl000199_random	13	18	169874	0.000105961
chr9_gl000199_random	14	4	169874	2.35469e-05
chr9_gl000199_random	15	10	169874	5.88672e-05
chr9_gl000200_random	0	186163	187035	0.995338
chr9_gl000200_random	1	844	187035	0.00451252
chr9_gl000200_random	2	28	187035	0.000149705
chr9_gl000201_random	0	35998	36148	0.99585
chr9_gl000201_random	1	150	36148	0.00414961
chr11_gl000202_random	0	39526	40103	0.985612
chr11_gl000202_random	1	554	40103	0.0138144
chr11_gl000202_random	2	23	40103	0.000573523
chr17_ctg5_hap1	0	1676807	1680828	0.997608
chr17_ctg5_hap1	1	3842	1680828	0.00228578
chr17_ctg5_hap1	2	179	1680828	0.000106495
chr17_gl000203_random	0	37128	37498	0.990133
chr17_gl000203_random	1	340	37498	0.00906715
chr17_gl000203_random	2	30	37498	0.000800043
chr17_gl000204_random	0	81160	81310	0.998155
chr17_gl000204_random	1	150	81310	0.00184479
chr17_gl000205_random	0	165636	174588	0.948725
chr17_gl000205_random	1	8456	174588	0.048434
chr17_gl000205_random	2	494	174588	0.00282952
chr17_gl000205_random	3	2	174588	1.14555e-05
chr17_gl000206_random	0	40851	41001	0.996342
chr17_gl000206_random	1	150	41001	0.00365845
chr18_gl000207_random	0	4162	4262	0.976537
chr18_gl000207_random	1	100	4262	0.0234632
chr19_gl000208_random	0	88835	92689	0.95842
chr19_gl000208_random	1	3448	92689	0.0371997
chr19_gl000208_random	2	366	92689	0.00394869
chr19_gl000208_random	3	40	92689	0.000431551
chr19_gl000209_random	0	158819	159169	0.997801
chr19_gl000209_random	1	350	159169	0.00219892
chr21_gl000210_random	0	27502	27682	0.993498
chr21_gl000210_random	1	160	27682	0.00577993
chr21_gl000210_random	2	20	27682	0.000722491
chrUn_gl000211	0	163914	166566	0.984078
chrUn_gl000211	1	2604	166566	0.0156334
chrUn_gl000211	2	48	166566	0.000288174
chrUn_gl000212	0	183032	186858	0.979525
chrUn_gl000212	1	3752	186858	0.0200794
chrUn_gl000212	2	74	186858	0.000396023
chrUn_gl000213	0	162889	164239	0.99178
chrUn_gl000213	1	1350	164239	0.00821973
chrUn_gl000214	0	127220	137718	0.923772
chrUn_gl000214	1	9881	137718	0.0717481
chrUn_gl000214	2	533	137718	0.00387023
chrUn_gl000214	3	83	137718	0.000602681
chrUn_gl000214	4	1	137718	7.26122e-06
chrUn_gl000215	0	171583	172545	0.994425
chrUn_gl000215	1	874	172545	0.00506535
chrUn_gl000215	2	88	172545	0.000510012
chrUn_gl000216	0	161206	172294	0.935645
chrUn_gl000216	1	8704	172294	0.0505183
chrUn_gl000216	2	1258	172294	0.00730147
chrUn_gl000216	3	517	172294	0.00300068
chrUn_gl000216	4	190	172294	0.00110277
chrUn_gl000216	5	121	172294	0.000702288
chrUn_gl000216	6	116	172294	0.000673268
chrUn_gl000216	7	31	172294	0.000179925
chrUn_gl000216	8	50	172294	0.000290202
chrUn_gl000216	9	23	172294	0.000133493
chrUn_gl000216	10	27	172294	0.000156709
chrUn_gl000216	11	7	172294	4.06282e-05
chrUn_gl000216	12	6	172294	3.48242e-05
chrUn_gl000216	13	17	172294	9.86686e-05
chrUn_gl000216	14	11	172294	6.38444e-05
chrUn_gl000216	15	10	172294	5.80403e-05
chrUn_gl000217	0	168256	172149	0.977386
chrUn_gl000217	1	3886	172149	0.0225735
chrUn_gl000217	2	7	172149	4.06624e-05
chrUn_gl000218	0	154675	161147	0.959838
chrUn_gl000218	1	6201	161147	0.0384804
chrUn_gl000218	2	264	161147	0.00163826
chrUn_gl000218	3	7	161147	4.34386e-05
chrUn_gl000219	0	172840	179198	0.96452
chrUn_gl000219	1	6083	179198	0.0339457
chrUn_gl000219	2	258	179198	0.00143975
chrUn_gl000219	3	17	179198	9.48671e-05
chrUn_gl000220	0	120525	161802	0.744892
chrUn_gl000220	1	14796	161802	0.0914451
chrUn_gl000220	2	6982	161802	0.0431515
chrUn_gl000220	3	5104	161802	0.0315447
chrUn_gl000220	4	4266	161802	0.0263656
chrUn_gl000220	5	3189	161802	0.0197093
chrUn_gl000220	6	2576	161802	0.0159207
chrUn_gl000220	7	1697	161802	0.0104881
chrUn_gl000220	8	1124	161802	0.00694676
chrUn_gl000220	9	642	161802	0.00396781
chrUn_gl000220	10	383	161802	0.00236709
chrUn_gl000220	11	247	161802	0.00152656
chrUn_gl000220	12	115	161802	0.000710745
chrUn_gl000220	13	83	161802	0.000512973
chrUn_gl000220	14	39	161802	0.000241035
chrUn_gl000220	15	32	161802	0.000197773
chrUn_gl000220	16	2	161802	1.23608e-05
chrUn_gl000221	0	150016	155397	0.965373
chrUn_gl000221	1	5162	155397	0.0332181
chrUn_gl000221	2	219	155397	0.00140929
chrUn_gl000222	0	183772	186861	0.983469
chrUn_gl000222	1	2928	186861	0.0156694
chrUn_gl000222	2	161	186861	0.000861603
chrUn_gl000223	0	179256	180455	0.993356
chrUn_gl000223	1	1198	180455	0.00663877
chrUn_gl000223	2	1	180455	5.54155e-06
chrUn_gl000224	0	164608	179693	0.916051
chrUn_gl000224	1	12071	179693	0.0671757
chrUn_gl000224	2	2230	179693	0.0124101
chrUn_gl000224	3	675	179693	0.00375641
chrUn_gl000224	4	101	179693	0.00056207
chrUn_gl000224	5	8	179693	4.45204e-05
chrUn_gl000225	0	186484	211173	0.883086
chrUn_gl000225	1	17603	211173	0.0833582
chrUn_gl000225	2	4135	211173	0.0195811
chrUn_gl000225	3	1513	211173	0.00716474
chrUn_gl000225	4	814	211173	0.00385466
chrUn_gl000225	5	329	211173	0.00155796
chrUn_gl000225	6	184	211173	0.000871324
chrUn_gl000225	7	70	211173	0.000331482
chrUn_gl000225	8	31	211173	0.000146799
chrUn_gl000225	9	5	211173	2.36773e-05
chrUn_gl000225	10	5	211173	2.36773e-05
chrUn_gl000226	0	1291	15008	0.0860208
chrUn_gl000226	1	1373	15008	0.0914845
chrUn_gl000226	2	1296	15008	0.0863539
chrUn_gl000226	3	1444	15008	0.0962154
chrUn_gl000226	4	1293	15008	0.0861541
chrUn_gl000226	5	1172	15008	0.0780917
chrUn_gl000226	6	1171	15008	0.0780251
chrUn_gl000226	7	888	15008	0.0591684
chrUn_gl000226	8	702	15008	0.0467751
chrUn_gl000226	9	777	15008	0.0517724
chrUn_gl000226	10	646	15008	0.0430437
chrUn_gl000226	11	550	15008	0.0366471
chrUn_gl000226	12	415	15008	0.0276519
chrUn_gl000226	13	332	15008	0.0221215
chrUn_gl000226	14	283	15008	0.0188566
chrUn_gl000226	15	195	15008	0.0129931
chrUn_gl000226	16	211	15008	0.0140592
chrUn_gl000226	17	212	15008	0.0141258
chrUn_gl000226	18	186	15008	0.0123934
chrUn_gl000226	19	149	15008	0.00992804
chrUn_gl000226	20	85	15008	0.00566365
chrUn_gl000226	21	62	15008	0.00413113
chrUn_gl000226	22	30	15008	0.00199893
chrUn_gl000226	23	38	15008	0.00253198
chrUn_gl000226	24	24	15008	0.00159915
chrUn_gl000226	25	22	15008	0.00146588
chrUn_gl000226	26	48	15008	0.00319829
chrUn_gl000226	27	41	15008	0.00273188
chrUn_gl000226	28	33	15008	0.00219883
chrUn_gl000226	29	19	15008	0.00126599
chrUn_gl000226	30	4	15008	0.000266525
chrUn_gl000226	31	9	15008	0.00059968
chrUn_gl000226	32	5	15008	0.000333156
chrUn_gl000226	33	1	15008	6.66311e-05
chrUn_gl000226	34	1	15008	6.66311e-05
chrUn_gl000227	0	127114	128374	0.990185
chrUn_gl000227	1	1170	128374	0.009114
chrUn_gl000227	2	90	128374	0.000701077
chrUn_gl000228	0	126681	129120	0.981111
chrUn_gl000228	1	1183	129120	0.00916202
chrUn_gl000228	2	384	129120	0.00297398
chrUn_gl000228	3	150	129120	0.00116171
chrUn_gl000228	4	156	129120	0.00120818
chrUn_gl000228	5	89	129120	0.000689281
chrUn_gl000228	6	134	129120	0.00103779
chrUn_gl000228	7	61	129120	0.000472429
chrUn_gl000228	8	89	129120	0.000689281
chrUn_gl000228	9	44	129120	0.000340768
chrUn_gl000228	10	77	129120	0.000596344
chrUn_gl000228	11	25	129120	0.000193618
chrUn_gl000228	12	27	129120	0.000209108
chrUn_gl000228	13	11	129120	8.51921e-05
chrUn_gl000228	14	6	129120	4.64684e-05
chrUn_gl000228	15	3	129120	2.32342e-05
chrUn_gl000229	0	19263	19913	0.967358
chrUn_gl000229	1	600	19913	0.0301311
chrUn_gl000229	2	50	19913	0.00251092
chrUn_gl000230	0	42324	43691	0.968712
chrUn_gl000230	1	1284	43691	0.0293882
chrUn_gl000230	2	83	43691	0.0018997
chrUn_gl000231	0	26137	27386	0.954393
chrUn_gl000231	1	1198	27386	0.043745
chrUn_gl000231	2	51	27386	0.00186227
chrUn_gl000232	0	37997	40652	0.93469
chrUn_gl000232	1	2446	40652	0.0601692
chrUn_gl000232	2	173	40652	0.00425563
chrUn_gl000232	3	36	40652	0.000885565
chrUn_gl000233	0	44845	45941	0.976143
chrUn_gl000233	1	1092	45941	0.0237696
chrUn_gl000233	2	4	45941	8.70682e-05
chrUn_gl000234	0	37967	40531	0.93674
chrUn_gl000234	1	2478	40531	0.0611384
chrUn_gl000234	2	86	40531	0.00212183
chrUn_gl000235	0	32653	34474	0.947178
chrUn_gl000235	1	1792	34474	0.0519812
chrUn_gl000235	2	29	34474	0.000841214
chrUn_gl000236	0	41484	41934	0.989269
chrUn_gl000236	1	450	41934	0.0107311
chrUn_gl000237	0	44369	45867	0.96734
chrUn_gl000237	1	1246	45867	0.0271655
chrUn_gl000237	2	252	45867	0.00549415
chrUn_gl000238	0	39789	39939	0.996244
chrUn_gl000238	1	150	39939	0.00375573
chrUn_gl000239	0	32018	33824	0.946606
chrUn_gl000239	1	1662	33824	0.0491367
chrUn_gl000239	2	144	33824	0.00425733
chrUn_gl000240	0	40855	41933	0.974292
chrUn_gl000240	1	1006	41933	0.0239907
chrUn_gl000240	2	72	41933	0.00171702
chrUn_gl000241	0	40200	42152	0.953691
chrUn_gl000241	1	1854	42152	0.0439837
chrUn_gl000241	2	98	42152	0.00232492
chrUn_gl000242	0	43293	43523	0.994715
chrUn_gl000242	1	210	43523	0.00482504
chrUn_gl000242	2	20	43523	0.000459527
chrUn_gl000243	0	42095	43341	0.971251
chrUn_gl000243	1	1142	43341	0.0263492
chrUn_gl000243	2	104	43341	0.00239958
chrUn_gl000244	0	39279	39929	0.983721
chrUn_gl000244	1	650	39929	0.0162789
chrUn_gl000245	0	35286	36651	0.962757
chrUn_gl000245	1	1280	36651	0.034924
chrUn_gl000245	2	85	36651	0.00231917
chrUn_gl000246	0	37454	38154	0.981653
chrUn_gl000246	1	700	38154	0.0183467
chrUn_gl000247	0	35572	36422	0.976662
chrUn_gl000247	1	850	36422	0.0233375
chrUn_gl000248	0	39686	39786	0.997487
chrUn_gl000248	1	100	39786	0.00251345
chrUn_gl000249	0	38152	38502	0.99091
chrUn_gl000249	1	350	38502	0.00909044
genome	0	3099279284	3137161264	0.987925
genome	1	36498325	3137161264	0.0116342
genome	2	1247965	3137161264	0.000397801
genome	3	52895	3137161264	1.68608e-05
genome	4	17355	3137161264	5.53207e-06
genome	5	11989	3137161264	3.82161e-06
genome	6	8658	3137161264	2.75982e-06
genome	7	6291	3137161264	2.00532e-06
genome	8	5167	3137161264	1.64703e-06
genome	9	4391	3137161264	1.39967e-06
genome	10	3801	3137161264	1.2116e-06
genome	11	3144	3137161264	1.00218e-06
genome	12	2768	3137161264	8.82326e-07
genome	13	2443	3137161264	7.78729e-07
genome	14	2480	3137161264	7.90524e-07
genome	15	2253	3137161264	7.18165e-07
genome	16	1782	3137161264	5.68029e-07
genome	17	1617	3137161264	5.15434e-07
genome	18	1335	3137161264	4.25544e-07
genome	19	1129	3137161264	3.59879e-07
genome	20	911	3137161264	2.9039e-07
genome	21	788	3137161264	2.51183e-07
genome	22	555	3137161264	1.76912e-07
genome	23	427	3137161264	1.3611e-07
genome	24	347	3137161264	1.1061e-07
genome	25	239	3137161264	7.61835e-08
genome	26	241	3137161264	7.6821e-08
genome	27	173	3137161264	5.51454e-08
genome	28	124	3137161264	3.95262e-08
genome	29	133	3137161264	4.2395e-08
genome	30	130	3137161264	4.14387e-08
genome	31	101	3137161264	3.21947e-08
genome	32	126	3137161264	4.01637e-08
genome	33	74	3137161264	2.35882e-08
genome	34	68	3137161264	2.16756e-08
genome	35	97	3137161264	3.09197e-08
genome	36	69	3137161264	2.19944e-08
genome	37	55	3137161264	1.75318e-08
genome	38	87	3137161264	2.77321e-08
genome	39	93	3137161264	2.96446e-08
genome	40	102	3137161264	3.25135e-08
genome	41	74	3137161264	2.35882e-08
genome	42	77	3137161264	2.45445e-08
genome	43	55	3137161264	1.75318e-08
genome	44	43	3137161264	1.37067e-08
genome	45	41	3137161264	1.30691e-08
genome	46	42	3137161264	1.33879e-08
genome	47	29	3137161264	9.24403e-09
genome	48	32	3137161264	1.02003e-08
genome	49	21	3137161264	6.69395e-09
genome	50	18	3137161264	5.73767e-09
genome	51	20	3137161264	6.37519e-09
genome	52	24	3137161264	7.65023e-09
genome	53	27	3137161264	8.60651e-09
genome	54	26	3137161264	8.28775e-09
genome	55	29	3137161264	9.24403e-09
genome	56	21	3137161264	6.69395e-09
genome	57	24	3137161264	7.65023e-09
genome	58	31	3137161264	9.88155e-09
genome	59	12	3137161264	3.82511e-09
genome	60	15	3137161264	4.78139e-09
genome	61	8	3137161264	2.55008e-09
genome	62	13	3137161264	4.14387e-09
genome	63	4	3137161264	1.27504e-09
genome	64	5	3137161264	1.5938e-09
genome	65	6	3137161264	1.91256e-09
genome	66	12	3137161264	3.82511e-09
genome	67	6	3137161264	1.91256e-09
genome	68	9	3137161264	2.86884e-09
genome	69	6	3137161264	1.91256e-09
genome	70	8	3137161264	2.55008e-09
genome	71	5	3137161264	1.5938e-09
genome	72	3	3137161264	9.56279e-10
genome	73	7	3137161264	2.23132e-09
genome	74	5	3137161264	1.5938e-09
genome	75	7	3137161264	2.23132e-09
genome	76	7	3137161264	2.23132e-09
genome	77	7	3137161264	2.23132e-09
genome	78	9	3137161264	2.86884e-09
genome	79	9	3137161264	2.86884e-09
genome	80	6	3137161264	1.91256e-09
genome	81	9	3137161264	2.86884e-09
genome	82	11	3137161264	3.50635e-09
genome	83	11	3137161264	3.50635e-09
genome	84	4	3137161264	1.27504e-09
genome	85	1	3137161264	3.1876e-10
genome	86	8	3137161264	2.55008e-09
genome	87	1	3137161264	3.1876e-10
genome	89	1	3137161264	3.1876e-10
genome	91	3	3137161264	9.56279e-10
genome	92	3	3137161264	9.56279e-10
genome	93	1	3137161264	3.1876e-10
genome	94	3	3137161264	9.56279e-10
genome	95	2	3137161264	6.37519e-10
genome	96	7	3137161264	2.23132e-09
genome	97	4	3137161264	1.27504e-09
genome	98	6	3137161264	1.91256e-09
genome	99	5	3137161264	1.5938e-09
genome	100	6	3137161264	1.91256e-09
genome	101	2	3137161264	6.37519e-10
genome	102	2	3137161264	6.37519e-10
genome	103	4	3137161264	1.27504e-09
genome	104	2	3137161264	6.37519e-10
genome	105	3	3137161264	9.56279e-10
genome	106	5	3137161264	1.5938e-09
genome	107	10	3137161264	3.1876e-09
genome	108	4	3137161264	1.27504e-09
genome	109	4	3137161264	1.27504e-09
genome	111	1	3137161264	3.1876e-10
genome	112	1	3137161264	3.1876e-10
genome	115	2	3137161264	6.37519e-10
genome	116	1	3137161264	3.1876e-10
genome	117	2	3137161264	6.37519e-10
genome	119	1	3137161264	3.1876e-10
genome	120	5	3137161264	1.5938e-09
genome	121	5	3137161264	1.5938e-09
genome	122	7	3137161264	2.23132e-09
genome	123	1	3137161264	3.1876e-10
genome	124	2	3137161264	6.37519e-10
genome	125	2	3137161264	6.37519e-10
genome	126	1	3137161264	3.1876e-10
genome	127	2	3137161264	6.37519e-10
genome	128	1	3137161264	3.1876e-10
genome	129	2	3137161264	6.37519e-10
genome	131	3	3137161264	9.56279e-10
genome	132	1	3137161264	3.1876e-10
genome	134	3	3137161264	9.56279e-10
genome	135	1	3137161264	3.1876e-10
genome	136	2	3137161264	6.37519e-10
genome	137	1	3137161264	3.1876e-10
genome	139	1	3137161264	3.1876e-10
genome	140	5	3137161264	1.5938e-09
genome	141	2	3137161264	6.37519e-10
genome	142	3	3137161264	9.56279e-10
genome	144	1	3137161264	3.1876e-10
genome	145	1	3137161264	3.1876e-10
genome	146	1	3137161264	3.1876e-10
genome	147	1	3137161264	3.1876e-10
genome	148	1	3137161264	3.1876e-10
genome	149	4	3137161264	1.27504e-09
genome	150	2	3137161264	6.37519e-10
genome	151	3	3137161264	9.56279e-10
genome	152	6	3137161264	1.91256e-09
genome	154	2	3137161264	6.37519e-10
genome	155	6	3137161264	1.91256e-09
genome	156	5	3137161264	1.5938e-09
genome	157	7	3137161264	2.23132e-09
genome	158	7	3137161264	2.23132e-09
genome	159	6	3137161264	1.91256e-09
genome	160	2	3137161264	6.37519e-10
genome	161	3	3137161264	9.56279e-10
genome	162	14	3137161264	4.46263e-09
genome	163	4	3137161264	1.27504e-09
genome	164	6	3137161264	1.91256e-09
genome	165	8	3137161264	2.55008e-09
genome	166	8	3137161264	2.55008e-09
genome	167	2	3137161264	6.37519e-10
genome	168	5	3137161264	1.5938e-09
genome	169	4	3137161264	1.27504e-09
genome	170	3	3137161264	9.56279e-10
genome	171	4	3137161264	1.27504e-09
genome	172	6	3137161264	1.91256e-09
genome	173	2	3137161264	6.37519e-10
genome	174	1	3137161264	3.1876e-10
genome	175	2	3137161264	6.37519e-10
genome	176	4	3137161264	1.27504e-09
genome	177	3	3137161264	9.56279e-10
genome	178	7	3137161264	2.23132e-09
genome	179	4	3137161264	1.27504e-09
genome	180	3	3137161264	9.56279e-10
genome	181	1	3137161264	3.1876e-10
genome	182	4	3137161264	1.27504e-09
genome	183	5	3137161264	1.5938e-09
genome	184	10	3137161264	3.1876e-09
genome	185	4	3137161264	1.27504e-09
genome	186	2	3137161264	6.37519e-10
genome	187	5	3137161264	1.5938e-09
genome	188	5	3137161264	1.5938e-09
genome	189	6	3137161264	1.91256e-09
genome	190	3	3137161264	9.56279e-10
genome	191	4	3137161264	1.27504e-09
genome	192	3	3137161264	9.56279e-10
genome	193	1	3137161264	3.1876e-10
genome	194	1	3137161264	3.1876e-10
genome	195	2	3137161264	6.37519e-10
genome	196	1	3137161264	3.1876e-10
genome	197	2	3137161264	6.37519e-10
genome	198	1	3137161264	3.1876e-10
genome	199	1	3137161264	3.1876e-10
genome	200	2	3137161264	6.37519e-10
genome	201	3	3137161264	9.56279e-10
genome	202	1	3137161264	3.1876e-10
genome	205	3	3137161264	9.56279e-10
genome	206	4	3137161264	1.27504e-09
genome	207	2	3137161264	6.37519e-10
genome	208	4	3137161264	1.27504e-09
genome	209	4	3137161264	1.27504e-09
genome	210	3	3137161264	9.56279e-10
genome	213	1	3137161264	3.1876e-10
genome	214	2	3137161264	6.37519e-10
genome	215	1	3137161264	3.1876e-10
genome	216	3	3137161264	9.56279e-10
genome	217	1	3137161264	3.1876e-10
genome	218	2	3137161264	6.37519e-10
genome	219	4	3137161264	1.27504e-09
genome	221	5	3137161264	1.5938e-09
genome	222	6	3137161264	1.91256e-09
genome	223	1	3137161264	3.1876e-10
genome	225	2	3137161264	6.37519e-10
genome	229	3	3137161264	9.56279e-10
genome	230	3	3137161264	9.56279e-10
