chrM	3	2	16571	0.000120693
chrM	4	4	16571	0.000241386
chrM	5	18	16571	0.00108624
chrM	6	13	16571	0.000784503
chrM	7	31	16571	0.00187074
chrM	8	64	16571	0.00386217
chrM	9	156	16571	0.00941404
chrM	10	243	16571	0.0146642
chrM	11	292	16571	0.0176211
chrM	12	329	16571	0.019854
chrM	13	475	16571	0.0286645
chrM	14	523	16571	0.0315612
chrM	15	655	16571	0.0395269
chrM	16	689	16571	0.0415787
chrM	17	848	16571	0.0511737
chrM	18	790	16571	0.0476736
chrM	19	801	16571	0.0483375
chrM	20	944	16571	0.056967
chrM	21	930	16571	0.0561221
chrM	22	906	16571	0.0546738
chrM	23	931	16571	0.0561825
chrM	24	768	16571	0.046346
chrM	25	747	16571	0.0450788
chrM	26	824	16571	0.0497254
chrM	27	767	16571	0.0462857
chrM	28	587	16571	0.0354233
chrM	29	515	16571	0.0310784
chrM	30	473	16571	0.0285438
chrM	31	456	16571	0.027518
chrM	32	439	16571	0.0264921
chrM	33	337	16571	0.0203367
chrM	34	267	16571	0.0161125
chrM	35	204	16571	0.0123107
chrM	36	162	16571	0.00977611
chrM	37	79	16571	0.00476736
chrM	38	69	16571	0.0041639
chrM	39	51	16571	0.00307767
chrM	40	46	16571	0.00277593
chrM	41	52	16571	0.00313801
chrM	42	24	16571	0.00144831
chrM	43	22	16571	0.00132762
chrM	44	16	16571	0.000965542
chrM	45	11	16571	0.00066381
chrM	46	2	16571	0.000120693
chrM	47	8	16571	0.000482771
chrM	48	1	16571	6.03464e-05
chr1	0	246256883	249250621	0.987989
chr1	1	2903810	249250621	0.0116502
chr1	2	85153	249250621	0.000341636
chr1	3	2045	249250621	8.20459e-06
chr1	4	366	249250621	1.4684e-06
chr1	5	419	249250621	1.68104e-06
chr1	6	303	249250621	1.21564e-06
chr1	7	168	249250621	6.7402e-07
chr1	8	130	249250621	5.21563e-07
chr1	9	104	249250621	4.17251e-07
chr1	10	66	249250621	2.64794e-07
chr1	11	50	249250621	2.00601e-07
chr1	12	17	249250621	6.82044e-08
chr1	13	14	249250621	5.61684e-08
chr1	14	12	249250621	4.81443e-08
chr1	15	41	249250621	1.64493e-07
chr1	16	22	249250621	8.82646e-08
chr1	17	22	249250621	8.82646e-08
chr1	18	30	249250621	1.20361e-07
chr1	19	20	249250621	8.02405e-08
chr1	20	24	249250621	9.62886e-08
chr1	21	28	249250621	1.12337e-07
chr1	22	29	249250621	1.16349e-07
chr1	23	15	249250621	6.01804e-08
chr1	24	34	249250621	1.36409e-07
chr1	25	41	249250621	1.64493e-07
chr1	26	28	249250621	1.12337e-07
chr1	27	14	249250621	5.61684e-08
chr1	28	21	249250621	8.42525e-08
chr1	29	26	249250621	1.04313e-07
chr1	30	22	249250621	8.82646e-08
chr1	31	36	249250621	1.44433e-07
chr1	32	22	249250621	8.82646e-08
chr1	33	32	249250621	1.28385e-07
chr1	34	32	249250621	1.28385e-07
chr1	35	34	249250621	1.36409e-07
chr1	36	26	249250621	1.04313e-07
chr1	37	12	249250621	4.81443e-08
chr1	38	6	249250621	2.40722e-08
chr1	39	8	249250621	3.20962e-08
chr1	40	11	249250621	4.41323e-08
chr1	41	3	249250621	1.20361e-08
chr1	42	9	249250621	3.61082e-08
chr1	43	10	249250621	4.01203e-08
chr1	44	1	249250621	4.01203e-09
chr1	45	1	249250621	4.01203e-09
chr1	46	2	249250621	8.02405e-09
chr1	47	4	249250621	1.60481e-08
chr1	48	6	249250621	2.40722e-08
chr1	49	7	249250621	2.80842e-08
chr1	50	3	249250621	1.20361e-08
chr1	51	3	249250621	1.20361e-08
chr1	52	2	249250621	8.02405e-09
chr1	53	7	249250621	2.80842e-08
chr1	54	2	249250621	8.02405e-09
chr1	56	7	249250621	2.80842e-08
chr1	57	10	249250621	4.01203e-08
chr1	58	12	249250621	4.81443e-08
chr1	59	10	249250621	4.01203e-08
chr1	60	1	249250621	4.01203e-09
chr1	61	6	249250621	2.40722e-08
chr1	62	2	249250621	8.02405e-09
chr1	63	2	249250621	8.02405e-09
chr1	64	9	249250621	3.61082e-08
chr1	65	2	249250621	8.02405e-09
chr1	66	7	249250621	2.80842e-08
chr1	67	2	249250621	8.02405e-09
chr1	68	10	249250621	4.01203e-08
chr1	69	4	249250621	1.60481e-08
chr1	70	5	249250621	2.00601e-08
chr1	71	4	249250621	1.60481e-08
chr1	72	4	249250621	1.60481e-08
chr1	73	7	249250621	2.80842e-08
chr1	74	14	249250621	5.61684e-08
chr1	75	6	249250621	2.40722e-08
chr1	76	2	249250621	8.02405e-09
chr1	77	5	249250621	2.00601e-08
chr1	78	4	249250621	1.60481e-08
chr1	79	11	249250621	4.41323e-08
chr1	80	7	249250621	2.80842e-08
chr1	81	10	249250621	4.01203e-08
chr1	82	6	249250621	2.40722e-08
chr1	83	6	249250621	2.40722e-08
chr1	84	10	249250621	4.01203e-08
chr1	85	21	249250621	8.42525e-08
chr1	86	9	249250621	3.61082e-08
chr1	87	10	249250621	4.01203e-08
chr1	88	14	249250621	5.61684e-08
chr1	89	17	249250621	6.82044e-08
chr1	90	10	249250621	4.01203e-08
chr1	91	11	249250621	4.41323e-08
chr1	92	16	249250621	6.41924e-08
chr1	93	7	249250621	2.80842e-08
chr1	94	4	249250621	1.60481e-08
chr1	95	5	249250621	2.00601e-08
chr1	96	6	249250621	2.40722e-08
chr1	97	5	249250621	2.00601e-08
chr1	98	3	249250621	1.20361e-08
chr1	99	4	249250621	1.60481e-08
chr1	100	5	249250621	2.00601e-08
chr1	101	5	249250621	2.00601e-08
chr1	102	3	249250621	1.20361e-08
chr1	103	6	249250621	2.40722e-08
chr1	104	5	249250621	2.00601e-08
chr1	105	2	249250621	8.02405e-09
chr1	106	4	249250621	1.60481e-08
chr1	107	3	249250621	1.20361e-08
chr1	108	3	249250621	1.20361e-08
chr1	109	3	249250621	1.20361e-08
chr1	110	6	249250621	2.40722e-08
chr1	111	3	249250621	1.20361e-08
chr1	112	1	249250621	4.01203e-09
chr1	113	2	249250621	8.02405e-09
chr1	114	1	249250621	4.01203e-09
chr1	115	2	249250621	8.02405e-09
chr1	116	3	249250621	1.20361e-08
chr1	117	1	249250621	4.01203e-09
chr2	0	239682801	243199373	0.98554
chr2	1	3405409	243199373	0.0140025
chr2	2	105482	243199373	0.000433726
chr2	3	3452	243199373	1.41941e-05
chr2	4	1107	243199373	4.55182e-06
chr2	5	519	243199373	2.13405e-06
chr2	6	244	243199373	1.00329e-06
chr2	7	96	243199373	3.94738e-07
chr2	8	83	243199373	3.41284e-07
chr2	9	61	243199373	2.50823e-07
chr2	10	58	243199373	2.38487e-07
chr2	11	22	243199373	9.04608e-08
chr2	12	14	243199373	5.75659e-08
chr2	13	3	243199373	1.23356e-08
chr2	14	10	243199373	4.11185e-08
chr2	15	12	243199373	4.93422e-08
chr3	0	195350879	198022430	0.986509
chr3	1	2596449	198022430	0.0131119
chr3	2	73764	198022430	0.000372503
chr3	3	1233	198022430	6.22657e-06
chr3	4	68	198022430	3.43395e-07
chr3	5	20	198022430	1.00999e-07
chr3	6	17	198022430	8.58489e-08
chr4	0	188803723	191154276	0.987703
chr4	1	2286553	191154276	0.0119618
chr4	2	62263	191154276	0.000325721
chr4	3	1572	191154276	8.22372e-06
chr4	4	120	191154276	6.27765e-07
chr4	5	45	191154276	2.35412e-07
chr5	0	178694575	180915260	0.987725
chr5	1	2158108	180915260	0.0119288
chr5	2	60014	180915260	0.000331724
chr5	3	1179	180915260	6.51686e-06
chr5	4	258	180915260	1.42608e-06
chr5	5	305	180915260	1.68587e-06
chr5	6	299	180915260	1.65271e-06
chr5	7	230	180915260	1.27131e-06
chr5	8	140	180915260	7.73843e-07
chr5	9	44	180915260	2.43208e-07
chr5	10	28	180915260	1.54769e-07
chr5	11	27	180915260	1.49241e-07
chr5	12	4	180915260	2.21098e-08
chr5	13	25	180915260	1.38186e-07
chr5	14	13	180915260	7.18568e-08
chr5	15	8	180915260	4.42196e-08
chr5	16	3	180915260	1.65823e-08
chr6	0	169162574	171115067	0.98859
chr6	1	1897077	171115067	0.0110866
chr6	2	51361	171115067	0.000300155
chr6	3	1053	171115067	6.15375e-06
chr6	4	248	171115067	1.44932e-06
chr6	5	444	171115067	2.59475e-06
chr6	6	450	171115067	2.62981e-06
chr6	7	299	171115067	1.74736e-06
chr6	8	328	171115067	1.91684e-06
chr6	9	314	171115067	1.83502e-06
chr6	10	185	171115067	1.08114e-06
chr6	11	195	171115067	1.13958e-06
chr6	12	178	171115067	1.04024e-06
chr6	13	122	171115067	7.12971e-07
chr6	14	111	171115067	6.48686e-07
chr6	15	44	171115067	2.57137e-07
chr6	16	35	171115067	2.04541e-07
chr6	17	25	171115067	1.46101e-07
chr6	18	5	171115067	2.92201e-08
chr6	19	9	171115067	5.25962e-08
chr6	20	5	171115067	2.92201e-08
chr6	22	5	171115067	2.92201e-08
chr7	0	157279208	159138663	0.988316
chr7	1	1807325	159138663	0.0113569
chr7	2	49982	159138663	0.000314078
chr7	3	864	159138663	5.42923e-06
chr7	4	159	159138663	9.99129e-07
chr7	5	51	159138663	3.20475e-07
chr7	6	70	159138663	4.39868e-07
chr7	7	104	159138663	6.53518e-07
chr7	8	46	159138663	2.89056e-07
chr7	9	113	159138663	7.10073e-07
chr7	10	117	159138663	7.35208e-07
chr7	11	105	159138663	6.59802e-07
chr7	12	108	159138663	6.78653e-07
chr7	13	77	159138663	4.83855e-07
chr7	14	57	159138663	3.58178e-07
chr7	15	55	159138663	3.45611e-07
chr7	16	31	159138663	1.94799e-07
chr7	17	48	159138663	3.01624e-07
chr7	18	49	159138663	3.07908e-07
chr7	19	37	159138663	2.32502e-07
chr7	20	17	159138663	1.06825e-07
chr7	21	7	159138663	4.39868e-08
chr7	22	8	159138663	5.02706e-08
chr7	23	4	159138663	2.51353e-08
chr7	24	3	159138663	1.88515e-08
chr7	25	1	159138663	6.28383e-09
chr7	26	8	159138663	5.02706e-08
chr7	27	9	159138663	5.65545e-08
chr8	0	144519529	146364022	0.987398
chr8	1	1787604	146364022	0.0122134
chr8	2	53774	146364022	0.000367399
chr8	3	2172	146364022	1.48397e-05
chr8	4	575	146364022	3.92856e-06
chr8	5	200	146364022	1.36646e-06
chr8	6	101	146364022	6.9006e-07
chr8	7	60	146364022	4.09937e-07
chr8	8	7	146364022	4.7826e-08
chr9	0	139666278	141213431	0.989044
chr9	1	1499176	141213431	0.0106164
chr9	2	46671	141213431	0.0003305
chr9	3	1143	141213431	8.09413e-06
chr9	4	123	141213431	8.71022e-07
chr9	5	29	141213431	2.05363e-07
chr9	6	11	141213431	7.78963e-08
chr10	0	133240791	135534747	0.983075
chr10	1	2207902	135534747	0.0162903
chr10	2	76968	135534747	0.000567884
chr10	3	3571	135534747	2.63475e-05
chr10	4	1389	135534747	1.02483e-05
chr10	5	990	135534747	7.3044e-06
chr10	6	590	135534747	4.35313e-06
chr10	7	464	135534747	3.42348e-06
chr10	8	375	135534747	2.76682e-06
chr10	9	385	135534747	2.8406e-06
chr10	10	263	135534747	1.94046e-06
chr10	11	189	135534747	1.39448e-06
chr10	12	175	135534747	1.29118e-06
chr10	13	136	135534747	1.00343e-06
chr10	14	126	135534747	9.29651e-07
chr10	15	129	135534747	9.51785e-07
chr10	16	90	135534747	6.64036e-07
chr10	17	43	135534747	3.17262e-07
chr10	18	45	135534747	3.32018e-07
chr10	19	43	135534747	3.17262e-07
chr10	20	18	135534747	1.32807e-07
chr10	21	25	135534747	1.84455e-07
chr10	22	11	135534747	8.116e-08
chr10	23	9	135534747	6.64036e-08
chr10	24	18	135534747	1.32807e-07
chr10	25	2	135534747	1.47564e-08
chr11	0	133391884	135006516	0.98804
chr11	1	1567376	135006516	0.0116096
chr11	2	44456	135006516	0.000329288
chr11	3	1454	135006516	1.07699e-05
chr11	4	404	135006516	2.99245e-06
chr11	5	245	135006516	1.81473e-06
chr11	6	163	135006516	1.20735e-06
chr11	7	111	135006516	8.22183e-07
chr11	8	64	135006516	4.74051e-07
chr11	9	88	135006516	6.5182e-07
chr11	10	49	135006516	3.62945e-07
chr11	11	86	135006516	6.37006e-07
chr11	12	31	135006516	2.29619e-07
chr11	13	48	135006516	3.55538e-07
chr11	14	45	135006516	3.33317e-07
chr11	15	4	135006516	2.96282e-08
chr11	16	8	135006516	5.92564e-08
chr12	0	132055756	133851895	0.986581
chr12	1	1744620	133851895	0.013034
chr12	2	50057	133851895	0.000373973
chr12	3	1140	133851895	8.51688e-06
chr12	4	121	133851895	9.03984e-07
chr12	5	62	133851895	4.63199e-07
chr12	6	57	133851895	4.25844e-07
chr12	7	42	133851895	3.1378e-07
chr12	8	14	133851895	1.04593e-07
chr12	9	6	133851895	4.48257e-08
chr12	10	20	133851895	1.49419e-07
chr13	0	113955680	115169878	0.989457
chr13	1	1182533	115169878	0.0102677
chr13	2	30983	115169878	0.00026902
chr13	3	555	115169878	4.81897e-06
chr13	4	43	115169878	3.73362e-07
chr13	5	15	115169878	1.30242e-07
chr13	6	24	115169878	2.08388e-07
chr13	7	19	115169878	1.64974e-07
chr13	8	22	115169878	1.91022e-07
chr13	9	4	115169878	3.47313e-08
chr14	0	106183416	107349540	0.989137
chr14	1	1131867	107349540	0.0105438
chr14	2	33666	107349540	0.000313611
chr14	3	563	107349540	5.24455e-06
chr14	4	28	107349540	2.6083e-07
chr15	0	101334228	102531392	0.988324
chr15	1	1162428	102531392	0.0113373
chr15	2	34236	102531392	0.000333907
chr15	3	500	102531392	4.87656e-06
chr16	0	89170293	90354753	0.986891
chr16	1	1131319	90354753	0.0125209
chr16	2	43878	90354753	0.000485619
chr16	3	4716	90354753	5.21943e-05
chr16	4	2087	90354753	2.30978e-05
chr16	5	1060	90354753	1.17315e-05
chr16	6	505	90354753	5.58908e-06
chr16	7	309	90354753	3.41985e-06
chr16	8	234	90354753	2.58979e-06
chr16	9	199	90354753	2.20243e-06
chr16	10	87	90354753	9.62871e-07
chr16	11	51	90354753	5.64442e-07
chr16	12	5	90354753	5.53374e-08
chr16	13	8	90354753	8.85399e-08
chr16	14	2	90354753	2.2135e-08
chr17	0	79989823	81195210	0.985155
chr17	1	1160913	81195210	0.0142978
chr17	2	41225	81195210	0.000507727
chr17	3	1729	81195210	2.12944e-05
chr17	4	475	81195210	5.8501e-06
chr17	5	281	81195210	3.4608e-06
chr17	6	225	81195210	2.7711e-06
chr17	7	113	81195210	1.39171e-06
chr17	8	131	81195210	1.6134e-06
chr17	9	33	81195210	4.06428e-07
chr17	10	33	81195210	4.06428e-07
chr17	11	32	81195210	3.94112e-07
chr17	12	24	81195210	2.95584e-07
chr17	13	34	81195210	4.18744e-07
chr17	14	25	81195210	3.079e-07
chr17	15	23	81195210	2.83268e-07
chr17	16	12	81195210	1.47792e-07
chr17	17	12	81195210	1.47792e-07
chr17	18	7	81195210	8.6212e-08
chr17	19	7	81195210	8.6212e-08
chr17	20	3	81195210	3.6948e-08
chr17	22	2	81195210	2.4632e-08
chr17	24	5	81195210	6.158e-08
chr17	25	10	81195210	1.2316e-07
chr17	26	8	81195210	9.8528e-08
chr17	27	12	81195210	1.47792e-07
chr17	28	2	81195210	2.4632e-08
chr17	29	2	81195210	2.4632e-08
chr17	30	2	81195210	2.4632e-08
chr17	31	7	81195210	8.6212e-08
chr18	0	77120031	78077248	0.98774
chr18	1	928089	78077248	0.0118868
chr18	2	26483	78077248	0.00033919
chr18	3	1214	78077248	1.55487e-05
chr18	4	505	78077248	6.46795e-06
chr18	5	279	78077248	3.57338e-06
chr18	6	178	78077248	2.27979e-06
chr18	7	189	78077248	2.42068e-06
chr18	8	73	78077248	9.34971e-07
chr18	9	87	78077248	1.11428e-06
chr18	10	36	78077248	4.61082e-07
chr18	11	6	78077248	7.6847e-08
chr18	12	10	78077248	1.28078e-07
chr18	13	35	78077248	4.48274e-07
chr18	14	19	78077248	2.43349e-07
chr18	15	11	78077248	1.40886e-07
chr18	16	3	78077248	3.84235e-08
chr19	0	58311216	59128983	0.98617
chr19	1	787167	59128983	0.0133127
chr19	2	28198	59128983	0.00047689
chr19	3	847	59128983	1.43246e-05
chr19	4	395	59128983	6.68031e-06
chr19	5	190	59128983	3.21331e-06
chr19	6	146	59128983	2.46918e-06
chr19	7	114	59128983	1.92799e-06
chr19	8	68	59128983	1.15003e-06
chr19	9	47	59128983	7.94872e-07
chr19	10	45	59128983	7.61048e-07
chr19	11	42	59128983	7.10312e-07
chr19	12	58	59128983	9.80906e-07
chr19	13	28	59128983	4.73541e-07
chr19	14	25	59128983	4.22805e-07
chr19	15	14	59128983	2.36771e-07
chr19	16	9	59128983	1.5221e-07
chr19	17	16	59128983	2.70595e-07
chr19	18	23	59128983	3.8898e-07
chr19	19	9	59128983	1.5221e-07
chr19	20	22	59128983	3.72068e-07
chr19	21	22	59128983	3.72068e-07
chr19	22	16	59128983	2.70595e-07
chr19	23	13	59128983	2.19858e-07
chr19	24	2	59128983	3.38244e-08
chr19	25	6	59128983	1.01473e-07
chr19	26	15	59128983	2.53683e-07
chr19	27	15	59128983	2.53683e-07
chr19	28	8	59128983	1.35297e-07
chr19	29	11	59128983	1.86034e-07
chr19	30	22	59128983	3.72068e-07
chr19	31	13	59128983	2.19858e-07
chr19	32	12	59128983	2.02946e-07
chr19	33	4	59128983	6.76487e-08
chr19	34	10	59128983	1.69122e-07
chr19	35	23	59128983	3.8898e-07
chr19	36	7	59128983	1.18385e-07
chr19	37	5	59128983	8.45609e-08
chr19	38	8	59128983	1.35297e-07
chr19	39	8	59128983	1.35297e-07
chr19	40	9	59128983	1.5221e-07
chr19	41	8	59128983	1.35297e-07
chr19	42	10	59128983	1.69122e-07
chr19	43	6	59128983	1.01473e-07
chr19	44	18	59128983	3.04419e-07
chr19	45	14	59128983	2.36771e-07
chr19	46	5	59128983	8.45609e-08
chr19	47	2	59128983	3.38244e-08
chr19	48	2	59128983	3.38244e-08
chr19	49	1	59128983	1.69122e-08
chr19	50	4	59128983	6.76487e-08
chr19	51	1	59128983	1.69122e-08
chr19	52	1	59128983	1.69122e-08
chr19	53	1	59128983	1.69122e-08
chr19	56	1	59128983	1.69122e-08
chr19	57	1	59128983	1.69122e-08
chr20	0	62149349	63025520	0.986098
chr20	1	846684	63025520	0.013434
chr20	2	29195	63025520	0.000463225
chr20	3	292	63025520	4.63304e-06
chr21	0	47690333	48129895	0.990867
chr21	1	426412	48129895	0.00885961
chr21	2	12983	48129895	0.000269749
chr21	3	146	48129895	3.03346e-06
chr21	4	21	48129895	4.36319e-07
chr22	0	50771988	51304566	0.989619
chr22	1	513405	51304566	0.010007
chr22	2	18813	51304566	0.000366692
chr22	3	321	51304566	6.25675e-06
chr22	4	39	51304566	7.60166e-07
chrX	0	153711616	155270560	0.98996
chrX	1	1513931	155270560	0.00975028
chrX	2	41393	155270560	0.000266586
chrX	3	2523	155270560	1.62491e-05
chrX	4	658	155270560	4.23776e-06
chrX	5	320	155270560	2.06092e-06
chrX	6	80	155270560	5.1523e-07
chrX	7	13	155270560	8.37248e-08
chrX	8	23	155270560	1.48129e-07
chrX	9	3	155270560	1.93211e-08
chrY	0	59342390	59373566	0.999475
chrY	1	29132	59373566	0.000490656
chrY	2	1597	59373566	2.68975e-05
chrY	3	161	59373566	2.71164e-06
chrY	4	132	59373566	2.22321e-06
chrY	5	22	59373566	3.70535e-07
chrY	6	19	59373566	3.20008e-07
chrY	7	23	59373566	3.87378e-07
chrY	8	18	59373566	3.03165e-07
chrY	9	41	59373566	6.90543e-07
chrY	10	27	59373566	4.54748e-07
chrY	11	3	59373566	5.05275e-08
chrY	12	1	59373566	1.68425e-08
chr1_gl000191_random	0	105240	106433	0.988791
chr1_gl000191_random	1	1086	106433	0.0102036
chr1_gl000191_random	2	107	106433	0.00100533
chr1_gl000192_random	0	542055	547496	0.990062
chr1_gl000192_random	1	5132	547496	0.00937358
chr1_gl000192_random	2	309	547496	0.000564388
chr4_ctg9_hap1	0	587176	590426	0.994496
chr4_ctg9_hap1	1	3250	590426	0.0055045
chr4_gl000193_random	0	184678	189789	0.97307
chr4_gl000193_random	1	4761	189789	0.0250858
chr4_gl000193_random	2	311	189789	0.00163866
chr4_gl000193_random	3	39	189789	0.000205491
chr4_gl000194_random	0	188789	191469	0.986003
chr4_gl000194_random	1	2560	191469	0.0133703
chr4_gl000194_random	2	120	191469	0.000626733
chr6_apd_hap1	0	4618176	4622290	0.99911
chr6_apd_hap1	1	3978	4622290	0.000860612
chr6_apd_hap1	2	136	4622290	2.94226e-05
chr6_cox_hap2	0	4783291	4795371	0.997481
chr6_cox_hap2	1	11760	4795371	0.00245236
chr6_cox_hap2	2	320	4795371	6.6731e-05
chr6_dbb_hap3	0	4599867	4610396	0.997716
chr6_dbb_hap3	1	10308	4610396	0.00223582
chr6_dbb_hap3	2	221	4610396	4.79351e-05
chr6_mann_hap4	0	4675008	4683263	0.998237
chr6_mann_hap4	1	8060	4683263	0.00172102
chr6_mann_hap4	2	195	4683263	4.16376e-05
chr6_mcf_hap5	0	4824250	4833398	0.998107
chr6_mcf_hap5	1	8796	4833398	0.00181984
chr6_mcf_hap5	2	352	4833398	7.28266e-05
chr6_qbl_hap6	0	4601406	4611984	0.997706
chr6_qbl_hap6	1	10206	4611984	0.00221293
chr6_qbl_hap6	2	372	4611984	8.06594e-05
chr6_ssto_hap7	0	4919368	4928567	0.998134
chr6_ssto_hap7	1	8948	4928567	0.00181554
chr6_ssto_hap7	2	251	4928567	5.09276e-05
chr7_gl000195_random	0	170914	182896	0.934487
chr7_gl000195_random	1	11218	182896	0.0613354
chr7_gl000195_random	2	760	182896	0.00415537
chr7_gl000195_random	3	4	182896	2.18704e-05
chr8_gl000196_random	0	38664	38914	0.993576
chr8_gl000196_random	1	250	38914	0.00642442
chr8_gl000197_random	0	36651	37175	0.985905
chr8_gl000197_random	1	498	37175	0.0133961
chr8_gl000197_random	2	26	37175	0.000699395
chr9_gl000198_random	0	88001	90085	0.976866
chr9_gl000198_random	1	1918	90085	0.021291
chr9_gl000198_random	2	166	90085	0.0018427
chr9_gl000199_random	0	154537	169874	0.909715
chr9_gl000199_random	1	12727	169874	0.0749202
chr9_gl000199_random	2	1704	169874	0.010031
chr9_gl000199_random	3	437	169874	0.00257249
chr9_gl000199_random	4	158	169874	0.000930101
chr9_gl000199_random	5	126	169874	0.000741726
chr9_gl000199_random	6	57	169874	0.000335543
chr9_gl000199_random	7	63	169874	0.000370863
chr9_gl000199_random	8	16	169874	9.41875e-05
chr9_gl000199_random	9	21	169874	0.000123621
chr9_gl000199_random	10	16	169874	9.41875e-05
chr9_gl000199_random	11	12	169874	7.06406e-05
chr9_gl000200_random	0	186512	187035	0.997204
chr9_gl000200_random	1	496	187035	0.00265191
chr9_gl000200_random	2	27	187035	0.000144358
chr9_gl000201_random	0	35848	36148	0.991701
chr9_gl000201_random	1	300	36148	0.00829921
chr11_gl000202_random	0	39553	40103	0.986285
chr11_gl000202_random	1	550	40103	0.0137147
chr17_ctg5_hap1	0	1666727	1680828	0.991611
chr17_ctg5_hap1	1	13402	1680828	0.00797345
chr17_ctg5_hap1	2	699	1680828	0.000415866
chr17_gl000203_random	0	37398	37498	0.997333
chr17_gl000203_random	1	100	37498	0.00266681
chr17_gl000204_random	0	80456	81310	0.989497
chr17_gl000204_random	1	758	81310	0.00932235
chr17_gl000204_random	2	96	81310	0.00118067
chr17_gl000205_random	0	164778	174588	0.943811
chr17_gl000205_random	1	9510	174588	0.0544711
chr17_gl000205_random	2	260	174588	0.00148922
chr17_gl000205_random	3	40	174588	0.000229111
chr17_gl000206_random	0	40752	41001	0.993927
chr17_gl000206_random	1	248	41001	0.00604863
chr17_gl000206_random	2	1	41001	2.43896e-05
chr18_gl000207_random	0	4212	4262	0.988268
chr18_gl000207_random	1	50	4262	0.0117316
chr19_gl000208_random	0	90539	92689	0.976804
chr19_gl000208_random	1	2150	92689	0.0231958
chr19_gl000209_random	0	158038	159169	0.992894
chr19_gl000209_random	1	1112	159169	0.00698629
chr19_gl000209_random	2	19	159169	0.00011937
chr21_gl000210_random	0	27184	27682	0.98201
chr21_gl000210_random	1	496	27682	0.0179178
chr21_gl000210_random	2	2	27682	7.22491e-05
chrUn_gl000211	0	164731	166566	0.988983
chrUn_gl000211	1	1723	166566	0.0103442
chrUn_gl000211	2	109	166566	0.000654395
chrUn_gl000211	3	3	166566	1.80109e-05
chrUn_gl000212	0	184708	186858	0.988494
chrUn_gl000212	1	2150	186858	0.0115061
chrUn_gl000213	0	163759	164239	0.997077
chrUn_gl000213	1	460	164239	0.0028008
chrUn_gl000213	2	20	164239	0.000121774
chrUn_gl000214	0	131534	137718	0.955097
chrUn_gl000214	1	5616	137718	0.040779
chrUn_gl000214	2	520	137718	0.00377583
chrUn_gl000214	3	48	137718	0.000348538
chrUn_gl000215	0	171666	172545	0.994906
chrUn_gl000215	1	858	172545	0.00497262
chrUn_gl000215	2	21	172545	0.000121707
chrUn_gl000216	0	165924	172294	0.963028
chrUn_gl000216	1	5411	172294	0.0314056
chrUn_gl000216	2	577	172294	0.00334893
chrUn_gl000216	3	244	172294	0.00141618
chrUn_gl000216	4	74	172294	0.000429498
chrUn_gl000216	5	14	172294	8.12565e-05
chrUn_gl000216	6	2	172294	1.16081e-05
chrUn_gl000216	7	20	172294	0.000116081
chrUn_gl000216	8	22	172294	0.000127689
chrUn_gl000216	9	1	172294	5.80403e-06
chrUn_gl000216	10	5	172294	2.90202e-05
chrUn_gl000217	0	169353	172149	0.983758
chrUn_gl000217	1	2742	172149	0.0159281
chrUn_gl000217	2	54	172149	0.000313682
chrUn_gl000218	0	156647	161147	0.972075
chrUn_gl000218	1	4400	161147	0.0273043
chrUn_gl000218	2	100	161147	0.000620551
chrUn_gl000219	0	174469	179198	0.97361
chrUn_gl000219	1	4508	179198	0.0251565
chrUn_gl000219	2	221	179198	0.00123327
chrUn_gl000220	0	121895	161802	0.753359
chrUn_gl000220	1	17474	161802	0.107996
chrUn_gl000220	2	7403	161802	0.0457535
chrUn_gl000220	3	4639	161802	0.0286708
chrUn_gl000220	4	3372	161802	0.0208403
chrUn_gl000220	5	2575	161802	0.0159145
chrUn_gl000220	6	1886	161802	0.0116562
chrUn_gl000220	7	1166	161802	0.00720634
chrUn_gl000220	8	657	161802	0.00406052
chrUn_gl000220	9	337	161802	0.00208279
chrUn_gl000220	10	179	161802	0.00110629
chrUn_gl000220	11	119	161802	0.000735467
chrUn_gl000220	12	30	161802	0.000185412
chrUn_gl000220	13	33	161802	0.000203953
chrUn_gl000220	14	8	161802	4.94431e-05
chrUn_gl000220	15	3	161802	1.85412e-05
chrUn_gl000220	16	16	161802	9.88863e-05
chrUn_gl000220	17	8	161802	4.94431e-05
chrUn_gl000220	18	2	161802	1.23608e-05
chrUn_gl000221	0	152478	155397	0.981216
chrUn_gl000221	1	2738	155397	0.0176194
chrUn_gl000221	2	181	155397	0.00116476
chrUn_gl000222	0	185497	186861	0.9927
chrUn_gl000222	1	1278	186861	0.00683931
chrUn_gl000222	2	86	186861	0.000460235
chrUn_gl000223	0	179279	180455	0.993483
chrUn_gl000223	1	1152	180455	0.00638386
chrUn_gl000223	2	24	180455	0.000132997
chrUn_gl000224	0	166920	179693	0.928918
chrUn_gl000224	1	10241	179693	0.0569916
chrUn_gl000224	2	1778	179693	0.00989465
chrUn_gl000224	3	532	179693	0.00296061
chrUn_gl000224	4	203	179693	0.0011297
chrUn_gl000224	5	19	179693	0.000105736
chrUn_gl000225	0	196505	211173	0.93054
chrUn_gl000225	1	12486	211173	0.0591269
chrUn_gl000225	2	1517	211173	0.00718368
chrUn_gl000225	3	302	211173	0.00143011
chrUn_gl000225	4	221	211173	0.00104654
chrUn_gl000225	5	122	211173	0.000577725
chrUn_gl000225	6	10	211173	4.73545e-05
chrUn_gl000225	7	10	211173	4.73545e-05
chrUn_gl000226	0	2689	15008	0.179171
chrUn_gl000226	1	2777	15008	0.185035
chrUn_gl000226	2	2432	15008	0.162047
chrUn_gl000226	3	2084	15008	0.138859
chrUn_gl000226	4	1466	15008	0.0976812
chrUn_gl000226	5	1224	15008	0.0815565
chrUn_gl000226	6	777	15008	0.0517724
chrUn_gl000226	7	563	15008	0.0375133
chrUn_gl000226	8	486	15008	0.0323827
chrUn_gl000226	9	245	15008	0.0163246
chrUn_gl000226	10	96	15008	0.00639659
chrUn_gl000226	11	66	15008	0.00439765
chrUn_gl000226	12	52	15008	0.00346482
chrUn_gl000226	13	18	15008	0.00119936
chrUn_gl000226	14	12	15008	0.000799574
chrUn_gl000226	15	21	15008	0.00139925
chrUn_gl000227	0	127761	128374	0.995225
chrUn_gl000227	1	576	128374	0.00448689
chrUn_gl000227	2	37	128374	0.00028822
chrUn_gl000228	0	125991	129120	0.975767
chrUn_gl000228	1	1998	129120	0.015474
chrUn_gl000228	2	482	129120	0.00373296
chrUn_gl000228	3	259	129120	0.00200589
chrUn_gl000228	4	148	129120	0.00114622
chrUn_gl000228	5	84	129120	0.000650558
chrUn_gl000228	6	34	129120	0.000263321
chrUn_gl000228	7	28	129120	0.000216853
chrUn_gl000228	8	14	129120	0.000108426
chrUn_gl000228	9	37	129120	0.000286555
chrUn_gl000228	10	41	129120	0.000317534
chrUn_gl000228	11	4	129120	3.09789e-05
chrUn_gl000229	0	19115	19913	0.959926
chrUn_gl000229	1	796	19913	0.0399739
chrUn_gl000229	2	2	19913	0.000100437
chrUn_gl000230	0	43491	43691	0.995422
chrUn_gl000230	1	200	43691	0.0045776
chrUn_gl000231	0	26936	27386	0.983568
chrUn_gl000231	1	450	27386	0.0164318
chrUn_gl000232	0	38930	40652	0.95764
chrUn_gl000232	1	1694	40652	0.0416708
chrUn_gl000232	2	28	40652	0.000688773
chrUn_gl000233	0	45341	45941	0.98694
chrUn_gl000233	1	600	45941	0.0130602
chrUn_gl000234	0	39249	40531	0.96837
chrUn_gl000234	1	1214	40531	0.0299524
chrUn_gl000234	2	68	40531	0.00167773
chrUn_gl000235	0	33423	34474	0.969513
chrUn_gl000235	1	952	34474	0.027615
chrUn_gl000235	2	99	34474	0.00287173
chrUn_gl000236	0	41834	41934	0.997615
chrUn_gl000236	1	100	41934	0.0023847
chrUn_gl000237	0	44260	45867	0.964964
chrUn_gl000237	1	1564	45867	0.0340986
chrUn_gl000237	2	43	45867	0.000937493
chrUn_gl000238	0	39889	39939	0.998748
chrUn_gl000238	1	50	39939	0.00125191
chrUn_gl000239	0	32958	33824	0.974397
chrUn_gl000239	1	832	33824	0.0245979
chrUn_gl000239	2	34	33824	0.0010052
chrUn_gl000240	0	41583	41933	0.991653
chrUn_gl000240	1	350	41933	0.00834665
chrUn_gl000241	0	40295	42152	0.955945
chrUn_gl000241	1	1814	42152	0.0430347
chrUn_gl000241	2	43	42152	0.00102012
chrUn_gl000242	0	43273	43523	0.994256
chrUn_gl000242	1	250	43523	0.00574409
chrUn_gl000243	0	42187	43341	0.973374
chrUn_gl000243	1	1108	43341	0.0255647
chrUn_gl000243	2	46	43341	0.00106135
chrUn_gl000244	0	39829	39929	0.997496
chrUn_gl000244	1	100	39929	0.00250445
chrUn_gl000245	0	36067	36651	0.984066
chrUn_gl000245	1	518	36651	0.0141333
chrUn_gl000245	2	66	36651	0.00180077
chrUn_gl000246	0	38104	38154	0.99869
chrUn_gl000246	1	50	38154	0.00131048
chrUn_gl000247	0	35972	36422	0.987645
chrUn_gl000247	1	450	36422	0.0123552
chrUn_gl000248	0	39636	39786	0.99623
chrUn_gl000248	1	150	39786	0.00377017
chrUn_gl000249	0	38152	38502	0.99091
chrUn_gl000249	1	350	38502	0.00909044
genome	0	3099027642	3137161264	0.987845
genome	1	36902097	3137161264	0.0117629
genome	2	1125040	3137161264	0.000358617
genome	3	43078	3137161264	1.37315e-05
genome	4	14967	3137161264	4.77087e-06
genome	5	9678	3137161264	3.08495e-06
genome	6	6261	3137161264	1.99575e-06
genome	7	4235	3137161264	1.34995e-06
genome	8	3015	3137161264	9.6106e-07
genome	9	2326	3137161264	7.41435e-07
genome	10	1594	3137161264	5.08103e-07
genome	11	1301	3137161264	4.14706e-07
genome	12	1036	3137161264	3.30235e-07
genome	13	1056	3137161264	3.3661e-07
genome	14	988	3137161264	3.14934e-07
genome	15	1020	3137161264	3.25135e-07
genome	16	918	3137161264	2.92621e-07
genome	17	1022	3137161264	3.25772e-07
genome	18	951	3137161264	3.0314e-07
genome	19	926	3137161264	2.95171e-07
genome	20	1033	3137161264	3.29279e-07
genome	21	1012	3137161264	3.22585e-07
genome	22	977	3137161264	3.11428e-07
genome	23	972	3137161264	3.09834e-07
genome	24	830	3137161264	2.6457e-07
genome	25	807	3137161264	2.57239e-07
genome	26	883	3137161264	2.81465e-07
genome	27	817	3137161264	2.60427e-07
genome	28	618	3137161264	1.96993e-07
genome	29	554	3137161264	1.76593e-07
genome	30	519	3137161264	1.65436e-07
genome	31	512	3137161264	1.63205e-07
genome	32	473	3137161264	1.50773e-07
genome	33	373	3137161264	1.18897e-07
genome	34	309	3137161264	9.84967e-08
genome	35	261	3137161264	8.31962e-08
genome	36	195	3137161264	6.21581e-08
genome	37	96	3137161264	3.06009e-08
genome	38	83	3137161264	2.6457e-08
genome	39	67	3137161264	2.13569e-08
genome	40	66	3137161264	2.10381e-08
genome	41	63	3137161264	2.00818e-08
genome	42	43	3137161264	1.37067e-08
genome	43	38	3137161264	1.21129e-08
genome	44	35	3137161264	1.11566e-08
genome	45	26	3137161264	8.28775e-09
genome	46	9	3137161264	2.86884e-09
genome	47	14	3137161264	4.46263e-09
genome	48	9	3137161264	2.86884e-09
genome	49	8	3137161264	2.55008e-09
genome	50	7	3137161264	2.23132e-09
genome	51	4	3137161264	1.27504e-09
genome	52	3	3137161264	9.56279e-10
genome	53	8	3137161264	2.55008e-09
genome	54	2	3137161264	6.37519e-10
genome	56	8	3137161264	2.55008e-09
genome	57	11	3137161264	3.50635e-09
genome	58	12	3137161264	3.82511e-09
genome	59	10	3137161264	3.1876e-09
genome	60	1	3137161264	3.1876e-10
genome	61	6	3137161264	1.91256e-09
genome	62	2	3137161264	6.37519e-10
genome	63	2	3137161264	6.37519e-10
genome	64	9	3137161264	2.86884e-09
genome	65	2	3137161264	6.37519e-10
genome	66	7	3137161264	2.23132e-09
genome	67	2	3137161264	6.37519e-10
genome	68	10	3137161264	3.1876e-09
genome	69	4	3137161264	1.27504e-09
genome	70	5	3137161264	1.5938e-09
genome	71	4	3137161264	1.27504e-09
genome	72	4	3137161264	1.27504e-09
genome	73	7	3137161264	2.23132e-09
genome	74	14	3137161264	4.46263e-09
genome	75	6	3137161264	1.91256e-09
genome	76	2	3137161264	6.37519e-10
genome	77	5	3137161264	1.5938e-09
genome	78	4	3137161264	1.27504e-09
genome	79	11	3137161264	3.50635e-09
genome	80	7	3137161264	2.23132e-09
genome	81	10	3137161264	3.1876e-09
genome	82	6	3137161264	1.91256e-09
genome	83	6	3137161264	1.91256e-09
genome	84	10	3137161264	3.1876e-09
genome	85	21	3137161264	6.69395e-09
genome	86	9	3137161264	2.86884e-09
genome	87	10	3137161264	3.1876e-09
genome	88	14	3137161264	4.46263e-09
genome	89	17	3137161264	5.41891e-09
genome	90	10	3137161264	3.1876e-09
genome	91	11	3137161264	3.50635e-09
genome	92	16	3137161264	5.10015e-09
genome	93	7	3137161264	2.23132e-09
genome	94	4	3137161264	1.27504e-09
genome	95	5	3137161264	1.5938e-09
genome	96	6	3137161264	1.91256e-09
genome	97	5	3137161264	1.5938e-09
genome	98	3	3137161264	9.56279e-10
genome	99	4	3137161264	1.27504e-09
genome	100	5	3137161264	1.5938e-09
genome	101	5	3137161264	1.5938e-09
genome	102	3	3137161264	9.56279e-10
genome	103	6	3137161264	1.91256e-09
genome	104	5	3137161264	1.5938e-09
genome	105	2	3137161264	6.37519e-10
genome	106	4	3137161264	1.27504e-09
genome	107	3	3137161264	9.56279e-10
genome	108	3	3137161264	9.56279e-10
genome	109	3	3137161264	9.56279e-10
genome	110	6	3137161264	1.91256e-09
genome	111	3	3137161264	9.56279e-10
genome	112	1	3137161264	3.1876e-10
genome	113	2	3137161264	6.37519e-10
genome	114	1	3137161264	3.1876e-10
genome	115	2	3137161264	6.37519e-10
genome	116	3	3137161264	9.56279e-10
genome	117	1	3137161264	3.1876e-10
