chrM	1	8	16571	0.000482771
chrM	2	4	16571	0.000241386
chrM	3	10	16571	0.000603464
chrM	4	77	16571	0.00464667
chrM	5	104	16571	0.00627602
chrM	6	234	16571	0.0141211
chrM	7	370	16571	0.0223282
chrM	8	364	16571	0.0219661
chrM	9	452	16571	0.0272766
chrM	10	666	16571	0.0401907
chrM	11	813	16571	0.0490616
chrM	12	980	16571	0.0591395
chrM	13	1028	16571	0.0620361
chrM	14	1223	16571	0.0738036
chrM	15	1257	16571	0.0758554
chrM	16	1285	16571	0.0775451
chrM	17	1049	16571	0.0633034
chrM	18	1120	16571	0.067588
chrM	19	930	16571	0.0561221
chrM	20	777	16571	0.0468891
chrM	21	712	16571	0.0429666
chrM	22	683	16571	0.0412166
chrM	23	497	16571	0.0299922
chrM	24	431	16571	0.0260093
chrM	25	350	16571	0.0211212
chrM	26	286	16571	0.0172591
chrM	27	188	16571	0.0113451
chrM	28	136	16571	0.00820711
chrM	29	136	16571	0.00820711
chrM	30	101	16571	0.00609499
chrM	31	83	16571	0.00500875
chrM	32	60	16571	0.00362078
chrM	33	44	16571	0.00265524
chrM	34	46	16571	0.00277593
chrM	35	30	16571	0.00181039
chrM	36	15	16571	0.000905196
chrM	37	9	16571	0.000543118
chrM	38	4	16571	0.000241386
chrM	39	7	16571	0.000422425
chrM	40	1	16571	6.03464e-05
chrM	41	1	16571	6.03464e-05
chr1	0	246413593	249250621	0.988618
chr1	1	2754313	249250621	0.0110504
chr1	2	77648	249250621	0.000311526
chr1	3	2600	249250621	1.04313e-05
chr1	4	543	249250621	2.17853e-06
chr1	5	179	249250621	7.18153e-07
chr1	6	193	249250621	7.74321e-07
chr1	7	153	249250621	6.1384e-07
chr1	8	52	249250621	2.08625e-07
chr1	9	37	249250621	1.48445e-07
chr1	10	16	249250621	6.41924e-08
chr1	11	20	249250621	8.02405e-08
chr1	12	15	249250621	6.01804e-08
chr1	13	35	249250621	1.40421e-07
chr1	14	35	249250621	1.40421e-07
chr1	15	12	249250621	4.81443e-08
chr1	16	28	249250621	1.12337e-07
chr1	17	10	249250621	4.01203e-08
chr1	18	7	249250621	2.80842e-08
chr1	19	5	249250621	2.00601e-08
chr1	20	19	249250621	7.62285e-08
chr1	21	14	249250621	5.61684e-08
chr1	22	18	249250621	7.22165e-08
chr1	23	16	249250621	6.41924e-08
chr1	24	5	249250621	2.00601e-08
chr1	25	17	249250621	6.82044e-08
chr1	26	7	249250621	2.80842e-08
chr1	27	5	249250621	2.00601e-08
chr1	28	15	249250621	6.01804e-08
chr1	29	25	249250621	1.00301e-07
chr1	30	18	249250621	7.22165e-08
chr1	31	18	249250621	7.22165e-08
chr1	32	14	249250621	5.61684e-08
chr1	33	16	249250621	6.41924e-08
chr1	34	18	249250621	7.22165e-08
chr1	35	19	249250621	7.62285e-08
chr1	36	18	249250621	7.22165e-08
chr1	37	16	249250621	6.41924e-08
chr1	38	19	249250621	7.62285e-08
chr1	39	10	249250621	4.01203e-08
chr1	40	11	249250621	4.41323e-08
chr1	41	6	249250621	2.40722e-08
chr1	42	9	249250621	3.61082e-08
chr1	43	6	249250621	2.40722e-08
chr1	44	10	249250621	4.01203e-08
chr1	45	5	249250621	2.00601e-08
chr1	46	12	249250621	4.81443e-08
chr1	47	23	249250621	9.22766e-08
chr1	48	21	249250621	8.42525e-08
chr1	49	20	249250621	8.02405e-08
chr1	50	13	249250621	5.21563e-08
chr1	51	19	249250621	7.62285e-08
chr1	52	15	249250621	6.01804e-08
chr1	53	10	249250621	4.01203e-08
chr1	54	19	249250621	7.62285e-08
chr1	55	37	249250621	1.48445e-07
chr1	56	13	249250621	5.21563e-08
chr1	57	7	249250621	2.80842e-08
chr1	58	27	249250621	1.08325e-07
chr1	59	10	249250621	4.01203e-08
chr1	60	9	249250621	3.61082e-08
chr1	61	14	249250621	5.61684e-08
chr1	62	12	249250621	4.81443e-08
chr1	63	7	249250621	2.80842e-08
chr1	64	12	249250621	4.81443e-08
chr1	65	12	249250621	4.81443e-08
chr1	66	9	249250621	3.61082e-08
chr1	67	11	249250621	4.41323e-08
chr1	68	5	249250621	2.00601e-08
chr1	69	9	249250621	3.61082e-08
chr1	71	9	249250621	3.61082e-08
chr1	72	4	249250621	1.60481e-08
chr1	73	6	249250621	2.40722e-08
chr1	74	5	249250621	2.00601e-08
chr1	75	5	249250621	2.00601e-08
chr1	76	7	249250621	2.80842e-08
chr1	77	3	249250621	1.20361e-08
chr1	78	4	249250621	1.60481e-08
chr1	79	2	249250621	8.02405e-09
chr1	80	4	249250621	1.60481e-08
chr1	81	6	249250621	2.40722e-08
chr1	83	6	249250621	2.40722e-08
chr1	84	2	249250621	8.02405e-09
chr1	85	3	249250621	1.20361e-08
chr1	87	1	249250621	4.01203e-09
chr1	88	5	249250621	2.00601e-08
chr1	90	4	249250621	1.60481e-08
chr1	91	1	249250621	4.01203e-09
chr1	93	4	249250621	1.60481e-08
chr1	94	2	249250621	8.02405e-09
chr1	95	1	249250621	4.01203e-09
chr1	96	5	249250621	2.00601e-08
chr1	97	5	249250621	2.00601e-08
chr1	98	5	249250621	2.00601e-08
chr1	99	1	249250621	4.01203e-09
chr1	100	5	249250621	2.00601e-08
chr1	101	2	249250621	8.02405e-09
chr1	102	6	249250621	2.40722e-08
chr1	103	1	249250621	4.01203e-09
chr1	104	4	249250621	1.60481e-08
chr1	105	8	249250621	3.20962e-08
chr1	107	4	249250621	1.60481e-08
chr1	108	4	249250621	1.60481e-08
chr1	109	1	249250621	4.01203e-09
chr1	110	4	249250621	1.60481e-08
chr1	111	4	249250621	1.60481e-08
chr1	112	2	249250621	8.02405e-09
chr1	113	6	249250621	2.40722e-08
chr1	114	5	249250621	2.00601e-08
chr1	115	4	249250621	1.60481e-08
chr1	116	4	249250621	1.60481e-08
chr1	117	13	249250621	5.21563e-08
chr1	118	4	249250621	1.60481e-08
chr1	119	3	249250621	1.20361e-08
chr1	120	4	249250621	1.60481e-08
chr1	121	5	249250621	2.00601e-08
chr1	122	6	249250621	2.40722e-08
chr1	123	1	249250621	4.01203e-09
chr1	124	4	249250621	1.60481e-08
chr1	125	2	249250621	8.02405e-09
chr1	126	6	249250621	2.40722e-08
chr1	127	8	249250621	3.20962e-08
chr1	128	4	249250621	1.60481e-08
chr1	129	6	249250621	2.40722e-08
chr1	130	5	249250621	2.00601e-08
chr1	131	4	249250621	1.60481e-08
chr1	132	2	249250621	8.02405e-09
chr1	133	5	249250621	2.00601e-08
chr1	134	3	249250621	1.20361e-08
chr1	135	2	249250621	8.02405e-09
chr1	136	4	249250621	1.60481e-08
chr1	137	5	249250621	2.00601e-08
chr1	138	3	249250621	1.20361e-08
chr1	139	5	249250621	2.00601e-08
chr1	140	6	249250621	2.40722e-08
chr1	141	6	249250621	2.40722e-08
chr1	142	3	249250621	1.20361e-08
chr1	143	5	249250621	2.00601e-08
chr1	144	8	249250621	3.20962e-08
chr1	145	4	249250621	1.60481e-08
chr1	146	7	249250621	2.80842e-08
chr1	147	9	249250621	3.61082e-08
chr1	148	4	249250621	1.60481e-08
chr1	149	5	249250621	2.00601e-08
chr1	150	5	249250621	2.00601e-08
chr1	151	8	249250621	3.20962e-08
chr1	152	3	249250621	1.20361e-08
chr1	153	1	249250621	4.01203e-09
chr1	154	4	249250621	1.60481e-08
chr1	155	2	249250621	8.02405e-09
chr1	156	2	249250621	8.02405e-09
chr1	157	1	249250621	4.01203e-09
chr1	158	1	249250621	4.01203e-09
chr1	159	3	249250621	1.20361e-08
chr1	160	1	249250621	4.01203e-09
chr1	161	2	249250621	8.02405e-09
chr1	162	6	249250621	2.40722e-08
chr1	163	9	249250621	3.61082e-08
chr1	164	2	249250621	8.02405e-09
chr1	165	2	249250621	8.02405e-09
chr1	166	2	249250621	8.02405e-09
chr1	167	1	249250621	4.01203e-09
chr1	168	4	249250621	1.60481e-08
chr1	169	2	249250621	8.02405e-09
chr1	170	6	249250621	2.40722e-08
chr1	171	3	249250621	1.20361e-08
chr1	172	2	249250621	8.02405e-09
chr1	173	3	249250621	1.20361e-08
chr1	174	1	249250621	4.01203e-09
chr1	175	7	249250621	2.80842e-08
chr1	176	4	249250621	1.60481e-08
chr1	177	2	249250621	8.02405e-09
chr1	181	1	249250621	4.01203e-09
chr1	182	2	249250621	8.02405e-09
chr1	183	1	249250621	4.01203e-09
chr1	184	3	249250621	1.20361e-08
chr1	186	2	249250621	8.02405e-09
chr1	188	1	249250621	4.01203e-09
chr1	189	1	249250621	4.01203e-09
chr1	190	2	249250621	8.02405e-09
chr2	0	240138145	243199373	0.987413
chr2	1	2968110	243199373	0.0122044
chr2	2	85172	243199373	0.000350215
chr2	3	3388	243199373	1.3931e-05
chr2	4	1568	243199373	6.44738e-06
chr2	5	932	243199373	3.83225e-06
chr2	6	657	243199373	2.70149e-06
chr2	7	601	243199373	2.47122e-06
chr2	8	327	243199373	1.34458e-06
chr2	9	174	243199373	7.15462e-07
chr2	10	50	243199373	2.05593e-07
chr2	11	51	243199373	2.09704e-07
chr2	12	17	243199373	6.99015e-08
chr2	13	15	243199373	6.16778e-08
chr2	14	19	243199373	7.81252e-08
chr2	15	8	243199373	3.28948e-08
chr2	16	34	243199373	1.39803e-07
chr2	17	35	243199373	1.43915e-07
chr2	18	13	243199373	5.34541e-08
chr2	19	17	243199373	6.99015e-08
chr2	20	10	243199373	4.11185e-08
chr2	21	10	243199373	4.11185e-08
chr2	22	10	243199373	4.11185e-08
chr2	24	3	243199373	1.23356e-08
chr2	25	7	243199373	2.8783e-08
chr3	0	195366641	198022430	0.986588
chr3	1	2582941	198022430	0.0130437
chr3	2	71476	198022430	0.000360949
chr3	3	1251	198022430	6.31747e-06
chr3	4	20	198022430	1.00999e-07
chr3	5	16	198022430	8.07989e-08
chr3	6	39	198022430	1.96947e-07
chr3	7	20	198022430	1.00999e-07
chr3	8	14	198022430	7.06991e-08
chr3	9	12	198022430	6.05992e-08
chr4	0	188767132	191154276	0.987512
chr4	1	2324432	191154276	0.01216
chr4	2	60494	191154276	0.000316467
chr4	3	1747	191154276	9.13921e-06
chr4	4	240	191154276	1.25553e-06
chr4	5	114	191154276	5.96377e-07
chr4	6	65	191154276	3.40039e-07
chr4	7	16	191154276	8.3702e-08
chr4	8	23	191154276	1.20322e-07
chr4	9	7	191154276	3.66196e-08
chr4	10	6	191154276	3.13883e-08
chr5	0	178655995	180915260	0.987512
chr5	1	2196105	180915260	0.0121389
chr5	2	60266	180915260	0.000333117
chr5	3	1419	180915260	7.84345e-06
chr5	4	303	180915260	1.67482e-06
chr5	5	338	180915260	1.86828e-06
chr5	6	261	180915260	1.44266e-06
chr5	7	204	180915260	1.1276e-06
chr5	8	150	180915260	8.29117e-07
chr5	9	90	180915260	4.9747e-07
chr5	10	79	180915260	4.36669e-07
chr5	11	41	180915260	2.26625e-07
chr5	12	8	180915260	4.42196e-08
chr5	13	1	180915260	5.52745e-09
chr6	0	169021306	171115067	0.987764
chr6	1	2036264	171115067	0.0119
chr6	2	53433	171115067	0.000312264
chr6	3	808	171115067	4.72197e-06
chr6	4	65	171115067	3.79861e-07
chr6	5	71	171115067	4.14925e-07
chr6	6	87	171115067	5.0843e-07
chr6	7	145	171115067	8.47383e-07
chr6	8	194	171115067	1.13374e-06
chr6	9	336	171115067	1.96359e-06
chr6	10	299	171115067	1.74736e-06
chr6	11	285	171115067	1.66555e-06
chr6	12	226	171115067	1.32075e-06
chr6	13	268	171115067	1.5662e-06
chr6	14	257	171115067	1.50191e-06
chr6	15	216	171115067	1.26231e-06
chr6	16	252	171115067	1.47269e-06
chr6	17	164	171115067	9.58419e-07
chr6	18	86	171115067	5.02586e-07
chr6	19	62	171115067	3.62329e-07
chr6	20	74	171115067	4.32458e-07
chr6	21	50	171115067	2.92201e-07
chr6	22	46	171115067	2.68825e-07
chr6	23	30	171115067	1.75321e-07
chr6	24	9	171115067	5.25962e-08
chr6	25	5	171115067	2.92201e-08
chr6	26	7	171115067	4.09081e-08
chr6	27	10	171115067	5.84402e-08
chr6	28	10	171115067	5.84402e-08
chr6	29	2	171115067	1.1688e-08
chr7	0	157012101	159138663	0.986637
chr7	1	2064936	159138663	0.0129757
chr7	2	58808	159138663	0.000369539
chr7	3	1281	159138663	8.04958e-06
chr7	4	257	159138663	1.61494e-06
chr7	5	57	159138663	3.58178e-07
chr7	6	76	159138663	4.77571e-07
chr7	7	37	159138663	2.32502e-07
chr7	8	52	159138663	3.26759e-07
chr7	9	40	159138663	2.51353e-07
chr7	10	28	159138663	1.75947e-07
chr7	11	24	159138663	1.50812e-07
chr7	12	48	159138663	3.01624e-07
chr7	13	33	159138663	2.07366e-07
chr7	14	47	159138663	2.9534e-07
chr7	15	34	159138663	2.1365e-07
chr7	16	42	159138663	2.63921e-07
chr7	17	67	159138663	4.21016e-07
chr7	18	71	159138663	4.46152e-07
chr7	19	86	159138663	5.40409e-07
chr7	20	75	159138663	4.71287e-07
chr7	21	88	159138663	5.52977e-07
chr7	22	56	159138663	3.51894e-07
chr7	23	31	159138663	1.94799e-07
chr7	24	20	159138663	1.25677e-07
chr7	25	31	159138663	1.94799e-07
chr7	26	21	159138663	1.3196e-07
chr7	27	26	159138663	1.6338e-07
chr7	28	25	159138663	1.57096e-07
chr7	29	8	159138663	5.02706e-08
chr7	30	18	159138663	1.13109e-07
chr7	31	9	159138663	5.65545e-08
chr7	32	7	159138663	4.39868e-08
chr7	33	14	159138663	8.79736e-08
chr7	34	22	159138663	1.38244e-07
chr7	35	9	159138663	5.65545e-08
chr7	36	6	159138663	3.7703e-08
chr7	37	16	159138663	1.00541e-07
chr7	38	3	159138663	1.88515e-08
chr7	39	7	159138663	4.39868e-08
chr7	40	14	159138663	8.79736e-08
chr7	41	9	159138663	5.65545e-08
chr7	42	8	159138663	5.02706e-08
chr7	43	5	159138663	3.14191e-08
chr7	44	10	159138663	6.28383e-08
chr8	0	144401531	146364022	0.986592
chr8	1	1902129	146364022	0.0129959
chr8	2	55069	146364022	0.000376247
chr8	3	3075	146364022	2.10093e-05
chr8	4	989	146364022	6.75713e-06
chr8	5	589	146364022	4.02421e-06
chr8	6	312	146364022	2.13167e-06
chr8	7	198	146364022	1.35279e-06
chr8	8	70	146364022	4.7826e-07
chr8	9	28	146364022	1.91304e-07
chr8	10	19	146364022	1.29813e-07
chr8	11	10	146364022	6.83228e-08
chr8	12	2	146364022	1.36646e-08
chr8	13	1	146364022	6.83228e-09
chr9	0	139634355	141213431	0.988818
chr9	1	1529102	141213431	0.0108283
chr9	2	48171	141213431	0.000341122
chr9	3	1434	141213431	1.01548e-05
chr9	4	238	141213431	1.68539e-06
chr9	5	70	141213431	4.95704e-07
chr9	6	30	141213431	2.12444e-07
chr9	7	26	141213431	1.84118e-07
chr9	8	5	141213431	3.54074e-08
chr10	0	133790326	135534747	0.987129
chr10	1	1682417	135534747	0.0124132
chr10	2	50312	135534747	0.000371211
chr10	3	3234	135534747	2.3861e-05
chr10	4	1462	135534747	1.07869e-05
chr10	5	1208	135534747	8.91284e-06
chr10	6	879	135534747	6.48542e-06
chr10	7	627	135534747	4.62612e-06
chr10	8	598	135534747	4.41215e-06
chr10	9	535	135534747	3.94733e-06
chr10	10	431	135534747	3.18e-06
chr10	11	385	135534747	2.8406e-06
chr10	12	296	135534747	2.18394e-06
chr10	13	259	135534747	1.91095e-06
chr10	14	233	135534747	1.71912e-06
chr10	15	204	135534747	1.50515e-06
chr10	16	147	135534747	1.08459e-06
chr10	17	114	135534747	8.41113e-07
chr10	18	85	135534747	6.27145e-07
chr10	19	86	135534747	6.34524e-07
chr10	20	100	135534747	7.37818e-07
chr10	21	104	135534747	7.67331e-07
chr10	22	110	135534747	8.116e-07
chr10	23	59	135534747	4.35313e-07
chr10	24	32	135534747	2.36102e-07
chr10	25	46	135534747	3.39396e-07
chr10	26	85	135534747	6.27145e-07
chr10	27	58	135534747	4.27935e-07
chr10	28	42	135534747	3.09884e-07
chr10	29	27	135534747	1.99211e-07
chr10	30	30	135534747	2.21345e-07
chr10	31	25	135534747	1.84455e-07
chr10	32	24	135534747	1.77076e-07
chr10	33	26	135534747	1.91833e-07
chr10	34	21	135534747	1.54942e-07
chr10	35	10	135534747	7.37818e-08
chr10	36	10	135534747	7.37818e-08
chr10	37	10	135534747	7.37818e-08
chr10	38	9	135534747	6.64036e-08
chr10	39	10	135534747	7.37818e-08
chr10	40	6	135534747	4.42691e-08
chr10	41	6	135534747	4.42691e-08
chr10	42	12	135534747	8.85382e-08
chr10	43	8	135534747	5.90255e-08
chr10	44	14	135534747	1.03295e-07
chr10	45	8	135534747	5.90255e-08
chr10	46	3	135534747	2.21345e-08
chr10	47	1	135534747	7.37818e-09
chr10	48	9	135534747	6.64036e-08
chr10	49	1	135534747	7.37818e-09
chr10	50	3	135534747	2.21345e-08
chr11	0	133230273	135006516	0.986843
chr11	1	1719693	135006516	0.0127379
chr11	2	53405	135006516	0.000395574
chr11	3	1423	135006516	1.05402e-05
chr11	4	498	135006516	3.68871e-06
chr11	5	292	135006516	2.16286e-06
chr11	6	170	135006516	1.2592e-06
chr11	7	127	135006516	9.40695e-07
chr11	8	87	135006516	6.44413e-07
chr11	9	96	135006516	7.11077e-07
chr11	10	65	135006516	4.81458e-07
chr11	11	58	135006516	4.29609e-07
chr11	12	40	135006516	2.96282e-07
chr11	13	80	135006516	5.92564e-07
chr11	14	39	135006516	2.88875e-07
chr11	15	27	135006516	1.9999e-07
chr11	16	22	135006516	1.62955e-07
chr11	17	38	135006516	2.81468e-07
chr11	18	7	135006516	5.18494e-08
chr11	19	12	135006516	8.88846e-08
chr11	20	18	135006516	1.33327e-07
chr11	21	13	135006516	9.62917e-08
chr11	22	14	135006516	1.03699e-07
chr11	23	9	135006516	6.66635e-08
chr11	24	2	135006516	1.48141e-08
chr11	25	8	135006516	5.92564e-08
chr12	0	132188517	133851895	0.987573
chr12	1	1617402	133851895	0.0120835
chr12	2	44690	133851895	0.000333876
chr12	3	850	133851895	6.3503e-06
chr12	4	120	133851895	8.96513e-07
chr12	5	61	133851895	4.55728e-07
chr12	6	47	133851895	3.51134e-07
chr12	7	56	133851895	4.18373e-07
chr12	8	26	133851895	1.94245e-07
chr12	9	51	133851895	3.81018e-07
chr12	10	20	133851895	1.49419e-07
chr12	11	5	133851895	3.73547e-08
chr12	12	4	133851895	2.98838e-08
chr12	13	10	133851895	7.47094e-08
chr12	14	6	133851895	4.48257e-08
chr12	15	14	133851895	1.04593e-07
chr12	16	9	133851895	6.72385e-08
chr12	17	5	133851895	3.73547e-08
chr12	18	2	133851895	1.49419e-08
chr13	0	113934237	115169878	0.989271
chr13	1	1203745	115169878	0.0104519
chr13	2	31390	115169878	0.000272554
chr13	3	413	115169878	3.58601e-06
chr13	4	38	115169878	3.29947e-07
chr13	5	46	115169878	3.9941e-07
chr13	6	9	115169878	7.81454e-08
chr14	0	106169517	107349540	0.989008
chr14	1	1146830	107349540	0.0106831
chr14	2	32464	107349540	0.000302414
chr14	3	724	107349540	6.74432e-06
chr14	4	5	107349540	4.65768e-08
chr15	0	101414122	102531392	0.989103
chr15	1	1083623	102531392	0.0105687
chr15	2	33314	102531392	0.000324915
chr15	3	333	102531392	3.24779e-06
chr16	0	89219938	90354753	0.98744
chr16	1	1083213	90354753	0.0119884
chr16	2	40576	90354753	0.000449074
chr16	3	4687	90354753	5.18733e-05
chr16	4	2302	90354753	2.54774e-05
chr16	5	1362	90354753	1.50739e-05
chr16	6	990	90354753	1.09568e-05
chr16	7	694	90354753	7.68084e-06
chr16	8	456	90354753	5.04677e-06
chr16	9	237	90354753	2.62299e-06
chr16	10	93	90354753	1.02928e-06
chr16	11	81	90354753	8.96466e-07
chr16	12	48	90354753	5.31239e-07
chr16	13	34	90354753	3.76295e-07
chr16	14	11	90354753	1.21742e-07
chr16	15	12	90354753	1.3281e-07
chr16	16	19	90354753	2.10282e-07
chr17	0	80074693	81195210	0.9862
chr17	1	1076681	81195210	0.0132604
chr17	2	38996	81195210	0.000480275
chr17	3	2359	81195210	2.90534e-05
chr17	4	815	81195210	1.00375e-05
chr17	5	373	81195210	4.59387e-06
chr17	6	320	81195210	3.94112e-06
chr17	7	242	81195210	2.98047e-06
chr17	8	183	81195210	2.25383e-06
chr17	9	155	81195210	1.90898e-06
chr17	10	65	81195210	8.0054e-07
chr17	11	48	81195210	5.91168e-07
chr17	12	35	81195210	4.3106e-07
chr17	13	37	81195210	4.55692e-07
chr17	14	30	81195210	3.6948e-07
chr17	15	19	81195210	2.34004e-07
chr17	16	9	81195210	1.10844e-07
chr17	17	9	81195210	1.10844e-07
chr17	18	10	81195210	1.2316e-07
chr17	19	10	81195210	1.2316e-07
chr17	20	8	81195210	9.8528e-08
chr17	21	8	81195210	9.8528e-08
chr17	22	4	81195210	4.9264e-08
chr17	23	6	81195210	7.3896e-08
chr17	24	4	81195210	4.9264e-08
chr17	25	6	81195210	7.3896e-08
chr17	26	5	81195210	6.158e-08
chr17	27	2	81195210	2.4632e-08
chr17	28	3	81195210	3.6948e-08
chr17	29	2	81195210	2.4632e-08
chr17	30	6	81195210	7.3896e-08
chr17	31	4	81195210	4.9264e-08
chr17	32	1	81195210	1.2316e-08
chr17	33	2	81195210	2.4632e-08
chr17	34	4	81195210	4.9264e-08
chr17	35	5	81195210	6.158e-08
chr17	36	1	81195210	1.2316e-08
chr17	38	3	81195210	3.6948e-08
chr17	39	2	81195210	2.4632e-08
chr17	41	2	81195210	2.4632e-08
chr17	42	7	81195210	8.6212e-08
chr17	43	2	81195210	2.4632e-08
chr17	44	1	81195210	1.2316e-08
chr17	46	1	81195210	1.2316e-08
chr17	47	1	81195210	1.2316e-08
chr17	49	13	81195210	1.60108e-07
chr17	50	4	81195210	4.9264e-08
chr17	51	4	81195210	4.9264e-08
chr17	52	1	81195210	1.2316e-08
chr17	54	3	81195210	3.6948e-08
chr17	55	6	81195210	7.3896e-08
chr18	0	77046435	78077248	0.986798
chr18	1	998590	78077248	0.0127898
chr18	2	28710	78077248	0.000367713
chr18	3	1521	78077248	1.94807e-05
chr18	4	642	78077248	8.22263e-06
chr18	5	475	78077248	6.08372e-06
chr18	6	295	78077248	3.77831e-06
chr18	7	171	78077248	2.19014e-06
chr18	8	165	78077248	2.11329e-06
chr18	9	78	78077248	9.99011e-07
chr18	10	42	78077248	5.37929e-07
chr18	11	71	78077248	9.09356e-07
chr18	12	45	78077248	5.76352e-07
chr18	13	8	78077248	1.02463e-07
chr19	0	58379087	59128983	0.987318
chr19	1	718937	59128983	0.0121588
chr19	2	27846	59128983	0.000470937
chr19	3	1031	59128983	1.74365e-05
chr19	4	404	59128983	6.83252e-06
chr19	5	332	59128983	5.61484e-06
chr19	6	180	59128983	3.04419e-06
chr19	7	129	59128983	2.18167e-06
chr19	8	78	59128983	1.31915e-06
chr19	9	146	59128983	2.46918e-06
chr19	10	75	59128983	1.26841e-06
chr19	11	45	59128983	7.61048e-07
chr19	12	57	59128983	9.63994e-07
chr19	13	53	59128983	8.96346e-07
chr19	14	39	59128983	6.59575e-07
chr19	15	35	59128983	5.91926e-07
chr19	16	35	59128983	5.91926e-07
chr19	17	18	59128983	3.04419e-07
chr19	18	24	59128983	4.05892e-07
chr19	19	25	59128983	4.22805e-07
chr19	20	27	59128983	4.56629e-07
chr19	21	21	59128983	3.55156e-07
chr19	22	31	59128983	5.24278e-07
chr19	23	5	59128983	8.45609e-08
chr19	24	10	59128983	1.69122e-07
chr19	25	15	59128983	2.53683e-07
chr19	26	9	59128983	1.5221e-07
chr19	27	7	59128983	1.18385e-07
chr19	28	13	59128983	2.19858e-07
chr19	29	21	59128983	3.55156e-07
chr19	30	24	59128983	4.05892e-07
chr19	31	8	59128983	1.35297e-07
chr19	32	6	59128983	1.01473e-07
chr19	33	4	59128983	6.76487e-08
chr19	34	2	59128983	3.38244e-08
chr19	35	5	59128983	8.45609e-08
chr19	36	11	59128983	1.86034e-07
chr19	37	1	59128983	1.69122e-08
chr19	38	8	59128983	1.35297e-07
chr19	39	5	59128983	8.45609e-08
chr19	40	5	59128983	8.45609e-08
chr19	41	2	59128983	3.38244e-08
chr19	42	7	59128983	1.18385e-07
chr19	43	4	59128983	6.76487e-08
chr19	44	2	59128983	3.38244e-08
chr19	45	3	59128983	5.07365e-08
chr19	46	3	59128983	5.07365e-08
chr19	47	1	59128983	1.69122e-08
chr19	49	1	59128983	1.69122e-08
chr19	50	4	59128983	6.76487e-08
chr19	51	5	59128983	8.45609e-08
chr19	52	8	59128983	1.35297e-07
chr19	53	5	59128983	8.45609e-08
chr19	54	12	59128983	2.02946e-07
chr19	55	7	59128983	1.18385e-07
chr19	56	11	59128983	1.86034e-07
chr19	57	6	59128983	1.01473e-07
chr19	58	3	59128983	5.07365e-08
chr19	59	10	59128983	1.69122e-07
chr19	60	3	59128983	5.07365e-08
chr19	61	1	59128983	1.69122e-08
chr19	62	4	59128983	6.76487e-08
chr19	63	5	59128983	8.45609e-08
chr19	64	9	59128983	1.5221e-07
chr19	65	4	59128983	6.76487e-08
chr19	66	3	59128983	5.07365e-08
chr19	67	2	59128983	3.38244e-08
chr19	68	9	59128983	1.5221e-07
chr19	69	3	59128983	5.07365e-08
chr19	70	2	59128983	3.38244e-08
chr19	71	2	59128983	3.38244e-08
chr19	72	7	59128983	1.18385e-07
chr19	73	4	59128983	6.76487e-08
chr19	76	1	59128983	1.69122e-08
chr19	78	1	59128983	1.69122e-08
chr19	79	3	59128983	5.07365e-08
chr19	81	1	59128983	1.69122e-08
chr19	82	1	59128983	1.69122e-08
chr19	86	1	59128983	1.69122e-08
chr19	88	2	59128983	3.38244e-08
chr19	89	2	59128983	3.38244e-08
chr19	90	1	59128983	1.69122e-08
chr19	91	4	59128983	6.76487e-08
chr20	0	62162024	63025520	0.986299
chr20	1	835506	63025520	0.0132566
chr20	2	27528	63025520	0.000436775
chr20	3	413	63025520	6.5529e-06
chr20	4	46	63025520	7.29863e-07
chr20	5	3	63025520	4.75998e-08
chr21	0	47612286	48129895	0.989246
chr21	1	501857	48129895	0.0104271
chr21	2	15208	48129895	0.000315978
chr21	3	512	48129895	1.06379e-05
chr21	4	19	48129895	3.94765e-07
chr21	5	13	48129895	2.70102e-07
chr22	0	50831159	51304566	0.990773
chr22	1	455547	51304566	0.00887927
chr22	2	17427	51304566	0.000339677
chr22	3	433	51304566	8.43979e-06
chrX	0	153206290	155270560	0.986705
chrX	1	1998237	155270560	0.0128694
chrX	2	58383	155270560	0.000376008
chrX	3	4232	155270560	2.72556e-05
chrX	4	1540	155270560	9.91817e-06
chrX	5	712	155270560	4.58554e-06
chrX	6	515	155270560	3.31679e-06
chrX	7	240	155270560	1.54569e-06
chrX	8	130	155270560	8.37248e-07
chrX	9	80	155270560	5.1523e-07
chrX	10	73	155270560	4.70147e-07
chrX	11	39	155270560	2.51174e-07
chrX	12	38	155270560	2.44734e-07
chrX	13	30	155270560	1.93211e-07
chrX	14	19	155270560	1.22367e-07
chrX	15	2	155270560	1.28807e-08
chrY	0	59329892	59373566	0.999264
chrY	1	39380	59373566	0.000663258
chrY	2	3355	59373566	5.65066e-05
chrY	3	351	59373566	5.91172e-06
chrY	4	162	59373566	2.72849e-06
chrY	5	67	59373566	1.12845e-06
chrY	6	48	59373566	8.08441e-07
chrY	7	25	59373566	4.21063e-07
chrY	8	60	59373566	1.01055e-06
chrY	9	115	59373566	1.93689e-06
chrY	10	64	59373566	1.07792e-06
chrY	11	18	59373566	3.03165e-07
chrY	12	21	59373566	3.53693e-07
chrY	13	6	59373566	1.01055e-07
chrY	14	2	59373566	3.3685e-08
chr1_gl000191_random	0	105510	106433	0.991328
chr1_gl000191_random	1	896	106433	0.00841844
chr1_gl000191_random	2	27	106433	0.000253681
chr1_gl000192_random	0	540828	547496	0.987821
chr1_gl000192_random	1	6586	547496	0.0120293
chr1_gl000192_random	2	82	547496	0.000149773
chr4_ctg9_hap1	0	585806	590426	0.992175
chr4_ctg9_hap1	1	4540	590426	0.00768936
chr4_ctg9_hap1	2	80	590426	0.000135495
chr4_gl000193_random	0	182904	189789	0.963723
chr4_gl000193_random	1	6271	189789	0.033042
chr4_gl000193_random	2	543	189789	0.00286107
chr4_gl000193_random	3	41	189789	0.000216029
chr4_gl000193_random	4	30	189789	0.00015807
chr4_gl000194_random	0	187350	191469	0.978487
chr4_gl000194_random	1	4038	191469	0.0210896
chr4_gl000194_random	2	81	191469	0.000423045
chr6_apd_hap1	0	4618208	4622290	0.999117
chr6_apd_hap1	1	3964	4622290	0.000857584
chr6_apd_hap1	2	118	4622290	2.55285e-05
chr6_cox_hap2	0	4784693	4795371	0.997773
chr6_cox_hap2	1	10506	4795371	0.00219086
chr6_cox_hap2	2	172	4795371	3.58679e-05
chr6_dbb_hap3	0	4601017	4610396	0.997966
chr6_dbb_hap3	1	9058	4610396	0.00196469
chr6_dbb_hap3	2	321	4610396	6.96253e-05
chr6_mann_hap4	0	4675576	4683263	0.998359
chr6_mann_hap4	1	7324	4683263	0.00156387
chr6_mann_hap4	2	363	4683263	7.75101e-05
chr6_mcf_hap5	0	4825420	4833398	0.998349
chr6_mcf_hap5	1	7856	4833398	0.00162536
chr6_mcf_hap5	2	122	4833398	2.5241e-05
chr6_qbl_hap6	0	4603085	4611984	0.99807
chr6_qbl_hap6	1	8648	4611984	0.00187511
chr6_qbl_hap6	2	251	4611984	5.44234e-05
chr6_ssto_hap7	0	4918924	4928567	0.998043
chr6_ssto_hap7	1	9386	4928567	0.00190441
chr6_ssto_hap7	2	257	4928567	5.2145e-05
chr7_gl000195_random	0	172588	182896	0.94364
chr7_gl000195_random	1	9836	182896	0.0537792
chr7_gl000195_random	2	452	182896	0.00247135
chr7_gl000195_random	3	20	182896	0.000109352
chr8_gl000196_random	0	38716	38914	0.994912
chr8_gl000196_random	1	196	38914	0.00503675
chr8_gl000196_random	2	2	38914	5.13954e-05
chr8_gl000197_random	0	36875	37175	0.99193
chr8_gl000197_random	1	300	37175	0.00806994
chr9_gl000198_random	0	86440	90085	0.959538
chr9_gl000198_random	1	3540	90085	0.0392962
chr9_gl000198_random	2	105	90085	0.00116557
chr9_gl000199_random	0	147512	169874	0.868361
chr9_gl000199_random	1	16623	169874	0.0978549
chr9_gl000199_random	2	3541	169874	0.0208449
chr9_gl000199_random	3	1267	169874	0.00745847
chr9_gl000199_random	4	489	169874	0.0028786
chr9_gl000199_random	5	266	169874	0.00156587
chr9_gl000199_random	6	81	169874	0.000476824
chr9_gl000199_random	7	15	169874	8.83007e-05
chr9_gl000199_random	8	10	169874	5.88672e-05
chr9_gl000199_random	9	6	169874	3.53203e-05
chr9_gl000199_random	10	3	169874	1.76601e-05
chr9_gl000199_random	11	5	169874	2.94336e-05
chr9_gl000199_random	12	5	169874	2.94336e-05
chr9_gl000199_random	13	2	169874	1.17734e-05
chr9_gl000199_random	14	8	169874	4.70937e-05
chr9_gl000199_random	15	7	169874	4.1207e-05
chr9_gl000199_random	16	8	169874	4.70937e-05
chr9_gl000199_random	17	6	169874	3.53203e-05
chr9_gl000199_random	18	16	169874	9.41875e-05
chr9_gl000199_random	19	3	169874	1.76601e-05
chr9_gl000199_random	20	1	169874	5.88672e-06
chr9_gl000200_random	0	186085	187035	0.994921
chr9_gl000200_random	1	950	187035	0.00507926
chr9_gl000201_random	0	35998	36148	0.99585
chr9_gl000201_random	1	150	36148	0.00414961
chr11_gl000202_random	0	39617	40103	0.987881
chr11_gl000202_random	1	472	40103	0.0117697
chr11_gl000202_random	2	14	40103	0.000349101
chr17_ctg5_hap1	0	1667565	1680828	0.992109
chr17_ctg5_hap1	1	12826	1680828	0.00763076
chr17_ctg5_hap1	2	437	1680828	0.000259991
chr17_gl000203_random	0	36998	37498	0.986666
chr17_gl000203_random	1	500	37498	0.013334
chr17_gl000204_random	0	80810	81310	0.993851
chr17_gl000204_random	1	500	81310	0.00614931
chr17_gl000205_random	0	166466	174588	0.953479
chr17_gl000205_random	1	7863	174588	0.0450375
chr17_gl000205_random	2	240	174588	0.00137466
chr17_gl000205_random	3	19	174588	0.000108828
chr17_gl000206_random	0	40347	41001	0.984049
chr17_gl000206_random	1	608	41001	0.0148289
chr17_gl000206_random	2	46	41001	0.00112192
chr18_gl000207_random	0	4162	4262	0.976537
chr18_gl000207_random	1	100	4262	0.0234632
chr19_gl000208_random	0	89947	92689	0.970417
chr19_gl000208_random	1	2397	92689	0.0258607
chr19_gl000208_random	2	286	92689	0.00308559
chr19_gl000208_random	3	55	92689	0.000593382
chr19_gl000208_random	4	4	92689	4.31551e-05
chr19_gl000209_random	0	158491	159169	0.99574
chr19_gl000209_random	1	606	159169	0.00380727
chr19_gl000209_random	2	72	159169	0.000452349
chr21_gl000210_random	0	27532	27682	0.994581
chr21_gl000210_random	1	150	27682	0.00541868
chrUn_gl000211	0	163308	166566	0.98044
chrUn_gl000211	1	3216	166566	0.0193077
chrUn_gl000211	2	42	166566	0.000252152
chrUn_gl000212	0	183710	186858	0.983153
chrUn_gl000212	1	3046	186858	0.0163011
chrUn_gl000212	2	102	186858	0.000545869
chrUn_gl000213	0	163106	164239	0.993102
chrUn_gl000213	1	1066	164239	0.00649054
chrUn_gl000213	2	67	164239	0.000407942
chrUn_gl000214	0	128614	137718	0.933894
chrUn_gl000214	1	8364	137718	0.0607328
chrUn_gl000214	2	648	137718	0.00470527
chrUn_gl000214	3	78	137718	0.000566375
chrUn_gl000214	4	14	137718	0.000101657
chrUn_gl000215	0	171044	172545	0.991301
chrUn_gl000215	1	1452	172545	0.0084152
chrUn_gl000215	2	49	172545	0.000283984
chrUn_gl000216	0	161896	172294	0.93965
chrUn_gl000216	1	8633	172294	0.0501062
chrUn_gl000216	2	1077	172294	0.00625094
chrUn_gl000216	3	228	172294	0.00132332
chrUn_gl000216	4	162	172294	0.000940253
chrUn_gl000216	5	116	172294	0.000673268
chrUn_gl000216	6	67	172294	0.00038887
chrUn_gl000216	7	27	172294	0.000156709
chrUn_gl000216	8	32	172294	0.000185729
chrUn_gl000216	9	23	172294	0.000133493
chrUn_gl000216	10	16	172294	9.28645e-05
chrUn_gl000216	11	17	172294	9.86686e-05
chrUn_gl000217	0	167852	172149	0.975039
chrUn_gl000217	1	3960	172149	0.0230033
chrUn_gl000217	2	321	172149	0.00186466
chrUn_gl000217	3	16	172149	9.29427e-05
chrUn_gl000218	0	155746	161147	0.966484
chrUn_gl000218	1	5052	161147	0.0313503
chrUn_gl000218	2	349	161147	0.00216572
chrUn_gl000219	0	174230	179198	0.972276
chrUn_gl000219	1	4686	179198	0.0261498
chrUn_gl000219	2	282	179198	0.00157368
chrUn_gl000220	0	121000	161802	0.747828
chrUn_gl000220	1	15142	161802	0.0935835
chrUn_gl000220	2	7407	161802	0.0457782
chrUn_gl000220	3	4602	161802	0.0284422
chrUn_gl000220	4	3676	161802	0.0227191
chrUn_gl000220	5	3112	161802	0.0192334
chrUn_gl000220	6	2175	161802	0.0134424
chrUn_gl000220	7	1667	161802	0.0103027
chrUn_gl000220	8	1085	161802	0.00670573
chrUn_gl000220	9	753	161802	0.00465384
chrUn_gl000220	10	414	161802	0.00255868
chrUn_gl000220	11	398	161802	0.0024598
chrUn_gl000220	12	154	161802	0.000951781
chrUn_gl000220	13	92	161802	0.000568596
chrUn_gl000220	14	68	161802	0.000420267
chrUn_gl000220	15	37	161802	0.000228675
chrUn_gl000220	16	12	161802	7.41647e-05
chrUn_gl000220	17	7	161802	4.32628e-05
chrUn_gl000220	18	1	161802	6.18039e-06
chrUn_gl000221	0	150273	155397	0.967026
chrUn_gl000221	1	4868	155397	0.0313262
chrUn_gl000221	2	236	155397	0.00151869
chrUn_gl000221	3	20	155397	0.000128703
chrUn_gl000222	0	184084	186861	0.985139
chrUn_gl000222	1	2554	186861	0.0136679
chrUn_gl000222	2	223	186861	0.0011934
chrUn_gl000223	0	179755	180455	0.996121
chrUn_gl000223	1	700	180455	0.00387908
chrUn_gl000224	0	166593	179693	0.927098
chrUn_gl000224	1	9985	179693	0.055567
chrUn_gl000224	2	2283	179693	0.012705
chrUn_gl000224	3	698	179693	0.0038844
chrUn_gl000224	4	115	179693	0.00063998
chrUn_gl000224	5	19	179693	0.000105736
chrUn_gl000225	0	187388	211173	0.887367
chrUn_gl000225	1	18214	211173	0.0862516
chrUn_gl000225	2	3717	211173	0.0176017
chrUn_gl000225	3	937	211173	0.00443712
chrUn_gl000225	4	396	211173	0.00187524
chrUn_gl000225	5	283	211173	0.00134013
chrUn_gl000225	6	132	211173	0.00062508
chrUn_gl000225	7	53	211173	0.000250979
chrUn_gl000225	8	48	211173	0.000227302
chrUn_gl000225	9	5	211173	2.36773e-05
chrUn_gl000226	0	1468	15008	0.0978145
chrUn_gl000226	1	1634	15008	0.108875
chrUn_gl000226	2	1849	15008	0.123201
chrUn_gl000226	3	1390	15008	0.0926173
chrUn_gl000226	4	1528	15008	0.101812
chrUn_gl000226	5	1192	15008	0.0794243
chrUn_gl000226	6	1025	15008	0.0682969
chrUn_gl000226	7	1152	15008	0.0767591
chrUn_gl000226	8	796	15008	0.0530384
chrUn_gl000226	9	689	15008	0.0459088
chrUn_gl000226	10	567	15008	0.0377798
chrUn_gl000226	11	418	15008	0.0278518
chrUn_gl000226	12	278	15008	0.0185235
chrUn_gl000226	13	221	15008	0.0147255
chrUn_gl000226	14	194	15008	0.0129264
chrUn_gl000226	15	142	15008	0.00946162
chrUn_gl000226	16	133	15008	0.00886194
chrUn_gl000226	17	85	15008	0.00566365
chrUn_gl000226	18	58	15008	0.00386461
chrUn_gl000226	19	44	15008	0.00293177
chrUn_gl000226	20	42	15008	0.00279851
chrUn_gl000226	21	31	15008	0.00206556
chrUn_gl000226	22	11	15008	0.000732942
chrUn_gl000226	23	10	15008	0.000666311
chrUn_gl000226	24	29	15008	0.0019323
chrUn_gl000226	25	17	15008	0.00113273
chrUn_gl000226	26	2	15008	0.000133262
chrUn_gl000226	27	3	15008	0.000199893
chrUn_gl000227	0	127612	128374	0.994064
chrUn_gl000227	1	724	128374	0.00563977
chrUn_gl000227	2	38	128374	0.00029601
chrUn_gl000228	0	126195	129120	0.977347
chrUn_gl000228	1	1624	129120	0.0125774
chrUn_gl000228	2	387	129120	0.00299721
chrUn_gl000228	3	276	129120	0.00213755
chrUn_gl000228	4	148	129120	0.00114622
chrUn_gl000228	5	206	129120	0.00159542
chrUn_gl000228	6	102	129120	0.000789963
chrUn_gl000228	7	41	129120	0.000317534
chrUn_gl000228	8	40	129120	0.000309789
chrUn_gl000228	9	40	129120	0.000309789
chrUn_gl000228	10	14	129120	0.000108426
chrUn_gl000228	11	13	129120	0.000100682
chrUn_gl000228	12	19	129120	0.00014715
chrUn_gl000228	13	3	129120	2.32342e-05
chrUn_gl000228	14	7	129120	5.42131e-05
chrUn_gl000228	15	5	129120	3.87237e-05
chrUn_gl000229	0	19381	19913	0.973284
chrUn_gl000229	1	464	19913	0.0233014
chrUn_gl000229	2	68	19913	0.00341485
chrUn_gl000230	0	43234	43691	0.98954
chrUn_gl000230	1	414	43691	0.00947564
chrUn_gl000230	2	43	43691	0.000984184
chrUn_gl000231	0	26337	27386	0.961696
chrUn_gl000231	1	1048	27386	0.0382677
chrUn_gl000231	2	1	27386	3.6515e-05
chrUn_gl000232	0	38096	40652	0.937125
chrUn_gl000232	1	2462	40652	0.0605628
chrUn_gl000232	2	94	40652	0.00231231
chrUn_gl000233	0	44899	45941	0.977319
chrUn_gl000233	1	984	45941	0.0214188
chrUn_gl000233	2	58	45941	0.00126249
chrUn_gl000234	0	37894	40531	0.934939
chrUn_gl000234	1	2574	40531	0.0635069
chrUn_gl000234	2	13	40531	0.000320742
chrUn_gl000234	3	50	40531	0.00123362
chrUn_gl000235	0	33068	34474	0.959216
chrUn_gl000235	1	1244	34474	0.0360852
chrUn_gl000235	2	130	34474	0.00377096
chrUn_gl000235	3	32	34474	0.000928236
chrUn_gl000236	0	41784	41934	0.996423
chrUn_gl000236	1	150	41934	0.00357705
chrUn_gl000237	0	43923	45867	0.957617
chrUn_gl000237	1	1788	45867	0.0389823
chrUn_gl000237	2	156	45867	0.00340114
chrUn_gl000238	0	39530	39939	0.989759
chrUn_gl000238	1	339	39939	0.00848794
chrUn_gl000238	2	49	39939	0.00122687
chrUn_gl000238	3	21	39939	0.000525802
chrUn_gl000239	0	32581	33824	0.963251
chrUn_gl000239	1	1186	33824	0.0350639
chrUn_gl000239	2	57	33824	0.00168519
chrUn_gl000240	0	40933	41933	0.976152
chrUn_gl000240	1	1000	41933	0.0238476
chrUn_gl000241	0	40171	42152	0.953003
chrUn_gl000241	1	1884	42152	0.0446954
chrUn_gl000241	2	75	42152	0.00177928
chrUn_gl000241	3	22	42152	0.000521921
chrUn_gl000242	0	43196	43523	0.992487
chrUn_gl000242	1	304	43523	0.00698481
chrUn_gl000242	2	23	43523	0.000528456
chrUn_gl000243	0	41768	43341	0.963706
chrUn_gl000243	1	1408	43341	0.0324866
chrUn_gl000243	2	153	43341	0.00353014
chrUn_gl000243	3	12	43341	0.000276874
chrUn_gl000244	0	39349	39929	0.985474
chrUn_gl000244	1	560	39929	0.0140249
chrUn_gl000244	2	20	39929	0.000500889
chrUn_gl000245	0	35142	36651	0.958828
chrUn_gl000245	1	1468	36651	0.0400535
chrUn_gl000245	2	41	36651	0.00111866
chrUn_gl000246	0	37954	38154	0.994758
chrUn_gl000246	1	200	38154	0.00524191
chrUn_gl000247	0	35972	36422	0.987645
chrUn_gl000247	1	400	36422	0.0109824
chrUn_gl000247	2	50	36422	0.0013728
chrUn_gl000248	0	39736	39786	0.998743
chrUn_gl000248	1	50	39786	0.00125672
chrUn_gl000249	0	37852	38502	0.983118
chrUn_gl000249	1	650	38502	0.0168822
genome	0	3099151739	3137161264	0.987884
genome	1	36772185	3137161264	0.0117215
genome	2	1101865	3137161264	0.00035123
genome	3	49313	3137161264	1.5719e-05
genome	4	18915	3137161264	6.02934e-06
genome	5	12608	3137161264	4.01892e-06
genome	6	8989	3137161264	2.86533e-06
genome	7	7036	3137161264	2.24279e-06
genome	8	5045	3137161264	1.60814e-06
genome	9	4185	3137161264	1.33401e-06
genome	10	3105	3137161264	9.89748e-07
genome	11	2845	3137161264	9.06871e-07
genome	12	2336	3137161264	7.44622e-07
genome	13	2216	3137161264	7.06371e-07
genome	14	2237	3137161264	7.13065e-07
genome	15	2031	3137161264	6.47401e-07
genome	16	2035	3137161264	6.48676e-07
genome	17	1607	3137161264	5.12247e-07
genome	18	1500	3137161264	4.78139e-07
genome	19	1280	3137161264	4.08012e-07
genome	20	1151	3137161264	3.66892e-07
genome	21	1051	3137161264	3.35016e-07
genome	22	983	3137161264	3.13341e-07
genome	23	663	3137161264	2.11338e-07
genome	24	545	3137161264	1.73724e-07
genome	25	502	3137161264	1.60017e-07
genome	26	422	3137161264	1.34517e-07
genome	27	299	3137161264	9.53091e-08
genome	28	244	3137161264	7.77773e-08
genome	29	221	3137161264	7.04459e-08
genome	30	197	3137161264	6.27956e-08
genome	31	147	3137161264	4.68577e-08
genome	32	112	3137161264	3.57011e-08
genome	33	106	3137161264	3.37885e-08
genome	34	113	3137161264	3.60198e-08
genome	35	78	3137161264	2.48632e-08
genome	36	61	3137161264	1.94443e-08
genome	37	52	3137161264	1.65755e-08
genome	38	46	3137161264	1.46629e-08
genome	39	41	3137161264	1.30691e-08
genome	40	37	3137161264	1.17941e-08
genome	41	26	3137161264	8.28775e-09
genome	42	43	3137161264	1.37067e-08
genome	43	25	3137161264	7.96899e-09
genome	44	37	3137161264	1.17941e-08
genome	45	16	3137161264	5.10015e-09
genome	46	19	3137161264	6.05643e-09
genome	47	26	3137161264	8.28775e-09
genome	48	30	3137161264	9.56279e-09
genome	49	35	3137161264	1.11566e-08
genome	50	24	3137161264	7.65023e-09
genome	51	28	3137161264	8.92527e-09
genome	52	24	3137161264	7.65023e-09
genome	53	15	3137161264	4.78139e-09
genome	54	34	3137161264	1.08378e-08
genome	55	50	3137161264	1.5938e-08
genome	56	24	3137161264	7.65023e-09
genome	57	13	3137161264	4.14387e-09
genome	58	30	3137161264	9.56279e-09
genome	59	20	3137161264	6.37519e-09
genome	60	12	3137161264	3.82511e-09
genome	61	15	3137161264	4.78139e-09
genome	62	16	3137161264	5.10015e-09
genome	63	12	3137161264	3.82511e-09
genome	64	21	3137161264	6.69395e-09
genome	65	16	3137161264	5.10015e-09
genome	66	12	3137161264	3.82511e-09
genome	67	13	3137161264	4.14387e-09
genome	68	14	3137161264	4.46263e-09
genome	69	12	3137161264	3.82511e-09
genome	70	2	3137161264	6.37519e-10
genome	71	11	3137161264	3.50635e-09
genome	72	11	3137161264	3.50635e-09
genome	73	10	3137161264	3.1876e-09
genome	74	5	3137161264	1.5938e-09
genome	75	5	3137161264	1.5938e-09
genome	76	8	3137161264	2.55008e-09
genome	77	3	3137161264	9.56279e-10
genome	78	5	3137161264	1.5938e-09
genome	79	5	3137161264	1.5938e-09
genome	80	4	3137161264	1.27504e-09
genome	81	7	3137161264	2.23132e-09
genome	82	1	3137161264	3.1876e-10
genome	83	6	3137161264	1.91256e-09
genome	84	2	3137161264	6.37519e-10
genome	85	3	3137161264	9.56279e-10
genome	86	1	3137161264	3.1876e-10
genome	87	1	3137161264	3.1876e-10
genome	88	7	3137161264	2.23132e-09
genome	89	2	3137161264	6.37519e-10
genome	90	5	3137161264	1.5938e-09
genome	91	5	3137161264	1.5938e-09
genome	93	4	3137161264	1.27504e-09
genome	94	2	3137161264	6.37519e-10
genome	95	1	3137161264	3.1876e-10
genome	96	5	3137161264	1.5938e-09
genome	97	5	3137161264	1.5938e-09
genome	98	5	3137161264	1.5938e-09
genome	99	1	3137161264	3.1876e-10
genome	100	5	3137161264	1.5938e-09
genome	101	2	3137161264	6.37519e-10
genome	102	6	3137161264	1.91256e-09
genome	103	1	3137161264	3.1876e-10
genome	104	4	3137161264	1.27504e-09
genome	105	8	3137161264	2.55008e-09
genome	107	4	3137161264	1.27504e-09
genome	108	4	3137161264	1.27504e-09
genome	109	1	3137161264	3.1876e-10
genome	110	4	3137161264	1.27504e-09
genome	111	4	3137161264	1.27504e-09
genome	112	2	3137161264	6.37519e-10
genome	113	6	3137161264	1.91256e-09
genome	114	5	3137161264	1.5938e-09
genome	115	4	3137161264	1.27504e-09
genome	116	4	3137161264	1.27504e-09
genome	117	13	3137161264	4.14387e-09
genome	118	4	3137161264	1.27504e-09
genome	119	3	3137161264	9.56279e-10
genome	120	4	3137161264	1.27504e-09
genome	121	5	3137161264	1.5938e-09
genome	122	6	3137161264	1.91256e-09
genome	123	1	3137161264	3.1876e-10
genome	124	4	3137161264	1.27504e-09
genome	125	2	3137161264	6.37519e-10
genome	126	6	3137161264	1.91256e-09
genome	127	8	3137161264	2.55008e-09
genome	128	4	3137161264	1.27504e-09
genome	129	6	3137161264	1.91256e-09
genome	130	5	3137161264	1.5938e-09
genome	131	4	3137161264	1.27504e-09
genome	132	2	3137161264	6.37519e-10
genome	133	5	3137161264	1.5938e-09
genome	134	3	3137161264	9.56279e-10
genome	135	2	3137161264	6.37519e-10
genome	136	4	3137161264	1.27504e-09
genome	137	5	3137161264	1.5938e-09
genome	138	3	3137161264	9.56279e-10
genome	139	5	3137161264	1.5938e-09
genome	140	6	3137161264	1.91256e-09
genome	141	6	3137161264	1.91256e-09
genome	142	3	3137161264	9.56279e-10
genome	143	5	3137161264	1.5938e-09
genome	144	8	3137161264	2.55008e-09
genome	145	4	3137161264	1.27504e-09
genome	146	7	3137161264	2.23132e-09
genome	147	9	3137161264	2.86884e-09
genome	148	4	3137161264	1.27504e-09
genome	149	5	3137161264	1.5938e-09
genome	150	5	3137161264	1.5938e-09
genome	151	8	3137161264	2.55008e-09
genome	152	3	3137161264	9.56279e-10
genome	153	1	3137161264	3.1876e-10
genome	154	4	3137161264	1.27504e-09
genome	155	2	3137161264	6.37519e-10
genome	156	2	3137161264	6.37519e-10
genome	157	1	3137161264	3.1876e-10
genome	158	1	3137161264	3.1876e-10
genome	159	3	3137161264	9.56279e-10
genome	160	1	3137161264	3.1876e-10
genome	161	2	3137161264	6.37519e-10
genome	162	6	3137161264	1.91256e-09
genome	163	9	3137161264	2.86884e-09
genome	164	2	3137161264	6.37519e-10
genome	165	2	3137161264	6.37519e-10
genome	166	2	3137161264	6.37519e-10
genome	167	1	3137161264	3.1876e-10
genome	168	4	3137161264	1.27504e-09
genome	169	2	3137161264	6.37519e-10
genome	170	6	3137161264	1.91256e-09
genome	171	3	3137161264	9.56279e-10
genome	172	2	3137161264	6.37519e-10
genome	173	3	3137161264	9.56279e-10
genome	174	1	3137161264	3.1876e-10
genome	175	7	3137161264	2.23132e-09
genome	176	4	3137161264	1.27504e-09
genome	177	2	3137161264	6.37519e-10
genome	181	1	3137161264	3.1876e-10
genome	182	2	3137161264	6.37519e-10
genome	183	1	3137161264	3.1876e-10
genome	184	3	3137161264	9.56279e-10
genome	186	2	3137161264	6.37519e-10
genome	188	1	3137161264	3.1876e-10
genome	189	1	3137161264	3.1876e-10
genome	190	2	3137161264	6.37519e-10
