chrM	0	4088	16571	0.246696
chrM	1	5567	16571	0.335948
chrM	2	3740	16571	0.225695
chrM	3	2039	16571	0.123046
chrM	4	769	16571	0.0464064
chrM	5	278	16571	0.0167763
chrM	6	60	16571	0.00362078
chrM	7	30	16571	0.00181039
chr1	0	246225058	249250621	0.987861
chr1	1	2957360	249250621	0.011865
chr1	2	64888	249250621	0.000260332
chr1	3	1657	249250621	6.64793e-06
chr1	4	227	249250621	9.1073e-07
chr1	5	120	249250621	4.81443e-07
chr1	6	55	249250621	2.20661e-07
chr1	7	20	249250621	8.02405e-08
chr1	8	32	249250621	1.28385e-07
chr1	9	9	249250621	3.61082e-08
chr1	10	6	249250621	2.40722e-08
chr1	11	12	249250621	4.81443e-08
chr1	12	9	249250621	3.61082e-08
chr1	13	25	249250621	1.00301e-07
chr1	14	23	249250621	9.22766e-08
chr1	15	23	249250621	9.22766e-08
chr1	16	14	249250621	5.61684e-08
chr1	17	9	249250621	3.61082e-08
chr1	18	5	249250621	2.00601e-08
chr1	19	9	249250621	3.61082e-08
chr1	20	1	249250621	4.01203e-09
chr1	21	11	249250621	4.41323e-08
chr1	22	8	249250621	3.20962e-08
chr1	23	23	249250621	9.22766e-08
chr1	24	28	249250621	1.12337e-07
chr1	25	25	249250621	1.00301e-07
chr1	26	21	249250621	8.42525e-08
chr1	27	22	249250621	8.82646e-08
chr1	28	19	249250621	7.62285e-08
chr1	29	8	249250621	3.20962e-08
chr1	30	12	249250621	4.81443e-08
chr1	31	10	249250621	4.01203e-08
chr1	32	7	249250621	2.80842e-08
chr1	33	11	249250621	4.41323e-08
chr1	34	21	249250621	8.42525e-08
chr1	35	13	249250621	5.21563e-08
chr1	36	12	249250621	4.81443e-08
chr1	37	18	249250621	7.22165e-08
chr1	38	23	249250621	9.22766e-08
chr1	39	21	249250621	8.42525e-08
chr1	40	16	249250621	6.41924e-08
chr1	41	10	249250621	4.01203e-08
chr1	42	16	249250621	6.41924e-08
chr1	43	13	249250621	5.21563e-08
chr1	44	18	249250621	7.22165e-08
chr1	45	18	249250621	7.22165e-08
chr1	46	16	249250621	6.41924e-08
chr1	47	16	249250621	6.41924e-08
chr1	48	6	249250621	2.40722e-08
chr1	49	6	249250621	2.40722e-08
chr1	50	14	249250621	5.61684e-08
chr1	51	7	249250621	2.80842e-08
chr1	52	19	249250621	7.62285e-08
chr1	53	13	249250621	5.21563e-08
chr1	54	6	249250621	2.40722e-08
chr1	55	8	249250621	3.20962e-08
chr1	56	22	249250621	8.82646e-08
chr1	57	20	249250621	8.02405e-08
chr1	58	14	249250621	5.61684e-08
chr1	59	9	249250621	3.61082e-08
chr1	60	17	249250621	6.82044e-08
chr1	61	19	249250621	7.62285e-08
chr1	62	8	249250621	3.20962e-08
chr1	63	6	249250621	2.40722e-08
chr1	64	8	249250621	3.20962e-08
chr1	65	7	249250621	2.80842e-08
chr1	66	3	249250621	1.20361e-08
chr1	67	6	249250621	2.40722e-08
chr1	68	4	249250621	1.60481e-08
chr1	70	5	249250621	2.00601e-08
chr1	71	6	249250621	2.40722e-08
chr1	72	5	249250621	2.00601e-08
chr1	73	6	249250621	2.40722e-08
chr1	74	3	249250621	1.20361e-08
chr1	75	8	249250621	3.20962e-08
chr1	76	2	249250621	8.02405e-09
chr1	79	3	249250621	1.20361e-08
chr1	80	2	249250621	8.02405e-09
chr1	81	5	249250621	2.00601e-08
chr1	82	3	249250621	1.20361e-08
chr1	83	2	249250621	8.02405e-09
chr1	84	2	249250621	8.02405e-09
chr1	85	1	249250621	4.01203e-09
chr1	86	4	249250621	1.60481e-08
chr1	87	1	249250621	4.01203e-09
chr1	88	3	249250621	1.20361e-08
chr1	89	4	249250621	1.60481e-08
chr1	91	1	249250621	4.01203e-09
chr1	92	1	249250621	4.01203e-09
chr1	93	2	249250621	8.02405e-09
chr1	94	3	249250621	1.20361e-08
chr1	95	1	249250621	4.01203e-09
chr1	96	2	249250621	8.02405e-09
chr1	97	1	249250621	4.01203e-09
chr1	99	3	249250621	1.20361e-08
chr1	100	1	249250621	4.01203e-09
chr1	101	2	249250621	8.02405e-09
chr1	102	1	249250621	4.01203e-09
chr1	103	2	249250621	8.02405e-09
chr1	105	6	249250621	2.40722e-08
chr1	106	6	249250621	2.40722e-08
chr1	107	2	249250621	8.02405e-09
chr1	108	7	249250621	2.80842e-08
chr1	109	6	249250621	2.40722e-08
chr1	110	4	249250621	1.60481e-08
chr1	111	3	249250621	1.20361e-08
chr1	112	2	249250621	8.02405e-09
chr1	113	4	249250621	1.60481e-08
chr1	114	4	249250621	1.60481e-08
chr1	115	3	249250621	1.20361e-08
chr1	116	2	249250621	8.02405e-09
chr1	117	5	249250621	2.00601e-08
chr1	118	4	249250621	1.60481e-08
chr1	119	7	249250621	2.80842e-08
chr1	120	2	249250621	8.02405e-09
chr1	121	2	249250621	8.02405e-09
chr1	123	1	249250621	4.01203e-09
chr1	124	1	249250621	4.01203e-09
chr1	125	5	249250621	2.00601e-08
chr1	126	2	249250621	8.02405e-09
chr1	127	5	249250621	2.00601e-08
chr1	128	4	249250621	1.60481e-08
chr1	129	4	249250621	1.60481e-08
chr1	130	10	249250621	4.01203e-08
chr1	131	4	249250621	1.60481e-08
chr1	132	2	249250621	8.02405e-09
chr1	133	8	249250621	3.20962e-08
chr1	134	11	249250621	4.41323e-08
chr1	135	5	249250621	2.00601e-08
chr1	136	3	249250621	1.20361e-08
chr1	137	13	249250621	5.21563e-08
chr1	138	10	249250621	4.01203e-08
chr1	139	7	249250621	2.80842e-08
chr1	140	15	249250621	6.01804e-08
chr1	141	10	249250621	4.01203e-08
chr1	142	8	249250621	3.20962e-08
chr1	143	7	249250621	2.80842e-08
chr1	144	6	249250621	2.40722e-08
chr1	145	9	249250621	3.61082e-08
chr1	146	7	249250621	2.80842e-08
chr1	147	7	249250621	2.80842e-08
chr1	148	5	249250621	2.00601e-08
chr1	149	5	249250621	2.00601e-08
chr1	150	6	249250621	2.40722e-08
chr1	151	1	249250621	4.01203e-09
chr1	152	5	249250621	2.00601e-08
chr1	153	5	249250621	2.00601e-08
chr1	154	7	249250621	2.80842e-08
chr1	155	1	249250621	4.01203e-09
chr1	156	9	249250621	3.61082e-08
chr1	157	4	249250621	1.60481e-08
chr1	158	3	249250621	1.20361e-08
chr1	159	4	249250621	1.60481e-08
chr1	160	9	249250621	3.61082e-08
chr1	161	8	249250621	3.20962e-08
chr1	162	5	249250621	2.00601e-08
chr1	163	2	249250621	8.02405e-09
chr1	164	2	249250621	8.02405e-09
chr1	169	1	249250621	4.01203e-09
chr1	170	1	249250621	4.01203e-09
chr2	0	239865490	243199373	0.986292
chr2	1	3249601	243199373	0.0133619
chr2	2	75953	243199373	0.000312308
chr2	3	3421	243199373	1.40666e-05
chr2	4	1675	243199373	6.88735e-06
chr2	5	976	243199373	4.01317e-06
chr2	6	616	243199373	2.5329e-06
chr2	7	530	243199373	2.17928e-06
chr2	8	256	243199373	1.05263e-06
chr2	9	171	243199373	7.03127e-07
chr2	10	168	243199373	6.90791e-07
chr2	11	157	243199373	6.45561e-07
chr2	12	85	243199373	3.49507e-07
chr2	13	64	243199373	2.63159e-07
chr2	14	55	243199373	2.26152e-07
chr2	15	46	243199373	1.89145e-07
chr2	16	33	243199373	1.35691e-07
chr2	17	24	243199373	9.86845e-08
chr2	18	22	243199373	9.04608e-08
chr2	19	10	243199373	4.11185e-08
chr2	20	9	243199373	3.70067e-08
chr2	21	6	243199373	2.46711e-08
chr2	22	5	243199373	2.05593e-08
chr3	0	195373011	198022430	0.986621
chr3	1	2592943	198022430	0.0130942
chr3	2	55354	198022430	0.000279534
chr3	3	985	198022430	4.97418e-06
chr3	4	6	198022430	3.02996e-08
chr3	5	4	198022430	2.01997e-08
chr3	6	14	198022430	7.06991e-08
chr3	7	33	198022430	1.66648e-07
chr3	8	50	198022430	2.52497e-07
chr3	9	16	198022430	8.07989e-08
chr3	10	13	198022430	6.56491e-08
chr3	11	1	198022430	5.04993e-09
chr4	0	188701751	191154276	0.98717
chr4	1	2402246	191154276	0.0125671
chr4	2	48527	191154276	0.000253863
chr4	3	1288	191154276	6.73801e-06
chr4	4	249	191154276	1.30261e-06
chr4	5	108	191154276	5.64989e-07
chr4	6	30	191154276	1.56941e-07
chr4	8	30	191154276	1.56941e-07
chr4	9	12	191154276	6.27765e-08
chr4	10	20	191154276	1.04628e-07
chr4	11	8	191154276	4.1851e-08
chr4	12	7	191154276	3.66196e-08
chr5	0	178643891	180915260	0.987445
chr5	1	2224502	180915260	0.0122958
chr5	2	44925	180915260	0.000248321
chr5	3	1018	180915260	5.62694e-06
chr5	4	314	180915260	1.73562e-06
chr5	5	190	180915260	1.05022e-06
chr5	6	175	180915260	9.67304e-07
chr5	7	109	180915260	6.02492e-07
chr5	8	48	180915260	2.65318e-07
chr5	9	44	180915260	2.43208e-07
chr5	10	39	180915260	2.15571e-07
chr5	11	5	180915260	2.76372e-08
chr6	0	168830283	171115067	0.986648
chr6	1	2233084	171115067	0.0130502
chr6	2	47510	171115067	0.000277649
chr6	3	858	171115067	5.01417e-06
chr6	4	68	171115067	3.97393e-07
chr6	5	45	171115067	2.62981e-07
chr6	6	90	171115067	5.25962e-07
chr6	7	123	171115067	7.18815e-07
chr6	8	207	171115067	1.20971e-06
chr6	9	176	171115067	1.02855e-06
chr6	10	239	171115067	1.39672e-06
chr6	11	230	171115067	1.34412e-06
chr6	12	267	171115067	1.56035e-06
chr6	13	298	171115067	1.74152e-06
chr6	14	235	171115067	1.37334e-06
chr6	15	214	171115067	1.25062e-06
chr6	16	188	171115067	1.09868e-06
chr6	17	192	171115067	1.12205e-06
chr6	18	146	171115067	8.53227e-07
chr6	19	135	171115067	7.88943e-07
chr6	20	103	171115067	6.01934e-07
chr6	21	105	171115067	6.13622e-07
chr6	22	111	171115067	6.48686e-07
chr6	23	37	171115067	2.16229e-07
chr6	24	24	171115067	1.40256e-07
chr6	25	23	171115067	1.34412e-07
chr6	26	22	171115067	1.28568e-07
chr6	27	22	171115067	1.28568e-07
chr6	28	5	171115067	2.92201e-08
chr6	29	13	171115067	7.59723e-08
chr6	30	9	171115067	5.25962e-08
chr6	31	3	171115067	1.75321e-08
chr6	33	2	171115067	1.1688e-08
chr7	0	157139968	159138663	0.987441
chr7	1	1954278	159138663	0.0122803
chr7	2	41855	159138663	0.00026301
chr7	3	1007	159138663	6.32782e-06
chr7	4	175	159138663	1.09967e-06
chr7	5	90	159138663	5.65545e-07
chr7	6	83	159138663	5.21558e-07
chr7	7	64	159138663	4.02165e-07
chr7	8	61	159138663	3.83314e-07
chr7	9	57	159138663	3.58178e-07
chr7	10	94	159138663	5.9068e-07
chr7	11	73	159138663	4.58719e-07
chr7	12	29	159138663	1.82231e-07
chr7	13	27	159138663	1.69663e-07
chr7	14	41	159138663	2.57637e-07
chr7	15	50	159138663	3.14191e-07
chr7	16	31	159138663	1.94799e-07
chr7	17	43	159138663	2.70205e-07
chr7	18	54	159138663	3.39327e-07
chr7	19	51	159138663	3.20475e-07
chr7	20	42	159138663	2.63921e-07
chr7	21	21	159138663	1.3196e-07
chr7	22	42	159138663	2.63921e-07
chr7	23	39	159138663	2.45069e-07
chr7	24	31	159138663	1.94799e-07
chr7	25	39	159138663	2.45069e-07
chr7	26	39	159138663	2.45069e-07
chr7	27	46	159138663	2.89056e-07
chr7	28	21	159138663	1.3196e-07
chr7	29	34	159138663	2.1365e-07
chr7	30	23	159138663	1.44528e-07
chr7	31	22	159138663	1.38244e-07
chr7	32	22	159138663	1.38244e-07
chr7	33	23	159138663	1.44528e-07
chr7	34	21	159138663	1.3196e-07
chr7	35	13	159138663	8.16898e-08
chr7	36	9	159138663	5.65545e-08
chr7	37	19	159138663	1.19393e-07
chr7	38	4	159138663	2.51353e-08
chr7	39	8	159138663	5.02706e-08
chr7	40	12	159138663	7.54059e-08
chr7	42	2	159138663	1.25677e-08
chr8	0	144362710	146364022	0.986326
chr8	1	1948657	146364022	0.0133138
chr8	2	48004	146364022	0.000327977
chr8	3	2230	146364022	1.5236e-05
chr8	4	1064	146364022	7.26955e-06
chr8	5	674	146364022	4.60496e-06
chr8	6	359	146364022	2.45279e-06
chr8	7	139	146364022	9.49687e-07
chr8	8	72	146364022	4.91924e-07
chr8	9	74	146364022	5.05589e-07
chr8	10	33	146364022	2.25465e-07
chr8	11	2	146364022	1.36646e-08
chr8	12	4	146364022	2.73291e-08
chr9	0	139663699	141213431	0.989026
chr9	1	1512163	141213431	0.0107084
chr9	2	36329	141213431	0.000257263
chr9	3	853	141213431	6.0405e-06
chr9	4	171	141213431	1.21093e-06
chr9	5	129	141213431	9.13511e-07
chr9	6	68	141213431	4.81541e-07
chr9	7	19	141213431	1.34548e-07
chr10	0	133789457	135534747	0.987123
chr10	1	1692817	135534747	0.0124899
chr10	2	40054	135534747	0.000295526
chr10	3	3079	135534747	2.27174e-05
chr10	4	1374	135534747	1.01376e-05
chr10	5	973	135534747	7.17897e-06
chr10	6	791	135534747	5.83614e-06
chr10	7	782	135534747	5.76974e-06
chr10	8	745	135534747	5.49675e-06
chr10	9	518	135534747	3.8219e-06
chr10	10	452	135534747	3.33494e-06
chr10	11	321	135534747	2.3684e-06
chr10	12	352	135534747	2.59712e-06
chr10	13	279	135534747	2.05851e-06
chr10	14	293	135534747	2.16181e-06
chr10	15	251	135534747	1.85192e-06
chr10	16	162	135534747	1.19527e-06
chr10	17	175	135534747	1.29118e-06
chr10	18	138	135534747	1.01819e-06
chr10	19	165	135534747	1.2174e-06
chr10	20	168	135534747	1.23953e-06
chr10	21	129	135534747	9.51785e-07
chr10	22	124	135534747	9.14894e-07
chr10	23	123	135534747	9.07516e-07
chr10	24	94	135534747	6.93549e-07
chr10	25	77	135534747	5.6812e-07
chr10	26	61	135534747	4.50069e-07
chr10	27	71	135534747	5.23851e-07
chr10	28	50	135534747	3.68909e-07
chr10	29	42	135534747	3.09884e-07
chr10	30	37	135534747	2.72993e-07
chr10	31	32	135534747	2.36102e-07
chr10	32	41	135534747	3.02505e-07
chr10	33	53	135534747	3.91044e-07
chr10	34	31	135534747	2.28724e-07
chr10	35	33	135534747	2.4348e-07
chr10	36	24	135534747	1.77076e-07
chr10	37	15	135534747	1.10673e-07
chr10	38	33	135534747	2.4348e-07
chr10	39	22	135534747	1.6232e-07
chr10	40	20	135534747	1.47564e-07
chr10	41	17	135534747	1.25429e-07
chr10	42	22	135534747	1.6232e-07
chr10	43	22	135534747	1.6232e-07
chr10	44	20	135534747	1.47564e-07
chr10	45	21	135534747	1.54942e-07
chr10	46	14	135534747	1.03295e-07
chr10	47	13	135534747	9.59164e-08
chr10	48	9	135534747	6.64036e-08
chr10	49	15	135534747	1.10673e-07
chr10	50	7	135534747	5.16473e-08
chr10	51	14	135534747	1.03295e-07
chr10	52	10	135534747	7.37818e-08
chr10	53	9	135534747	6.64036e-08
chr10	54	5	135534747	3.68909e-08
chr10	55	7	135534747	5.16473e-08
chr10	56	17	135534747	1.25429e-07
chr10	57	8	135534747	5.90255e-08
chr10	58	17	135534747	1.25429e-07
chr10	59	17	135534747	1.25429e-07
chr10	60	7	135534747	5.16473e-08
chr10	61	3	135534747	2.21345e-08
chr10	62	6	135534747	4.42691e-08
chr10	63	1	135534747	7.37818e-09
chr10	64	2	135534747	1.47564e-08
chr10	66	1	135534747	7.37818e-09
chr10	67	2	135534747	1.47564e-08
chr10	68	1	135534747	7.37818e-09
chr10	69	2	135534747	1.47564e-08
chr11	0	133235354	135006516	0.986881
chr11	1	1730234	135006516	0.0128159
chr11	2	38512	135006516	0.00028526
chr11	3	957	135006516	7.08855e-06
chr11	4	445	135006516	3.29614e-06
chr11	5	196	135006516	1.45178e-06
chr11	6	128	135006516	9.48102e-07
chr11	7	198	135006516	1.4666e-06
chr11	8	110	135006516	8.14775e-07
chr11	9	55	135006516	4.07388e-07
chr11	10	32	135006516	2.37026e-07
chr11	11	50	135006516	3.70352e-07
chr11	12	55	135006516	4.07388e-07
chr11	13	43	135006516	3.18503e-07
chr11	14	33	135006516	2.44433e-07
chr11	15	26	135006516	1.92583e-07
chr11	16	8	135006516	5.92564e-08
chr11	17	11	135006516	8.14776e-08
chr11	18	4	135006516	2.96282e-08
chr11	19	16	135006516	1.18513e-07
chr11	21	39	135006516	2.88875e-07
chr11	22	2	135006516	1.48141e-08
chr11	23	5	135006516	3.70352e-08
chr11	24	3	135006516	2.22212e-08
chr12	0	132054571	133851895	0.986572
chr12	1	1756381	133851895	0.0131218
chr12	2	40013	133851895	0.000298935
chr12	3	744	133851895	5.55838e-06
chr12	4	84	133851895	6.27559e-07
chr12	5	32	133851895	2.3907e-07
chr12	6	41	133851895	3.06309e-07
chr12	7	13	133851895	9.71223e-08
chr12	8	16	133851895	1.19535e-07
chr13	0	113985144	115169878	0.989713
chr13	1	1163000	115169878	0.0100981
chr13	2	21652	115169878	0.000188001
chr13	3	82	115169878	7.11992e-07
chr14	0	106189032	107349540	0.98919
chr14	1	1136267	107349540	0.0105847
chr14	2	23840	107349540	0.000222078
chr14	3	401	107349540	3.73546e-06
chr15	0	101481228	102531392	0.989758
chr15	1	1027840	102531392	0.0100246
chr15	2	21912	102531392	0.00021371
chr15	3	412	102531392	4.01828e-06
chr16	0	89177457	90354753	0.98697
chr16	1	1128571	90354753	0.0124904
chr16	2	34873	90354753	0.000385956
chr16	3	4709	90354753	5.21168e-05
chr16	4	2773	90354753	3.06901e-05
chr16	5	2042	90354753	2.25998e-05
chr16	6	1383	90354753	1.53063e-05
chr16	7	912	90354753	1.00935e-05
chr16	8	629	90354753	6.96145e-06
chr16	9	422	90354753	4.67048e-06
chr16	10	363	90354753	4.0175e-06
chr16	11	272	90354753	3.01036e-06
chr16	12	121	90354753	1.33917e-06
chr16	13	88	90354753	9.73939e-07
chr16	14	83	90354753	9.18601e-07
chr16	15	30	90354753	3.32025e-07
chr16	16	4	90354753	4.42699e-08
chr16	17	7	90354753	7.74724e-08
chr16	18	4	90354753	4.42699e-08
chr16	20	3	90354753	3.32025e-08
chr16	21	7	90354753	7.74724e-08
chr17	0	80152930	81195210	0.987163
chr17	1	1012365	81195210	0.0124683
chr17	2	26205	81195210	0.000322741
chr17	3	1348	81195210	1.6602e-05
chr17	4	743	81195210	9.15079e-06
chr17	5	511	81195210	6.29348e-06
chr17	6	276	81195210	3.39922e-06
chr17	7	223	81195210	2.74647e-06
chr17	8	139	81195210	1.71192e-06
chr17	9	144	81195210	1.7735e-06
chr17	10	74	81195210	9.11384e-07
chr17	11	31	81195210	3.81796e-07
chr17	12	34	81195210	4.18744e-07
chr17	13	36	81195210	4.43376e-07
chr17	14	23	81195210	2.83268e-07
chr17	15	11	81195210	1.35476e-07
chr17	16	10	81195210	1.2316e-07
chr17	17	21	81195210	2.58636e-07
chr17	18	16	81195210	1.97056e-07
chr17	19	7	81195210	8.6212e-08
chr17	20	5	81195210	6.158e-08
chr17	21	5	81195210	6.158e-08
chr17	22	2	81195210	2.4632e-08
chr17	24	1	81195210	1.2316e-08
chr17	25	1	81195210	1.2316e-08
chr17	28	2	81195210	2.4632e-08
chr17	31	2	81195210	2.4632e-08
chr17	32	14	81195210	1.72424e-07
chr17	33	7	81195210	8.6212e-08
chr17	34	8	81195210	9.8528e-08
chr17	35	4	81195210	4.9264e-08
chr17	36	4	81195210	4.9264e-08
chr17	37	8	81195210	9.8528e-08
chr18	0	77062711	78077248	0.987006
chr18	1	988893	78077248	0.0126656
chr18	2	22389	78077248	0.000286754
chr18	3	1434	78077248	1.83664e-05
chr18	4	656	78077248	8.40194e-06
chr18	5	379	78077248	4.85417e-06
chr18	6	285	78077248	3.65023e-06
chr18	7	178	78077248	2.27979e-06
chr18	8	107	78077248	1.37044e-06
chr18	9	52	78077248	6.66007e-07
chr18	10	72	78077248	9.22164e-07
chr18	11	57	78077248	7.30046e-07
chr18	12	24	78077248	3.07388e-07
chr18	13	11	78077248	1.40886e-07
chr19	0	58365873	59128983	0.987094
chr19	1	737869	59128983	0.012479
chr19	2	22347	59128983	0.000377936
chr19	3	942	59128983	1.59313e-05
chr19	4	384	59128983	6.49428e-06
chr19	5	210	59128983	3.55156e-06
chr19	6	210	59128983	3.55156e-06
chr19	7	124	59128983	2.09711e-06
chr19	8	71	59128983	1.20076e-06
chr19	9	47	59128983	7.94872e-07
chr19	10	49	59128983	8.28697e-07
chr19	11	50	59128983	8.45609e-07
chr19	12	67	59128983	1.13312e-06
chr19	13	100	59128983	1.69122e-06
chr19	14	76	59128983	1.28533e-06
chr19	15	47	59128983	7.94872e-07
chr19	16	74	59128983	1.2515e-06
chr19	17	31	59128983	5.24278e-07
chr19	18	12	59128983	2.02946e-07
chr19	19	21	59128983	3.55156e-07
chr19	20	3	59128983	5.07365e-08
chr19	21	4	59128983	6.76487e-08
chr19	22	5	59128983	8.45609e-08
chr19	23	10	59128983	1.69122e-07
chr19	24	9	59128983	1.5221e-07
chr19	25	23	59128983	3.8898e-07
chr19	26	28	59128983	4.73541e-07
chr19	27	21	59128983	3.55156e-07
chr19	28	24	59128983	4.05892e-07
chr19	29	16	59128983	2.70595e-07
chr19	30	13	59128983	2.19858e-07
chr19	31	20	59128983	3.38244e-07
chr19	32	10	59128983	1.69122e-07
chr19	33	1	59128983	1.69122e-08
chr19	34	2	59128983	3.38244e-08
chr19	36	3	59128983	5.07365e-08
chr19	37	1	59128983	1.69122e-08
chr19	38	4	59128983	6.76487e-08
chr19	41	18	59128983	3.04419e-07
chr19	42	7	59128983	1.18385e-07
chr19	43	8	59128983	1.35297e-07
chr19	44	4	59128983	6.76487e-08
chr19	45	7	59128983	1.18385e-07
chr19	46	7	59128983	1.18385e-07
chr19	47	5	59128983	8.45609e-08
chr19	48	11	59128983	1.86034e-07
chr19	49	10	59128983	1.69122e-07
chr19	50	7	59128983	1.18385e-07
chr19	51	3	59128983	5.07365e-08
chr19	52	12	59128983	2.02946e-07
chr19	53	6	59128983	1.01473e-07
chr19	54	4	59128983	6.76487e-08
chr19	55	9	59128983	1.5221e-07
chr19	56	5	59128983	8.45609e-08
chr19	57	2	59128983	3.38244e-08
chr19	59	2	59128983	3.38244e-08
chr19	60	1	59128983	1.69122e-08
chr19	61	4	59128983	6.76487e-08
chr19	62	7	59128983	1.18385e-07
chr19	63	1	59128983	1.69122e-08
chr19	64	1	59128983	1.69122e-08
chr19	65	5	59128983	8.45609e-08
chr19	66	9	59128983	1.5221e-07
chr19	69	1	59128983	1.69122e-08
chr19	70	3	59128983	5.07365e-08
chr19	71	1	59128983	1.69122e-08
chr19	72	1	59128983	1.69122e-08
chr19	75	1	59128983	1.69122e-08
chr19	77	2	59128983	3.38244e-08
chr19	78	4	59128983	6.76487e-08
chr19	79	4	59128983	6.76487e-08
chr19	80	3	59128983	5.07365e-08
chr19	81	5	59128983	8.45609e-08
chr19	82	1	59128983	1.69122e-08
chr19	83	1	59128983	1.69122e-08
chr20	0	62157088	63025520	0.986221
chr20	1	846813	63025520	0.013436
chr20	2	21220	63025520	0.000336689
chr20	3	399	63025520	6.33077e-06
chr21	0	47663492	48129895	0.990309
chr21	1	455736	48129895	0.00946888
chr21	2	10339	48129895	0.000214815
chr21	3	251	48129895	5.21505e-06
chr21	4	52	48129895	1.08041e-06
chr21	5	25	48129895	5.19428e-07
chr22	0	50833806	51304566	0.990824
chr22	1	458879	51304566	0.00894421
chr22	2	11672	51304566	0.000227504
chr22	3	209	51304566	4.07371e-06
chrX	0	153249366	155270560	0.986983
chrX	1	1965697	155270560	0.0126598
chrX	2	46150	155270560	0.000297223
chrX	3	4785	155270560	3.08172e-05
chrX	4	2117	155270560	1.36343e-05
chrX	5	1260	155270560	8.11487e-06
chrX	6	619	155270560	3.98659e-06
chrX	7	299	155270560	1.92567e-06
chrX	8	177	155270560	1.13995e-06
chrX	9	35	155270560	2.25413e-07
chrX	10	15	155270560	9.66056e-08
chrX	11	38	155270560	2.44734e-07
chrX	12	2	155270560	1.28807e-08
chrY	0	59328540	59373566	0.999242
chrY	1	42058	59373566	0.000708362
chrY	2	2129	59373566	3.58577e-05
chrY	3	309	59373566	5.20434e-06
chrY	4	154	59373566	2.59375e-06
chrY	5	159	59373566	2.67796e-06
chrY	6	98	59373566	1.65057e-06
chrY	7	57	59373566	9.60023e-07
chrY	8	51	59373566	8.58968e-07
chrY	9	9	59373566	1.51583e-07
chrY	10	2	59373566	3.3685e-08
chr1_gl000191_random	0	105630	106433	0.992455
chr1_gl000191_random	1	756	106433	0.00710306
chr1_gl000191_random	2	47	106433	0.000441592
chr1_gl000192_random	0	540131	547496	0.986548
chr1_gl000192_random	1	7280	547496	0.0132969
chr1_gl000192_random	2	85	547496	0.000155252
chr4_ctg9_hap1	0	586576	590426	0.993479
chr4_ctg9_hap1	1	3750	590426	0.00635135
chr4_ctg9_hap1	2	100	590426	0.000169369
chr4_gl000193_random	0	182388	189789	0.961004
chr4_gl000193_random	1	6878	189789	0.0362402
chr4_gl000193_random	2	497	189789	0.0026187
chr4_gl000193_random	3	26	189789	0.000136994
chr4_gl000194_random	0	187045	191469	0.976894
chr4_gl000194_random	1	4298	191469	0.0224475
chr4_gl000194_random	2	126	191469	0.00065807
chr6_apd_hap1	0	4618002	4622290	0.999072
chr6_apd_hap1	1	4126	4622290	0.000892631
chr6_apd_hap1	2	162	4622290	3.50476e-05
chr6_cox_hap2	0	4782693	4795371	0.997356
chr6_cox_hap2	1	12456	4795371	0.0025975
chr6_cox_hap2	2	222	4795371	4.62946e-05
chr6_dbb_hap3	0	4599589	4610396	0.997656
chr6_dbb_hap3	1	10564	4610396	0.00229134
chr6_dbb_hap3	2	243	4610396	5.2707e-05
chr6_mann_hap4	0	4674435	4683263	0.998115
chr6_mann_hap4	1	8706	4683263	0.00185896
chr6_mann_hap4	2	122	4683263	2.60502e-05
chr6_mcf_hap5	0	4824565	4833398	0.998173
chr6_mcf_hap5	1	8766	4833398	0.00181363
chr6_mcf_hap5	2	67	4833398	1.38619e-05
chr6_qbl_hap6	0	4601860	4611984	0.997805
chr6_qbl_hap6	1	10048	4611984	0.00217867
chr6_qbl_hap6	2	76	4611984	1.64788e-05
chr6_ssto_hap7	0	4919859	4928567	0.998233
chr6_ssto_hap7	1	8616	4928567	0.00174818
chr6_ssto_hap7	2	92	4928567	1.86667e-05
chr7_gl000195_random	0	172793	182896	0.944761
chr7_gl000195_random	1	9406	182896	0.0514281
chr7_gl000195_random	2	697	182896	0.00381091
chr8_gl000196_random	0	38764	38914	0.996145
chr8_gl000196_random	1	150	38914	0.00385465
chr8_gl000197_random	0	37025	37175	0.995965
chr8_gl000197_random	1	150	37175	0.00403497
chr9_gl000198_random	0	86346	90085	0.958495
chr9_gl000198_random	1	3542	90085	0.0393184
chr9_gl000198_random	2	183	90085	0.00203141
chr9_gl000198_random	3	14	90085	0.000155409
chr9_gl000199_random	0	147745	169874	0.869733
chr9_gl000199_random	1	16906	169874	0.0995208
chr9_gl000199_random	2	3508	169874	0.0206506
chr9_gl000199_random	3	987	169874	0.00581019
chr9_gl000199_random	4	331	169874	0.0019485
chr9_gl000199_random	5	104	169874	0.000612218
chr9_gl000199_random	6	84	169874	0.000494484
chr9_gl000199_random	7	53	169874	0.000311996
chr9_gl000199_random	8	57	169874	0.000335543
chr9_gl000199_random	9	10	169874	5.88672e-05
chr9_gl000199_random	10	9	169874	5.29804e-05
chr9_gl000199_random	11	16	169874	9.41875e-05
chr9_gl000199_random	12	19	169874	0.000111848
chr9_gl000199_random	13	26	169874	0.000153055
chr9_gl000199_random	14	15	169874	8.83007e-05
chr9_gl000199_random	15	4	169874	2.35469e-05
chr9_gl000200_random	0	185358	187035	0.991034
chr9_gl000200_random	1	1604	187035	0.00857593
chr9_gl000200_random	2	73	187035	0.000390301
chr9_gl000201_random	0	36098	36148	0.998617
chr9_gl000201_random	1	50	36148	0.0013832
chr11_gl000202_random	0	39553	40103	0.986285
chr11_gl000202_random	1	550	40103	0.0137147
chr17_ctg5_hap1	0	1669461	1680828	0.993237
chr17_ctg5_hap1	1	11084	1680828	0.00659437
chr17_ctg5_hap1	2	283	1680828	0.000168369
chr17_gl000203_random	0	37224	37498	0.992693
chr17_gl000203_random	1	248	37498	0.00661369
chr17_gl000203_random	2	26	37498	0.00069337
chr17_gl000204_random	0	80810	81310	0.993851
chr17_gl000204_random	1	500	81310	0.00614931
chr17_gl000205_random	0	165201	174588	0.946233
chr17_gl000205_random	1	9035	174588	0.0517504
chr17_gl000205_random	2	341	174588	0.00195317
chr17_gl000205_random	3	11	174588	6.30055e-05
chr17_gl000206_random	0	40701	41001	0.992683
chr17_gl000206_random	1	300	41001	0.00731689
chr18_gl000207_random	0	4212	4262	0.988268
chr18_gl000207_random	1	50	4262	0.0117316
chr19_gl000208_random	0	89423	92689	0.964764
chr19_gl000208_random	1	2943	92689	0.0317513
chr19_gl000208_random	2	262	92689	0.00282666
chr19_gl000208_random	3	61	92689	0.000658115
chr19_gl000209_random	0	158585	159169	0.996331
chr19_gl000209_random	1	568	159169	0.00356853
chr19_gl000209_random	2	16	159169	0.000100522
chr21_gl000210_random	0	27532	27682	0.994581
chr21_gl000210_random	1	150	27682	0.00541868
chrUn_gl000211	0	163923	166566	0.984132
chrUn_gl000211	1	2636	166566	0.0158256
chrUn_gl000211	2	7	166566	4.20254e-05
chrUn_gl000212	0	183041	186858	0.979573
chrUn_gl000212	1	3684	186858	0.0197155
chrUn_gl000212	2	133	186858	0.00071177
chrUn_gl000213	0	163339	164239	0.99452
chrUn_gl000213	1	900	164239	0.00547982
chrUn_gl000214	0	129209	137718	0.938214
chrUn_gl000214	1	7942	137718	0.0576686
chrUn_gl000214	2	467	137718	0.00339099
chrUn_gl000214	3	29	137718	0.000210575
chrUn_gl000214	4	35	137718	0.000254143
chrUn_gl000214	5	19	137718	0.000137963
chrUn_gl000214	6	17	137718	0.000123441
chrUn_gl000215	0	171645	172545	0.994784
chrUn_gl000215	1	900	172545	0.00521603
chrUn_gl000216	0	164120	172294	0.952558
chrUn_gl000216	1	6279	172294	0.0364435
chrUn_gl000216	2	1269	172294	0.00736532
chrUn_gl000216	3	322	172294	0.0018689
chrUn_gl000216	4	118	172294	0.000684876
chrUn_gl000216	5	51	172294	0.000296006
chrUn_gl000216	6	35	172294	0.000203141
chrUn_gl000216	7	44	172294	0.000255377
chrUn_gl000216	8	28	172294	0.000162513
chrUn_gl000216	9	4	172294	2.32161e-05
chrUn_gl000216	10	2	172294	1.16081e-05
chrUn_gl000216	11	22	172294	0.000127689
chrUn_gl000217	0	169117	172149	0.982387
chrUn_gl000217	1	3014	172149	0.0175081
chrUn_gl000217	2	18	172149	0.000104561
chrUn_gl000218	0	154843	161147	0.96088
chrUn_gl000218	1	6117	161147	0.0379591
chrUn_gl000218	2	178	161147	0.00110458
chrUn_gl000218	3	9	161147	5.58496e-05
chrUn_gl000219	0	173343	179198	0.967327
chrUn_gl000219	1	5710	179198	0.0318642
chrUn_gl000219	2	145	179198	0.000809161
chrUn_gl000220	0	119867	161802	0.740825
chrUn_gl000220	1	15558	161802	0.0961546
chrUn_gl000220	2	7928	161802	0.0489982
chrUn_gl000220	3	5615	161802	0.0347029
chrUn_gl000220	4	4008	161802	0.024771
chrUn_gl000220	5	2909	161802	0.0179788
chrUn_gl000220	6	2164	161802	0.0133744
chrUn_gl000220	7	1452	161802	0.00897393
chrUn_gl000220	8	915	161802	0.00565506
chrUn_gl000220	9	669	161802	0.00413468
chrUn_gl000220	10	381	161802	0.00235473
chrUn_gl000220	11	206	161802	0.00127316
chrUn_gl000220	12	87	161802	0.000537694
chrUn_gl000220	13	23	161802	0.000142149
chrUn_gl000220	14	9	161802	5.56235e-05
chrUn_gl000220	15	3	161802	1.85412e-05
chrUn_gl000220	16	2	161802	1.23608e-05
chrUn_gl000220	17	5	161802	3.0902e-05
chrUn_gl000220	18	1	161802	6.18039e-06
chrUn_gl000221	0	151500	155397	0.974922
chrUn_gl000221	1	3794	155397	0.0244149
chrUn_gl000221	2	103	155397	0.000662818
chrUn_gl000222	0	184383	186861	0.986739
chrUn_gl000222	1	2428	186861	0.0129936
chrUn_gl000222	2	28	186861	0.000149844
chrUn_gl000222	3	22	186861	0.000117735
chrUn_gl000223	0	179128	180455	0.992646
chrUn_gl000223	1	1304	180455	0.00722618
chrUn_gl000223	2	23	180455	0.000127456
chrUn_gl000224	0	165822	179693	0.922807
chrUn_gl000224	1	10402	179693	0.0578876
chrUn_gl000224	2	2305	179693	0.0128274
chrUn_gl000224	3	885	179693	0.00492507
chrUn_gl000224	4	200	179693	0.00111301
chrUn_gl000224	5	57	179693	0.000317208
chrUn_gl000224	6	6	179693	3.33903e-05
chrUn_gl000224	7	16	179693	8.90408e-05
chrUn_gl000225	0	189887	211173	0.899201
chrUn_gl000225	1	15864	211173	0.0751232
chrUn_gl000225	2	3615	211173	0.0171187
chrUn_gl000225	3	964	211173	0.00456498
chrUn_gl000225	4	573	211173	0.00271342
chrUn_gl000225	5	132	211173	0.00062508
chrUn_gl000225	6	104	211173	0.000492487
chrUn_gl000225	7	34	211173	0.000161005
chrUn_gl000226	0	1561	15008	0.104011
chrUn_gl000226	1	1928	15008	0.128465
chrUn_gl000226	2	1818	15008	0.121135
chrUn_gl000226	3	1606	15008	0.10701
chrUn_gl000226	4	1283	15008	0.0854877
chrUn_gl000226	5	1305	15008	0.0869536
chrUn_gl000226	6	1127	15008	0.0750933
chrUn_gl000226	7	896	15008	0.0597015
chrUn_gl000226	8	737	15008	0.0491071
chrUn_gl000226	9	641	15008	0.0427106
chrUn_gl000226	10	522	15008	0.0347814
chrUn_gl000226	11	485	15008	0.0323161
chrUn_gl000226	12	345	15008	0.0229877
chrUn_gl000226	13	212	15008	0.0141258
chrUn_gl000226	14	171	15008	0.0113939
chrUn_gl000226	15	169	15008	0.0112607
chrUn_gl000226	16	104	15008	0.00692964
chrUn_gl000226	17	62	15008	0.00413113
chrUn_gl000226	18	21	15008	0.00139925
chrUn_gl000226	19	14	15008	0.000932836
chrUn_gl000226	20	1	15008	6.66311e-05
chrUn_gl000227	0	126969	128374	0.989055
chrUn_gl000227	1	1360	128374	0.010594
chrUn_gl000227	2	45	128374	0.000350538
chrUn_gl000228	0	126014	129120	0.975945
chrUn_gl000228	1	1940	129120	0.0150248
chrUn_gl000228	2	435	129120	0.00336896
chrUn_gl000228	3	296	129120	0.00229244
chrUn_gl000228	4	99	129120	0.000766729
chrUn_gl000228	5	109	129120	0.000844176
chrUn_gl000228	6	106	129120	0.000820942
chrUn_gl000228	7	78	129120	0.000604089
chrUn_gl000228	8	20	129120	0.000154895
chrUn_gl000228	9	11	129120	8.51921e-05
chrUn_gl000228	10	12	129120	9.29368e-05
chrUn_gl000229	0	18963	19913	0.952293
chrUn_gl000229	1	950	19913	0.0477075
chrUn_gl000230	0	43006	43691	0.984322
chrUn_gl000230	1	620	43691	0.0141906
chrUn_gl000230	2	65	43691	0.00148772
chrUn_gl000231	0	26423	27386	0.964836
chrUn_gl000231	1	837	27386	0.0305631
chrUn_gl000231	2	65	27386	0.00237348
chrUn_gl000231	3	61	27386	0.00222742
chrUn_gl000232	0	38002	40652	0.934813
chrUn_gl000232	1	2500	40652	0.0614976
chrUn_gl000232	2	150	40652	0.00368986
chrUn_gl000233	0	45195	45941	0.983762
chrUn_gl000233	1	742	45941	0.0161512
chrUn_gl000233	2	4	45941	8.70682e-05
chrUn_gl000234	0	38312	40531	0.945252
chrUn_gl000234	1	2088	40531	0.0515161
chrUn_gl000234	2	131	40531	0.00323209
chrUn_gl000235	0	33148	34474	0.961536
chrUn_gl000235	1	1302	34474	0.0377676
chrUn_gl000235	2	24	34474	0.000696177
chrUn_gl000236	0	41734	41934	0.995231
chrUn_gl000236	1	200	41934	0.0047694
chrUn_gl000237	0	43287	45867	0.94375
chrUn_gl000237	1	2341	45867	0.0510389
chrUn_gl000237	2	208	45867	0.00453485
chrUn_gl000237	3	31	45867	0.000675867
chrUn_gl000238	0	39639	39939	0.992489
chrUn_gl000238	1	300	39939	0.00751146
chrUn_gl000239	0	32533	33824	0.961832
chrUn_gl000239	1	1232	33824	0.0364238
chrUn_gl000239	2	59	33824	0.00174432
chrUn_gl000240	0	41267	41933	0.984118
chrUn_gl000240	1	632	41933	0.0150717
chrUn_gl000240	2	34	41933	0.000810817
chrUn_gl000241	0	39906	42152	0.946717
chrUn_gl000241	1	2142	42152	0.0508161
chrUn_gl000241	2	104	42152	0.00246726
chrUn_gl000242	0	43073	43523	0.989661
chrUn_gl000242	1	450	43523	0.0103394
chrUn_gl000243	0	42158	43341	0.972705
chrUn_gl000243	1	1116	43341	0.0257493
chrUn_gl000243	2	67	43341	0.00154588
chrUn_gl000244	0	39294	39929	0.984097
chrUn_gl000244	1	620	39929	0.0155276
chrUn_gl000244	2	15	39929	0.000375667
chrUn_gl000245	0	35451	36651	0.967259
chrUn_gl000245	1	1200	36651	0.0327413
chrUn_gl000246	0	37854	38154	0.992137
chrUn_gl000246	1	300	38154	0.00786287
chrUn_gl000247	0	35596	36422	0.977321
chrUn_gl000247	1	752	36422	0.0206469
chrUn_gl000247	2	74	36422	0.00203174
chrUn_gl000248	0	39395	39786	0.990172
chrUn_gl000248	1	382	39786	0.00960137
chrUn_gl000248	2	9	39786	0.00022621
chrUn_gl000249	0	38252	38502	0.993507
chrUn_gl000249	1	250	38502	0.00649317
genome	0	3098685801	3137161264	0.987736
genome	1	37480017	3137161264	0.0119471
genome	2	877146	3137161264	0.000279599
genome	3	46356	3137161264	1.47764e-05
genome	4	20147	3137161264	6.42205e-06
genome	5	13087	3137161264	4.17161e-06
genome	6	9024	3137161264	2.87649e-06
genome	7	6426	3137161264	2.04835e-06
genome	8	4558	3137161264	1.45291e-06
genome	9	3176	3137161264	1.01238e-06
genome	10	2597	3137161264	8.27818e-07
genome	11	2036	3137161264	6.48994e-07
genome	12	1507	3137161264	4.80371e-07
genome	13	1232	3137161264	3.92712e-07
genome	14	1057	3137161264	3.36929e-07
genome	15	874	3137161264	2.78596e-07
genome	16	630	3137161264	2.00818e-07
genome	17	580	3137161264	1.84881e-07
genome	18	423	3137161264	1.34835e-07
genome	19	428	3137161264	1.36429e-07
genome	20	335	3137161264	1.06784e-07
genome	21	327	3137161264	1.04234e-07
genome	22	299	3137161264	9.53091e-08
genome	23	237	3137161264	7.5546e-08
genome	24	190	3137161264	6.05643e-08
genome	25	188	3137161264	5.99268e-08
genome	26	171	3137161264	5.45079e-08
genome	27	182	3137161264	5.80142e-08
genome	28	121	3137161264	3.85699e-08
genome	29	113	3137161264	3.60198e-08
genome	30	94	3137161264	2.99634e-08
genome	31	89	3137161264	2.83696e-08
genome	32	94	3137161264	2.99634e-08
genome	33	97	3137161264	3.09197e-08
genome	34	83	3137161264	2.6457e-08
genome	35	63	3137161264	2.00818e-08
genome	36	52	3137161264	1.65755e-08
genome	37	61	3137161264	1.94443e-08
genome	38	64	3137161264	2.04006e-08
genome	39	51	3137161264	1.62567e-08
genome	40	48	3137161264	1.53005e-08
genome	41	45	3137161264	1.43442e-08
genome	42	47	3137161264	1.49817e-08
genome	43	43	3137161264	1.37067e-08
genome	44	42	3137161264	1.33879e-08
genome	45	46	3137161264	1.46629e-08
genome	46	37	3137161264	1.17941e-08
genome	47	34	3137161264	1.08378e-08
genome	48	26	3137161264	8.28775e-09
genome	49	31	3137161264	9.88155e-09
genome	50	28	3137161264	8.92527e-09
genome	51	24	3137161264	7.65023e-09
genome	52	41	3137161264	1.30691e-08
genome	53	28	3137161264	8.92527e-09
genome	54	15	3137161264	4.78139e-09
genome	55	24	3137161264	7.65023e-09
genome	56	44	3137161264	1.40254e-08
genome	57	30	3137161264	9.56279e-09
genome	58	31	3137161264	9.88155e-09
genome	59	28	3137161264	8.92527e-09
genome	60	25	3137161264	7.96899e-09
genome	61	26	3137161264	8.28775e-09
genome	62	21	3137161264	6.69395e-09
genome	63	8	3137161264	2.55008e-09
genome	64	11	3137161264	3.50635e-09
genome	65	12	3137161264	3.82511e-09
genome	66	13	3137161264	4.14387e-09
genome	67	8	3137161264	2.55008e-09
genome	68	5	3137161264	1.5938e-09
genome	69	3	3137161264	9.56279e-10
genome	70	8	3137161264	2.55008e-09
genome	71	7	3137161264	2.23132e-09
genome	72	6	3137161264	1.91256e-09
genome	73	6	3137161264	1.91256e-09
genome	74	3	3137161264	9.56279e-10
genome	75	9	3137161264	2.86884e-09
genome	76	2	3137161264	6.37519e-10
genome	77	2	3137161264	6.37519e-10
genome	78	4	3137161264	1.27504e-09
genome	79	7	3137161264	2.23132e-09
genome	80	5	3137161264	1.5938e-09
genome	81	10	3137161264	3.1876e-09
genome	82	4	3137161264	1.27504e-09
genome	83	3	3137161264	9.56279e-10
genome	84	2	3137161264	6.37519e-10
genome	85	1	3137161264	3.1876e-10
genome	86	4	3137161264	1.27504e-09
genome	87	1	3137161264	3.1876e-10
genome	88	3	3137161264	9.56279e-10
genome	89	4	3137161264	1.27504e-09
genome	91	1	3137161264	3.1876e-10
genome	92	1	3137161264	3.1876e-10
genome	93	2	3137161264	6.37519e-10
genome	94	3	3137161264	9.56279e-10
genome	95	1	3137161264	3.1876e-10
genome	96	2	3137161264	6.37519e-10
genome	97	1	3137161264	3.1876e-10
genome	99	3	3137161264	9.56279e-10
genome	100	1	3137161264	3.1876e-10
genome	101	2	3137161264	6.37519e-10
genome	102	1	3137161264	3.1876e-10
genome	103	2	3137161264	6.37519e-10
genome	105	6	3137161264	1.91256e-09
genome	106	6	3137161264	1.91256e-09
genome	107	2	3137161264	6.37519e-10
genome	108	7	3137161264	2.23132e-09
genome	109	6	3137161264	1.91256e-09
genome	110	4	3137161264	1.27504e-09
genome	111	3	3137161264	9.56279e-10
genome	112	2	3137161264	6.37519e-10
genome	113	4	3137161264	1.27504e-09
genome	114	4	3137161264	1.27504e-09
genome	115	3	3137161264	9.56279e-10
genome	116	2	3137161264	6.37519e-10
genome	117	5	3137161264	1.5938e-09
genome	118	4	3137161264	1.27504e-09
genome	119	7	3137161264	2.23132e-09
genome	120	2	3137161264	6.37519e-10
genome	121	2	3137161264	6.37519e-10
genome	123	1	3137161264	3.1876e-10
genome	124	1	3137161264	3.1876e-10
genome	125	5	3137161264	1.5938e-09
genome	126	2	3137161264	6.37519e-10
genome	127	5	3137161264	1.5938e-09
genome	128	4	3137161264	1.27504e-09
genome	129	4	3137161264	1.27504e-09
genome	130	10	3137161264	3.1876e-09
genome	131	4	3137161264	1.27504e-09
genome	132	2	3137161264	6.37519e-10
genome	133	8	3137161264	2.55008e-09
genome	134	11	3137161264	3.50635e-09
genome	135	5	3137161264	1.5938e-09
genome	136	3	3137161264	9.56279e-10
genome	137	13	3137161264	4.14387e-09
genome	138	10	3137161264	3.1876e-09
genome	139	7	3137161264	2.23132e-09
genome	140	15	3137161264	4.78139e-09
genome	141	10	3137161264	3.1876e-09
genome	142	8	3137161264	2.55008e-09
genome	143	7	3137161264	2.23132e-09
genome	144	6	3137161264	1.91256e-09
genome	145	9	3137161264	2.86884e-09
genome	146	7	3137161264	2.23132e-09
genome	147	7	3137161264	2.23132e-09
genome	148	5	3137161264	1.5938e-09
genome	149	5	3137161264	1.5938e-09
genome	150	6	3137161264	1.91256e-09
genome	151	1	3137161264	3.1876e-10
genome	152	5	3137161264	1.5938e-09
genome	153	5	3137161264	1.5938e-09
genome	154	7	3137161264	2.23132e-09
genome	155	1	3137161264	3.1876e-10
genome	156	9	3137161264	2.86884e-09
genome	157	4	3137161264	1.27504e-09
genome	158	3	3137161264	9.56279e-10
genome	159	4	3137161264	1.27504e-09
genome	160	9	3137161264	2.86884e-09
genome	161	8	3137161264	2.55008e-09
genome	162	5	3137161264	1.5938e-09
genome	163	2	3137161264	6.37519e-10
genome	164	2	3137161264	6.37519e-10
genome	169	1	3137161264	3.1876e-10
genome	170	1	3137161264	3.1876e-10
