chrM	0	14	16571	0.000844849
chrM	1	55	16571	0.00331905
chrM	2	97	16571	0.0058536
chrM	3	280	16571	0.016897
chrM	4	481	16571	0.0290266
chrM	5	584	16571	0.0352423
chrM	6	996	16571	0.060105
chrM	7	1401	16571	0.0845453
chrM	8	1644	16571	0.0992095
chrM	9	1777	16571	0.107236
chrM	10	1848	16571	0.11152
chrM	11	1684	16571	0.101623
chrM	12	1395	16571	0.0841832
chrM	13	1193	16571	0.0719932
chrM	14	834	16571	0.0503289
chrM	15	684	16571	0.0412769
chrM	16	489	16571	0.0295094
chrM	17	368	16571	0.0222075
chrM	18	238	16571	0.0143624
chrM	19	147	16571	0.00887092
chrM	20	90	16571	0.00543117
chrM	21	116	16571	0.00700018
chrM	22	54	16571	0.0032587
chrM	23	49	16571	0.00295697
chrM	24	17	16571	0.00102589
chrM	25	16	16571	0.000965542
chrM	26	7	16571	0.000422425
chrM	27	12	16571	0.000724157
chrM	28	1	16571	6.03464e-05
chr1	0	246107621	249250621	0.98739
chr1	1	3048061	249250621	0.0122289
chr1	2	90427	249250621	0.000362795
chr1	3	2386	249250621	9.57269e-06
chr1	4	532	249250621	2.1344e-06
chr1	5	177	249250621	7.10129e-07
chr1	6	93	249250621	3.73118e-07
chr1	7	54	249250621	2.16649e-07
chr1	8	43	249250621	1.72517e-07
chr1	9	39	249250621	1.56469e-07
chr1	10	11	249250621	4.41323e-08
chr1	11	19	249250621	7.62285e-08
chr1	12	6	249250621	2.40722e-08
chr1	13	2	249250621	8.02405e-09
chr1	14	16	249250621	6.41924e-08
chr1	15	11	249250621	4.41323e-08
chr1	16	17	249250621	6.82044e-08
chr1	17	12	249250621	4.81443e-08
chr1	18	5	249250621	2.00601e-08
chr1	19	9	249250621	3.61082e-08
chr1	20	5	249250621	2.00601e-08
chr1	21	9	249250621	3.61082e-08
chr1	22	11	249250621	4.41323e-08
chr1	23	13	249250621	5.21563e-08
chr1	24	8	249250621	3.20962e-08
chr1	25	14	249250621	5.61684e-08
chr1	26	13	249250621	5.21563e-08
chr1	27	8	249250621	3.20962e-08
chr1	28	4	249250621	1.60481e-08
chr1	29	7	249250621	2.80842e-08
chr1	30	8	249250621	3.20962e-08
chr1	31	10	249250621	4.01203e-08
chr1	32	25	249250621	1.00301e-07
chr1	33	8	249250621	3.20962e-08
chr1	34	39	249250621	1.56469e-07
chr1	35	26	249250621	1.04313e-07
chr1	36	29	249250621	1.16349e-07
chr1	37	18	249250621	7.22165e-08
chr1	38	13	249250621	5.21563e-08
chr1	39	12	249250621	4.81443e-08
chr1	40	18	249250621	7.22165e-08
chr1	41	11	249250621	4.41323e-08
chr1	42	13	249250621	5.21563e-08
chr1	43	12	249250621	4.81443e-08
chr1	44	13	249250621	5.21563e-08
chr1	45	9	249250621	3.61082e-08
chr1	46	20	249250621	8.02405e-08
chr1	47	10	249250621	4.01203e-08
chr1	48	21	249250621	8.42525e-08
chr1	49	14	249250621	5.61684e-08
chr1	50	4	249250621	1.60481e-08
chr1	51	15	249250621	6.01804e-08
chr1	52	16	249250621	6.41924e-08
chr1	53	15	249250621	6.01804e-08
chr1	54	18	249250621	7.22165e-08
chr1	55	28	249250621	1.12337e-07
chr1	56	17	249250621	6.82044e-08
chr1	57	6	249250621	2.40722e-08
chr1	58	27	249250621	1.08325e-07
chr1	59	10	249250621	4.01203e-08
chr1	60	17	249250621	6.82044e-08
chr1	61	5	249250621	2.00601e-08
chr1	62	14	249250621	5.61684e-08
chr1	63	16	249250621	6.41924e-08
chr1	64	16	249250621	6.41924e-08
chr1	65	6	249250621	2.40722e-08
chr1	66	11	249250621	4.41323e-08
chr1	67	3	249250621	1.20361e-08
chr1	68	6	249250621	2.40722e-08
chr1	69	1	249250621	4.01203e-09
chr1	70	3	249250621	1.20361e-08
chr1	71	2	249250621	8.02405e-09
chr1	74	4	249250621	1.60481e-08
chr1	75	3	249250621	1.20361e-08
chr1	76	6	249250621	2.40722e-08
chr1	77	2	249250621	8.02405e-09
chr1	80	1	249250621	4.01203e-09
chr1	81	1	249250621	4.01203e-09
chr1	82	1	249250621	4.01203e-09
chr1	86	5	249250621	2.00601e-08
chr1	87	10	249250621	4.01203e-08
chr1	88	9	249250621	3.61082e-08
chr1	89	10	249250621	4.01203e-08
chr1	90	2	249250621	8.02405e-09
chr1	91	5	249250621	2.00601e-08
chr1	92	5	249250621	2.00601e-08
chr1	93	3	249250621	1.20361e-08
chr1	94	3	249250621	1.20361e-08
chr1	95	2	249250621	8.02405e-09
chr1	96	1	249250621	4.01203e-09
chr1	97	4	249250621	1.60481e-08
chr1	98	1	249250621	4.01203e-09
chr1	99	3	249250621	1.20361e-08
chr1	100	1	249250621	4.01203e-09
chr1	102	2	249250621	8.02405e-09
chr1	103	4	249250621	1.60481e-08
chr1	105	1	249250621	4.01203e-09
chr1	109	1	249250621	4.01203e-09
chr1	110	5	249250621	2.00601e-08
chr1	111	5	249250621	2.00601e-08
chr1	112	4	249250621	1.60481e-08
chr1	114	1	249250621	4.01203e-09
chr1	115	4	249250621	1.60481e-08
chr1	116	3	249250621	1.20361e-08
chr1	117	2	249250621	8.02405e-09
chr1	119	3	249250621	1.20361e-08
chr1	121	1	249250621	4.01203e-09
chr1	123	1	249250621	4.01203e-09
chr1	125	1	249250621	4.01203e-09
chr1	128	2	249250621	8.02405e-09
chr1	130	4	249250621	1.60481e-08
chr1	132	2	249250621	8.02405e-09
chr1	134	2	249250621	8.02405e-09
chr1	135	2	249250621	8.02405e-09
chr1	136	1	249250621	4.01203e-09
chr1	137	3	249250621	1.20361e-08
chr1	138	7	249250621	2.80842e-08
chr1	139	4	249250621	1.60481e-08
chr1	140	1	249250621	4.01203e-09
chr1	142	2	249250621	8.02405e-09
chr1	143	3	249250621	1.20361e-08
chr1	144	3	249250621	1.20361e-08
chr1	145	2	249250621	8.02405e-09
chr1	146	4	249250621	1.60481e-08
chr1	147	4	249250621	1.60481e-08
chr1	148	6	249250621	2.40722e-08
chr1	149	10	249250621	4.01203e-08
chr1	150	5	249250621	2.00601e-08
chr1	151	2	249250621	8.02405e-09
chr1	152	1	249250621	4.01203e-09
chr1	153	3	249250621	1.20361e-08
chr1	154	5	249250621	2.00601e-08
chr1	155	4	249250621	1.60481e-08
chr1	156	3	249250621	1.20361e-08
chr1	157	2	249250621	8.02405e-09
chr1	158	10	249250621	4.01203e-08
chr1	159	11	249250621	4.41323e-08
chr1	160	9	249250621	3.61082e-08
chr1	161	6	249250621	2.40722e-08
chr1	162	7	249250621	2.80842e-08
chr1	163	10	249250621	4.01203e-08
chr1	164	4	249250621	1.60481e-08
chr1	165	6	249250621	2.40722e-08
chr1	166	8	249250621	3.20962e-08
chr1	167	8	249250621	3.20962e-08
chr1	168	6	249250621	2.40722e-08
chr1	169	3	249250621	1.20361e-08
chr1	170	5	249250621	2.00601e-08
chr1	171	9	249250621	3.61082e-08
chr1	172	6	249250621	2.40722e-08
chr1	173	5	249250621	2.00601e-08
chr1	174	4	249250621	1.60481e-08
chr1	175	9	249250621	3.61082e-08
chr1	176	4	249250621	1.60481e-08
chr1	177	1	249250621	4.01203e-09
chr1	178	9	249250621	3.61082e-08
chr1	179	4	249250621	1.60481e-08
chr1	180	4	249250621	1.60481e-08
chr1	181	3	249250621	1.20361e-08
chr1	182	3	249250621	1.20361e-08
chr1	183	4	249250621	1.60481e-08
chr1	184	6	249250621	2.40722e-08
chr1	185	4	249250621	1.60481e-08
chr1	186	2	249250621	8.02405e-09
chr1	187	1	249250621	4.01203e-09
chr1	188	3	249250621	1.20361e-08
chr1	189	3	249250621	1.20361e-08
chr1	191	3	249250621	1.20361e-08
chr1	193	3	249250621	1.20361e-08
chr1	194	2	249250621	8.02405e-09
chr1	195	1	249250621	4.01203e-09
chr1	198	2	249250621	8.02405e-09
chr1	199	1	249250621	4.01203e-09
chr1	201	1	249250621	4.01203e-09
chr1	202	2	249250621	8.02405e-09
chr1	203	2	249250621	8.02405e-09
chr1	204	1	249250621	4.01203e-09
chr1	205	1	249250621	4.01203e-09
chr2	0	240240540	243199373	0.987834
chr2	1	2875899	243199373	0.0118253
chr2	2	74086	243199373	0.000304631
chr2	3	3539	243199373	1.45518e-05
chr2	4	1693	243199373	6.96137e-06
chr2	5	1178	243199373	4.84376e-06
chr2	6	638	243199373	2.62336e-06
chr2	7	612	243199373	2.51645e-06
chr2	8	378	243199373	1.55428e-06
chr2	9	207	243199373	8.51154e-07
chr2	10	114	243199373	4.68751e-07
chr2	11	97	243199373	3.9885e-07
chr2	12	85	243199373	3.49507e-07
chr2	13	59	243199373	2.42599e-07
chr2	14	60	243199373	2.46711e-07
chr2	15	46	243199373	1.89145e-07
chr2	16	33	243199373	1.35691e-07
chr2	17	23	243199373	9.45726e-08
chr2	18	22	243199373	9.04608e-08
chr2	19	15	243199373	6.16778e-08
chr2	20	12	243199373	4.93422e-08
chr2	21	12	243199373	4.93422e-08
chr2	22	13	243199373	5.34541e-08
chr2	23	1	243199373	4.11185e-09
chr2	24	3	243199373	1.23356e-08
chr2	25	4	243199373	1.64474e-08
chr2	26	4	243199373	1.64474e-08
chr3	0	195323791	198022430	0.986372
chr3	1	2630712	198022430	0.0132849
chr3	2	66779	198022430	0.000337229
chr3	3	969	198022430	4.89338e-06
chr3	4	44	198022430	2.22197e-07
chr3	5	10	198022430	5.04993e-08
chr3	6	13	198022430	6.56491e-08
chr3	7	11	198022430	5.55493e-08
chr3	8	15	198022430	7.5749e-08
chr3	9	40	198022430	2.01997e-07
chr3	10	8	198022430	4.03995e-08
chr3	11	24	198022430	1.21198e-07
chr3	12	14	198022430	7.06991e-08
chr4	0	188973274	191154276	0.98859
chr4	1	2127871	191154276	0.0111317
chr4	2	51547	191154276	0.000269662
chr4	3	1231	191154276	6.43982e-06
chr4	4	216	191154276	1.12998e-06
chr4	5	95	191154276	4.96981e-07
chr4	6	41	191154276	2.14486e-07
chr4	7	1	191154276	5.23138e-09
chr5	0	178384072	180915260	0.986009
chr5	1	2462047	180915260	0.0136088
chr5	2	66745	180915260	0.00036893
chr5	3	1275	180915260	7.0475e-06
chr5	4	254	180915260	1.40397e-06
chr5	5	291	180915260	1.60849e-06
chr5	6	219	180915260	1.21051e-06
chr5	7	193	180915260	1.0668e-06
chr5	8	57	180915260	3.15065e-07
chr5	9	75	180915260	4.14559e-07
chr5	10	31	180915260	1.71351e-07
chr5	11	1	180915260	5.52745e-09
chr6	0	168882215	171115067	0.986951
chr6	1	2170669	171115067	0.0126854
chr6	2	57883	171115067	0.000338269
chr6	3	990	171115067	5.78558e-06
chr6	4	87	171115067	5.0843e-07
chr6	5	98	171115067	5.72714e-07
chr6	6	159	171115067	9.29199e-07
chr6	7	163	171115067	9.52575e-07
chr6	8	204	171115067	1.19218e-06
chr6	9	271	171115067	1.58373e-06
chr6	10	194	171115067	1.13374e-06
chr6	11	305	171115067	1.78243e-06
chr6	12	261	171115067	1.52529e-06
chr6	13	281	171115067	1.64217e-06
chr6	14	307	171115067	1.79411e-06
chr6	15	281	171115067	1.64217e-06
chr6	16	209	171115067	1.2214e-06
chr6	17	152	171115067	8.88291e-07
chr6	18	110	171115067	6.42842e-07
chr6	19	58	171115067	3.38953e-07
chr6	20	51	171115067	2.98045e-07
chr6	21	44	171115067	2.57137e-07
chr6	22	36	171115067	2.10385e-07
chr6	23	21	171115067	1.22724e-07
chr6	24	3	171115067	1.75321e-08
chr6	25	1	171115067	5.84402e-09
chr6	26	6	171115067	3.50641e-08
chr6	27	8	171115067	4.67522e-08
chr7	0	157101804	159138663	0.987201
chr7	1	1980766	159138663	0.0124468
chr7	2	53308	159138663	0.000334978
chr7	3	1154	159138663	7.25154e-06
chr7	4	189	159138663	1.18764e-06
chr7	5	131	159138663	8.23181e-07
chr7	6	81	159138663	5.0899e-07
chr7	7	42	159138663	2.63921e-07
chr7	8	63	159138663	3.95881e-07
chr7	9	72	159138663	4.52436e-07
chr7	10	44	159138663	2.76488e-07
chr7	11	38	159138663	2.38785e-07
chr7	12	31	159138663	1.94799e-07
chr7	13	44	159138663	2.76488e-07
chr7	14	23	159138663	1.44528e-07
chr7	15	51	159138663	3.20475e-07
chr7	16	96	159138663	6.03248e-07
chr7	17	47	159138663	2.9534e-07
chr7	18	40	159138663	2.51353e-07
chr7	19	44	159138663	2.76488e-07
chr7	20	38	159138663	2.38785e-07
chr7	21	28	159138663	1.75947e-07
chr7	22	26	159138663	1.6338e-07
chr7	23	26	159138663	1.6338e-07
chr7	24	43	159138663	2.70205e-07
chr7	25	47	159138663	2.9534e-07
chr7	26	53	159138663	3.33043e-07
chr7	27	43	159138663	2.70205e-07
chr7	28	20	159138663	1.25677e-07
chr7	29	15	159138663	9.42574e-08
chr7	30	32	159138663	2.01083e-07
chr7	31	27	159138663	1.69663e-07
chr7	32	24	159138663	1.50812e-07
chr7	33	35	159138663	2.19934e-07
chr7	34	46	159138663	2.89056e-07
chr7	35	22	159138663	1.38244e-07
chr7	36	12	159138663	7.54059e-08
chr7	37	8	159138663	5.02706e-08
chr7	38	8	159138663	5.02706e-08
chr7	39	5	159138663	3.14191e-08
chr7	40	9	159138663	5.65545e-08
chr7	41	5	159138663	3.14191e-08
chr7	42	1	159138663	6.28383e-09
chr7	43	10	159138663	6.28383e-08
chr7	45	4	159138663	2.51353e-08
chr7	46	3	159138663	1.88515e-08
chr7	47	3	159138663	1.88515e-08
chr7	48	1	159138663	6.28383e-09
chr7	49	1	159138663	6.28383e-09
chr8	0	144588801	146364022	0.987871
chr8	1	1723311	146364022	0.0117741
chr8	2	47965	146364022	0.00032771
chr8	3	2164	146364022	1.47851e-05
chr8	4	842	146364022	5.75278e-06
chr8	5	322	146364022	2.19999e-06
chr8	6	241	146364022	1.64658e-06
chr8	7	230	146364022	1.57142e-06
chr8	8	71	146364022	4.85092e-07
chr8	9	27	146364022	1.84472e-07
chr8	10	24	146364022	1.63975e-07
chr8	11	13	146364022	8.88196e-08
chr8	12	4	146364022	2.73291e-08
chr8	13	7	146364022	4.7826e-08
chr9	0	139674212	141213431	0.9891
chr9	1	1495867	141213431	0.010593
chr9	2	41748	141213431	0.000295638
chr9	3	1185	141213431	8.39155e-06
chr9	4	264	141213431	1.86951e-06
chr9	5	86	141213431	6.09007e-07
chr9	6	10	141213431	7.08148e-08
chr9	7	18	141213431	1.27467e-07
chr9	8	8	141213431	5.66518e-08
chr9	9	7	141213431	4.95704e-08
chr9	10	7	141213431	4.95704e-08
chr9	11	15	141213431	1.06222e-07
chr9	12	4	141213431	2.83259e-08
chr10	0	133776611	135534747	0.987028
chr10	1	1691960	135534747	0.0124836
chr10	2	52805	135534747	0.000389605
chr10	3	3373	135534747	2.48866e-05
chr10	4	1736	135534747	1.28085e-05
chr10	5	1142	135534747	8.42588e-06
chr10	6	834	135534747	6.1534e-06
chr10	7	740	135534747	5.45985e-06
chr10	8	691	135534747	5.09832e-06
chr10	9	554	135534747	4.08751e-06
chr10	10	528	135534747	3.89568e-06
chr10	11	364	135534747	2.68566e-06
chr10	12	320	135534747	2.36102e-06
chr10	13	330	135534747	2.4348e-06
chr10	14	270	135534747	1.99211e-06
chr10	15	276	135534747	2.03638e-06
chr10	16	253	135534747	1.86668e-06
chr10	17	250	135534747	1.84455e-06
chr10	18	162	135534747	1.19527e-06
chr10	19	167	135534747	1.23216e-06
chr10	20	111	135534747	8.18978e-07
chr10	21	87	135534747	6.41902e-07
chr10	22	80	135534747	5.90255e-07
chr10	23	86	135534747	6.34524e-07
chr10	24	91	135534747	6.71415e-07
chr10	25	69	135534747	5.09095e-07
chr10	26	79	135534747	5.82876e-07
chr10	27	51	135534747	3.76287e-07
chr10	28	42	135534747	3.09884e-07
chr10	29	39	135534747	2.87749e-07
chr10	30	50	135534747	3.68909e-07
chr10	31	50	135534747	3.68909e-07
chr10	32	80	135534747	5.90255e-07
chr10	33	54	135534747	3.98422e-07
chr10	34	45	135534747	3.32018e-07
chr10	35	28	135534747	2.06589e-07
chr10	36	18	135534747	1.32807e-07
chr10	37	25	135534747	1.84455e-07
chr10	38	31	135534747	2.28724e-07
chr10	39	27	135534747	1.99211e-07
chr10	40	32	135534747	2.36102e-07
chr10	41	26	135534747	1.91833e-07
chr10	42	37	135534747	2.72993e-07
chr10	43	28	135534747	2.06589e-07
chr10	44	26	135534747	1.91833e-07
chr10	45	19	135534747	1.40185e-07
chr10	46	16	135534747	1.18051e-07
chr10	47	22	135534747	1.6232e-07
chr10	48	10	135534747	7.37818e-08
chr10	49	10	135534747	7.37818e-08
chr10	50	7	135534747	5.16473e-08
chr10	51	4	135534747	2.95127e-08
chr10	53	1	135534747	7.37818e-09
chr11	0	133303742	135006516	0.987388
chr11	1	1654042	135006516	0.0122516
chr11	2	45184	135006516	0.00033468
chr11	3	1690	135006516	1.25179e-05
chr11	4	501	135006516	3.71093e-06
chr11	5	326	135006516	2.4147e-06
chr11	6	197	135006516	1.45919e-06
chr11	7	160	135006516	1.18513e-06
chr11	8	112	135006516	8.2959e-07
chr11	9	112	135006516	8.2959e-07
chr11	10	104	135006516	7.70333e-07
chr11	11	78	135006516	5.7775e-07
chr11	12	90	135006516	6.66634e-07
chr11	13	34	135006516	2.5184e-07
chr11	14	39	135006516	2.88875e-07
chr11	15	15	135006516	1.11106e-07
chr11	16	14	135006516	1.03699e-07
chr11	17	9	135006516	6.66635e-08
chr11	18	34	135006516	2.5184e-07
chr11	19	12	135006516	8.88846e-08
chr11	20	19	135006516	1.40734e-07
chr11	21	2	135006516	1.48141e-08
chr12	0	132085208	133851895	0.986801
chr12	1	1719359	133851895	0.0128452
chr12	2	46189	133851895	0.000345075
chr12	3	946	133851895	7.06751e-06
chr12	4	39	133851895	2.91367e-07
chr12	5	40	133851895	2.98838e-07
chr12	6	26	133851895	1.94245e-07
chr12	7	34	133851895	2.54012e-07
chr12	8	29	133851895	2.16657e-07
chr12	9	15	133851895	1.12064e-07
chr12	10	2	133851895	1.49419e-08
chr12	11	8	133851895	5.97676e-08
chr13	0	113990705	115169878	0.989761
chr13	1	1151756	115169878	0.0100005
chr13	2	26765	115169878	0.000232396
chr13	3	563	115169878	4.88843e-06
chr13	4	30	115169878	2.60485e-07
chr13	5	49	115169878	4.25458e-07
chr13	6	10	115169878	8.68283e-08
chr14	0	106142514	107349540	0.988756
chr14	1	1173858	107349540	0.0109349
chr14	2	32762	107349540	0.00030519
chr14	3	406	107349540	3.78204e-06
chr15	0	101466925	102531392	0.989618
chr15	1	1035314	102531392	0.0100975
chr15	2	28823	102531392	0.000281114
chr15	3	330	102531392	3.21853e-06
chr16	0	89236443	90354753	0.987623
chr16	1	1064330	90354753	0.0117795
chr16	2	41216	90354753	0.000456158
chr16	3	4982	90354753	5.51382e-05
chr16	4	2656	90354753	2.93952e-05
chr16	5	1765	90354753	1.95341e-05
chr16	6	1221	90354753	1.35134e-05
chr16	7	719	90354753	7.95752e-06
chr16	8	396	90354753	4.38272e-06
chr16	9	360	90354753	3.9843e-06
chr16	10	225	90354753	2.49018e-06
chr16	11	141	90354753	1.56052e-06
chr16	12	120	90354753	1.3281e-06
chr16	13	96	90354753	1.06248e-06
chr16	14	47	90354753	5.20172e-07
chr16	15	17	90354753	1.88147e-07
chr16	16	9	90354753	9.96074e-08
chr16	17	6	90354753	6.64049e-08
chr16	19	2	90354753	2.2135e-08
chr16	20	2	90354753	2.2135e-08
chr17	0	80137785	81195210	0.986977
chr17	1	1018153	81195210	0.0125396
chr17	2	35097	81195210	0.000432255
chr17	3	1635	81195210	2.01367e-05
chr17	4	696	81195210	8.57193e-06
chr17	5	465	81195210	5.72694e-06
chr17	6	263	81195210	3.23911e-06
chr17	7	331	81195210	4.0766e-06
chr17	8	166	81195210	2.04446e-06
chr17	9	110	81195210	1.35476e-06
chr17	10	67	81195210	8.25172e-07
chr17	11	46	81195210	5.66536e-07
chr17	12	66	81195210	8.12856e-07
chr17	13	61	81195210	7.51276e-07
chr17	14	60	81195210	7.3896e-07
chr17	15	27	81195210	3.32532e-07
chr17	16	19	81195210	2.34004e-07
chr17	17	25	81195210	3.079e-07
chr17	18	25	81195210	3.079e-07
chr17	19	11	81195210	1.35476e-07
chr17	20	10	81195210	1.2316e-07
chr17	21	9	81195210	1.10844e-07
chr17	22	7	81195210	8.6212e-08
chr17	23	12	81195210	1.47792e-07
chr17	24	11	81195210	1.35476e-07
chr17	26	2	81195210	2.4632e-08
chr17	27	1	81195210	1.2316e-08
chr17	29	1	81195210	1.2316e-08
chr17	30	1	81195210	1.2316e-08
chr17	32	2	81195210	2.4632e-08
chr17	33	7	81195210	8.6212e-08
chr17	34	6	81195210	7.3896e-08
chr17	35	1	81195210	1.2316e-08
chr17	36	8	81195210	9.8528e-08
chr17	37	1	81195210	1.2316e-08
chr17	38	1	81195210	1.2316e-08
chr17	39	3	81195210	3.6948e-08
chr17	40	3	81195210	3.6948e-08
chr17	41	4	81195210	4.9264e-08
chr17	42	5	81195210	6.158e-08
chr17	43	5	81195210	6.158e-08
chr17	44	2	81195210	2.4632e-08
chr18	0	77032364	78077248	0.986617
chr18	1	1012507	78077248	0.012968
chr18	2	29285	78077248	0.000375077
chr18	3	1205	78077248	1.54334e-05
chr18	4	564	78077248	7.22362e-06
chr18	5	413	78077248	5.28963e-06
chr18	6	285	78077248	3.65023e-06
chr18	7	205	78077248	2.6256e-06
chr18	8	180	78077248	2.30541e-06
chr18	9	113	78077248	1.44728e-06
chr18	10	44	78077248	5.63544e-07
chr18	11	31	78077248	3.97043e-07
chr18	12	34	78077248	4.35466e-07
chr18	13	6	78077248	7.6847e-08
chr18	14	12	78077248	1.53694e-07
chr19	0	58380470	59128983	0.987341
chr19	1	719933	59128983	0.0121756
chr19	2	25663	59128983	0.000434017
chr19	3	690	59128983	1.16694e-05
chr19	4	331	59128983	5.59793e-06
chr19	5	212	59128983	3.58538e-06
chr19	6	242	59128983	4.09275e-06
chr19	7	307	59128983	5.19204e-06
chr19	8	115	59128983	1.9449e-06
chr19	9	94	59128983	1.58974e-06
chr19	10	104	59128983	1.75887e-06
chr19	11	57	59128983	9.63994e-07
chr19	12	90	59128983	1.5221e-06
chr19	13	71	59128983	1.20076e-06
chr19	14	38	59128983	6.42663e-07
chr19	15	43	59128983	7.27224e-07
chr19	16	45	59128983	7.61048e-07
chr19	17	33	59128983	5.58102e-07
chr19	18	39	59128983	6.59575e-07
chr19	19	38	59128983	6.42663e-07
chr19	20	13	59128983	2.19858e-07
chr19	21	21	59128983	3.55156e-07
chr19	22	3	59128983	5.07365e-08
chr19	23	7	59128983	1.18385e-07
chr19	24	6	59128983	1.01473e-07
chr19	25	8	59128983	1.35297e-07
chr19	26	4	59128983	6.76487e-08
chr19	27	5	59128983	8.45609e-08
chr19	28	7	59128983	1.18385e-07
chr19	29	11	59128983	1.86034e-07
chr19	30	11	59128983	1.86034e-07
chr19	31	1	59128983	1.69122e-08
chr19	32	3	59128983	5.07365e-08
chr19	33	1	59128983	1.69122e-08
chr19	34	3	59128983	5.07365e-08
chr19	35	8	59128983	1.35297e-07
chr19	36	15	59128983	2.53683e-07
chr19	37	4	59128983	6.76487e-08
chr19	38	9	59128983	1.5221e-07
chr19	39	5	59128983	8.45609e-08
chr19	40	10	59128983	1.69122e-07
chr19	41	7	59128983	1.18385e-07
chr19	42	17	59128983	2.87507e-07
chr19	43	1	59128983	1.69122e-08
chr19	44	4	59128983	6.76487e-08
chr19	45	11	59128983	1.86034e-07
chr19	46	4	59128983	6.76487e-08
chr19	47	7	59128983	1.18385e-07
chr19	48	13	59128983	2.19858e-07
chr19	49	5	59128983	8.45609e-08
chr19	50	9	59128983	1.5221e-07
chr19	51	16	59128983	2.70595e-07
chr19	52	28	59128983	4.73541e-07
chr19	53	16	59128983	2.70595e-07
chr19	54	6	59128983	1.01473e-07
chr19	55	1	59128983	1.69122e-08
chr19	56	2	59128983	3.38244e-08
chr19	57	5	59128983	8.45609e-08
chr19	58	5	59128983	8.45609e-08
chr19	59	4	59128983	6.76487e-08
chr19	60	8	59128983	1.35297e-07
chr19	61	9	59128983	1.5221e-07
chr19	63	6	59128983	1.01473e-07
chr19	64	1	59128983	1.69122e-08
chr19	65	4	59128983	6.76487e-08
chr19	66	4	59128983	6.76487e-08
chr19	67	2	59128983	3.38244e-08
chr19	68	2	59128983	3.38244e-08
chr19	69	3	59128983	5.07365e-08
chr19	70	4	59128983	6.76487e-08
chr19	72	2	59128983	3.38244e-08
chr19	73	2	59128983	3.38244e-08
chr19	74	2	59128983	3.38244e-08
chr19	76	1	59128983	1.69122e-08
chr19	80	2	59128983	3.38244e-08
chr20	0	62134918	63025520	0.985869
chr20	1	860809	63025520	0.0136581
chr20	2	29188	63025520	0.000463114
chr20	3	605	63025520	9.59929e-06
chr21	0	47631072	48129895	0.989636
chr21	1	484151	48129895	0.0100593
chr21	2	14322	48129895	0.00029757
chr21	3	304	48129895	6.31624e-06
chr21	4	37	48129895	7.68753e-07
chr21	5	9	48129895	1.86994e-07
chr22	0	50809712	51304566	0.990355
chr22	1	476963	51304566	0.0092967
chr22	2	17592	51304566	0.000342893
chr22	3	293	51304566	5.71099e-06
chr22	4	6	51304566	1.16949e-07
chrX	0	153153336	155270560	0.986364
chrX	1	2048561	155270560	0.0131935
chrX	2	60360	155270560	0.000388741
chrX	3	4399	155270560	2.83312e-05
chrX	4	1913	155270560	1.23204e-05
chrX	5	1035	155270560	6.66578e-06
chrX	6	465	155270560	2.99477e-06
chrX	7	218	155270560	1.404e-06
chrX	8	146	155270560	9.40294e-07
chrX	9	60	155270560	3.86422e-07
chrX	10	29	155270560	1.86771e-07
chrX	11	25	155270560	1.61009e-07
chrX	12	13	155270560	8.37248e-08
chrY	0	59327938	59373566	0.999231
chrY	1	41936	59373566	0.000706308
chrY	2	2723	59373566	4.58622e-05
chrY	3	541	59373566	9.1118e-06
chrY	4	230	59373566	3.87378e-06
chrY	5	136	59373566	2.29058e-06
chrY	6	39	59373566	6.56858e-07
chrY	7	23	59373566	3.87378e-07
chr1_gl000191_random	0	105683	106433	0.992953
chr1_gl000191_random	1	700	106433	0.00657691
chr1_gl000191_random	2	50	106433	0.000469779
chr1_gl000192_random	0	539229	547496	0.9849
chr1_gl000192_random	1	8134	547496	0.0148567
chr1_gl000192_random	2	133	547496	0.000242924
chr4_ctg9_hap1	0	587365	590426	0.994816
chr4_ctg9_hap1	1	3022	590426	0.00511834
chr4_ctg9_hap1	2	39	590426	6.6054e-05
chr4_gl000193_random	0	183347	189789	0.966057
chr4_gl000193_random	1	5647	189789	0.0297541
chr4_gl000193_random	2	652	189789	0.00343539
chr4_gl000193_random	3	79	189789	0.000416252
chr4_gl000193_random	4	58	189789	0.000305603
chr4_gl000193_random	5	6	189789	3.16141e-05
chr4_gl000194_random	0	185533	191469	0.968998
chr4_gl000194_random	1	5690	191469	0.0297176
chr4_gl000194_random	2	228	191469	0.00119079
chr4_gl000194_random	3	18	191469	9.401e-05
chr6_apd_hap1	0	4617836	4622290	0.999036
chr6_apd_hap1	1	4308	4622290	0.000932006
chr6_apd_hap1	2	146	4622290	3.15861e-05
chr6_cox_hap2	0	4784317	4795371	0.997695
chr6_cox_hap2	1	10674	4795371	0.0022259
chr6_cox_hap2	2	364	4795371	7.59065e-05
chr6_cox_hap2	3	16	4795371	3.33655e-06
chr6_dbb_hap3	0	4600420	4610396	0.997836
chr6_dbb_hap3	1	9702	4610396	0.00210437
chr6_dbb_hap3	2	274	4610396	5.94309e-05
chr6_mann_hap4	0	4675584	4683263	0.99836
chr6_mann_hap4	1	7608	4683263	0.00162451
chr6_mann_hap4	2	71	4683263	1.51604e-05
chr6_mcf_hap5	0	4824046	4833398	0.998065
chr6_mcf_hap5	1	8854	4833398	0.00183184
chr6_mcf_hap5	2	498	4833398	0.000103033
chr6_qbl_hap6	0	4602383	4611984	0.997918
chr6_qbl_hap6	1	9452	4611984	0.00204944
chr6_qbl_hap6	2	149	4611984	3.23071e-05
chr6_ssto_hap7	0	4919355	4928567	0.998131
chr6_ssto_hap7	1	8824	4928567	0.00179038
chr6_ssto_hap7	2	388	4928567	7.87247e-05
chr7_gl000195_random	0	173659	182896	0.949496
chr7_gl000195_random	1	9024	182896	0.0493395
chr7_gl000195_random	2	213	182896	0.0011646
chr8_gl000196_random	0	38523	38914	0.989952
chr8_gl000196_random	1	382	38914	0.00981652
chr8_gl000196_random	2	9	38914	0.000231279
chr8_gl000197_random	0	36975	37175	0.99462
chr8_gl000197_random	1	200	37175	0.00537996
chr9_gl000198_random	0	86689	90085	0.962302
chr9_gl000198_random	1	3292	90085	0.0365433
chr9_gl000198_random	2	104	90085	0.00115447
chr9_gl000199_random	0	148870	169874	0.876355
chr9_gl000199_random	1	15844	169874	0.0932691
chr9_gl000199_random	2	3388	169874	0.0199442
chr9_gl000199_random	3	885	169874	0.00520974
chr9_gl000199_random	4	416	169874	0.00244887
chr9_gl000199_random	5	197	169874	0.00115968
chr9_gl000199_random	6	102	169874	0.000600445
chr9_gl000199_random	7	81	169874	0.000476824
chr9_gl000199_random	8	35	169874	0.000206035
chr9_gl000199_random	9	20	169874	0.000117734
chr9_gl000199_random	10	22	169874	0.000129508
chr9_gl000199_random	11	3	169874	1.76601e-05
chr9_gl000199_random	12	9	169874	5.29804e-05
chr9_gl000199_random	13	2	169874	1.17734e-05
chr9_gl000200_random	0	186207	187035	0.995573
chr9_gl000200_random	1	806	187035	0.00430935
chr9_gl000200_random	2	22	187035	0.000117625
chr9_gl000201_random	0	35948	36148	0.994467
chr9_gl000201_random	1	200	36148	0.00553281
chr11_gl000202_random	0	40053	40103	0.998753
chr11_gl000202_random	1	50	40103	0.00124679
chr17_ctg5_hap1	0	1669084	1680828	0.993013
chr17_ctg5_hap1	1	11299	1680828	0.00672228
chr17_ctg5_hap1	2	384	1680828	0.000228459
chr17_ctg5_hap1	3	61	1680828	3.62916e-05
chr17_gl000203_random	0	37098	37498	0.989333
chr17_gl000203_random	1	400	37498	0.0106672
chr17_gl000204_random	0	80258	81310	0.987062
chr17_gl000204_random	1	1004	81310	0.0123478
chr17_gl000204_random	2	48	81310	0.000590333
chr17_gl000205_random	0	164668	174588	0.943181
chr17_gl000205_random	1	9201	174588	0.0527012
chr17_gl000205_random	2	658	174588	0.00376887
chr17_gl000205_random	3	61	174588	0.000349394
chr17_gl000206_random	0	40901	41001	0.997561
chr17_gl000206_random	1	100	41001	0.00243896
chr18_gl000207_random	0	4162	4262	0.976537
chr18_gl000207_random	1	100	4262	0.0234632
chr19_gl000208_random	0	88945	92689	0.959607
chr19_gl000208_random	1	3509	92689	0.0378578
chr19_gl000208_random	2	214	92689	0.0023088
chr19_gl000208_random	3	21	92689	0.000226564
chr19_gl000209_random	0	158719	159169	0.997173
chr19_gl000209_random	1	450	159169	0.00282718
chr21_gl000210_random	0	27479	27682	0.992667
chr21_gl000210_random	1	156	27682	0.00563543
chr21_gl000210_random	2	47	27682	0.00169785
chrUn_gl000211	0	163316	166566	0.980488
chrUn_gl000211	1	3200	166566	0.0192116
chrUn_gl000211	2	50	166566	0.000300181
chrUn_gl000212	0	182836	186858	0.978476
chrUn_gl000212	1	3790	186858	0.0202828
chrUn_gl000212	2	186	186858	0.000995408
chrUn_gl000212	3	46	186858	0.000246176
chrUn_gl000213	0	162824	164239	0.991385
chrUn_gl000213	1	1330	164239	0.00809796
chrUn_gl000213	2	85	164239	0.000517538
chrUn_gl000214	0	128643	137718	0.934105
chrUn_gl000214	1	8207	137718	0.0595928
chrUn_gl000214	2	811	137718	0.00588885
chrUn_gl000214	3	57	137718	0.000413889
chrUn_gl000215	0	171323	172545	0.992918
chrUn_gl000215	1	1094	172545	0.00634038
chrUn_gl000215	2	128	172545	0.000741835
chrUn_gl000216	0	163773	172294	0.950544
chrUn_gl000216	1	6613	172294	0.0383821
chrUn_gl000216	2	1100	172294	0.00638444
chrUn_gl000216	3	452	172294	0.00262342
chrUn_gl000216	4	164	172294	0.000951861
chrUn_gl000216	5	104	172294	0.000603619
chrUn_gl000216	6	61	172294	0.000354046
chrUn_gl000216	7	27	172294	0.000156709
chrUn_gl000217	0	168561	172149	0.979158
chrUn_gl000217	1	3385	172149	0.0196632
chrUn_gl000217	2	194	172149	0.00112693
chrUn_gl000217	3	9	172149	5.22803e-05
chrUn_gl000218	0	155279	161147	0.963586
chrUn_gl000218	1	5605	161147	0.0347819
chrUn_gl000218	2	244	161147	0.00151415
chrUn_gl000218	3	19	161147	0.000117905
chrUn_gl000219	0	172432	179198	0.962243
chrUn_gl000219	1	6482	179198	0.0361723
chrUn_gl000219	2	284	179198	0.00158484
chrUn_gl000220	0	120491	161802	0.744682
chrUn_gl000220	1	15352	161802	0.0948814
chrUn_gl000220	2	7078	161802	0.0437448
chrUn_gl000220	3	5237	161802	0.0323667
chrUn_gl000220	4	4205	161802	0.0259886
chrUn_gl000220	5	3348	161802	0.020692
chrUn_gl000220	6	2203	161802	0.0136154
chrUn_gl000220	7	1650	161802	0.0101976
chrUn_gl000220	8	1093	161802	0.00675517
chrUn_gl000220	9	581	161802	0.00359081
chrUn_gl000220	10	314	161802	0.00194064
chrUn_gl000220	11	127	161802	0.00078491
chrUn_gl000220	12	70	161802	0.000432628
chrUn_gl000220	13	44	161802	0.000271937
chrUn_gl000220	14	4	161802	2.47216e-05
chrUn_gl000220	15	5	161802	3.0902e-05
chrUn_gl000221	0	150908	155397	0.971113
chrUn_gl000221	1	4278	155397	0.0275295
chrUn_gl000221	2	211	155397	0.00135781
chrUn_gl000222	0	184404	186861	0.986851
chrUn_gl000222	1	2414	186861	0.0129187
chrUn_gl000222	2	43	186861	0.000230118
chrUn_gl000223	0	179170	180455	0.992879
chrUn_gl000223	1	1270	180455	0.00703777
chrUn_gl000223	2	15	180455	8.31232e-05
chrUn_gl000224	0	167198	179693	0.930465
chrUn_gl000224	1	9757	179693	0.0542982
chrUn_gl000224	2	1856	179693	0.0103287
chrUn_gl000224	3	671	179693	0.00373415
chrUn_gl000224	4	187	179693	0.00104066
chrUn_gl000224	5	24	179693	0.000133561
chrUn_gl000225	0	192361	211173	0.910917
chrUn_gl000225	1	14399	211173	0.0681858
chrUn_gl000225	2	2574	211173	0.0121891
chrUn_gl000225	3	875	211173	0.00414352
chrUn_gl000225	4	417	211173	0.00197468
chrUn_gl000225	5	291	211173	0.00137802
chrUn_gl000225	6	130	211173	0.000615609
chrUn_gl000225	7	63	211173	0.000298334
chrUn_gl000225	8	45	211173	0.000213095
chrUn_gl000225	9	7	211173	3.31482e-05
chrUn_gl000225	10	10	211173	4.73545e-05
chrUn_gl000225	11	1	211173	4.73545e-06
chrUn_gl000226	0	1764	15008	0.117537
chrUn_gl000226	1	1885	15008	0.1256
chrUn_gl000226	2	1545	15008	0.102945
chrUn_gl000226	3	1492	15008	0.0994136
chrUn_gl000226	4	1260	15008	0.0839552
chrUn_gl000226	5	1256	15008	0.0836887
chrUn_gl000226	6	1088	15008	0.0724947
chrUn_gl000226	7	895	15008	0.0596349
chrUn_gl000226	8	774	15008	0.0515725
chrUn_gl000226	9	713	15008	0.047508
chrUn_gl000226	10	528	15008	0.0351812
chrUn_gl000226	11	479	15008	0.0319163
chrUn_gl000226	12	368	15008	0.0245203
chrUn_gl000226	13	267	15008	0.0177905
chrUn_gl000226	14	170	15008	0.0113273
chrUn_gl000226	15	156	15008	0.0103945
chrUn_gl000226	16	86	15008	0.00573028
chrUn_gl000226	17	84	15008	0.00559701
chrUn_gl000226	18	71	15008	0.00473081
chrUn_gl000226	19	40	15008	0.00266525
chrUn_gl000226	20	35	15008	0.00233209
chrUn_gl000226	21	12	15008	0.000799574
chrUn_gl000226	22	16	15008	0.0010661
chrUn_gl000226	23	10	15008	0.000666311
chrUn_gl000226	24	5	15008	0.000333156
chrUn_gl000226	25	9	15008	0.00059968
chrUn_gl000227	0	127236	128374	0.991135
chrUn_gl000227	1	1048	128374	0.00816365
chrUn_gl000227	2	68	128374	0.000529702
chrUn_gl000227	3	22	128374	0.000171374
chrUn_gl000228	0	126087	129120	0.97651
chrUn_gl000228	1	1849	129120	0.01432
chrUn_gl000228	2	347	129120	0.00268742
chrUn_gl000228	3	230	129120	0.00178129
chrUn_gl000228	4	170	129120	0.0013166
chrUn_gl000228	5	154	129120	0.00119269
chrUn_gl000228	6	62	129120	0.000480173
chrUn_gl000228	7	65	129120	0.000503408
chrUn_gl000228	8	67	129120	0.000518897
chrUn_gl000228	9	44	129120	0.000340768
chrUn_gl000228	10	20	129120	0.000154895
chrUn_gl000228	11	9	129120	6.97026e-05
chrUn_gl000228	12	1	129120	7.74473e-06
chrUn_gl000228	13	13	129120	0.000100682
chrUn_gl000228	14	2	129120	1.54895e-05
chrUn_gl000229	0	19004	19913	0.954351
chrUn_gl000229	1	818	19913	0.0410787
chrUn_gl000229	2	91	19913	0.00456988
chrUn_gl000230	0	42841	43691	0.980545
chrUn_gl000230	1	850	43691	0.0194548
chrUn_gl000231	0	26404	27386	0.964142
chrUn_gl000231	1	964	27386	0.0352005
chrUn_gl000231	2	18	27386	0.00065727
chrUn_gl000232	0	38284	40652	0.94175
chrUn_gl000232	1	2286	40652	0.0562334
chrUn_gl000232	2	82	40652	0.00201712
chrUn_gl000233	0	44631	45941	0.971485
chrUn_gl000233	1	1270	45941	0.0276442
chrUn_gl000233	2	40	45941	0.000870682
chrUn_gl000234	0	38377	40531	0.946855
chrUn_gl000234	1	1910	40531	0.0471244
chrUn_gl000234	2	192	40531	0.00473711
chrUn_gl000234	3	52	40531	0.00128297
chrUn_gl000235	0	33369	34474	0.967947
chrUn_gl000235	1	1060	34474	0.0307478
chrUn_gl000235	2	45	34474	0.00130533
chrUn_gl000236	0	41588	41934	0.991749
chrUn_gl000236	1	292	41934	0.00696332
chrUn_gl000236	2	54	41934	0.00128774
chrUn_gl000237	0	43321	45867	0.944492
chrUn_gl000237	1	2442	45867	0.0532409
chrUn_gl000237	2	104	45867	0.00226743
chrUn_gl000238	0	39789	39939	0.996244
chrUn_gl000238	1	150	39939	0.00375573
chrUn_gl000239	0	32160	33824	0.950804
chrUn_gl000239	1	1628	33824	0.0481315
chrUn_gl000239	2	36	33824	0.00106433
chrUn_gl000240	0	41158	41933	0.981518
chrUn_gl000240	1	750	41933	0.0178857
chrUn_gl000240	2	25	41933	0.000596189
chrUn_gl000241	0	39555	42152	0.93839
chrUn_gl000241	1	2304	42152	0.0546593
chrUn_gl000241	2	283	42152	0.0067138
chrUn_gl000241	3	10	42152	0.000237237
chrUn_gl000242	0	43223	43523	0.993107
chrUn_gl000242	1	300	43523	0.00689291
chrUn_gl000243	0	42057	43341	0.970374
chrUn_gl000243	1	1168	43341	0.0269491
chrUn_gl000243	2	116	43341	0.00267645
chrUn_gl000244	0	39099	39929	0.979213
chrUn_gl000244	1	760	39929	0.0190338
chrUn_gl000244	2	70	39929	0.00175311
chrUn_gl000245	0	35651	36651	0.972716
chrUn_gl000245	1	1000	36651	0.0272844
chrUn_gl000246	0	38004	38154	0.996069
chrUn_gl000246	1	150	38154	0.00393144
chrUn_gl000247	0	35722	36422	0.980781
chrUn_gl000247	1	700	36422	0.0192192
chrUn_gl000248	0	39686	39786	0.997487
chrUn_gl000248	1	100	39786	0.00251345
chrUn_gl000249	0	38152	38502	0.99091
chrUn_gl000249	1	350	38502	0.00909044
genome	0	3099040104	3137161264	0.987849
genome	1	36920732	3137161264	0.0117688
genome	2	1064613	3137161264	0.000339356
genome	3	47448	3137161264	1.51245e-05
genome	4	20218	3137161264	6.44468e-06
genome	5	13944	3137161264	4.44478e-06
genome	6	9719	3137161264	3.09802e-06
genome	7	8243	3137161264	2.62753e-06
genome	8	6332	3137161264	2.01839e-06
genome	9	5298	3137161264	1.68879e-06
genome	10	4278	3137161264	1.36365e-06
genome	11	3565	3137161264	1.13638e-06
genome	12	2981	3137161264	9.50222e-07
genome	13	2510	3137161264	8.00086e-07
genome	14	1882	3137161264	5.99905e-07
genome	15	1612	3137161264	5.1384e-07
genome	16	1270	3137161264	4.04825e-07
genome	17	1009	3137161264	3.21628e-07
genome	18	746	3137161264	2.37795e-07
genome	19	543	3137161264	1.73086e-07
genome	20	386	3137161264	1.23041e-07
genome	21	340	3137161264	1.08378e-07
genome	22	246	3137161264	7.84148e-08
genome	23	225	3137161264	7.17209e-08
genome	24	187	3137161264	5.9608e-08
genome	25	168	3137161264	5.35516e-08
genome	26	168	3137161264	5.35516e-08
genome	27	128	3137161264	4.08012e-08
genome	28	74	3137161264	2.35882e-08
genome	29	73	3137161264	2.32694e-08
genome	30	102	3137161264	3.25135e-08
genome	31	88	3137161264	2.80508e-08
genome	32	134	3137161264	4.27138e-08
genome	33	105	3137161264	3.34697e-08
genome	34	139	3137161264	4.43076e-08
genome	35	85	3137161264	2.70946e-08
genome	36	82	3137161264	2.61383e-08
genome	37	56	3137161264	1.78505e-08
genome	38	62	3137161264	1.97631e-08
genome	39	52	3137161264	1.65755e-08
genome	40	72	3137161264	2.29507e-08
genome	41	53	3137161264	1.68943e-08
genome	42	73	3137161264	2.32694e-08
genome	43	56	3137161264	1.78505e-08
genome	44	45	3137161264	1.43442e-08
genome	45	43	3137161264	1.37067e-08
genome	46	43	3137161264	1.37067e-08
genome	47	42	3137161264	1.33879e-08
genome	48	45	3137161264	1.43442e-08
genome	49	30	3137161264	9.56279e-09
genome	50	20	3137161264	6.37519e-09
genome	51	35	3137161264	1.11566e-08
genome	52	44	3137161264	1.40254e-08
genome	53	32	3137161264	1.02003e-08
genome	54	24	3137161264	7.65023e-09
genome	55	29	3137161264	9.24403e-09
genome	56	19	3137161264	6.05643e-09
genome	57	11	3137161264	3.50635e-09
genome	58	32	3137161264	1.02003e-08
genome	59	14	3137161264	4.46263e-09
genome	60	25	3137161264	7.96899e-09
genome	61	14	3137161264	4.46263e-09
genome	62	14	3137161264	4.46263e-09
genome	63	22	3137161264	7.01271e-09
genome	64	17	3137161264	5.41891e-09
genome	65	10	3137161264	3.1876e-09
genome	66	15	3137161264	4.78139e-09
genome	67	5	3137161264	1.5938e-09
genome	68	8	3137161264	2.55008e-09
genome	69	4	3137161264	1.27504e-09
genome	70	7	3137161264	2.23132e-09
genome	71	2	3137161264	6.37519e-10
genome	72	2	3137161264	6.37519e-10
genome	73	2	3137161264	6.37519e-10
genome	74	6	3137161264	1.91256e-09
genome	75	3	3137161264	9.56279e-10
genome	76	7	3137161264	2.23132e-09
genome	77	2	3137161264	6.37519e-10
genome	80	3	3137161264	9.56279e-10
genome	81	1	3137161264	3.1876e-10
genome	82	1	3137161264	3.1876e-10
genome	86	5	3137161264	1.5938e-09
genome	87	10	3137161264	3.1876e-09
genome	88	9	3137161264	2.86884e-09
genome	89	10	3137161264	3.1876e-09
genome	90	2	3137161264	6.37519e-10
genome	91	5	3137161264	1.5938e-09
genome	92	5	3137161264	1.5938e-09
genome	93	3	3137161264	9.56279e-10
genome	94	3	3137161264	9.56279e-10
genome	95	2	3137161264	6.37519e-10
genome	96	1	3137161264	3.1876e-10
genome	97	4	3137161264	1.27504e-09
genome	98	1	3137161264	3.1876e-10
genome	99	3	3137161264	9.56279e-10
genome	100	1	3137161264	3.1876e-10
genome	102	2	3137161264	6.37519e-10
genome	103	4	3137161264	1.27504e-09
genome	105	1	3137161264	3.1876e-10
genome	109	1	3137161264	3.1876e-10
genome	110	5	3137161264	1.5938e-09
genome	111	5	3137161264	1.5938e-09
genome	112	4	3137161264	1.27504e-09
genome	114	1	3137161264	3.1876e-10
genome	115	4	3137161264	1.27504e-09
genome	116	3	3137161264	9.56279e-10
genome	117	2	3137161264	6.37519e-10
genome	119	3	3137161264	9.56279e-10
genome	121	1	3137161264	3.1876e-10
genome	123	1	3137161264	3.1876e-10
genome	125	1	3137161264	3.1876e-10
genome	128	2	3137161264	6.37519e-10
genome	130	4	3137161264	1.27504e-09
genome	132	2	3137161264	6.37519e-10
genome	134	2	3137161264	6.37519e-10
genome	135	2	3137161264	6.37519e-10
genome	136	1	3137161264	3.1876e-10
genome	137	3	3137161264	9.56279e-10
genome	138	7	3137161264	2.23132e-09
genome	139	4	3137161264	1.27504e-09
genome	140	1	3137161264	3.1876e-10
genome	142	2	3137161264	6.37519e-10
genome	143	3	3137161264	9.56279e-10
genome	144	3	3137161264	9.56279e-10
genome	145	2	3137161264	6.37519e-10
genome	146	4	3137161264	1.27504e-09
genome	147	4	3137161264	1.27504e-09
genome	148	6	3137161264	1.91256e-09
genome	149	10	3137161264	3.1876e-09
genome	150	5	3137161264	1.5938e-09
genome	151	2	3137161264	6.37519e-10
genome	152	1	3137161264	3.1876e-10
genome	153	3	3137161264	9.56279e-10
genome	154	5	3137161264	1.5938e-09
genome	155	4	3137161264	1.27504e-09
genome	156	3	3137161264	9.56279e-10
genome	157	2	3137161264	6.37519e-10
genome	158	10	3137161264	3.1876e-09
genome	159	11	3137161264	3.50635e-09
genome	160	9	3137161264	2.86884e-09
genome	161	6	3137161264	1.91256e-09
genome	162	7	3137161264	2.23132e-09
genome	163	10	3137161264	3.1876e-09
genome	164	4	3137161264	1.27504e-09
genome	165	6	3137161264	1.91256e-09
genome	166	8	3137161264	2.55008e-09
genome	167	8	3137161264	2.55008e-09
genome	168	6	3137161264	1.91256e-09
genome	169	3	3137161264	9.56279e-10
genome	170	5	3137161264	1.5938e-09
genome	171	9	3137161264	2.86884e-09
genome	172	6	3137161264	1.91256e-09
genome	173	5	3137161264	1.5938e-09
genome	174	4	3137161264	1.27504e-09
genome	175	9	3137161264	2.86884e-09
genome	176	4	3137161264	1.27504e-09
genome	177	1	3137161264	3.1876e-10
genome	178	9	3137161264	2.86884e-09
genome	179	4	3137161264	1.27504e-09
genome	180	4	3137161264	1.27504e-09
genome	181	3	3137161264	9.56279e-10
genome	182	3	3137161264	9.56279e-10
genome	183	4	3137161264	1.27504e-09
genome	184	6	3137161264	1.91256e-09
genome	185	4	3137161264	1.27504e-09
genome	186	2	3137161264	6.37519e-10
genome	187	1	3137161264	3.1876e-10
genome	188	3	3137161264	9.56279e-10
genome	189	3	3137161264	9.56279e-10
genome	191	3	3137161264	9.56279e-10
genome	193	3	3137161264	9.56279e-10
genome	194	2	3137161264	6.37519e-10
genome	195	1	3137161264	3.1876e-10
genome	198	2	3137161264	6.37519e-10
genome	199	1	3137161264	3.1876e-10
genome	201	1	3137161264	3.1876e-10
genome	202	2	3137161264	6.37519e-10
genome	203	2	3137161264	6.37519e-10
genome	204	1	3137161264	3.1876e-10
genome	205	1	3137161264	3.1876e-10
