chrM	0	25	16571	0.00150866
chrM	1	109	16571	0.00657776
chrM	2	208	16571	0.012552
chrM	3	539	16571	0.0325267
chrM	4	763	16571	0.0460443
chrM	5	1105	16571	0.0666828
chrM	6	1348	16571	0.0813469
chrM	7	1486	16571	0.0896747
chrM	8	1741	16571	0.105063
chrM	9	2038	16571	0.122986
chrM	10	1770	16571	0.106813
chrM	11	1513	16571	0.0913041
chrM	12	1089	16571	0.0657172
chrM	13	868	16571	0.0523807
chrM	14	618	16571	0.0372941
chrM	15	454	16571	0.0273973
chrM	16	323	16571	0.0194919
chrM	17	239	16571	0.0144228
chrM	18	185	16571	0.0111641
chrM	19	83	16571	0.00500875
chrM	20	39	16571	0.00235351
chrM	21	21	16571	0.00126727
chrM	22	6	16571	0.000362078
chrM	23	1	16571	6.03464e-05
chr1	0	245861297	249250621	0.986402
chr1	1	3314432	249250621	0.0132976
chr1	2	71461	249250621	0.000286703
chr1	3	1661	249250621	6.66398e-06
chr1	4	378	249250621	1.51655e-06
chr1	5	113	249250621	4.53359e-07
chr1	6	52	249250621	2.08625e-07
chr1	7	10	249250621	4.01203e-08
chr1	8	10	249250621	4.01203e-08
chr1	9	26	249250621	1.04313e-07
chr1	10	30	249250621	1.20361e-07
chr1	11	23	249250621	9.22766e-08
chr1	12	17	249250621	6.82044e-08
chr1	13	11	249250621	4.41323e-08
chr1	14	6	249250621	2.40722e-08
chr1	15	14	249250621	5.61684e-08
chr1	16	7	249250621	2.80842e-08
chr1	17	10	249250621	4.01203e-08
chr1	18	18	249250621	7.22165e-08
chr1	19	14	249250621	5.61684e-08
chr1	20	24	249250621	9.62886e-08
chr1	21	14	249250621	5.61684e-08
chr1	22	13	249250621	5.21563e-08
chr1	23	15	249250621	6.01804e-08
chr1	24	18	249250621	7.22165e-08
chr1	25	19	249250621	7.62285e-08
chr1	26	28	249250621	1.12337e-07
chr1	27	44	249250621	1.76529e-07
chr1	28	36	249250621	1.44433e-07
chr1	29	22	249250621	8.82646e-08
chr1	30	54	249250621	2.16649e-07
chr1	31	29	249250621	1.16349e-07
chr1	32	23	249250621	9.22766e-08
chr1	33	34	249250621	1.36409e-07
chr1	34	23	249250621	9.22766e-08
chr1	35	21	249250621	8.42525e-08
chr1	36	13	249250621	5.21563e-08
chr1	37	8	249250621	3.20962e-08
chr1	38	22	249250621	8.82646e-08
chr1	39	16	249250621	6.41924e-08
chr1	40	18	249250621	7.22165e-08
chr1	41	19	249250621	7.62285e-08
chr1	42	28	249250621	1.12337e-07
chr1	43	8	249250621	3.20962e-08
chr1	44	13	249250621	5.21563e-08
chr1	45	12	249250621	4.81443e-08
chr1	46	7	249250621	2.80842e-08
chr1	47	8	249250621	3.20962e-08
chr1	48	9	249250621	3.61082e-08
chr1	49	13	249250621	5.21563e-08
chr1	50	7	249250621	2.80842e-08
chr1	51	3	249250621	1.20361e-08
chr1	52	2	249250621	8.02405e-09
chr1	53	4	249250621	1.60481e-08
chr1	55	2	249250621	8.02405e-09
chr1	56	5	249250621	2.00601e-08
chr1	57	1	249250621	4.01203e-09
chr1	58	2	249250621	8.02405e-09
chr1	59	2	249250621	8.02405e-09
chr1	60	1	249250621	4.01203e-09
chr1	62	1	249250621	4.01203e-09
chr1	63	2	249250621	8.02405e-09
chr1	65	3	249250621	1.20361e-08
chr1	66	1	249250621	4.01203e-09
chr1	67	2	249250621	8.02405e-09
chr1	69	1	249250621	4.01203e-09
chr1	70	2	249250621	8.02405e-09
chr1	71	2	249250621	8.02405e-09
chr1	72	2	249250621	8.02405e-09
chr1	73	8	249250621	3.20962e-08
chr1	74	4	249250621	1.60481e-08
chr1	76	2	249250621	8.02405e-09
chr1	77	5	249250621	2.00601e-08
chr1	78	5	249250621	2.00601e-08
chr1	79	11	249250621	4.41323e-08
chr1	80	14	249250621	5.61684e-08
chr1	81	9	249250621	3.61082e-08
chr1	82	8	249250621	3.20962e-08
chr1	83	7	249250621	2.80842e-08
chr1	84	1	249250621	4.01203e-09
chr1	85	2	249250621	8.02405e-09
chr1	86	5	249250621	2.00601e-08
chr1	87	8	249250621	3.20962e-08
chr1	88	3	249250621	1.20361e-08
chr1	89	2	249250621	8.02405e-09
chr1	90	2	249250621	8.02405e-09
chr1	91	7	249250621	2.80842e-08
chr1	92	3	249250621	1.20361e-08
chr1	93	3	249250621	1.20361e-08
chr1	94	3	249250621	1.20361e-08
chr1	95	3	249250621	1.20361e-08
chr1	96	5	249250621	2.00601e-08
chr1	97	2	249250621	8.02405e-09
chr1	98	2	249250621	8.02405e-09
chr1	99	3	249250621	1.20361e-08
chr1	100	4	249250621	1.60481e-08
chr1	101	1	249250621	4.01203e-09
chr1	102	6	249250621	2.40722e-08
chr1	103	2	249250621	8.02405e-09
chr1	104	4	249250621	1.60481e-08
chr1	105	9	249250621	3.61082e-08
chr1	106	5	249250621	2.00601e-08
chr1	107	5	249250621	2.00601e-08
chr1	108	3	249250621	1.20361e-08
chr1	109	4	249250621	1.60481e-08
chr1	110	4	249250621	1.60481e-08
chr1	111	2	249250621	8.02405e-09
chr1	112	5	249250621	2.00601e-08
chr1	113	4	249250621	1.60481e-08
chr1	114	2	249250621	8.02405e-09
chr1	115	7	249250621	2.80842e-08
chr1	116	6	249250621	2.40722e-08
chr1	117	5	249250621	2.00601e-08
chr1	118	4	249250621	1.60481e-08
chr1	119	9	249250621	3.61082e-08
chr1	120	10	249250621	4.01203e-08
chr1	121	7	249250621	2.80842e-08
chr1	122	5	249250621	2.00601e-08
chr1	123	2	249250621	8.02405e-09
chr1	124	8	249250621	3.20962e-08
chr1	125	4	249250621	1.60481e-08
chr1	126	1	249250621	4.01203e-09
chr1	127	5	249250621	2.00601e-08
chr1	128	3	249250621	1.20361e-08
chr1	129	7	249250621	2.80842e-08
chr1	130	7	249250621	2.80842e-08
chr1	131	8	249250621	3.20962e-08
chr1	132	7	249250621	2.80842e-08
chr1	133	18	249250621	7.22165e-08
chr1	134	9	249250621	3.61082e-08
chr1	135	2	249250621	8.02405e-09
chr1	137	5	249250621	2.00601e-08
chr1	138	1	249250621	4.01203e-09
chr1	139	5	249250621	2.00601e-08
chr1	140	5	249250621	2.00601e-08
chr1	141	6	249250621	2.40722e-08
chr1	142	6	249250621	2.40722e-08
chr1	143	2	249250621	8.02405e-09
chr1	145	2	249250621	8.02405e-09
chr1	146	6	249250621	2.40722e-08
chr1	147	2	249250621	8.02405e-09
chr1	148	4	249250621	1.60481e-08
chr1	149	1	249250621	4.01203e-09
chr1	150	1	249250621	4.01203e-09
chr1	151	1	249250621	4.01203e-09
chr1	152	1	249250621	4.01203e-09
chr1	153	5	249250621	2.00601e-08
chr1	154	1	249250621	4.01203e-09
chr2	0	240006053	243199373	0.98687
chr2	1	3118453	243199373	0.0128226
chr2	2	67356	243199373	0.000276958
chr2	3	3235	243199373	1.33018e-05
chr2	4	1683	243199373	6.92025e-06
chr2	5	939	243199373	3.86103e-06
chr2	6	578	243199373	2.37665e-06
chr2	7	382	243199373	1.57073e-06
chr2	8	203	243199373	8.34706e-07
chr2	9	124	243199373	5.0987e-07
chr2	10	91	243199373	3.74179e-07
chr2	11	67	243199373	2.75494e-07
chr2	12	26	243199373	1.06908e-07
chr2	13	41	243199373	1.68586e-07
chr2	14	22	243199373	9.04608e-08
chr2	15	12	243199373	4.93422e-08
chr2	16	15	243199373	6.16778e-08
chr2	17	23	243199373	9.45726e-08
chr2	18	1	243199373	4.11185e-09
chr2	19	15	243199373	6.16778e-08
chr2	20	4	243199373	1.64474e-08
chr2	21	6	243199373	2.46711e-08
chr2	22	6	243199373	2.46711e-08
chr2	23	19	243199373	7.81252e-08
chr2	24	8	243199373	3.28948e-08
chr2	25	2	243199373	8.22371e-09
chr2	26	4	243199373	1.64474e-08
chr2	27	4	243199373	1.64474e-08
chr2	28	1	243199373	4.11185e-09
chr3	0	195325397	198022430	0.98638
chr3	1	2645769	198022430	0.013361
chr3	2	50283	198022430	0.000253926
chr3	3	861	198022430	4.34799e-06
chr3	4	10	198022430	5.04993e-08
chr3	5	11	198022430	5.55493e-08
chr3	6	9	198022430	4.54494e-08
chr3	7	6	198022430	3.02996e-08
chr3	8	11	198022430	5.55493e-08
chr3	10	12	198022430	6.05992e-08
chr3	11	4	198022430	2.01997e-08
chr3	12	8	198022430	4.03995e-08
chr3	13	11	198022430	5.55493e-08
chr3	14	25	198022430	1.26248e-07
chr3	15	8	198022430	4.03995e-08
chr3	16	5	198022430	2.52497e-08
chr4	0	188923349	191154276	0.988329
chr4	1	2191379	191154276	0.0114639
chr4	2	38251	191154276	0.000200105
chr4	3	1099	191154276	5.74928e-06
chr4	4	126	191154276	6.59153e-07
chr4	5	64	191154276	3.34808e-07
chr4	6	8	191154276	4.1851e-08
chr5	0	178600032	180915260	0.987203
chr5	1	2267361	180915260	0.0125327
chr5	2	45916	180915260	0.000253798
chr5	3	821	180915260	4.53804e-06
chr5	4	305	180915260	1.68587e-06
chr5	5	224	180915260	1.23815e-06
chr5	6	241	180915260	1.33212e-06
chr5	7	140	180915260	7.73843e-07
chr5	8	73	180915260	4.03504e-07
chr5	9	52	180915260	2.87427e-07
chr5	10	27	180915260	1.49241e-07
chr5	11	17	180915260	9.39666e-08
chr5	13	2	180915260	1.10549e-08
chr5	14	12	180915260	6.63294e-08
chr5	15	20	180915260	1.10549e-07
chr5	16	14	180915260	7.73843e-08
chr5	17	3	180915260	1.65823e-08
chr6	0	169087925	171115067	0.988153
chr6	1	1985489	171115067	0.0116032
chr6	2	37966	171115067	0.000221874
chr6	3	619	171115067	3.61745e-06
chr6	4	182	171115067	1.06361e-06
chr6	5	237	171115067	1.38503e-06
chr6	6	271	171115067	1.58373e-06
chr6	7	411	171115067	2.40189e-06
chr6	8	430	171115067	2.51293e-06
chr6	9	359	171115067	2.098e-06
chr6	10	379	171115067	2.21488e-06
chr6	11	276	171115067	1.61295e-06
chr6	12	174	171115067	1.01686e-06
chr6	13	148	171115067	8.64915e-07
chr6	14	101	171115067	5.90246e-07
chr6	15	61	171115067	3.56485e-07
chr6	16	14	171115067	8.18163e-08
chr6	17	12	171115067	7.01282e-08
chr6	18	8	171115067	4.67522e-08
chr6	19	4	171115067	2.33761e-08
chr6	20	1	171115067	5.84402e-09
chr7	0	157248047	159138663	0.98812
chr7	1	1851928	159138663	0.0116372
chr7	2	36462	159138663	0.000229121
chr7	3	677	159138663	4.25415e-06
chr7	4	142	159138663	8.92304e-07
chr7	5	115	159138663	7.2264e-07
chr7	6	122	159138663	7.66627e-07
chr7	7	100	159138663	6.28383e-07
chr7	8	81	159138663	5.0899e-07
chr7	9	60	159138663	3.7703e-07
chr7	10	73	159138663	4.58719e-07
chr7	11	40	159138663	2.51353e-07
chr7	12	51	159138663	3.20475e-07
chr7	13	39	159138663	2.45069e-07
chr7	14	78	159138663	4.90139e-07
chr7	15	67	159138663	4.21016e-07
chr7	16	40	159138663	2.51353e-07
chr7	17	50	159138663	3.14191e-07
chr7	18	45	159138663	2.82772e-07
chr7	19	35	159138663	2.19934e-07
chr7	20	53	159138663	3.33043e-07
chr7	21	44	159138663	2.76488e-07
chr7	22	47	159138663	2.9534e-07
chr7	23	34	159138663	2.1365e-07
chr7	24	14	159138663	8.79736e-08
chr7	25	28	159138663	1.75947e-07
chr7	26	45	159138663	2.82772e-07
chr7	27	40	159138663	2.51353e-07
chr7	28	28	159138663	1.75947e-07
chr7	29	27	159138663	1.69663e-07
chr7	30	26	159138663	1.6338e-07
chr7	31	11	159138663	6.91221e-08
chr7	32	4	159138663	2.51353e-08
chr7	33	4	159138663	2.51353e-08
chr7	36	3	159138663	1.88515e-08
chr7	37	3	159138663	1.88515e-08
chr8	0	144575273	146364022	0.987779
chr8	1	1748455	146364022	0.0119459
chr8	2	37092	146364022	0.000253423
chr8	3	1897	146364022	1.29608e-05
chr8	4	801	146364022	5.47266e-06
chr8	5	292	146364022	1.99503e-06
chr8	6	141	146364022	9.63352e-07
chr8	7	60	146364022	4.09937e-07
chr8	8	9	146364022	6.14905e-08
chr8	9	2	146364022	1.36646e-08
chr9	0	139677164	141213431	0.989121
chr9	1	1503164	141213431	0.0106446
chr9	2	32154	141213431	0.000227698
chr9	3	794	141213431	5.62269e-06
chr9	4	61	141213431	4.3197e-07
chr9	5	39	141213431	2.76178e-07
chr9	6	28	141213431	1.98281e-07
chr9	7	27	141213431	1.912e-07
chr10	0	133650024	135534747	0.986094
chr10	1	1833787	135534747	0.01353
chr10	2	40271	135534747	0.000297127
chr10	3	2681	135534747	1.97809e-05
chr10	4	1286	135534747	9.48834e-06
chr10	5	821	135534747	6.05749e-06
chr10	6	693	135534747	5.11308e-06
chr10	7	592	135534747	4.36788e-06
chr10	8	561	135534747	4.13916e-06
chr10	9	538	135534747	3.96946e-06
chr10	10	408	135534747	3.0103e-06
chr10	11	462	135534747	3.40872e-06
chr10	12	342	135534747	2.52334e-06
chr10	13	269	135534747	1.98473e-06
chr10	14	200	135534747	1.47564e-06
chr10	15	193	135534747	1.42399e-06
chr10	16	120	135534747	8.85382e-07
chr10	17	102	135534747	7.52575e-07
chr10	18	131	135534747	9.66542e-07
chr10	19	140	135534747	1.03295e-06
chr10	20	137	135534747	1.01081e-06
chr10	21	102	135534747	7.52575e-07
chr10	22	80	135534747	5.90255e-07
chr10	23	76	135534747	5.60742e-07
chr10	24	79	135534747	5.82876e-07
chr10	25	59	135534747	4.35313e-07
chr10	26	55	135534747	4.058e-07
chr10	27	45	135534747	3.32018e-07
chr10	28	32	135534747	2.36102e-07
chr10	29	28	135534747	2.06589e-07
chr10	30	26	135534747	1.91833e-07
chr10	31	21	135534747	1.54942e-07
chr10	32	19	135534747	1.40185e-07
chr10	33	32	135534747	2.36102e-07
chr10	34	31	135534747	2.28724e-07
chr10	35	45	135534747	3.32018e-07
chr10	36	19	135534747	1.40185e-07
chr10	37	15	135534747	1.10673e-07
chr10	38	25	135534747	1.84455e-07
chr10	39	35	135534747	2.58236e-07
chr10	40	35	135534747	2.58236e-07
chr10	41	24	135534747	1.77076e-07
chr10	42	19	135534747	1.40185e-07
chr10	43	16	135534747	1.18051e-07
chr10	44	16	135534747	1.18051e-07
chr10	45	15	135534747	1.10673e-07
chr10	46	3	135534747	2.21345e-08
chr10	47	12	135534747	8.85382e-08
chr10	48	11	135534747	8.116e-08
chr10	49	8	135534747	5.90255e-08
chr10	50	3	135534747	2.21345e-08
chr10	51	2	135534747	1.47564e-08
chr10	52	1	135534747	7.37818e-09
chr11	0	133179488	135006516	0.986467
chr11	1	1787400	135006516	0.0132394
chr11	2	37296	135006516	0.000276253
chr11	3	1173	135006516	8.68847e-06
chr11	4	381	135006516	2.82209e-06
chr11	5	195	135006516	1.44437e-06
chr11	6	187	135006516	1.38512e-06
chr11	7	131	135006516	9.70324e-07
chr11	8	58	135006516	4.29609e-07
chr11	9	62	135006516	4.59237e-07
chr11	10	80	135006516	5.92564e-07
chr11	11	51	135006516	3.7776e-07
chr11	12	14	135006516	1.03699e-07
chr12	0	132139614	133851895	0.987208
chr12	1	1680389	133851895	0.0125541
chr12	2	31319	133851895	0.000233982
chr12	3	458	133851895	3.42169e-06
chr12	4	56	133851895	4.18373e-07
chr12	5	13	133851895	9.71223e-08
chr12	6	14	133851895	1.04593e-07
chr12	7	30	133851895	2.24128e-07
chr12	8	2	133851895	1.49419e-08
chr13	0	114069589	115169878	0.990446
chr13	1	1081307	115169878	0.0093888
chr13	2	18698	115169878	0.000162351
chr13	3	261	115169878	2.26622e-06
chr13	4	6	115169878	5.2097e-08
chr13	5	12	115169878	1.04194e-07
chr13	6	5	115169878	4.34141e-08
chr14	0	106041165	107349540	0.987812
chr14	1	1279656	107349540	0.0119205
chr14	2	28463	107349540	0.000265143
chr14	3	256	107349540	2.38473e-06
chr15	0	101355025	102531392	0.988527
chr15	1	1152362	102531392	0.0112391
chr15	2	23677	102531392	0.000230924
chr15	3	328	102531392	3.19902e-06
chr16	0	89165729	90354753	0.98684
chr16	1	1146605	90354753	0.01269
chr16	2	33346	90354753	0.000369056
chr16	3	4009	90354753	4.43696e-05
chr16	4	2272	90354753	2.51453e-05
chr16	5	1329	90354753	1.47087e-05
chr16	6	674	90354753	7.45949e-06
chr16	7	329	90354753	3.6412e-06
chr16	8	232	90354753	2.56766e-06
chr16	9	114	90354753	1.26169e-06
chr16	10	62	90354753	6.86184e-07
chr16	11	30	90354753	3.32025e-07
chr16	12	22	90354753	2.43485e-07
chr17	0	79867268	81195210	0.983645
chr17	1	1291115	81195210	0.0159014
chr17	2	33405	81195210	0.000411416
chr17	3	1602	81195210	1.97302e-05
chr17	4	716	81195210	8.81825e-06
chr17	5	310	81195210	3.81796e-06
chr17	6	205	81195210	2.52478e-06
chr17	7	158	81195210	1.94593e-06
chr17	8	104	81195210	1.28086e-06
chr17	9	110	81195210	1.35476e-06
chr17	10	52	81195210	6.40432e-07
chr17	11	19	81195210	2.34004e-07
chr17	12	27	81195210	3.32532e-07
chr17	13	7	81195210	8.6212e-08
chr17	14	4	81195210	4.9264e-08
chr17	15	2	81195210	2.4632e-08
chr17	16	3	81195210	3.6948e-08
chr17	18	5	81195210	6.158e-08
chr17	19	7	81195210	8.6212e-08
chr17	20	13	81195210	1.60108e-07
chr17	21	12	81195210	1.47792e-07
chr17	22	12	81195210	1.47792e-07
chr17	23	3	81195210	3.6948e-08
chr17	24	6	81195210	7.3896e-08
chr17	25	3	81195210	3.6948e-08
chr17	26	2	81195210	2.4632e-08
chr17	27	5	81195210	6.158e-08
chr17	28	3	81195210	3.6948e-08
chr17	29	8	81195210	9.8528e-08
chr17	30	2	81195210	2.4632e-08
chr17	31	4	81195210	4.9264e-08
chr17	32	3	81195210	3.6948e-08
chr17	33	11	81195210	1.35476e-07
chr17	34	4	81195210	4.9264e-08
chr18	0	77103221	78077248	0.987525
chr18	1	952002	78077248	0.0121931
chr18	2	19905	78077248	0.00025494
chr18	3	920	78077248	1.17832e-05
chr18	4	455	78077248	5.82756e-06
chr18	5	267	78077248	3.41969e-06
chr18	6	205	78077248	2.6256e-06
chr18	7	122	78077248	1.56256e-06
chr18	8	71	78077248	9.09356e-07
chr18	9	42	78077248	5.37929e-07
chr18	10	13	78077248	1.66502e-07
chr18	11	1	78077248	1.28078e-08
chr18	12	13	78077248	1.66502e-07
chr18	13	8	78077248	1.02463e-07
chr18	14	3	78077248	3.84235e-08
chr19	0	58232123	59128983	0.984832
chr19	1	869320	59128983	0.0147021
chr19	2	24970	59128983	0.000422297
chr19	3	682	59128983	1.15341e-05
chr19	4	323	59128983	5.46263e-06
chr19	5	292	59128983	4.93836e-06
chr19	6	211	59128983	3.56847e-06
chr19	7	152	59128983	2.57065e-06
chr19	8	144	59128983	2.43535e-06
chr19	9	110	59128983	1.86034e-06
chr19	10	69	59128983	1.16694e-06
chr19	11	53	59128983	8.96346e-07
chr19	12	41	59128983	6.93399e-07
chr19	13	27	59128983	4.56629e-07
chr19	14	28	59128983	4.73541e-07
chr19	15	25	59128983	4.22805e-07
chr19	16	30	59128983	5.07365e-07
chr19	17	25	59128983	4.22805e-07
chr19	18	24	59128983	4.05892e-07
chr19	19	11	59128983	1.86034e-07
chr19	20	24	59128983	4.05892e-07
chr19	21	18	59128983	3.04419e-07
chr19	22	32	59128983	5.4119e-07
chr19	23	30	59128983	5.07365e-07
chr19	24	23	59128983	3.8898e-07
chr19	25	15	59128983	2.53683e-07
chr19	26	9	59128983	1.5221e-07
chr19	27	13	59128983	2.19858e-07
chr19	28	9	59128983	1.5221e-07
chr19	29	13	59128983	2.19858e-07
chr19	30	4	59128983	6.76487e-08
chr19	31	9	59128983	1.5221e-07
chr19	32	3	59128983	5.07365e-08
chr19	33	7	59128983	1.18385e-07
chr19	34	1	59128983	1.69122e-08
chr19	36	3	59128983	5.07365e-08
chr19	37	9	59128983	1.5221e-07
chr19	38	6	59128983	1.01473e-07
chr19	40	6	59128983	1.01473e-07
chr19	41	4	59128983	6.76487e-08
chr19	42	6	59128983	1.01473e-07
chr19	43	9	59128983	1.5221e-07
chr19	44	3	59128983	5.07365e-08
chr19	45	7	59128983	1.18385e-07
chr19	46	6	59128983	1.01473e-07
chr19	47	8	59128983	1.35297e-07
chr19	48	13	59128983	2.19858e-07
chr19	49	4	59128983	6.76487e-08
chr19	50	4	59128983	6.76487e-08
chr19	52	4	59128983	6.76487e-08
chr19	53	4	59128983	6.76487e-08
chr19	54	9	59128983	1.5221e-07
chr19	55	3	59128983	5.07365e-08
chr19	56	3	59128983	5.07365e-08
chr19	59	2	59128983	3.38244e-08
chr20	0	62130327	63025520	0.985796
chr20	1	876478	63025520	0.0139067
chr20	2	18373	63025520	0.000291517
chr20	3	342	63025520	5.42637e-06
chr21	0	47680286	48129895	0.990658
chr21	1	439296	48129895	0.0091273
chr21	2	9873	48129895	0.000205132
chr21	3	352	48129895	7.31354e-06
chr21	4	38	48129895	7.8953e-07
chr21	5	50	48129895	1.03886e-06
chr22	0	50663888	51304566	0.987512
chr22	1	624372	51304566	0.0121699
chr22	2	15991	51304566	0.000311688
chr22	3	314	51304566	6.12031e-06
chr22	4	1	51304566	1.94914e-08
chrX	0	153534814	155270560	0.988821
chrX	1	1696366	155270560	0.0109252
chrX	2	33722	155270560	0.000217182
chrX	3	3041	155270560	1.95852e-05
chrX	4	1274	155270560	8.20503e-06
chrX	5	607	155270560	3.90931e-06
chrX	6	355	155270560	2.28633e-06
chrX	7	167	155270560	1.07554e-06
chrX	8	60	155270560	3.86422e-07
chrX	9	62	155270560	3.99303e-07
chrX	10	40	155270560	2.57615e-07
chrX	11	29	155270560	1.86771e-07
chrX	12	21	155270560	1.35248e-07
chrX	14	2	155270560	1.28807e-08
chrY	0	59334152	59373566	0.999336
chrY	1	36887	59373566	0.00062127
chrY	2	1864	59373566	3.13944e-05
chrY	3	310	59373566	5.22118e-06
chrY	4	166	59373566	2.79586e-06
chrY	5	82	59373566	1.38109e-06
chrY	6	38	59373566	6.40015e-07
chrY	7	32	59373566	5.3896e-07
chrY	8	10	59373566	1.68425e-07
chrY	9	6	59373566	1.01055e-07
chrY	10	14	59373566	2.35795e-07
chrY	11	5	59373566	8.42126e-08
chr1_gl000191_random	0	105531	106433	0.991525
chr1_gl000191_random	1	854	106433	0.00802383
chr1_gl000191_random	2	48	106433	0.000450988
chr1_gl000192_random	0	540395	547496	0.98703
chr1_gl000192_random	1	6952	547496	0.0126978
chr1_gl000192_random	2	149	547496	0.000272148
chr4_ctg9_hap1	0	586531	590426	0.993403
chr4_ctg9_hap1	1	3840	590426	0.00650378
chr4_ctg9_hap1	2	55	590426	9.31531e-05
chr4_gl000193_random	0	184855	189789	0.974003
chr4_gl000193_random	1	4868	189789	0.0256495
chr4_gl000193_random	2	66	189789	0.000347755
chr4_gl000194_random	0	187570	191469	0.979636
chr4_gl000194_random	1	3748	191469	0.019575
chr4_gl000194_random	2	151	191469	0.000788639
chr6_apd_hap1	0	4616554	4622290	0.998759
chr6_apd_hap1	1	5622	4622290	0.00121628
chr6_apd_hap1	2	114	4622290	2.46631e-05
chr6_cox_hap2	0	4778893	4795371	0.996564
chr6_cox_hap2	1	16206	4795371	0.00337951
chr6_cox_hap2	2	272	4795371	5.67214e-05
chr6_dbb_hap3	0	4598175	4610396	0.997349
chr6_dbb_hap3	1	11792	4610396	0.0025577
chr6_dbb_hap3	2	429	4610396	9.30506e-05
chr6_mann_hap4	0	4671222	4683263	0.997429
chr6_mann_hap4	1	11699	4683263	0.00249804
chr6_mann_hap4	2	325	4683263	6.93961e-05
chr6_mann_hap4	3	17	4683263	3.62995e-06
chr6_mcf_hap5	0	4821814	4833398	0.997603
chr6_mcf_hap5	1	11418	4833398	0.00236231
chr6_mcf_hap5	2	166	4833398	3.43444e-05
chr6_qbl_hap6	0	4600104	4611984	0.997424
chr6_qbl_hap6	1	11660	4611984	0.0025282
chr6_qbl_hap6	2	220	4611984	4.77018e-05
chr6_ssto_hap7	0	4916613	4928567	0.997575
chr6_ssto_hap7	1	11708	4928567	0.00237554
chr6_ssto_hap7	2	246	4928567	4.99131e-05
chr7_gl000195_random	0	174682	182896	0.955089
chr7_gl000195_random	1	8004	182896	0.0437626
chr7_gl000195_random	2	184	182896	0.00100604
chr7_gl000195_random	3	26	182896	0.000142157
chr8_gl000196_random	0	38764	38914	0.996145
chr8_gl000196_random	1	150	38914	0.00385465
chr8_gl000197_random	0	36740	37175	0.988299
chr8_gl000197_random	1	420	37175	0.0112979
chr8_gl000197_random	2	15	37175	0.000403497
chr9_gl000198_random	0	88035	90085	0.977244
chr9_gl000198_random	1	2000	90085	0.0222013
chr9_gl000198_random	2	50	90085	0.000555031
chr9_gl000199_random	0	152252	169874	0.896264
chr9_gl000199_random	1	14289	169874	0.0841153
chr9_gl000199_random	2	2261	169874	0.0133099
chr9_gl000199_random	3	772	169874	0.00454454
chr9_gl000199_random	4	180	169874	0.00105961
chr9_gl000199_random	5	24	169874	0.000141281
chr9_gl000199_random	6	15	169874	8.83007e-05
chr9_gl000199_random	7	55	169874	0.000323769
chr9_gl000199_random	8	26	169874	0.000153055
chr9_gl000200_random	0	186039	187035	0.994675
chr9_gl000200_random	1	892	187035	0.00476916
chr9_gl000200_random	2	104	187035	0.000556046
chr9_gl000201_random	0	36098	36148	0.998617
chr9_gl000201_random	1	50	36148	0.0013832
chr11_gl000202_random	0	39753	40103	0.991272
chr11_gl000202_random	1	350	40103	0.00872753
chr17_ctg5_hap1	0	1661309	1680828	0.988387
chr17_ctg5_hap1	1	19138	1680828	0.0113861
chr17_ctg5_hap1	2	381	1680828	0.000226674
chr17_gl000203_random	0	37348	37498	0.996
chr17_gl000203_random	1	150	37498	0.00400021
chr17_gl000204_random	0	80441	81310	0.989313
chr17_gl000204_random	1	838	81310	0.0103062
chr17_gl000204_random	2	31	81310	0.000381257
chr17_gl000205_random	0	167657	174588	0.960301
chr17_gl000205_random	1	6749	174588	0.0386567
chr17_gl000205_random	2	145	174588	0.000830527
chr17_gl000205_random	3	37	174588	0.000211928
chr17_gl000206_random	0	40551	41001	0.989025
chr17_gl000206_random	1	450	41001	0.0109753
chr18_gl000207_random	0	4212	4262	0.988268
chr18_gl000207_random	1	50	4262	0.0117316
chr19_gl000208_random	0	89847	92689	0.969338
chr19_gl000208_random	1	2634	92689	0.0284176
chr19_gl000208_random	2	208	92689	0.00224406
chr19_gl000209_random	0	158419	159169	0.995288
chr19_gl000209_random	1	750	159169	0.00471197
chr21_gl000210_random	0	27482	27682	0.992775
chr21_gl000210_random	1	200	27682	0.00722491
chrUn_gl000211	0	164060	166566	0.984955
chrUn_gl000211	1	2412	166566	0.0144807
chrUn_gl000211	2	94	166566	0.000564341
chrUn_gl000212	0	183830	186858	0.983795
chrUn_gl000212	1	2956	186858	0.0158195
chrUn_gl000212	2	72	186858	0.000385319
chrUn_gl000213	0	163639	164239	0.996347
chrUn_gl000213	1	600	164239	0.00365321
chrUn_gl000214	0	130204	137718	0.945439
chrUn_gl000214	1	7123	137718	0.0517216
chrUn_gl000214	2	346	137718	0.00251238
chrUn_gl000214	3	45	137718	0.000326755
chrUn_gl000215	0	172045	172545	0.997102
chrUn_gl000215	1	500	172545	0.00289779
chrUn_gl000216	0	165483	172294	0.960469
chrUn_gl000216	1	5592	172294	0.0324562
chrUn_gl000216	2	887	172294	0.00514818
chrUn_gl000216	3	294	172294	0.00170639
chrUn_gl000216	4	38	172294	0.000220553
chrUn_gl000217	0	169806	172149	0.98639
chrUn_gl000217	1	2286	172149	0.0132792
chrUn_gl000217	2	57	172149	0.000331109
chrUn_gl000218	0	156522	161147	0.971299
chrUn_gl000218	1	4500	161147	0.0279248
chrUn_gl000218	2	125	161147	0.000775689
chrUn_gl000219	0	174752	179198	0.975189
chrUn_gl000219	1	4342	179198	0.0242302
chrUn_gl000219	2	104	179198	0.000580364
chrUn_gl000220	0	116576	161802	0.720486
chrUn_gl000220	1	16182	161802	0.100011
chrUn_gl000220	2	7606	161802	0.0470081
chrUn_gl000220	3	5580	161802	0.0344866
chrUn_gl000220	4	4615	161802	0.0285225
chrUn_gl000220	5	3586	161802	0.0221629
chrUn_gl000220	6	2715	161802	0.0167798
chrUn_gl000220	7	1971	161802	0.0121816
chrUn_gl000220	8	1177	161802	0.00727432
chrUn_gl000220	9	750	161802	0.00463529
chrUn_gl000220	10	528	161802	0.00326325
chrUn_gl000220	11	283	161802	0.00174905
chrUn_gl000220	12	123	161802	0.000760188
chrUn_gl000220	13	47	161802	0.000290478
chrUn_gl000220	14	26	161802	0.00016069
chrUn_gl000220	15	15	161802	9.27059e-05
chrUn_gl000220	16	20	161802	0.000123608
chrUn_gl000220	17	2	161802	1.23608e-05
chrUn_gl000221	0	151782	155397	0.976737
chrUn_gl000221	1	3530	155397	0.022716
chrUn_gl000221	2	85	155397	0.000546986
chrUn_gl000222	0	185094	186861	0.990544
chrUn_gl000222	1	1734	186861	0.00927962
chrUn_gl000222	2	33	186861	0.000176602
chrUn_gl000223	0	179155	180455	0.992796
chrUn_gl000223	1	1300	180455	0.00720401
chrUn_gl000224	0	169429	179693	0.94288
chrUn_gl000224	1	8415	179693	0.0468299
chrUn_gl000224	2	1473	179693	0.00819731
chrUn_gl000224	3	365	179693	0.00203124
chrUn_gl000224	4	11	179693	6.12155e-05
chrUn_gl000225	0	196439	211173	0.930228
chrUn_gl000225	1	11386	211173	0.0539179
chrUn_gl000225	2	2352	211173	0.0111378
chrUn_gl000225	3	607	211173	0.00287442
chrUn_gl000225	4	236	211173	0.00111757
chrUn_gl000225	5	63	211173	0.000298334
chrUn_gl000225	6	13	211173	6.15609e-05
chrUn_gl000225	7	64	211173	0.000303069
chrUn_gl000225	8	13	211173	6.15609e-05
chrUn_gl000226	0	1625	15008	0.108276
chrUn_gl000226	1	2302	15008	0.153385
chrUn_gl000226	2	2099	15008	0.139859
chrUn_gl000226	3	1975	15008	0.131596
chrUn_gl000226	4	1618	15008	0.107809
chrUn_gl000226	5	1274	15008	0.0848881
chrUn_gl000226	6	991	15008	0.0660314
chrUn_gl000226	7	879	15008	0.0585688
chrUn_gl000226	8	618	15008	0.041178
chrUn_gl000226	9	556	15008	0.0370469
chrUn_gl000226	10	377	15008	0.0251199
chrUn_gl000226	11	220	15008	0.0146588
chrUn_gl000226	12	160	15008	0.010661
chrUn_gl000226	13	78	15008	0.00519723
chrUn_gl000226	14	73	15008	0.00486407
chrUn_gl000226	15	55	15008	0.00366471
chrUn_gl000226	16	37	15008	0.00246535
chrUn_gl000226	17	25	15008	0.00166578
chrUn_gl000226	18	16	15008	0.0010661
chrUn_gl000226	19	6	15008	0.000399787
chrUn_gl000226	20	9	15008	0.00059968
chrUn_gl000226	21	14	15008	0.000932836
chrUn_gl000226	22	1	15008	6.66311e-05
chrUn_gl000227	0	127772	128374	0.995311
chrUn_gl000227	1	554	128374	0.00431552
chrUn_gl000227	2	48	128374	0.000373907
chrUn_gl000228	0	126520	129120	0.979864
chrUn_gl000228	1	1838	129120	0.0142348
chrUn_gl000228	2	244	129120	0.00188971
chrUn_gl000228	3	228	129120	0.0017658
chrUn_gl000228	4	70	129120	0.000542131
chrUn_gl000228	5	71	129120	0.000549876
chrUn_gl000228	6	77	129120	0.000596344
chrUn_gl000228	7	17	129120	0.00013166
chrUn_gl000228	8	28	129120	0.000216853
chrUn_gl000228	9	20	129120	0.000154895
chrUn_gl000228	10	7	129120	5.42131e-05
chrUn_gl000229	0	19436	19913	0.976046
chrUn_gl000229	1	427	19913	0.0214433
chrUn_gl000229	2	27	19913	0.0013559
chrUn_gl000229	3	23	19913	0.00115502
chrUn_gl000230	0	42729	43691	0.977982
chrUn_gl000230	1	924	43691	0.0211485
chrUn_gl000230	2	38	43691	0.000869744
chrUn_gl000231	0	26409	27386	0.964325
chrUn_gl000231	1	904	27386	0.0330096
chrUn_gl000231	2	73	27386	0.0026656
chrUn_gl000232	0	38655	40652	0.950876
chrUn_gl000232	1	1879	40652	0.0462216
chrUn_gl000232	2	83	40652	0.00204172
chrUn_gl000232	3	35	40652	0.000860966
chrUn_gl000233	0	45091	45941	0.981498
chrUn_gl000233	1	850	45941	0.018502
chrUn_gl000234	0	38502	40531	0.94994
chrUn_gl000234	1	1958	40531	0.0483087
chrUn_gl000234	2	71	40531	0.00175175
chrUn_gl000235	0	33724	34474	0.978244
chrUn_gl000235	1	750	34474	0.0217555
chrUn_gl000236	0	41584	41934	0.991654
chrUn_gl000236	1	350	41934	0.00834645
chrUn_gl000237	0	44220	45867	0.964092
chrUn_gl000237	1	1525	45867	0.0332483
chrUn_gl000237	2	91	45867	0.001984
chrUn_gl000237	3	31	45867	0.000675867
chrUn_gl000238	0	39589	39939	0.991237
chrUn_gl000238	1	350	39939	0.00876336
chrUn_gl000239	0	32965	33824	0.974604
chrUn_gl000239	1	818	33824	0.024184
chrUn_gl000239	2	41	33824	0.00121216
chrUn_gl000240	0	41033	41933	0.978537
chrUn_gl000240	1	900	41933	0.0214628
chrUn_gl000241	0	40475	42152	0.960215
chrUn_gl000241	1	1604	42152	0.0380528
chrUn_gl000241	2	73	42152	0.00173183
chrUn_gl000242	0	42435	43523	0.975002
chrUn_gl000242	1	1076	43523	0.0247226
chrUn_gl000242	2	12	43523	0.000275716
chrUn_gl000243	0	42522	43341	0.981103
chrUn_gl000243	1	688	43341	0.0158741
chrUn_gl000243	2	131	43341	0.00302254
chrUn_gl000244	0	39679	39929	0.993739
chrUn_gl000244	1	250	39929	0.00626111
chrUn_gl000245	0	35886	36651	0.979127
chrUn_gl000245	1	680	36651	0.0185534
chrUn_gl000245	2	85	36651	0.00231917
chrUn_gl000246	0	37954	38154	0.994758
chrUn_gl000246	1	200	38154	0.00524191
chrUn_gl000247	0	35738	36422	0.98122
chrUn_gl000247	1	668	36422	0.0183406
chrUn_gl000247	2	16	36422	0.000439295
chrUn_gl000248	0	39436	39786	0.991203
chrUn_gl000248	1	350	39786	0.00879706
chrUn_gl000249	0	38352	38502	0.996104
chrUn_gl000249	1	150	38502	0.0038959
genome	0	3098610308	3137161264	0.987712
genome	1	37626215	3137161264	0.0119937
genome	2	810308	3137161264	0.000258293
genome	3	38967	3137161264	1.24211e-05
genome	4	18193	3137161264	5.79919e-06
genome	5	12135	3137161264	3.86815e-06
genome	6	9196	3137161264	2.93131e-06
genome	7	7321	3137161264	2.33364e-06
genome	8	5662	3137161264	1.80482e-06
genome	9	5031	3137161264	1.60368e-06
genome	10	4032	3137161264	1.28524e-06
genome	11	3093	3137161264	9.85923e-07
genome	12	2128	3137161264	6.7832e-07
genome	13	1556	3137161264	4.9599e-07
genome	14	1198	3137161264	3.81874e-07
genome	15	926	3137161264	2.95171e-07
genome	16	628	3137161264	2.00181e-07
genome	17	491	3137161264	1.56511e-07
genome	18	433	3137161264	1.38023e-07
genome	19	315	3137161264	1.00409e-07
genome	20	304	3137161264	9.69029e-08
genome	21	231	3137161264	7.36335e-08
genome	22	197	3137161264	6.27956e-08
genome	23	178	3137161264	5.67392e-08
genome	24	148	3137161264	4.71764e-08
genome	25	126	3137161264	4.01637e-08
genome	26	143	3137161264	4.55826e-08
genome	27	151	3137161264	4.81327e-08
genome	28	109	3137161264	3.47448e-08
genome	29	98	3137161264	3.12384e-08
genome	30	112	3137161264	3.57011e-08
genome	31	74	3137161264	2.35882e-08
genome	32	52	3137161264	1.65755e-08
genome	33	88	3137161264	2.80508e-08
genome	34	59	3137161264	1.88068e-08
genome	35	66	3137161264	2.10381e-08
genome	36	38	3137161264	1.21129e-08
genome	37	35	3137161264	1.11566e-08
genome	38	53	3137161264	1.68943e-08
genome	39	51	3137161264	1.62567e-08
genome	40	59	3137161264	1.88068e-08
genome	41	47	3137161264	1.49817e-08
genome	42	53	3137161264	1.68943e-08
genome	43	33	3137161264	1.05191e-08
genome	44	32	3137161264	1.02003e-08
genome	45	34	3137161264	1.08378e-08
genome	46	16	3137161264	5.10015e-09
genome	47	28	3137161264	8.92527e-09
genome	48	33	3137161264	1.05191e-08
genome	49	25	3137161264	7.96899e-09
genome	50	14	3137161264	4.46263e-09
genome	51	5	3137161264	1.5938e-09
genome	52	7	3137161264	2.23132e-09
genome	53	8	3137161264	2.55008e-09
genome	54	9	3137161264	2.86884e-09
genome	55	5	3137161264	1.5938e-09
genome	56	8	3137161264	2.55008e-09
genome	57	1	3137161264	3.1876e-10
genome	58	2	3137161264	6.37519e-10
genome	59	4	3137161264	1.27504e-09
genome	60	1	3137161264	3.1876e-10
genome	62	1	3137161264	3.1876e-10
genome	63	2	3137161264	6.37519e-10
genome	65	3	3137161264	9.56279e-10
genome	66	1	3137161264	3.1876e-10
genome	67	2	3137161264	6.37519e-10
genome	69	1	3137161264	3.1876e-10
genome	70	2	3137161264	6.37519e-10
genome	71	2	3137161264	6.37519e-10
genome	72	2	3137161264	6.37519e-10
genome	73	8	3137161264	2.55008e-09
genome	74	4	3137161264	1.27504e-09
genome	76	2	3137161264	6.37519e-10
genome	77	5	3137161264	1.5938e-09
genome	78	5	3137161264	1.5938e-09
genome	79	11	3137161264	3.50635e-09
genome	80	14	3137161264	4.46263e-09
genome	81	9	3137161264	2.86884e-09
genome	82	8	3137161264	2.55008e-09
genome	83	7	3137161264	2.23132e-09
genome	84	1	3137161264	3.1876e-10
genome	85	2	3137161264	6.37519e-10
genome	86	5	3137161264	1.5938e-09
genome	87	8	3137161264	2.55008e-09
genome	88	3	3137161264	9.56279e-10
genome	89	2	3137161264	6.37519e-10
genome	90	2	3137161264	6.37519e-10
genome	91	7	3137161264	2.23132e-09
genome	92	3	3137161264	9.56279e-10
genome	93	3	3137161264	9.56279e-10
genome	94	3	3137161264	9.56279e-10
genome	95	3	3137161264	9.56279e-10
genome	96	5	3137161264	1.5938e-09
genome	97	2	3137161264	6.37519e-10
genome	98	2	3137161264	6.37519e-10
genome	99	3	3137161264	9.56279e-10
genome	100	4	3137161264	1.27504e-09
genome	101	1	3137161264	3.1876e-10
genome	102	6	3137161264	1.91256e-09
genome	103	2	3137161264	6.37519e-10
genome	104	4	3137161264	1.27504e-09
genome	105	9	3137161264	2.86884e-09
genome	106	5	3137161264	1.5938e-09
genome	107	5	3137161264	1.5938e-09
genome	108	3	3137161264	9.56279e-10
genome	109	4	3137161264	1.27504e-09
genome	110	4	3137161264	1.27504e-09
genome	111	2	3137161264	6.37519e-10
genome	112	5	3137161264	1.5938e-09
genome	113	4	3137161264	1.27504e-09
genome	114	2	3137161264	6.37519e-10
genome	115	7	3137161264	2.23132e-09
genome	116	6	3137161264	1.91256e-09
genome	117	5	3137161264	1.5938e-09
genome	118	4	3137161264	1.27504e-09
genome	119	9	3137161264	2.86884e-09
genome	120	10	3137161264	3.1876e-09
genome	121	7	3137161264	2.23132e-09
genome	122	5	3137161264	1.5938e-09
genome	123	2	3137161264	6.37519e-10
genome	124	8	3137161264	2.55008e-09
genome	125	4	3137161264	1.27504e-09
genome	126	1	3137161264	3.1876e-10
genome	127	5	3137161264	1.5938e-09
genome	128	3	3137161264	9.56279e-10
genome	129	7	3137161264	2.23132e-09
genome	130	7	3137161264	2.23132e-09
genome	131	8	3137161264	2.55008e-09
genome	132	7	3137161264	2.23132e-09
genome	133	18	3137161264	5.73767e-09
genome	134	9	3137161264	2.86884e-09
genome	135	2	3137161264	6.37519e-10
genome	137	5	3137161264	1.5938e-09
genome	138	1	3137161264	3.1876e-10
genome	139	5	3137161264	1.5938e-09
genome	140	5	3137161264	1.5938e-09
genome	141	6	3137161264	1.91256e-09
genome	142	6	3137161264	1.91256e-09
genome	143	2	3137161264	6.37519e-10
genome	145	2	3137161264	6.37519e-10
genome	146	6	3137161264	1.91256e-09
genome	147	2	3137161264	6.37519e-10
genome	148	4	3137161264	1.27504e-09
genome	149	1	3137161264	3.1876e-10
genome	150	1	3137161264	3.1876e-10
genome	151	1	3137161264	3.1876e-10
genome	152	1	3137161264	3.1876e-10
genome	153	5	3137161264	1.5938e-09
genome	154	1	3137161264	3.1876e-10
