chrM	0	17	16571	0.00102589
chrM	1	37	16571	0.00223282
chrM	2	53	16571	0.00319836
chrM	3	129	16571	0.00778468
chrM	4	475	16571	0.0286645
chrM	5	778	16571	0.0469495
chrM	6	990	16571	0.0597429
chrM	7	996	16571	0.060105
chrM	8	1172	16571	0.070726
chrM	9	1361	16571	0.0821314
chrM	10	1373	16571	0.0828556
chrM	11	1378	16571	0.0831573
chrM	12	1396	16571	0.0842436
chrM	13	1248	16571	0.0753123
chrM	14	1274	16571	0.0768813
chrM	15	950	16571	0.0573291
chrM	16	833	16571	0.0502685
chrM	17	592	16571	0.0357251
chrM	18	430	16571	0.0259489
chrM	19	300	16571	0.0181039
chrM	20	224	16571	0.0135176
chrM	21	200	16571	0.0120693
chrM	22	139	16571	0.00838815
chrM	23	100	16571	0.00603464
chrM	24	67	16571	0.00404321
chrM	25	28	16571	0.0016897
chrM	26	23	16571	0.00138797
chrM	27	7	16571	0.000422425
chrM	28	1	16571	6.03464e-05
chr1	0	246139615	249250621	0.987519
chr1	1	3033926	249250621	0.0121722
chr1	2	73110	249250621	0.000293319
chr1	3	1941	249250621	7.78734e-06
chr1	4	386	249250621	1.54864e-06
chr1	5	205	249250621	8.22465e-07
chr1	6	149	249250621	5.97792e-07
chr1	7	32	249250621	1.28385e-07
chr1	8	18	249250621	7.22165e-08
chr1	9	42	249250621	1.68505e-07
chr1	10	29	249250621	1.16349e-07
chr1	11	7	249250621	2.80842e-08
chr1	12	28	249250621	1.12337e-07
chr1	13	5	249250621	2.00601e-08
chr1	14	14	249250621	5.61684e-08
chr1	15	18	249250621	7.22165e-08
chr1	16	11	249250621	4.41323e-08
chr1	17	3	249250621	1.20361e-08
chr1	18	12	249250621	4.81443e-08
chr1	19	6	249250621	2.40722e-08
chr1	20	7	249250621	2.80842e-08
chr1	21	7	249250621	2.80842e-08
chr1	22	12	249250621	4.81443e-08
chr1	23	10	249250621	4.01203e-08
chr1	24	27	249250621	1.08325e-07
chr1	25	28	249250621	1.12337e-07
chr1	26	26	249250621	1.04313e-07
chr1	27	20	249250621	8.02405e-08
chr1	28	21	249250621	8.42525e-08
chr1	29	12	249250621	4.81443e-08
chr1	30	11	249250621	4.41323e-08
chr1	31	24	249250621	9.62886e-08
chr1	32	20	249250621	8.02405e-08
chr1	33	18	249250621	7.22165e-08
chr1	34	31	249250621	1.24373e-07
chr1	35	27	249250621	1.08325e-07
chr1	36	28	249250621	1.12337e-07
chr1	37	17	249250621	6.82044e-08
chr1	38	25	249250621	1.00301e-07
chr1	39	25	249250621	1.00301e-07
chr1	40	25	249250621	1.00301e-07
chr1	41	16	249250621	6.41924e-08
chr1	42	12	249250621	4.81443e-08
chr1	43	7	249250621	2.80842e-08
chr1	44	7	249250621	2.80842e-08
chr1	45	7	249250621	2.80842e-08
chr1	46	7	249250621	2.80842e-08
chr1	47	4	249250621	1.60481e-08
chr1	48	8	249250621	3.20962e-08
chr1	49	12	249250621	4.81443e-08
chr1	50	15	249250621	6.01804e-08
chr1	51	18	249250621	7.22165e-08
chr1	52	18	249250621	7.22165e-08
chr1	53	12	249250621	4.81443e-08
chr1	54	16	249250621	6.41924e-08
chr1	55	24	249250621	9.62886e-08
chr1	56	13	249250621	5.21563e-08
chr1	57	16	249250621	6.41924e-08
chr1	58	10	249250621	4.01203e-08
chr1	59	17	249250621	6.82044e-08
chr1	60	10	249250621	4.01203e-08
chr1	61	6	249250621	2.40722e-08
chr1	62	17	249250621	6.82044e-08
chr1	63	11	249250621	4.41323e-08
chr1	64	3	249250621	1.20361e-08
chr1	65	3	249250621	1.20361e-08
chr1	66	3	249250621	1.20361e-08
chr1	67	2	249250621	8.02405e-09
chr1	68	7	249250621	2.80842e-08
chr1	70	4	249250621	1.60481e-08
chr1	71	1	249250621	4.01203e-09
chr1	72	3	249250621	1.20361e-08
chr1	73	2	249250621	8.02405e-09
chr1	74	4	249250621	1.60481e-08
chr1	75	2	249250621	8.02405e-09
chr1	76	1	249250621	4.01203e-09
chr1	77	1	249250621	4.01203e-09
chr1	78	2	249250621	8.02405e-09
chr1	79	1	249250621	4.01203e-09
chr1	80	3	249250621	1.20361e-08
chr1	81	1	249250621	4.01203e-09
chr1	85	1	249250621	4.01203e-09
chr1	86	2	249250621	8.02405e-09
chr1	89	1	249250621	4.01203e-09
chr1	90	1	249250621	4.01203e-09
chr1	94	1	249250621	4.01203e-09
chr1	95	1	249250621	4.01203e-09
chr1	96	1	249250621	4.01203e-09
chr1	97	6	249250621	2.40722e-08
chr1	98	1	249250621	4.01203e-09
chr1	99	1	249250621	4.01203e-09
chr1	100	2	249250621	8.02405e-09
chr1	101	1	249250621	4.01203e-09
chr1	102	3	249250621	1.20361e-08
chr1	103	5	249250621	2.00601e-08
chr1	104	4	249250621	1.60481e-08
chr1	105	7	249250621	2.80842e-08
chr1	106	5	249250621	2.00601e-08
chr1	107	4	249250621	1.60481e-08
chr1	108	1	249250621	4.01203e-09
chr1	109	2	249250621	8.02405e-09
chr1	110	2	249250621	8.02405e-09
chr1	111	6	249250621	2.40722e-08
chr1	112	6	249250621	2.40722e-08
chr1	113	6	249250621	2.40722e-08
chr1	114	3	249250621	1.20361e-08
chr1	115	4	249250621	1.60481e-08
chr1	116	2	249250621	8.02405e-09
chr1	117	3	249250621	1.20361e-08
chr1	118	3	249250621	1.20361e-08
chr1	119	5	249250621	2.00601e-08
chr1	120	10	249250621	4.01203e-08
chr1	121	6	249250621	2.40722e-08
chr1	122	5	249250621	2.00601e-08
chr1	123	11	249250621	4.41323e-08
chr1	124	7	249250621	2.80842e-08
chr1	125	10	249250621	4.01203e-08
chr1	126	11	249250621	4.41323e-08
chr1	127	10	249250621	4.01203e-08
chr1	128	13	249250621	5.21563e-08
chr1	129	16	249250621	6.41924e-08
chr1	130	14	249250621	5.61684e-08
chr1	131	12	249250621	4.81443e-08
chr1	132	9	249250621	3.61082e-08
chr1	133	10	249250621	4.01203e-08
chr1	134	3	249250621	1.20361e-08
chr1	135	4	249250621	1.60481e-08
chr1	136	4	249250621	1.60481e-08
chr1	137	2	249250621	8.02405e-09
chr1	138	3	249250621	1.20361e-08
chr1	139	4	249250621	1.60481e-08
chr1	141	3	249250621	1.20361e-08
chr1	142	1	249250621	4.01203e-09
chr1	143	2	249250621	8.02405e-09
chr1	144	1	249250621	4.01203e-09
chr1	145	2	249250621	8.02405e-09
chr1	146	3	249250621	1.20361e-08
chr1	147	5	249250621	2.00601e-08
chr1	148	1	249250621	4.01203e-09
chr1	149	2	249250621	8.02405e-09
chr1	150	2	249250621	8.02405e-09
chr1	151	1	249250621	4.01203e-09
chr1	152	4	249250621	1.60481e-08
chr1	153	2	249250621	8.02405e-09
chr1	154	2	249250621	8.02405e-09
chr1	155	9	249250621	3.61082e-08
chr1	156	2	249250621	8.02405e-09
chr1	159	1	249250621	4.01203e-09
chr1	160	1	249250621	4.01203e-09
chr1	163	1	249250621	4.01203e-09
chr1	164	2	249250621	8.02405e-09
chr1	166	3	249250621	1.20361e-08
chr1	167	1	249250621	4.01203e-09
chr1	168	2	249250621	8.02405e-09
chr1	169	1	249250621	4.01203e-09
chr1	172	4	249250621	1.60481e-08
chr1	173	1	249250621	4.01203e-09
chr1	177	3	249250621	1.20361e-08
chr1	178	1	249250621	4.01203e-09
chr2	0	240221279	243199373	0.987755
chr2	1	2903190	243199373	0.0119375
chr2	2	66299	243199373	0.000272612
chr2	3	3452	243199373	1.41941e-05
chr2	4	1745	243199373	7.17518e-06
chr2	5	1102	243199373	4.53126e-06
chr2	6	809	243199373	3.32649e-06
chr2	7	368	243199373	1.51316e-06
chr2	8	310	243199373	1.27467e-06
chr2	9	201	243199373	8.26482e-07
chr2	10	160	243199373	6.57896e-07
chr2	11	165	243199373	6.78456e-07
chr2	12	46	243199373	1.89145e-07
chr2	13	22	243199373	9.04608e-08
chr2	14	30	243199373	1.23356e-07
chr2	15	20	243199373	8.22371e-08
chr2	16	39	243199373	1.60362e-07
chr2	17	31	243199373	1.27467e-07
chr2	18	25	243199373	1.02796e-07
chr2	19	29	243199373	1.19244e-07
chr2	20	11	243199373	4.52304e-08
chr2	21	5	243199373	2.05593e-08
chr2	22	18	243199373	7.40134e-08
chr2	23	7	243199373	2.8783e-08
chr2	24	10	243199373	4.11185e-08
chr3	0	195339177	198022430	0.98645
chr3	1	2623629	198022430	0.0132492
chr3	2	58696	198022430	0.000296411
chr3	3	804	198022430	4.06015e-06
chr3	4	2	198022430	1.00999e-08
chr3	5	3	198022430	1.51498e-08
chr3	6	10	198022430	5.04993e-08
chr3	7	4	198022430	2.01997e-08
chr3	8	28	198022430	1.41398e-07
chr3	9	15	198022430	7.5749e-08
chr3	10	17	198022430	8.58489e-08
chr3	11	10	198022430	5.04993e-08
chr3	12	12	198022430	6.05992e-08
chr3	13	5	198022430	2.52497e-08
chr3	14	12	198022430	6.05992e-08
chr3	15	6	198022430	3.02996e-08
chr4	0	188737429	191154276	0.987357
chr4	1	2363312	191154276	0.0123634
chr4	2	52039	191154276	0.000272236
chr4	3	1162	191154276	6.07886e-06
chr4	4	163	191154276	8.52714e-07
chr4	5	83	191154276	4.34204e-07
chr4	6	67	191154276	3.50502e-07
chr4	7	14	191154276	7.32393e-08
chr4	8	6	191154276	3.13883e-08
chr4	9	1	191154276	5.23138e-09
chr5	0	178636816	180915260	0.987406
chr5	1	2231495	180915260	0.0123345
chr5	2	44827	180915260	0.000247779
chr5	3	883	180915260	4.88074e-06
chr5	4	208	180915260	1.14971e-06
chr5	5	261	180915260	1.44266e-06
chr5	6	286	180915260	1.58085e-06
chr5	7	248	180915260	1.37081e-06
chr5	8	136	180915260	7.51733e-07
chr5	9	55	180915260	3.0401e-07
chr5	10	19	180915260	1.05022e-07
chr5	11	22	180915260	1.21604e-07
chr5	12	4	180915260	2.21098e-08
chr6	0	168993104	171115067	0.987599
chr6	1	2071971	171115067	0.0121086
chr6	2	46100	171115067	0.000269409
chr6	3	635	171115067	3.71095e-06
chr6	4	30	171115067	1.75321e-07
chr6	5	116	171115067	6.77906e-07
chr6	6	201	171115067	1.17465e-06
chr6	7	138	171115067	8.06475e-07
chr6	8	176	171115067	1.02855e-06
chr6	9	215	171115067	1.25646e-06
chr6	10	214	171115067	1.25062e-06
chr6	11	253	171115067	1.47854e-06
chr6	12	285	171115067	1.66555e-06
chr6	13	270	171115067	1.57789e-06
chr6	14	247	171115067	1.44347e-06
chr6	15	190	171115067	1.11036e-06
chr6	16	226	171115067	1.32075e-06
chr6	17	184	171115067	1.0753e-06
chr6	18	136	171115067	7.94787e-07
chr6	19	125	171115067	7.30503e-07
chr6	20	87	171115067	5.0843e-07
chr6	21	49	171115067	2.86357e-07
chr6	22	45	171115067	2.62981e-07
chr6	23	32	171115067	1.87009e-07
chr6	24	20	171115067	1.1688e-07
chr6	25	13	171115067	7.59723e-08
chr6	26	4	171115067	2.33761e-08
chr6	27	1	171115067	5.84402e-09
chr7	0	156978591	159138663	0.986427
chr7	1	2106559	159138663	0.0132373
chr7	2	50859	159138663	0.000319589
chr7	3	1112	159138663	6.98762e-06
chr7	4	162	159138663	1.01798e-06
chr7	5	72	159138663	4.52436e-07
chr7	6	59	159138663	3.70746e-07
chr7	7	46	159138663	2.89056e-07
chr7	8	55	159138663	3.45611e-07
chr7	9	60	159138663	3.7703e-07
chr7	10	53	159138663	3.33043e-07
chr7	11	33	159138663	2.07366e-07
chr7	12	45	159138663	2.82772e-07
chr7	13	104	159138663	6.53518e-07
chr7	14	59	159138663	3.70746e-07
chr7	15	51	159138663	3.20475e-07
chr7	16	26	159138663	1.6338e-07
chr7	17	67	159138663	4.21016e-07
chr7	18	48	159138663	3.01624e-07
chr7	19	42	159138663	2.63921e-07
chr7	20	26	159138663	1.6338e-07
chr7	21	67	159138663	4.21016e-07
chr7	22	29	159138663	1.82231e-07
chr7	23	33	159138663	2.07366e-07
chr7	24	38	159138663	2.38785e-07
chr7	25	38	159138663	2.38785e-07
chr7	26	27	159138663	1.69663e-07
chr7	27	31	159138663	1.94799e-07
chr7	28	52	159138663	3.26759e-07
chr7	29	34	159138663	2.1365e-07
chr7	30	21	159138663	1.3196e-07
chr7	31	10	159138663	6.28383e-08
chr7	32	21	159138663	1.3196e-07
chr7	33	21	159138663	1.3196e-07
chr7	34	18	159138663	1.13109e-07
chr7	35	14	159138663	8.79736e-08
chr7	36	11	159138663	6.91221e-08
chr7	37	21	159138663	1.3196e-07
chr7	38	7	159138663	4.39868e-08
chr7	39	8	159138663	5.02706e-08
chr7	40	12	159138663	7.54059e-08
chr7	41	10	159138663	6.28383e-08
chr7	42	8	159138663	5.02706e-08
chr7	43	3	159138663	1.88515e-08
chr8	0	144488669	146364022	0.987187
chr8	1	1827654	146364022	0.012487
chr8	2	43611	146364022	0.000297963
chr8	3	2142	146364022	1.46347e-05
chr8	4	847	146364022	5.78694e-06
chr8	5	652	146364022	4.45465e-06
chr8	6	201	146364022	1.37329e-06
chr8	7	136	146364022	9.2919e-07
chr8	8	72	146364022	4.91924e-07
chr8	9	14	146364022	9.56519e-08
chr8	10	24	146364022	1.63975e-07
chr9	0	139659716	141213431	0.988997
chr9	1	1517563	141213431	0.0107466
chr9	2	35007	141213431	0.000247901
chr9	3	843	141213431	5.96969e-06
chr9	4	164	141213431	1.16136e-06
chr9	5	62	141213431	4.39052e-07
chr9	6	34	141213431	2.4077e-07
chr9	7	14	141213431	9.91407e-08
chr9	8	26	141213431	1.84118e-07
chr9	9	2	141213431	1.4163e-08
chr10	0	133845482	135534747	0.987536
chr10	1	1635164	135534747	0.0120645
chr10	2	41740	135534747	0.000307965
chr10	3	2637	135534747	1.94563e-05
chr10	4	1514	135534747	1.11706e-05
chr10	5	964	135534747	7.11257e-06
chr10	6	925	135534747	6.82482e-06
chr10	7	676	135534747	4.98765e-06
chr10	8	509	135534747	3.75549e-06
chr10	9	525	135534747	3.87355e-06
chr10	10	479	135534747	3.53415e-06
chr10	11	398	135534747	2.93652e-06
chr10	12	351	135534747	2.58974e-06
chr10	13	286	135534747	2.11016e-06
chr10	14	226	135534747	1.66747e-06
chr10	15	235	135534747	1.73387e-06
chr10	16	228	135534747	1.68223e-06
chr10	17	190	135534747	1.40185e-06
chr10	18	190	135534747	1.40185e-06
chr10	19	170	135534747	1.25429e-06
chr10	20	175	135534747	1.29118e-06
chr10	21	170	135534747	1.25429e-06
chr10	22	126	135534747	9.29651e-07
chr10	23	84	135534747	6.19767e-07
chr10	24	78	135534747	5.75498e-07
chr10	25	70	135534747	5.16473e-07
chr10	26	60	135534747	4.42691e-07
chr10	27	67	135534747	4.94338e-07
chr10	28	55	135534747	4.058e-07
chr10	29	49	135534747	3.61531e-07
chr10	30	59	135534747	4.35313e-07
chr10	31	41	135534747	3.02505e-07
chr10	32	56	135534747	4.13178e-07
chr10	33	49	135534747	3.61531e-07
chr10	34	64	135534747	4.72204e-07
chr10	35	64	135534747	4.72204e-07
chr10	36	37	135534747	2.72993e-07
chr10	37	53	135534747	3.91044e-07
chr10	38	50	135534747	3.68909e-07
chr10	39	51	135534747	3.76287e-07
chr10	40	58	135534747	4.27935e-07
chr10	41	32	135534747	2.36102e-07
chr10	42	30	135534747	2.21345e-07
chr10	43	22	135534747	1.6232e-07
chr10	44	20	135534747	1.47564e-07
chr10	45	23	135534747	1.69698e-07
chr10	46	10	135534747	7.37818e-08
chr10	47	18	135534747	1.32807e-07
chr10	48	16	135534747	1.18051e-07
chr10	49	17	135534747	1.25429e-07
chr10	50	14	135534747	1.03295e-07
chr10	51	23	135534747	1.69698e-07
chr10	52	16	135534747	1.18051e-07
chr10	53	9	135534747	6.64036e-08
chr10	54	7	135534747	5.16473e-08
chr10	55	3	135534747	2.21345e-08
chr10	56	6	135534747	4.42691e-08
chr10	57	1	135534747	7.37818e-09
chr10	58	6	135534747	4.42691e-08
chr10	59	1	135534747	7.37818e-09
chr10	60	3	135534747	2.21345e-08
chr10	61	6	135534747	4.42691e-08
chr10	62	6	135534747	4.42691e-08
chr10	63	6	135534747	4.42691e-08
chr10	64	7	135534747	5.16473e-08
chr10	65	8	135534747	5.90255e-08
chr10	66	6	135534747	4.42691e-08
chr10	67	10	135534747	7.37818e-08
chr10	68	4	135534747	2.95127e-08
chr10	69	1	135534747	7.37818e-09
chr10	70	2	135534747	1.47564e-08
chr10	71	2	135534747	1.47564e-08
chr10	72	4	135534747	2.95127e-08
chr10	73	1	135534747	7.37818e-09
chr10	76	2	135534747	1.47564e-08
chr11	0	133286789	135006516	0.987262
chr11	1	1678136	135006516	0.01243
chr11	2	38824	135006516	0.000287571
chr11	3	1122	135006516	8.31071e-06
chr11	4	438	135006516	3.24429e-06
chr11	5	297	135006516	2.19989e-06
chr11	6	129	135006516	9.55509e-07
chr11	7	169	135006516	1.25179e-06
chr11	8	128	135006516	9.48102e-07
chr11	9	138	135006516	1.02217e-06
chr11	10	99	135006516	7.33298e-07
chr11	11	58	135006516	4.29609e-07
chr11	12	56	135006516	4.14795e-07
chr11	13	28	135006516	2.07397e-07
chr11	14	17	135006516	1.2592e-07
chr11	15	16	135006516	1.18513e-07
chr11	16	19	135006516	1.40734e-07
chr11	17	17	135006516	1.2592e-07
chr11	18	29	135006516	2.14804e-07
chr11	19	7	135006516	5.18494e-08
chr12	0	132013756	133851895	0.986267
chr12	1	1795844	133851895	0.0134166
chr12	2	41338	133851895	0.000308834
chr12	3	643	133851895	4.80382e-06
chr12	4	168	133851895	1.25512e-06
chr12	5	111	133851895	8.29275e-07
chr12	6	21	133851895	1.5689e-07
chr12	7	14	133851895	1.04593e-07
chr13	0	113882035	115169878	0.988818
chr13	1	1259297	115169878	0.0109343
chr13	2	28258	115169878	0.000245359
chr13	3	265	115169878	2.30095e-06
chr13	4	23	115169878	1.99705e-07
chr14	0	106208266	107349540	0.989369
chr14	1	1116270	107349540	0.0103985
chr14	2	24582	107349540	0.00022899
chr14	3	422	107349540	3.93108e-06
chr15	0	101430164	102531392	0.98926
chr15	1	1076668	102531392	0.0105009
chr15	2	24348	102531392	0.000237469
chr15	3	212	102531392	2.06766e-06
chr16	0	89153752	90354753	0.986708
chr16	1	1149232	90354753	0.0127191
chr16	2	38026	90354753	0.000420852
chr16	3	4689	90354753	5.18954e-05
chr16	4	3138	90354753	3.47298e-05
chr16	5	1908	90354753	2.11168e-05
chr16	6	1274	90354753	1.41e-05
chr16	7	953	90354753	1.05473e-05
chr16	8	543	90354753	6.00965e-06
chr16	9	552	90354753	6.10925e-06
chr16	10	229	90354753	2.53445e-06
chr16	11	145	90354753	1.60479e-06
chr16	12	126	90354753	1.3945e-06
chr16	13	82	90354753	9.07534e-07
chr16	14	49	90354753	5.42307e-07
chr16	15	19	90354753	2.10282e-07
chr16	16	21	90354753	2.32417e-07
chr16	17	10	90354753	1.10675e-07
chr16	18	5	90354753	5.53374e-08
chr17	0	80039098	81195210	0.985761
chr17	1	1118547	81195210	0.013776
chr17	2	33842	81195210	0.000416798
chr17	3	1616	81195210	1.99027e-05
chr17	4	557	81195210	6.86001e-06
chr17	5	462	81195210	5.68999e-06
chr17	6	289	81195210	3.55932e-06
chr17	7	196	81195210	2.41394e-06
chr17	8	78	81195210	9.60648e-07
chr17	9	81	81195210	9.97596e-07
chr17	10	60	81195210	7.3896e-07
chr17	11	46	81195210	5.66536e-07
chr17	12	49	81195210	6.03484e-07
chr17	13	33	81195210	4.06428e-07
chr17	14	19	81195210	2.34004e-07
chr17	15	24	81195210	2.95584e-07
chr17	16	33	81195210	4.06428e-07
chr17	17	30	81195210	3.6948e-07
chr17	18	29	81195210	3.57164e-07
chr17	19	20	81195210	2.4632e-07
chr17	20	2	81195210	2.4632e-08
chr17	21	15	81195210	1.8474e-07
chr17	22	10	81195210	1.2316e-07
chr17	23	11	81195210	1.35476e-07
chr17	24	8	81195210	9.8528e-08
chr17	25	6	81195210	7.3896e-08
chr17	26	5	81195210	6.158e-08
chr17	27	7	81195210	8.6212e-08
chr17	28	3	81195210	3.6948e-08
chr17	29	1	81195210	1.2316e-08
chr17	30	2	81195210	2.4632e-08
chr17	31	7	81195210	8.6212e-08
chr17	32	10	81195210	1.2316e-07
chr17	33	2	81195210	2.4632e-08
chr17	34	3	81195210	3.6948e-08
chr17	35	6	81195210	7.3896e-08
chr17	36	3	81195210	3.6948e-08
chr18	0	77046546	78077248	0.986799
chr18	1	1002963	78077248	0.0128458
chr18	2	24502	78077248	0.000313817
chr18	3	1137	78077248	1.45625e-05
chr18	4	715	78077248	9.1576e-06
chr18	5	501	78077248	6.41672e-06
chr18	6	216	78077248	2.76649e-06
chr18	7	128	78077248	1.6394e-06
chr18	8	110	78077248	1.40886e-06
chr18	9	133	78077248	1.70344e-06
chr18	10	159	78077248	2.03644e-06
chr18	11	77	78077248	9.86203e-07
chr18	12	47	78077248	6.01968e-07
chr18	13	10	78077248	1.28078e-07
chr18	14	3	78077248	3.84235e-08
chr18	15	1	78077248	1.28078e-08
chr19	0	58376084	59128983	0.987267
chr19	1	728163	59128983	0.0123148
chr19	2	22029	59128983	0.000372558
chr19	3	745	59128983	1.25996e-05
chr19	4	336	59128983	5.68249e-06
chr19	5	231	59128983	3.90671e-06
chr19	6	186	59128983	3.14567e-06
chr19	7	148	59128983	2.503e-06
chr19	8	100	59128983	1.69122e-06
chr19	9	88	59128983	1.48827e-06
chr19	10	116	59128983	1.96181e-06
chr19	11	63	59128983	1.06547e-06
chr19	12	59	59128983	9.97819e-07
chr19	13	76	59128983	1.28533e-06
chr19	14	27	59128983	4.56629e-07
chr19	15	28	59128983	4.73541e-07
chr19	16	43	59128983	7.27224e-07
chr19	17	38	59128983	6.42663e-07
chr19	18	26	59128983	4.39717e-07
chr19	19	29	59128983	4.90453e-07
chr19	20	18	59128983	3.04419e-07
chr19	21	26	59128983	4.39717e-07
chr19	22	6	59128983	1.01473e-07
chr19	23	14	59128983	2.36771e-07
chr19	24	13	59128983	2.19858e-07
chr19	25	24	59128983	4.05892e-07
chr19	26	31	59128983	5.24278e-07
chr19	27	16	59128983	2.70595e-07
chr19	28	6	59128983	1.01473e-07
chr19	29	2	59128983	3.38244e-08
chr19	30	7	59128983	1.18385e-07
chr19	31	10	59128983	1.69122e-07
chr19	32	9	59128983	1.5221e-07
chr19	33	9	59128983	1.5221e-07
chr19	34	2	59128983	3.38244e-08
chr19	35	2	59128983	3.38244e-08
chr19	36	3	59128983	5.07365e-08
chr19	37	17	59128983	2.87507e-07
chr19	38	6	59128983	1.01473e-07
chr19	39	1	59128983	1.69122e-08
chr19	40	4	59128983	6.76487e-08
chr19	41	7	59128983	1.18385e-07
chr19	44	1	59128983	1.69122e-08
chr19	45	2	59128983	3.38244e-08
chr19	46	1	59128983	1.69122e-08
chr19	47	3	59128983	5.07365e-08
chr19	49	3	59128983	5.07365e-08
chr19	51	5	59128983	8.45609e-08
chr19	53	8	59128983	1.35297e-07
chr19	54	9	59128983	1.5221e-07
chr19	55	3	59128983	5.07365e-08
chr19	56	2	59128983	3.38244e-08
chr19	57	1	59128983	1.69122e-08
chr19	58	2	59128983	3.38244e-08
chr19	59	5	59128983	8.45609e-08
chr19	60	5	59128983	8.45609e-08
chr19	61	10	59128983	1.69122e-07
chr19	62	3	59128983	5.07365e-08
chr19	63	10	59128983	1.69122e-07
chr19	64	9	59128983	1.5221e-07
chr19	65	4	59128983	6.76487e-08
chr19	66	8	59128983	1.35297e-07
chr19	67	2	59128983	3.38244e-08
chr19	68	6	59128983	1.01473e-07
chr19	69	6	59128983	1.01473e-07
chr19	70	3	59128983	5.07365e-08
chr19	71	6	59128983	1.01473e-07
chr19	72	2	59128983	3.38244e-08
chr19	73	2	59128983	3.38244e-08
chr19	74	4	59128983	6.76487e-08
chr19	76	3	59128983	5.07365e-08
chr19	77	3	59128983	5.07365e-08
chr19	79	4	59128983	6.76487e-08
chr20	0	62147055	63025520	0.986062
chr20	1	855360	63025520	0.0135716
chr20	2	22825	63025520	0.000362155
chr20	3	280	63025520	4.44264e-06
chr21	0	47612600	48129895	0.989252
chr21	1	503212	48129895	0.0104553
chr21	2	13610	48129895	0.000282776
chr21	3	393	48129895	8.1654e-06
chr21	4	64	48129895	1.32973e-06
chr21	5	13	48129895	2.70102e-07
chr21	6	3	48129895	6.23313e-08
chr22	0	50792941	51304566	0.990028
chr22	1	496790	51304566	0.00968315
chr22	2	14495	51304566	0.000282528
chr22	3	340	51304566	6.62709e-06
chrX	0	153385452	155270560	0.987859
chrX	1	1835380	155270560	0.0118205
chrX	2	43110	155270560	0.000277644
chrX	3	3208	155270560	2.06607e-05
chrX	4	1594	155270560	1.0266e-05
chrX	5	836	155270560	5.38415e-06
chrX	6	484	155270560	3.11714e-06
chrX	7	271	155270560	1.74534e-06
chrX	8	99	155270560	6.37597e-07
chrX	9	47	155270560	3.02697e-07
chrX	10	65	155270560	4.18624e-07
chrX	11	14	155270560	9.01652e-08
chrY	0	59329062	59373566	0.99925
chrY	1	41638	59373566	0.000701289
chrY	2	2091	59373566	3.52177e-05
chrY	3	340	59373566	5.72645e-06
chrY	4	128	59373566	2.15584e-06
chrY	5	117	59373566	1.97057e-06
chrY	6	83	59373566	1.39793e-06
chrY	7	61	59373566	1.02739e-06
chrY	8	30	59373566	5.05275e-07
chrY	9	12	59373566	2.0211e-07
chrY	10	4	59373566	6.737e-08
chr1_gl000191_random	0	105783	106433	0.993893
chr1_gl000191_random	1	650	106433	0.00610713
chr1_gl000192_random	0	540286	547496	0.986831
chr1_gl000192_random	1	7020	547496	0.012822
chr1_gl000192_random	2	190	547496	0.000347035
chr4_ctg9_hap1	0	585939	590426	0.9924
chr4_ctg9_hap1	1	4474	590426	0.00757758
chr4_ctg9_hap1	2	13	590426	2.2018e-05
chr4_gl000193_random	0	182525	189789	0.961726
chr4_gl000193_random	1	6605	189789	0.0348018
chr4_gl000193_random	2	582	189789	0.00306656
chr4_gl000193_random	3	77	189789	0.000405714
chr4_gl000194_random	0	186832	191469	0.975782
chr4_gl000194_random	1	4524	191469	0.0236278
chr4_gl000194_random	2	113	191469	0.000590174
chr6_apd_hap1	0	4617795	4622290	0.999028
chr6_apd_hap1	1	4440	4622290	0.000960563
chr6_apd_hap1	2	55	4622290	1.18989e-05
chr6_cox_hap2	0	4782594	4795371	0.997336
chr6_cox_hap2	1	12404	4795371	0.00258666
chr6_cox_hap2	2	373	4795371	7.77833e-05
chr6_dbb_hap3	0	4600026	4610396	0.997751
chr6_dbb_hap3	1	10040	4610396	0.00217769
chr6_dbb_hap3	2	330	4610396	7.15774e-05
chr6_mann_hap4	0	4675823	4683263	0.998411
chr6_mann_hap4	1	7158	4683263	0.00152842
chr6_mann_hap4	2	254	4683263	5.42357e-05
chr6_mann_hap4	3	28	4683263	5.97874e-06
chr6_mcf_hap5	0	4824027	4833398	0.998061
chr6_mcf_hap5	1	9342	4833398	0.0019328
chr6_mcf_hap5	2	29	4833398	5.99992e-06
chr6_qbl_hap6	0	4600949	4611984	0.997607
chr6_qbl_hap6	1	10770	4611984	0.00233522
chr6_qbl_hap6	2	265	4611984	5.7459e-05
chr6_ssto_hap7	0	4919010	4928567	0.998061
chr6_ssto_hap7	1	9314	4928567	0.0018898
chr6_ssto_hap7	2	243	4928567	4.93044e-05
chr7_gl000195_random	0	172975	182896	0.945756
chr7_gl000195_random	1	9442	182896	0.051625
chr7_gl000195_random	2	479	182896	0.00261897
chr8_gl000196_random	0	38564	38914	0.991006
chr8_gl000196_random	1	350	38914	0.00899419
chr8_gl000197_random	0	37025	37175	0.995965
chr8_gl000197_random	1	150	37175	0.00403497
chr9_gl000198_random	0	85985	90085	0.954487
chr9_gl000198_random	1	3900	90085	0.0432924
chr9_gl000198_random	2	200	90085	0.00222013
chr9_gl000199_random	0	147862	169874	0.870422
chr9_gl000199_random	1	17179	169874	0.101128
chr9_gl000199_random	2	3321	169874	0.0195498
chr9_gl000199_random	3	848	169874	0.00499194
chr9_gl000199_random	4	310	169874	0.00182488
chr9_gl000199_random	5	123	169874	0.000724066
chr9_gl000199_random	6	132	169874	0.000777047
chr9_gl000199_random	7	52	169874	0.000306109
chr9_gl000199_random	8	11	169874	6.47539e-05
chr9_gl000199_random	9	24	169874	0.000141281
chr9_gl000199_random	10	12	169874	7.06406e-05
chr9_gl000200_random	0	185537	187035	0.991991
chr9_gl000200_random	1	1396	187035	0.00746384
chr9_gl000200_random	2	102	187035	0.000545352
chr9_gl000201_random	0	35948	36148	0.994467
chr9_gl000201_random	1	200	36148	0.00553281
chr11_gl000202_random	0	39603	40103	0.987532
chr11_gl000202_random	1	500	40103	0.0124679
chr17_ctg5_hap1	0	1668301	1680828	0.992547
chr17_ctg5_hap1	1	12254	1680828	0.00729045
chr17_ctg5_hap1	2	273	1680828	0.00016242
chr17_gl000203_random	0	37198	37498	0.992
chr17_gl000203_random	1	300	37498	0.00800043
chr17_gl000204_random	0	80737	81310	0.992953
chr17_gl000204_random	1	496	81310	0.00610011
chr17_gl000204_random	2	77	81310	0.000946993
chr17_gl000205_random	0	165903	174588	0.950254
chr17_gl000205_random	1	8234	174588	0.0471625
chr17_gl000205_random	2	437	174588	0.00250304
chr17_gl000205_random	3	14	174588	8.01888e-05
chr17_gl000206_random	0	40751	41001	0.993903
chr17_gl000206_random	1	250	41001	0.00609741
chr19_gl000208_random	0	89364	92689	0.964127
chr19_gl000208_random	1	3050	92689	0.0329057
chr19_gl000208_random	2	275	92689	0.00296691
chr19_gl000209_random	0	158133	159169	0.993491
chr19_gl000209_random	1	972	159169	0.00610672
chr19_gl000209_random	2	64	159169	0.000402088
chr21_gl000210_random	0	27532	27682	0.994581
chr21_gl000210_random	1	150	27682	0.00541868
chrUn_gl000211	0	164086	166566	0.985111
chrUn_gl000211	1	2410	166566	0.0144687
chrUn_gl000211	2	70	166566	0.000420254
chrUn_gl000212	0	183832	186858	0.983806
chrUn_gl000212	1	2868	186858	0.0153486
chrUn_gl000212	2	142	186858	0.000759935
chrUn_gl000212	3	16	186858	8.56265e-05
chrUn_gl000213	0	163489	164239	0.995434
chrUn_gl000213	1	750	164239	0.00456652
chrUn_gl000214	0	128822	137718	0.935404
chrUn_gl000214	1	8117	137718	0.0589393
chrUn_gl000214	2	666	137718	0.00483597
chrUn_gl000214	3	101	137718	0.000733383
chrUn_gl000214	4	12	137718	8.71346e-05
chrUn_gl000215	0	171266	172545	0.992587
chrUn_gl000215	1	1258	172545	0.00729085
chrUn_gl000215	2	21	172545	0.000121707
chrUn_gl000216	0	163561	172294	0.949313
chrUn_gl000216	1	6884	172294	0.039955
chrUn_gl000216	2	1078	172294	0.00625675
chrUn_gl000216	3	511	172294	0.00296586
chrUn_gl000216	4	187	172294	0.00108535
chrUn_gl000216	5	23	172294	0.000133493
chrUn_gl000216	7	39	172294	0.000226357
chrUn_gl000216	8	8	172294	4.64323e-05
chrUn_gl000216	9	3	172294	1.74121e-05
chrUn_gl000217	0	168500	172149	0.978803
chrUn_gl000217	1	3548	172149	0.0206101
chrUn_gl000217	2	101	172149	0.000586701
chrUn_gl000218	0	154560	161147	0.959124
chrUn_gl000218	1	6324	161147	0.0392437
chrUn_gl000218	2	263	161147	0.00163205
chrUn_gl000219	0	173224	179198	0.966663
chrUn_gl000219	1	5698	179198	0.0317972
chrUn_gl000219	2	276	179198	0.0015402
chrUn_gl000220	0	117633	161802	0.727018
chrUn_gl000220	1	15947	161802	0.0985587
chrUn_gl000220	2	7602	161802	0.0469834
chrUn_gl000220	3	5701	161802	0.0352344
chrUn_gl000220	4	4616	161802	0.0285287
chrUn_gl000220	5	3792	161802	0.0234361
chrUn_gl000220	6	2519	161802	0.0155684
chrUn_gl000220	7	1683	161802	0.0104016
chrUn_gl000220	8	1057	161802	0.00653268
chrUn_gl000220	9	612	161802	0.0037824
chrUn_gl000220	10	272	161802	0.00168107
chrUn_gl000220	11	158	161802	0.000976502
chrUn_gl000220	12	97	161802	0.000599498
chrUn_gl000220	13	50	161802	0.00030902
chrUn_gl000220	14	54	161802	0.000333741
chrUn_gl000220	15	9	161802	5.56235e-05
chrUn_gl000221	0	150484	155397	0.968384
chrUn_gl000221	1	4726	155397	0.0304124
chrUn_gl000221	2	187	155397	0.00120337
chrUn_gl000222	0	184055	186861	0.984984
chrUn_gl000222	1	2612	186861	0.0139783
chrUn_gl000222	2	194	186861	0.0010382
chrUn_gl000223	0	179345	180455	0.993849
chrUn_gl000223	1	1070	180455	0.00592946
chrUn_gl000223	2	40	180455	0.000221662
chrUn_gl000224	0	166457	179693	0.926341
chrUn_gl000224	1	9777	179693	0.0544095
chrUn_gl000224	2	2320	179693	0.0129109
chrUn_gl000224	3	930	179693	0.00517549
chrUn_gl000224	4	202	179693	0.00112414
chrUn_gl000224	5	7	179693	3.89553e-05
chrUn_gl000225	0	192102	211173	0.90969
chrUn_gl000225	1	14790	211173	0.0700374
chrUn_gl000225	2	2873	211173	0.013605
chrUn_gl000225	3	898	211173	0.00425244
chrUn_gl000225	4	296	211173	0.00140169
chrUn_gl000225	5	123	211173	0.000582461
chrUn_gl000225	6	70	211173	0.000331482
chrUn_gl000225	7	17	211173	8.05027e-05
chrUn_gl000225	8	4	211173	1.89418e-05
chrUn_gl000226	0	1461	15008	0.0973481
chrUn_gl000226	1	1853	15008	0.123467
chrUn_gl000226	2	1700	15008	0.113273
chrUn_gl000226	3	1629	15008	0.108542
chrUn_gl000226	4	1411	15008	0.0940165
chrUn_gl000226	5	1483	15008	0.098814
chrUn_gl000226	6	1155	15008	0.076959
chrUn_gl000226	7	792	15008	0.0527719
chrUn_gl000226	8	835	15008	0.055637
chrUn_gl000226	9	615	15008	0.0409781
chrUn_gl000226	10	429	15008	0.0285848
chrUn_gl000226	11	370	15008	0.0246535
chrUn_gl000226	12	355	15008	0.0236541
chrUn_gl000226	13	243	15008	0.0161914
chrUn_gl000226	14	210	15008	0.0139925
chrUn_gl000226	15	78	15008	0.00519723
chrUn_gl000226	16	142	15008	0.00946162
chrUn_gl000226	17	98	15008	0.00652985
chrUn_gl000226	18	51	15008	0.00339819
chrUn_gl000226	19	26	15008	0.00173241
chrUn_gl000226	20	31	15008	0.00206556
chrUn_gl000226	21	17	15008	0.00113273
chrUn_gl000226	22	13	15008	0.000866205
chrUn_gl000226	23	4	15008	0.000266525
chrUn_gl000226	24	7	15008	0.000466418
chrUn_gl000227	0	127774	128374	0.995326
chrUn_gl000227	1	600	128374	0.00467384
chrUn_gl000228	0	125856	129120	0.974721
chrUn_gl000228	1	1782	129120	0.0138011
chrUn_gl000228	2	687	129120	0.00532063
chrUn_gl000228	3	264	129120	0.00204461
chrUn_gl000228	4	161	129120	0.0012469
chrUn_gl000228	5	113	129120	0.000875155
chrUn_gl000228	6	84	129120	0.000650558
chrUn_gl000228	7	91	129120	0.000704771
chrUn_gl000228	8	39	129120	0.000302045
chrUn_gl000228	9	5	129120	3.87237e-05
chrUn_gl000228	10	23	129120	0.000178129
chrUn_gl000228	11	15	129120	0.000116171
chrUn_gl000229	0	19248	19913	0.966605
chrUn_gl000229	1	580	19913	0.0291267
chrUn_gl000229	2	85	19913	0.00426857
chrUn_gl000230	0	43041	43691	0.985123
chrUn_gl000230	1	650	43691	0.0148772
chrUn_gl000231	0	26462	27386	0.96626
chrUn_gl000231	1	848	27386	0.0309647
chrUn_gl000231	2	76	27386	0.00277514
chrUn_gl000232	0	37356	40652	0.918922
chrUn_gl000232	1	3042	40652	0.0748303
chrUn_gl000232	2	254	40652	0.00624816
chrUn_gl000233	0	45191	45941	0.983675
chrUn_gl000233	1	750	45941	0.0163253
chrUn_gl000234	0	38154	40531	0.941354
chrUn_gl000234	1	2204	40531	0.0543781
chrUn_gl000234	2	173	40531	0.00426834
chrUn_gl000235	0	33624	34474	0.975344
chrUn_gl000235	1	850	34474	0.0246563
chrUn_gl000236	0	41434	41934	0.988077
chrUn_gl000236	1	500	41934	0.0119235
chrUn_gl000237	0	43437	45867	0.947021
chrUn_gl000237	1	2293	45867	0.0499924
chrUn_gl000237	2	104	45867	0.00226743
chrUn_gl000237	3	33	45867	0.000719472
chrUn_gl000238	0	39739	39939	0.994992
chrUn_gl000238	1	200	39939	0.00500764
chrUn_gl000239	0	32154	33824	0.950627
chrUn_gl000239	1	1590	33824	0.047008
chrUn_gl000239	2	80	33824	0.00236518
chrUn_gl000240	0	41359	41933	0.986311
chrUn_gl000240	1	548	41933	0.0130685
chrUn_gl000240	2	26	41933	0.000620037
chrUn_gl000241	0	39148	42152	0.928734
chrUn_gl000241	1	2858	42152	0.0678022
chrUn_gl000241	2	146	42152	0.00346366
chrUn_gl000242	0	43123	43523	0.990809
chrUn_gl000242	1	400	43523	0.00919054
chrUn_gl000243	0	41810	43341	0.964675
chrUn_gl000243	1	1362	43341	0.0314252
chrUn_gl000243	2	169	43341	0.00389931
chrUn_gl000244	0	39228	39929	0.982444
chrUn_gl000244	1	652	39929	0.016329
chrUn_gl000244	2	49	39929	0.00122718
chrUn_gl000245	0	34916	36651	0.952662
chrUn_gl000245	1	1670	36651	0.0455649
chrUn_gl000245	2	65	36651	0.00177348
chrUn_gl000246	0	38004	38154	0.996069
chrUn_gl000246	1	150	38154	0.00393144
chrUn_gl000247	0	35779	36422	0.982346
chrUn_gl000247	1	586	36422	0.0160892
chrUn_gl000247	2	57	36422	0.00156499
chrUn_gl000248	0	39236	39786	0.986176
chrUn_gl000248	1	550	39786	0.013824
chrUn_gl000249	0	38114	38502	0.989923
chrUn_gl000249	1	376	38502	0.00976573
chrUn_gl000249	2	12	38502	0.000311672
chr18_gl000207_random	0	4262	4262	1
genome	0	3098887828	3137161264	0.9878
genome	1	37231237	3137161264	0.0118678
genome	2	911412	3137161264	0.000290521
genome	3	42202	3137161264	1.34523e-05
genome	4	20052	3137161264	6.39177e-06
genome	5	14438	3137161264	4.60225e-06
genome	6	10376	3137161264	3.30745e-06
genome	7	7286	3137161264	2.32248e-06
genome	8	5550	3137161264	1.76912e-06
genome	9	4801	3137161264	1.53036e-06
genome	10	3836	3137161264	1.22276e-06
genome	11	3212	3137161264	1.02386e-06
genome	12	2956	3137161264	9.42253e-07
genome	13	2462	3137161264	7.84786e-07
genome	14	2241	3137161264	7.1434e-07
genome	15	1645	3137161264	5.24359e-07
genome	16	1621	3137161264	5.16709e-07
genome	17	1260	3137161264	4.01637e-07
genome	18	981	3137161264	3.12703e-07
genome	19	754	3137161264	2.40345e-07
genome	20	581	3137161264	1.85199e-07
genome	21	556	3137161264	1.7723e-07
genome	22	398	3137161264	1.26866e-07
genome	23	295	3137161264	9.40341e-08
genome	24	268	3137161264	8.54276e-08
genome	25	207	3137161264	6.59832e-08
genome	26	176	3137161264	5.61017e-08
genome	27	149	3137161264	4.74952e-08
genome	28	138	3137161264	4.39888e-08
genome	29	98	3137161264	3.12384e-08
genome	30	100	3137161264	3.1876e-08
genome	31	92	3137161264	2.93259e-08
genome	32	116	3137161264	3.69761e-08
genome	33	99	3137161264	3.15572e-08
genome	34	118	3137161264	3.76136e-08
genome	35	113	3137161264	3.60198e-08
genome	36	82	3137161264	2.61383e-08
genome	37	108	3137161264	3.4426e-08
genome	38	88	3137161264	2.80508e-08
genome	39	85	3137161264	2.70946e-08
genome	40	99	3137161264	3.15572e-08
genome	41	65	3137161264	2.07194e-08
genome	42	50	3137161264	1.5938e-08
genome	43	32	3137161264	1.02003e-08
genome	44	28	3137161264	8.92527e-09
genome	45	32	3137161264	1.02003e-08
genome	46	18	3137161264	5.73767e-09
genome	47	25	3137161264	7.96899e-09
genome	48	24	3137161264	7.65023e-09
genome	49	32	3137161264	1.02003e-08
genome	50	29	3137161264	9.24403e-09
genome	51	46	3137161264	1.46629e-08
genome	52	34	3137161264	1.08378e-08
genome	53	29	3137161264	9.24403e-09
genome	54	32	3137161264	1.02003e-08
genome	55	30	3137161264	9.56279e-09
genome	56	21	3137161264	6.69395e-09
genome	57	18	3137161264	5.73767e-09
genome	58	18	3137161264	5.73767e-09
genome	59	23	3137161264	7.33147e-09
genome	60	18	3137161264	5.73767e-09
genome	61	22	3137161264	7.01271e-09
genome	62	26	3137161264	8.28775e-09
genome	63	27	3137161264	8.60651e-09
genome	64	19	3137161264	6.05643e-09
genome	65	15	3137161264	4.78139e-09
genome	66	17	3137161264	5.41891e-09
genome	67	14	3137161264	4.46263e-09
genome	68	17	3137161264	5.41891e-09
genome	69	7	3137161264	2.23132e-09
genome	70	9	3137161264	2.86884e-09
genome	71	9	3137161264	2.86884e-09
genome	72	9	3137161264	2.86884e-09
genome	73	5	3137161264	1.5938e-09
genome	74	8	3137161264	2.55008e-09
genome	75	2	3137161264	6.37519e-10
genome	76	6	3137161264	1.91256e-09
genome	77	4	3137161264	1.27504e-09
genome	78	2	3137161264	6.37519e-10
genome	79	5	3137161264	1.5938e-09
genome	80	3	3137161264	9.56279e-10
genome	81	1	3137161264	3.1876e-10
genome	85	1	3137161264	3.1876e-10
genome	86	2	3137161264	6.37519e-10
genome	89	1	3137161264	3.1876e-10
genome	90	1	3137161264	3.1876e-10
genome	94	1	3137161264	3.1876e-10
genome	95	1	3137161264	3.1876e-10
genome	96	1	3137161264	3.1876e-10
genome	97	6	3137161264	1.91256e-09
genome	98	1	3137161264	3.1876e-10
genome	99	1	3137161264	3.1876e-10
genome	100	2	3137161264	6.37519e-10
genome	101	1	3137161264	3.1876e-10
genome	102	3	3137161264	9.56279e-10
genome	103	5	3137161264	1.5938e-09
genome	104	4	3137161264	1.27504e-09
genome	105	7	3137161264	2.23132e-09
genome	106	5	3137161264	1.5938e-09
genome	107	4	3137161264	1.27504e-09
genome	108	1	3137161264	3.1876e-10
genome	109	2	3137161264	6.37519e-10
genome	110	2	3137161264	6.37519e-10
genome	111	6	3137161264	1.91256e-09
genome	112	6	3137161264	1.91256e-09
genome	113	6	3137161264	1.91256e-09
genome	114	3	3137161264	9.56279e-10
genome	115	4	3137161264	1.27504e-09
genome	116	2	3137161264	6.37519e-10
genome	117	3	3137161264	9.56279e-10
genome	118	3	3137161264	9.56279e-10
genome	119	5	3137161264	1.5938e-09
genome	120	10	3137161264	3.1876e-09
genome	121	6	3137161264	1.91256e-09
genome	122	5	3137161264	1.5938e-09
genome	123	11	3137161264	3.50635e-09
genome	124	7	3137161264	2.23132e-09
genome	125	10	3137161264	3.1876e-09
genome	126	11	3137161264	3.50635e-09
genome	127	10	3137161264	3.1876e-09
genome	128	13	3137161264	4.14387e-09
genome	129	16	3137161264	5.10015e-09
genome	130	14	3137161264	4.46263e-09
genome	131	12	3137161264	3.82511e-09
genome	132	9	3137161264	2.86884e-09
genome	133	10	3137161264	3.1876e-09
genome	134	3	3137161264	9.56279e-10
genome	135	4	3137161264	1.27504e-09
genome	136	4	3137161264	1.27504e-09
genome	137	2	3137161264	6.37519e-10
genome	138	3	3137161264	9.56279e-10
genome	139	4	3137161264	1.27504e-09
genome	141	3	3137161264	9.56279e-10
genome	142	1	3137161264	3.1876e-10
genome	143	2	3137161264	6.37519e-10
genome	144	1	3137161264	3.1876e-10
genome	145	2	3137161264	6.37519e-10
genome	146	3	3137161264	9.56279e-10
genome	147	5	3137161264	1.5938e-09
genome	148	1	3137161264	3.1876e-10
genome	149	2	3137161264	6.37519e-10
genome	150	2	3137161264	6.37519e-10
genome	151	1	3137161264	3.1876e-10
genome	152	4	3137161264	1.27504e-09
genome	153	2	3137161264	6.37519e-10
genome	154	2	3137161264	6.37519e-10
genome	155	9	3137161264	2.86884e-09
genome	156	2	3137161264	6.37519e-10
genome	159	1	3137161264	3.1876e-10
genome	160	1	3137161264	3.1876e-10
genome	163	1	3137161264	3.1876e-10
genome	164	2	3137161264	6.37519e-10
genome	166	3	3137161264	9.56279e-10
genome	167	1	3137161264	3.1876e-10
genome	168	2	3137161264	6.37519e-10
genome	169	1	3137161264	3.1876e-10
genome	172	4	3137161264	1.27504e-09
genome	173	1	3137161264	3.1876e-10
genome	177	3	3137161264	9.56279e-10
genome	178	1	3137161264	3.1876e-10
