chrM	0	66	16571	0.00398286
chrM	1	68	16571	0.00410355
chrM	2	299	16571	0.0180436
chrM	3	546	16571	0.0329491
chrM	4	1013	16571	0.0611309
chrM	5	1285	16571	0.0775451
chrM	6	1763	16571	0.106391
chrM	7	1751	16571	0.105667
chrM	8	1605	16571	0.096856
chrM	9	1797	16571	0.108442
chrM	10	1640	16571	0.0989681
chrM	11	1215	16571	0.0733209
chrM	12	984	16571	0.0593808
chrM	13	779	16571	0.0470098
chrM	14	644	16571	0.0388631
chrM	15	429	16571	0.0258886
chrM	16	224	16571	0.0135176
chrM	17	180	16571	0.0108623
chrM	18	118	16571	0.00712087
chrM	19	86	16571	0.00518979
chrM	20	36	16571	0.00217247
chrM	21	22	16571	0.00132762
chrM	22	6	16571	0.000362078
chrM	23	7	16571	0.000422425
chrM	24	7	16571	0.000422425
chrM	25	1	16571	6.03464e-05
chr1	0	246155438	249250621	0.987582
chr1	1	3017761	249250621	0.0121073
chr1	2	73938	249250621	0.000296641
chr1	3	1726	249250621	6.92476e-06
chr1	4	237	249250621	9.5085e-07
chr1	5	128	249250621	5.13539e-07
chr1	6	40	249250621	1.60481e-07
chr1	7	88	249250621	3.53058e-07
chr1	8	47	249250621	1.88565e-07
chr1	9	32	249250621	1.28385e-07
chr1	10	29	249250621	1.16349e-07
chr1	11	7	249250621	2.80842e-08
chr1	12	5	249250621	2.00601e-08
chr1	13	7	249250621	2.80842e-08
chr1	14	8	249250621	3.20962e-08
chr1	15	10	249250621	4.01203e-08
chr1	16	3	249250621	1.20361e-08
chr1	17	3	249250621	1.20361e-08
chr1	18	1	249250621	4.01203e-09
chr1	19	13	249250621	5.21563e-08
chr1	20	12	249250621	4.81443e-08
chr1	21	11	249250621	4.41323e-08
chr1	22	4	249250621	1.60481e-08
chr1	23	2	249250621	8.02405e-09
chr1	24	9	249250621	3.61082e-08
chr1	25	9	249250621	3.61082e-08
chr1	26	15	249250621	6.01804e-08
chr1	27	22	249250621	8.82646e-08
chr1	28	21	249250621	8.42525e-08
chr1	29	19	249250621	7.62285e-08
chr1	30	19	249250621	7.62285e-08
chr1	31	27	249250621	1.08325e-07
chr1	32	29	249250621	1.16349e-07
chr1	33	16	249250621	6.41924e-08
chr1	34	7	249250621	2.80842e-08
chr1	35	17	249250621	6.82044e-08
chr1	36	16	249250621	6.41924e-08
chr1	37	12	249250621	4.81443e-08
chr1	38	15	249250621	6.01804e-08
chr1	39	15	249250621	6.01804e-08
chr1	40	9	249250621	3.61082e-08
chr1	41	18	249250621	7.22165e-08
chr1	42	25	249250621	1.00301e-07
chr1	43	17	249250621	6.82044e-08
chr1	44	21	249250621	8.42525e-08
chr1	45	11	249250621	4.41323e-08
chr1	46	19	249250621	7.62285e-08
chr1	47	15	249250621	6.01804e-08
chr1	48	21	249250621	8.42525e-08
chr1	49	13	249250621	5.21563e-08
chr1	50	12	249250621	4.81443e-08
chr1	51	8	249250621	3.20962e-08
chr1	52	15	249250621	6.01804e-08
chr1	53	9	249250621	3.61082e-08
chr1	54	13	249250621	5.21563e-08
chr1	55	13	249250621	5.21563e-08
chr1	56	12	249250621	4.81443e-08
chr1	57	26	249250621	1.04313e-07
chr1	58	25	249250621	1.00301e-07
chr1	59	12	249250621	4.81443e-08
chr1	60	13	249250621	5.21563e-08
chr1	61	10	249250621	4.01203e-08
chr1	62	14	249250621	5.61684e-08
chr1	63	16	249250621	6.41924e-08
chr1	64	4	249250621	1.60481e-08
chr1	65	4	249250621	1.60481e-08
chr1	66	11	249250621	4.41323e-08
chr1	67	7	249250621	2.80842e-08
chr1	68	4	249250621	1.60481e-08
chr1	69	4	249250621	1.60481e-08
chr1	71	3	249250621	1.20361e-08
chr1	72	10	249250621	4.01203e-08
chr1	73	1	249250621	4.01203e-09
chr1	74	3	249250621	1.20361e-08
chr1	75	4	249250621	1.60481e-08
chr1	76	6	249250621	2.40722e-08
chr1	77	7	249250621	2.80842e-08
chr1	78	9	249250621	3.61082e-08
chr1	79	6	249250621	2.40722e-08
chr1	80	8	249250621	3.20962e-08
chr1	81	4	249250621	1.60481e-08
chr1	82	4	249250621	1.60481e-08
chr1	83	5	249250621	2.00601e-08
chr1	84	8	249250621	3.20962e-08
chr1	85	3	249250621	1.20361e-08
chr1	86	3	249250621	1.20361e-08
chr1	87	1	249250621	4.01203e-09
chr1	88	3	249250621	1.20361e-08
chr1	89	4	249250621	1.60481e-08
chr1	90	3	249250621	1.20361e-08
chr1	91	6	249250621	2.40722e-08
chr1	92	1	249250621	4.01203e-09
chr1	93	2	249250621	8.02405e-09
chr1	94	3	249250621	1.20361e-08
chr1	95	1	249250621	4.01203e-09
chr1	96	6	249250621	2.40722e-08
chr1	97	4	249250621	1.60481e-08
chr1	98	2	249250621	8.02405e-09
chr1	99	3	249250621	1.20361e-08
chr1	100	2	249250621	8.02405e-09
chr1	101	2	249250621	8.02405e-09
chr1	102	8	249250621	3.20962e-08
chr1	103	2	249250621	8.02405e-09
chr1	104	5	249250621	2.00601e-08
chr1	105	5	249250621	2.00601e-08
chr1	106	3	249250621	1.20361e-08
chr1	107	3	249250621	1.20361e-08
chr1	108	1	249250621	4.01203e-09
chr1	110	1	249250621	4.01203e-09
chr1	111	3	249250621	1.20361e-08
chr1	112	3	249250621	1.20361e-08
chr1	113	6	249250621	2.40722e-08
chr1	114	2	249250621	8.02405e-09
chr1	115	5	249250621	2.00601e-08
chr1	116	2	249250621	8.02405e-09
chr1	117	7	249250621	2.80842e-08
chr1	118	2	249250621	8.02405e-09
chr1	119	3	249250621	1.20361e-08
chr1	120	6	249250621	2.40722e-08
chr1	121	8	249250621	3.20962e-08
chr1	122	6	249250621	2.40722e-08
chr1	123	3	249250621	1.20361e-08
chr1	124	3	249250621	1.20361e-08
chr1	125	3	249250621	1.20361e-08
chr1	126	6	249250621	2.40722e-08
chr1	127	1	249250621	4.01203e-09
chr1	128	6	249250621	2.40722e-08
chr1	129	6	249250621	2.40722e-08
chr1	130	5	249250621	2.00601e-08
chr1	131	3	249250621	1.20361e-08
chr1	132	4	249250621	1.60481e-08
chr1	133	3	249250621	1.20361e-08
chr1	134	7	249250621	2.80842e-08
chr1	135	12	249250621	4.81443e-08
chr1	136	8	249250621	3.20962e-08
chr1	137	16	249250621	6.41924e-08
chr1	138	3	249250621	1.20361e-08
chr1	139	6	249250621	2.40722e-08
chr1	140	1	249250621	4.01203e-09
chr1	141	1	249250621	4.01203e-09
chr1	142	2	249250621	8.02405e-09
chr1	143	4	249250621	1.60481e-08
chr1	144	6	249250621	2.40722e-08
chr1	145	9	249250621	3.61082e-08
chr1	146	6	249250621	2.40722e-08
chr1	147	2	249250621	8.02405e-09
chr1	148	5	249250621	2.00601e-08
chr1	149	2	249250621	8.02405e-09
chr1	150	4	249250621	1.60481e-08
chr1	151	3	249250621	1.20361e-08
chr1	152	3	249250621	1.20361e-08
chr1	153	4	249250621	1.60481e-08
chr1	154	4	249250621	1.60481e-08
chr1	155	2	249250621	8.02405e-09
chr1	156	3	249250621	1.20361e-08
chr1	159	1	249250621	4.01203e-09
chr1	160	1	249250621	4.01203e-09
chr1	162	2	249250621	8.02405e-09
chr1	163	5	249250621	2.00601e-08
chr1	165	1	249250621	4.01203e-09
chr1	167	1	249250621	4.01203e-09
chr1	168	4	249250621	1.60481e-08
chr1	170	2	249250621	8.02405e-09
chr1	171	4	249250621	1.60481e-08
chr1	172	1	249250621	4.01203e-09
chr1	173	2	249250621	8.02405e-09
chr1	174	1	249250621	4.01203e-09
chr1	175	1	249250621	4.01203e-09
chr1	176	1	249250621	4.01203e-09
chr1	177	3	249250621	1.20361e-08
chr1	178	2	249250621	8.02405e-09
chr1	179	1	249250621	4.01203e-09
chr1	180	1	249250621	4.01203e-09
chr1	181	1	249250621	4.01203e-09
chr1	184	2	249250621	8.02405e-09
chr1	186	1	249250621	4.01203e-09
chr2	0	240032613	243199373	0.986979
chr2	1	3087141	243199373	0.0126939
chr2	2	71901	243199373	0.000295646
chr2	3	3193	243199373	1.31291e-05
chr2	4	1432	243199373	5.88817e-06
chr2	5	1082	243199373	4.44902e-06
chr2	6	820	243199373	3.37172e-06
chr2	7	339	243199373	1.39392e-06
chr2	8	224	243199373	9.21055e-07
chr2	9	191	243199373	7.85364e-07
chr2	10	129	243199373	5.30429e-07
chr2	11	77	243199373	3.16613e-07
chr2	12	40	243199373	1.64474e-07
chr2	13	14	243199373	5.75659e-08
chr2	14	21	243199373	8.63489e-08
chr2	15	13	243199373	5.34541e-08
chr2	16	22	243199373	9.04608e-08
chr2	17	12	243199373	4.93422e-08
chr2	18	22	243199373	9.04608e-08
chr2	19	20	243199373	8.22371e-08
chr2	20	14	243199373	5.75659e-08
chr2	21	17	243199373	6.99015e-08
chr2	22	13	243199373	5.34541e-08
chr2	24	2	243199373	8.22371e-09
chr2	25	7	243199373	2.8783e-08
chr2	26	10	243199373	4.11185e-08
chr2	27	2	243199373	8.22371e-09
chr2	28	2	243199373	8.22371e-09
chr3	0	195401217	198022430	0.986763
chr3	1	2562749	198022430	0.0129417
chr3	2	57450	198022430	0.000290119
chr3	3	911	198022430	4.60049e-06
chr3	4	5	198022430	2.52497e-08
chr3	5	6	198022430	3.02996e-08
chr3	6	1	198022430	5.04993e-09
chr3	7	14	198022430	7.06991e-08
chr3	8	22	198022430	1.11099e-07
chr3	9	28	198022430	1.41398e-07
chr3	10	18	198022430	9.08988e-08
chr3	11	2	198022430	1.00999e-08
chr3	12	7	198022430	3.53495e-08
chr4	0	188685987	191154276	0.987087
chr4	1	2414545	191154276	0.0126314
chr4	2	51703	191154276	0.000270478
chr4	3	1479	191154276	7.73721e-06
chr4	4	367	191154276	1.91992e-06
chr4	5	133	191154276	6.95773e-07
chr4	6	29	191154276	1.5171e-07
chr4	7	9	191154276	4.70824e-08
chr4	8	24	191154276	1.25553e-07
chr5	0	178611135	180915260	0.987264
chr5	1	2253745	180915260	0.0124575
chr5	2	48127	180915260	0.00026602
chr5	3	712	180915260	3.93554e-06
chr5	4	226	180915260	1.2492e-06
chr5	5	135	180915260	7.46206e-07
chr5	6	189	180915260	1.04469e-06
chr5	7	262	180915260	1.44819e-06
chr5	8	214	180915260	1.18287e-06
chr5	9	170	180915260	9.39666e-07
chr5	10	122	180915260	6.74349e-07
chr5	11	89	180915260	4.91943e-07
chr5	12	61	180915260	3.37174e-07
chr5	13	24	180915260	1.32659e-07
chr5	14	22	180915260	1.21604e-07
chr5	15	11	180915260	6.08019e-08
chr5	16	13	180915260	7.18568e-08
chr5	17	2	180915260	1.10549e-08
chr5	18	1	180915260	5.52745e-09
chr6	0	168933877	171115067	0.987253
chr6	1	2131458	171115067	0.0124563
chr6	2	45525	171115067	0.000266049
chr6	3	913	171115067	5.33559e-06
chr6	4	193	171115067	1.1279e-06
chr6	5	68	171115067	3.97393e-07
chr6	6	79	171115067	4.61678e-07
chr6	7	127	171115067	7.42191e-07
chr6	8	205	171115067	1.19802e-06
chr6	9	176	171115067	1.02855e-06
chr6	10	276	171115067	1.61295e-06
chr6	11	243	171115067	1.4201e-06
chr6	12	267	171115067	1.56035e-06
chr6	13	287	171115067	1.67723e-06
chr6	14	192	171115067	1.12205e-06
chr6	15	221	171115067	1.29153e-06
chr6	16	221	171115067	1.29153e-06
chr6	17	189	171115067	1.10452e-06
chr6	18	176	171115067	1.02855e-06
chr6	19	154	171115067	8.99979e-07
chr6	20	95	171115067	5.55182e-07
chr6	21	58	171115067	3.38953e-07
chr6	22	36	171115067	2.10385e-07
chr6	23	5	171115067	2.92201e-08
chr6	24	11	171115067	6.42842e-08
chr6	25	6	171115067	3.50641e-08
chr6	26	2	171115067	1.1688e-08
chr6	27	2	171115067	1.1688e-08
chr6	28	2	171115067	1.1688e-08
chr6	29	1	171115067	5.84402e-09
chr6	30	2	171115067	1.1688e-08
chr7	0	157076911	159138663	0.987044
chr7	1	2013175	159138663	0.0126504
chr7	2	46062	159138663	0.000289446
chr7	3	1011	159138663	6.35295e-06
chr7	4	138	159138663	8.67168e-07
chr7	5	97	159138663	6.09531e-07
chr7	6	76	159138663	4.77571e-07
chr7	7	52	159138663	3.26759e-07
chr7	8	53	159138663	3.33043e-07
chr7	9	49	159138663	3.07908e-07
chr7	10	52	159138663	3.26759e-07
chr7	11	28	159138663	1.75947e-07
chr7	12	33	159138663	2.07366e-07
chr7	13	58	159138663	3.64462e-07
chr7	14	20	159138663	1.25677e-07
chr7	15	53	159138663	3.33043e-07
chr7	16	32	159138663	2.01083e-07
chr7	17	65	159138663	4.08449e-07
chr7	18	93	159138663	5.84396e-07
chr7	19	65	159138663	4.08449e-07
chr7	20	42	159138663	2.63921e-07
chr7	21	44	159138663	2.76488e-07
chr7	22	47	159138663	2.9534e-07
chr7	23	44	159138663	2.76488e-07
chr7	24	22	159138663	1.38244e-07
chr7	25	38	159138663	2.38785e-07
chr7	26	47	159138663	2.9534e-07
chr7	27	42	159138663	2.63921e-07
chr7	28	13	159138663	8.16898e-08
chr7	29	12	159138663	7.54059e-08
chr7	30	9	159138663	5.65545e-08
chr7	31	17	159138663	1.06825e-07
chr7	32	25	159138663	1.57096e-07
chr7	33	41	159138663	2.57637e-07
chr7	34	36	159138663	2.26218e-07
chr7	35	9	159138663	5.65545e-08
chr7	36	15	159138663	9.42574e-08
chr7	37	13	159138663	8.16898e-08
chr7	38	9	159138663	5.65545e-08
chr7	39	3	159138663	1.88515e-08
chr7	40	5	159138663	3.14191e-08
chr7	41	4	159138663	2.51353e-08
chr7	42	1	159138663	6.28383e-09
chr7	43	2	159138663	1.25677e-08
chr8	0	144439127	146364022	0.986849
chr8	1	1874111	146364022	0.0128045
chr8	2	45780	146364022	0.000312782
chr8	3	2533	146364022	1.73062e-05
chr8	4	1090	146364022	7.44719e-06
chr8	5	642	146364022	4.38632e-06
chr8	6	301	146364022	2.05652e-06
chr8	7	179	146364022	1.22298e-06
chr8	8	90	146364022	6.14905e-07
chr8	9	62	146364022	4.23601e-07
chr8	10	46	146364022	3.14285e-07
chr8	11	25	146364022	1.70807e-07
chr8	12	14	146364022	9.56519e-08
chr8	14	10	146364022	6.83228e-08
chr8	15	12	146364022	8.19874e-08
chr9	0	139621300	141213431	0.988725
chr9	1	1552809	141213431	0.0109962
chr9	2	38362	141213431	0.00027166
chr9	3	790	141213431	5.59437e-06
chr9	4	83	141213431	5.87763e-07
chr9	5	60	141213431	4.24889e-07
chr9	6	24	141213431	1.69956e-07
chr9	7	3	141213431	2.12444e-08
chr10	0	133810444	135534747	0.987278
chr10	1	1669353	135534747	0.0123168
chr10	2	44187	135534747	0.00032602
chr10	3	2937	135534747	2.16697e-05
chr10	4	1539	135534747	1.1355e-05
chr10	5	1148	135534747	8.47015e-06
chr10	6	906	135534747	6.68463e-06
chr10	7	620	135534747	4.57447e-06
chr10	8	468	135534747	3.45299e-06
chr10	9	370	135534747	2.72993e-06
chr10	10	334	135534747	2.46431e-06
chr10	11	263	135534747	1.94046e-06
chr10	12	291	135534747	2.14705e-06
chr10	13	244	135534747	1.80028e-06
chr10	14	200	135534747	1.47564e-06
chr10	15	175	135534747	1.29118e-06
chr10	16	166	135534747	1.22478e-06
chr10	17	157	135534747	1.15837e-06
chr10	18	95	135534747	7.00927e-07
chr10	19	70	135534747	5.16473e-07
chr10	20	107	135534747	7.89465e-07
chr10	21	60	135534747	4.42691e-07
chr10	22	76	135534747	5.60742e-07
chr10	23	49	135534747	3.61531e-07
chr10	24	35	135534747	2.58236e-07
chr10	25	48	135534747	3.54153e-07
chr10	26	28	135534747	2.06589e-07
chr10	27	66	135534747	4.8696e-07
chr10	28	37	135534747	2.72993e-07
chr10	29	42	135534747	3.09884e-07
chr10	30	27	135534747	1.99211e-07
chr10	31	33	135534747	2.4348e-07
chr10	32	26	135534747	1.91833e-07
chr10	33	27	135534747	1.99211e-07
chr10	34	11	135534747	8.116e-08
chr10	35	14	135534747	1.03295e-07
chr10	36	13	135534747	9.59164e-08
chr10	37	16	135534747	1.18051e-07
chr10	38	9	135534747	6.64036e-08
chr10	39	4	135534747	2.95127e-08
chr10	40	4	135534747	2.95127e-08
chr10	41	10	135534747	7.37818e-08
chr10	42	3	135534747	2.21345e-08
chr10	43	2	135534747	1.47564e-08
chr10	44	13	135534747	9.59164e-08
chr10	45	5	135534747	3.68909e-08
chr10	46	4	135534747	2.95127e-08
chr10	47	4	135534747	2.95127e-08
chr10	48	2	135534747	1.47564e-08
chr10	49	1	135534747	7.37818e-09
chr10	50	2	135534747	1.47564e-08
chr10	51	2	135534747	1.47564e-08
chr11	0	133286097	135006516	0.987257
chr11	1	1676983	135006516	0.0124215
chr11	2	40901	135006516	0.000302956
chr11	3	936	135006516	6.933e-06
chr11	4	439	135006516	3.2517e-06
chr11	5	318	135006516	2.35544e-06
chr11	6	234	135006516	1.73325e-06
chr11	7	146	135006516	1.08143e-06
chr11	8	93	135006516	6.88856e-07
chr11	9	66	135006516	4.88865e-07
chr11	10	63	135006516	4.66644e-07
chr11	11	74	135006516	5.48122e-07
chr11	12	50	135006516	3.70352e-07
chr11	13	33	135006516	2.44433e-07
chr11	14	7	135006516	5.18494e-08
chr11	15	16	135006516	1.18513e-07
chr11	16	38	135006516	2.81468e-07
chr11	17	19	135006516	1.40734e-07
chr11	18	2	135006516	1.48141e-08
chr11	19	1	135006516	7.40705e-09
chr12	0	132052446	133851895	0.986556
chr12	1	1754872	133851895	0.0131106
chr12	2	43272	133851895	0.000323283
chr12	3	866	133851895	6.46984e-06
chr12	4	105	133851895	7.84449e-07
chr12	5	136	133851895	1.01605e-06
chr12	6	98	133851895	7.32153e-07
chr12	7	36	133851895	2.68954e-07
chr12	8	30	133851895	2.24128e-07
chr12	9	8	133851895	5.97676e-08
chr12	10	12	133851895	8.96513e-08
chr12	11	6	133851895	4.48257e-08
chr12	12	6	133851895	4.48257e-08
chr12	13	2	133851895	1.49419e-08
chr13	0	113879065	115169878	0.988792
chr13	1	1264146	115169878	0.0109764
chr13	2	25896	115169878	0.00022485
chr13	3	694	115169878	6.02588e-06
chr13	4	30	115169878	2.60485e-07
chr13	5	23	115169878	1.99705e-07
chr13	6	23	115169878	1.99705e-07
chr13	7	1	115169878	8.68283e-09
chr14	0	106129498	107349540	0.988635
chr14	1	1192028	107349540	0.0111042
chr14	2	27526	107349540	0.000256415
chr14	3	482	107349540	4.49001e-06
chr14	4	6	107349540	5.58922e-08
chr15	0	101437311	102531392	0.989329
chr15	1	1069522	102531392	0.0104312
chr15	2	24179	102531392	0.00023582
chr15	3	350	102531392	3.41359e-06
chr15	4	30	102531392	2.92593e-07
chr16	0	89227885	90354753	0.987528
chr16	1	1081322	90354753	0.0119675
chr16	2	34278	90354753	0.000379371
chr16	3	4542	90354753	5.02685e-05
chr16	4	2371	90354753	2.6241e-05
chr16	5	1690	90354753	1.87041e-05
chr16	6	953	90354753	1.05473e-05
chr16	7	583	90354753	6.45234e-06
chr16	8	425	90354753	4.70368e-06
chr16	9	216	90354753	2.39058e-06
chr16	10	195	90354753	2.15816e-06
chr16	11	97	90354753	1.07355e-06
chr16	12	67	90354753	7.41522e-07
chr16	13	60	90354753	6.64049e-07
chr16	14	34	90354753	3.76295e-07
chr16	15	25	90354753	2.76687e-07
chr16	16	5	90354753	5.53374e-08
chr16	17	3	90354753	3.32025e-08
chr16	18	2	90354753	2.2135e-08
chr17	0	80121700	81195210	0.986779
chr17	1	1040240	81195210	0.0128116
chr17	2	29393	81195210	0.000362004
chr17	3	1677	81195210	2.06539e-05
chr17	4	627	81195210	7.72213e-06
chr17	5	402	81195210	4.95103e-06
chr17	6	276	81195210	3.39922e-06
chr17	7	225	81195210	2.7711e-06
chr17	8	148	81195210	1.82277e-06
chr17	9	143	81195210	1.76119e-06
chr17	10	98	81195210	1.20697e-06
chr17	11	27	81195210	3.32532e-07
chr17	12	46	81195210	5.66536e-07
chr17	13	42	81195210	5.17272e-07
chr17	14	23	81195210	2.83268e-07
chr17	15	24	81195210	2.95584e-07
chr17	16	3	81195210	3.6948e-08
chr17	17	4	81195210	4.9264e-08
chr17	18	1	81195210	1.2316e-08
chr17	20	7	81195210	8.6212e-08
chr17	22	9	81195210	1.10844e-07
chr17	23	7	81195210	8.6212e-08
chr17	24	7	81195210	8.6212e-08
chr17	25	10	81195210	1.2316e-07
chr17	26	11	81195210	1.35476e-07
chr17	27	5	81195210	6.158e-08
chr17	28	13	81195210	1.60108e-07
chr17	29	2	81195210	2.4632e-08
chr17	30	2	81195210	2.4632e-08
chr17	32	2	81195210	2.4632e-08
chr17	33	6	81195210	7.3896e-08
chr17	34	2	81195210	2.4632e-08
chr17	35	9	81195210	1.10844e-07
chr17	36	7	81195210	8.6212e-08
chr17	37	2	81195210	2.4632e-08
chr17	38	1	81195210	1.2316e-08
chr17	39	7	81195210	8.6212e-08
chr17	40	2	81195210	2.4632e-08
chr18	0	77059847	78077248	0.986969
chr18	1	991734	78077248	0.012702
chr18	2	22631	78077248	0.000289854
chr18	3	1343	78077248	1.72009e-05
chr18	4	589	78077248	7.54381e-06
chr18	5	325	78077248	4.16254e-06
chr18	6	212	78077248	2.71526e-06
chr18	7	193	78077248	2.47191e-06
chr18	8	109	78077248	1.39605e-06
chr18	9	70	78077248	8.96548e-07
chr18	10	33	78077248	4.22658e-07
chr18	11	42	78077248	5.37929e-07
chr18	12	45	78077248	5.76352e-07
chr18	13	25	78077248	3.20196e-07
chr18	14	19	78077248	2.43349e-07
chr18	15	13	78077248	1.66502e-07
chr18	16	10	78077248	1.28078e-07
chr18	17	3	78077248	3.84235e-08
chr18	18	5	78077248	6.40391e-08
chr19	0	58371540	59128983	0.98719
chr19	1	731485	59128983	0.012371
chr19	2	23125	59128983	0.000391094
chr19	3	954	59128983	1.61342e-05
chr19	4	337	59128983	5.6994e-06
chr19	5	235	59128983	3.97436e-06
chr19	6	150	59128983	2.53683e-06
chr19	7	102	59128983	1.72504e-06
chr19	8	97	59128983	1.64048e-06
chr19	9	109	59128983	1.84343e-06
chr19	10	86	59128983	1.45445e-06
chr19	11	99	59128983	1.67431e-06
chr19	12	94	59128983	1.58974e-06
chr19	13	26	59128983	4.39717e-07
chr19	14	18	59128983	3.04419e-07
chr19	15	19	59128983	3.21331e-07
chr19	16	37	59128983	6.25751e-07
chr19	17	31	59128983	5.24278e-07
chr19	18	12	59128983	2.02946e-07
chr19	19	3	59128983	5.07365e-08
chr19	20	26	59128983	4.39717e-07
chr19	21	10	59128983	1.69122e-07
chr19	22	20	59128983	3.38244e-07
chr19	23	16	59128983	2.70595e-07
chr19	24	5	59128983	8.45609e-08
chr19	25	17	59128983	2.87507e-07
chr19	26	20	59128983	3.38244e-07
chr19	27	26	59128983	4.39717e-07
chr19	28	24	59128983	4.05892e-07
chr19	29	21	59128983	3.55156e-07
chr19	30	29	59128983	4.90453e-07
chr19	31	19	59128983	3.21331e-07
chr19	32	8	59128983	1.35297e-07
chr19	33	7	59128983	1.18385e-07
chr19	34	6	59128983	1.01473e-07
chr19	35	6	59128983	1.01473e-07
chr19	36	6	59128983	1.01473e-07
chr19	39	1	59128983	1.69122e-08
chr19	40	2	59128983	3.38244e-08
chr19	42	2	59128983	3.38244e-08
chr19	43	5	59128983	8.45609e-08
chr19	44	1	59128983	1.69122e-08
chr19	45	1	59128983	1.69122e-08
chr19	46	5	59128983	8.45609e-08
chr19	47	9	59128983	1.5221e-07
chr19	48	5	59128983	8.45609e-08
chr19	49	4	59128983	6.76487e-08
chr19	50	20	59128983	3.38244e-07
chr19	51	6	59128983	1.01473e-07
chr19	53	5	59128983	8.45609e-08
chr19	54	6	59128983	1.01473e-07
chr19	55	2	59128983	3.38244e-08
chr19	56	5	59128983	8.45609e-08
chr19	57	5	59128983	8.45609e-08
chr19	58	10	59128983	1.69122e-07
chr19	59	8	59128983	1.35297e-07
chr19	60	4	59128983	6.76487e-08
chr19	61	9	59128983	1.5221e-07
chr19	62	5	59128983	8.45609e-08
chr19	63	4	59128983	6.76487e-08
chr19	64	3	59128983	5.07365e-08
chr19	65	4	59128983	6.76487e-08
chr19	66	1	59128983	1.69122e-08
chr19	67	1	59128983	1.69122e-08
chr19	68	1	59128983	1.69122e-08
chr19	69	1	59128983	1.69122e-08
chr19	71	1	59128983	1.69122e-08
chr19	72	2	59128983	3.38244e-08
chr19	75	2	59128983	3.38244e-08
chr19	76	1	59128983	1.69122e-08
chr19	80	1	59128983	1.69122e-08
chr19	81	2	59128983	3.38244e-08
chr19	82	3	59128983	5.07365e-08
chr19	83	2	59128983	3.38244e-08
chr19	84	2	59128983	3.38244e-08
chr19	85	5	59128983	8.45609e-08
chr19	87	2	59128983	3.38244e-08
chr20	0	62140450	63025520	0.985957
chr20	1	863850	63025520	0.0137064
chr20	2	20660	63025520	0.000327804
chr20	3	560	63025520	8.88529e-06
chr21	0	47649191	48129895	0.990012
chr21	1	468403	48129895	0.00973206
chr21	2	11821	48129895	0.000245606
chr21	3	415	48129895	8.6225e-06
chr21	4	65	48129895	1.35051e-06
chr22	0	50839880	51304566	0.990943
chr22	1	451134	51304566	0.00879325
chr22	2	13390	51304566	0.00026099
chr22	3	162	51304566	3.15761e-06
chrX	0	153364819	155270560	0.987726
chrX	1	1853451	155270560	0.0119369
chrX	2	46087	155270560	0.000296817
chrX	3	3311	155270560	2.13241e-05
chrX	4	1398	155270560	9.00364e-06
chrX	5	656	155270560	4.22488e-06
chrX	6	393	155270560	2.53107e-06
chrX	7	240	155270560	1.54569e-06
chrX	8	65	155270560	4.18624e-07
chrX	9	48	155270560	3.09138e-07
chrX	10	11	155270560	7.08441e-08
chrX	11	5	155270560	3.22019e-08
chrX	12	15	155270560	9.66056e-08
chrX	13	9	155270560	5.79633e-08
chrX	14	13	155270560	8.37248e-08
chrX	15	10	155270560	6.44037e-08
chrX	16	15	155270560	9.66056e-08
chrX	17	10	155270560	6.44037e-08
chrX	18	1	155270560	6.44037e-09
chrX	19	2	155270560	1.28807e-08
chrX	20	1	155270560	6.44037e-09
chrY	0	59327581	59373566	0.999225
chrY	1	41998	59373566	0.000707352
chrY	2	2887	59373566	4.86243e-05
chrY	3	549	59373566	9.24654e-06
chrY	4	150	59373566	2.52638e-06
chrY	5	70	59373566	1.17898e-06
chrY	6	55	59373566	9.26338e-07
chrY	7	73	59373566	1.2295e-06
chrY	8	41	59373566	6.90543e-07
chrY	9	24	59373566	4.0422e-07
chrY	10	26	59373566	4.37905e-07
chrY	11	31	59373566	5.22118e-07
chrY	12	32	59373566	5.3896e-07
chrY	13	12	59373566	2.0211e-07
chrY	14	6	59373566	1.01055e-07
chrY	15	25	59373566	4.21063e-07
chrY	16	6	59373566	1.01055e-07
chr1_gl000191_random	0	105733	106433	0.993423
chr1_gl000191_random	1	700	106433	0.00657691
chr1_gl000192_random	0	540113	547496	0.986515
chr1_gl000192_random	1	7166	547496	0.0130887
chr1_gl000192_random	2	217	547496	0.00039635
chr4_ctg9_hap1	0	587477	590426	0.995005
chr4_ctg9_hap1	1	2848	590426	0.00482364
chr4_ctg9_hap1	2	101	590426	0.000171063
chr4_gl000193_random	0	182265	189789	0.960356
chr4_gl000193_random	1	7134	189789	0.0375891
chr4_gl000193_random	2	363	189789	0.00191265
chr4_gl000193_random	3	18	189789	9.48422e-05
chr4_gl000193_random	4	9	189789	4.74211e-05
chr4_gl000194_random	0	185320	191469	0.967885
chr4_gl000194_random	1	5898	191469	0.0308039
chr4_gl000194_random	2	251	191469	0.00131092
chr6_apd_hap1	0	4617550	4622290	0.998975
chr6_apd_hap1	1	4630	4622290	0.00100167
chr6_apd_hap1	2	110	4622290	2.37977e-05
chr6_cox_hap2	0	4782264	4795371	0.997267
chr6_cox_hap2	1	12914	4795371	0.00269301
chr6_cox_hap2	2	193	4795371	4.02471e-05
chr6_dbb_hap3	0	4601398	4610396	0.998048
chr6_dbb_hap3	1	8846	4610396	0.00191871
chr6_dbb_hap3	2	152	4610396	3.2969e-05
chr6_mann_hap4	0	4675185	4683263	0.998275
chr6_mann_hap4	1	8006	4683263	0.00170949
chr6_mann_hap4	2	72	4683263	1.53739e-05
chr6_mcf_hap5	0	4824808	4833398	0.998223
chr6_mcf_hap5	1	8380	4833398	0.00173377
chr6_mcf_hap5	2	210	4833398	4.34477e-05
chr6_qbl_hap6	0	4601326	4611984	0.997689
chr6_qbl_hap6	1	10166	4611984	0.00220426
chr6_qbl_hap6	2	492	4611984	0.000106679
chr6_ssto_hap7	0	4918589	4928567	0.997975
chr6_ssto_hap7	1	9656	4928567	0.00195919
chr6_ssto_hap7	2	322	4928567	6.53334e-05
chr7_gl000195_random	0	173223	182896	0.947112
chr7_gl000195_random	1	9321	182896	0.0509634
chr7_gl000195_random	2	327	182896	0.0017879
chr7_gl000195_random	3	25	182896	0.00013669
chr8_gl000196_random	0	38514	38914	0.989721
chr8_gl000196_random	1	400	38914	0.0102791
chr8_gl000197_random	0	36864	37175	0.991634
chr8_gl000197_random	1	272	37175	0.00731675
chr8_gl000197_random	2	39	37175	0.00104909
chr9_gl000198_random	0	85766	90085	0.952056
chr9_gl000198_random	1	4065	90085	0.0451241
chr9_gl000198_random	2	227	90085	0.00251984
chr9_gl000198_random	3	27	90085	0.000299717
chr9_gl000199_random	0	149871	169874	0.882248
chr9_gl000199_random	1	15989	169874	0.0941227
chr9_gl000199_random	2	2774	169874	0.0163298
chr9_gl000199_random	3	821	169874	0.00483299
chr9_gl000199_random	4	131	169874	0.00077116
chr9_gl000199_random	5	37	169874	0.000217808
chr9_gl000199_random	6	71	169874	0.000417957
chr9_gl000199_random	7	97	169874	0.000571011
chr9_gl000199_random	8	67	169874	0.00039441
chr9_gl000199_random	9	12	169874	7.06406e-05
chr9_gl000199_random	10	2	169874	1.17734e-05
chr9_gl000199_random	11	2	169874	1.17734e-05
chr9_gl000200_random	0	186185	187035	0.995455
chr9_gl000200_random	1	850	187035	0.0045446
chr9_gl000201_random	0	35729	36148	0.988409
chr9_gl000201_random	1	388	36148	0.0107337
chr9_gl000201_random	2	31	36148	0.000857585
chr11_gl000202_random	0	39903	40103	0.995013
chr11_gl000202_random	1	200	40103	0.00498716
chr17_ctg5_hap1	0	1668111	1680828	0.992434
chr17_ctg5_hap1	1	12234	1680828	0.00727856
chr17_ctg5_hap1	2	483	1680828	0.000287358
chr17_gl000203_random	0	37248	37498	0.993333
chr17_gl000203_random	1	250	37498	0.00666702
chr17_gl000204_random	0	80860	81310	0.994466
chr17_gl000204_random	1	450	81310	0.00553437
chr17_gl000205_random	0	165018	174588	0.945185
chr17_gl000205_random	1	9118	174588	0.0522258
chr17_gl000205_random	2	424	174588	0.00242857
chr17_gl000205_random	3	28	174588	0.000160378
chr17_gl000206_random	0	40771	41001	0.99439
chr17_gl000206_random	1	210	41001	0.00512183
chr17_gl000206_random	2	20	41001	0.000487793
chr18_gl000207_random	0	4212	4262	0.988268
chr18_gl000207_random	1	50	4262	0.0117316
chr19_gl000208_random	0	88780	92689	0.957827
chr19_gl000208_random	1	3470	92689	0.037437
chr19_gl000208_random	2	343	92689	0.00370055
chr19_gl000208_random	3	90	92689	0.000970989
chr19_gl000208_random	4	6	92689	6.47326e-05
chr19_gl000209_random	0	158569	159169	0.99623
chr19_gl000209_random	1	600	159169	0.00376958
chr21_gl000210_random	0	27432	27682	0.990969
chr21_gl000210_random	1	250	27682	0.00903114
chrUn_gl000211	0	163664	166566	0.982578
chrUn_gl000211	1	2804	166566	0.0168342
chrUn_gl000211	2	98	166566	0.000588355
chrUn_gl000212	0	183088	186858	0.979824
chrUn_gl000212	1	3561	186858	0.0190573
chrUn_gl000212	2	188	186858	0.00100611
chrUn_gl000212	3	21	186858	0.000112385
chrUn_gl000213	0	163155	164239	0.9934
chrUn_gl000213	1	1068	164239	0.00650272
chrUn_gl000213	2	16	164239	9.7419e-05
chrUn_gl000214	0	127858	137718	0.928404
chrUn_gl000214	1	9095	137718	0.0660407
chrUn_gl000214	2	690	137718	0.00501024
chrUn_gl000214	3	75	137718	0.000544591
chrUn_gl000215	0	171885	172545	0.996175
chrUn_gl000215	1	620	172545	0.00359327
chrUn_gl000215	2	40	172545	0.000231824
chrUn_gl000216	0	162424	172294	0.942714
chrUn_gl000216	1	7712	172294	0.0447607
chrUn_gl000216	2	1040	172294	0.00603619
chrUn_gl000216	3	470	172294	0.0027279
chrUn_gl000216	4	347	172294	0.002014
chrUn_gl000216	5	147	172294	0.000853193
chrUn_gl000216	6	111	172294	0.000644248
chrUn_gl000216	7	38	172294	0.000220553
chrUn_gl000216	8	3	172294	1.74121e-05
chrUn_gl000216	9	1	172294	5.80403e-06
chrUn_gl000216	10	1	172294	5.80403e-06
chrUn_gl000217	0	168182	172149	0.976956
chrUn_gl000217	1	3934	172149	0.0228523
chrUn_gl000217	2	33	172149	0.000191694
chrUn_gl000218	0	155276	161147	0.963567
chrUn_gl000218	1	5371	161147	0.0333298
chrUn_gl000218	2	471	161147	0.0029228
chrUn_gl000218	3	29	161147	0.00017996
chrUn_gl000219	0	173874	179198	0.97029
chrUn_gl000219	1	4970	179198	0.0277347
chrUn_gl000219	2	332	179198	0.0018527
chrUn_gl000219	3	22	179198	0.000122769
chrUn_gl000220	0	120604	161802	0.74538
chrUn_gl000220	1	15114	161802	0.0934105
chrUn_gl000220	2	6705	161802	0.0414395
chrUn_gl000220	3	5001	161802	0.0309081
chrUn_gl000220	4	4192	161802	0.0259082
chrUn_gl000220	5	3243	161802	0.020043
chrUn_gl000220	6	2369	161802	0.0146414
chrUn_gl000220	7	1643	161802	0.0101544
chrUn_gl000220	8	1113	161802	0.00687878
chrUn_gl000220	9	790	161802	0.00488251
chrUn_gl000220	10	462	161802	0.00285534
chrUn_gl000220	11	312	161802	0.00192828
chrUn_gl000220	12	112	161802	0.000692204
chrUn_gl000220	13	70	161802	0.000432628
chrUn_gl000220	14	42	161802	0.000259577
chrUn_gl000220	15	20	161802	0.000123608
chrUn_gl000220	16	3	161802	1.85412e-05
chrUn_gl000220	17	7	161802	4.32628e-05
chrUn_gl000221	0	150183	155397	0.966447
chrUn_gl000221	1	4928	155397	0.0317123
chrUn_gl000221	2	286	155397	0.00184045
chrUn_gl000222	0	184127	186861	0.985369
chrUn_gl000222	1	2718	186861	0.0145456
chrUn_gl000222	2	16	186861	8.56251e-05
chrUn_gl000223	0	178194	180455	0.987471
chrUn_gl000223	1	2182	180455	0.0120917
chrUn_gl000223	2	69	180455	0.000382367
chrUn_gl000223	3	10	180455	5.54155e-05
chrUn_gl000224	0	164340	179693	0.91456
chrUn_gl000224	1	12004	179693	0.0668028
chrUn_gl000224	2	2498	179693	0.0139015
chrUn_gl000224	3	688	179693	0.00382875
chrUn_gl000224	4	129	179693	0.000717891
chrUn_gl000224	5	34	179693	0.000189212
chrUn_gl000225	0	188194	211173	0.891184
chrUn_gl000225	1	17263	211173	0.0817481
chrUn_gl000225	2	3263	211173	0.0154518
chrUn_gl000225	3	1114	211173	0.0052753
chrUn_gl000225	4	731	211173	0.00346162
chrUn_gl000225	5	306	211173	0.00144905
chrUn_gl000225	6	183	211173	0.000866588
chrUn_gl000225	7	66	211173	0.00031254
chrUn_gl000225	8	35	211173	0.000165741
chrUn_gl000225	9	5	211173	2.36773e-05
chrUn_gl000225	10	13	211173	6.15609e-05
chrUn_gl000226	0	1800	15008	0.119936
chrUn_gl000226	1	2026	15008	0.134995
chrUn_gl000226	2	2069	15008	0.13786
chrUn_gl000226	3	1791	15008	0.119336
chrUn_gl000226	4	1340	15008	0.0892857
chrUn_gl000226	5	1047	15008	0.0697628
chrUn_gl000226	6	1033	15008	0.06883
chrUn_gl000226	7	827	15008	0.0551039
chrUn_gl000226	8	650	15008	0.0433102
chrUn_gl000226	9	573	15008	0.0381796
chrUn_gl000226	10	432	15008	0.0287846
chrUn_gl000226	11	304	15008	0.0202559
chrUn_gl000226	12	295	15008	0.0196562
chrUn_gl000226	13	235	15008	0.0156583
chrUn_gl000226	14	218	15008	0.0145256
chrUn_gl000226	15	141	15008	0.00939499
chrUn_gl000226	16	78	15008	0.00519723
chrUn_gl000226	17	55	15008	0.00366471
chrUn_gl000226	18	42	15008	0.00279851
chrUn_gl000226	19	19	15008	0.00126599
chrUn_gl000226	20	14	15008	0.000932836
chrUn_gl000226	21	4	15008	0.000266525
chrUn_gl000226	22	13	15008	0.000866205
chrUn_gl000226	24	2	15008	0.000133262
chrUn_gl000227	0	127228	128374	0.991073
chrUn_gl000227	1	1142	128374	0.00889588
chrUn_gl000227	2	4	128374	3.1159e-05
chrUn_gl000228	0	126045	129120	0.976185
chrUn_gl000228	1	1729	129120	0.0133906
chrUn_gl000228	2	434	129120	0.00336121
chrUn_gl000228	3	272	129120	0.00210657
chrUn_gl000228	4	195	129120	0.00151022
chrUn_gl000228	5	109	129120	0.000844176
chrUn_gl000228	6	68	129120	0.000526642
chrUn_gl000228	7	77	129120	0.000596344
chrUn_gl000228	8	68	129120	0.000526642
chrUn_gl000228	9	58	129120	0.000449195
chrUn_gl000228	10	31	129120	0.000240087
chrUn_gl000228	11	19	129120	0.00014715
chrUn_gl000228	12	15	129120	0.000116171
chrUn_gl000229	0	19247	19913	0.966555
chrUn_gl000229	1	632	19913	0.0317381
chrUn_gl000229	2	34	19913	0.00170743
chrUn_gl000230	0	42858	43691	0.980934
chrUn_gl000230	1	766	43691	0.0175322
chrUn_gl000230	2	67	43691	0.0015335
chrUn_gl000231	0	26531	27386	0.96878
chrUn_gl000231	1	810	27386	0.0295772
chrUn_gl000231	2	45	27386	0.00164318
chrUn_gl000232	0	36744	40652	0.903867
chrUn_gl000232	1	3516	40652	0.0864902
chrUn_gl000232	2	392	40652	0.00964282
chrUn_gl000233	0	44926	45941	0.977906
chrUn_gl000233	1	980	45941	0.0213317
chrUn_gl000233	2	35	45941	0.000761847
chrUn_gl000234	0	38221	40531	0.943007
chrUn_gl000234	1	2220	40531	0.0547729
chrUn_gl000234	2	90	40531	0.00222052
chrUn_gl000235	0	33171	34474	0.962203
chrUn_gl000235	1	1256	34474	0.0364333
chrUn_gl000235	2	47	34474	0.00136335
chrUn_gl000236	0	41584	41934	0.991654
chrUn_gl000236	1	350	41934	0.00834645
chrUn_gl000237	0	43432	45867	0.946912
chrUn_gl000237	1	2370	45867	0.0516711
chrUn_gl000237	2	65	45867	0.00141714
chrUn_gl000238	0	39789	39939	0.996244
chrUn_gl000238	1	150	39939	0.00375573
chrUn_gl000239	0	31772	33824	0.939333
chrUn_gl000239	1	1854	33824	0.0548132
chrUn_gl000239	2	198	33824	0.00585383
chrUn_gl000240	0	41013	41933	0.97806
chrUn_gl000240	1	890	41933	0.0212243
chrUn_gl000240	2	30	41933	0.000715427
chrUn_gl000241	0	39190	42152	0.92973
chrUn_gl000241	1	2824	42152	0.0669956
chrUn_gl000241	2	138	42152	0.00327387
chrUn_gl000242	0	43323	43523	0.995405
chrUn_gl000242	1	200	43523	0.00459527
chrUn_gl000243	0	41569	43341	0.959115
chrUn_gl000243	1	1625	43341	0.0374934
chrUn_gl000243	2	116	43341	0.00267645
chrUn_gl000243	3	31	43341	0.000715258
chrUn_gl000244	0	39367	39929	0.985925
chrUn_gl000244	1	524	39929	0.0131233
chrUn_gl000244	2	38	39929	0.000951689
chrUn_gl000245	0	34968	36651	0.95408
chrUn_gl000245	1	1566	36651	0.0427273
chrUn_gl000245	2	117	36651	0.00319227
chrUn_gl000246	0	38004	38154	0.996069
chrUn_gl000246	1	150	38154	0.00393144
chrUn_gl000247	0	35772	36422	0.982154
chrUn_gl000247	1	650	36422	0.0178464
chrUn_gl000248	0	39536	39786	0.993716
chrUn_gl000248	1	250	39786	0.00628362
chrUn_gl000249	0	38102	38502	0.989611
chrUn_gl000249	1	400	38502	0.0103891
genome	0	3098793749	3137161264	0.98777
genome	1	37324768	3137161264	0.0118976
genome	2	916195	3137161264	0.000292046
genome	3	44125	3137161264	1.40653e-05
genome	4	19550	3137161264	6.23175e-06
genome	5	13562	3137161264	4.32302e-06
genome	6	10457	3137161264	3.33327e-06
genome	7	7791	3137161264	2.48346e-06
genome	8	5896	3137161264	1.87941e-06
genome	9	4998	3137161264	1.59316e-06
genome	10	4111	3137161264	1.31042e-06
genome	11	2967	3137161264	9.45759e-07
genome	12	2479	3137161264	7.90205e-07
genome	13	1927	3137161264	6.1425e-07
genome	14	1497	3137161264	4.77183e-07
genome	15	1217	3137161264	3.8793e-07
genome	16	876	3137161264	2.79233e-07
genome	17	740	3137161264	2.35882e-07
genome	18	571	3137161264	1.82012e-07
genome	19	433	3137161264	1.38023e-07
genome	20	354	3137161264	1.12841e-07
genome	21	226	3137161264	7.20397e-08
genome	22	224	3137161264	7.14021e-08
genome	23	130	3137161264	4.14387e-08
genome	24	100	3137161264	3.1876e-08
genome	25	136	3137161264	4.33513e-08
genome	26	133	3137161264	4.2395e-08
genome	27	165	3137161264	5.25953e-08
genome	28	112	3137161264	3.57011e-08
genome	29	97	3137161264	3.09197e-08
genome	30	88	3137161264	2.80508e-08
genome	31	96	3137161264	3.06009e-08
genome	32	90	3137161264	2.86884e-08
genome	33	97	3137161264	3.09197e-08
genome	34	62	3137161264	1.97631e-08
genome	35	55	3137161264	1.75318e-08
genome	36	57	3137161264	1.81693e-08
genome	37	43	3137161264	1.37067e-08
genome	38	34	3137161264	1.08378e-08
genome	39	30	3137161264	9.56279e-09
genome	40	22	3137161264	7.01271e-09
genome	41	32	3137161264	1.02003e-08
genome	42	31	3137161264	9.88155e-09
genome	43	26	3137161264	8.28775e-09
genome	44	35	3137161264	1.11566e-08
genome	45	17	3137161264	5.41891e-09
genome	46	28	3137161264	8.92527e-09
genome	47	28	3137161264	8.92527e-09
genome	48	28	3137161264	8.92527e-09
genome	49	18	3137161264	5.73767e-09
genome	50	34	3137161264	1.08378e-08
genome	51	16	3137161264	5.10015e-09
genome	52	15	3137161264	4.78139e-09
genome	53	14	3137161264	4.46263e-09
genome	54	19	3137161264	6.05643e-09
genome	55	15	3137161264	4.78139e-09
genome	56	17	3137161264	5.41891e-09
genome	57	31	3137161264	9.88155e-09
genome	58	35	3137161264	1.11566e-08
genome	59	20	3137161264	6.37519e-09
genome	60	17	3137161264	5.41891e-09
genome	61	19	3137161264	6.05643e-09
genome	62	19	3137161264	6.05643e-09
genome	63	20	3137161264	6.37519e-09
genome	64	7	3137161264	2.23132e-09
genome	65	8	3137161264	2.55008e-09
genome	66	12	3137161264	3.82511e-09
genome	67	8	3137161264	2.55008e-09
genome	68	5	3137161264	1.5938e-09
genome	69	5	3137161264	1.5938e-09
genome	71	4	3137161264	1.27504e-09
genome	72	12	3137161264	3.82511e-09
genome	73	1	3137161264	3.1876e-10
genome	74	3	3137161264	9.56279e-10
genome	75	6	3137161264	1.91256e-09
genome	76	7	3137161264	2.23132e-09
genome	77	7	3137161264	2.23132e-09
genome	78	9	3137161264	2.86884e-09
genome	79	6	3137161264	1.91256e-09
genome	80	9	3137161264	2.86884e-09
genome	81	6	3137161264	1.91256e-09
genome	82	7	3137161264	2.23132e-09
genome	83	7	3137161264	2.23132e-09
genome	84	10	3137161264	3.1876e-09
genome	85	8	3137161264	2.55008e-09
genome	86	3	3137161264	9.56279e-10
genome	87	3	3137161264	9.56279e-10
genome	88	3	3137161264	9.56279e-10
genome	89	4	3137161264	1.27504e-09
genome	90	3	3137161264	9.56279e-10
genome	91	6	3137161264	1.91256e-09
genome	92	1	3137161264	3.1876e-10
genome	93	2	3137161264	6.37519e-10
genome	94	3	3137161264	9.56279e-10
genome	95	1	3137161264	3.1876e-10
genome	96	6	3137161264	1.91256e-09
genome	97	4	3137161264	1.27504e-09
genome	98	2	3137161264	6.37519e-10
genome	99	3	3137161264	9.56279e-10
genome	100	2	3137161264	6.37519e-10
genome	101	2	3137161264	6.37519e-10
genome	102	8	3137161264	2.55008e-09
genome	103	2	3137161264	6.37519e-10
genome	104	5	3137161264	1.5938e-09
genome	105	5	3137161264	1.5938e-09
genome	106	3	3137161264	9.56279e-10
genome	107	3	3137161264	9.56279e-10
genome	108	1	3137161264	3.1876e-10
genome	110	1	3137161264	3.1876e-10
genome	111	3	3137161264	9.56279e-10
genome	112	3	3137161264	9.56279e-10
genome	113	6	3137161264	1.91256e-09
genome	114	2	3137161264	6.37519e-10
genome	115	5	3137161264	1.5938e-09
genome	116	2	3137161264	6.37519e-10
genome	117	7	3137161264	2.23132e-09
genome	118	2	3137161264	6.37519e-10
genome	119	3	3137161264	9.56279e-10
genome	120	6	3137161264	1.91256e-09
genome	121	8	3137161264	2.55008e-09
genome	122	6	3137161264	1.91256e-09
genome	123	3	3137161264	9.56279e-10
genome	124	3	3137161264	9.56279e-10
genome	125	3	3137161264	9.56279e-10
genome	126	6	3137161264	1.91256e-09
genome	127	1	3137161264	3.1876e-10
genome	128	6	3137161264	1.91256e-09
genome	129	6	3137161264	1.91256e-09
genome	130	5	3137161264	1.5938e-09
genome	131	3	3137161264	9.56279e-10
genome	132	4	3137161264	1.27504e-09
genome	133	3	3137161264	9.56279e-10
genome	134	7	3137161264	2.23132e-09
genome	135	12	3137161264	3.82511e-09
genome	136	8	3137161264	2.55008e-09
genome	137	16	3137161264	5.10015e-09
genome	138	3	3137161264	9.56279e-10
genome	139	6	3137161264	1.91256e-09
genome	140	1	3137161264	3.1876e-10
genome	141	1	3137161264	3.1876e-10
genome	142	2	3137161264	6.37519e-10
genome	143	4	3137161264	1.27504e-09
genome	144	6	3137161264	1.91256e-09
genome	145	9	3137161264	2.86884e-09
genome	146	6	3137161264	1.91256e-09
genome	147	2	3137161264	6.37519e-10
genome	148	5	3137161264	1.5938e-09
genome	149	2	3137161264	6.37519e-10
genome	150	4	3137161264	1.27504e-09
genome	151	3	3137161264	9.56279e-10
genome	152	3	3137161264	9.56279e-10
genome	153	4	3137161264	1.27504e-09
genome	154	4	3137161264	1.27504e-09
genome	155	2	3137161264	6.37519e-10
genome	156	3	3137161264	9.56279e-10
genome	159	1	3137161264	3.1876e-10
genome	160	1	3137161264	3.1876e-10
genome	162	2	3137161264	6.37519e-10
genome	163	5	3137161264	1.5938e-09
genome	165	1	3137161264	3.1876e-10
genome	167	1	3137161264	3.1876e-10
genome	168	4	3137161264	1.27504e-09
genome	170	2	3137161264	6.37519e-10
genome	171	4	3137161264	1.27504e-09
genome	172	1	3137161264	3.1876e-10
genome	173	2	3137161264	6.37519e-10
genome	174	1	3137161264	3.1876e-10
genome	175	1	3137161264	3.1876e-10
genome	176	1	3137161264	3.1876e-10
genome	177	3	3137161264	9.56279e-10
genome	178	2	3137161264	6.37519e-10
genome	179	1	3137161264	3.1876e-10
genome	180	1	3137161264	3.1876e-10
genome	181	1	3137161264	3.1876e-10
genome	184	2	3137161264	6.37519e-10
genome	186	1	3137161264	3.1876e-10
