chrM	0	16421	16571	0.990948
chrM	1	150	16571	0.00905196
chr1	0	244051914	249250621	0.979143
chr1	1	5122835	249250621	0.0205529
chr1	2	72766	249250621	0.000291939
chr1	3	1272	249250621	5.1033e-06
chr1	4	351	249250621	1.40822e-06
chr1	5	194	249250621	7.78333e-07
chr1	6	74	249250621	2.9689e-07
chr1	7	33	249250621	1.32397e-07
chr1	8	41	249250621	1.64493e-07
chr1	9	20	249250621	8.02405e-08
chr1	10	16	249250621	6.41924e-08
chr1	11	21	249250621	8.42525e-08
chr1	12	21	249250621	8.42525e-08
chr1	13	18	249250621	7.22165e-08
chr1	14	32	249250621	1.28385e-07
chr1	15	13	249250621	5.21563e-08
chr1	16	13	249250621	5.21563e-08
chr1	17	18	249250621	7.22165e-08
chr1	18	18	249250621	7.22165e-08
chr1	19	21	249250621	8.42525e-08
chr1	20	29	249250621	1.16349e-07
chr1	21	32	249250621	1.28385e-07
chr1	22	30	249250621	1.20361e-07
chr1	23	22	249250621	8.82646e-08
chr1	24	35	249250621	1.40421e-07
chr1	25	55	249250621	2.20661e-07
chr1	26	44	249250621	1.76529e-07
chr1	27	35	249250621	1.40421e-07
chr1	28	37	249250621	1.48445e-07
chr1	29	35	249250621	1.40421e-07
chr1	30	54	249250621	2.16649e-07
chr1	31	27	249250621	1.08325e-07
chr1	32	31	249250621	1.24373e-07
chr1	33	25	249250621	1.00301e-07
chr1	34	28	249250621	1.12337e-07
chr1	35	32	249250621	1.28385e-07
chr1	36	23	249250621	9.22766e-08
chr1	37	17	249250621	6.82044e-08
chr1	38	19	249250621	7.62285e-08
chr1	39	14	249250621	5.61684e-08
chr1	40	17	249250621	6.82044e-08
chr1	41	21	249250621	8.42525e-08
chr1	42	11	249250621	4.41323e-08
chr1	43	9	249250621	3.61082e-08
chr1	44	17	249250621	6.82044e-08
chr1	45	12	249250621	4.81443e-08
chr1	46	19	249250621	7.62285e-08
chr1	47	21	249250621	8.42525e-08
chr1	48	17	249250621	6.82044e-08
chr1	49	19	249250621	7.62285e-08
chr1	50	9	249250621	3.61082e-08
chr1	51	12	249250621	4.81443e-08
chr1	52	12	249250621	4.81443e-08
chr1	53	11	249250621	4.41323e-08
chr1	54	5	249250621	2.00601e-08
chr1	55	7	249250621	2.80842e-08
chr1	56	13	249250621	5.21563e-08
chr1	57	14	249250621	5.61684e-08
chr1	58	17	249250621	6.82044e-08
chr1	59	19	249250621	7.62285e-08
chr1	60	10	249250621	4.01203e-08
chr1	61	6	249250621	2.40722e-08
chr1	62	5	249250621	2.00601e-08
chr1	63	2	249250621	8.02405e-09
chr1	64	1	249250621	4.01203e-09
chr2	0	239841714	243199373	0.986194
chr2	1	3314689	243199373	0.0136295
chr2	2	33146	243199373	0.000136291
chr2	3	3953	243199373	1.62542e-05
chr2	4	2237	243199373	9.19821e-06
chr2	5	1368	243199373	5.62501e-06
chr2	6	947	243199373	3.89392e-06
chr2	7	509	243199373	2.09293e-06
chr2	8	318	243199373	1.30757e-06
chr2	9	166	243199373	6.82568e-07
chr2	10	108	243199373	4.4408e-07
chr2	11	48	243199373	1.97369e-07
chr2	12	88	243199373	3.61843e-07
chr2	13	13	243199373	5.34541e-08
chr2	14	14	243199373	5.75659e-08
chr2	15	4	243199373	1.64474e-08
chr2	16	6	243199373	2.46711e-08
chr2	17	14	243199373	5.75659e-08
chr2	18	3	243199373	1.23356e-08
chr2	19	2	243199373	8.22371e-09
chr2	20	22	243199373	9.04608e-08
chr2	21	4	243199373	1.64474e-08
chr3	0	195886150	198022430	0.989212
chr3	1	2123915	198022430	0.0107256
chr3	2	12158	198022430	6.13971e-05
chr3	3	90	198022430	4.54494e-07
chr3	4	3	198022430	1.51498e-08
chr3	5	2	198022430	1.00999e-08
chr3	6	5	198022430	2.52497e-08
chr3	7	4	198022430	2.01997e-08
chr3	8	3	198022430	1.51498e-08
chr3	9	1	198022430	5.04993e-09
chr3	10	2	198022430	1.00999e-08
chr3	11	3	198022430	1.51498e-08
chr3	13	3	198022430	1.51498e-08
chr3	14	2	198022430	1.00999e-08
chr3	15	2	198022430	1.00999e-08
chr3	16	1	198022430	5.04993e-09
chr3	17	6	198022430	3.02996e-08
chr3	18	4	198022430	2.01997e-08
chr3	19	3	198022430	1.51498e-08
chr3	20	4	198022430	2.01997e-08
chr3	21	3	198022430	1.51498e-08
chr3	22	2	198022430	1.00999e-08
chr3	23	3	198022430	1.51498e-08
chr3	24	2	198022430	1.00999e-08
chr3	25	2	198022430	1.00999e-08
chr3	26	1	198022430	5.04993e-09
chr3	27	3	198022430	1.51498e-08
chr3	28	3	198022430	1.51498e-08
chr3	29	3	198022430	1.51498e-08
chr3	30	3	198022430	1.51498e-08
chr3	31	1	198022430	5.04993e-09
chr3	32	2	198022430	1.00999e-08
chr3	33	2	198022430	1.00999e-08
chr3	34	3	198022430	1.51498e-08
chr3	35	2	198022430	1.00999e-08
chr3	36	1	198022430	5.04993e-09
chr3	37	5	198022430	2.52497e-08
chr3	38	8	198022430	4.03995e-08
chr3	39	7	198022430	3.53495e-08
chr3	40	5	198022430	2.52497e-08
chr3	41	3	198022430	1.51498e-08
chr3	42	2	198022430	1.00999e-08
chr3	43	3	198022430	1.51498e-08
chr4	0	188733087	191154276	0.987334
chr4	1	2390961	191154276	0.012508
chr4	2	22465	191154276	0.000117523
chr4	3	3402	191154276	1.77971e-05
chr4	4	1739	191154276	9.09736e-06
chr4	5	1052	191154276	5.50341e-06
chr4	6	512	191154276	2.67846e-06
chr4	7	466	191154276	2.43782e-06
chr4	8	215	191154276	1.12475e-06
chr4	9	101	191154276	5.28369e-07
chr4	10	90	191154276	4.70824e-07
chr4	11	47	191154276	2.45875e-07
chr4	12	34	191154276	1.77867e-07
chr4	13	41	191154276	2.14486e-07
chr4	14	32	191154276	1.67404e-07
chr4	15	5	191154276	2.61569e-08
chr4	16	1	191154276	5.23138e-09
chr4	17	2	191154276	1.04628e-08
chr4	18	17	191154276	8.89334e-08
chr4	19	3	191154276	1.56941e-08
chr4	20	4	191154276	2.09255e-08
chr5	0	178496719	180915260	0.986632
chr5	1	2391187	180915260	0.0132172
chr5	2	26950	180915260	0.000148965
chr5	3	321	180915260	1.77431e-06
chr5	4	65	180915260	3.59284e-07
chr5	5	18	180915260	9.94941e-08
chr6	0	168892608	171115067	0.987012
chr6	1	2204067	171115067	0.0128806
chr6	2	14541	171115067	8.49779e-05
chr6	3	466	171115067	2.72331e-06
chr6	4	305	171115067	1.78243e-06
chr6	5	377	171115067	2.2032e-06
chr6	6	322	171115067	1.88177e-06
chr6	7	438	171115067	2.55968e-06
chr6	8	374	171115067	2.18566e-06
chr6	9	333	171115067	1.94606e-06
chr6	10	343	171115067	2.0045e-06
chr6	11	244	171115067	1.42594e-06
chr6	12	195	171115067	1.13958e-06
chr6	13	141	171115067	8.24007e-07
chr6	14	93	171115067	5.43494e-07
chr6	15	104	171115067	6.07778e-07
chr6	16	60	171115067	3.50641e-07
chr6	17	25	171115067	1.46101e-07
chr6	18	17	171115067	9.93483e-08
chr6	19	9	171115067	5.25962e-08
chr6	20	5	171115067	2.92201e-08
chr7	0	157435063	159138663	0.989295
chr7	1	1689259	159138663	0.010615
chr7	2	10603	159138663	6.66274e-05
chr7	3	578	159138663	3.63205e-06
chr7	4	503	159138663	3.16077e-06
chr7	5	420	159138663	2.63921e-06
chr7	6	181	159138663	1.13737e-06
chr7	7	227	159138663	1.42643e-06
chr7	8	211	159138663	1.32589e-06
chr7	9	189	159138663	1.18764e-06
chr7	10	126	159138663	7.91762e-07
chr7	11	76	159138663	4.77571e-07
chr7	12	94	159138663	5.9068e-07
chr7	13	120	159138663	7.54059e-07
chr7	14	136	159138663	8.54601e-07
chr7	15	75	159138663	4.71287e-07
chr7	16	63	159138663	3.95881e-07
chr7	17	60	159138663	3.7703e-07
chr7	18	54	159138663	3.39327e-07
chr7	19	79	159138663	4.96422e-07
chr7	20	49	159138663	3.07908e-07
chr7	21	29	159138663	1.82231e-07
chr7	22	28	159138663	1.75947e-07
chr7	23	39	159138663	2.45069e-07
chr7	24	46	159138663	2.89056e-07
chr7	25	49	159138663	3.07908e-07
chr7	26	65	159138663	4.08449e-07
chr7	27	59	159138663	3.70746e-07
chr7	28	41	159138663	2.57637e-07
chr7	29	32	159138663	2.01083e-07
chr7	30	24	159138663	1.50812e-07
chr7	31	23	159138663	1.44528e-07
chr7	32	25	159138663	1.57096e-07
chr7	33	23	159138663	1.44528e-07
chr7	34	11	159138663	6.91221e-08
chr7	35	3	159138663	1.88515e-08
chr8	0	143597884	146364022	0.981101
chr8	1	2686024	146364022	0.0183517
chr8	2	70208	146364022	0.000479681
chr8	3	7507	146364022	5.12899e-05
chr8	4	1478	146364022	1.00981e-05
chr8	5	553	146364022	3.77825e-06
chr8	6	199	146364022	1.35962e-06
chr8	7	88	146364022	6.01241e-07
chr8	8	33	146364022	2.25465e-07
chr8	9	11	146364022	7.51551e-08
chr8	10	5	146364022	3.41614e-08
chr8	11	9	146364022	6.14905e-08
chr8	12	9	146364022	6.14905e-08
chr8	13	14	146364022	9.56519e-08
chr9	0	139611724	141213431	0.988658
chr9	1	1586971	141213431	0.0112381
chr9	2	13739	141213431	9.72925e-05
chr9	3	573	141213431	4.05769e-06
chr9	4	158	141213431	1.11887e-06
chr9	5	103	141213431	7.29392e-07
chr9	6	57	141213431	4.03644e-07
chr9	7	21	141213431	1.48711e-07
chr9	8	51	141213431	3.61155e-07
chr9	9	13	141213431	9.20592e-08
chr9	10	10	141213431	7.08148e-08
chr9	11	11	141213431	7.78963e-08
chr10	0	133737524	135534747	0.98674
chr10	1	1761929	135534747	0.0129998
chr10	2	21163	135534747	0.000156144
chr10	3	2940	135534747	2.16919e-05
chr10	4	2166	135534747	1.59811e-05
chr10	5	1169	135534747	8.62509e-06
chr10	6	1014	135534747	7.48148e-06
chr10	7	850	135534747	6.27145e-06
chr10	8	477	135534747	3.51939e-06
chr10	9	518	135534747	3.8219e-06
chr10	10	412	135534747	3.03981e-06
chr10	11	536	135534747	3.95471e-06
chr10	12	372	135534747	2.74468e-06
chr10	13	411	135534747	3.03243e-06
chr10	14	262	135534747	1.93308e-06
chr10	15	201	135534747	1.48301e-06
chr10	16	233	135534747	1.71912e-06
chr10	17	239	135534747	1.76339e-06
chr10	18	170	135534747	1.25429e-06
chr10	19	193	135534747	1.42399e-06
chr10	20	160	135534747	1.18051e-06
chr10	21	160	135534747	1.18051e-06
chr10	22	161	135534747	1.18789e-06
chr10	23	134	135534747	9.88676e-07
chr10	24	166	135534747	1.22478e-06
chr10	25	151	135534747	1.11411e-06
chr10	26	140	135534747	1.03295e-06
chr10	27	129	135534747	9.51785e-07
chr10	28	100	135534747	7.37818e-07
chr10	29	82	135534747	6.05011e-07
chr10	30	85	135534747	6.27145e-07
chr10	31	56	135534747	4.13178e-07
chr10	32	51	135534747	3.76287e-07
chr10	33	48	135534747	3.54153e-07
chr10	34	43	135534747	3.17262e-07
chr10	35	53	135534747	3.91044e-07
chr10	36	26	135534747	1.91833e-07
chr10	37	43	135534747	3.17262e-07
chr10	38	39	135534747	2.87749e-07
chr10	39	29	135534747	2.13967e-07
chr10	40	15	135534747	1.10673e-07
chr10	41	25	135534747	1.84455e-07
chr10	42	21	135534747	1.54942e-07
chr10	43	32	135534747	2.36102e-07
chr10	44	12	135534747	8.85382e-08
chr10	45	6	135534747	4.42691e-08
chr10	46	1	135534747	7.37818e-09
chr11	0	133570771	135006516	0.989365
chr11	1	1426376	135006516	0.0105652
chr11	2	8192	135006516	6.06786e-05
chr11	3	303	135006516	2.24434e-06
chr11	4	310	135006516	2.29619e-06
chr11	5	294	135006516	2.17767e-06
chr11	6	138	135006516	1.02217e-06
chr11	7	61	135006516	4.5183e-07
chr11	8	21	135006516	1.55548e-07
chr11	9	3	135006516	2.22212e-08
chr11	10	4	135006516	2.96282e-08
chr11	11	2	135006516	1.48141e-08
chr11	12	3	135006516	2.22212e-08
chr11	13	3	135006516	2.22212e-08
chr11	14	7	135006516	5.18494e-08
chr11	15	15	135006516	1.11106e-07
chr11	16	10	135006516	7.40705e-08
chr11	17	3	135006516	2.22212e-08
chr12	0	132425514	133851895	0.989344
chr12	1	1418516	133851895	0.0105977
chr12	2	7701	133851895	5.75337e-05
chr12	3	115	133851895	8.59159e-07
chr12	4	2	133851895	1.49419e-08
chr12	5	3	133851895	2.24128e-08
chr12	6	44	133851895	3.28722e-07
chr13	0	114123962	115169878	0.990918
chr13	1	1041209	115169878	0.00904064
chr13	2	4680	115169878	4.06356e-05
chr13	3	27	115169878	2.34436e-07
chr14	0	106258783	107349540	0.989839
chr14	1	1085135	107349540	0.0101084
chr14	2	5601	107349540	5.21754e-05
chr14	3	21	107349540	1.95623e-07
chr15	0	101660981	102531392	0.991511
chr15	1	864441	102531392	0.00843099
chr15	2	5951	102531392	5.80408e-05
chr15	3	19	102531392	1.85309e-07
chr16	0	89210528	90354753	0.987336
chr16	1	1109004	90354753	0.0122739
chr16	2	15111	90354753	0.000167241
chr16	3	5761	90354753	6.37598e-05
chr16	4	4518	90354753	5.00029e-05
chr16	5	3053	90354753	3.3789e-05
chr16	6	2363	90354753	2.61525e-05
chr16	7	1738	90354753	1.92353e-05
chr16	8	1107	90354753	1.22517e-05
chr16	9	585	90354753	6.47448e-06
chr16	10	357	90354753	3.95109e-06
chr16	11	190	90354753	2.10282e-06
chr16	12	133	90354753	1.47198e-06
chr16	13	137	90354753	1.51625e-06
chr16	14	91	90354753	1.00714e-06
chr16	15	56	90354753	6.19779e-07
chr16	16	19	90354753	2.10282e-07
chr16	17	2	90354753	2.2135e-08
chr17	0	80138699	81195210	0.986988
chr17	1	1047569	81195210	0.0129019
chr17	2	8277	81195210	0.00010194
chr17	3	249	81195210	3.06668e-06
chr17	4	267	81195210	3.28837e-06
chr17	5	93	81195210	1.14539e-06
chr17	6	45	81195210	5.5422e-07
chr17	7	11	81195210	1.35476e-07
chr18	0	77043511	78077248	0.98676
chr18	1	1023632	78077248	0.0131105
chr18	2	8289	78077248	0.000106164
chr18	3	629	78077248	8.05612e-06
chr18	4	339	78077248	4.34185e-06
chr18	5	242	78077248	3.09949e-06
chr18	6	140	78077248	1.7931e-06
chr18	7	129	78077248	1.65221e-06
chr18	8	67	78077248	8.58125e-07
chr18	9	67	78077248	8.58125e-07
chr18	10	66	78077248	8.45317e-07
chr18	11	17	78077248	2.17733e-07
chr18	12	25	78077248	3.20196e-07
chr18	13	19	78077248	2.43349e-07
chr18	14	49	78077248	6.27584e-07
chr18	15	10	78077248	1.28078e-07
chr18	16	14	78077248	1.7931e-07
chr18	17	3	78077248	3.84235e-08
chr19	0	58649921	59128983	0.991898
chr19	1	472949	59128983	0.0079986
chr19	2	3317	59128983	5.60977e-05
chr19	3	581	59128983	9.82598e-06
chr19	4	409	59128983	6.91708e-06
chr19	5	343	59128983	5.80088e-06
chr19	6	173	59128983	2.92581e-06
chr19	7	202	59128983	3.41626e-06
chr19	8	126	59128983	2.13093e-06
chr19	9	142	59128983	2.40153e-06
chr19	10	105	59128983	1.77578e-06
chr19	11	137	59128983	2.31697e-06
chr19	12	68	59128983	1.15003e-06
chr19	13	53	59128983	8.96346e-07
chr19	14	45	59128983	7.61048e-07
chr19	15	23	59128983	3.8898e-07
chr19	16	23	59128983	3.8898e-07
chr19	17	59	59128983	9.97819e-07
chr19	18	33	59128983	5.58102e-07
chr19	19	32	59128983	5.4119e-07
chr19	20	16	59128983	2.70595e-07
chr19	21	17	59128983	2.87507e-07
chr19	22	18	59128983	3.04419e-07
chr19	23	21	59128983	3.55156e-07
chr19	24	8	59128983	1.35297e-07
chr19	25	10	59128983	1.69122e-07
chr19	26	14	59128983	2.36771e-07
chr19	27	11	59128983	1.86034e-07
chr19	28	19	59128983	3.21331e-07
chr19	29	11	59128983	1.86034e-07
chr19	30	16	59128983	2.70595e-07
chr19	31	16	59128983	2.70595e-07
chr19	32	17	59128983	2.87507e-07
chr19	33	13	59128983	2.19858e-07
chr19	34	11	59128983	1.86034e-07
chr19	35	3	59128983	5.07365e-08
chr19	36	7	59128983	1.18385e-07
chr19	37	5	59128983	8.45609e-08
chr19	38	3	59128983	5.07365e-08
chr19	39	4	59128983	6.76487e-08
chr19	40	2	59128983	3.38244e-08
chr20	0	61985589	63025520	0.9835
chr20	1	1029307	63025520	0.0163316
chr20	2	10032	63025520	0.000159174
chr20	3	338	63025520	5.36291e-06
chr20	4	137	63025520	2.17372e-06
chr20	5	34	63025520	5.39464e-07
chr20	6	16	63025520	2.53865e-07
chr20	7	24	63025520	3.80798e-07
chr20	8	4	63025520	6.34664e-08
chr20	9	39	63025520	6.18797e-07
chr21	0	47582673	48129895	0.98863
chr21	1	541020	48129895	0.0112408
chr21	2	5361	48129895	0.000111386
chr21	3	513	48129895	1.06587e-05
chr21	4	153	48129895	3.1789e-06
chr21	5	69	48129895	1.43362e-06
chr21	6	7	48129895	1.4544e-07
chr21	7	5	48129895	1.03886e-07
chr21	8	5	48129895	1.03886e-07
chr21	9	9	48129895	1.86994e-07
chr21	10	9	48129895	1.86994e-07
chr21	11	18	48129895	3.73988e-07
chr21	12	23	48129895	4.77873e-07
chr21	13	20	48129895	4.15542e-07
chr21	14	10	48129895	2.07771e-07
chr22	0	50724263	51304566	0.988689
chr22	1	575374	51304566	0.0112149
chr22	2	4790	51304566	9.3364e-05
chr22	3	77	51304566	1.50084e-06
chr22	4	6	51304566	1.16949e-07
chr22	5	1	51304566	1.94914e-08
chr22	6	1	51304566	1.94914e-08
chr22	7	2	51304566	3.89829e-08
chr22	8	2	51304566	3.89829e-08
chr22	10	2	51304566	3.89829e-08
chr22	11	2	51304566	3.89829e-08
chr22	12	1	51304566	1.94914e-08
chr22	13	1	51304566	1.94914e-08
chr22	14	6	51304566	1.16949e-07
chr22	15	1	51304566	1.94914e-08
chr22	16	7	51304566	1.3644e-07
chr22	17	18	51304566	3.50846e-07
chr22	18	12	51304566	2.33897e-07
chrX	0	154100280	155270560	0.992463
chrX	1	1161009	155270560	0.00747733
chrX	2	8235	155270560	5.30365e-05
chrX	3	883	155270560	5.68685e-06
chrX	4	114	155270560	7.34202e-07
chrX	5	22	155270560	1.41688e-07
chrX	6	13	155270560	8.37248e-08
chrX	7	4	155270560	2.57615e-08
chrY	0	59299940	59373566	0.99876
chrY	1	66433	59373566	0.0011189
chrY	2	4383	59373566	7.38207e-05
chrY	3	1523	59373566	2.56511e-05
chrY	4	472	59373566	7.94967e-06
chrY	5	356	59373566	5.99593e-06
chrY	6	164	59373566	2.76217e-06
chrY	7	118	59373566	1.98742e-06
chrY	8	32	59373566	5.3896e-07
chrY	9	25	59373566	4.21063e-07
chrY	10	24	59373566	4.0422e-07
chrY	11	29	59373566	4.88433e-07
chrY	12	8	59373566	1.3474e-07
chrY	13	12	59373566	2.0211e-07
chrY	14	11	59373566	1.85268e-07
chrY	15	2	59373566	3.3685e-08
chrY	16	18	59373566	3.03165e-07
chrY	17	1	59373566	1.68425e-08
chrY	18	12	59373566	2.0211e-07
chrY	19	3	59373566	5.05275e-08
chr1_gl000191_random	0	106183	106433	0.997651
chr1_gl000191_random	1	250	106433	0.0023489
chr1_gl000192_random	0	533772	547496	0.974933
chr1_gl000192_random	1	13531	547496	0.0247143
chr1_gl000192_random	2	160	547496	0.00029224
chr1_gl000192_random	3	33	547496	6.02744e-05
chr4_ctg9_hap1	0	586082	590426	0.992643
chr4_ctg9_hap1	1	4288	590426	0.00726255
chr4_ctg9_hap1	2	56	590426	9.48468e-05
chr4_gl000193_random	0	183990	189789	0.969445
chr4_gl000193_random	1	5698	189789	0.0300228
chr4_gl000193_random	2	101	189789	0.00053217
chr4_gl000194_random	0	178709	191469	0.933357
chr4_gl000194_random	1	12031	191469	0.0628352
chr4_gl000194_random	2	718	191469	0.00374995
chr4_gl000194_random	3	11	191469	5.74506e-05
chr6_apd_hap1	0	4616690	4622290	0.998788
chr6_apd_hap1	1	5600	4622290	0.00121152
chr6_cox_hap2	0	4783273	4795371	0.997477
chr6_cox_hap2	1	12096	4795371	0.00252243
chr6_cox_hap2	2	2	4795371	4.17069e-07
chr6_dbb_hap3	0	4598946	4610396	0.997516
chr6_dbb_hap3	1	11450	4610396	0.00248352
chr6_mann_hap4	0	4671895	4683263	0.997573
chr6_mann_hap4	1	11336	4683263	0.00242053
chr6_mann_hap4	2	32	4683263	6.83284e-06
chr6_mcf_hap5	0	4823598	4833398	0.997972
chr6_mcf_hap5	1	9800	4833398	0.00202756
chr6_qbl_hap6	0	4601934	4611984	0.997821
chr6_qbl_hap6	1	10050	4611984	0.00217911
chr6_ssto_hap7	0	4915993	4928567	0.997449
chr6_ssto_hap7	1	12498	4928567	0.00253583
chr6_ssto_hap7	2	76	4928567	1.54203e-05
chr7_gl000195_random	0	181514	182896	0.992444
chr7_gl000195_random	1	1364	182896	0.00745779
chr7_gl000195_random	2	18	182896	9.84166e-05
chr8_gl000196_random	0	38564	38914	0.991006
chr8_gl000196_random	1	350	38914	0.00899419
chr9_gl000198_random	0	86284	90085	0.957807
chr9_gl000198_random	1	3752	90085	0.0416496
chr9_gl000198_random	2	49	90085	0.000543931
chr9_gl000199_random	0	127104	169874	0.748225
chr9_gl000199_random	1	30150	169874	0.177484
chr9_gl000199_random	2	7821	169874	0.04604
chr9_gl000199_random	3	2608	169874	0.0153526
chr9_gl000199_random	4	995	169874	0.00585728
chr9_gl000199_random	5	577	169874	0.00339664
chr9_gl000199_random	6	261	169874	0.00153643
chr9_gl000199_random	7	173	169874	0.0010184
chr9_gl000199_random	8	59	169874	0.000347316
chr9_gl000199_random	9	43	169874	0.000253129
chr9_gl000199_random	10	29	169874	0.000170715
chr9_gl000199_random	11	12	169874	7.06406e-05
chr9_gl000199_random	12	1	169874	5.88672e-06
chr9_gl000199_random	13	2	169874	1.17734e-05
chr9_gl000199_random	14	6	169874	3.53203e-05
chr9_gl000199_random	15	2	169874	1.17734e-05
chr9_gl000199_random	16	1	169874	5.88672e-06
chr9_gl000199_random	17	10	169874	5.88672e-05
chr9_gl000199_random	18	11	169874	6.47539e-05
chr9_gl000199_random	19	5	169874	2.94336e-05
chr9_gl000199_random	20	4	169874	2.35469e-05
chr9_gl000200_random	0	185708	187035	0.992905
chr9_gl000200_random	1	1304	187035	0.00697196
chr9_gl000200_random	2	23	187035	0.000122972
chr9_gl000201_random	0	35998	36148	0.99585
chr9_gl000201_random	1	150	36148	0.00414961
chr11_gl000202_random	0	39703	40103	0.990026
chr11_gl000202_random	1	400	40103	0.00997432
chr17_ctg5_hap1	0	1669011	1680828	0.99297
chr17_ctg5_hap1	1	11784	1680828	0.00701083
chr17_ctg5_hap1	2	33	1680828	1.96332e-05
chr17_gl000203_random	0	37098	37498	0.989333
chr17_gl000203_random	1	400	37498	0.0106672
chr17_gl000204_random	0	80328	81310	0.987923
chr17_gl000204_random	1	964	81310	0.0118559
chr17_gl000204_random	2	18	81310	0.000221375
chr17_gl000205_random	0	173288	174588	0.992554
chr17_gl000205_random	1	1300	174588	0.0074461
chr17_gl000206_random	0	40801	41001	0.995122
chr17_gl000206_random	1	200	41001	0.00487793
chr18_gl000207_random	0	4162	4262	0.976537
chr18_gl000207_random	1	100	4262	0.0234632
chr19_gl000208_random	0	87372	92689	0.942636
chr19_gl000208_random	1	4850	92689	0.0523255
chr19_gl000208_random	2	401	92689	0.0043263
chr19_gl000208_random	3	66	92689	0.000712059
chr19_gl000209_random	0	158469	159169	0.995602
chr19_gl000209_random	1	700	159169	0.00439784
chr21_gl000210_random	0	27532	27682	0.994581
chr21_gl000210_random	1	150	27682	0.00541868
chrUn_gl000211	0	161836	166566	0.971603
chrUn_gl000211	1	4571	166566	0.0274426
chrUn_gl000211	2	148	166566	0.000888537
chrUn_gl000211	3	11	166566	6.60399e-05
chrUn_gl000212	0	184153	186858	0.985524
chrUn_gl000212	1	2660	186858	0.0142354
chrUn_gl000212	2	45	186858	0.000240825
chrUn_gl000213	0	163339	164239	0.99452
chrUn_gl000213	1	900	164239	0.00547982
chrUn_gl000214	0	107425	137718	0.780036
chrUn_gl000214	1	20674	137718	0.150118
chrUn_gl000214	2	5731	137718	0.041614
chrUn_gl000214	3	2344	137718	0.0170203
chrUn_gl000214	4	777	137718	0.00564196
chrUn_gl000214	5	492	137718	0.00357252
chrUn_gl000214	6	201	137718	0.0014595
chrUn_gl000214	7	49	137718	0.0003558
chrUn_gl000214	8	10	137718	7.26122e-05
chrUn_gl000214	9	15	137718	0.000108918
chrUn_gl000215	0	171345	172545	0.993045
chrUn_gl000215	1	1200	172545	0.00695471
chrUn_gl000216	0	155592	172294	0.903061
chrUn_gl000216	1	11933	172294	0.0692595
chrUn_gl000216	2	2489	172294	0.0144462
chrUn_gl000216	3	825	172294	0.00478833
chrUn_gl000216	4	513	172294	0.00297747
chrUn_gl000216	5	303	172294	0.00175862
chrUn_gl000216	6	248	172294	0.0014394
chrUn_gl000216	7	130	172294	0.000754524
chrUn_gl000216	8	105	172294	0.000609423
chrUn_gl000216	9	64	172294	0.000371458
chrUn_gl000216	10	16	172294	9.28645e-05
chrUn_gl000216	11	25	172294	0.000145101
chrUn_gl000216	12	8	172294	4.64323e-05
chrUn_gl000216	13	3	172294	1.74121e-05
chrUn_gl000216	14	13	172294	7.54524e-05
chrUn_gl000216	15	3	172294	1.74121e-05
chrUn_gl000216	16	5	172294	2.90202e-05
chrUn_gl000216	17	3	172294	1.74121e-05
chrUn_gl000216	18	4	172294	2.32161e-05
chrUn_gl000216	19	7	172294	4.06282e-05
chrUn_gl000216	20	5	172294	2.90202e-05
chrUn_gl000217	0	167938	172149	0.975539
chrUn_gl000217	1	4122	172149	0.0239444
chrUn_gl000217	2	89	172149	0.000516994
chrUn_gl000218	0	151445	161147	0.939794
chrUn_gl000218	1	8893	161147	0.0551856
chrUn_gl000218	2	720	161147	0.00446797
chrUn_gl000218	3	89	161147	0.000552291
chrUn_gl000219	0	175554	179198	0.979665
chrUn_gl000219	1	3638	179198	0.0203016
chrUn_gl000219	2	6	179198	3.34825e-05
chrUn_gl000220	0	140113	161802	0.865953
chrUn_gl000220	1	16672	161802	0.10304
chrUn_gl000220	2	4013	161802	0.0248019
chrUn_gl000220	3	870	161802	0.00537694
chrUn_gl000220	4	128	161802	0.00079109
chrUn_gl000220	5	6	161802	3.70824e-05
chrUn_gl000221	0	149552	155397	0.962387
chrUn_gl000221	1	5740	155397	0.0369377
chrUn_gl000221	2	105	155397	0.000675689
chrUn_gl000222	0	184207	186861	0.985797
chrUn_gl000222	1	2608	186861	0.0139569
chrUn_gl000222	2	46	186861	0.000246172
chrUn_gl000223	0	179505	180455	0.994736
chrUn_gl000223	1	950	180455	0.00526447
chrUn_gl000224	0	172718	179693	0.961184
chrUn_gl000224	1	5652	179693	0.0314536
chrUn_gl000224	2	966	179693	0.00537584
chrUn_gl000224	3	278	179693	0.00154708
chrUn_gl000224	4	66	179693	0.000367293
chrUn_gl000224	5	10	179693	5.56505e-05
chrUn_gl000224	6	3	179693	1.66951e-05
chrUn_gl000225	0	177617	211173	0.841097
chrUn_gl000225	1	23156	211173	0.109654
chrUn_gl000225	2	5699	211173	0.0269874
chrUn_gl000225	3	2239	211173	0.0106027
chrUn_gl000225	4	992	211173	0.00469757
chrUn_gl000225	5	541	211173	0.00256188
chrUn_gl000225	6	406	211173	0.00192259
chrUn_gl000225	7	176	211173	0.00083344
chrUn_gl000225	8	141	211173	0.000667699
chrUn_gl000225	9	42	211173	0.000198889
chrUn_gl000225	10	27	211173	0.000127857
chrUn_gl000225	11	25	211173	0.000118386
chrUn_gl000225	12	13	211173	6.15609e-05
chrUn_gl000225	13	7	211173	3.31482e-05
chrUn_gl000225	14	20	211173	9.47091e-05
chrUn_gl000225	15	20	211173	9.47091e-05
chrUn_gl000225	16	10	211173	4.73545e-05
chrUn_gl000225	17	10	211173	4.73545e-05
chrUn_gl000225	18	4	211173	1.89418e-05
chrUn_gl000225	19	8	211173	3.78836e-05
chrUn_gl000225	20	14	211173	6.62964e-05
chrUn_gl000225	21	6	211173	2.84127e-05
chrUn_gl000226	0	691	15008	0.0460421
chrUn_gl000226	1	1073	15008	0.0714952
chrUn_gl000226	2	1215	15008	0.0809568
chrUn_gl000226	3	1517	15008	0.101079
chrUn_gl000226	4	1767	15008	0.117737
chrUn_gl000226	5	1879	15008	0.1252
chrUn_gl000226	6	1854	15008	0.123534
chrUn_gl000226	7	1264	15008	0.0842218
chrUn_gl000226	8	919	15008	0.061234
chrUn_gl000226	9	927	15008	0.0617671
chrUn_gl000226	10	686	15008	0.045709
chrUn_gl000226	11	488	15008	0.032516
chrUn_gl000226	12	301	15008	0.020056
chrUn_gl000226	13	148	15008	0.00986141
chrUn_gl000226	14	112	15008	0.00746269
chrUn_gl000226	15	68	15008	0.00453092
chrUn_gl000226	16	29	15008	0.0019323
chrUn_gl000226	17	30	15008	0.00199893
chrUn_gl000226	18	22	15008	0.00146588
chrUn_gl000226	19	16	15008	0.0010661
chrUn_gl000226	20	2	15008	0.000133262
chrUn_gl000227	0	127024	128374	0.989484
chrUn_gl000227	1	1350	128374	0.0105161
chrUn_gl000228	0	123866	129120	0.959309
chrUn_gl000228	1	4197	129120	0.0325046
chrUn_gl000228	2	563	129120	0.00436029
chrUn_gl000228	3	133	129120	0.00103005
chrUn_gl000228	4	95	129120	0.00073575
chrUn_gl000228	5	104	129120	0.000805452
chrUn_gl000228	6	73	129120	0.000565366
chrUn_gl000228	7	28	129120	0.000216853
chrUn_gl000228	8	12	129120	9.29368e-05
chrUn_gl000228	9	16	129120	0.000123916
chrUn_gl000228	10	13	129120	0.000100682
chrUn_gl000228	11	16	129120	0.000123916
chrUn_gl000228	12	4	129120	3.09789e-05
chrUn_gl000229	0	18823	19913	0.945262
chrUn_gl000229	1	1080	19913	0.0542359
chrUn_gl000229	2	10	19913	0.000502184
chrUn_gl000230	0	42791	43691	0.979401
chrUn_gl000230	1	900	43691	0.0205992
chrUn_gl000231	0	26286	27386	0.959834
chrUn_gl000231	1	1100	27386	0.0401665
chrUn_gl000232	0	38259	40652	0.941135
chrUn_gl000232	1	2336	40652	0.0574633
chrUn_gl000232	2	57	40652	0.00140215
chrUn_gl000233	0	44926	45941	0.977906
chrUn_gl000233	1	980	45941	0.0213317
chrUn_gl000233	2	35	45941	0.000761847
chrUn_gl000234	0	39081	40531	0.964225
chrUn_gl000234	1	1450	40531	0.0357751
chrUn_gl000235	0	31811	34474	0.922753
chrUn_gl000235	1	2376	34474	0.0689215
chrUn_gl000235	2	287	34474	0.00832511
chrUn_gl000236	0	41334	41934	0.985692
chrUn_gl000236	1	600	41934	0.0143082
chrUn_gl000237	0	45017	45867	0.981468
chrUn_gl000237	1	850	45867	0.0185318
chrUn_gl000238	0	39489	39939	0.988733
chrUn_gl000238	1	450	39939	0.0112672
chrUn_gl000239	0	32974	33824	0.97487
chrUn_gl000239	1	850	33824	0.0251301
chrUn_gl000240	0	39875	41933	0.950922
chrUn_gl000240	1	1966	41933	0.0468843
chrUn_gl000240	2	92	41933	0.00219398
chrUn_gl000241	0	39521	42152	0.937583
chrUn_gl000241	1	2562	42152	0.06078
chrUn_gl000241	2	69	42152	0.00163693
chrUn_gl000242	0	42973	43523	0.987363
chrUn_gl000242	1	550	43523	0.012637
chrUn_gl000243	0	41428	43341	0.955862
chrUn_gl000243	1	1710	43341	0.0394546
chrUn_gl000243	2	119	43341	0.00274567
chrUn_gl000243	3	84	43341	0.00193812
chrUn_gl000244	0	39124	39929	0.979839
chrUn_gl000244	1	760	39929	0.0190338
chrUn_gl000244	2	45	39929	0.001127
chrUn_gl000245	0	34219	36651	0.933644
chrUn_gl000245	1	2414	36651	0.0658645
chrUn_gl000245	2	18	36651	0.000491119
chrUn_gl000246	0	37704	38154	0.988206
chrUn_gl000246	1	450	38154	0.0117943
chrUn_gl000247	0	34530	36422	0.948053
chrUn_gl000247	1	1884	36422	0.051727
chrUn_gl000247	2	8	36422	0.000219647
chrUn_gl000248	0	39236	39786	0.986176
chrUn_gl000248	1	550	39786	0.013824
chrUn_gl000249	0	38202	38502	0.992208
chrUn_gl000249	1	300	38502	0.0077918
chr8_gl000197_random	0	37175	37175	1
genome	0	3098168922	3137161264	0.987571
genome	1	38446614	3137161264	0.0122552
genome	2	429742	3137161264	0.000136984
genome	3	43249	3137161264	1.3786e-05
genome	4	21065	3137161264	6.71467e-06
genome	5	13678	3137161264	4.35999e-06
genome	6	9461	3137161264	3.01578e-06
genome	7	6750	3137161264	2.15163e-06
genome	8	4333	3137161264	1.38119e-06
genome	9	3329	3137161264	1.06115e-06
genome	10	2450	3137161264	7.80961e-07
genome	11	1956	3137161264	6.23494e-07
genome	12	1401	3137161264	4.46582e-07
genome	13	1166	3137161264	3.71674e-07
genome	14	941	3137161264	2.99953e-07
genome	15	604	3137161264	1.92531e-07
genome	16	513	3137161264	1.63524e-07
genome	17	503	3137161264	1.60336e-07
genome	18	381	3137161264	1.21447e-07
genome	19	381	3137161264	1.21447e-07
genome	20	314	3137161264	1.0009e-07
genome	21	251	3137161264	8.00086e-08
genome	22	239	3137161264	7.61835e-08
genome	23	219	3137161264	6.98083e-08
genome	24	257	3137161264	8.19212e-08
genome	25	267	3137161264	8.51088e-08
genome	26	264	3137161264	8.41525e-08
genome	27	237	3137161264	7.5546e-08
genome	28	200	3137161264	6.37519e-08
genome	29	163	3137161264	5.19578e-08
genome	30	182	3137161264	5.80142e-08
genome	31	123	3137161264	3.92074e-08
genome	32	126	3137161264	4.01637e-08
genome	33	111	3137161264	3.53823e-08
genome	34	96	3137161264	3.06009e-08
genome	35	93	3137161264	2.96446e-08
genome	36	57	3137161264	1.81693e-08
genome	37	70	3137161264	2.23132e-08
genome	38	69	3137161264	2.19944e-08
genome	39	54	3137161264	1.7213e-08
genome	40	39	3137161264	1.24316e-08
genome	41	49	3137161264	1.56192e-08
genome	42	34	3137161264	1.08378e-08
genome	43	44	3137161264	1.40254e-08
genome	44	29	3137161264	9.24403e-09
genome	45	18	3137161264	5.73767e-09
genome	46	20	3137161264	6.37519e-09
genome	47	21	3137161264	6.69395e-09
genome	48	17	3137161264	5.41891e-09
genome	49	19	3137161264	6.05643e-09
genome	50	9	3137161264	2.86884e-09
genome	51	12	3137161264	3.82511e-09
genome	52	12	3137161264	3.82511e-09
genome	53	11	3137161264	3.50635e-09
genome	54	5	3137161264	1.5938e-09
genome	55	7	3137161264	2.23132e-09
genome	56	13	3137161264	4.14387e-09
genome	57	14	3137161264	4.46263e-09
genome	58	17	3137161264	5.41891e-09
genome	59	19	3137161264	6.05643e-09
genome	60	10	3137161264	3.1876e-09
genome	61	6	3137161264	1.91256e-09
genome	62	5	3137161264	1.5938e-09
genome	63	2	3137161264	6.37519e-10
genome	64	1	3137161264	3.1876e-10
