chrM	0	16171	16571	0.975861
chrM	1	400	16571	0.0241386
chr1	0	244207148	249250621	0.979765
chr1	1	4971865	249250621	0.0199473
chr1	2	68988	249250621	0.000276782
chr1	3	1070	249250621	4.29287e-06
chr1	4	199	249250621	7.98393e-07
chr1	5	61	249250621	2.44734e-07
chr1	6	24	249250621	9.62886e-08
chr1	7	52	249250621	2.08625e-07
chr1	8	31	249250621	1.24373e-07
chr1	9	40	249250621	1.60481e-07
chr1	10	34	249250621	1.36409e-07
chr1	11	17	249250621	6.82044e-08
chr1	12	18	249250621	7.22165e-08
chr1	13	16	249250621	6.41924e-08
chr1	14	16	249250621	6.41924e-08
chr1	15	28	249250621	1.12337e-07
chr1	16	31	249250621	1.24373e-07
chr1	17	46	249250621	1.84553e-07
chr1	18	42	249250621	1.68505e-07
chr1	19	40	249250621	1.60481e-07
chr1	20	25	249250621	1.00301e-07
chr1	21	44	249250621	1.76529e-07
chr1	22	51	249250621	2.04613e-07
chr1	23	34	249250621	1.36409e-07
chr1	24	35	249250621	1.40421e-07
chr1	25	39	249250621	1.56469e-07
chr1	26	20	249250621	8.02405e-08
chr1	27	23	249250621	9.22766e-08
chr1	28	24	249250621	9.62886e-08
chr1	29	28	249250621	1.12337e-07
chr1	30	19	249250621	7.62285e-08
chr1	31	30	249250621	1.20361e-07
chr1	32	21	249250621	8.42525e-08
chr1	33	20	249250621	8.02405e-08
chr1	34	15	249250621	6.01804e-08
chr1	35	21	249250621	8.42525e-08
chr1	36	18	249250621	7.22165e-08
chr1	37	23	249250621	9.22766e-08
chr1	38	22	249250621	8.82646e-08
chr1	39	16	249250621	6.41924e-08
chr1	40	17	249250621	6.82044e-08
chr1	41	23	249250621	9.22766e-08
chr1	42	20	249250621	8.02405e-08
chr1	43	23	249250621	9.22766e-08
chr1	44	25	249250621	1.00301e-07
chr1	45	15	249250621	6.01804e-08
chr1	46	15	249250621	6.01804e-08
chr1	47	14	249250621	5.61684e-08
chr1	48	14	249250621	5.61684e-08
chr1	49	25	249250621	1.00301e-07
chr1	50	13	249250621	5.21563e-08
chr1	51	16	249250621	6.41924e-08
chr1	52	11	249250621	4.41323e-08
chr1	53	9	249250621	3.61082e-08
chr1	54	19	249250621	7.62285e-08
chr1	55	29	249250621	1.16349e-07
chr1	56	18	249250621	7.22165e-08
chr1	57	11	249250621	4.41323e-08
chr1	58	1	249250621	4.01203e-09
chr1	59	5	249250621	2.00601e-08
chr1	60	1	249250621	4.01203e-09
chr1	61	3	249250621	1.20361e-08
chr2	0	239874388	243199373	0.986328
chr2	1	3285938	243199373	0.0135113
chr2	2	29606	243199373	0.000121736
chr2	3	3889	243199373	1.5991e-05
chr2	4	1995	243199373	8.20315e-06
chr2	5	1417	243199373	5.82649e-06
chr2	6	809	243199373	3.32649e-06
chr2	7	458	243199373	1.88323e-06
chr2	8	291	243199373	1.19655e-06
chr2	9	148	243199373	6.08554e-07
chr2	10	137	243199373	5.63324e-07
chr2	11	107	243199373	4.39968e-07
chr2	12	58	243199373	2.38487e-07
chr2	13	22	243199373	9.04608e-08
chr2	14	19	243199373	7.81252e-08
chr2	15	41	243199373	1.68586e-07
chr2	16	11	243199373	4.52304e-08
chr2	17	9	243199373	3.70067e-08
chr2	18	11	243199373	4.52304e-08
chr2	19	19	243199373	7.81252e-08
chr3	0	194947168	198022430	0.98447
chr3	1	3052473	198022430	0.0154148
chr3	2	22564	198022430	0.000113947
chr3	3	108	198022430	5.45393e-07
chr3	4	3	198022430	1.51498e-08
chr3	5	3	198022430	1.51498e-08
chr3	7	3	198022430	1.51498e-08
chr3	8	3	198022430	1.51498e-08
chr3	9	4	198022430	2.01997e-08
chr3	10	2	198022430	1.00999e-08
chr3	11	2	198022430	1.00999e-08
chr3	12	4	198022430	2.01997e-08
chr3	13	2	198022430	1.00999e-08
chr3	14	3	198022430	1.51498e-08
chr3	15	1	198022430	5.04993e-09
chr3	16	5	198022430	2.52497e-08
chr3	17	4	198022430	2.01997e-08
chr3	18	2	198022430	1.00999e-08
chr3	19	3	198022430	1.51498e-08
chr3	20	5	198022430	2.52497e-08
chr3	21	2	198022430	1.00999e-08
chr3	22	3	198022430	1.51498e-08
chr3	23	4	198022430	2.01997e-08
chr3	24	6	198022430	3.02996e-08
chr3	25	1	198022430	5.04993e-09
chr3	26	2	198022430	1.00999e-08
chr3	27	2	198022430	1.00999e-08
chr3	28	2	198022430	1.00999e-08
chr3	29	7	198022430	3.53495e-08
chr3	30	3	198022430	1.51498e-08
chr3	31	3	198022430	1.51498e-08
chr3	32	12	198022430	6.05992e-08
chr3	33	14	198022430	7.06991e-08
chr3	34	5	198022430	2.52497e-08
chr3	35	2	198022430	1.00999e-08
chr4	0	188365883	191154276	0.985413
chr4	1	2753918	191154276	0.0144068
chr4	2	28148	191154276	0.000147253
chr4	3	3041	191154276	1.59086e-05
chr4	4	1408	191154276	7.36578e-06
chr4	5	799	191154276	4.17987e-06
chr4	6	555	191154276	2.90341e-06
chr4	7	194	191154276	1.01489e-06
chr4	8	71	191154276	3.71428e-07
chr4	9	56	191154276	2.92957e-07
chr4	10	45	191154276	2.35412e-07
chr4	11	30	191154276	1.56941e-07
chr4	12	22	191154276	1.1509e-07
chr4	13	29	191154276	1.5171e-07
chr4	14	19	191154276	9.93962e-08
chr4	15	32	191154276	1.67404e-07
chr4	16	9	191154276	4.70824e-08
chr4	17	4	191154276	2.09255e-08
chr4	18	5	191154276	2.61569e-08
chr4	19	3	191154276	1.56941e-08
chr4	20	5	191154276	2.61569e-08
chr5	0	178676315	180915260	0.987624
chr5	1	2217598	180915260	0.0122577
chr5	2	20972	180915260	0.000115922
chr5	3	342	180915260	1.89039e-06
chr5	4	33	180915260	1.82406e-07
chr6	0	168898402	171115067	0.987046
chr6	1	2197595	171115067	0.0128428
chr6	2	15238	171115067	8.90512e-05
chr6	3	317	171115067	1.85255e-06
chr6	4	359	171115067	2.098e-06
chr6	5	394	171115067	2.30254e-06
chr6	6	287	171115067	1.67723e-06
chr6	7	317	171115067	1.85255e-06
chr6	8	396	171115067	2.31423e-06
chr6	9	321	171115067	1.87593e-06
chr6	10	361	171115067	2.10969e-06
chr6	11	332	171115067	1.94021e-06
chr6	12	257	171115067	1.50191e-06
chr6	13	182	171115067	1.06361e-06
chr6	14	135	171115067	7.88943e-07
chr6	15	100	171115067	5.84402e-07
chr6	16	46	171115067	2.68825e-07
chr6	17	19	171115067	1.11036e-07
chr6	18	8	171115067	4.67522e-08
chr6	19	1	171115067	5.84402e-09
chr7	0	157472237	159138663	0.989529
chr7	1	1653873	159138663	0.0103927
chr7	2	9054	159138663	5.68938e-05
chr7	3	619	159138663	3.88969e-06
chr7	4	317	159138663	1.99197e-06
chr7	5	293	159138663	1.84116e-06
chr7	6	210	159138663	1.3196e-06
chr7	7	239	159138663	1.50183e-06
chr7	8	199	159138663	1.25048e-06
chr7	9	159	159138663	9.99129e-07
chr7	10	104	159138663	6.53518e-07
chr7	11	109	159138663	6.84937e-07
chr7	12	98	159138663	6.15815e-07
chr7	13	101	159138663	6.34667e-07
chr7	14	85	159138663	5.34125e-07
chr7	15	105	159138663	6.59802e-07
chr7	16	76	159138663	4.77571e-07
chr7	17	96	159138663	6.03248e-07
chr7	18	88	159138663	5.52977e-07
chr7	19	59	159138663	3.70746e-07
chr7	20	63	159138663	3.95881e-07
chr7	21	64	159138663	4.02165e-07
chr7	22	55	159138663	3.45611e-07
chr7	23	55	159138663	3.45611e-07
chr7	24	48	159138663	3.01624e-07
chr7	25	53	159138663	3.33043e-07
chr7	26	25	159138663	1.57096e-07
chr7	27	32	159138663	2.01083e-07
chr7	28	28	159138663	1.75947e-07
chr7	29	20	159138663	1.25677e-07
chr7	30	15	159138663	9.42574e-08
chr7	31	18	159138663	1.13109e-07
chr7	32	20	159138663	1.25677e-07
chr7	33	24	159138663	1.50812e-07
chr7	34	17	159138663	1.06825e-07
chr7	35	5	159138663	3.14191e-08
chr8	0	143727401	146364022	0.981986
chr8	1	2577373	146364022	0.0176093
chr8	2	52291	146364022	0.000357267
chr8	3	4919	146364022	3.3608e-05
chr8	4	1213	146364022	8.28756e-06
chr8	5	396	146364022	2.70558e-06
chr8	6	198	146364022	1.35279e-06
chr8	7	93	146364022	6.35402e-07
chr8	8	76	146364022	5.19253e-07
chr8	9	61	146364022	4.16769e-07
chr8	10	1	146364022	6.83228e-09
chr9	0	139674121	141213431	0.9891
chr9	1	1525747	141213431	0.0108045
chr9	2	12634	141213431	8.94674e-05
chr9	3	433	141213431	3.06628e-06
chr9	4	133	141213431	9.41837e-07
chr9	5	101	141213431	7.15229e-07
chr9	6	127	141213431	8.99348e-07
chr9	7	54	141213431	3.824e-07
chr9	8	46	141213431	3.25748e-07
chr9	9	9	141213431	6.37333e-08
chr9	10	26	141213431	1.84118e-07
chr10	0	133768822	135534747	0.986971
chr10	1	1732137	135534747	0.01278
chr10	2	20143	135534747	0.000148619
chr10	3	2632	135534747	1.94194e-05
chr10	4	1751	135534747	1.29192e-05
chr10	5	1165	135534747	8.59558e-06
chr10	6	1212	135534747	8.94236e-06
chr10	7	744	135534747	5.48937e-06
chr10	8	750	135534747	5.53364e-06
chr10	9	510	135534747	3.76287e-06
chr10	10	416	135534747	3.06932e-06
chr10	11	326	135534747	2.40529e-06
chr10	12	351	135534747	2.58974e-06
chr10	13	281	135534747	2.07327e-06
chr10	14	400	135534747	2.95127e-06
chr10	15	330	135534747	2.4348e-06
chr10	16	316	135534747	2.33151e-06
chr10	17	243	135534747	1.7929e-06
chr10	18	209	135534747	1.54204e-06
chr10	19	203	135534747	1.49777e-06
chr10	20	189	135534747	1.39448e-06
chr10	21	109	135534747	8.04222e-07
chr10	22	130	135534747	9.59164e-07
chr10	23	154	135534747	1.13624e-06
chr10	24	147	135534747	1.08459e-06
chr10	25	148	135534747	1.09197e-06
chr10	26	124	135534747	9.14894e-07
chr10	27	116	135534747	8.55869e-07
chr10	28	75	135534747	5.53364e-07
chr10	29	70	135534747	5.16473e-07
chr10	30	84	135534747	6.19767e-07
chr10	31	56	135534747	4.13178e-07
chr10	32	56	135534747	4.13178e-07
chr10	33	53	135534747	3.91044e-07
chr10	34	49	135534747	3.61531e-07
chr10	35	40	135534747	2.95127e-07
chr10	36	36	135534747	2.65615e-07
chr10	37	23	135534747	1.69698e-07
chr10	38	22	135534747	1.6232e-07
chr10	39	26	135534747	1.91833e-07
chr10	40	26	135534747	1.91833e-07
chr10	41	25	135534747	1.84455e-07
chr10	42	16	135534747	1.18051e-07
chr10	43	6	135534747	4.42691e-08
chr10	44	6	135534747	4.42691e-08
chr10	45	12	135534747	8.85382e-08
chr10	46	5	135534747	3.68909e-08
chr10	47	3	135534747	2.21345e-08
chr11	0	133591465	135006516	0.989519
chr11	1	1405923	135006516	0.0104137
chr11	2	7935	135006516	5.87749e-05
chr11	3	475	135006516	3.51835e-06
chr11	4	331	135006516	2.45173e-06
chr11	5	211	135006516	1.56289e-06
chr11	6	67	135006516	4.96272e-07
chr11	7	64	135006516	4.74051e-07
chr11	8	15	135006516	1.11106e-07
chr11	9	17	135006516	1.2592e-07
chr11	10	13	135006516	9.62917e-08
chr12	0	132448980	133851895	0.989519
chr12	1	1395804	133851895	0.010428
chr12	2	7037	133851895	5.2573e-05
chr12	3	74	133851895	5.5285e-07
chr13	0	114350554	115169878	0.992886
chr13	1	816408	115169878	0.00708873
chr13	2	2906	115169878	2.52323e-05
chr13	3	10	115169878	8.68283e-08
chr14	0	106294191	107349540	0.990169
chr14	1	1048555	107349540	0.00976767
chr14	2	6737	107349540	6.27576e-05
chr14	3	57	107349540	5.30976e-07
chr15	0	101732363	102531392	0.992207
chr15	1	795004	102531392	0.00775376
chr15	2	3979	102531392	3.88076e-05
chr15	3	46	102531392	4.48643e-07
chr16	0	89220154	90354753	0.987443
chr16	1	1099107	90354753	0.0121644
chr16	2	15185	90354753	0.00016806
chr16	3	5595	90354753	6.19226e-05
chr16	4	4650	90354753	5.14638e-05
chr16	5	3301	90354753	3.65338e-05
chr16	6	2518	90354753	2.78679e-05
chr16	7	1694	90354753	1.87483e-05
chr16	8	966	90354753	1.06912e-05
chr16	9	537	90354753	5.94324e-06
chr16	10	408	90354753	4.51553e-06
chr16	11	278	90354753	3.07676e-06
chr16	12	135	90354753	1.49411e-06
chr16	13	98	90354753	1.08461e-06
chr16	14	71	90354753	7.85792e-07
chr16	15	32	90354753	3.5416e-07
chr16	16	12	90354753	1.3281e-07
chr16	17	8	90354753	8.85399e-08
chr16	18	4	90354753	4.42699e-08
chr17	0	80156638	81195210	0.987209
chr17	1	1029615	81195210	0.0126807
chr17	2	8566	81195210	0.000105499
chr17	3	203	81195210	2.50015e-06
chr17	4	87	81195210	1.07149e-06
chr17	5	40	81195210	4.9264e-07
chr17	6	11	81195210	1.35476e-07
chr17	7	8	81195210	9.8528e-08
chr17	8	5	81195210	6.158e-08
chr17	9	8	81195210	9.8528e-08
chr17	10	9	81195210	1.10844e-07
chr17	11	18	81195210	2.21688e-07
chr17	12	2	81195210	2.4632e-08
chr18	0	77044893	78077248	0.986778
chr18	1	1023811	78077248	0.0131128
chr18	2	7076	78077248	9.06282e-05
chr18	3	537	78077248	6.8778e-06
chr18	4	196	78077248	2.51033e-06
chr18	5	189	78077248	2.42068e-06
chr18	6	115	78077248	1.4729e-06
chr18	7	127	78077248	1.62659e-06
chr18	8	89	78077248	1.1399e-06
chr18	9	62	78077248	7.94085e-07
chr18	10	19	78077248	2.43349e-07
chr18	11	15	78077248	1.92117e-07
chr18	12	30	78077248	3.84235e-07
chr18	13	17	78077248	2.17733e-07
chr18	14	28	78077248	3.58619e-07
chr18	15	21	78077248	2.68964e-07
chr18	16	4	78077248	5.12313e-08
chr18	17	3	78077248	3.84235e-08
chr18	18	14	78077248	1.7931e-07
chr18	19	2	78077248	2.56157e-08
chr19	0	58645121	59128983	0.991817
chr19	1	478655	59128983	0.0080951
chr19	2	2987	59128983	5.05167e-05
chr19	3	356	59128983	6.02074e-06
chr19	4	329	59128983	5.56411e-06
chr19	5	209	59128983	3.53465e-06
chr19	6	218	59128983	3.68686e-06
chr19	7	137	59128983	2.31697e-06
chr19	8	118	59128983	1.99564e-06
chr19	9	132	59128983	2.23241e-06
chr19	10	132	59128983	2.23241e-06
chr19	11	126	59128983	2.13093e-06
chr19	12	77	59128983	1.30224e-06
chr19	13	74	59128983	1.2515e-06
chr19	14	52	59128983	8.79433e-07
chr19	15	19	59128983	3.21331e-07
chr19	16	9	59128983	1.5221e-07
chr19	17	28	59128983	4.73541e-07
chr19	18	11	59128983	1.86034e-07
chr19	19	9	59128983	1.5221e-07
chr19	20	9	59128983	1.5221e-07
chr19	21	17	59128983	2.87507e-07
chr19	22	16	59128983	2.70595e-07
chr19	23	5	59128983	8.45609e-08
chr19	24	4	59128983	6.76487e-08
chr19	25	9	59128983	1.5221e-07
chr19	26	8	59128983	1.35297e-07
chr19	27	9	59128983	1.5221e-07
chr19	28	11	59128983	1.86034e-07
chr19	29	12	59128983	2.02946e-07
chr19	30	5	59128983	8.45609e-08
chr19	31	10	59128983	1.69122e-07
chr19	32	20	59128983	3.38244e-07
chr19	33	20	59128983	3.38244e-07
chr19	34	14	59128983	2.36771e-07
chr19	35	9	59128983	1.5221e-07
chr19	36	6	59128983	1.01473e-07
chr20	0	62089208	63025520	0.985144
chr20	1	928905	63025520	0.0147386
chr20	2	7120	63025520	0.00011297
chr20	3	118	63025520	1.87226e-06
chr20	4	94	63025520	1.49146e-06
chr20	5	75	63025520	1.18999e-06
chr21	0	47609507	48129895	0.989188
chr21	1	514395	48129895	0.0106876
chr21	2	5370	48129895	0.000111573
chr21	3	270	48129895	5.60982e-06
chr21	4	169	48129895	3.51133e-06
chr21	5	41	48129895	8.51861e-07
chr21	6	50	48129895	1.03886e-06
chr21	7	13	48129895	2.70102e-07
chr21	8	15	48129895	3.11657e-07
chr21	9	10	48129895	2.07771e-07
chr21	10	5	48129895	1.03886e-07
chr21	11	27	48129895	5.60982e-07
chr21	12	23	48129895	4.77873e-07
chr22	0	50745630	51304566	0.989106
chr22	1	554220	51304566	0.0108025
chr22	2	4650	51304566	9.06352e-05
chr22	3	7	51304566	1.3644e-07
chr22	5	4	51304566	7.79658e-08
chr22	6	2	51304566	3.89829e-08
chr22	8	2	51304566	3.89829e-08
chr22	9	1	51304566	1.94914e-08
chr22	10	1	51304566	1.94914e-08
chr22	11	2	51304566	3.89829e-08
chr22	13	2	51304566	3.89829e-08
chr22	14	4	51304566	7.79658e-08
chr22	16	2	51304566	3.89829e-08
chr22	17	13	51304566	2.53389e-07
chr22	18	9	51304566	1.75423e-07
chr22	19	17	51304566	3.31354e-07
chrX	0	154131120	155270560	0.992662
chrX	1	1131053	155270560	0.0072844
chrX	2	6972	155270560	4.49023e-05
chrX	3	1090	155270560	7.02e-06
chrX	4	246	155270560	1.58433e-06
chrX	5	75	155270560	4.83028e-07
chrX	6	4	155270560	2.57615e-08
chrY	0	59302649	59373566	0.998806
chrY	1	64634	59373566	0.0010886
chrY	2	3624	59373566	6.10373e-05
chrY	3	1468	59373566	2.47248e-05
chrY	4	617	59373566	1.03918e-05
chrY	5	263	59373566	4.42958e-06
chrY	6	142	59373566	2.39164e-06
chrY	7	76	59373566	1.28003e-06
chrY	8	56	59373566	9.43181e-07
chrY	9	24	59373566	4.0422e-07
chrY	10	10	59373566	1.68425e-07
chrY	11	3	59373566	5.05275e-08
chr1_gl000191_random	0	105983	106433	0.995772
chr1_gl000191_random	1	450	106433	0.00422801
chr1_gl000192_random	0	532860	547496	0.973267
chr1_gl000192_random	1	14422	547496	0.0263417
chr1_gl000192_random	2	214	547496	0.00039087
chr4_ctg9_hap1	0	584609	590426	0.990148
chr4_ctg9_hap1	1	5784	590426	0.00979632
chr4_ctg9_hap1	2	33	590426	5.58918e-05
chr4_gl000193_random	0	184059	189789	0.969809
chr4_gl000193_random	1	5560	189789	0.0292957
chr4_gl000193_random	2	170	189789	0.000895732
chr4_gl000194_random	0	180334	191469	0.941844
chr4_gl000194_random	1	10722	191469	0.0559986
chr4_gl000194_random	2	411	191469	0.00214656
chr4_gl000194_random	3	2	191469	1.04456e-05
chr6_apd_hap1	0	4617340	4622290	0.998929
chr6_apd_hap1	1	4950	4622290	0.0010709
chr6_cox_hap2	0	4782421	4795371	0.997299
chr6_cox_hap2	1	12950	4795371	0.00270052
chr6_dbb_hap3	0	4598234	4610396	0.997362
chr6_dbb_hap3	1	12124	4610396	0.00262971
chr6_dbb_hap3	2	38	4610396	8.24224e-06
chr6_mann_hap4	0	4671663	4683263	0.997523
chr6_mann_hap4	1	11600	4683263	0.00247691
chr6_mcf_hap5	0	4823098	4833398	0.997869
chr6_mcf_hap5	1	10300	4833398	0.00213101
chr6_qbl_hap6	0	4601041	4611984	0.997627
chr6_qbl_hap6	1	10936	4611984	0.00237121
chr6_qbl_hap6	2	7	4611984	1.51778e-06
chr6_ssto_hap7	0	4915744	4928567	0.997398
chr6_ssto_hap7	1	12746	4928567	0.00258615
chr6_ssto_hap7	2	77	4928567	1.56232e-05
chr7_gl000195_random	0	181346	182896	0.991525
chr7_gl000195_random	1	1550	182896	0.00847476
chr8_gl000196_random	0	38514	38914	0.989721
chr8_gl000196_random	1	400	38914	0.0102791
chr8_gl000197_random	0	36775	37175	0.98924
chr8_gl000197_random	1	400	37175	0.0107599
chr9_gl000198_random	0	86676	90085	0.962158
chr9_gl000198_random	1	3318	90085	0.0368319
chr9_gl000198_random	2	91	90085	0.00101016
chr9_gl000199_random	0	126887	169874	0.746948
chr9_gl000199_random	1	28832	169874	0.169726
chr9_gl000199_random	2	9039	169874	0.05321
chr9_gl000199_random	3	2673	169874	0.0157352
chr9_gl000199_random	4	1101	169874	0.00648127
chr9_gl000199_random	5	582	169874	0.00342607
chr9_gl000199_random	6	429	169874	0.0025254
chr9_gl000199_random	7	94	169874	0.000553351
chr9_gl000199_random	8	95	169874	0.000559238
chr9_gl000199_random	9	63	169874	0.000370863
chr9_gl000199_random	10	6	169874	3.53203e-05
chr9_gl000199_random	11	8	169874	4.70937e-05
chr9_gl000199_random	12	16	169874	9.41875e-05
chr9_gl000199_random	13	9	169874	5.29804e-05
chr9_gl000199_random	14	3	169874	1.76601e-05
chr9_gl000199_random	15	6	169874	3.53203e-05
chr9_gl000199_random	16	6	169874	3.53203e-05
chr9_gl000199_random	17	3	169874	1.76601e-05
chr9_gl000199_random	18	13	169874	7.65273e-05
chr9_gl000199_random	19	2	169874	1.17734e-05
chr9_gl000199_random	20	7	169874	4.1207e-05
chr9_gl000200_random	0	185785	187035	0.993317
chr9_gl000200_random	1	1250	187035	0.00668324
chr9_gl000201_random	0	35998	36148	0.99585
chr9_gl000201_random	1	150	36148	0.00414961
chr11_gl000202_random	0	39803	40103	0.992519
chr11_gl000202_random	1	300	40103	0.00748074
chr17_ctg5_hap1	0	1671157	1680828	0.994246
chr17_ctg5_hap1	1	9592	1680828	0.00570671
chr17_ctg5_hap1	2	79	1680828	4.70006e-05
chr17_gl000203_random	0	36698	37498	0.978666
chr17_gl000203_random	1	800	37498	0.0213345
chr17_gl000204_random	0	80169	81310	0.985967
chr17_gl000204_random	1	1132	81310	0.013922
chr17_gl000204_random	2	9	81310	0.000110687
chr17_gl000205_random	0	173738	174588	0.995131
chr17_gl000205_random	1	850	174588	0.00486861
chr17_gl000206_random	0	40751	41001	0.993903
chr17_gl000206_random	1	250	41001	0.00609741
chr18_gl000207_random	0	4112	4262	0.964805
chr18_gl000207_random	1	150	4262	0.0351947
chr19_gl000208_random	0	88659	92689	0.956521
chr19_gl000208_random	1	3586	92689	0.0386885
chr19_gl000208_random	2	368	92689	0.00397027
chr19_gl000208_random	3	76	92689	0.000819946
chr19_gl000209_random	0	158819	159169	0.997801
chr19_gl000209_random	1	350	159169	0.00219892
chr21_gl000210_random	0	27432	27682	0.990969
chr21_gl000210_random	1	250	27682	0.00903114
chrUn_gl000211	0	161348	166566	0.968673
chrUn_gl000211	1	4886	166566	0.0293337
chrUn_gl000211	2	332	166566	0.0019932
chrUn_gl000212	0	184055	186858	0.984999
chrUn_gl000212	1	2658	186858	0.0142247
chrUn_gl000212	2	143	186858	0.000765287
chrUn_gl000212	3	2	186858	1.07033e-05
chrUn_gl000213	0	163089	164239	0.992998
chrUn_gl000213	1	1150	164239	0.00700199
chrUn_gl000214	0	113020	137718	0.820662
chrUn_gl000214	1	17785	137718	0.129141
chrUn_gl000214	2	4391	137718	0.031884
chrUn_gl000214	3	1444	137718	0.0104852
chrUn_gl000214	4	617	137718	0.00448017
chrUn_gl000214	5	348	137718	0.0025269
chrUn_gl000214	6	98	137718	0.000711599
chrUn_gl000214	7	15	137718	0.000108918
chrUn_gl000215	0	171395	172545	0.993335
chrUn_gl000215	1	1150	172545	0.00666493
chrUn_gl000216	0	156696	172294	0.909469
chrUn_gl000216	1	11867	172294	0.0688765
chrUn_gl000216	2	1799	172294	0.0104415
chrUn_gl000216	3	850	172294	0.00493343
chrUn_gl000216	4	481	172294	0.00279174
chrUn_gl000216	5	191	172294	0.00110857
chrUn_gl000216	6	93	172294	0.000539775
chrUn_gl000216	7	94	172294	0.000545579
chrUn_gl000216	8	65	172294	0.000377262
chrUn_gl000216	9	85	172294	0.000493343
chrUn_gl000216	10	26	172294	0.000150905
chrUn_gl000216	11	4	172294	2.32161e-05
chrUn_gl000216	12	2	172294	1.16081e-05
chrUn_gl000216	13	10	172294	5.80403e-05
chrUn_gl000216	14	9	172294	5.22363e-05
chrUn_gl000216	15	1	172294	5.80403e-06
chrUn_gl000216	16	9	172294	5.22363e-05
chrUn_gl000216	17	4	172294	2.32161e-05
chrUn_gl000216	18	8	172294	4.64323e-05
chrUn_gl000217	0	168493	172149	0.978763
chrUn_gl000217	1	3612	172149	0.0209818
chrUn_gl000217	2	44	172149	0.000255593
chrUn_gl000218	0	152906	161147	0.94886
chrUn_gl000218	1	7770	161147	0.0482168
chrUn_gl000218	2	433	161147	0.00268699
chrUn_gl000218	3	38	161147	0.00023581
chrUn_gl000219	0	175307	179198	0.978287
chrUn_gl000219	1	3832	179198	0.0213842
chrUn_gl000219	2	59	179198	0.000329245
chrUn_gl000220	0	143018	161802	0.883907
chrUn_gl000220	1	15139	161802	0.093565
chrUn_gl000220	2	2936	161802	0.0181456
chrUn_gl000220	3	582	161802	0.00359699
chrUn_gl000220	4	102	161802	0.0006304
chrUn_gl000220	5	15	161802	9.27059e-05
chrUn_gl000220	6	10	161802	6.18039e-05
chrUn_gl000221	0	149741	155397	0.963603
chrUn_gl000221	1	5421	155397	0.0348848
chrUn_gl000221	2	226	155397	0.00145434
chrUn_gl000221	3	9	155397	5.79162e-05
chrUn_gl000222	0	183899	186861	0.984149
chrUn_gl000222	1	2924	186861	0.015648
chrUn_gl000222	2	38	186861	0.00020336
chrUn_gl000223	0	179505	180455	0.994736
chrUn_gl000223	1	950	180455	0.00526447
chrUn_gl000224	0	171821	179693	0.956192
chrUn_gl000224	1	6230	179693	0.0346702
chrUn_gl000224	2	1245	179693	0.00692848
chrUn_gl000224	3	362	179693	0.00201455
chrUn_gl000224	4	31	179693	0.000172516
chrUn_gl000224	5	4	179693	2.22602e-05
chrUn_gl000225	0	182948	211173	0.866342
chrUn_gl000225	1	20807	211173	0.0985306
chrUn_gl000225	2	4500	211173	0.0213095
chrUn_gl000225	3	1482	211173	0.00701794
chrUn_gl000225	4	620	211173	0.00293598
chrUn_gl000225	5	326	211173	0.00154376
chrUn_gl000225	6	131	211173	0.000620344
chrUn_gl000225	7	91	211173	0.000430926
chrUn_gl000225	8	72	211173	0.000340953
chrUn_gl000225	9	55	211173	0.00026045
chrUn_gl000225	10	14	211173	6.62964e-05
chrUn_gl000225	11	33	211173	0.00015627
chrUn_gl000225	12	40	211173	0.000189418
chrUn_gl000225	13	22	211173	0.00010418
chrUn_gl000225	14	7	211173	3.31482e-05
chrUn_gl000225	15	24	211173	0.000113651
chrUn_gl000225	16	1	211173	4.73545e-06
chrUn_gl000226	0	1014	15008	0.067564
chrUn_gl000226	1	971	15008	0.0646988
chrUn_gl000226	2	1219	15008	0.0812233
chrUn_gl000226	3	1627	15008	0.108409
chrUn_gl000226	4	1703	15008	0.113473
chrUn_gl000226	5	1784	15008	0.11887
chrUn_gl000226	6	1615	15008	0.107609
chrUn_gl000226	7	1480	15008	0.0986141
chrUn_gl000226	8	1145	15008	0.0762926
chrUn_gl000226	9	790	15008	0.0526386
chrUn_gl000226	10	620	15008	0.0413113
chrUn_gl000226	11	330	15008	0.0219883
chrUn_gl000226	12	258	15008	0.0171908
chrUn_gl000226	13	172	15008	0.0114606
chrUn_gl000226	14	129	15008	0.00859542
chrUn_gl000226	15	57	15008	0.00379797
chrUn_gl000226	16	63	15008	0.00419776
chrUn_gl000226	17	31	15008	0.00206556
chrUn_gl000227	0	126916	128374	0.988643
chrUn_gl000227	1	1416	128374	0.0110303
chrUn_gl000227	2	42	128374	0.000327169
chrUn_gl000228	0	124426	129120	0.963646
chrUn_gl000228	1	3863	129120	0.0299179
chrUn_gl000228	2	443	129120	0.00343092
chrUn_gl000228	3	147	129120	0.00113848
chrUn_gl000228	4	73	129120	0.000565366
chrUn_gl000228	5	24	129120	0.000185874
chrUn_gl000228	6	25	129120	0.000193618
chrUn_gl000228	7	17	129120	0.00013166
chrUn_gl000228	8	15	129120	0.000116171
chrUn_gl000228	9	17	129120	0.00013166
chrUn_gl000228	10	19	129120	0.00014715
chrUn_gl000228	11	19	129120	0.00014715
chrUn_gl000228	12	17	129120	0.00013166
chrUn_gl000228	13	7	129120	5.42131e-05
chrUn_gl000228	14	8	129120	6.19579e-05
chrUn_gl000229	0	19363	19913	0.97238
chrUn_gl000229	1	550	19913	0.0276201
chrUn_gl000230	0	42641	43691	0.975968
chrUn_gl000230	1	1050	43691	0.0240324
chrUn_gl000231	0	26436	27386	0.965311
chrUn_gl000231	1	950	27386	0.0346893
chrUn_gl000232	0	37885	40652	0.931934
chrUn_gl000232	1	2584	40652	0.0635639
chrUn_gl000232	2	183	40652	0.00450162
chrUn_gl000233	0	44761	45941	0.974315
chrUn_gl000233	1	1160	45941	0.0252498
chrUn_gl000233	2	20	45941	0.000435341
chrUn_gl000234	0	38831	40531	0.958057
chrUn_gl000234	1	1700	40531	0.0419432
chrUn_gl000235	0	32425	34474	0.940564
chrUn_gl000235	1	1928	34474	0.0559262
chrUn_gl000235	2	91	34474	0.00263967
chrUn_gl000235	3	30	34474	0.000870221
chrUn_gl000236	0	41226	41934	0.983116
chrUn_gl000236	1	666	41934	0.0158821
chrUn_gl000236	2	42	41934	0.00100157
chrUn_gl000237	0	44517	45867	0.970567
chrUn_gl000237	1	1350	45867	0.0294329
chrUn_gl000238	0	39689	39939	0.99374
chrUn_gl000238	1	250	39939	0.00625955
chrUn_gl000239	0	32927	33824	0.97348
chrUn_gl000239	1	894	33824	0.0264309
chrUn_gl000239	2	3	33824	8.86944e-05
chrUn_gl000240	0	40292	41933	0.960866
chrUn_gl000240	1	1632	41933	0.0389192
chrUn_gl000240	2	9	41933	0.000214628
chrUn_gl000241	0	39255	42152	0.931273
chrUn_gl000241	1	2716	42152	0.0644335
chrUn_gl000241	2	159	42152	0.00377206
chrUn_gl000241	3	22	42152	0.000521921
chrUn_gl000242	0	42773	43523	0.982768
chrUn_gl000242	1	750	43523	0.0172323
chrUn_gl000243	0	40339	43341	0.930735
chrUn_gl000243	1	2811	43341	0.0648578
chrUn_gl000243	2	105	43341	0.00242265
chrUn_gl000243	3	65	43341	0.00149973
chrUn_gl000243	4	21	43341	0.00048453
chrUn_gl000244	0	39029	39929	0.97746
chrUn_gl000244	1	900	39929	0.02254
chrUn_gl000245	0	35039	36651	0.956018
chrUn_gl000245	1	1574	36651	0.0429456
chrUn_gl000245	2	38	36651	0.00103681
chrUn_gl000246	0	37704	38154	0.988206
chrUn_gl000246	1	450	38154	0.0117943
chrUn_gl000247	0	34661	36422	0.95165
chrUn_gl000247	1	1722	36422	0.0472791
chrUn_gl000247	2	39	36422	0.00107078
chrUn_gl000248	0	39336	39786	0.988689
chrUn_gl000248	1	450	39786	0.0113105
chrUn_gl000249	0	37802	38502	0.981819
chrUn_gl000249	1	700	38502	0.0181809
genome	0	3098097762	3137161264	0.987548
genome	1	38559928	3137161264	0.0122913
genome	2	398857	3137161264	0.000127139
genome	3	37087	3137161264	1.18218e-05
genome	4	18879	3137161264	6.01786e-06
genome	5	12311	3137161264	3.92425e-06
genome	6	8950	3137161264	2.8529e-06
genome	7	6064	3137161264	1.93296e-06
genome	8	4521	3137161264	1.44111e-06
genome	9	3109	3137161264	9.91023e-07
genome	10	2408	3137161264	7.67573e-07
genome	11	1786	3137161264	5.69305e-07
genome	12	1408	3137161264	4.48813e-07
genome	13	1044	3137161264	3.32785e-07
genome	14	988	3137161264	3.14934e-07
genome	15	797	3137161264	2.54051e-07
genome	16	600	3137161264	1.91256e-07
genome	17	511	3137161264	1.62886e-07
genome	18	424	3137161264	1.35154e-07
genome	19	358	3137161264	1.14116e-07
genome	20	303	3137161264	9.65841e-08
genome	21	236	3137161264	7.52272e-08
genome	22	255	3137161264	8.12837e-08
genome	23	252	3137161264	8.03274e-08
genome	24	240	3137161264	7.65023e-08
genome	25	250	3137161264	7.96899e-08
genome	26	179	3137161264	5.7058e-08
genome	27	182	3137161264	5.80142e-08
genome	28	140	3137161264	4.46263e-08
genome	29	137	3137161264	4.36701e-08
genome	30	126	3137161264	4.01637e-08
genome	31	117	3137161264	3.72949e-08
genome	32	129	3137161264	4.112e-08
genome	33	131	3137161264	4.17575e-08
genome	34	100	3137161264	3.1876e-08
genome	35	77	3137161264	2.45445e-08
genome	36	60	3137161264	1.91256e-08
genome	37	46	3137161264	1.46629e-08
genome	38	44	3137161264	1.40254e-08
genome	39	42	3137161264	1.33879e-08
genome	40	43	3137161264	1.37067e-08
genome	41	48	3137161264	1.53005e-08
genome	42	36	3137161264	1.14753e-08
genome	43	29	3137161264	9.24403e-09
genome	44	31	3137161264	9.88155e-09
genome	45	27	3137161264	8.60651e-09
genome	46	20	3137161264	6.37519e-09
genome	47	17	3137161264	5.41891e-09
genome	48	14	3137161264	4.46263e-09
genome	49	25	3137161264	7.96899e-09
genome	50	13	3137161264	4.14387e-09
genome	51	16	3137161264	5.10015e-09
genome	52	11	3137161264	3.50635e-09
genome	53	9	3137161264	2.86884e-09
genome	54	19	3137161264	6.05643e-09
genome	55	29	3137161264	9.24403e-09
genome	56	18	3137161264	5.73767e-09
genome	57	11	3137161264	3.50635e-09
genome	58	1	3137161264	3.1876e-10
genome	59	5	3137161264	1.5938e-09
genome	60	1	3137161264	3.1876e-10
genome	61	3	3137161264	9.56279e-10
