chrM	0	7324	16571	0.441977
chrM	1	5954	16571	0.359302
chrM	2	2495	16571	0.150564
chrM	3	636	16571	0.0383803
chrM	4	162	16571	0.00977611
chr1	0	244212132	249250621	0.979785
chr1	1	4970393	249250621	0.0199413
chr1	2	65093	249250621	0.000261155
chr1	3	1204	249250621	4.83048e-06
chr1	4	254	249250621	1.01905e-06
chr1	5	98	249250621	3.93179e-07
chr1	6	105	249250621	4.21263e-07
chr1	7	151	249250621	6.05816e-07
chr1	8	29	249250621	1.16349e-07
chr1	9	19	249250621	7.62285e-08
chr1	10	15	249250621	6.01804e-08
chr1	11	22	249250621	8.82646e-08
chr1	12	29	249250621	1.16349e-07
chr1	13	18	249250621	7.22165e-08
chr1	14	23	249250621	9.22766e-08
chr1	15	18	249250621	7.22165e-08
chr1	16	26	249250621	1.04313e-07
chr1	17	31	249250621	1.24373e-07
chr1	18	26	249250621	1.04313e-07
chr1	19	33	249250621	1.32397e-07
chr1	20	35	249250621	1.40421e-07
chr1	21	42	249250621	1.68505e-07
chr1	22	31	249250621	1.24373e-07
chr1	23	50	249250621	2.00601e-07
chr1	24	55	249250621	2.20661e-07
chr1	25	36	249250621	1.44433e-07
chr1	26	28	249250621	1.12337e-07
chr1	27	23	249250621	9.22766e-08
chr1	28	24	249250621	9.62886e-08
chr1	29	41	249250621	1.64493e-07
chr1	30	32	249250621	1.28385e-07
chr1	31	30	249250621	1.20361e-07
chr1	32	28	249250621	1.12337e-07
chr1	33	29	249250621	1.16349e-07
chr1	34	17	249250621	6.82044e-08
chr1	35	23	249250621	9.22766e-08
chr1	36	34	249250621	1.36409e-07
chr1	37	25	249250621	1.00301e-07
chr1	38	19	249250621	7.62285e-08
chr1	39	13	249250621	5.21563e-08
chr1	40	13	249250621	5.21563e-08
chr1	41	13	249250621	5.21563e-08
chr1	42	10	249250621	4.01203e-08
chr1	43	9	249250621	3.61082e-08
chr1	44	23	249250621	9.22766e-08
chr1	45	24	249250621	9.62886e-08
chr1	46	12	249250621	4.81443e-08
chr1	47	5	249250621	2.00601e-08
chr1	48	11	249250621	4.41323e-08
chr1	49	24	249250621	9.62886e-08
chr1	50	27	249250621	1.08325e-07
chr1	51	14	249250621	5.61684e-08
chr1	52	9	249250621	3.61082e-08
chr1	53	10	249250621	4.01203e-08
chr1	54	3	249250621	1.20361e-08
chr1	55	8	249250621	3.20962e-08
chr1	56	2	249250621	8.02405e-09
chr1	57	7	249250621	2.80842e-08
chr1	58	8	249250621	3.20962e-08
chr1	59	7	249250621	2.80842e-08
chr1	60	6	249250621	2.40722e-08
chr1	61	7	249250621	2.80842e-08
chr1	62	8	249250621	3.20962e-08
chr1	63	8	249250621	3.20962e-08
chr1	64	9	249250621	3.61082e-08
chr1	65	7	249250621	2.80842e-08
chr1	66	3	249250621	1.20361e-08
chr2	0	239880255	243199373	0.986352
chr2	1	3279724	243199373	0.0134857
chr2	2	30933	243199373	0.000127192
chr2	3	3804	243199373	1.56415e-05
chr2	4	1971	243199373	8.10446e-06
chr2	5	1087	243199373	4.46958e-06
chr2	6	516	243199373	2.12172e-06
chr2	7	423	243199373	1.73931e-06
chr2	8	163	243199373	6.70232e-07
chr2	9	121	243199373	4.97534e-07
chr2	10	104	243199373	4.27633e-07
chr2	11	107	243199373	4.39968e-07
chr2	12	49	243199373	2.01481e-07
chr2	13	29	243199373	1.19244e-07
chr2	14	17	243199373	6.99015e-08
chr2	15	28	243199373	1.15132e-07
chr2	16	7	243199373	2.8783e-08
chr2	17	9	243199373	3.70067e-08
chr2	18	20	243199373	8.22371e-08
chr2	19	6	243199373	2.46711e-08
chr3	0	195563818	198022430	0.987584
chr3	1	2444451	198022430	0.0123443
chr3	2	13896	198022430	7.01739e-05
chr3	3	135	198022430	6.81741e-07
chr3	4	18	198022430	9.08988e-08
chr3	5	3	198022430	1.51498e-08
chr3	6	6	198022430	3.02996e-08
chr3	7	3	198022430	1.51498e-08
chr3	8	1	198022430	5.04993e-09
chr3	9	2	198022430	1.00999e-08
chr3	10	4	198022430	2.01997e-08
chr3	11	3	198022430	1.51498e-08
chr3	12	2	198022430	1.00999e-08
chr3	13	4	198022430	2.01997e-08
chr3	14	3	198022430	1.51498e-08
chr3	15	5	198022430	2.52497e-08
chr3	16	2	198022430	1.00999e-08
chr3	17	4	198022430	2.01997e-08
chr3	18	1	198022430	5.04993e-09
chr3	19	3	198022430	1.51498e-08
chr3	20	2	198022430	1.00999e-08
chr3	21	3	198022430	1.51498e-08
chr3	22	5	198022430	2.52497e-08
chr3	23	3	198022430	1.51498e-08
chr3	24	2	198022430	1.00999e-08
chr3	25	2	198022430	1.00999e-08
chr3	26	2	198022430	1.00999e-08
chr3	27	6	198022430	3.02996e-08
chr3	28	2	198022430	1.00999e-08
chr3	29	4	198022430	2.01997e-08
chr3	30	2	198022430	1.00999e-08
chr3	31	3	198022430	1.51498e-08
chr3	32	2	198022430	1.00999e-08
chr3	33	6	198022430	3.02996e-08
chr3	34	12	198022430	6.05992e-08
chr3	35	8	198022430	4.03995e-08
chr3	36	2	198022430	1.00999e-08
chr4	0	188292805	191154276	0.985031
chr4	1	2823982	191154276	0.0147733
chr4	2	30235	191154276	0.000158171
chr4	3	3056	191154276	1.59871e-05
chr4	4	1429	191154276	7.47564e-06
chr4	5	886	191154276	4.635e-06
chr4	6	722	191154276	3.77705e-06
chr4	7	450	191154276	2.35412e-06
chr4	8	227	191154276	1.18752e-06
chr4	9	209	191154276	1.09336e-06
chr4	10	74	191154276	3.87122e-07
chr4	11	55	191154276	2.87726e-07
chr4	12	19	191154276	9.93962e-08
chr4	13	9	191154276	4.70824e-08
chr4	14	12	191154276	6.27765e-08
chr4	15	37	191154276	1.93561e-07
chr4	16	39	191154276	2.04024e-07
chr4	17	22	191154276	1.1509e-07
chr4	18	8	191154276	4.1851e-08
chr5	0	178416876	180915260	0.98619
chr5	1	2468483	180915260	0.0136444
chr5	2	29236	180915260	0.000161601
chr5	3	665	180915260	3.67575e-06
chr6	0	168931504	171115067	0.987239
chr6	1	2165483	171115067	0.0126551
chr6	2	14399	171115067	8.41481e-05
chr6	3	391	171115067	2.28501e-06
chr6	4	280	171115067	1.63633e-06
chr6	5	345	171115067	2.01619e-06
chr6	6	295	171115067	1.72399e-06
chr6	7	364	171115067	2.12722e-06
chr6	8	388	171115067	2.26748e-06
chr6	9	406	171115067	2.37267e-06
chr6	10	399	171115067	2.33176e-06
chr6	11	273	171115067	1.59542e-06
chr6	12	183	171115067	1.06946e-06
chr6	13	133	171115067	7.77255e-07
chr6	14	77	171115067	4.4999e-07
chr6	15	66	171115067	3.85705e-07
chr6	16	47	171115067	2.74669e-07
chr6	17	25	171115067	1.46101e-07
chr6	18	9	171115067	5.25962e-08
chr7	0	157468809	159138663	0.989507
chr7	1	1657247	159138663	0.0104139
chr7	2	9014	159138663	5.66424e-05
chr7	3	563	159138663	3.5378e-06
chr7	4	413	159138663	2.59522e-06
chr7	5	401	159138663	2.51982e-06
chr7	6	230	159138663	1.44528e-06
chr7	7	225	159138663	1.41386e-06
chr7	8	144	159138663	9.04871e-07
chr7	9	235	159138663	1.4767e-06
chr7	10	95	159138663	5.96964e-07
chr7	11	81	159138663	5.0899e-07
chr7	12	90	159138663	5.65545e-07
chr7	13	83	159138663	5.21558e-07
chr7	14	82	159138663	5.15274e-07
chr7	15	80	159138663	5.02706e-07
chr7	16	80	159138663	5.02706e-07
chr7	17	73	159138663	4.58719e-07
chr7	18	90	159138663	5.65545e-07
chr7	19	70	159138663	4.39868e-07
chr7	20	77	159138663	4.83855e-07
chr7	21	92	159138663	5.78112e-07
chr7	22	73	159138663	4.58719e-07
chr7	23	52	159138663	3.26759e-07
chr7	24	58	159138663	3.64462e-07
chr7	25	33	159138663	2.07366e-07
chr7	26	39	159138663	2.45069e-07
chr7	27	15	159138663	9.42574e-08
chr7	28	30	159138663	1.88515e-07
chr7	29	31	159138663	1.94799e-07
chr7	30	17	159138663	1.06825e-07
chr7	31	8	159138663	5.02706e-08
chr7	32	10	159138663	6.28383e-08
chr7	33	9	159138663	5.65545e-08
chr7	34	2	159138663	1.25677e-08
chr7	35	1	159138663	6.28383e-09
chr7	36	3	159138663	1.88515e-08
chr7	37	4	159138663	2.51353e-08
chr7	38	1	159138663	6.28383e-09
chr7	39	3	159138663	1.88515e-08
chr8	0	143683079	146364022	0.981683
chr8	1	2613403	146364022	0.0178555
chr8	2	59293	146364022	0.000405106
chr8	3	6265	146364022	4.28042e-05
chr8	4	1242	146364022	8.48569e-06
chr8	5	400	146364022	2.73291e-06
chr8	6	169	146364022	1.15466e-06
chr8	7	80	146364022	5.46582e-07
chr8	8	58	146364022	3.96272e-07
chr8	9	20	146364022	1.36646e-07
chr8	10	13	146364022	8.88196e-08
chr9	0	139628640	141213431	0.988777
chr9	1	1568728	141213431	0.0111089
chr9	2	14885	141213431	0.000105408
chr9	3	621	141213431	4.3976e-06
chr9	4	214	141213431	1.51544e-06
chr9	5	117	141213431	8.28533e-07
chr9	6	71	141213431	5.02785e-07
chr9	7	97	141213431	6.86904e-07
chr9	8	44	141213431	3.11585e-07
chr9	9	2	141213431	1.4163e-08
chr9	10	9	141213431	6.37333e-08
chr9	11	3	141213431	2.12444e-08
chr10	0	133779019	135534747	0.987046
chr10	1	1720969	135534747	0.0126976
chr10	2	21240	135534747	0.000156713
chr10	3	2658	135534747	1.96112e-05
chr10	4	1563	135534747	1.15321e-05
chr10	5	1394	135534747	1.02852e-05
chr10	6	1080	135534747	7.96844e-06
chr10	7	807	135534747	5.95419e-06
chr10	8	651	135534747	4.8032e-06
chr10	9	469	135534747	3.46037e-06
chr10	10	433	135534747	3.19475e-06
chr10	11	429	135534747	3.16524e-06
chr10	12	353	135534747	2.6045e-06
chr10	13	304	135534747	2.24297e-06
chr10	14	298	135534747	2.1987e-06
chr10	15	346	135534747	2.55285e-06
chr10	16	279	135534747	2.05851e-06
chr10	17	213	135534747	1.57155e-06
chr10	18	160	135534747	1.18051e-06
chr10	19	208	135534747	1.53466e-06
chr10	20	169	135534747	1.24691e-06
chr10	21	204	135534747	1.50515e-06
chr10	22	199	135534747	1.46826e-06
chr10	23	182	135534747	1.34283e-06
chr10	24	161	135534747	1.18789e-06
chr10	25	103	135534747	7.59953e-07
chr10	26	93	135534747	6.86171e-07
chr10	27	94	135534747	6.93549e-07
chr10	28	95	135534747	7.00927e-07
chr10	29	67	135534747	4.94338e-07
chr10	30	71	135534747	5.23851e-07
chr10	31	64	135534747	4.72204e-07
chr10	32	43	135534747	3.17262e-07
chr10	33	44	135534747	3.2464e-07
chr10	34	45	135534747	3.32018e-07
chr10	35	51	135534747	3.76287e-07
chr10	36	58	135534747	4.27935e-07
chr10	37	48	135534747	3.54153e-07
chr10	38	23	135534747	1.69698e-07
chr10	39	17	135534747	1.25429e-07
chr10	40	17	135534747	1.25429e-07
chr10	41	8	135534747	5.90255e-08
chr10	42	5	135534747	3.68909e-08
chr10	43	3	135534747	2.21345e-08
chr10	44	3	135534747	2.21345e-08
chr10	45	5	135534747	3.68909e-08
chr10	46	1	135534747	7.37818e-09
chr10	47	1	135534747	7.37818e-09
chr11	0	133600876	135006516	0.989588
chr11	1	1396320	135006516	0.0103426
chr11	2	8223	135006516	6.09082e-05
chr11	3	380	135006516	2.81468e-06
chr11	4	292	135006516	2.16286e-06
chr11	5	181	135006516	1.34068e-06
chr11	6	102	135006516	7.55519e-07
chr11	7	55	135006516	4.07388e-07
chr11	8	27	135006516	1.9999e-07
chr11	9	17	135006516	1.2592e-07
chr11	10	26	135006516	1.92583e-07
chr11	11	9	135006516	6.66635e-08
chr11	12	8	135006516	5.92564e-08
chr12	0	132463628	133851895	0.989628
chr12	1	1380980	133851895	0.0103172
chr12	2	7141	133851895	5.335e-05
chr12	3	146	133851895	1.09076e-06
chr13	0	114146460	115169878	0.991114
chr13	1	1018836	115169878	0.00884638
chr13	2	4582	115169878	3.97847e-05
chr14	0	106329679	107349540	0.9905
chr14	1	1014122	107349540	0.00944692
chr14	2	5739	107349540	5.34609e-05
chr15	0	101715540	102531392	0.992043
chr15	1	810583	102531392	0.00790571
chr15	2	5240	102531392	5.11063e-05
chr15	3	29	102531392	2.8284e-07
chr16	0	89267657	90354753	0.987969
chr16	1	1051136	90354753	0.0116334
chr16	2	14255	90354753	0.000157767
chr16	3	6211	90354753	6.87402e-05
chr16	4	4730	90354753	5.23492e-05
chr16	5	3368	90354753	3.72753e-05
chr16	6	2611	90354753	2.88972e-05
chr16	7	2010	90354753	2.22456e-05
chr16	8	1103	90354753	1.22074e-05
chr16	9	587	90354753	6.49661e-06
chr16	10	340	90354753	3.76295e-06
chr16	11	206	90354753	2.2799e-06
chr16	12	214	90354753	2.36844e-06
chr16	13	101	90354753	1.11782e-06
chr16	14	73	90354753	8.07927e-07
chr16	15	55	90354753	6.08712e-07
chr16	16	42	90354753	4.64834e-07
chr16	17	31	90354753	3.43092e-07
chr16	18	13	90354753	1.43877e-07
chr16	19	9	90354753	9.96074e-08
chr16	20	1	90354753	1.10675e-08
chr17	0	80166421	81195210	0.987329
chr17	1	1020565	81195210	0.0125693
chr17	2	7813	81195210	9.62249e-05
chr17	3	266	81195210	3.27606e-06
chr17	4	70	81195210	8.6212e-07
chr17	5	9	81195210	1.10844e-07
chr17	6	31	81195210	3.81796e-07
chr17	7	4	81195210	4.9264e-08
chr17	8	7	81195210	8.6212e-08
chr17	9	24	81195210	2.95584e-07
chr18	0	77055832	78077248	0.986918
chr18	1	1011871	78077248	0.0129599
chr18	2	7764	78077248	9.944e-05
chr18	3	663	78077248	8.49159e-06
chr18	4	224	78077248	2.86895e-06
chr18	5	202	78077248	2.58718e-06
chr18	6	209	78077248	2.67684e-06
chr18	7	155	78077248	1.98521e-06
chr18	8	58	78077248	7.42854e-07
chr18	9	45	78077248	5.76352e-07
chr18	10	33	78077248	4.22658e-07
chr18	11	66	78077248	8.45317e-07
chr18	12	43	78077248	5.50737e-07
chr18	13	21	78077248	2.68964e-07
chr18	14	31	78077248	3.97043e-07
chr18	15	27	78077248	3.45811e-07
chr18	16	4	78077248	5.12313e-08
chr19	0	58659304	59128983	0.992057
chr19	1	463650	59128983	0.00784133
chr19	2	3159	59128983	5.34256e-05
chr19	3	488	59128983	8.25314e-06
chr19	4	360	59128983	6.08838e-06
chr19	5	302	59128983	5.10748e-06
chr19	6	270	59128983	4.56629e-06
chr19	7	257	59128983	4.34643e-06
chr19	8	143	59128983	2.41844e-06
chr19	9	140	59128983	2.36771e-06
chr19	10	123	59128983	2.0802e-06
chr19	11	80	59128983	1.35297e-06
chr19	12	79	59128983	1.33606e-06
chr19	13	105	59128983	1.77578e-06
chr19	14	55	59128983	9.3017e-07
chr19	15	52	59128983	8.79433e-07
chr19	16	52	59128983	8.79433e-07
chr19	17	25	59128983	4.22805e-07
chr19	18	20	59128983	3.38244e-07
chr19	19	49	59128983	8.28697e-07
chr19	20	38	59128983	6.42663e-07
chr19	21	14	59128983	2.36771e-07
chr19	22	20	59128983	3.38244e-07
chr19	23	10	59128983	1.69122e-07
chr19	24	11	59128983	1.86034e-07
chr19	25	8	59128983	1.35297e-07
chr19	26	24	59128983	4.05892e-07
chr19	27	16	59128983	2.70595e-07
chr19	28	25	59128983	4.22805e-07
chr19	29	19	59128983	3.21331e-07
chr19	30	18	59128983	3.04419e-07
chr19	31	12	59128983	2.02946e-07
chr19	32	3	59128983	5.07365e-08
chr19	33	7	59128983	1.18385e-07
chr19	34	3	59128983	5.07365e-08
chr19	35	8	59128983	1.35297e-07
chr19	36	5	59128983	8.45609e-08
chr19	37	5	59128983	8.45609e-08
chr19	38	8	59128983	1.35297e-07
chr19	39	7	59128983	1.18385e-07
chr19	40	5	59128983	8.45609e-08
chr19	41	2	59128983	3.38244e-08
chr19	42	2	59128983	3.38244e-08
chr20	0	62036443	63025520	0.984307
chr20	1	979558	63025520	0.0155422
chr20	2	9007	63025520	0.00014291
chr20	3	248	63025520	3.93491e-06
chr20	4	97	63025520	1.53906e-06
chr20	5	66	63025520	1.04719e-06
chr20	6	91	63025520	1.44386e-06
chr20	7	10	63025520	1.58666e-07
chr21	0	47616967	48129895	0.989343
chr21	1	507179	48129895	0.0105377
chr21	2	5062	48129895	0.000105174
chr21	3	397	48129895	8.24851e-06
chr21	4	103	48129895	2.14004e-06
chr21	5	37	48129895	7.68753e-07
chr21	6	11	48129895	2.28548e-07
chr21	7	34	48129895	7.06422e-07
chr21	8	10	48129895	2.07771e-07
chr21	9	10	48129895	2.07771e-07
chr21	10	10	48129895	2.07771e-07
chr21	11	34	48129895	7.06422e-07
chr21	12	2	48129895	4.15542e-08
chr21	13	4	48129895	8.31084e-08
chr21	14	11	48129895	2.28548e-07
chr21	15	9	48129895	1.86994e-07
chr21	16	9	48129895	1.86994e-07
chr21	17	6	48129895	1.24663e-07
chr22	0	50712430	51304566	0.988458
chr22	1	586901	51304566	0.0114395
chr22	2	5116	51304566	9.97182e-05
chr22	3	63	51304566	1.22796e-06
chr22	4	1	51304566	1.94914e-08
chr22	5	1	51304566	1.94914e-08
chr22	6	1	51304566	1.94914e-08
chr22	7	2	51304566	3.89829e-08
chr22	8	2	51304566	3.89829e-08
chr22	9	2	51304566	3.89829e-08
chr22	10	1	51304566	1.94914e-08
chr22	11	1	51304566	1.94914e-08
chr22	12	1	51304566	1.94914e-08
chr22	13	6	51304566	1.16949e-07
chr22	14	1	51304566	1.94914e-08
chr22	15	2	51304566	3.89829e-08
chr22	16	35	51304566	6.822e-07
chrX	0	154125535	155270560	0.992626
chrX	1	1137214	155270560	0.00732408
chrX	2	6750	155270560	4.34725e-05
chrX	3	725	155270560	4.66927e-06
chrX	4	223	155270560	1.4362e-06
chrX	5	109	155270560	7.02e-07
chrX	6	4	155270560	2.57615e-08
chrY	0	59302737	59373566	0.998807
chrY	1	63040	59373566	0.00106175
chrY	2	4884	59373566	8.22588e-05
chrY	3	1346	59373566	2.267e-05
chrY	4	826	59373566	1.39119e-05
chrY	5	337	59373566	5.67593e-06
chrY	6	174	59373566	2.9306e-06
chrY	7	96	59373566	1.61688e-06
chrY	8	50	59373566	8.42126e-07
chrY	9	13	59373566	2.18953e-07
chrY	10	31	59373566	5.22118e-07
chrY	11	12	59373566	2.0211e-07
chrY	12	20	59373566	3.3685e-07
chr1_gl000191_random	0	106183	106433	0.997651
chr1_gl000191_random	1	250	106433	0.0023489
chr1_gl000192_random	0	533482	547496	0.974403
chr1_gl000192_random	1	13685	547496	0.0249956
chr1_gl000192_random	2	322	547496	0.000588132
chr1_gl000192_random	3	7	547496	1.27855e-05
chr4_ctg9_hap1	0	583451	590426	0.988186
chr4_ctg9_hap1	1	6950	590426	0.0117712
chr4_ctg9_hap1	2	25	590426	4.23423e-05
chr4_gl000193_random	0	182849	189789	0.963433
chr4_gl000193_random	1	6730	189789	0.0354604
chr4_gl000193_random	2	210	189789	0.00110649
chr4_gl000194_random	0	178118	191469	0.930271
chr4_gl000194_random	1	12480	191469	0.0651803
chr4_gl000194_random	2	843	191469	0.0044028
chr4_gl000194_random	3	28	191469	0.000146238
chr6_apd_hap1	0	4616990	4622290	0.998853
chr6_apd_hap1	1	5300	4622290	0.00114662
chr6_cox_hap2	0	4782021	4795371	0.997216
chr6_cox_hap2	1	13350	4795371	0.00278393
chr6_dbb_hap3	0	4599496	4610396	0.997636
chr6_dbb_hap3	1	10900	4610396	0.00236422
chr6_mann_hap4	0	4671863	4683263	0.997566
chr6_mann_hap4	1	11400	4683263	0.0024342
chr6_mcf_hap5	0	4821798	4833398	0.9976
chr6_mcf_hap5	1	11600	4833398	0.00239997
chr6_qbl_hap6	0	4602267	4611984	0.997893
chr6_qbl_hap6	1	9684	4611984	0.00209975
chr6_qbl_hap6	2	33	4611984	7.15527e-06
chr6_ssto_hap7	0	4917217	4928567	0.997697
chr6_ssto_hap7	1	11350	4928567	0.0023029
chr7_gl000195_random	0	181046	182896	0.989885
chr7_gl000195_random	1	1850	182896	0.010115
chr8_gl000196_random	0	38414	38914	0.987151
chr8_gl000196_random	1	500	38914	0.0128488
chr8_gl000197_random	0	37125	37175	0.998655
chr8_gl000197_random	1	50	37175	0.00134499
chr9_gl000198_random	0	87391	90085	0.970095
chr9_gl000198_random	1	2688	90085	0.0298385
chr9_gl000198_random	2	6	90085	6.66038e-05
chr9_gl000199_random	0	123703	169874	0.728204
chr9_gl000199_random	1	31506	169874	0.185467
chr9_gl000199_random	2	9371	169874	0.0551644
chr9_gl000199_random	3	2806	169874	0.0165181
chr9_gl000199_random	4	1118	169874	0.00658135
chr9_gl000199_random	5	684	169874	0.00402651
chr9_gl000199_random	6	259	169874	0.00152466
chr9_gl000199_random	7	188	169874	0.0011067
chr9_gl000199_random	8	94	169874	0.000553351
chr9_gl000199_random	9	56	169874	0.000329656
chr9_gl000199_random	10	5	169874	2.94336e-05
chr9_gl000199_random	11	7	169874	4.1207e-05
chr9_gl000199_random	12	26	169874	0.000153055
chr9_gl000199_random	13	4	169874	2.35469e-05
chr9_gl000199_random	14	3	169874	1.76601e-05
chr9_gl000199_random	15	16	169874	9.41875e-05
chr9_gl000199_random	16	3	169874	1.76601e-05
chr9_gl000199_random	17	11	169874	6.47539e-05
chr9_gl000199_random	18	8	169874	4.70937e-05
chr9_gl000199_random	19	6	169874	3.53203e-05
chr9_gl000200_random	0	185835	187035	0.993584
chr9_gl000200_random	1	1200	187035	0.00641591
chr9_gl000201_random	0	36098	36148	0.998617
chr9_gl000201_random	1	50	36148	0.0013832
chr11_gl000202_random	0	39753	40103	0.991272
chr11_gl000202_random	1	350	40103	0.00872753
chr17_ctg5_hap1	0	1670639	1680828	0.993938
chr17_ctg5_hap1	1	10028	1680828	0.00596611
chr17_ctg5_hap1	2	161	1680828	9.57861e-05
chr17_gl000203_random	0	37148	37498	0.990666
chr17_gl000203_random	1	350	37498	0.00933383
chr17_gl000204_random	0	80769	81310	0.993346
chr17_gl000204_random	1	532	81310	0.00654286
chr17_gl000204_random	2	9	81310	0.000110687
chr17_gl000205_random	0	172888	174588	0.990263
chr17_gl000205_random	1	1700	174588	0.00973721
chr17_gl000206_random	0	40851	41001	0.996342
chr17_gl000206_random	1	150	41001	0.00365845
chr19_gl000208_random	0	87247	92689	0.941288
chr19_gl000208_random	1	4956	92689	0.0534691
chr19_gl000208_random	2	370	92689	0.00399184
chr19_gl000208_random	3	110	92689	0.00118676
chr19_gl000208_random	4	6	92689	6.47326e-05
chr19_gl000209_random	0	158619	159169	0.996545
chr19_gl000209_random	1	550	159169	0.00345545
chr21_gl000210_random	0	27482	27682	0.992775
chr21_gl000210_random	1	200	27682	0.00722491
chrUn_gl000211	0	160556	166566	0.963918
chrUn_gl000211	1	5520	166566	0.03314
chrUn_gl000211	2	440	166566	0.0026416
chrUn_gl000211	3	50	166566	0.000300181
chrUn_gl000212	0	183509	186858	0.982077
chrUn_gl000212	1	3298	186858	0.0176498
chrUn_gl000212	2	51	186858	0.000272935
chrUn_gl000213	0	163339	164239	0.99452
chrUn_gl000213	1	900	164239	0.00547982
chrUn_gl000214	0	107705	137718	0.782069
chrUn_gl000214	1	21126	137718	0.1534
chrUn_gl000214	2	5207	137718	0.0378091
chrUn_gl000214	3	1738	137718	0.01262
chrUn_gl000214	4	976	137718	0.00708695
chrUn_gl000214	5	570	137718	0.00413889
chrUn_gl000214	6	187	137718	0.00135785
chrUn_gl000214	7	116	137718	0.000842301
chrUn_gl000214	8	40	137718	0.000290449
chrUn_gl000214	9	42	137718	0.000304971
chrUn_gl000214	10	11	137718	7.98734e-05
chrUn_gl000215	0	171018	172545	0.99115
chrUn_gl000215	1	1504	172545	0.00871657
chrUn_gl000215	2	23	172545	0.000133299
chrUn_gl000216	0	155582	172294	0.903003
chrUn_gl000216	1	12219	172294	0.0709195
chrUn_gl000216	2	2278	172294	0.0132216
chrUn_gl000216	3	983	172294	0.00570536
chrUn_gl000216	4	416	172294	0.00241448
chrUn_gl000216	5	291	172294	0.00168897
chrUn_gl000216	6	232	172294	0.00134654
chrUn_gl000216	7	60	172294	0.000348242
chrUn_gl000216	8	77	172294	0.000446911
chrUn_gl000216	9	37	172294	0.000214749
chrUn_gl000216	10	38	172294	0.000220553
chrUn_gl000216	11	13	172294	7.54524e-05
chrUn_gl000216	12	30	172294	0.000174121
chrUn_gl000216	13	4	172294	2.32161e-05
chrUn_gl000216	14	5	172294	2.90202e-05
chrUn_gl000216	15	4	172294	2.32161e-05
chrUn_gl000216	16	11	172294	6.38444e-05
chrUn_gl000216	17	5	172294	2.90202e-05
chrUn_gl000216	18	4	172294	2.32161e-05
chrUn_gl000216	19	2	172294	1.16081e-05
chrUn_gl000216	20	3	172294	1.74121e-05
chrUn_gl000217	0	168493	172149	0.978763
chrUn_gl000217	1	3612	172149	0.0209818
chrUn_gl000217	2	44	172149	0.000255593
chrUn_gl000218	0	151777	161147	0.941854
chrUn_gl000218	1	8993	161147	0.0558062
chrUn_gl000218	2	374	161147	0.00232086
chrUn_gl000218	3	3	161147	1.86165e-05
chrUn_gl000219	0	175482	179198	0.979263
chrUn_gl000219	1	3632	179198	0.0202681
chrUn_gl000219	2	84	179198	0.000468755
chrUn_gl000220	0	139165	161802	0.860094
chrUn_gl000220	1	16874	161802	0.104288
chrUn_gl000220	2	4464	161802	0.0275893
chrUn_gl000220	3	1063	161802	0.00656976
chrUn_gl000220	4	181	161802	0.00111865
chrUn_gl000220	5	45	161802	0.000278118
chrUn_gl000220	6	10	161802	6.18039e-05
chrUn_gl000221	0	148830	155397	0.95774
chrUn_gl000221	1	6234	155397	0.0401166
chrUn_gl000221	2	333	155397	0.0021429
chrUn_gl000222	0	184030	186861	0.98485
chrUn_gl000222	1	2762	186861	0.014781
chrUn_gl000222	2	69	186861	0.000369258
chrUn_gl000223	0	179202	180455	0.993056
chrUn_gl000223	1	1206	180455	0.00668311
chrUn_gl000223	2	47	180455	0.000260453
chrUn_gl000224	0	171249	179693	0.953009
chrUn_gl000224	1	6717	179693	0.0373804
chrUn_gl000224	2	1272	179693	0.00707874
chrUn_gl000224	3	399	179693	0.00222045
chrUn_gl000224	4	38	179693	0.000211472
chrUn_gl000224	5	18	179693	0.000100171
chrUn_gl000225	0	180339	211173	0.853987
chrUn_gl000225	1	20956	211173	0.0992362
chrUn_gl000225	2	5216	211173	0.0247001
chrUn_gl000225	3	2255	211173	0.0106784
chrUn_gl000225	4	923	211173	0.00437082
chrUn_gl000225	5	517	211173	0.00244823
chrUn_gl000225	6	358	211173	0.00169529
chrUn_gl000225	7	227	211173	0.00107495
chrUn_gl000225	8	167	211173	0.000790821
chrUn_gl000225	9	56	211173	0.000265185
chrUn_gl000225	10	35	211173	0.000165741
chrUn_gl000225	11	39	211173	0.000184683
chrUn_gl000225	12	8	211173	3.78836e-05
chrUn_gl000225	13	7	211173	3.31482e-05
chrUn_gl000225	14	10	211173	4.73545e-05
chrUn_gl000225	15	14	211173	6.62964e-05
chrUn_gl000225	16	12	211173	5.68254e-05
chrUn_gl000225	17	27	211173	0.000127857
chrUn_gl000225	18	7	211173	3.31482e-05
chrUn_gl000226	0	808	15008	0.053838
chrUn_gl000226	1	1027	15008	0.0684302
chrUn_gl000226	2	1269	15008	0.0845549
chrUn_gl000226	3	1864	15008	0.1242
chrUn_gl000226	4	1835	15008	0.122268
chrUn_gl000226	5	1996	15008	0.132996
chrUn_gl000226	6	1469	15008	0.0978811
chrUn_gl000226	7	1362	15008	0.0907516
chrUn_gl000226	8	1054	15008	0.0702292
chrUn_gl000226	9	737	15008	0.0491071
chrUn_gl000226	10	536	15008	0.0357143
chrUn_gl000226	11	308	15008	0.0205224
chrUn_gl000226	12	242	15008	0.0161247
chrUn_gl000226	13	204	15008	0.0135928
chrUn_gl000226	14	116	15008	0.00772921
chrUn_gl000226	15	105	15008	0.00699627
chrUn_gl000226	16	54	15008	0.00359808
chrUn_gl000226	17	10	15008	0.000666311
chrUn_gl000226	18	5	15008	0.000333156
chrUn_gl000226	19	7	15008	0.000466418
chrUn_gl000227	0	126824	128374	0.987926
chrUn_gl000227	1	1550	128374	0.0120741
chrUn_gl000228	0	124573	129120	0.964785
chrUn_gl000228	1	3374	129120	0.0261307
chrUn_gl000228	2	535	129120	0.00414343
chrUn_gl000228	3	306	129120	0.00236989
chrUn_gl000228	4	139	129120	0.00107652
chrUn_gl000228	5	50	129120	0.000387237
chrUn_gl000228	6	44	129120	0.000340768
chrUn_gl000228	7	27	129120	0.000209108
chrUn_gl000228	8	29	129120	0.000224597
chrUn_gl000228	9	13	129120	0.000100682
chrUn_gl000228	10	10	129120	7.74473e-05
chrUn_gl000228	11	10	129120	7.74473e-05
chrUn_gl000228	12	10	129120	7.74473e-05
chrUn_gl000229	0	19070	19913	0.957666
chrUn_gl000229	1	786	19913	0.0394717
chrUn_gl000229	2	57	19913	0.00286245
chrUn_gl000230	0	42991	43691	0.983978
chrUn_gl000230	1	700	43691	0.0160216
chrUn_gl000231	0	26252	27386	0.958592
chrUn_gl000231	1	1018	27386	0.0371723
chrUn_gl000231	2	116	27386	0.00423574
chrUn_gl000232	0	38162	40652	0.938748
chrUn_gl000232	1	2430	40652	0.0597757
chrUn_gl000232	2	60	40652	0.00147594
chrUn_gl000233	0	44891	45941	0.977145
chrUn_gl000233	1	1050	45941	0.0228554
chrUn_gl000234	0	38512	40531	0.950186
chrUn_gl000234	1	1938	40531	0.0478153
chrUn_gl000234	2	81	40531	0.00199847
chrUn_gl000235	0	32110	34474	0.931427
chrUn_gl000235	1	2117	34474	0.0614086
chrUn_gl000235	2	208	34474	0.00603353
chrUn_gl000235	3	39	34474	0.00113129
chrUn_gl000236	0	41534	41934	0.990461
chrUn_gl000236	1	400	41934	0.0095388
chrUn_gl000237	0	45117	45867	0.983648
chrUn_gl000237	1	750	45867	0.0163516
chrUn_gl000238	0	39589	39939	0.991237
chrUn_gl000238	1	350	39939	0.00876336
chrUn_gl000239	0	33074	33824	0.977826
chrUn_gl000239	1	750	33824	0.0221736
chrUn_gl000240	0	40335	41933	0.961892
chrUn_gl000240	1	1484	41933	0.0353898
chrUn_gl000240	2	76	41933	0.00181242
chrUn_gl000240	3	38	41933	0.000906208
chrUn_gl000241	0	39278	42152	0.931818
chrUn_gl000241	1	2798	42152	0.0663788
chrUn_gl000241	2	76	42152	0.001803
chrUn_gl000242	0	43223	43523	0.993107
chrUn_gl000242	1	300	43523	0.00689291
chrUn_gl000243	0	41095	43341	0.948178
chrUn_gl000243	1	1927	43341	0.0444614
chrUn_gl000243	2	171	43341	0.00394546
chrUn_gl000243	3	111	43341	0.00256109
chrUn_gl000243	4	37	43341	0.000853695
chrUn_gl000244	0	39529	39929	0.989982
chrUn_gl000244	1	400	39929	0.0100178
chrUn_gl000245	0	34521	36651	0.941884
chrUn_gl000245	1	1975	36651	0.0538867
chrUn_gl000245	2	140	36651	0.00381981
chrUn_gl000245	3	15	36651	0.000409266
chrUn_gl000246	0	37504	38154	0.982964
chrUn_gl000246	1	650	38154	0.0170362
chrUn_gl000247	0	34643	36422	0.951156
chrUn_gl000247	1	1758	36422	0.0482675
chrUn_gl000247	2	21	36422	0.000576575
chrUn_gl000248	0	39336	39786	0.988689
chrUn_gl000248	1	450	39786	0.0113105
chrUn_gl000249	0	38302	38502	0.994805
chrUn_gl000249	1	200	38502	0.00519454
chr18_gl000207_random	0	4262	4262	1
genome	0	3098150324	3137161264	0.987565
genome	1	38476846	3137161264	0.0122649
genome	2	419516	3137161264	0.000133725
genome	3	42775	3137161264	1.36349e-05
genome	4	20141	3137161264	6.42014e-06
genome	5	13514	3137161264	4.30772e-06
genome	6	9257	3137161264	2.95076e-06
genome	7	7203	3137161264	2.29602e-06
genome	8	4566	3137161264	1.45546e-06
genome	9	3262	3137161264	1.03979e-06
genome	10	2345	3137161264	7.47491e-07
genome	11	1758	3137161264	5.60379e-07
genome	12	1408	3137161264	4.48813e-07
genome	13	1036	3137161264	3.30235e-07
genome	14	817	3137161264	2.60427e-07
genome	15	864	3137161264	2.75408e-07
genome	16	702	3137161264	2.23769e-07
genome	17	492	3137161264	1.5683e-07
genome	18	371	3137161264	1.1826e-07
genome	19	393	3137161264	1.25272e-07
genome	20	325	3137161264	1.03597e-07
genome	21	355	3137161264	1.1316e-07
genome	22	328	3137161264	1.04553e-07
genome	23	297	3137161264	9.46716e-08
genome	24	287	3137161264	9.1484e-08
genome	25	182	3137161264	5.80142e-08
genome	26	186	3137161264	5.92893e-08
genome	27	154	3137161264	4.9089e-08
genome	28	176	3137161264	5.61017e-08
genome	29	162	3137161264	5.1639e-08
genome	30	140	3137161264	4.46263e-08
genome	31	117	3137161264	3.72949e-08
genome	32	86	3137161264	2.74133e-08
genome	33	95	3137161264	3.02822e-08
genome	34	79	3137161264	2.5182e-08
genome	35	91	3137161264	2.90071e-08
genome	36	102	3137161264	3.25135e-08
genome	37	82	3137161264	2.61383e-08
genome	38	51	3137161264	1.62567e-08
genome	39	40	3137161264	1.27504e-08
genome	40	35	3137161264	1.11566e-08
genome	41	23	3137161264	7.33147e-09
genome	42	17	3137161264	5.41891e-09
genome	43	12	3137161264	3.82511e-09
genome	44	26	3137161264	8.28775e-09
genome	45	29	3137161264	9.24403e-09
genome	46	13	3137161264	4.14387e-09
genome	47	6	3137161264	1.91256e-09
genome	48	11	3137161264	3.50635e-09
genome	49	24	3137161264	7.65023e-09
genome	50	27	3137161264	8.60651e-09
genome	51	14	3137161264	4.46263e-09
genome	52	9	3137161264	2.86884e-09
genome	53	10	3137161264	3.1876e-09
genome	54	3	3137161264	9.56279e-10
genome	55	8	3137161264	2.55008e-09
genome	56	2	3137161264	6.37519e-10
genome	57	7	3137161264	2.23132e-09
genome	58	8	3137161264	2.55008e-09
genome	59	7	3137161264	2.23132e-09
genome	60	6	3137161264	1.91256e-09
genome	61	7	3137161264	2.23132e-09
genome	62	8	3137161264	2.55008e-09
genome	63	8	3137161264	2.55008e-09
genome	64	9	3137161264	2.86884e-09
genome	65	7	3137161264	2.23132e-09
genome	66	3	3137161264	9.56279e-10
