chrM	0	14902	16571	0.899282
chrM	1	1638	16571	0.0988474
chrM	2	31	16571	0.00187074
chr1	0	244703149	249250621	0.981755
chr1	1	4484371	249250621	0.0179914
chr1	2	59809	249250621	0.000239955
chr1	3	1528	249250621	6.13038e-06
chr1	4	346	249250621	1.38816e-06
chr1	5	113	249250621	4.53359e-07
chr1	6	94	249250621	3.7713e-07
chr1	7	54	249250621	2.16649e-07
chr1	8	33	249250621	1.32397e-07
chr1	9	9	249250621	3.61082e-08
chr1	10	22	249250621	8.82646e-08
chr1	11	28	249250621	1.12337e-07
chr1	12	25	249250621	1.00301e-07
chr1	13	38	249250621	1.52457e-07
chr1	14	31	249250621	1.24373e-07
chr1	15	24	249250621	9.62886e-08
chr1	16	28	249250621	1.12337e-07
chr1	17	25	249250621	1.00301e-07
chr1	18	42	249250621	1.68505e-07
chr1	19	28	249250621	1.12337e-07
chr1	20	35	249250621	1.40421e-07
chr1	21	30	249250621	1.20361e-07
chr1	22	30	249250621	1.20361e-07
chr1	23	35	249250621	1.40421e-07
chr1	24	56	249250621	2.24673e-07
chr1	25	40	249250621	1.60481e-07
chr1	26	28	249250621	1.12337e-07
chr1	27	36	249250621	1.44433e-07
chr1	28	29	249250621	1.16349e-07
chr1	29	30	249250621	1.20361e-07
chr1	30	34	249250621	1.36409e-07
chr1	31	15	249250621	6.01804e-08
chr1	32	27	249250621	1.08325e-07
chr1	33	39	249250621	1.56469e-07
chr1	34	42	249250621	1.68505e-07
chr1	35	32	249250621	1.28385e-07
chr1	36	29	249250621	1.16349e-07
chr1	37	14	249250621	5.61684e-08
chr1	38	14	249250621	5.61684e-08
chr1	39	8	249250621	3.20962e-08
chr1	40	15	249250621	6.01804e-08
chr1	41	7	249250621	2.80842e-08
chr1	42	6	249250621	2.40722e-08
chr1	43	14	249250621	5.61684e-08
chr1	44	12	249250621	4.81443e-08
chr1	45	9	249250621	3.61082e-08
chr1	46	7	249250621	2.80842e-08
chr1	47	11	249250621	4.41323e-08
chr1	48	5	249250621	2.00601e-08
chr1	49	8	249250621	3.20962e-08
chr1	50	9	249250621	3.61082e-08
chr1	51	9	249250621	3.61082e-08
chr1	52	10	249250621	4.01203e-08
chr1	53	6	249250621	2.40722e-08
chr1	54	24	249250621	9.62886e-08
chr1	55	11	249250621	4.41323e-08
chr1	56	12	249250621	4.81443e-08
chr1	57	8	249250621	3.20962e-08
chr1	58	8	249250621	3.20962e-08
chr1	59	9	249250621	3.61082e-08
chr1	60	7	249250621	2.80842e-08
chr1	61	4	249250621	1.60481e-08
chr1	62	7	249250621	2.80842e-08
chr1	63	3	249250621	1.20361e-08
chr2	0	239956895	243199373	0.986667
chr2	1	3202431	243199373	0.0131679
chr2	2	29572	243199373	0.000121596
chr2	3	4185	243199373	1.72081e-05
chr2	4	2493	243199373	1.02508e-05
chr2	5	1382	243199373	5.68258e-06
chr2	6	978	243199373	4.02139e-06
chr2	7	438	243199373	1.80099e-06
chr2	8	281	243199373	1.15543e-06
chr2	9	240	243199373	9.86845e-07
chr2	10	202	243199373	8.30594e-07
chr2	11	104	243199373	4.27633e-07
chr2	12	50	243199373	2.05593e-07
chr2	13	24	243199373	9.86845e-08
chr2	14	30	243199373	1.23356e-07
chr2	15	19	243199373	7.81252e-08
chr2	16	27	243199373	1.1102e-07
chr2	17	14	243199373	5.75659e-08
chr2	18	7	243199373	2.8783e-08
chr2	19	1	243199373	4.11185e-09
chr3	0	195544680	198022430	0.987487
chr3	1	2463091	198022430	0.0124384
chr3	2	14360	198022430	7.2517e-05
chr3	3	158	198022430	7.97889e-07
chr3	4	3	198022430	1.51498e-08
chr3	5	9	198022430	4.54494e-08
chr3	6	2	198022430	1.00999e-08
chr3	7	13	198022430	6.56491e-08
chr3	8	2	198022430	1.00999e-08
chr3	9	8	198022430	4.03995e-08
chr3	10	2	198022430	1.00999e-08
chr3	11	2	198022430	1.00999e-08
chr3	12	5	198022430	2.52497e-08
chr3	13	2	198022430	1.00999e-08
chr3	14	2	198022430	1.00999e-08
chr3	15	5	198022430	2.52497e-08
chr3	16	3	198022430	1.51498e-08
chr3	17	1	198022430	5.04993e-09
chr3	18	3	198022430	1.51498e-08
chr3	19	3	198022430	1.51498e-08
chr3	20	2	198022430	1.00999e-08
chr3	21	4	198022430	2.01997e-08
chr3	22	3	198022430	1.51498e-08
chr3	23	7	198022430	3.53495e-08
chr3	24	4	198022430	2.01997e-08
chr3	25	8	198022430	4.03995e-08
chr3	26	7	198022430	3.53495e-08
chr3	27	2	198022430	1.00999e-08
chr3	28	4	198022430	2.01997e-08
chr3	29	2	198022430	1.00999e-08
chr3	30	6	198022430	3.02996e-08
chr3	31	5	198022430	2.52497e-08
chr3	32	10	198022430	5.04993e-08
chr3	33	7	198022430	3.53495e-08
chr3	34	4	198022430	2.01997e-08
chr3	35	1	198022430	5.04993e-09
chr4	0	188241903	191154276	0.984764
chr4	1	2869143	191154276	0.0150096
chr4	2	33344	191154276	0.000174435
chr4	3	4517	191154276	2.36301e-05
chr4	4	2231	191154276	1.16712e-05
chr4	5	975	191154276	5.10059e-06
chr4	6	818	191154276	4.27927e-06
chr4	7	614	191154276	3.21207e-06
chr4	8	206	191154276	1.07766e-06
chr4	9	136	191154276	7.11467e-07
chr4	10	90	191154276	4.70824e-07
chr4	11	95	191154276	4.96981e-07
chr4	12	29	191154276	1.5171e-07
chr4	13	22	191154276	1.1509e-07
chr4	14	31	191154276	1.62173e-07
chr4	15	30	191154276	1.56941e-07
chr4	16	23	191154276	1.20322e-07
chr4	17	35	191154276	1.83098e-07
chr4	18	3	191154276	1.56941e-08
chr4	19	12	191154276	6.27765e-08
chr4	20	16	191154276	8.3702e-08
chr4	21	3	191154276	1.56941e-08
chr5	0	178443489	180915260	0.986337
chr5	1	2443567	180915260	0.0135067
chr5	2	27694	180915260	0.000153077
chr5	3	436	180915260	2.40997e-06
chr5	4	33	180915260	1.82406e-07
chr5	5	41	180915260	2.26625e-07
chr6	0	168880462	171115067	0.986941
chr6	1	2215644	171115067	0.0129483
chr6	2	15165	171115067	8.86246e-05
chr6	3	408	171115067	2.38436e-06
chr6	4	422	171115067	2.46618e-06
chr6	5	457	171115067	2.67072e-06
chr6	6	362	171115067	2.11554e-06
chr6	7	328	171115067	1.91684e-06
chr6	8	358	171115067	2.09216e-06
chr6	9	351	171115067	2.05125e-06
chr6	10	340	171115067	1.98697e-06
chr6	11	271	171115067	1.58373e-06
chr6	12	216	171115067	1.26231e-06
chr6	13	76	171115067	4.44146e-07
chr6	14	88	171115067	5.14274e-07
chr6	15	57	171115067	3.33109e-07
chr6	16	29	171115067	1.69477e-07
chr6	17	20	171115067	1.1688e-07
chr6	18	11	171115067	6.42842e-08
chr6	19	2	171115067	1.1688e-08
chr7	0	157444220	159138663	0.989352
chr7	1	1680753	159138663	0.0105616
chr7	2	10024	159138663	6.29891e-05
chr7	3	775	159138663	4.86997e-06
chr7	4	321	159138663	2.01711e-06
chr7	5	335	159138663	2.10508e-06
chr7	6	213	159138663	1.33846e-06
chr7	7	157	159138663	9.86561e-07
chr7	8	138	159138663	8.67168e-07
chr7	9	131	159138663	8.23181e-07
chr7	10	131	159138663	8.23181e-07
chr7	11	201	159138663	1.26305e-06
chr7	12	106	159138663	6.66086e-07
chr7	13	85	159138663	5.34125e-07
chr7	14	100	159138663	6.28383e-07
chr7	15	73	159138663	4.58719e-07
chr7	16	63	159138663	3.95881e-07
chr7	17	94	159138663	5.9068e-07
chr7	18	121	159138663	7.60343e-07
chr7	19	102	159138663	6.4095e-07
chr7	20	89	159138663	5.59261e-07
chr7	21	78	159138663	4.90139e-07
chr7	22	77	159138663	4.83855e-07
chr7	23	42	159138663	2.63921e-07
chr7	24	35	159138663	2.19934e-07
chr7	25	29	159138663	1.82231e-07
chr7	26	46	159138663	2.89056e-07
chr7	27	29	159138663	1.82231e-07
chr7	28	41	159138663	2.57637e-07
chr7	29	21	159138663	1.3196e-07
chr7	30	18	159138663	1.13109e-07
chr7	31	9	159138663	5.65545e-08
chr7	32	6	159138663	3.7703e-08
chr8	0	143525118	146364022	0.980604
chr8	1	2712569	146364022	0.018533
chr8	2	105125	146364022	0.000718243
chr8	3	17082	146364022	0.000116709
chr8	4	2749	146364022	1.87819e-05
chr8	5	799	146364022	5.45899e-06
chr8	6	297	146364022	2.02919e-06
chr8	7	97	146364022	6.62731e-07
chr8	8	101	146364022	6.9006e-07
chr8	9	53	146364022	3.62111e-07
chr8	10	13	146364022	8.88196e-08
chr8	11	10	146364022	6.83228e-08
chr8	12	9	146364022	6.14905e-08
chr9	0	139509146	141213431	0.987931
chr9	1	1683114	141213431	0.0119189
chr9	2	19806	141213431	0.000140256
chr9	3	594	141213431	4.2064e-06
chr9	4	341	141213431	2.41478e-06
chr9	5	146	141213431	1.0339e-06
chr9	6	109	141213431	7.71881e-07
chr9	7	89	141213431	6.30252e-07
chr9	8	11	141213431	7.78963e-08
chr9	9	17	141213431	1.20385e-07
chr9	10	58	141213431	4.10726e-07
chr10	0	133709742	135534747	0.986535
chr10	1	1787869	135534747	0.0131912
chr10	2	23206	135534747	0.000171218
chr10	3	2919	135534747	2.15369e-05
chr10	4	1733	135534747	1.27864e-05
chr10	5	1598	135534747	1.17903e-05
chr10	6	1150	135534747	8.48491e-06
chr10	7	773	135534747	5.70333e-06
chr10	8	629	135534747	4.64088e-06
chr10	9	475	135534747	3.50464e-06
chr10	10	473	135534747	3.48988e-06
chr10	11	430	135534747	3.17262e-06
chr10	12	394	135534747	2.907e-06
chr10	13	286	135534747	2.11016e-06
chr10	14	271	135534747	1.99949e-06
chr10	15	214	135534747	1.57893e-06
chr10	16	213	135534747	1.57155e-06
chr10	17	215	135534747	1.58631e-06
chr10	18	164	135534747	1.21002e-06
chr10	19	202	135534747	1.49039e-06
chr10	20	189	135534747	1.39448e-06
chr10	21	208	135534747	1.53466e-06
chr10	22	221	135534747	1.63058e-06
chr10	23	165	135534747	1.2174e-06
chr10	24	157	135534747	1.15837e-06
chr10	25	148	135534747	1.09197e-06
chr10	26	134	135534747	9.88676e-07
chr10	27	96	135534747	7.08305e-07
chr10	28	92	135534747	6.78793e-07
chr10	29	68	135534747	5.01716e-07
chr10	30	38	135534747	2.80371e-07
chr10	31	46	135534747	3.39396e-07
chr10	32	45	135534747	3.32018e-07
chr10	33	35	135534747	2.58236e-07
chr10	34	42	135534747	3.09884e-07
chr10	35	20	135534747	1.47564e-07
chr10	36	9	135534747	6.64036e-08
chr10	37	13	135534747	9.59164e-08
chr10	38	8	135534747	5.90255e-08
chr10	39	14	135534747	1.03295e-07
chr10	40	17	135534747	1.25429e-07
chr10	41	12	135534747	8.85382e-08
chr10	42	6	135534747	4.42691e-08
chr10	43	8	135534747	5.90255e-08
chr11	0	133565870	135006516	0.989329
chr11	1	1431449	135006516	0.0106028
chr11	2	8040	135006516	5.95527e-05
chr11	3	343	135006516	2.54062e-06
chr11	4	356	135006516	2.63691e-06
chr11	5	155	135006516	1.14809e-06
chr11	6	169	135006516	1.25179e-06
chr11	7	36	135006516	2.66654e-07
chr11	8	59	135006516	4.37016e-07
chr11	9	10	135006516	7.40705e-08
chr11	10	4	135006516	2.96282e-08
chr11	11	25	135006516	1.85176e-07
chr12	0	132409871	133851895	0.989227
chr12	1	1434625	133851895	0.010718
chr12	2	7172	133851895	5.35816e-05
chr12	3	227	133851895	1.6959e-06
chr13	0	114459046	115169878	0.993828
chr13	1	707964	115169878	0.00614713
chr13	2	2868	115169878	2.49023e-05
chr14	0	106297217	107349540	0.990197
chr14	1	1045396	107349540	0.00973824
chr14	2	6927	107349540	6.45275e-05
chr15	0	101661520	102531392	0.991516
chr15	1	863216	102531392	0.00841904
chr15	2	6634	102531392	6.47021e-05
chr15	3	22	102531392	2.14568e-07
chr16	0	89181305	90354753	0.987013
chr16	1	1137117	90354753	0.012585
chr16	2	15059	90354753	0.000166665
chr16	3	5566	90354753	6.16016e-05
chr16	4	4657	90354753	5.15413e-05
chr16	5	3703	90354753	4.09829e-05
chr16	6	2772	90354753	3.06791e-05
chr16	7	1739	90354753	1.92464e-05
chr16	8	1140	90354753	1.26169e-05
chr16	9	657	90354753	7.27134e-06
chr16	10	459	90354753	5.07998e-06
chr16	11	253	90354753	2.80007e-06
chr16	12	158	90354753	1.74866e-06
chr16	13	66	90354753	7.30454e-07
chr16	14	31	90354753	3.43092e-07
chr16	15	27	90354753	2.98822e-07
chr16	16	9	90354753	9.96074e-08
chr16	17	14	90354753	1.54945e-07
chr16	18	15	90354753	1.66012e-07
chr16	19	2	90354753	2.2135e-08
chr16	20	4	90354753	4.42699e-08
chr17	0	80143232	81195210	0.987044
chr17	1	1043000	81195210	0.0128456
chr17	2	8410	81195210	0.000103578
chr17	3	294	81195210	3.6209e-06
chr17	4	140	81195210	1.72424e-06
chr17	5	31	81195210	3.81796e-07
chr17	6	25	81195210	3.079e-07
chr17	7	31	81195210	3.81796e-07
chr17	8	23	81195210	2.83268e-07
chr17	9	8	81195210	9.8528e-08
chr17	10	16	81195210	1.97056e-07
chr18	0	77038304	78077248	0.986693
chr18	1	1027933	78077248	0.0131656
chr18	2	9162	78077248	0.000117345
chr18	3	607	78077248	7.77435e-06
chr18	4	437	78077248	5.59702e-06
chr18	5	218	78077248	2.79211e-06
chr18	6	120	78077248	1.53694e-06
chr18	7	90	78077248	1.1527e-06
chr18	8	120	78077248	1.53694e-06
chr18	9	86	78077248	1.10147e-06
chr18	10	39	78077248	4.99505e-07
chr18	11	31	78077248	3.97043e-07
chr18	12	17	78077248	2.17733e-07
chr18	13	11	78077248	1.40886e-07
chr18	14	18	78077248	2.30541e-07
chr18	15	14	78077248	1.7931e-07
chr18	16	4	78077248	5.12313e-08
chr18	17	10	78077248	1.28078e-07
chr18	18	2	78077248	2.56157e-08
chr18	19	11	78077248	1.40886e-07
chr18	20	13	78077248	1.66502e-07
chr18	21	1	78077248	1.28078e-08
chr19	0	58639423	59128983	0.99172
chr19	1	483510	59128983	0.00817721
chr19	2	3395	59128983	5.74169e-05
chr19	3	363	59128983	6.13912e-06
chr19	4	380	59128983	6.42663e-06
chr19	5	380	59128983	6.42663e-06
chr19	6	208	59128983	3.51773e-06
chr19	7	170	59128983	2.87507e-06
chr19	8	191	59128983	3.23023e-06
chr19	9	121	59128983	2.04637e-06
chr19	10	124	59128983	2.09711e-06
chr19	11	115	59128983	1.9449e-06
chr19	12	76	59128983	1.28533e-06
chr19	13	57	59128983	9.63994e-07
chr19	14	40	59128983	6.76487e-07
chr19	15	85	59128983	1.43754e-06
chr19	16	51	59128983	8.62521e-07
chr19	17	31	59128983	5.24278e-07
chr19	18	19	59128983	3.21331e-07
chr19	19	23	59128983	3.8898e-07
chr19	20	39	59128983	6.59575e-07
chr19	21	16	59128983	2.70595e-07
chr19	22	29	59128983	4.90453e-07
chr19	23	20	59128983	3.38244e-07
chr19	24	10	59128983	1.69122e-07
chr19	25	4	59128983	6.76487e-08
chr19	26	3	59128983	5.07365e-08
chr19	27	17	59128983	2.87507e-07
chr19	28	24	59128983	4.05892e-07
chr19	29	27	59128983	4.56629e-07
chr19	30	21	59128983	3.55156e-07
chr19	31	7	59128983	1.18385e-07
chr19	32	4	59128983	6.76487e-08
chr20	0	62013408	63025520	0.983941
chr20	1	1003313	63025520	0.0159192
chr20	2	8441	63025520	0.00013393
chr20	3	165	63025520	2.61799e-06
chr20	4	40	63025520	6.34664e-07
chr20	5	94	63025520	1.49146e-06
chr20	6	14	63025520	2.22132e-07
chr20	7	15	63025520	2.37999e-07
chr20	8	29	63025520	4.60131e-07
chr20	9	1	63025520	1.58666e-08
chr21	0	47581205	48129895	0.9886
chr21	1	539641	48129895	0.0112122
chr21	2	7922	48129895	0.000164596
chr21	3	684	48129895	1.42115e-05
chr21	4	248	48129895	5.15272e-06
chr21	5	26	48129895	5.40205e-07
chr21	6	37	48129895	7.68753e-07
chr21	7	16	48129895	3.32434e-07
chr21	8	30	48129895	6.23313e-07
chr21	9	11	48129895	2.28548e-07
chr21	10	12	48129895	2.49325e-07
chr21	11	29	48129895	6.02536e-07
chr21	12	7	48129895	1.4544e-07
chr21	13	10	48129895	2.07771e-07
chr21	14	3	48129895	6.23313e-08
chr21	15	5	48129895	1.03886e-07
chr21	16	5	48129895	1.03886e-07
chr21	17	4	48129895	8.31084e-08
chr22	0	50833966	51304566	0.990827
chr22	1	466990	51304566	0.00910231
chr22	2	3508	51304566	6.8376e-05
chr22	3	38	51304566	7.40675e-07
chr22	4	7	51304566	1.3644e-07
chr22	5	2	51304566	3.89829e-08
chr22	7	2	51304566	3.89829e-08
chr22	8	3	51304566	5.84743e-08
chr22	9	3	51304566	5.84743e-08
chr22	10	2	51304566	3.89829e-08
chr22	12	2	51304566	3.89829e-08
chr22	13	7	51304566	1.3644e-07
chr22	15	7	51304566	1.3644e-07
chr22	16	6	51304566	1.16949e-07
chr22	17	23	51304566	4.48303e-07
chrX	0	154110087	155270560	0.992526
chrX	1	1150781	155270560	0.00741146
chrX	2	8586	155270560	5.5297e-05
chrX	3	957	155270560	6.16344e-06
chrX	4	119	155270560	7.66404e-07
chrX	5	30	155270560	1.93211e-07
chrY	0	59296268	59373566	0.998698
chrY	1	67332	59373566	0.00113404
chrY	2	5872	59373566	9.88992e-05
chrY	3	2106	59373566	3.54703e-05
chrY	4	877	59373566	1.47709e-05
chrY	5	607	59373566	1.02234e-05
chrY	6	215	59373566	3.62114e-06
chrY	7	86	59373566	1.44846e-06
chrY	8	66	59373566	1.11161e-06
chrY	9	59	59373566	9.93708e-07
chrY	10	24	59373566	4.0422e-07
chrY	11	29	59373566	4.88433e-07
chrY	12	22	59373566	3.70535e-07
chrY	13	3	59373566	5.05275e-08
chr1_gl000191_random	0	106233	106433	0.998121
chr1_gl000191_random	1	200	106433	0.00187912
chr1_gl000192_random	0	532543	547496	0.972688
chr1_gl000192_random	1	14806	547496	0.0270431
chr1_gl000192_random	2	147	547496	0.000268495
chr4_ctg9_hap1	0	584726	590426	0.990346
chr4_ctg9_hap1	1	5700	590426	0.00965405
chr4_gl000193_random	0	182966	189789	0.96405
chr4_gl000193_random	1	6725	189789	0.0354341
chr4_gl000193_random	2	69	189789	0.000363562
chr4_gl000193_random	3	29	189789	0.000152801
chr4_gl000194_random	0	172876	191469	0.902893
chr4_gl000194_random	1	17037	191469	0.0889805
chr4_gl000194_random	2	1365	191469	0.00712909
chr4_gl000194_random	3	181	191469	0.000945323
chr4_gl000194_random	4	10	191469	5.22278e-05
chr6_apd_hap1	0	4617690	4622290	0.999005
chr6_apd_hap1	1	4600	4622290	0.000995178
chr6_cox_hap2	0	4783971	4795371	0.997623
chr6_cox_hap2	1	11400	4795371	0.00237729
chr6_dbb_hap3	0	4599546	4610396	0.997647
chr6_dbb_hap3	1	10850	4610396	0.00235338
chr6_mann_hap4	0	4670827	4683263	0.997345
chr6_mann_hap4	1	12422	4683263	0.00265242
chr6_mann_hap4	2	14	4683263	2.98937e-06
chr6_mcf_hap5	0	4822648	4833398	0.997776
chr6_mcf_hap5	1	10750	4833398	0.00222411
chr6_qbl_hap6	0	4602284	4611984	0.997897
chr6_qbl_hap6	1	9700	4611984	0.00210322
chr6_ssto_hap7	0	4916486	4928567	0.997549
chr6_ssto_hap7	1	12012	4928567	0.00243722
chr6_ssto_hap7	2	69	4928567	1.4e-05
chr7_gl000195_random	0	181296	182896	0.991252
chr7_gl000195_random	1	1600	182896	0.00874814
chr8_gl000196_random	0	38664	38914	0.993576
chr8_gl000196_random	1	250	38914	0.00642442
chr8_gl000197_random	0	37025	37175	0.995965
chr8_gl000197_random	1	150	37175	0.00403497
chr9_gl000198_random	0	86550	90085	0.960759
chr9_gl000198_random	1	3420	90085	0.0379641
chr9_gl000198_random	2	115	90085	0.00127657
chr9_gl000199_random	0	126527	169874	0.744829
chr9_gl000199_random	1	30222	169874	0.177908
chr9_gl000199_random	2	8376	169874	0.0493071
chr9_gl000199_random	3	2677	169874	0.0157587
chr9_gl000199_random	4	923	169874	0.00543344
chr9_gl000199_random	5	408	169874	0.00240178
chr9_gl000199_random	6	178	169874	0.00104784
chr9_gl000199_random	7	167	169874	0.000983082
chr9_gl000199_random	8	130	169874	0.000765273
chr9_gl000199_random	9	103	169874	0.000606332
chr9_gl000199_random	10	30	169874	0.000176601
chr9_gl000199_random	11	24	169874	0.000141281
chr9_gl000199_random	12	42	169874	0.000247242
chr9_gl000199_random	13	27	169874	0.000158941
chr9_gl000199_random	14	3	169874	1.76601e-05
chr9_gl000199_random	15	11	169874	6.47539e-05
chr9_gl000199_random	16	10	169874	5.88672e-05
chr9_gl000199_random	17	15	169874	8.83007e-05
chr9_gl000199_random	18	1	169874	5.88672e-06
chr9_gl000200_random	0	185535	187035	0.99198
chr9_gl000200_random	1	1500	187035	0.00801989
chr9_gl000201_random	0	35948	36148	0.994467
chr9_gl000201_random	1	200	36148	0.00553281
chr11_gl000202_random	0	39520	40103	0.985462
chr11_gl000202_random	1	566	40103	0.0141137
chr11_gl000202_random	2	17	40103	0.000423908
chr17_ctg5_hap1	0	1669963	1680828	0.993536
chr17_ctg5_hap1	1	10830	1680828	0.00644325
chr17_ctg5_hap1	2	35	1680828	2.08231e-05
chr17_gl000203_random	0	36898	37498	0.983999
chr17_gl000203_random	1	600	37498	0.0160009
chr17_gl000204_random	0	80360	81310	0.988316
chr17_gl000204_random	1	950	81310	0.0116837
chr17_gl000205_random	0	173638	174588	0.994559
chr17_gl000205_random	1	950	174588	0.00544138
chr17_gl000206_random	0	40751	41001	0.993903
chr17_gl000206_random	1	250	41001	0.00609741
chr18_gl000207_random	0	4162	4262	0.976537
chr18_gl000207_random	1	100	4262	0.0234632
chr19_gl000208_random	0	87591	92689	0.944999
chr19_gl000208_random	1	4787	92689	0.0516458
chr19_gl000208_random	2	270	92689	0.00291297
chr19_gl000208_random	3	41	92689	0.000442339
chr19_gl000209_random	0	158169	159169	0.993717
chr19_gl000209_random	1	1000	159169	0.00628263
chr21_gl000210_random	0	27382	27682	0.989163
chr21_gl000210_random	1	300	27682	0.0108374
chrUn_gl000211	0	160347	166566	0.962663
chrUn_gl000211	1	5624	166566	0.0337644
chrUn_gl000211	2	559	166566	0.00335603
chrUn_gl000211	3	36	166566	0.000216131
chrUn_gl000212	0	183942	186858	0.984395
chrUn_gl000212	1	2832	186858	0.0151559
chrUn_gl000212	2	84	186858	0.000449539
chrUn_gl000213	0	163239	164239	0.993911
chrUn_gl000213	1	1000	164239	0.00608869
chrUn_gl000214	0	97835	137718	0.710401
chrUn_gl000214	1	24926	137718	0.180993
chrUn_gl000214	2	8874	137718	0.064436
chrUn_gl000214	3	2755	137718	0.0200046
chrUn_gl000214	4	1471	137718	0.0106812
chrUn_gl000214	5	827	137718	0.00600502
chrUn_gl000214	6	468	137718	0.00339825
chrUn_gl000214	7	302	137718	0.00219289
chrUn_gl000214	8	155	137718	0.00112549
chrUn_gl000214	9	70	137718	0.000508285
chrUn_gl000214	10	35	137718	0.000254143
chrUn_gl000215	0	171245	172545	0.992466
chrUn_gl000215	1	1300	172545	0.00753427
chrUn_gl000216	0	155560	172294	0.902875
chrUn_gl000216	1	10625	172294	0.0616678
chrUn_gl000216	2	3161	172294	0.0183465
chrUn_gl000216	3	1540	172294	0.00893821
chrUn_gl000216	4	651	172294	0.00377843
chrUn_gl000216	5	277	172294	0.00160772
chrUn_gl000216	6	207	172294	0.00120143
chrUn_gl000216	7	73	172294	0.000423694
chrUn_gl000216	8	40	172294	0.000232161
chrUn_gl000216	9	51	172294	0.000296006
chrUn_gl000216	10	15	172294	8.70605e-05
chrUn_gl000216	11	4	172294	2.32161e-05
chrUn_gl000216	12	13	172294	7.54524e-05
chrUn_gl000216	13	9	172294	5.22363e-05
chrUn_gl000216	14	28	172294	0.000162513
chrUn_gl000216	15	4	172294	2.32161e-05
chrUn_gl000216	16	11	172294	6.38444e-05
chrUn_gl000216	17	4	172294	2.32161e-05
chrUn_gl000216	18	4	172294	2.32161e-05
chrUn_gl000216	19	2	172294	1.16081e-05
chrUn_gl000216	20	2	172294	1.16081e-05
chrUn_gl000216	21	2	172294	1.16081e-05
chrUn_gl000216	22	2	172294	1.16081e-05
chrUn_gl000216	23	3	172294	1.74121e-05
chrUn_gl000216	24	6	172294	3.48242e-05
chrUn_gl000217	0	168799	172149	0.98054
chrUn_gl000217	1	3350	172149	0.0194599
chrUn_gl000218	0	149602	161147	0.928357
chrUn_gl000218	1	10677	161147	0.0662563
chrUn_gl000218	2	795	161147	0.00493338
chrUn_gl000218	3	59	161147	0.000366125
chrUn_gl000218	4	14	161147	8.68772e-05
chrUn_gl000219	0	176148	179198	0.98298
chrUn_gl000219	1	3050	179198	0.0170203
chrUn_gl000220	0	142328	161802	0.879643
chrUn_gl000220	1	15025	161802	0.0928604
chrUn_gl000220	2	3468	161802	0.0214336
chrUn_gl000220	3	769	161802	0.00475272
chrUn_gl000220	4	184	161802	0.00113719
chrUn_gl000220	5	22	161802	0.000135969
chrUn_gl000220	6	6	161802	3.70824e-05
chrUn_gl000221	0	147425	155397	0.948699
chrUn_gl000221	1	7644	155397	0.0491901
chrUn_gl000221	2	328	155397	0.00211072
chrUn_gl000222	0	183707	186861	0.983121
chrUn_gl000222	1	3092	186861	0.0165471
chrUn_gl000222	2	28	186861	0.000149844
chrUn_gl000222	3	34	186861	0.000181953
chrUn_gl000223	0	179805	180455	0.996398
chrUn_gl000223	1	650	180455	0.00360201
chrUn_gl000224	0	170106	179693	0.946648
chrUn_gl000224	1	6330	179693	0.0352267
chrUn_gl000224	2	2131	179693	0.0118591
chrUn_gl000224	3	701	179693	0.0039011
chrUn_gl000224	4	304	179693	0.00169177
chrUn_gl000224	5	41	179693	0.000228167
chrUn_gl000224	6	43	179693	0.000239297
chrUn_gl000224	7	20	179693	0.000111301
chrUn_gl000224	8	17	179693	9.46058e-05
chrUn_gl000225	0	173657	211173	0.822345
chrUn_gl000225	1	24148	211173	0.114352
chrUn_gl000225	2	7028	211173	0.0332808
chrUn_gl000225	3	2675	211173	0.0126673
chrUn_gl000225	4	1336	211173	0.00632657
chrUn_gl000225	5	791	211173	0.00374574
chrUn_gl000225	6	512	211173	0.00242455
chrUn_gl000225	7	272	211173	0.00128804
chrUn_gl000225	8	213	211173	0.00100865
chrUn_gl000225	9	246	211173	0.00116492
chrUn_gl000225	10	107	211173	0.000506694
chrUn_gl000225	11	29	211173	0.000137328
chrUn_gl000225	12	15	211173	7.10318e-05
chrUn_gl000225	13	23	211173	0.000108915
chrUn_gl000225	14	35	211173	0.000165741
chrUn_gl000225	15	22	211173	0.00010418
chrUn_gl000225	16	3	211173	1.42064e-05
chrUn_gl000225	17	12	211173	5.68254e-05
chrUn_gl000225	18	4	211173	1.89418e-05
chrUn_gl000225	19	7	211173	3.31482e-05
chrUn_gl000225	20	15	211173	7.10318e-05
chrUn_gl000225	21	23	211173	0.000108915
chrUn_gl000226	0	587	15008	0.0391125
chrUn_gl000226	1	1099	15008	0.0732276
chrUn_gl000226	2	1489	15008	0.0992137
chrUn_gl000226	3	1779	15008	0.118537
chrUn_gl000226	4	1657	15008	0.110408
chrUn_gl000226	5	1728	15008	0.115139
chrUn_gl000226	6	1634	15008	0.108875
chrUn_gl000226	7	1470	15008	0.0979478
chrUn_gl000226	8	1123	15008	0.0748268
chrUn_gl000226	9	930	15008	0.061967
chrUn_gl000226	10	552	15008	0.0367804
chrUn_gl000226	11	432	15008	0.0287846
chrUn_gl000226	12	210	15008	0.0139925
chrUn_gl000226	13	147	15008	0.00979478
chrUn_gl000226	14	67	15008	0.00446429
chrUn_gl000226	15	33	15008	0.00219883
chrUn_gl000226	16	31	15008	0.00206556
chrUn_gl000226	17	32	15008	0.0021322
chrUn_gl000226	18	8	15008	0.000533049
chrUn_gl000227	0	127474	128374	0.992989
chrUn_gl000227	1	900	128374	0.00701077
chrUn_gl000228	0	123693	129120	0.957969
chrUn_gl000228	1	3973	129120	0.0307698
chrUn_gl000228	2	555	129120	0.00429833
chrUn_gl000228	3	408	129120	0.00315985
chrUn_gl000228	4	163	129120	0.00126239
chrUn_gl000228	5	47	129120	0.000364002
chrUn_gl000228	6	69	129120	0.000534387
chrUn_gl000228	7	24	129120	0.000185874
chrUn_gl000228	8	32	129120	0.000247831
chrUn_gl000228	9	36	129120	0.00027881
chrUn_gl000228	10	18	129120	0.000139405
chrUn_gl000228	11	9	129120	6.97026e-05
chrUn_gl000228	12	29	129120	0.000224597
chrUn_gl000228	13	26	129120	0.000201363
chrUn_gl000228	14	15	129120	0.000116171
chrUn_gl000228	15	10	129120	7.74473e-05
chrUn_gl000228	16	6	129120	4.64684e-05
chrUn_gl000228	17	3	129120	2.32342e-05
chrUn_gl000228	18	4	129120	3.09789e-05
chrUn_gl000229	0	18913	19913	0.949782
chrUn_gl000229	1	1000	19913	0.0502185
chrUn_gl000230	0	43091	43691	0.986267
chrUn_gl000230	1	600	43691	0.0137328
chrUn_gl000231	0	26438	27386	0.965384
chrUn_gl000231	1	946	27386	0.0345432
chrUn_gl000231	2	2	27386	7.303e-05
chrUn_gl000232	0	38409	40652	0.944824
chrUn_gl000232	1	2136	40652	0.0525435
chrUn_gl000232	2	107	40652	0.0026321
chrUn_gl000233	0	44741	45941	0.97388
chrUn_gl000233	1	1200	45941	0.0261205
chrUn_gl000234	0	39079	40531	0.964176
chrUn_gl000234	1	1404	40531	0.0346402
chrUn_gl000234	2	48	40531	0.00118428
chrUn_gl000235	0	32152	34474	0.932645
chrUn_gl000235	1	2096	34474	0.0607994
chrUn_gl000235	2	224	34474	0.00649765
chrUn_gl000235	3	2	34474	5.80147e-05
chrUn_gl000236	0	41584	41934	0.991654
chrUn_gl000236	1	350	41934	0.00834645
chrUn_gl000237	0	44917	45867	0.979288
chrUn_gl000237	1	950	45867	0.0207121
chrUn_gl000238	0	39689	39939	0.99374
chrUn_gl000238	1	250	39939	0.00625955
chrUn_gl000239	0	33324	33824	0.985218
chrUn_gl000239	1	500	33824	0.0147824
chrUn_gl000240	0	39951	41933	0.952734
chrUn_gl000240	1	1819	41933	0.0433787
chrUn_gl000240	2	108	41933	0.00257554
chrUn_gl000240	3	55	41933	0.00131162
chrUn_gl000241	0	39337	42152	0.933218
chrUn_gl000241	1	2680	42152	0.0635794
chrUn_gl000241	2	135	42152	0.00320269
chrUn_gl000242	0	43073	43523	0.989661
chrUn_gl000242	1	450	43523	0.0103394
chrUn_gl000243	0	40019	43341	0.923352
chrUn_gl000243	1	2791	43341	0.0643963
chrUn_gl000243	2	358	43341	0.00826008
chrUn_gl000243	3	87	43341	0.00200734
chrUn_gl000243	4	48	43341	0.0011075
chrUn_gl000243	5	38	43341	0.000876768
chrUn_gl000244	0	39479	39929	0.98873
chrUn_gl000244	1	450	39929	0.01127
chrUn_gl000245	0	33131	36651	0.903959
chrUn_gl000245	1	3340	36651	0.0911298
chrUn_gl000245	2	180	36651	0.00491119
chrUn_gl000246	0	37804	38154	0.990827
chrUn_gl000246	1	350	38154	0.00917335
chrUn_gl000247	0	34726	36422	0.953435
chrUn_gl000247	1	1592	36422	0.0437098
chrUn_gl000247	2	104	36422	0.00285542
chrUn_gl000248	0	39336	39786	0.988689
chrUn_gl000248	1	450	39786	0.0113105
chrUn_gl000249	0	38002	38502	0.987014
chrUn_gl000249	1	500	38502	0.0129863
genome	0	3098269897	3137161264	0.987603
genome	1	38272433	3137161264	0.0121997
genome	2	480375	3137161264	0.000153124
genome	3	57802	3137161264	1.84249e-05
genome	4	24694	3137161264	7.87145e-06
genome	5	15280	3137161264	4.87065e-06
genome	6	10700	3137161264	3.41073e-06
genome	7	7076	3137161264	2.25554e-06
genome	8	5130	3137161264	1.63524e-06
genome	9	3812	3137161264	1.21511e-06
genome	10	2768	3137161264	8.82326e-07
genome	11	2121	3137161264	6.76089e-07
genome	12	1425	3137161264	4.54232e-07
genome	13	919	3137161264	2.9294e-07
genome	14	793	3137161264	2.52776e-07
genome	15	640	3137161264	2.04006e-07
genome	16	522	3137161264	1.66392e-07
genome	17	552	3137161264	1.75955e-07
genome	18	408	3137161264	1.30054e-07
genome	19	395	3137161264	1.2591e-07
genome	20	404	3137161264	1.28779e-07
genome	21	365	3137161264	1.16347e-07
genome	22	362	3137161264	1.15391e-07
genome	23	272	3137161264	8.67026e-08
genome	24	268	3137161264	8.54276e-08
genome	25	229	3137161264	7.29959e-08
genome	26	218	3137161264	6.94896e-08
genome	27	180	3137161264	5.73767e-08
genome	28	190	3137161264	6.05643e-08
genome	29	148	3137161264	4.71764e-08
genome	30	117	3137161264	3.72949e-08
genome	31	82	3137161264	2.61383e-08
genome	32	92	3137161264	2.93259e-08
genome	33	81	3137161264	2.58195e-08
genome	34	88	3137161264	2.80508e-08
genome	35	53	3137161264	1.68943e-08
genome	36	38	3137161264	1.21129e-08
genome	37	27	3137161264	8.60651e-09
genome	38	22	3137161264	7.01271e-09
genome	39	22	3137161264	7.01271e-09
genome	40	32	3137161264	1.02003e-08
genome	41	19	3137161264	6.05643e-09
genome	42	12	3137161264	3.82511e-09
genome	43	22	3137161264	7.01271e-09
genome	44	12	3137161264	3.82511e-09
genome	45	9	3137161264	2.86884e-09
genome	46	7	3137161264	2.23132e-09
genome	47	11	3137161264	3.50635e-09
genome	48	5	3137161264	1.5938e-09
genome	49	8	3137161264	2.55008e-09
genome	50	9	3137161264	2.86884e-09
genome	51	9	3137161264	2.86884e-09
genome	52	10	3137161264	3.1876e-09
genome	53	6	3137161264	1.91256e-09
genome	54	24	3137161264	7.65023e-09
genome	55	11	3137161264	3.50635e-09
genome	56	12	3137161264	3.82511e-09
genome	57	8	3137161264	2.55008e-09
genome	58	8	3137161264	2.55008e-09
genome	59	9	3137161264	2.86884e-09
genome	60	7	3137161264	2.23132e-09
genome	61	4	3137161264	1.27504e-09
genome	62	7	3137161264	2.23132e-09
genome	63	3	3137161264	9.56279e-10
