chrM	0	13074	16571	0.788969
chrM	1	3094	16571	0.186712
chrM	2	403	16571	0.0243196
chr1	0	244299346	249250621	0.980135
chr1	1	4884911	249250621	0.0195984
chr1	2	63355	249250621	0.000254182
chr1	3	1372	249250621	5.5045e-06
chr1	4	254	249250621	1.01905e-06
chr1	5	140	249250621	5.61684e-07
chr1	6	73	249250621	2.92878e-07
chr1	7	24	249250621	9.62886e-08
chr1	8	20	249250621	8.02405e-08
chr1	9	20	249250621	8.02405e-08
chr1	10	19	249250621	7.62285e-08
chr1	11	10	249250621	4.01203e-08
chr1	12	18	249250621	7.22165e-08
chr1	13	18	249250621	7.22165e-08
chr1	14	21	249250621	8.42525e-08
chr1	15	24	249250621	9.62886e-08
chr1	16	29	249250621	1.16349e-07
chr1	17	34	249250621	1.36409e-07
chr1	18	34	249250621	1.36409e-07
chr1	19	67	249250621	2.68806e-07
chr1	20	66	249250621	2.64794e-07
chr1	21	69	249250621	2.7683e-07
chr1	22	62	249250621	2.48746e-07
chr1	23	43	249250621	1.72517e-07
chr1	24	42	249250621	1.68505e-07
chr1	25	25	249250621	1.00301e-07
chr1	26	25	249250621	1.00301e-07
chr1	27	27	249250621	1.08325e-07
chr1	28	23	249250621	9.22766e-08
chr1	29	22	249250621	8.82646e-08
chr1	30	15	249250621	6.01804e-08
chr1	31	16	249250621	6.41924e-08
chr1	32	34	249250621	1.36409e-07
chr1	33	26	249250621	1.04313e-07
chr1	34	28	249250621	1.12337e-07
chr1	35	15	249250621	6.01804e-08
chr1	36	25	249250621	1.00301e-07
chr1	37	33	249250621	1.32397e-07
chr1	38	19	249250621	7.62285e-08
chr1	39	11	249250621	4.41323e-08
chr1	40	15	249250621	6.01804e-08
chr1	41	26	249250621	1.04313e-07
chr1	42	17	249250621	6.82044e-08
chr1	43	12	249250621	4.81443e-08
chr1	44	8	249250621	3.20962e-08
chr1	45	9	249250621	3.61082e-08
chr1	46	13	249250621	5.21563e-08
chr1	47	12	249250621	4.81443e-08
chr1	48	7	249250621	2.80842e-08
chr1	49	15	249250621	6.01804e-08
chr1	50	10	249250621	4.01203e-08
chr1	51	6	249250621	2.40722e-08
chr1	52	9	249250621	3.61082e-08
chr1	53	16	249250621	6.41924e-08
chr1	54	6	249250621	2.40722e-08
chr1	55	2	249250621	8.02405e-09
chr1	56	6	249250621	2.40722e-08
chr1	57	7	249250621	2.80842e-08
chr1	58	5	249250621	2.00601e-08
chr1	59	4	249250621	1.60481e-08
chr1	60	1	249250621	4.01203e-09
chr2	0	239937655	243199373	0.986588
chr2	1	3223015	243199373	0.0132526
chr2	2	29915	243199373	0.000123006
chr2	3	3922	243199373	1.61267e-05
chr2	4	2030	243199373	8.34706e-06
chr2	5	1157	243199373	4.75741e-06
chr2	6	709	243199373	2.9153e-06
chr2	7	345	243199373	1.41859e-06
chr2	8	133	243199373	5.46876e-07
chr2	9	137	243199373	5.63324e-07
chr2	10	86	243199373	3.53619e-07
chr2	11	110	243199373	4.52304e-07
chr2	12	78	243199373	3.20724e-07
chr2	13	37	243199373	1.52139e-07
chr2	14	29	243199373	1.19244e-07
chr2	15	15	243199373	6.16778e-08
chr3	0	194618510	198022430	0.98281
chr3	1	3374251	198022430	0.0170397
chr3	2	29196	198022430	0.000147438
chr3	3	306	198022430	1.54528e-06
chr3	4	60	198022430	3.02996e-07
chr3	5	1	198022430	5.04993e-09
chr3	6	2	198022430	1.00999e-08
chr3	7	6	198022430	3.02996e-08
chr3	8	2	198022430	1.00999e-08
chr3	9	2	198022430	1.00999e-08
chr3	10	1	198022430	5.04993e-09
chr3	11	1	198022430	5.04993e-09
chr3	12	4	198022430	2.01997e-08
chr3	13	1	198022430	5.04993e-09
chr3	14	1	198022430	5.04993e-09
chr3	15	4	198022430	2.01997e-08
chr3	16	2	198022430	1.00999e-08
chr3	17	1	198022430	5.04993e-09
chr3	18	3	198022430	1.51498e-08
chr3	20	2	198022430	1.00999e-08
chr3	21	3	198022430	1.51498e-08
chr3	22	4	198022430	2.01997e-08
chr3	23	1	198022430	5.04993e-09
chr3	24	3	198022430	1.51498e-08
chr3	25	3	198022430	1.51498e-08
chr3	26	1	198022430	5.04993e-09
chr3	27	8	198022430	4.03995e-08
chr3	28	2	198022430	1.00999e-08
chr3	29	8	198022430	4.03995e-08
chr3	30	1	198022430	5.04993e-09
chr3	31	4	198022430	2.01997e-08
chr3	32	3	198022430	1.51498e-08
chr3	33	1	198022430	5.04993e-09
chr3	34	5	198022430	2.52497e-08
chr3	35	3	198022430	1.51498e-08
chr3	36	2	198022430	1.00999e-08
chr3	37	2	198022430	1.00999e-08
chr3	38	6	198022430	3.02996e-08
chr3	39	3	198022430	1.51498e-08
chr3	40	2	198022430	1.00999e-08
chr3	41	4	198022430	2.01997e-08
chr3	42	2	198022430	1.00999e-08
chr3	43	3	198022430	1.51498e-08
chr4	0	188346275	191154276	0.98531
chr4	1	2770724	191154276	0.0144947
chr4	2	30221	191154276	0.000158097
chr4	3	3301	191154276	1.72688e-05
chr4	4	1499	191154276	7.84183e-06
chr4	5	754	191154276	3.94446e-06
chr4	6	527	191154276	2.75694e-06
chr4	7	276	191154276	1.44386e-06
chr4	8	171	191154276	8.94565e-07
chr4	9	253	191154276	1.32354e-06
chr4	10	79	191154276	4.13279e-07
chr4	11	63	191154276	3.29577e-07
chr4	12	39	191154276	2.04024e-07
chr4	13	35	191154276	1.83098e-07
chr4	14	15	191154276	7.84706e-08
chr4	15	6	191154276	3.13883e-08
chr4	16	10	191154276	5.23138e-08
chr4	17	7	191154276	3.66196e-08
chr4	18	8	191154276	4.1851e-08
chr4	19	13	191154276	6.80079e-08
chr5	0	178712310	180915260	0.987823
chr5	1	2182637	180915260	0.0120644
chr5	2	20057	180915260	0.000110864
chr5	3	225	180915260	1.24368e-06
chr5	4	31	180915260	1.71351e-07
chr6	0	168962900	171115067	0.987423
chr6	1	2134865	171115067	0.0124762
chr6	2	13533	171115067	7.90871e-05
chr6	3	489	171115067	2.85773e-06
chr6	4	314	171115067	1.83502e-06
chr6	5	386	171115067	2.25579e-06
chr6	6	391	171115067	2.28501e-06
chr6	7	404	171115067	2.36098e-06
chr6	8	459	171115067	2.68241e-06
chr6	9	426	171115067	2.48955e-06
chr6	10	321	171115067	1.87593e-06
chr6	11	194	171115067	1.13374e-06
chr6	12	106	171115067	6.19466e-07
chr6	13	95	171115067	5.55182e-07
chr6	14	76	171115067	4.44146e-07
chr6	15	69	171115067	4.03237e-07
chr6	16	27	171115067	1.57789e-07
chr6	17	12	171115067	7.01282e-08
chr7	0	157504347	159138663	0.98973
chr7	1	1621063	159138663	0.0101865
chr7	2	9806	159138663	6.16192e-05
chr7	3	633	159138663	3.97766e-06
chr7	4	268	159138663	1.68407e-06
chr7	5	394	159138663	2.47583e-06
chr7	6	235	159138663	1.4767e-06
chr7	7	188	159138663	1.18136e-06
chr7	8	198	159138663	1.2442e-06
chr7	9	167	159138663	1.0494e-06
chr7	10	187	159138663	1.17508e-06
chr7	11	114	159138663	7.16356e-07
chr7	12	93	159138663	5.84396e-07
chr7	13	66	159138663	4.14733e-07
chr7	14	49	159138663	3.07908e-07
chr7	15	63	159138663	3.95881e-07
chr7	16	63	159138663	3.95881e-07
chr7	17	87	159138663	5.46693e-07
chr7	18	64	159138663	4.02165e-07
chr7	19	75	159138663	4.71287e-07
chr7	20	82	159138663	5.15274e-07
chr7	21	66	159138663	4.14733e-07
chr7	22	61	159138663	3.83314e-07
chr7	23	58	159138663	3.64462e-07
chr7	24	41	159138663	2.57637e-07
chr7	25	55	159138663	3.45611e-07
chr7	26	43	159138663	2.70205e-07
chr7	27	49	159138663	3.07908e-07
chr7	28	29	159138663	1.82231e-07
chr7	29	9	159138663	5.65545e-08
chr7	30	7	159138663	4.39868e-08
chr7	31	3	159138663	1.88515e-08
chr8	0	143749788	146364022	0.982139
chr8	1	2543122	146364022	0.0173753
chr8	2	62216	146364022	0.000425077
chr8	3	6563	146364022	4.48403e-05
chr8	4	1423	146364022	9.72233e-06
chr8	5	378	146364022	2.5826e-06
chr8	6	301	146364022	2.05652e-06
chr8	7	139	146364022	9.49687e-07
chr8	8	82	146364022	5.60247e-07
chr8	9	10	146364022	6.83228e-08
chr9	0	139643148	141213431	0.98888
chr9	1	1554710	141213431	0.0110096
chr9	2	14662	141213431	0.000103829
chr9	3	386	141213431	2.73345e-06
chr9	4	218	141213431	1.54376e-06
chr9	5	93	141213431	6.58578e-07
chr9	6	80	141213431	5.66518e-07
chr9	7	57	141213431	4.03644e-07
chr9	8	18	141213431	1.27467e-07
chr9	9	17	141213431	1.20385e-07
chr9	10	17	141213431	1.20385e-07
chr9	11	25	141213431	1.77037e-07
chr10	0	133812149	135534747	0.98729
chr10	1	1688689	135534747	0.0124595
chr10	2	20531	135534747	0.000151481
chr10	3	2784	135534747	2.05409e-05
chr10	4	1733	135534747	1.27864e-05
chr10	5	1392	135534747	1.02704e-05
chr10	6	1053	135534747	7.76922e-06
chr10	7	795	135534747	5.86565e-06
chr10	8	626	135534747	4.61874e-06
chr10	9	497	135534747	3.66696e-06
chr10	10	394	135534747	2.907e-06
chr10	11	367	135534747	2.70779e-06
chr10	12	365	135534747	2.69304e-06
chr10	13	327	135534747	2.41267e-06
chr10	14	242	135534747	1.78552e-06
chr10	15	278	135534747	2.05113e-06
chr10	16	201	135534747	1.48301e-06
chr10	17	229	135534747	1.6896e-06
chr10	18	192	135534747	1.41661e-06
chr10	19	259	135534747	1.91095e-06
chr10	20	276	135534747	2.03638e-06
chr10	21	179	135534747	1.32069e-06
chr10	22	179	135534747	1.32069e-06
chr10	23	152	135534747	1.12148e-06
chr10	24	96	135534747	7.08305e-07
chr10	25	97	135534747	7.15684e-07
chr10	26	75	135534747	5.53364e-07
chr10	27	71	135534747	5.23851e-07
chr10	28	65	135534747	4.79582e-07
chr10	29	48	135534747	3.54153e-07
chr10	30	60	135534747	4.42691e-07
chr10	31	40	135534747	2.95127e-07
chr10	32	47	135534747	3.46775e-07
chr10	33	40	135534747	2.95127e-07
chr10	34	49	135534747	3.61531e-07
chr10	35	30	135534747	2.21345e-07
chr10	36	32	135534747	2.36102e-07
chr10	37	27	135534747	1.99211e-07
chr10	38	11	135534747	8.116e-08
chr10	39	18	135534747	1.32807e-07
chr10	40	15	135534747	1.10673e-07
chr10	41	13	135534747	9.59164e-08
chr10	42	12	135534747	8.85382e-08
chr10	43	4	135534747	2.95127e-08
chr10	44	4	135534747	2.95127e-08
chr10	45	2	135534747	1.47564e-08
chr10	46	2	135534747	1.47564e-08
chr11	0	133646119	135006516	0.989924
chr11	1	1351333	135006516	0.0100094
chr11	2	7977	135006516	5.9086e-05
chr11	3	366	135006516	2.71098e-06
chr11	4	259	135006516	1.91843e-06
chr11	5	220	135006516	1.62955e-06
chr11	6	67	135006516	4.96272e-07
chr11	7	85	135006516	6.29599e-07
chr11	8	46	135006516	3.40724e-07
chr11	9	26	135006516	1.92583e-07
chr11	10	18	135006516	1.33327e-07
chr12	0	132489114	133851895	0.989819
chr12	1	1355360	133851895	0.0101258
chr12	2	7043	133851895	5.26179e-05
chr12	3	177	133851895	1.32236e-06
chr12	4	182	133851895	1.35971e-06
chr12	5	19	133851895	1.41948e-07
chr13	0	114165844	115169878	0.991282
chr13	1	999131	115169878	0.00867528
chr13	2	4890	115169878	4.2459e-05
chr13	3	13	115169878	1.12877e-07
chr14	0	106324408	107349540	0.990451
chr14	1	1019264	107349540	0.00949482
chr14	2	5868	107349540	5.46626e-05
chr15	0	101745588	102531392	0.992336
chr15	1	781127	102531392	0.00761842
chr15	2	4658	102531392	4.543e-05
chr15	3	19	102531392	1.85309e-07
chr16	0	89246242	90354753	0.987732
chr16	1	1073126	90354753	0.0118768
chr16	2	15056	90354753	0.000166632
chr16	3	5789	90354753	6.40697e-05
chr16	4	4823	90354753	5.33785e-05
chr16	5	3428	90354753	3.79393e-05
chr16	6	2222	90354753	2.4592e-05
chr16	7	1530	90354753	1.69333e-05
chr16	8	1007	90354753	1.1145e-05
chr16	9	594	90354753	6.57409e-06
chr16	10	464	90354753	5.13531e-06
chr16	11	276	90354753	3.05463e-06
chr16	12	88	90354753	9.73939e-07
chr16	13	77	90354753	8.52196e-07
chr16	14	29	90354753	3.20957e-07
chr16	15	2	90354753	2.2135e-08
chr17	0	80183920	81195210	0.987545
chr17	1	1003218	81195210	0.0123556
chr17	2	7487	81195210	9.22099e-05
chr17	3	431	81195210	5.30819e-06
chr17	4	72	81195210	8.86752e-07
chr17	5	48	81195210	5.91168e-07
chr17	6	9	81195210	1.10844e-07
chr17	7	17	81195210	2.09372e-07
chr17	8	8	81195210	9.8528e-08
chr18	0	77068303	78077248	0.987078
chr18	1	999319	78077248	0.0127991
chr18	2	7919	78077248	0.000101425
chr18	3	624	78077248	7.99208e-06
chr18	4	378	78077248	4.84136e-06
chr18	5	241	78077248	3.08669e-06
chr18	6	141	78077248	1.8059e-06
chr18	7	112	78077248	1.43448e-06
chr18	8	110	78077248	1.40886e-06
chr18	9	53	78077248	6.78815e-07
chr18	10	24	78077248	3.07388e-07
chr18	11	11	78077248	1.40886e-07
chr18	12	13	78077248	1.66502e-07
chr19	0	58666886	59128983	0.992185
chr19	1	456861	59128983	0.00772652
chr19	2	2842	59128983	4.80644e-05
chr19	3	490	59128983	8.28697e-06
chr19	4	304	59128983	5.1413e-06
chr19	5	264	59128983	4.46482e-06
chr19	6	124	59128983	2.09711e-06
chr19	7	158	59128983	2.67212e-06
chr19	8	173	59128983	2.92581e-06
chr19	9	163	59128983	2.75669e-06
chr19	10	189	59128983	3.1964e-06
chr19	11	91	59128983	1.53901e-06
chr19	12	65	59128983	1.09929e-06
chr19	13	39	59128983	6.59575e-07
chr19	14	37	59128983	6.25751e-07
chr19	15	31	59128983	5.24278e-07
chr19	16	40	59128983	6.76487e-07
chr19	17	16	59128983	2.70595e-07
chr19	18	18	59128983	3.04419e-07
chr19	19	35	59128983	5.91926e-07
chr19	20	16	59128983	2.70595e-07
chr19	21	25	59128983	4.22805e-07
chr19	22	18	59128983	3.04419e-07
chr19	23	29	59128983	4.90453e-07
chr19	24	15	59128983	2.53683e-07
chr19	25	22	59128983	3.72068e-07
chr19	26	9	59128983	1.5221e-07
chr19	27	11	59128983	1.86034e-07
chr19	28	11	59128983	1.86034e-07
chr19	29	1	59128983	1.69122e-08
chr20	0	62035667	63025520	0.984294
chr20	1	982102	63025520	0.0155826
chr20	2	7516	63025520	0.000119253
chr20	3	161	63025520	2.55452e-06
chr20	4	37	63025520	5.87064e-07
chr20	5	37	63025520	5.87064e-07
chr21	0	47626051	48129895	0.989532
chr21	1	497955	48129895	0.0103461
chr21	2	5210	48129895	0.000108249
chr21	3	420	48129895	8.72639e-06
chr21	4	112	48129895	2.32704e-06
chr21	5	51	48129895	1.05963e-06
chr21	6	11	48129895	2.28548e-07
chr21	7	13	48129895	2.70102e-07
chr21	8	18	48129895	3.73988e-07
chr21	9	29	48129895	6.02536e-07
chr21	10	25	48129895	5.19428e-07
chr22	0	50766788	51304566	0.989518
chr22	1	533355	51304566	0.0103959
chr22	2	4267	51304566	8.317e-05
chr22	3	52	51304566	1.01355e-06
chr22	4	49	51304566	9.55081e-07
chr22	5	1	51304566	1.94914e-08
chr22	6	3	51304566	5.84743e-08
chr22	7	1	51304566	1.94914e-08
chr22	8	1	51304566	1.94914e-08
chr22	9	3	51304566	5.84743e-08
chr22	10	1	51304566	1.94914e-08
chr22	11	4	51304566	7.79658e-08
chr22	12	2	51304566	3.89829e-08
chr22	13	3	51304566	5.84743e-08
chr22	14	13	51304566	2.53389e-07
chr22	15	23	51304566	4.48303e-07
chrX	0	154143629	155270560	0.992742
chrX	1	1118757	155270560	0.00720521
chrX	2	7193	155270560	4.63256e-05
chrX	3	748	155270560	4.8174e-06
chrX	4	126	155270560	8.11487e-07
chrX	5	47	155270560	3.02697e-07
chrX	6	46	155270560	2.96257e-07
chrX	7	14	155270560	9.01652e-08
chrY	0	59302914	59373566	0.99881
chrY	1	63545	59373566	0.00107026
chrY	2	4522	59373566	7.61618e-05
chrY	3	1560	59373566	2.62743e-05
chrY	4	570	59373566	9.60023e-06
chrY	5	189	59373566	3.18323e-06
chrY	6	97	59373566	1.63372e-06
chrY	7	33	59373566	5.55803e-07
chrY	8	52	59373566	8.75811e-07
chrY	9	6	59373566	1.01055e-07
chrY	10	11	59373566	1.85268e-07
chrY	11	11	59373566	1.85268e-07
chrY	12	36	59373566	6.0633e-07
chrY	13	20	59373566	3.3685e-07
chr1_gl000191_random	0	106133	106433	0.997181
chr1_gl000191_random	1	300	106433	0.00281867
chr1_gl000192_random	0	532751	547496	0.973068
chr1_gl000192_random	1	14540	547496	0.0265573
chr1_gl000192_random	2	205	547496	0.000374432
chr4_ctg9_hap1	0	585126	590426	0.991023
chr4_ctg9_hap1	1	5300	590426	0.00897657
chr4_gl000193_random	0	183660	189789	0.967706
chr4_gl000193_random	1	5908	189789	0.0311293
chr4_gl000193_random	2	221	189789	0.00116445
chr4_gl000194_random	0	177301	191469	0.926004
chr4_gl000194_random	1	13462	191469	0.070309
chr4_gl000194_random	2	680	191469	0.00355149
chr4_gl000194_random	3	26	191469	0.000135792
chr6_apd_hap1	0	4617540	4622290	0.998972
chr6_apd_hap1	1	4750	4622290	0.00102763
chr6_cox_hap2	0	4782771	4795371	0.997372
chr6_cox_hap2	1	12600	4795371	0.00262753
chr6_dbb_hap3	0	4599670	4610396	0.997674
chr6_dbb_hap3	1	10702	4610396	0.00232128
chr6_dbb_hap3	2	24	4610396	5.20563e-06
chr6_mann_hap4	0	4672801	4683263	0.997766
chr6_mann_hap4	1	10424	4683263	0.0022258
chr6_mann_hap4	2	38	4683263	8.114e-06
chr6_mcf_hap5	0	4824174	4833398	0.998092
chr6_mcf_hap5	1	9148	4833398	0.00189266
chr6_mcf_hap5	2	76	4833398	1.57239e-05
chr6_qbl_hap6	0	4601884	4611984	0.99781
chr6_qbl_hap6	1	10100	4611984	0.00218995
chr6_ssto_hap7	0	4915396	4928567	0.997328
chr6_ssto_hap7	1	13142	4928567	0.0026665
chr6_ssto_hap7	2	29	4928567	5.88406e-06
chr7_gl000195_random	0	181146	182896	0.990432
chr7_gl000195_random	1	1750	182896	0.00956828
chr8_gl000196_random	0	38464	38914	0.988436
chr8_gl000196_random	1	450	38914	0.011564
chr8_gl000197_random	0	36925	37175	0.993275
chr8_gl000197_random	1	250	37175	0.00672495
chr9_gl000198_random	0	87195	90085	0.967919
chr9_gl000198_random	1	2789	90085	0.0309596
chr9_gl000198_random	2	92	90085	0.00102126
chr9_gl000198_random	3	9	90085	9.99056e-05
chr9_gl000199_random	0	126981	169874	0.747501
chr9_gl000199_random	1	29437	169874	0.173287
chr9_gl000199_random	2	8725	169874	0.0513616
chr9_gl000199_random	3	2599	169874	0.0152996
chr9_gl000199_random	4	1212	169874	0.0071347
chr9_gl000199_random	5	465	169874	0.00273732
chr9_gl000199_random	6	287	169874	0.00168949
chr9_gl000199_random	7	62	169874	0.000364976
chr9_gl000199_random	8	51	169874	0.000300223
chr9_gl000199_random	9	5	169874	2.94336e-05
chr9_gl000199_random	11	3	169874	1.76601e-05
chr9_gl000199_random	12	5	169874	2.94336e-05
chr9_gl000199_random	13	3	169874	1.76601e-05
chr9_gl000199_random	14	2	169874	1.17734e-05
chr9_gl000199_random	15	6	169874	3.53203e-05
chr9_gl000199_random	16	15	169874	8.83007e-05
chr9_gl000199_random	17	5	169874	2.94336e-05
chr9_gl000199_random	18	3	169874	1.76601e-05
chr9_gl000199_random	19	5	169874	2.94336e-05
chr9_gl000199_random	20	3	169874	1.76601e-05
chr9_gl000200_random	0	185785	187035	0.993317
chr9_gl000200_random	1	1250	187035	0.00668324
chr11_gl000202_random	0	39853	40103	0.993766
chr11_gl000202_random	1	250	40103	0.00623395
chr17_ctg5_hap1	0	1669509	1680828	0.993266
chr17_ctg5_hap1	1	11288	1680828	0.00671574
chr17_ctg5_hap1	2	31	1680828	1.84433e-05
chr17_gl000203_random	0	36948	37498	0.985333
chr17_gl000203_random	1	550	37498	0.0146674
chr17_gl000204_random	0	80810	81310	0.993851
chr17_gl000204_random	1	500	81310	0.00614931
chr17_gl000205_random	0	172538	174588	0.988258
chr17_gl000205_random	1	2050	174588	0.0117419
chr17_gl000206_random	0	40851	41001	0.996342
chr17_gl000206_random	1	150	41001	0.00365845
chr18_gl000207_random	0	4162	4262	0.976537
chr18_gl000207_random	1	100	4262	0.0234632
chr19_gl000208_random	0	87663	92689	0.945776
chr19_gl000208_random	1	4619	92689	0.0498333
chr19_gl000208_random	2	341	92689	0.00367897
chr19_gl000208_random	3	65	92689	0.00070127
chr19_gl000208_random	4	1	92689	1.07888e-05
chr19_gl000209_random	0	158619	159169	0.996545
chr19_gl000209_random	1	550	159169	0.00345545
chr21_gl000210_random	0	27632	27682	0.998194
chr21_gl000210_random	1	50	27682	0.00180623
chrUn_gl000211	0	160866	166566	0.965779
chrUn_gl000211	1	5359	166566	0.0321734
chrUn_gl000211	2	332	166566	0.0019932
chrUn_gl000211	3	9	166566	5.40326e-05
chrUn_gl000212	0	183600	186858	0.982564
chrUn_gl000212	1	3166	186858	0.0169433
chrUn_gl000212	2	92	186858	0.000492352
chrUn_gl000213	0	162439	164239	0.98904
chrUn_gl000213	1	1800	164239	0.0109596
chrUn_gl000214	0	108048	137718	0.78456
chrUn_gl000214	1	21248	137718	0.154286
chrUn_gl000214	2	5383	137718	0.0390871
chrUn_gl000214	3	1723	137718	0.0125111
chrUn_gl000214	4	796	137718	0.00577993
chrUn_gl000214	5	241	137718	0.00174995
chrUn_gl000214	6	163	137718	0.00118358
chrUn_gl000214	7	50	137718	0.000363061
chrUn_gl000214	8	44	137718	0.000319493
chrUn_gl000214	9	22	137718	0.000159747
chrUn_gl000215	0	171395	172545	0.993335
chrUn_gl000215	1	1150	172545	0.00666493
chrUn_gl000216	0	155775	172294	0.904123
chrUn_gl000216	1	12117	172294	0.0703275
chrUn_gl000216	2	2262	172294	0.0131287
chrUn_gl000216	3	865	172294	0.00502049
chrUn_gl000216	4	518	172294	0.00300649
chrUn_gl000216	5	324	172294	0.00188051
chrUn_gl000216	6	166	172294	0.000963469
chrUn_gl000216	7	160	172294	0.000928645
chrUn_gl000216	8	26	172294	0.000150905
chrUn_gl000216	9	26	172294	0.000150905
chrUn_gl000216	10	5	172294	2.90202e-05
chrUn_gl000216	11	5	172294	2.90202e-05
chrUn_gl000216	12	4	172294	2.32161e-05
chrUn_gl000216	13	10	172294	5.80403e-05
chrUn_gl000216	14	7	172294	4.06282e-05
chrUn_gl000216	15	12	172294	6.96484e-05
chrUn_gl000216	16	7	172294	4.06282e-05
chrUn_gl000216	17	2	172294	1.16081e-05
chrUn_gl000216	19	3	172294	1.74121e-05
chrUn_gl000217	0	168270	172149	0.977467
chrUn_gl000217	1	3808	172149	0.0221204
chrUn_gl000217	2	71	172149	0.000412433
chrUn_gl000218	0	151942	161147	0.942878
chrUn_gl000218	1	8475	161147	0.0525917
chrUn_gl000218	2	715	161147	0.00443694
chrUn_gl000218	3	15	161147	9.30827e-05
chrUn_gl000219	0	175299	179198	0.978242
chrUn_gl000219	1	3798	179198	0.0211944
chrUn_gl000219	2	101	179198	0.000563622
chrUn_gl000220	0	140583	161802	0.868858
chrUn_gl000220	1	16808	161802	0.10388
chrUn_gl000220	2	3575	161802	0.0220949
chrUn_gl000220	3	675	161802	0.00417177
chrUn_gl000220	4	138	161802	0.000852894
chrUn_gl000220	5	23	161802	0.000142149
chrUn_gl000221	0	149887	155397	0.964542
chrUn_gl000221	1	5179	155397	0.0333275
chrUn_gl000221	2	322	155397	0.00207211
chrUn_gl000221	3	9	155397	5.79162e-05
chrUn_gl000222	0	184261	186861	0.986086
chrUn_gl000222	1	2505	186861	0.0134057
chrUn_gl000222	2	90	186861	0.000481641
chrUn_gl000222	3	5	186861	2.67579e-05
chrUn_gl000223	0	179405	180455	0.994181
chrUn_gl000223	1	1050	180455	0.00581862
chrUn_gl000224	0	171679	179693	0.955402
chrUn_gl000224	1	6307	179693	0.0350988
chrUn_gl000224	2	1364	179693	0.00759072
chrUn_gl000224	3	257	179693	0.00143022
chrUn_gl000224	4	86	179693	0.000478594
chrUn_gl000225	0	177570	211173	0.840875
chrUn_gl000225	1	23252	211173	0.110109
chrUn_gl000225	2	6121	211173	0.0289857
chrUn_gl000225	3	2034	211173	0.00963191
chrUn_gl000225	4	755	211173	0.00357527
chrUn_gl000225	5	513	211173	0.00242929
chrUn_gl000225	6	294	211173	0.00139222
chrUn_gl000225	7	215	211173	0.00101812
chrUn_gl000225	8	145	211173	0.000686641
chrUn_gl000225	9	107	211173	0.000506694
chrUn_gl000225	10	79	211173	0.000374101
chrUn_gl000225	11	4	211173	1.89418e-05
chrUn_gl000225	12	10	211173	4.73545e-05
chrUn_gl000225	13	10	211173	4.73545e-05
chrUn_gl000225	14	20	211173	9.47091e-05
chrUn_gl000225	15	13	211173	6.15609e-05
chrUn_gl000225	16	9	211173	4.26191e-05
chrUn_gl000225	17	22	211173	0.00010418
chrUn_gl000226	0	665	15008	0.0443097
chrUn_gl000226	1	1057	15008	0.0704291
chrUn_gl000226	2	1558	15008	0.103811
chrUn_gl000226	3	1948	15008	0.129797
chrUn_gl000226	4	1901	15008	0.126666
chrUn_gl000226	5	1813	15008	0.120802
chrUn_gl000226	6	1679	15008	0.111874
chrUn_gl000226	7	1155	15008	0.076959
chrUn_gl000226	8	995	15008	0.066298
chrUn_gl000226	9	709	15008	0.0472415
chrUn_gl000226	10	512	15008	0.0341151
chrUn_gl000226	11	309	15008	0.020589
chrUn_gl000226	12	243	15008	0.0161914
chrUn_gl000226	13	182	15008	0.0121269
chrUn_gl000226	14	127	15008	0.00846215
chrUn_gl000226	15	86	15008	0.00573028
chrUn_gl000226	16	42	15008	0.00279851
chrUn_gl000226	17	15	15008	0.000999467
chrUn_gl000226	18	10	15008	0.000666311
chrUn_gl000226	19	2	15008	0.000133262
chrUn_gl000227	0	126809	128374	0.987809
chrUn_gl000227	1	1480	128374	0.0115288
chrUn_gl000227	2	85	128374	0.000662128
chrUn_gl000228	0	124486	129120	0.964111
chrUn_gl000228	1	3475	129120	0.0269129
chrUn_gl000228	2	567	129120	0.00439126
chrUn_gl000228	3	201	129120	0.00155669
chrUn_gl000228	4	107	129120	0.000828687
chrUn_gl000228	5	65	129120	0.000503408
chrUn_gl000228	6	60	129120	0.000464684
chrUn_gl000228	7	23	129120	0.000178129
chrUn_gl000228	8	40	129120	0.000309789
chrUn_gl000228	9	23	129120	0.000178129
chrUn_gl000228	10	11	129120	8.51921e-05
chrUn_gl000228	11	9	129120	6.97026e-05
chrUn_gl000228	12	2	129120	1.54895e-05
chrUn_gl000228	13	5	129120	3.87237e-05
chrUn_gl000228	14	18	129120	0.000139405
chrUn_gl000228	15	16	129120	0.000123916
chrUn_gl000228	16	7	129120	5.42131e-05
chrUn_gl000228	17	5	129120	3.87237e-05
chrUn_gl000229	0	18889	19913	0.948576
chrUn_gl000229	1	998	19913	0.050118
chrUn_gl000229	2	26	19913	0.00130568
chrUn_gl000230	0	43091	43691	0.986267
chrUn_gl000230	1	600	43691	0.0137328
chrUn_gl000231	0	26137	27386	0.954393
chrUn_gl000231	1	1248	27386	0.0455707
chrUn_gl000231	2	1	27386	3.6515e-05
chrUn_gl000232	0	38634	40652	0.950359
chrUn_gl000232	1	1986	40652	0.0488537
chrUn_gl000232	2	32	40652	0.000787169
chrUn_gl000233	0	44760	45941	0.974293
chrUn_gl000233	1	1162	45941	0.0252933
chrUn_gl000233	2	19	45941	0.000413574
chrUn_gl000234	0	38156	40531	0.941403
chrUn_gl000234	1	2250	40531	0.0555131
chrUn_gl000234	2	125	40531	0.00308406
chrUn_gl000235	0	32645	34474	0.946946
chrUn_gl000235	1	1669	34474	0.0484133
chrUn_gl000235	2	149	34474	0.0043221
chrUn_gl000235	3	11	34474	0.000319081
chrUn_gl000236	0	41319	41934	0.985334
chrUn_gl000236	1	580	41934	0.0138313
chrUn_gl000236	2	35	41934	0.000834645
chrUn_gl000237	0	45017	45867	0.981468
chrUn_gl000237	1	850	45867	0.0185318
chrUn_gl000238	0	39839	39939	0.997496
chrUn_gl000238	1	100	39939	0.00250382
chrUn_gl000239	0	33174	33824	0.980783
chrUn_gl000239	1	650	33824	0.0192171
chrUn_gl000240	0	40144	41933	0.957337
chrUn_gl000240	1	1728	41933	0.0412086
chrUn_gl000240	2	61	41933	0.0014547
chrUn_gl000241	0	39348	42152	0.933479
chrUn_gl000241	1	2758	42152	0.0654299
chrUn_gl000241	2	46	42152	0.00109129
chrUn_gl000242	0	43173	43523	0.991958
chrUn_gl000242	1	350	43523	0.00804173
chrUn_gl000243	0	41086	43341	0.947971
chrUn_gl000243	1	1947	43341	0.0449228
chrUn_gl000243	2	271	43341	0.00625274
chrUn_gl000243	3	37	43341	0.000853695
chrUn_gl000244	0	39529	39929	0.989982
chrUn_gl000244	1	400	39929	0.0100178
chrUn_gl000245	0	34441	36651	0.939701
chrUn_gl000245	1	2170	36651	0.0592071
chrUn_gl000245	2	40	36651	0.00109138
chrUn_gl000246	0	37604	38154	0.985585
chrUn_gl000246	1	550	38154	0.0144153
chrUn_gl000247	0	35007	36422	0.96115
chrUn_gl000247	1	1280	36422	0.0351436
chrUn_gl000247	2	135	36422	0.00370655
chrUn_gl000248	0	39336	39786	0.988689
chrUn_gl000248	1	450	39786	0.0113105
chrUn_gl000249	0	38152	38502	0.99091
chrUn_gl000249	1	350	38502	0.00909044
chr9_gl000201_random	0	36148	36148	1
genome	0	3098103871	3137161264	0.98755
genome	1	38528053	3137161264	0.0122812
genome	2	420383	3137161264	0.000134001
genome	3	41319	3137161264	1.31708e-05
genome	4	20256	3137161264	6.45679e-06
genome	5	12684	3137161264	4.04315e-06
genome	6	8740	3137161264	2.78596e-06
genome	7	5862	3137161264	1.86857e-06
genome	8	4425	3137161264	1.41051e-06
genome	9	3295	3137161264	1.05031e-06
genome	10	2443	3137161264	7.78729e-07
genome	11	1607	3137161264	5.12247e-07
genome	12	1171	3137161264	3.73267e-07
genome	13	928	3137161264	2.95809e-07
genome	14	686	3137161264	2.18669e-07
genome	15	648	3137161264	2.06556e-07
genome	16	452	3137161264	1.44079e-07
genome	17	435	3137161264	1.3866e-07
genome	18	332	3137161264	1.05828e-07
genome	19	459	3137161264	1.46311e-07
genome	20	445	3137161264	1.41848e-07
genome	21	342	3137161264	1.09016e-07
genome	22	324	3137161264	1.03278e-07
genome	23	283	3137161264	9.02089e-08
genome	24	197	3137161264	6.27956e-08
genome	25	202	3137161264	6.43894e-08
genome	26	153	3137161264	4.87702e-08
genome	27	166	3137161264	5.29141e-08
genome	28	130	3137161264	4.14387e-08
genome	29	88	3137161264	2.80508e-08
genome	30	83	3137161264	2.6457e-08
genome	31	63	3137161264	2.00818e-08
genome	32	84	3137161264	2.67758e-08
genome	33	67	3137161264	2.13569e-08
genome	34	82	3137161264	2.61383e-08
genome	35	48	3137161264	1.53005e-08
genome	36	59	3137161264	1.88068e-08
genome	37	62	3137161264	1.97631e-08
genome	38	36	3137161264	1.14753e-08
genome	39	32	3137161264	1.02003e-08
genome	40	32	3137161264	1.02003e-08
genome	41	43	3137161264	1.37067e-08
genome	42	31	3137161264	9.88155e-09
genome	43	19	3137161264	6.05643e-09
genome	44	12	3137161264	3.82511e-09
genome	45	11	3137161264	3.50635e-09
genome	46	15	3137161264	4.78139e-09
genome	47	12	3137161264	3.82511e-09
genome	48	7	3137161264	2.23132e-09
genome	49	15	3137161264	4.78139e-09
genome	50	10	3137161264	3.1876e-09
genome	51	6	3137161264	1.91256e-09
genome	52	9	3137161264	2.86884e-09
genome	53	16	3137161264	5.10015e-09
genome	54	6	3137161264	1.91256e-09
genome	55	2	3137161264	6.37519e-10
genome	56	6	3137161264	1.91256e-09
genome	57	7	3137161264	2.23132e-09
genome	58	5	3137161264	1.5938e-09
genome	59	4	3137161264	1.27504e-09
genome	60	1	3137161264	3.1876e-10
