chrM	0	16471	16571	0.993965
chrM	1	100	16571	0.00603464
chr1	0	244791393	249250621	0.982109
chr1	1	4400971	249250621	0.0176568
chr1	2	55490	249250621	0.000222627
chr1	3	1175	249250621	4.71413e-06
chr1	4	259	249250621	1.03911e-06
chr1	5	119	249250621	4.77431e-07
chr1	6	48	249250621	1.92577e-07
chr1	7	14	249250621	5.61684e-08
chr1	8	18	249250621	7.22165e-08
chr1	9	13	249250621	5.21563e-08
chr1	10	24	249250621	9.62886e-08
chr1	11	10	249250621	4.01203e-08
chr1	12	21	249250621	8.42525e-08
chr1	13	25	249250621	1.00301e-07
chr1	14	31	249250621	1.24373e-07
chr1	15	30	249250621	1.20361e-07
chr1	16	32	249250621	1.28385e-07
chr1	17	39	249250621	1.56469e-07
chr1	18	34	249250621	1.36409e-07
chr1	19	47	249250621	1.88565e-07
chr1	20	23	249250621	9.22766e-08
chr1	21	19	249250621	7.62285e-08
chr1	22	21	249250621	8.42525e-08
chr1	23	28	249250621	1.12337e-07
chr1	24	22	249250621	8.82646e-08
chr1	25	28	249250621	1.12337e-07
chr1	26	39	249250621	1.56469e-07
chr1	27	39	249250621	1.56469e-07
chr1	28	35	249250621	1.40421e-07
chr1	29	29	249250621	1.16349e-07
chr1	30	24	249250621	9.62886e-08
chr1	31	14	249250621	5.61684e-08
chr1	32	46	249250621	1.84553e-07
chr1	33	18	249250621	7.22165e-08
chr1	34	25	249250621	1.00301e-07
chr1	35	30	249250621	1.20361e-07
chr1	36	40	249250621	1.60481e-07
chr1	37	27	249250621	1.08325e-07
chr1	38	17	249250621	6.82044e-08
chr1	39	10	249250621	4.01203e-08
chr1	40	17	249250621	6.82044e-08
chr1	41	16	249250621	6.41924e-08
chr1	42	28	249250621	1.12337e-07
chr1	43	12	249250621	4.81443e-08
chr1	44	14	249250621	5.61684e-08
chr1	45	16	249250621	6.41924e-08
chr1	46	12	249250621	4.81443e-08
chr1	47	13	249250621	5.21563e-08
chr1	48	13	249250621	5.21563e-08
chr1	49	19	249250621	7.62285e-08
chr1	50	15	249250621	6.01804e-08
chr1	51	22	249250621	8.82646e-08
chr1	52	24	249250621	9.62886e-08
chr1	53	17	249250621	6.82044e-08
chr1	54	18	249250621	7.22165e-08
chr1	55	9	249250621	3.61082e-08
chr1	56	7	249250621	2.80842e-08
chr1	57	13	249250621	5.21563e-08
chr1	58	5	249250621	2.00601e-08
chr1	59	4	249250621	1.60481e-08
chr2	0	239822407	243199373	0.986114
chr2	1	3337658	243199373	0.013724
chr2	2	29841	243199373	0.000122702
chr2	3	4282	243199373	1.7607e-05
chr2	4	1941	243199373	7.98111e-06
chr2	5	1269	243199373	5.21794e-06
chr2	6	795	243199373	3.26892e-06
chr2	7	372	243199373	1.52961e-06
chr2	8	226	243199373	9.29279e-07
chr2	9	174	243199373	7.15462e-07
chr2	10	83	243199373	3.41284e-07
chr2	11	62	243199373	2.54935e-07
chr2	12	85	243199373	3.49507e-07
chr2	13	72	243199373	2.96053e-07
chr2	14	57	243199373	2.34376e-07
chr2	15	16	243199373	6.57896e-08
chr2	16	2	243199373	8.22371e-09
chr2	17	8	243199373	3.28948e-08
chr2	18	4	243199373	1.64474e-08
chr2	19	19	243199373	7.81252e-08
chr3	0	195534934	198022430	0.987438
chr3	1	2472709	198022430	0.012487
chr3	2	14599	198022430	7.3724e-05
chr3	3	60	198022430	3.02996e-07
chr3	4	4	198022430	2.01997e-08
chr3	5	8	198022430	4.03995e-08
chr3	6	7	198022430	3.53495e-08
chr3	7	2	198022430	1.00999e-08
chr3	8	4	198022430	2.01997e-08
chr3	9	5	198022430	2.52497e-08
chr3	10	2	198022430	1.00999e-08
chr3	11	4	198022430	2.01997e-08
chr3	12	1	198022430	5.04993e-09
chr3	13	3	198022430	1.51498e-08
chr3	14	5	198022430	2.52497e-08
chr3	15	5	198022430	2.52497e-08
chr3	16	3	198022430	1.51498e-08
chr3	17	1	198022430	5.04993e-09
chr3	18	7	198022430	3.53495e-08
chr3	19	3	198022430	1.51498e-08
chr3	20	5	198022430	2.52497e-08
chr3	21	3	198022430	1.51498e-08
chr3	22	6	198022430	3.02996e-08
chr3	23	4	198022430	2.01997e-08
chr3	24	2	198022430	1.00999e-08
chr3	25	2	198022430	1.00999e-08
chr3	26	4	198022430	2.01997e-08
chr3	27	6	198022430	3.02996e-08
chr3	28	8	198022430	4.03995e-08
chr3	29	6	198022430	3.02996e-08
chr3	30	5	198022430	2.52497e-08
chr3	31	3	198022430	1.51498e-08
chr3	32	7	198022430	3.53495e-08
chr3	33	2	198022430	1.00999e-08
chr3	34	1	198022430	5.04993e-09
chr4	0	188279090	191154276	0.984959
chr4	1	2835371	191154276	0.0148329
chr4	2	32168	191154276	0.000168283
chr4	3	3610	191154276	1.88853e-05
chr4	4	1552	191154276	8.1191e-06
chr4	5	1023	191154276	5.3517e-06
chr4	6	575	191154276	3.00804e-06
chr4	7	309	191154276	1.6165e-06
chr4	8	172	191154276	8.99797e-07
chr4	9	103	191154276	5.38832e-07
chr4	10	70	191154276	3.66196e-07
chr4	11	67	191154276	3.50502e-07
chr4	12	34	191154276	1.77867e-07
chr4	13	29	191154276	1.5171e-07
chr4	14	27	191154276	1.41247e-07
chr4	15	50	191154276	2.61569e-07
chr4	16	18	191154276	9.41648e-08
chr4	17	8	191154276	4.1851e-08
chr5	0	178480204	180915260	0.98654
chr5	1	2407295	180915260	0.0133062
chr5	2	27478	180915260	0.000151883
chr5	3	283	180915260	1.56427e-06
chr6	0	168885640	171115067	0.986971
chr6	1	2210463	171115067	0.012918
chr6	2	14969	171115067	8.74791e-05
chr6	3	557	171115067	3.25512e-06
chr6	4	412	171115067	2.40774e-06
chr6	5	399	171115067	2.33176e-06
chr6	6	344	171115067	2.01034e-06
chr6	7	307	171115067	1.79411e-06
chr6	8	313	171115067	1.82918e-06
chr6	9	378	171115067	2.20904e-06
chr6	10	350	171115067	2.04541e-06
chr6	11	286	171115067	1.67139e-06
chr6	12	235	171115067	1.37334e-06
chr6	13	152	171115067	8.88291e-07
chr6	14	109	171115067	6.36998e-07
chr6	15	80	171115067	4.67522e-07
chr6	16	25	171115067	1.46101e-07
chr6	17	26	171115067	1.51945e-07
chr6	18	12	171115067	7.01282e-08
chr6	19	10	171115067	5.84402e-08
chr7	0	157458282	159138663	0.989441
chr7	1	1666547	159138663	0.0104723
chr7	2	10353	159138663	6.50565e-05
chr7	3	604	159138663	3.79543e-06
chr7	4	320	159138663	2.01083e-06
chr7	5	300	159138663	1.88515e-06
chr7	6	214	159138663	1.34474e-06
chr7	7	225	159138663	1.41386e-06
chr7	8	195	159138663	1.22535e-06
chr7	9	179	159138663	1.12481e-06
chr7	10	92	159138663	5.78112e-07
chr7	11	149	159138663	9.3629e-07
chr7	12	129	159138663	8.10614e-07
chr7	13	130	159138663	8.16898e-07
chr7	14	110	159138663	6.91221e-07
chr7	15	84	159138663	5.27842e-07
chr7	16	106	159138663	6.66086e-07
chr7	17	79	159138663	4.96422e-07
chr7	18	53	159138663	3.33043e-07
chr7	19	51	159138663	3.20475e-07
chr7	20	53	159138663	3.33043e-07
chr7	21	43	159138663	2.70205e-07
chr7	22	29	159138663	1.82231e-07
chr7	23	51	159138663	3.20475e-07
chr7	24	66	159138663	4.14733e-07
chr7	25	35	159138663	2.19934e-07
chr7	26	23	159138663	1.44528e-07
chr7	27	26	159138663	1.6338e-07
chr7	28	27	159138663	1.69663e-07
chr7	29	38	159138663	2.38785e-07
chr7	30	24	159138663	1.50812e-07
chr7	31	28	159138663	1.75947e-07
chr7	32	10	159138663	6.28383e-08
chr7	33	5	159138663	3.14191e-08
chr7	34	3	159138663	1.88515e-08
chr8	0	143639518	146364022	0.981385
chr8	1	2651613	146364022	0.0181166
chr8	2	64334	146364022	0.000439548
chr8	3	6171	146364022	4.2162e-05
chr8	4	1382	146364022	9.44221e-06
chr8	5	505	146364022	3.4503e-06
chr8	6	221	146364022	1.50993e-06
chr8	7	160	146364022	1.09316e-06
chr8	8	64	146364022	4.37266e-07
chr8	9	45	146364022	3.07453e-07
chr8	10	9	146364022	6.14905e-08
chr9	0	139588859	141213431	0.988496
chr9	1	1608551	141213431	0.0113909
chr9	2	14973	141213431	0.000106031
chr9	3	556	141213431	3.9373e-06
chr9	4	127	141213431	8.99348e-07
chr9	5	88	141213431	6.2317e-07
chr9	6	86	141213431	6.09007e-07
chr9	7	125	141213431	8.85185e-07
chr9	8	23	141213431	1.62874e-07
chr9	9	12	141213431	8.49778e-08
chr9	10	5	141213431	3.54074e-08
chr9	11	8	141213431	5.66518e-08
chr9	12	18	141213431	1.27467e-07
chr10	0	133746006	135534747	0.986802
chr10	1	1752401	135534747	0.0129295
chr10	2	22565	135534747	0.000166489
chr10	3	2866	135534747	2.11459e-05
chr10	4	1966	135534747	1.45055e-05
chr10	5	1158	135534747	8.54393e-06
chr10	6	1063	135534747	7.84301e-06
chr10	7	647	135534747	4.77368e-06
chr10	8	514	135534747	3.79239e-06
chr10	9	578	135534747	4.26459e-06
chr10	10	566	135534747	4.17605e-06
chr10	11	428	135534747	3.15786e-06
chr10	12	300	135534747	2.21345e-06
chr10	13	312	135534747	2.30199e-06
chr10	14	265	135534747	1.95522e-06
chr10	15	296	135534747	2.18394e-06
chr10	16	275	135534747	2.029e-06
chr10	17	330	135534747	2.4348e-06
chr10	18	220	135534747	1.6232e-06
chr10	19	198	135534747	1.46088e-06
chr10	20	182	135534747	1.34283e-06
chr10	21	177	135534747	1.30594e-06
chr10	22	146	135534747	1.07721e-06
chr10	23	170	135534747	1.25429e-06
chr10	24	112	135534747	8.26356e-07
chr10	25	99	135534747	7.3044e-07
chr10	26	126	135534747	9.29651e-07
chr10	27	129	135534747	9.51785e-07
chr10	28	83	135534747	6.12389e-07
chr10	29	63	135534747	4.64825e-07
chr10	30	55	135534747	4.058e-07
chr10	31	72	135534747	5.31229e-07
chr10	32	71	135534747	5.23851e-07
chr10	33	62	135534747	4.57447e-07
chr10	34	50	135534747	3.68909e-07
chr10	35	33	135534747	2.4348e-07
chr10	36	32	135534747	2.36102e-07
chr10	37	24	135534747	1.77076e-07
chr10	38	17	135534747	1.25429e-07
chr10	39	15	135534747	1.10673e-07
chr10	40	12	135534747	8.85382e-08
chr10	41	18	135534747	1.32807e-07
chr10	42	12	135534747	8.85382e-08
chr10	43	16	135534747	1.18051e-07
chr10	44	13	135534747	9.59164e-08
chr10	45	4	135534747	2.95127e-08
chr11	0	133590506	135006516	0.989512
chr11	1	1406796	135006516	0.0104202
chr11	2	8163	135006516	6.04637e-05
chr11	3	469	135006516	3.47391e-06
chr11	4	209	135006516	1.54807e-06
chr11	5	112	135006516	8.2959e-07
chr11	6	145	135006516	1.07402e-06
chr11	7	44	135006516	3.2591e-07
chr11	8	29	135006516	2.14804e-07
chr11	9	5	135006516	3.70352e-08
chr11	10	1	135006516	7.40705e-09
chr11	11	5	135006516	3.70352e-08
chr11	12	11	135006516	8.14776e-08
chr11	13	21	135006516	1.55548e-07
chr12	0	132420791	133851895	0.989308
chr12	1	1423222	133851895	0.0106328
chr12	2	7749	133851895	5.78923e-05
chr12	3	41	133851895	3.06309e-07
chr12	4	53	133851895	3.9596e-07
chr12	5	39	133851895	2.91367e-07
chr13	0	114138392	115169878	0.991044
chr13	1	1026381	115169878	0.00891189
chr13	2	5096	115169878	4.42477e-05
chr13	3	9	115169878	7.81454e-08
chr14	0	106290683	107349540	0.990136
chr14	1	1052614	107349540	0.00980548
chr14	2	6243	107349540	5.81558e-05
chr15	0	101676293	102531392	0.99166
chr15	1	849612	102531392	0.00828636
chr15	2	5423	102531392	5.28911e-05
chr15	3	64	102531392	6.24199e-07
chr16	0	89211995	90354753	0.987352
chr16	1	1107734	90354753	0.0122598
chr16	2	13793	90354753	0.000152654
chr16	3	5276	90354753	5.83921e-05
chr16	4	4473	90354753	4.95049e-05
chr16	5	3470	90354753	3.84042e-05
chr16	6	2815	90354753	3.1155e-05
chr16	7	2145	90354753	2.37398e-05
chr16	8	1371	90354753	1.51735e-05
chr16	9	773	90354753	8.55517e-06
chr16	10	355	90354753	3.92896e-06
chr16	11	230	90354753	2.54552e-06
chr16	12	135	90354753	1.49411e-06
chr16	13	64	90354753	7.08319e-07
chr16	14	57	90354753	6.30847e-07
chr16	15	38	90354753	4.20564e-07
chr16	16	13	90354753	1.43877e-07
chr16	17	16	90354753	1.7708e-07
chr17	0	80146801	81195210	0.987088
chr17	1	1038924	81195210	0.0127954
chr17	2	8771	81195210	0.000108024
chr17	3	500	81195210	6.158e-06
chr17	4	99	81195210	1.21928e-06
chr17	5	69	81195210	8.49804e-07
chr17	6	29	81195210	3.57164e-07
chr17	7	17	81195210	2.09372e-07
chr18	0	77031956	78077248	0.986612
chr18	1	1034375	78077248	0.0132481
chr18	2	9261	78077248	0.000118613
chr18	3	495	78077248	6.33988e-06
chr18	4	342	78077248	4.38028e-06
chr18	5	182	78077248	2.33102e-06
chr18	6	183	78077248	2.34383e-06
chr18	7	116	78077248	1.48571e-06
chr18	8	50	78077248	6.40391e-07
chr18	9	70	78077248	8.96548e-07
chr18	10	44	78077248	5.63544e-07
chr18	11	63	78077248	8.06893e-07
chr18	12	38	78077248	4.86698e-07
chr18	13	21	78077248	2.68964e-07
chr18	14	8	78077248	1.02463e-07
chr18	15	7	78077248	8.96548e-08
chr18	16	10	78077248	1.28078e-07
chr18	17	25	78077248	3.20196e-07
chr18	18	2	78077248	2.56157e-08
chr19	0	58569564	59128983	0.990539
chr19	1	551660	59128983	0.00932977
chr19	2	4916	59128983	8.31403e-05
chr19	3	620	59128983	1.04856e-05
chr19	4	320	59128983	5.4119e-06
chr19	5	277	59128983	4.68467e-06
chr19	6	214	59128983	3.61921e-06
chr19	7	220	59128983	3.72068e-06
chr19	8	213	59128983	3.60229e-06
chr19	9	167	59128983	2.82433e-06
chr19	10	114	59128983	1.92799e-06
chr19	11	82	59128983	1.3868e-06
chr19	12	93	59128983	1.57283e-06
chr19	13	54	59128983	9.13258e-07
chr19	14	74	59128983	1.2515e-06
chr19	15	28	59128983	4.73541e-07
chr19	16	53	59128983	8.96346e-07
chr19	17	22	59128983	3.72068e-07
chr19	18	18	59128983	3.04419e-07
chr19	19	25	59128983	4.22805e-07
chr19	20	76	59128983	1.28533e-06
chr19	21	15	59128983	2.53683e-07
chr19	22	10	59128983	1.69122e-07
chr19	23	10	59128983	1.69122e-07
chr19	24	6	59128983	1.01473e-07
chr19	25	2	59128983	3.38244e-08
chr19	26	4	59128983	6.76487e-08
chr19	27	3	59128983	5.07365e-08
chr19	28	6	59128983	1.01473e-07
chr19	29	11	59128983	1.86034e-07
chr19	30	6	59128983	1.01473e-07
chr19	31	17	59128983	2.87507e-07
chr19	32	24	59128983	4.05892e-07
chr19	33	10	59128983	1.69122e-07
chr19	34	16	59128983	2.70595e-07
chr19	35	5	59128983	8.45609e-08
chr19	36	10	59128983	1.69122e-07
chr19	37	8	59128983	1.35297e-07
chr19	38	6	59128983	1.01473e-07
chr19	39	4	59128983	6.76487e-08
chr20	0	62009298	63025520	0.983876
chr20	1	1007112	63025520	0.0159794
chr20	2	8783	63025520	0.000139356
chr20	3	144	63025520	2.28479e-06
chr20	4	27	63025520	4.28398e-07
chr20	5	40	63025520	6.34664e-07
chr20	6	53	63025520	8.40929e-07
chr20	7	40	63025520	6.34664e-07
chr20	8	23	63025520	3.64932e-07
chr21	0	47586450	48129895	0.988709
chr21	1	537594	48129895	0.0111696
chr21	2	5007	48129895	0.000104031
chr21	3	462	48129895	9.59902e-06
chr21	4	90	48129895	1.86994e-06
chr21	5	96	48129895	1.9946e-06
chr21	6	74	48129895	1.53751e-06
chr21	7	25	48129895	5.19428e-07
chr21	8	12	48129895	2.49325e-07
chr21	9	39	48129895	8.10307e-07
chr21	10	1	48129895	2.07771e-08
chr21	11	25	48129895	5.19428e-07
chr21	12	2	48129895	4.15542e-08
chr21	13	11	48129895	2.28548e-07
chr21	14	7	48129895	1.4544e-07
chr22	0	50742751	51304566	0.989049
chr22	1	557601	51304566	0.0108684
chr22	2	4150	51304566	8.08895e-05
chr22	3	8	51304566	1.55932e-07
chr22	4	2	51304566	3.89829e-08
chr22	5	2	51304566	3.89829e-08
chr22	6	1	51304566	1.94914e-08
chr22	7	2	51304566	3.89829e-08
chr22	8	1	51304566	1.94914e-08
chr22	9	2	51304566	3.89829e-08
chr22	10	2	51304566	3.89829e-08
chr22	11	2	51304566	3.89829e-08
chr22	12	1	51304566	1.94914e-08
chr22	13	17	51304566	3.31354e-07
chr22	14	24	51304566	4.67795e-07
chrX	0	154108132	155270560	0.992513
chrX	1	1153896	155270560	0.00743152
chrX	2	7348	155270560	4.73238e-05
chrX	3	762	155270560	4.90756e-06
chrX	4	288	155270560	1.85483e-06
chrX	5	84	155270560	5.40991e-07
chrX	6	50	155270560	3.22019e-07
chrY	0	59303242	59373566	0.998815
chrY	1	62324	59373566	0.00104969
chrY	2	5006	59373566	8.43136e-05
chrY	3	1631	59373566	2.74701e-05
chrY	4	685	59373566	1.15371e-05
chrY	5	286	59373566	4.81696e-06
chrY	6	124	59373566	2.08847e-06
chrY	7	49	59373566	8.25283e-07
chrY	8	79	59373566	1.33056e-06
chrY	9	23	59373566	3.87378e-07
chrY	10	11	59373566	1.85268e-07
chrY	11	15	59373566	2.52638e-07
chrY	12	28	59373566	4.7159e-07
chrY	13	37	59373566	6.23173e-07
chrY	14	7	59373566	1.17898e-07
chrY	15	19	59373566	3.20008e-07
chr1_gl000191_random	0	105933	106433	0.995302
chr1_gl000191_random	1	500	106433	0.00469779
chr1_gl000192_random	0	534674	547496	0.976581
chr1_gl000192_random	1	12744	547496	0.0232769
chr1_gl000192_random	2	78	547496	0.000142467
chr4_ctg9_hap1	0	585326	590426	0.991362
chr4_ctg9_hap1	1	5100	590426	0.00863783
chr4_gl000193_random	0	183277	189789	0.965688
chr4_gl000193_random	1	6424	189789	0.0338481
chr4_gl000193_random	2	88	189789	0.000463673
chr4_gl000194_random	0	178089	191469	0.930119
chr4_gl000194_random	1	12482	191469	0.0651907
chr4_gl000194_random	2	876	191469	0.00457515
chr4_gl000194_random	3	22	191469	0.000114901
chr6_apd_hap1	0	4617140	4622290	0.998886
chr6_apd_hap1	1	5150	4622290	0.00111417
chr6_cox_hap2	0	4782437	4795371	0.997303
chr6_cox_hap2	1	12918	4795371	0.00269385
chr6_cox_hap2	2	16	4795371	3.33655e-06
chr6_dbb_hap3	0	4596996	4610396	0.997093
chr6_dbb_hap3	1	13400	4610396	0.00290647
chr6_mann_hap4	0	4670993	4683263	0.99738
chr6_mann_hap4	1	12240	4683263	0.00261356
chr6_mann_hap4	2	30	4683263	6.40579e-06
chr6_mcf_hap5	0	4822726	4833398	0.997792
chr6_mcf_hap5	1	10644	4833398	0.00220218
chr6_mcf_hap5	2	28	4833398	5.79303e-06
chr6_qbl_hap6	0	4600979	4611984	0.997614
chr6_qbl_hap6	1	10960	4611984	0.00237642
chr6_qbl_hap6	2	45	4611984	9.75719e-06
chr6_ssto_hap7	0	4916377	4928567	0.997527
chr6_ssto_hap7	1	12180	4928567	0.00247131
chr6_ssto_hap7	2	10	4928567	2.02899e-06
chr7_gl000195_random	0	180996	182896	0.989612
chr7_gl000195_random	1	1900	182896	0.0103884
chr8_gl000196_random	0	38564	38914	0.991006
chr8_gl000196_random	1	350	38914	0.00899419
chr8_gl000197_random	0	36925	37175	0.993275
chr8_gl000197_random	1	250	37175	0.00672495
chr9_gl000198_random	0	86285	90085	0.957818
chr9_gl000198_random	1	3700	90085	0.0410723
chr9_gl000198_random	2	100	90085	0.00111006
chr9_gl000199_random	0	123652	169874	0.727904
chr9_gl000199_random	1	30630	169874	0.18031
chr9_gl000199_random	2	10036	169874	0.0590791
chr9_gl000199_random	3	3373	169874	0.0198559
chr9_gl000199_random	4	852	169874	0.00501548
chr9_gl000199_random	5	507	169874	0.00298456
chr9_gl000199_random	6	330	169874	0.00194262
chr9_gl000199_random	7	204	169874	0.00120089
chr9_gl000199_random	8	123	169874	0.000724066
chr9_gl000199_random	9	87	169874	0.000512144
chr9_gl000199_random	10	16	169874	9.41875e-05
chr9_gl000199_random	11	8	169874	4.70937e-05
chr9_gl000199_random	12	3	169874	1.76601e-05
chr9_gl000199_random	13	6	169874	3.53203e-05
chr9_gl000199_random	14	3	169874	1.76601e-05
chr9_gl000199_random	15	3	169874	1.76601e-05
chr9_gl000199_random	16	2	169874	1.17734e-05
chr9_gl000199_random	17	1	169874	5.88672e-06
chr9_gl000199_random	18	4	169874	2.35469e-05
chr9_gl000199_random	19	2	169874	1.17734e-05
chr9_gl000199_random	20	8	169874	4.70937e-05
chr9_gl000199_random	21	7	169874	4.1207e-05
chr9_gl000199_random	22	4	169874	2.35469e-05
chr9_gl000199_random	23	6	169874	3.53203e-05
chr9_gl000199_random	24	5	169874	2.94336e-05
chr9_gl000199_random	25	2	169874	1.17734e-05
chr9_gl000200_random	0	185385	187035	0.991178
chr9_gl000200_random	1	1650	187035	0.00882188
chr9_gl000201_random	0	35998	36148	0.99585
chr9_gl000201_random	1	150	36148	0.00414961
chr11_gl000202_random	0	39403	40103	0.982545
chr11_gl000202_random	1	700	40103	0.0174551
chr17_ctg5_hap1	0	1670550	1680828	0.993885
chr17_ctg5_hap1	1	10256	1680828	0.00610175
chr17_ctg5_hap1	2	22	1680828	1.30888e-05
chr17_gl000203_random	0	36624	37498	0.976692
chr17_gl000203_random	1	848	37498	0.0226145
chr17_gl000203_random	2	26	37498	0.00069337
chr17_gl000204_random	0	80060	81310	0.984627
chr17_gl000204_random	1	1250	81310	0.0153733
chr17_gl000205_random	0	172488	174588	0.987972
chr17_gl000205_random	1	2100	174588	0.0120283
chr17_gl000206_random	0	40701	41001	0.992683
chr17_gl000206_random	1	300	41001	0.00731689
chr18_gl000207_random	0	4212	4262	0.988268
chr18_gl000207_random	1	50	4262	0.0117316
chr19_gl000208_random	0	87117	92689	0.939885
chr19_gl000208_random	1	4927	92689	0.0531563
chr19_gl000208_random	2	575	92689	0.00620354
chr19_gl000208_random	3	57	92689	0.00061496
chr19_gl000208_random	4	13	92689	0.000140254
chr19_gl000209_random	0	158919	159169	0.998429
chr19_gl000209_random	1	250	159169	0.00157066
chr21_gl000210_random	0	27432	27682	0.990969
chr21_gl000210_random	1	250	27682	0.00903114
chrUn_gl000211	0	160880	166566	0.965863
chrUn_gl000211	1	5152	166566	0.0309307
chrUn_gl000211	2	504	166566	0.00302583
chrUn_gl000211	3	30	166566	0.000180109
chrUn_gl000212	0	184597	186858	0.9879
chrUn_gl000212	1	2222	186858	0.0118914
chrUn_gl000212	2	39	186858	0.000208715
chrUn_gl000213	0	162839	164239	0.991476
chrUn_gl000213	1	1400	164239	0.00852416
chrUn_gl000214	0	108693	137718	0.789243
chrUn_gl000214	1	19978	137718	0.145065
chrUn_gl000214	2	4950	137718	0.035943
chrUn_gl000214	3	2131	137718	0.0154736
chrUn_gl000214	4	1145	137718	0.00831409
chrUn_gl000214	5	548	137718	0.00397915
chrUn_gl000214	6	218	137718	0.00158294
chrUn_gl000214	7	39	137718	0.000283187
chrUn_gl000214	8	16	137718	0.000116179
chrUn_gl000215	0	170995	172545	0.991017
chrUn_gl000215	1	1550	172545	0.00898316
chrUn_gl000216	0	155618	172294	0.903212
chrUn_gl000216	1	11880	172294	0.0689519
chrUn_gl000216	2	2284	172294	0.0132564
chrUn_gl000216	3	1109	172294	0.00643667
chrUn_gl000216	4	620	172294	0.0035985
chrUn_gl000216	5	276	172294	0.00160191
chrUn_gl000216	6	263	172294	0.00152646
chrUn_gl000216	7	63	172294	0.000365654
chrUn_gl000216	8	100	172294	0.000580403
chrUn_gl000216	9	14	172294	8.12565e-05
chrUn_gl000216	10	11	172294	6.38444e-05
chrUn_gl000216	11	17	172294	9.86686e-05
chrUn_gl000216	12	8	172294	4.64323e-05
chrUn_gl000216	13	3	172294	1.74121e-05
chrUn_gl000216	14	4	172294	2.32161e-05
chrUn_gl000216	15	8	172294	4.64323e-05
chrUn_gl000216	16	12	172294	6.96484e-05
chrUn_gl000216	17	2	172294	1.16081e-05
chrUn_gl000216	18	2	172294	1.16081e-05
chrUn_gl000217	0	167458	172149	0.97275
chrUn_gl000217	1	4682	172149	0.0271974
chrUn_gl000217	2	9	172149	5.22803e-05
chrUn_gl000218	0	152955	161147	0.949164
chrUn_gl000218	1	7837	161147	0.0486326
chrUn_gl000218	2	352	161147	0.00218434
chrUn_gl000218	3	3	161147	1.86165e-05
chrUn_gl000219	0	174981	179198	0.976467
chrUn_gl000219	1	4134	179198	0.0230695
chrUn_gl000219	2	83	179198	0.000463175
chrUn_gl000220	0	141869	161802	0.876806
chrUn_gl000220	1	15552	161802	0.0961175
chrUn_gl000220	2	3618	161802	0.0223607
chrUn_gl000220	3	657	161802	0.00406052
chrUn_gl000220	4	89	161802	0.000550055
chrUn_gl000220	5	17	161802	0.000105067
chrUn_gl000221	0	148750	155397	0.957226
chrUn_gl000221	1	6394	155397	0.0411462
chrUn_gl000221	2	253	155397	0.00162809
chrUn_gl000222	0	184226	186861	0.985899
chrUn_gl000222	1	2520	186861	0.013486
chrUn_gl000222	2	115	186861	0.000615431
chrUn_gl000223	0	179905	180455	0.996952
chrUn_gl000223	1	550	180455	0.00304785
chrUn_gl000224	0	171598	179693	0.954951
chrUn_gl000224	1	6590	179693	0.0366737
chrUn_gl000224	2	1105	179693	0.00614938
chrUn_gl000224	3	277	179693	0.00154152
chrUn_gl000224	4	96	179693	0.000534245
chrUn_gl000224	5	27	179693	0.000150256
chrUn_gl000225	0	177172	211173	0.83899
chrUn_gl000225	1	23501	211173	0.111288
chrUn_gl000225	2	5876	211173	0.0278255
chrUn_gl000225	3	2188	211173	0.0103612
chrUn_gl000225	4	1144	211173	0.00541736
chrUn_gl000225	5	646	211173	0.0030591
chrUn_gl000225	6	272	211173	0.00128804
chrUn_gl000225	7	134	211173	0.000634551
chrUn_gl000225	8	72	211173	0.000340953
chrUn_gl000225	9	18	211173	8.52382e-05
chrUn_gl000225	10	44	211173	0.00020836
chrUn_gl000225	11	3	211173	1.42064e-05
chrUn_gl000225	12	18	211173	8.52382e-05
chrUn_gl000225	13	19	211173	8.99736e-05
chrUn_gl000225	14	10	211173	4.73545e-05
chrUn_gl000225	15	13	211173	6.15609e-05
chrUn_gl000225	17	2	211173	9.47091e-06
chrUn_gl000225	18	2	211173	9.47091e-06
chrUn_gl000225	19	4	211173	1.89418e-05
chrUn_gl000225	20	5	211173	2.36773e-05
chrUn_gl000225	21	8	211173	3.78836e-05
chrUn_gl000225	22	22	211173	0.00010418
chrUn_gl000226	0	749	15008	0.0499067
chrUn_gl000226	1	1117	15008	0.074427
chrUn_gl000226	2	1265	15008	0.0842884
chrUn_gl000226	3	1586	15008	0.105677
chrUn_gl000226	4	1921	15008	0.127998
chrUn_gl000226	5	1748	15008	0.116471
chrUn_gl000226	6	1434	15008	0.095549
chrUn_gl000226	7	1352	15008	0.0900853
chrUn_gl000226	8	1053	15008	0.0701626
chrUn_gl000226	9	834	15008	0.0555704
chrUn_gl000226	10	568	15008	0.0378465
chrUn_gl000226	11	458	15008	0.0305171
chrUn_gl000226	12	339	15008	0.022588
chrUn_gl000226	13	216	15008	0.0143923
chrUn_gl000226	14	131	15008	0.00872868
chrUn_gl000226	15	91	15008	0.00606343
chrUn_gl000226	16	67	15008	0.00446429
chrUn_gl000226	17	29	15008	0.0019323
chrUn_gl000226	18	12	15008	0.000799574
chrUn_gl000226	19	16	15008	0.0010661
chrUn_gl000226	20	17	15008	0.00113273
chrUn_gl000226	21	5	15008	0.000333156
chrUn_gl000227	0	126408	128374	0.984685
chrUn_gl000227	1	1932	128374	0.0150498
chrUn_gl000227	2	34	128374	0.000264851
chrUn_gl000228	0	124846	129120	0.966899
chrUn_gl000228	1	3230	129120	0.0250155
chrUn_gl000228	2	364	129120	0.00281908
chrUn_gl000228	3	284	129120	0.0021995
chrUn_gl000228	4	116	129120	0.000898389
chrUn_gl000228	5	97	129120	0.000751239
chrUn_gl000228	6	29	129120	0.000224597
chrUn_gl000228	7	59	129120	0.000456939
chrUn_gl000228	8	45	129120	0.000348513
chrUn_gl000228	9	24	129120	0.000185874
chrUn_gl000228	10	11	129120	8.51921e-05
chrUn_gl000228	11	12	129120	9.29368e-05
chrUn_gl000228	12	3	129120	2.32342e-05
chrUn_gl000229	0	19135	19913	0.96093
chrUn_gl000229	1	756	19913	0.0379651
chrUn_gl000229	2	22	19913	0.00110481
chrUn_gl000230	0	42941	43691	0.982834
chrUn_gl000230	1	750	43691	0.017166
chrUn_gl000231	0	26286	27386	0.959834
chrUn_gl000231	1	1100	27386	0.0401665
chrUn_gl000232	0	38469	40652	0.9463
chrUn_gl000232	1	1916	40652	0.0471318
chrUn_gl000232	2	267	40652	0.00656794
chrUn_gl000233	0	44741	45941	0.97388
chrUn_gl000233	1	1200	45941	0.0261205
chrUn_gl000234	0	38841	40531	0.958304
chrUn_gl000234	1	1630	40531	0.0402161
chrUn_gl000234	2	60	40531	0.00148035
chrUn_gl000235	0	32043	34474	0.929483
chrUn_gl000235	1	2253	34474	0.0653536
chrUn_gl000235	2	137	34474	0.00397401
chrUn_gl000235	3	41	34474	0.0011893
chrUn_gl000236	0	41134	41934	0.980922
chrUn_gl000236	1	800	41934	0.0190776
chrUn_gl000237	0	44567	45867	0.971657
chrUn_gl000237	1	1300	45867	0.0283428
chrUn_gl000238	0	39498	39939	0.988958
chrUn_gl000238	1	432	39939	0.0108165
chrUn_gl000238	2	9	39939	0.000225344
chrUn_gl000239	0	33034	33824	0.976644
chrUn_gl000239	1	780	33824	0.0230605
chrUn_gl000239	2	10	33824	0.000295648
chrUn_gl000240	0	40188	41933	0.958386
chrUn_gl000240	1	1640	41933	0.03911
chrUn_gl000240	2	105	41933	0.00250399
chrUn_gl000241	0	39485	42152	0.936729
chrUn_gl000241	1	2484	42152	0.0589296
chrUn_gl000241	2	183	42152	0.00434143
chrUn_gl000242	0	43173	43523	0.991958
chrUn_gl000242	1	350	43523	0.00804173
chrUn_gl000243	0	41064	43341	0.947463
chrUn_gl000243	1	2254	43341	0.0520062
chrUn_gl000243	2	23	43341	0.000530675
chrUn_gl000244	0	39279	39929	0.983721
chrUn_gl000244	1	650	39929	0.0162789
chrUn_gl000245	0	34724	36651	0.947423
chrUn_gl000245	1	1854	36651	0.0505853
chrUn_gl000245	2	73	36651	0.00199176
chrUn_gl000246	0	37904	38154	0.993448
chrUn_gl000246	1	250	38154	0.00655239
chrUn_gl000247	0	34924	36422	0.958871
chrUn_gl000247	1	1448	36422	0.0397562
chrUn_gl000247	2	48	36422	0.00131788
chrUn_gl000247	3	2	36422	5.49119e-05
chrUn_gl000248	0	39386	39786	0.989946
chrUn_gl000248	1	400	39786	0.0100538
chrUn_gl000249	0	38002	38502	0.987014
chrUn_gl000249	1	500	38502	0.0129863
genome	0	3098153273	3137161264	0.987566
genome	1	38472795	3137161264	0.0122636
genome	2	420197	3137161264	0.000133942
genome	3	42405	3137161264	1.3517e-05
genome	4	20547	3137161264	6.54955e-06
genome	5	13392	3137161264	4.26883e-06
genome	6	9587	3137161264	3.05595e-06
genome	7	6670	3137161264	2.12613e-06
genome	8	4716	3137161264	1.50327e-06
genome	9	3543	3137161264	1.12936e-06
genome	10	2379	3137161264	7.58329e-07
genome	11	1934	3137161264	6.16481e-07
genome	12	1502	3137161264	4.78777e-07
genome	13	1192	3137161264	3.79961e-07
genome	14	929	3137161264	2.96128e-07
genome	15	768	3137161264	2.44807e-07
genome	16	618	3137161264	1.96993e-07
genome	17	588	3137161264	1.87431e-07
genome	18	370	3137161264	1.17941e-07
genome	19	375	3137161264	1.19535e-07
genome	20	369	3137161264	1.17622e-07
genome	21	277	3137161264	8.82964e-08
genome	22	238	3137161264	7.58648e-08
genome	23	269	3137161264	8.57463e-08
genome	24	213	3137161264	6.78958e-08
genome	25	168	3137161264	5.35516e-08
genome	26	196	3137161264	6.24769e-08
genome	27	203	3137161264	6.47082e-08
genome	28	159	3137161264	5.06828e-08
genome	29	147	3137161264	4.68577e-08
genome	30	114	3137161264	3.63386e-08
genome	31	134	3137161264	4.27138e-08
genome	32	158	3137161264	5.0364e-08
genome	33	97	3137161264	3.09197e-08
genome	34	95	3137161264	3.02822e-08
genome	35	68	3137161264	2.16756e-08
genome	36	82	3137161264	2.61383e-08
genome	37	59	3137161264	1.88068e-08
genome	38	40	3137161264	1.27504e-08
genome	39	29	3137161264	9.24403e-09
genome	40	29	3137161264	9.24403e-09
genome	41	34	3137161264	1.08378e-08
genome	42	40	3137161264	1.27504e-08
genome	43	28	3137161264	8.92527e-09
genome	44	27	3137161264	8.60651e-09
genome	45	20	3137161264	6.37519e-09
genome	46	12	3137161264	3.82511e-09
genome	47	13	3137161264	4.14387e-09
genome	48	13	3137161264	4.14387e-09
genome	49	19	3137161264	6.05643e-09
genome	50	15	3137161264	4.78139e-09
genome	51	22	3137161264	7.01271e-09
genome	52	24	3137161264	7.65023e-09
genome	53	17	3137161264	5.41891e-09
genome	54	18	3137161264	5.73767e-09
genome	55	9	3137161264	2.86884e-09
genome	56	7	3137161264	2.23132e-09
genome	57	13	3137161264	4.14387e-09
genome	58	5	3137161264	1.5938e-09
genome	59	4	3137161264	1.27504e-09
