chrM	0	15390	16571	0.928731
chrM	1	1162	16571	0.0701225
chrM	2	19	16571	0.00114658
chr1	0	244788057	249250621	0.982096
chr1	1	4410937	249250621	0.0176968
chr1	2	49132	249250621	0.000197119
chr1	3	948	249250621	3.8034e-06
chr1	4	250	249250621	1.00301e-06
chr1	5	75	249250621	3.00902e-07
chr1	6	17	249250621	6.82044e-08
chr1	7	22	249250621	8.82646e-08
chr1	8	34	249250621	1.36409e-07
chr1	9	26	249250621	1.04313e-07
chr1	10	34	249250621	1.36409e-07
chr1	11	10	249250621	4.01203e-08
chr1	12	21	249250621	8.42525e-08
chr1	13	14	249250621	5.61684e-08
chr1	14	31	249250621	1.24373e-07
chr1	15	28	249250621	1.12337e-07
chr1	16	21	249250621	8.42525e-08
chr1	17	29	249250621	1.16349e-07
chr1	18	23	249250621	9.22766e-08
chr1	19	47	249250621	1.88565e-07
chr1	20	26	249250621	1.04313e-07
chr1	21	61	249250621	2.44734e-07
chr1	22	45	249250621	1.80541e-07
chr1	23	33	249250621	1.32397e-07
chr1	24	50	249250621	2.00601e-07
chr1	25	30	249250621	1.20361e-07
chr1	26	40	249250621	1.60481e-07
chr1	27	26	249250621	1.04313e-07
chr1	28	31	249250621	1.24373e-07
chr1	29	43	249250621	1.72517e-07
chr1	30	24	249250621	9.62886e-08
chr1	31	11	249250621	4.41323e-08
chr1	32	26	249250621	1.04313e-07
chr1	33	26	249250621	1.04313e-07
chr1	34	17	249250621	6.82044e-08
chr1	35	24	249250621	9.62886e-08
chr1	36	22	249250621	8.82646e-08
chr1	37	12	249250621	4.81443e-08
chr1	38	23	249250621	9.22766e-08
chr1	39	16	249250621	6.41924e-08
chr1	40	8	249250621	3.20962e-08
chr1	41	20	249250621	8.02405e-08
chr1	42	21	249250621	8.42525e-08
chr1	43	13	249250621	5.21563e-08
chr1	44	11	249250621	4.41323e-08
chr1	45	9	249250621	3.61082e-08
chr1	46	12	249250621	4.81443e-08
chr1	47	6	249250621	2.40722e-08
chr1	48	6	249250621	2.40722e-08
chr1	49	26	249250621	1.04313e-07
chr1	50	23	249250621	9.22766e-08
chr1	51	16	249250621	6.41924e-08
chr1	52	7	249250621	2.80842e-08
chr1	53	14	249250621	5.61684e-08
chr1	54	18	249250621	7.22165e-08
chr1	55	12	249250621	4.81443e-08
chr1	56	22	249250621	8.82646e-08
chr1	57	13	249250621	5.21563e-08
chr1	58	11	249250621	4.41323e-08
chr1	59	7	249250621	2.80842e-08
chr1	60	4	249250621	1.60481e-08
chr2	0	239963049	243199373	0.986693
chr2	1	3198261	243199373	0.0131508
chr2	2	28776	243199373	0.000118323
chr2	3	3912	243199373	1.60856e-05
chr2	4	1934	243199373	7.95232e-06
chr2	5	1410	243199373	5.79771e-06
chr2	6	812	243199373	3.33882e-06
chr2	7	477	243199373	1.96135e-06
chr2	8	160	243199373	6.57896e-07
chr2	9	202	243199373	8.30594e-07
chr2	10	88	243199373	3.61843e-07
chr2	11	128	243199373	5.26317e-07
chr2	12	60	243199373	2.46711e-07
chr2	13	22	243199373	9.04608e-08
chr2	14	11	243199373	4.52304e-08
chr2	15	15	243199373	6.16778e-08
chr2	16	25	243199373	1.02796e-07
chr2	17	25	243199373	1.02796e-07
chr2	18	6	243199373	2.46711e-08
chr3	0	195516168	198022430	0.987343
chr3	1	2491108	198022430	0.0125799
chr3	2	14913	198022430	7.53096e-05
chr3	3	127	198022430	6.41342e-07
chr3	4	3	198022430	1.51498e-08
chr3	5	8	198022430	4.03995e-08
chr3	6	1	198022430	5.04993e-09
chr3	7	7	198022430	3.53495e-08
chr3	9	2	198022430	1.00999e-08
chr3	10	3	198022430	1.51498e-08
chr3	11	4	198022430	2.01997e-08
chr3	12	2	198022430	1.00999e-08
chr3	13	2	198022430	1.00999e-08
chr3	14	4	198022430	2.01997e-08
chr3	15	2	198022430	1.00999e-08
chr3	16	5	198022430	2.52497e-08
chr3	17	2	198022430	1.00999e-08
chr3	18	3	198022430	1.51498e-08
chr3	19	2	198022430	1.00999e-08
chr3	20	1	198022430	5.04993e-09
chr3	21	6	198022430	3.02996e-08
chr3	22	5	198022430	2.52497e-08
chr3	23	2	198022430	1.00999e-08
chr3	24	2	198022430	1.00999e-08
chr3	25	5	198022430	2.52497e-08
chr3	26	6	198022430	3.02996e-08
chr3	27	1	198022430	5.04993e-09
chr3	28	2	198022430	1.00999e-08
chr3	29	3	198022430	1.51498e-08
chr3	30	3	198022430	1.51498e-08
chr3	31	11	198022430	5.55493e-08
chr3	32	5	198022430	2.52497e-08
chr3	33	8	198022430	4.03995e-08
chr3	34	2	198022430	1.00999e-08
chr3	35	2	198022430	1.00999e-08
chr4	0	188238297	191154276	0.984746
chr4	1	2877765	191154276	0.0150547
chr4	2	30611	191154276	0.000160138
chr4	3	3502	191154276	1.83203e-05
chr4	4	1515	191154276	7.92554e-06
chr4	5	977	191154276	5.11106e-06
chr4	6	600	191154276	3.13883e-06
chr4	7	297	191154276	1.55372e-06
chr4	8	335	191154276	1.75251e-06
chr4	9	88	191154276	4.60361e-07
chr4	10	61	191154276	3.19114e-07
chr4	11	23	191154276	1.20322e-07
chr4	12	48	191154276	2.51106e-07
chr4	13	48	191154276	2.51106e-07
chr4	14	64	191154276	3.34808e-07
chr4	15	8	191154276	4.1851e-08
chr4	16	6	191154276	3.13883e-08
chr4	17	6	191154276	3.13883e-08
chr4	18	5	191154276	2.61569e-08
chr4	19	9	191154276	4.70824e-08
chr4	20	8	191154276	4.1851e-08
chr4	21	3	191154276	1.56941e-08
chr5	0	178480695	180915260	0.986543
chr5	1	2407382	180915260	0.0133067
chr5	2	26838	180915260	0.000148346
chr5	3	338	180915260	1.86828e-06
chr5	4	7	180915260	3.86921e-08
chr6	0	168875817	171115067	0.986914
chr6	1	2221354	171115067	0.0129816
chr6	2	13855	171115067	8.09689e-05
chr6	3	526	171115067	3.07395e-06
chr6	4	334	171115067	1.9519e-06
chr6	5	389	171115067	2.27332e-06
chr6	6	310	171115067	1.81165e-06
chr6	7	345	171115067	2.01619e-06
chr6	8	386	171115067	2.25579e-06
chr6	9	343	171115067	2.0045e-06
chr6	10	299	171115067	1.74736e-06
chr6	11	371	171115067	2.16813e-06
chr6	12	256	171115067	1.49607e-06
chr6	13	234	171115067	1.3675e-06
chr6	14	130	171115067	7.59723e-07
chr6	15	45	171115067	2.62981e-07
chr6	16	27	171115067	1.57789e-07
chr6	17	21	171115067	1.22724e-07
chr6	18	17	171115067	9.93483e-08
chr6	19	8	171115067	4.67522e-08
chr7	0	157435486	159138663	0.989298
chr7	1	1689875	159138663	0.0106189
chr7	2	9832	159138663	6.17826e-05
chr7	3	516	159138663	3.24246e-06
chr7	4	375	159138663	2.35644e-06
chr7	5	248	159138663	1.55839e-06
chr7	6	204	159138663	1.2819e-06
chr7	7	191	159138663	1.20021e-06
chr7	8	267	159138663	1.67778e-06
chr7	9	111	159138663	6.97505e-07
chr7	10	168	159138663	1.05568e-06
chr7	11	133	159138663	8.35749e-07
chr7	12	69	159138663	4.33584e-07
chr7	13	67	159138663	4.21016e-07
chr7	14	91	159138663	5.71828e-07
chr7	15	113	159138663	7.10073e-07
chr7	16	81	159138663	5.0899e-07
chr7	17	81	159138663	5.0899e-07
chr7	18	66	159138663	4.14733e-07
chr7	19	85	159138663	5.34125e-07
chr7	20	69	159138663	4.33584e-07
chr7	21	63	159138663	3.95881e-07
chr7	22	66	159138663	4.14733e-07
chr7	23	63	159138663	3.95881e-07
chr7	24	64	159138663	4.02165e-07
chr7	25	50	159138663	3.14191e-07
chr7	26	34	159138663	2.1365e-07
chr7	27	39	159138663	2.45069e-07
chr7	28	35	159138663	2.19934e-07
chr7	29	19	159138663	1.19393e-07
chr7	30	15	159138663	9.42574e-08
chr7	31	15	159138663	9.42574e-08
chr7	32	12	159138663	7.54059e-08
chr7	33	9	159138663	5.65545e-08
chr7	34	10	159138663	6.28383e-08
chr7	35	7	159138663	4.39868e-08
chr7	36	5	159138663	3.14191e-08
chr7	37	4	159138663	2.51353e-08
chr7	38	10	159138663	6.28383e-08
chr7	39	8	159138663	5.02706e-08
chr7	40	6	159138663	3.7703e-08
chr7	41	1	159138663	6.28383e-09
chr8	0	143624801	146364022	0.981285
chr8	1	2662504	146364022	0.018191
chr8	2	67208	146364022	0.000459184
chr8	3	7177	146364022	4.90353e-05
chr8	4	1328	146364022	9.07327e-06
chr8	5	533	146364022	3.64161e-06
chr8	6	249	146364022	1.70124e-06
chr8	7	75	146364022	5.12421e-07
chr8	8	47	146364022	3.21117e-07
chr8	9	73	146364022	4.98756e-07
chr8	10	27	146364022	1.84472e-07
chr9	0	139592943	141213431	0.988525
chr9	1	1605016	141213431	0.0113659
chr9	2	14562	141213431	0.000103121
chr9	3	474	141213431	3.35662e-06
chr9	4	156	141213431	1.10471e-06
chr9	5	80	141213431	5.66518e-07
chr9	6	92	141213431	6.51496e-07
chr9	7	22	141213431	1.55793e-07
chr9	8	21	141213431	1.48711e-07
chr9	9	25	141213431	1.77037e-07
chr9	10	5	141213431	3.54074e-08
chr9	11	5	141213431	3.54074e-08
chr9	12	30	141213431	2.12444e-07
chr10	0	133720064	135534747	0.986611
chr10	1	1780409	135534747	0.0131362
chr10	2	21069	135534747	0.000155451
chr10	3	2976	135534747	2.19575e-05
chr10	4	1745	135534747	1.28749e-05
chr10	5	1480	135534747	1.09197e-05
chr10	6	918	135534747	6.77317e-06
chr10	7	725	135534747	5.34918e-06
chr10	8	591	135534747	4.36051e-06
chr10	9	543	135534747	4.00635e-06
chr10	10	347	135534747	2.56023e-06
chr10	11	376	135534747	2.7742e-06
chr10	12	353	135534747	2.6045e-06
chr10	13	329	135534747	2.42742e-06
chr10	14	336	135534747	2.47907e-06
chr10	15	253	135534747	1.86668e-06
chr10	16	234	135534747	1.72649e-06
chr10	17	227	135534747	1.67485e-06
chr10	18	219	135534747	1.61582e-06
chr10	19	213	135534747	1.57155e-06
chr10	20	152	135534747	1.12148e-06
chr10	21	130	135534747	9.59164e-07
chr10	22	100	135534747	7.37818e-07
chr10	23	148	135534747	1.09197e-06
chr10	24	147	135534747	1.08459e-06
chr10	25	97	135534747	7.15684e-07
chr10	26	123	135534747	9.07516e-07
chr10	27	71	135534747	5.23851e-07
chr10	28	78	135534747	5.75498e-07
chr10	29	54	135534747	3.98422e-07
chr10	30	49	135534747	3.61531e-07
chr10	31	35	135534747	2.58236e-07
chr10	32	31	135534747	2.28724e-07
chr10	33	31	135534747	2.28724e-07
chr10	34	23	135534747	1.69698e-07
chr10	35	5	135534747	3.68909e-08
chr10	36	13	135534747	9.59164e-08
chr10	37	14	135534747	1.03295e-07
chr10	38	18	135534747	1.32807e-07
chr10	39	8	135534747	5.90255e-08
chr10	40	4	135534747	2.95127e-08
chr10	41	3	135534747	2.21345e-08
chr10	42	5	135534747	3.68909e-08
chr10	43	1	135534747	7.37818e-09
chr11	0	133573245	135006516	0.989384
chr11	1	1423457	135006516	0.0105436
chr11	2	8454	135006516	6.26192e-05
chr11	3	628	135006516	4.65163e-06
chr11	4	291	135006516	2.15545e-06
chr11	5	124	135006516	9.18474e-07
chr11	6	129	135006516	9.55509e-07
chr11	7	93	135006516	6.88856e-07
chr11	8	40	135006516	2.96282e-07
chr11	9	16	135006516	1.18513e-07
chr11	10	13	135006516	9.62917e-08
chr11	11	14	135006516	1.03699e-07
chr11	12	12	135006516	8.88846e-08
chr12	0	132431022	133851895	0.989385
chr12	1	1412369	133851895	0.0105517
chr12	2	8345	133851895	6.2345e-05
chr12	3	38	133851895	2.83896e-07
chr12	4	78	133851895	5.82734e-07
chr12	5	43	133851895	3.21251e-07
chr13	0	114134728	115169878	0.991012
chr13	1	1030900	115169878	0.00895112
chr13	2	4250	115169878	3.6902e-05
chr14	0	106293845	107349540	0.990166
chr14	1	1049120	107349540	0.00977293
chr14	2	6545	107349540	6.09691e-05
chr14	3	30	107349540	2.79461e-07
chr15	0	101650152	102531392	0.991405
chr15	1	874680	102531392	0.00853085
chr15	2	6510	102531392	6.34927e-05
chr15	3	50	102531392	4.87656e-07
chr16	0	89199580	90354753	0.987215
chr16	1	1118704	90354753	0.0123812
chr16	2	15162	90354753	0.000167805
chr16	3	5797	90354753	6.41582e-05
chr16	4	4533	90354753	5.01689e-05
chr16	5	3518	90354753	3.89354e-05
chr16	6	2555	90354753	2.82774e-05
chr16	7	1817	90354753	2.01096e-05
chr16	8	1160	90354753	1.28383e-05
chr16	9	680	90354753	7.52589e-06
chr16	10	485	90354753	5.36773e-06
chr16	11	395	90354753	4.37166e-06
chr16	12	142	90354753	1.57158e-06
chr16	13	98	90354753	1.08461e-06
chr16	14	58	90354753	6.41914e-07
chr16	15	45	90354753	4.98037e-07
chr16	16	8	90354753	8.85399e-08
chr16	17	16	90354753	1.7708e-07
chr17	0	80136823	81195210	0.986965
chr17	1	1049724	81195210	0.0129284
chr17	2	7954	81195210	9.79614e-05
chr17	3	507	81195210	6.24421e-06
chr17	4	72	81195210	8.86752e-07
chr17	5	57	81195210	7.02012e-07
chr17	6	29	81195210	3.57164e-07
chr17	7	16	81195210	1.97056e-07
chr17	8	14	81195210	1.72424e-07
chr17	9	14	81195210	1.72424e-07
chr18	0	77022713	78077248	0.986494
chr18	1	1043561	78077248	0.0133658
chr18	2	8852	78077248	0.000113375
chr18	3	864	78077248	1.1066e-05
chr18	4	349	78077248	4.46993e-06
chr18	5	260	78077248	3.33004e-06
chr18	6	150	78077248	1.92117e-06
chr18	7	180	78077248	2.30541e-06
chr18	8	99	78077248	1.26797e-06
chr18	9	42	78077248	5.37929e-07
chr18	10	36	78077248	4.61082e-07
chr18	11	23	78077248	2.9458e-07
chr18	12	23	78077248	2.9458e-07
chr18	13	36	78077248	4.61082e-07
chr18	14	27	78077248	3.45811e-07
chr18	15	8	78077248	1.02463e-07
chr18	16	6	78077248	7.6847e-08
chr18	17	1	78077248	1.28078e-08
chr18	18	5	78077248	6.40391e-08
chr18	19	1	78077248	1.28078e-08
chr18	20	12	78077248	1.53694e-07
chr19	0	58626958	59128983	0.99151
chr19	1	495651	59128983	0.00838254
chr19	2	3520	59128983	5.95309e-05
chr19	3	668	59128983	1.12973e-05
chr19	4	433	59128983	7.32297e-06
chr19	5	246	59128983	4.1604e-06
chr19	6	236	59128983	3.99127e-06
chr19	7	160	59128983	2.70595e-06
chr19	8	146	59128983	2.46918e-06
chr19	9	109	59128983	1.84343e-06
chr19	10	136	59128983	2.30006e-06
chr19	11	90	59128983	1.5221e-06
chr19	12	125	59128983	2.11402e-06
chr19	13	56	59128983	9.47082e-07
chr19	14	43	59128983	7.27224e-07
chr19	15	51	59128983	8.62521e-07
chr19	16	57	59128983	9.63994e-07
chr19	17	21	59128983	3.55156e-07
chr19	18	22	59128983	3.72068e-07
chr19	19	26	59128983	4.39717e-07
chr19	20	26	59128983	4.39717e-07
chr19	21	23	59128983	3.8898e-07
chr19	22	17	59128983	2.87507e-07
chr19	23	27	59128983	4.56629e-07
chr19	24	28	59128983	4.73541e-07
chr19	25	28	59128983	4.73541e-07
chr19	26	17	59128983	2.87507e-07
chr19	27	2	59128983	3.38244e-08
chr19	28	5	59128983	8.45609e-08
chr19	29	5	59128983	8.45609e-08
chr19	30	11	59128983	1.86034e-07
chr19	31	5	59128983	8.45609e-08
chr19	32	3	59128983	5.07365e-08
chr19	33	1	59128983	1.69122e-08
chr19	34	7	59128983	1.18385e-07
chr19	35	2	59128983	3.38244e-08
chr19	36	2	59128983	3.38244e-08
chr19	37	7	59128983	1.18385e-07
chr19	38	7	59128983	1.18385e-07
chr19	39	6	59128983	1.01473e-07
chr20	0	61999511	63025520	0.983721
chr20	1	1016098	63025520	0.016122
chr20	2	9492	63025520	0.000150606
chr20	3	182	63025520	2.88772e-06
chr20	4	57	63025520	9.04396e-07
chr20	5	75	63025520	1.18999e-06
chr20	6	66	63025520	1.04719e-06
chr20	7	39	63025520	6.18797e-07
chr21	0	47606548	48129895	0.989126
chr21	1	516025	48129895	0.0107215
chr21	2	6366	48129895	0.000132267
chr21	3	529	48129895	1.09911e-05
chr21	4	160	48129895	3.32434e-06
chr21	5	116	48129895	2.41014e-06
chr21	6	25	48129895	5.19428e-07
chr21	7	26	48129895	5.40205e-07
chr21	8	25	48129895	5.19428e-07
chr21	9	15	48129895	3.11657e-07
chr21	10	29	48129895	6.02536e-07
chr21	11	1	48129895	2.07771e-08
chr21	12	22	48129895	4.57096e-07
chr21	13	8	48129895	1.66217e-07
chr22	0	50726096	51304566	0.988725
chr22	1	573641	51304566	0.0111811
chr22	2	4678	51304566	9.1181e-05
chr22	3	88	51304566	1.71525e-06
chr22	4	2	51304566	3.89829e-08
chr22	5	2	51304566	3.89829e-08
chr22	6	3	51304566	5.84743e-08
chr22	7	3	51304566	5.84743e-08
chr22	9	2	51304566	3.89829e-08
chr22	10	1	51304566	1.94914e-08
chr22	11	1	51304566	1.94914e-08
chr22	12	2	51304566	3.89829e-08
chr22	14	3	51304566	5.84743e-08
chr22	15	3	51304566	5.84743e-08
chr22	16	2	51304566	3.89829e-08
chr22	17	2	51304566	3.89829e-08
chr22	18	8	51304566	1.55932e-07
chr22	19	8	51304566	1.55932e-07
chr22	20	21	51304566	4.0932e-07
chrX	0	154087568	155270560	0.992381
chrX	1	1173854	155270560	0.00756006
chrX	2	8184	155270560	5.2708e-05
chrX	3	821	155270560	5.28754e-06
chrX	4	60	155270560	3.86422e-07
chrX	5	63	155270560	4.05743e-07
chrX	6	10	155270560	6.44037e-08
chrY	0	59302095	59373566	0.998796
chrY	1	63985	59373566	0.00107767
chrY	2	4266	59373566	7.18502e-05
chrY	3	1696	59373566	2.85649e-05
chrY	4	766	59373566	1.29014e-05
chrY	5	324	59373566	5.45697e-06
chrY	6	226	59373566	3.80641e-06
chrY	7	127	59373566	2.139e-06
chrY	8	16	59373566	2.6948e-07
chrY	9	10	59373566	1.68425e-07
chrY	10	15	59373566	2.52638e-07
chrY	11	2	59373566	3.3685e-08
chrY	12	19	59373566	3.20008e-07
chrY	13	18	59373566	3.03165e-07
chrY	14	1	59373566	1.68425e-08
chr1_gl000191_random	0	105833	106433	0.994363
chr1_gl000191_random	1	600	106433	0.00563735
chr1_gl000192_random	0	535176	547496	0.977498
chr1_gl000192_random	1	12140	547496	0.0221737
chr1_gl000192_random	2	180	547496	0.00032877
chr4_ctg9_hap1	0	584836	590426	0.990532
chr4_ctg9_hap1	1	5580	590426	0.0094508
chr4_ctg9_hap1	2	10	590426	1.69369e-05
chr4_gl000193_random	0	183396	189789	0.966315
chr4_gl000193_random	1	6186	189789	0.0325941
chr4_gl000193_random	2	207	189789	0.00109068
chr4_gl000194_random	0	179673	191469	0.938392
chr4_gl000194_random	1	11478	191469	0.059947
chr4_gl000194_random	2	282	191469	0.00147282
chr4_gl000194_random	3	36	191469	0.00018802
chr6_apd_hap1	0	4616685	4622290	0.998787
chr6_apd_hap1	1	5560	4622290	0.00120287
chr6_apd_hap1	2	45	4622290	9.73543e-06
chr6_cox_hap2	0	4782401	4795371	0.997295
chr6_cox_hap2	1	12840	4795371	0.00267758
chr6_cox_hap2	2	130	4795371	2.71095e-05
chr6_dbb_hap3	0	4599146	4610396	0.99756
chr6_dbb_hap3	1	11250	4610396	0.00244014
chr6_mann_hap4	0	4671384	4683263	0.997464
chr6_mann_hap4	1	11858	4683263	0.002532
chr6_mann_hap4	2	21	4683263	4.48405e-06
chr6_mcf_hap5	0	4821198	4833398	0.997476
chr6_mcf_hap5	1	12200	4833398	0.0025241
chr6_qbl_hap6	0	4599775	4611984	0.997353
chr6_qbl_hap6	1	12168	4611984	0.00263834
chr6_qbl_hap6	2	41	4611984	8.88988e-06
chr6_ssto_hap7	0	4916201	4928567	0.997491
chr6_ssto_hap7	1	12232	4928567	0.00248186
chr6_ssto_hap7	2	134	4928567	2.71884e-05
chr7_gl000195_random	0	181596	182896	0.992892
chr7_gl000195_random	1	1300	182896	0.00710786
chr8_gl000196_random	0	38314	38914	0.984581
chr8_gl000196_random	1	600	38914	0.0154186
chr8_gl000197_random	0	37025	37175	0.995965
chr8_gl000197_random	1	150	37175	0.00403497
chr9_gl000198_random	0	86702	90085	0.962447
chr9_gl000198_random	1	3266	90085	0.0362546
chr9_gl000198_random	2	117	90085	0.00129877
chr9_gl000199_random	0	123637	169874	0.727816
chr9_gl000199_random	1	30104	169874	0.177214
chr9_gl000199_random	2	9792	169874	0.0576427
chr9_gl000199_random	3	3391	169874	0.0199619
chr9_gl000199_random	4	1350	169874	0.00794707
chr9_gl000199_random	5	700	169874	0.0041207
chr9_gl000199_random	6	416	169874	0.00244887
chr9_gl000199_random	7	195	169874	0.00114791
chr9_gl000199_random	8	163	169874	0.000959535
chr9_gl000199_random	9	73	169874	0.00042973
chr9_gl000199_random	10	11	169874	6.47539e-05
chr9_gl000199_random	11	7	169874	4.1207e-05
chr9_gl000199_random	12	1	169874	5.88672e-06
chr9_gl000199_random	13	6	169874	3.53203e-05
chr9_gl000199_random	14	4	169874	2.35469e-05
chr9_gl000199_random	15	12	169874	7.06406e-05
chr9_gl000199_random	16	4	169874	2.35469e-05
chr9_gl000199_random	17	4	169874	2.35469e-05
chr9_gl000199_random	18	4	169874	2.35469e-05
chr9_gl000200_random	0	185435	187035	0.991445
chr9_gl000200_random	1	1600	187035	0.00855455
chr9_gl000201_random	0	36048	36148	0.997234
chr9_gl000201_random	1	100	36148	0.0027664
chr11_gl000202_random	0	39903	40103	0.995013
chr11_gl000202_random	1	200	40103	0.00498716
chr17_ctg5_hap1	0	1669808	1680828	0.993444
chr17_ctg5_hap1	1	10990	1680828	0.00653844
chr17_ctg5_hap1	2	30	1680828	1.78483e-05
chr17_gl000203_random	0	37178	37498	0.991466
chr17_gl000203_random	1	290	37498	0.00773375
chr17_gl000203_random	2	30	37498	0.000800043
chr17_gl000204_random	0	79960	81310	0.983397
chr17_gl000204_random	1	1350	81310	0.0166031
chr17_gl000205_random	0	173038	174588	0.991122
chr17_gl000205_random	1	1550	174588	0.00887804
chr17_gl000206_random	0	40801	41001	0.995122
chr17_gl000206_random	1	200	41001	0.00487793
chr18_gl000207_random	0	4112	4262	0.964805
chr18_gl000207_random	1	150	4262	0.0351947
chr19_gl000208_random	0	87651	92689	0.945646
chr19_gl000208_random	1	4855	92689	0.0523795
chr19_gl000208_random	2	154	92689	0.00166147
chr19_gl000208_random	3	29	92689	0.000312874
chr19_gl000209_random	0	159019	159169	0.999058
chr19_gl000209_random	1	150	159169	0.000942395
chr21_gl000210_random	0	27482	27682	0.992775
chr21_gl000210_random	1	200	27682	0.00722491
chrUn_gl000211	0	160292	166566	0.962333
chrUn_gl000211	1	5793	166566	0.034779
chrUn_gl000211	2	436	166566	0.00261758
chrUn_gl000211	3	45	166566	0.000270163
chrUn_gl000212	0	184558	186858	0.987691
chrUn_gl000212	1	2300	186858	0.0123088
chrUn_gl000213	0	162486	164239	0.989327
chrUn_gl000213	1	1706	164239	0.0103873
chrUn_gl000213	2	47	164239	0.000286168
chrUn_gl000214	0	108071	137718	0.784727
chrUn_gl000214	1	20705	137718	0.150343
chrUn_gl000214	2	5320	137718	0.0386297
chrUn_gl000214	3	2073	137718	0.0150525
chrUn_gl000214	4	1067	137718	0.00774772
chrUn_gl000214	5	322	137718	0.00233811
chrUn_gl000214	6	125	137718	0.000907652
chrUn_gl000214	7	22	137718	0.000159747
chrUn_gl000214	8	13	137718	9.43958e-05
chrUn_gl000215	0	171314	172545	0.992866
chrUn_gl000215	1	1212	172545	0.00702425
chrUn_gl000215	2	19	172545	0.000110116
chrUn_gl000216	0	156012	172294	0.905499
chrUn_gl000216	1	11246	172294	0.0652722
chrUn_gl000216	2	2749	172294	0.0159553
chrUn_gl000216	3	1097	172294	0.00636702
chrUn_gl000216	4	472	172294	0.0027395
chrUn_gl000216	5	291	172294	0.00168897
chrUn_gl000216	6	222	172294	0.0012885
chrUn_gl000216	7	89	172294	0.000516559
chrUn_gl000216	8	62	172294	0.00035985
chrUn_gl000216	9	35	172294	0.000203141
chrUn_gl000216	10	9	172294	5.22363e-05
chrUn_gl000216	11	6	172294	3.48242e-05
chrUn_gl000216	12	2	172294	1.16081e-05
chrUn_gl000216	13	2	172294	1.16081e-05
chrUn_gl000217	0	168725	172149	0.98011
chrUn_gl000217	1	3298	172149	0.0191578
chrUn_gl000217	2	126	172149	0.000731924
chrUn_gl000218	0	153464	161147	0.952323
chrUn_gl000218	1	7267	161147	0.0450955
chrUn_gl000218	2	415	161147	0.00257529
chrUn_gl000218	3	1	161147	6.20551e-06
chrUn_gl000219	0	175833	179198	0.981222
chrUn_gl000219	1	3280	179198	0.0183038
chrUn_gl000219	2	85	179198	0.000474336
chrUn_gl000220	0	144609	161802	0.89374
chrUn_gl000220	1	13566	161802	0.0838432
chrUn_gl000220	2	3075	161802	0.0190047
chrUn_gl000220	3	437	161802	0.00270083
chrUn_gl000220	4	105	161802	0.000648941
chrUn_gl000220	5	7	161802	4.32628e-05
chrUn_gl000220	6	3	161802	1.85412e-05
chrUn_gl000221	0	147795	155397	0.95108
chrUn_gl000221	1	7454	155397	0.0479675
chrUn_gl000221	2	148	155397	0.000952399
chrUn_gl000222	0	184161	186861	0.985551
chrUn_gl000222	1	2700	186861	0.0144492
chrUn_gl000223	0	179105	180455	0.992519
chrUn_gl000223	1	1350	180455	0.00748109
chrUn_gl000224	0	172489	179693	0.959909
chrUn_gl000224	1	5805	179693	0.0323051
chrUn_gl000224	2	1015	179693	0.00564852
chrUn_gl000224	3	285	179693	0.00158604
chrUn_gl000224	4	85	179693	0.000473029
chrUn_gl000224	5	14	179693	7.79107e-05
chrUn_gl000225	0	181105	211173	0.857614
chrUn_gl000225	1	19874	211173	0.0941124
chrUn_gl000225	2	6070	211173	0.0287442
chrUn_gl000225	3	1842	211173	0.00872271
chrUn_gl000225	4	772	211173	0.00365577
chrUn_gl000225	5	495	211173	0.00234405
chrUn_gl000225	6	352	211173	0.00166688
chrUn_gl000225	7	250	211173	0.00118386
chrUn_gl000225	8	93	211173	0.000440397
chrUn_gl000225	9	90	211173	0.000426191
chrUn_gl000225	10	85	211173	0.000402514
chrUn_gl000225	11	29	211173	0.000137328
chrUn_gl000225	12	21	211173	9.94445e-05
chrUn_gl000225	13	22	211173	0.00010418
chrUn_gl000225	14	7	211173	3.31482e-05
chrUn_gl000225	15	8	211173	3.78836e-05
chrUn_gl000225	16	14	211173	6.62964e-05
chrUn_gl000225	17	6	211173	2.84127e-05
chrUn_gl000225	18	4	211173	1.89418e-05
chrUn_gl000225	19	2	211173	9.47091e-06
chrUn_gl000225	20	3	211173	1.42064e-05
chrUn_gl000225	21	3	211173	1.42064e-05
chrUn_gl000225	22	1	211173	4.73545e-06
chrUn_gl000225	23	25	211173	0.000118386
chrUn_gl000226	0	671	15008	0.0447095
chrUn_gl000226	1	1019	15008	0.0678971
chrUn_gl000226	2	1285	15008	0.085621
chrUn_gl000226	3	1321	15008	0.0880197
chrUn_gl000226	4	1698	15008	0.11314
chrUn_gl000226	5	1884	15008	0.125533
chrUn_gl000226	6	1815	15008	0.120935
chrUn_gl000226	7	1359	15008	0.0905517
chrUn_gl000226	8	1262	15008	0.0840885
chrUn_gl000226	9	842	15008	0.0561034
chrUn_gl000226	10	616	15008	0.0410448
chrUn_gl000226	11	459	15008	0.0305837
chrUn_gl000226	12	293	15008	0.0195229
chrUn_gl000226	13	181	15008	0.0120602
chrUn_gl000226	14	101	15008	0.00672974
chrUn_gl000226	15	59	15008	0.00393124
chrUn_gl000226	16	45	15008	0.0029984
chrUn_gl000226	17	21	15008	0.00139925
chrUn_gl000226	18	16	15008	0.0010661
chrUn_gl000226	19	9	15008	0.00059968
chrUn_gl000226	20	11	15008	0.000732942
chrUn_gl000226	21	16	15008	0.0010661
chrUn_gl000226	22	5	15008	0.000333156
chrUn_gl000226	23	8	15008	0.000533049
chrUn_gl000226	24	6	15008	0.000399787
chrUn_gl000226	25	4	15008	0.000266525
chrUn_gl000226	26	2	15008	0.000133262
chrUn_gl000227	0	126974	128374	0.989094
chrUn_gl000227	1	1400	128374	0.0109056
chrUn_gl000228	0	124743	129120	0.966101
chrUn_gl000228	1	3291	129120	0.0254879
chrUn_gl000228	2	461	129120	0.00357032
chrUn_gl000228	3	280	129120	0.00216853
chrUn_gl000228	4	132	129120	0.0010223
chrUn_gl000228	5	56	129120	0.000433705
chrUn_gl000228	6	57	129120	0.00044145
chrUn_gl000228	7	46	129120	0.000356258
chrUn_gl000228	8	17	129120	0.00013166
chrUn_gl000228	9	31	129120	0.000240087
chrUn_gl000228	10	6	129120	4.64684e-05
chrUn_gl000229	0	19163	19913	0.962336
chrUn_gl000229	1	750	19913	0.0376638
chrUn_gl000230	0	42891	43691	0.98169
chrUn_gl000230	1	800	43691	0.0183104
chrUn_gl000231	0	26186	27386	0.956182
chrUn_gl000231	1	1200	27386	0.043818
chrUn_gl000232	0	38290	40652	0.941897
chrUn_gl000232	1	2274	40652	0.0559382
chrUn_gl000232	2	88	40652	0.00216472
chrUn_gl000233	0	44641	45941	0.971703
chrUn_gl000233	1	1300	45941	0.0282972
chrUn_gl000234	0	38592	40531	0.95216
chrUn_gl000234	1	1928	40531	0.0475685
chrUn_gl000234	2	11	40531	0.000271397
chrUn_gl000235	0	31619	34474	0.917184
chrUn_gl000235	1	2611	34474	0.0757382
chrUn_gl000235	2	243	34474	0.00704879
chrUn_gl000235	3	1	34474	2.90074e-05
chrUn_gl000236	0	41634	41934	0.992846
chrUn_gl000236	1	300	41934	0.0071541
chrUn_gl000237	0	44917	45867	0.979288
chrUn_gl000237	1	950	45867	0.0207121
chrUn_gl000238	0	39539	39939	0.989985
chrUn_gl000238	1	400	39939	0.0100153
chrUn_gl000239	0	33135	33824	0.97963
chrUn_gl000239	1	678	33824	0.0200449
chrUn_gl000239	2	11	33824	0.000325213
chrUn_gl000240	0	40316	41933	0.961438
chrUn_gl000240	1	1534	41933	0.0365822
chrUn_gl000240	2	83	41933	0.00197935
chrUn_gl000241	0	39228	42152	0.930632
chrUn_gl000241	1	2848	42152	0.067565
chrUn_gl000241	2	76	42152	0.001803
chrUn_gl000242	0	42973	43523	0.987363
chrUn_gl000242	1	550	43523	0.012637
chrUn_gl000243	0	41152	43341	0.949494
chrUn_gl000243	1	1978	43341	0.0456381
chrUn_gl000243	2	211	43341	0.00486837
chrUn_gl000244	0	39629	39929	0.992487
chrUn_gl000244	1	300	39929	0.00751334
chrUn_gl000245	0	34382	36651	0.938092
chrUn_gl000245	1	2188	36651	0.0596982
chrUn_gl000245	2	81	36651	0.00221004
chrUn_gl000246	0	37704	38154	0.988206
chrUn_gl000246	1	450	38154	0.0117943
chrUn_gl000247	0	34686	36422	0.952336
chrUn_gl000247	1	1622	36422	0.0445335
chrUn_gl000247	2	114	36422	0.00312998
chrUn_gl000248	0	39536	39786	0.993716
chrUn_gl000248	1	250	39786	0.00628362
chrUn_gl000249	0	38252	38502	0.993507
chrUn_gl000249	1	250	38502	0.00649317
genome	0	3098135936	3137161264	0.98756
genome	1	38497116	3137161264	0.0122713
genome	2	412735	3137161264	0.000131563
genome	3	43232	3137161264	1.37806e-05
genome	4	20129	3137161264	6.41631e-06
genome	5	13797	3137161264	4.39793e-06
genome	6	9622	3137161264	3.0671e-06
genome	7	6583	3137161264	2.09839e-06
genome	8	4951	3137161264	1.57818e-06
genome	9	3372	3137161264	1.07486e-06
genome	10	2474	3137161264	7.88611e-07
genome	11	2077	3137161264	6.62064e-07
genome	12	1501	3137161264	4.78458e-07
genome	13	1143	3137161264	3.64342e-07
genome	14	911	3137161264	2.9039e-07
genome	15	650	3137161264	2.07194e-07
genome	16	535	3137161264	1.70536e-07
genome	17	462	3137161264	1.47267e-07
genome	18	398	3137161264	1.26866e-07
genome	19	410	3137161264	1.30691e-07
genome	20	329	3137161264	1.04872e-07
genome	21	305	3137161264	9.72217e-08
genome	22	239	3137161264	7.61835e-08
genome	23	306	3137161264	9.75404e-08
genome	24	297	3137161264	9.46716e-08
genome	25	214	3137161264	6.82145e-08
genome	26	222	3137161264	7.07646e-08
genome	27	139	3137161264	4.43076e-08
genome	28	151	3137161264	4.81327e-08
genome	29	124	3137161264	3.95262e-08
genome	30	102	3137161264	3.25135e-08
genome	31	77	3137161264	2.45445e-08
genome	32	77	3137161264	2.45445e-08
genome	33	75	3137161264	2.3907e-08
genome	34	59	3137161264	1.88068e-08
genome	35	40	3137161264	1.27504e-08
genome	36	42	3137161264	1.33879e-08
genome	37	37	3137161264	1.17941e-08
genome	38	58	3137161264	1.84881e-08
genome	39	38	3137161264	1.21129e-08
genome	40	18	3137161264	5.73767e-09
genome	41	24	3137161264	7.65023e-09
genome	42	26	3137161264	8.28775e-09
genome	43	14	3137161264	4.46263e-09
genome	44	11	3137161264	3.50635e-09
genome	45	9	3137161264	2.86884e-09
genome	46	12	3137161264	3.82511e-09
genome	47	6	3137161264	1.91256e-09
genome	48	6	3137161264	1.91256e-09
genome	49	26	3137161264	8.28775e-09
genome	50	23	3137161264	7.33147e-09
genome	51	16	3137161264	5.10015e-09
genome	52	7	3137161264	2.23132e-09
genome	53	14	3137161264	4.46263e-09
genome	54	18	3137161264	5.73767e-09
genome	55	12	3137161264	3.82511e-09
genome	56	22	3137161264	7.01271e-09
genome	57	13	3137161264	4.14387e-09
genome	58	11	3137161264	3.50635e-09
genome	59	7	3137161264	2.23132e-09
genome	60	4	3137161264	1.27504e-09
