chr1	0	245014014	249250621	0.983003
chr1	1	4188461	249250621	0.0168042
chr1	2	45034	249250621	0.000180678
chr1	3	1484	249250621	5.95385e-06
chr1	4	242	249250621	9.7091e-07
chr1	5	77	249250621	3.08926e-07
chr1	6	92	249250621	3.69106e-07
chr1	7	48	249250621	1.92577e-07
chr1	8	24	249250621	9.62886e-08
chr1	9	18	249250621	7.22165e-08
chr1	10	14	249250621	5.61684e-08
chr1	11	24	249250621	9.62886e-08
chr1	12	24	249250621	9.62886e-08
chr1	13	28	249250621	1.12337e-07
chr1	14	31	249250621	1.24373e-07
chr1	15	23	249250621	9.22766e-08
chr1	16	25	249250621	1.00301e-07
chr1	17	27	249250621	1.08325e-07
chr1	18	33	249250621	1.32397e-07
chr1	19	47	249250621	1.88565e-07
chr1	20	50	249250621	2.00601e-07
chr1	21	32	249250621	1.28385e-07
chr1	22	24	249250621	9.62886e-08
chr1	23	16	249250621	6.41924e-08
chr1	24	25	249250621	1.00301e-07
chr1	25	21	249250621	8.42525e-08
chr1	26	34	249250621	1.36409e-07
chr1	27	29	249250621	1.16349e-07
chr1	28	27	249250621	1.08325e-07
chr1	29	23	249250621	9.22766e-08
chr1	30	30	249250621	1.20361e-07
chr1	31	19	249250621	7.62285e-08
chr1	32	29	249250621	1.16349e-07
chr1	33	22	249250621	8.82646e-08
chr1	34	29	249250621	1.16349e-07
chr1	35	29	249250621	1.16349e-07
chr1	36	22	249250621	8.82646e-08
chr1	37	30	249250621	1.20361e-07
chr1	38	38	249250621	1.52457e-07
chr1	39	34	249250621	1.36409e-07
chr1	40	33	249250621	1.32397e-07
chr1	41	20	249250621	8.02405e-08
chr1	42	21	249250621	8.42525e-08
chr1	43	16	249250621	6.41924e-08
chr1	44	12	249250621	4.81443e-08
chr1	45	25	249250621	1.00301e-07
chr1	46	23	249250621	9.22766e-08
chr1	47	14	249250621	5.61684e-08
chr1	48	13	249250621	5.21563e-08
chr1	49	9	249250621	3.61082e-08
chr1	50	5	249250621	2.00601e-08
chr1	51	4	249250621	1.60481e-08
chr1	52	4	249250621	1.60481e-08
chr1	53	4	249250621	1.60481e-08
chr1	54	5	249250621	2.00601e-08
chr1	55	9	249250621	3.61082e-08
chr1	56	8	249250621	3.20962e-08
chr1	57	9	249250621	3.61082e-08
chr1	58	4	249250621	1.60481e-08
chr1	59	7	249250621	2.80842e-08
chr1	60	8	249250621	3.20962e-08
chr1	61	13	249250621	5.21563e-08
chr1	62	9	249250621	3.61082e-08
chr1	63	8	249250621	3.20962e-08
chr1	64	5	249250621	2.00601e-08
chr2	0	239941822	243199373	0.986605
chr2	1	3220544	243199373	0.0132424
chr2	2	27866	243199373	0.000114581
chr2	3	3121	243199373	1.28331e-05
chr2	4	2229	243199373	9.16532e-06
chr2	5	1565	243199373	6.43505e-06
chr2	6	882	243199373	3.62665e-06
chr2	7	415	243199373	1.70642e-06
chr2	8	295	243199373	1.213e-06
chr2	9	185	243199373	7.60693e-07
chr2	10	129	243199373	5.30429e-07
chr2	11	82	243199373	3.37172e-07
chr2	12	134	243199373	5.50988e-07
chr2	13	20	243199373	8.22371e-08
chr2	14	17	243199373	6.99015e-08
chr2	15	27	243199373	1.1102e-07
chr2	16	1	243199373	4.11185e-09
chr2	17	3	243199373	1.23356e-08
chr2	18	5	243199373	2.05593e-08
chr2	19	2	243199373	8.22371e-09
chr2	20	6	243199373	2.46711e-08
chr2	21	4	243199373	1.64474e-08
chr2	22	2	243199373	8.22371e-09
chr2	23	6	243199373	2.46711e-08
chr2	24	11	243199373	4.52304e-08
chr3	0	195480185	198022430	0.987162
chr3	1	2526588	198022430	0.0127591
chr3	2	15373	198022430	7.76326e-05
chr3	3	127	198022430	6.41342e-07
chr3	4	14	198022430	7.06991e-08
chr3	5	41	198022430	2.07047e-07
chr3	6	3	198022430	1.51498e-08
chr3	7	3	198022430	1.51498e-08
chr3	8	2	198022430	1.00999e-08
chr3	9	3	198022430	1.51498e-08
chr3	10	6	198022430	3.02996e-08
chr3	11	2	198022430	1.00999e-08
chr3	12	3	198022430	1.51498e-08
chr3	13	2	198022430	1.00999e-08
chr3	14	3	198022430	1.51498e-08
chr3	15	4	198022430	2.01997e-08
chr3	16	3	198022430	1.51498e-08
chr3	17	4	198022430	2.01997e-08
chr3	18	2	198022430	1.00999e-08
chr3	19	2	198022430	1.00999e-08
chr3	20	4	198022430	2.01997e-08
chr3	21	1	198022430	5.04993e-09
chr3	22	2	198022430	1.00999e-08
chr3	23	3	198022430	1.51498e-08
chr3	24	3	198022430	1.51498e-08
chr3	25	2	198022430	1.00999e-08
chr3	26	1	198022430	5.04993e-09
chr3	27	4	198022430	2.01997e-08
chr3	28	2	198022430	1.00999e-08
chr3	29	3	198022430	1.51498e-08
chr3	30	4	198022430	2.01997e-08
chr3	31	3	198022430	1.51498e-08
chr3	32	1	198022430	5.04993e-09
chr3	33	4	198022430	2.01997e-08
chr3	34	3	198022430	1.51498e-08
chr3	35	10	198022430	5.04993e-08
chr3	36	6	198022430	3.02996e-08
chr3	37	4	198022430	2.01997e-08
chr4	0	188227698	191154276	0.98469
chr4	1	2886763	191154276	0.0151017
chr4	2	31178	191154276	0.000163104
chr4	3	3890	191154276	2.03501e-05
chr4	4	1892	191154276	9.89776e-06
chr4	5	1085	191154276	5.67604e-06
chr4	6	580	191154276	3.0342e-06
chr4	7	489	191154276	2.55814e-06
chr4	8	273	191154276	1.42817e-06
chr4	9	190	191154276	9.93962e-07
chr4	10	73	191154276	3.8189e-07
chr4	11	49	191154276	2.56337e-07
chr4	12	19	191154276	9.93962e-08
chr4	13	22	191154276	1.1509e-07
chr4	14	37	191154276	1.93561e-07
chr4	15	38	191154276	1.98792e-07
chr5	0	178429166	180915260	0.986258
chr5	1	2458313	180915260	0.0135882
chr5	2	27240	180915260	0.000150568
chr5	3	433	180915260	2.39339e-06
chr5	4	32	180915260	1.76878e-07
chr5	5	76	180915260	4.20086e-07
chr6	0	168843992	171115067	0.986728
chr6	1	2254106	171115067	0.013173
chr6	2	13077	171115067	7.64223e-05
chr6	3	393	171115067	2.2967e-06
chr6	4	446	171115067	2.60643e-06
chr6	5	410	171115067	2.39605e-06
chr6	6	329	171115067	1.92268e-06
chr6	7	369	171115067	2.15644e-06
chr6	8	407	171115067	2.37852e-06
chr6	9	351	171115067	2.05125e-06
chr6	10	345	171115067	2.01619e-06
chr6	11	315	171115067	1.84087e-06
chr6	12	223	171115067	1.30322e-06
chr6	13	146	171115067	8.53227e-07
chr6	14	87	171115067	5.0843e-07
chr6	15	43	171115067	2.51293e-07
chr6	16	24	171115067	1.40256e-07
chr6	17	3	171115067	1.75321e-08
chr6	18	1	171115067	5.84402e-09
chr7	0	157425682	159138663	0.989236
chr7	1	1699472	159138663	0.0106792
chr7	2	9840	159138663	6.18329e-05
chr7	3	601	159138663	3.77658e-06
chr7	4	380	159138663	2.38785e-06
chr7	5	291	159138663	1.82859e-06
chr7	6	304	159138663	1.91028e-06
chr7	7	147	159138663	9.23723e-07
chr7	8	149	159138663	9.3629e-07
chr7	9	131	159138663	8.23181e-07
chr7	10	173	159138663	1.0871e-06
chr7	11	141	159138663	8.8602e-07
chr7	12	159	159138663	9.99129e-07
chr7	13	126	159138663	7.91762e-07
chr7	14	85	159138663	5.34125e-07
chr7	15	81	159138663	5.0899e-07
chr7	16	96	159138663	6.03248e-07
chr7	17	75	159138663	4.71287e-07
chr7	18	76	159138663	4.77571e-07
chr7	19	79	159138663	4.96422e-07
chr7	20	61	159138663	3.83314e-07
chr7	21	60	159138663	3.7703e-07
chr7	22	58	159138663	3.64462e-07
chr7	23	42	159138663	2.63921e-07
chr7	24	58	159138663	3.64462e-07
chr7	25	53	159138663	3.33043e-07
chr7	26	26	159138663	1.6338e-07
chr7	27	23	159138663	1.44528e-07
chr7	28	18	159138663	1.13109e-07
chr7	29	22	159138663	1.38244e-07
chr7	30	19	159138663	1.19393e-07
chr7	31	21	159138663	1.3196e-07
chr7	32	19	159138663	1.19393e-07
chr7	33	11	159138663	6.91221e-08
chr7	34	13	159138663	8.16898e-08
chr7	35	18	159138663	1.13109e-07
chr7	36	14	159138663	8.79736e-08
chr7	37	11	159138663	6.91221e-08
chr7	38	15	159138663	9.42574e-08
chr7	39	10	159138663	6.28383e-08
chr7	40	2	159138663	1.25677e-08
chr7	41	1	159138663	6.28383e-09
chr8	0	143557144	146364022	0.980823
chr8	1	2720921	146364022	0.0185901
chr8	2	74044	146364022	0.000505889
chr8	3	8970	146364022	6.12856e-05
chr8	4	1707	146364022	1.16627e-05
chr8	5	662	146364022	4.52297e-06
chr8	6	252	146364022	1.72173e-06
chr8	7	128	146364022	8.74532e-07
chr8	8	25	146364022	1.70807e-07
chr8	9	62	146364022	4.23601e-07
chr8	10	22	146364022	1.5031e-07
chr8	11	63	146364022	4.30434e-07
chr8	12	22	146364022	1.5031e-07
chr9	0	139535709	141213431	0.988119
chr9	1	1660583	141213431	0.0117594
chr9	2	16198	141213431	0.000114706
chr9	3	369	141213431	2.61307e-06
chr9	4	133	141213431	9.41837e-07
chr9	5	121	141213431	8.56859e-07
chr9	6	142	141213431	1.00557e-06
chr9	7	58	141213431	4.10726e-07
chr9	8	72	141213431	5.09867e-07
chr9	9	30	141213431	2.12444e-07
chr9	10	3	141213431	2.12444e-08
chr9	11	13	141213431	9.20592e-08
chr10	0	133704748	135534747	0.986498
chr10	1	1794564	135534747	0.0132406
chr10	2	21768	135534747	0.000160608
chr10	3	2756	135534747	2.03343e-05
chr10	4	1888	135534747	1.393e-05
chr10	5	1296	135534747	9.56212e-06
chr10	6	917	135534747	6.76579e-06
chr10	7	870	135534747	6.41902e-06
chr10	8	867	135534747	6.39688e-06
chr10	9	566	135534747	4.17605e-06
chr10	10	513	135534747	3.78501e-06
chr10	11	392	135534747	2.89225e-06
chr10	12	335	135534747	2.47169e-06
chr10	13	340	135534747	2.50858e-06
chr10	14	261	135534747	1.92571e-06
chr10	15	236	135534747	1.74125e-06
chr10	16	224	135534747	1.65271e-06
chr10	17	218	135534747	1.60844e-06
chr10	18	208	135534747	1.53466e-06
chr10	19	149	135534747	1.09935e-06
chr10	20	127	135534747	9.37029e-07
chr10	21	192	135534747	1.41661e-06
chr10	22	168	135534747	1.23953e-06
chr10	23	157	135534747	1.15837e-06
chr10	24	154	135534747	1.13624e-06
chr10	25	123	135534747	9.07516e-07
chr10	26	98	135534747	7.23062e-07
chr10	27	84	135534747	6.19767e-07
chr10	28	79	135534747	5.82876e-07
chr10	29	68	135534747	5.01716e-07
chr10	30	38	135534747	2.80371e-07
chr10	31	23	135534747	1.69698e-07
chr10	32	38	135534747	2.80371e-07
chr10	33	30	135534747	2.21345e-07
chr10	34	19	135534747	1.40185e-07
chr10	35	18	135534747	1.32807e-07
chr10	36	23	135534747	1.69698e-07
chr10	37	23	135534747	1.69698e-07
chr10	38	28	135534747	2.06589e-07
chr10	39	25	135534747	1.84455e-07
chr10	40	21	135534747	1.54942e-07
chr10	41	37	135534747	2.72993e-07
chr10	42	11	135534747	8.116e-08
chr10	43	21	135534747	1.54942e-07
chr10	44	13	135534747	9.59164e-08
chr10	45	9	135534747	6.64036e-08
chr10	46	3	135534747	2.21345e-08
chr10	47	1	135534747	7.37818e-09
chr11	0	133544997	135006516	0.989174
chr11	1	1451748	135006516	0.0107532
chr11	2	8324	135006516	6.16563e-05
chr11	3	626	135006516	4.63681e-06
chr11	4	379	135006516	2.80727e-06
chr11	5	113	135006516	8.36997e-07
chr11	6	101	135006516	7.48112e-07
chr11	7	149	135006516	1.10365e-06
chr11	8	17	135006516	1.2592e-07
chr11	9	22	135006516	1.62955e-07
chr11	10	28	135006516	2.07397e-07
chr11	11	12	135006516	8.88846e-08
chr12	0	132414860	133851895	0.989264
chr12	1	1429607	133851895	0.0106805
chr12	2	7190	133851895	5.37161e-05
chr12	3	168	133851895	1.25512e-06
chr12	4	41	133851895	3.06309e-07
chr12	5	29	133851895	2.16657e-07
chr13	0	114445816	115169878	0.993713
chr13	1	721624	115169878	0.00626574
chr13	2	2438	115169878	2.11687e-05
chr14	0	106265135	107349540	0.989898
chr14	1	1077312	107349540	0.0100356
chr14	2	7041	107349540	6.55895e-05
chr14	3	52	107349540	4.84399e-07
chr15	0	101640884	102531392	0.991315
chr15	1	884158	102531392	0.00862329
chr15	2	6308	102531392	6.15226e-05
chr15	3	42	102531392	4.09631e-07
chr16	0	89175166	90354753	0.986945
chr16	1	1142980	90354753	0.0126499
chr16	2	14993	90354753	0.000165935
chr16	3	5346	90354753	5.91668e-05
chr16	4	4713	90354753	5.21611e-05
chr16	5	3817	90354753	4.22446e-05
chr16	6	2965	90354753	3.28151e-05
chr16	7	2019	90354753	2.23453e-05
chr16	8	1269	90354753	1.40446e-05
chr16	9	723	90354753	8.00179e-06
chr16	10	339	90354753	3.75188e-06
chr16	11	199	90354753	2.20243e-06
chr16	12	92	90354753	1.01821e-06
chr16	13	54	90354753	5.97644e-07
chr16	14	37	90354753	4.09497e-07
chr16	15	35	90354753	3.87362e-07
chr16	16	3	90354753	3.32025e-08
chr16	17	3	90354753	3.32025e-08
chr17	0	80116967	81195210	0.98672
chr17	1	1069508	81195210	0.0131721
chr17	2	8045	81195210	9.90822e-05
chr17	3	423	81195210	5.20967e-06
chr17	4	123	81195210	1.51487e-06
chr17	5	87	81195210	1.07149e-06
chr17	6	18	81195210	2.21688e-07
chr17	7	6	81195210	7.3896e-08
chr17	8	10	81195210	1.2316e-07
chr17	9	4	81195210	4.9264e-08
chr17	10	19	81195210	2.34004e-07
chr18	0	77022498	78077248	0.986491
chr18	1	1043618	78077248	0.0133665
chr18	2	9473	78077248	0.000121329
chr18	3	522	78077248	6.68569e-06
chr18	4	357	78077248	4.57239e-06
chr18	5	179	78077248	2.2926e-06
chr18	6	149	78077248	1.90837e-06
chr18	7	97	78077248	1.24236e-06
chr18	8	113	78077248	1.44728e-06
chr18	9	88	78077248	1.12709e-06
chr18	10	76	78077248	9.73395e-07
chr18	11	28	78077248	3.58619e-07
chr18	12	18	78077248	2.30541e-07
chr18	13	11	78077248	1.40886e-07
chr18	14	14	78077248	1.7931e-07
chr18	15	7	78077248	8.96548e-08
chr19	0	58632154	59128983	0.991597
chr19	1	491122	59128983	0.00830594
chr19	2	2960	59128983	5.00601e-05
chr19	3	448	59128983	7.57666e-06
chr19	4	536	59128983	9.06493e-06
chr19	5	245	59128983	4.14348e-06
chr19	6	284	59128983	4.80306e-06
chr19	7	144	59128983	2.43535e-06
chr19	8	117	59128983	1.97873e-06
chr19	9	136	59128983	2.30006e-06
chr19	10	82	59128983	1.3868e-06
chr19	11	85	59128983	1.43754e-06
chr19	12	53	59128983	8.96346e-07
chr19	13	68	59128983	1.15003e-06
chr19	14	60	59128983	1.01473e-06
chr19	15	88	59128983	1.48827e-06
chr19	16	57	59128983	9.63994e-07
chr19	17	34	59128983	5.75014e-07
chr19	18	20	59128983	3.38244e-07
chr19	19	22	59128983	3.72068e-07
chr19	20	21	59128983	3.55156e-07
chr19	21	14	59128983	2.36771e-07
chr19	22	25	59128983	4.22805e-07
chr19	23	10	59128983	1.69122e-07
chr19	24	29	59128983	4.90453e-07
chr19	25	23	59128983	3.8898e-07
chr19	26	30	59128983	5.07365e-07
chr19	27	25	59128983	4.22805e-07
chr19	28	11	59128983	1.86034e-07
chr19	29	6	59128983	1.01473e-07
chr19	30	6	59128983	1.01473e-07
chr19	31	9	59128983	1.5221e-07
chr19	32	11	59128983	1.86034e-07
chr19	33	10	59128983	1.69122e-07
chr19	34	20	59128983	3.38244e-07
chr19	35	5	59128983	8.45609e-08
chr19	36	10	59128983	1.69122e-07
chr19	37	2	59128983	3.38244e-08
chr19	38	1	59128983	1.69122e-08
chr20	0	61979333	63025520	0.983401
chr20	1	1037213	63025520	0.016457
chr20	2	8670	63025520	0.000137563
chr20	3	71	63025520	1.12653e-06
chr20	4	129	63025520	2.04679e-06
chr20	5	74	63025520	1.17413e-06
chr20	6	14	63025520	2.22132e-07
chr20	7	14	63025520	2.22132e-07
chr20	8	2	63025520	3.17332e-08
chr21	0	47582073	48129895	0.988618
chr21	1	540023	48129895	0.0112201
chr21	2	6955	48129895	0.000144505
chr21	3	428	48129895	8.8926e-06
chr21	4	243	48129895	5.04884e-06
chr21	5	27	48129895	5.60982e-07
chr21	6	43	48129895	8.93416e-07
chr21	7	8	48129895	1.66217e-07
chr21	8	7	48129895	1.4544e-07
chr21	9	27	48129895	5.60982e-07
chr21	10	7	48129895	1.4544e-07
chr21	11	11	48129895	2.28548e-07
chr21	12	37	48129895	7.68753e-07
chr21	13	6	48129895	1.24663e-07
chr22	0	50713642	51304566	0.988482
chr22	1	585790	51304566	0.0114179
chr22	2	4961	51304566	9.6697e-05
chr22	3	118	51304566	2.29999e-06
chr22	5	2	51304566	3.89829e-08
chr22	6	1	51304566	1.94914e-08
chr22	7	1	51304566	1.94914e-08
chr22	8	2	51304566	3.89829e-08
chr22	9	1	51304566	1.94914e-08
chr22	10	1	51304566	1.94914e-08
chr22	11	2	51304566	3.89829e-08
chr22	13	2	51304566	3.89829e-08
chr22	14	3	51304566	5.84743e-08
chr22	15	4	51304566	7.79658e-08
chr22	16	36	51304566	7.01692e-07
chrX	0	154088150	155270560	0.992385
chrX	1	1172799	155270560	0.00755326
chrX	2	8536	155270560	5.4975e-05
chrX	3	798	155270560	5.13942e-06
chrX	4	126	155270560	8.11487e-07
chrX	5	96	155270560	6.18276e-07
chrX	6	38	155270560	2.44734e-07
chrX	7	13	155270560	8.37248e-08
chrX	8	4	155270560	2.57615e-08
chrY	0	59299384	59373566	0.998751
chrY	1	66553	59373566	0.00112092
chrY	2	4346	59373566	7.31976e-05
chrY	3	1650	59373566	2.77901e-05
chrY	4	825	59373566	1.38951e-05
chrY	5	364	59373566	6.13067e-06
chrY	6	194	59373566	3.26745e-06
chrY	7	99	59373566	1.66741e-06
chrY	8	47	59373566	7.91598e-07
chrY	9	26	59373566	4.37905e-07
chrY	10	17	59373566	2.86323e-07
chrY	11	8	59373566	1.3474e-07
chrY	12	30	59373566	5.05275e-07
chrY	13	2	59373566	3.3685e-08
chrY	14	10	59373566	1.68425e-07
chrY	15	1	59373566	1.68425e-08
chrY	16	1	59373566	1.68425e-08
chrY	17	9	59373566	1.51583e-07
chr1_gl000191_random	0	106083	106433	0.996712
chr1_gl000191_random	1	350	106433	0.00328845
chr1_gl000192_random	0	535156	547496	0.977461
chr1_gl000192_random	1	12180	547496	0.0222467
chr1_gl000192_random	2	160	547496	0.00029224
chr4_ctg9_hap1	0	585736	590426	0.992057
chr4_ctg9_hap1	1	4680	590426	0.00792648
chr4_ctg9_hap1	2	10	590426	1.69369e-05
chr4_gl000193_random	0	183981	189789	0.969398
chr4_gl000193_random	1	5666	189789	0.0298542
chr4_gl000193_random	2	142	189789	0.000748199
chr4_gl000194_random	0	178280	191469	0.931117
chr4_gl000194_random	1	12328	191469	0.0643864
chr4_gl000194_random	2	811	191469	0.00423567
chr4_gl000194_random	3	50	191469	0.000261139
chr6_apd_hap1	0	4616785	4622290	0.998809
chr6_apd_hap1	1	5460	4622290	0.00118123
chr6_apd_hap1	2	45	4622290	9.73543e-06
chr6_cox_hap2	0	4782921	4795371	0.997404
chr6_cox_hap2	1	12450	4795371	0.00259625
chr6_dbb_hap3	0	4598501	4610396	0.99742
chr6_dbb_hap3	1	11890	4610396	0.00257895
chr6_dbb_hap3	2	5	4610396	1.08451e-06
chr6_mann_hap4	0	4671349	4683263	0.997456
chr6_mann_hap4	1	11828	4683263	0.00252559
chr6_mann_hap4	2	86	4683263	1.83633e-05
chr6_mcf_hap5	0	4824098	4833398	0.998076
chr6_mcf_hap5	1	9300	4833398	0.00192411
chr6_qbl_hap6	0	4601727	4611984	0.997776
chr6_qbl_hap6	1	10214	4611984	0.00221467
chr6_qbl_hap6	2	43	4611984	9.32354e-06
chr6_ssto_hap7	0	4915595	4928567	0.997368
chr6_ssto_hap7	1	12944	4928567	0.00262632
chr6_ssto_hap7	2	28	4928567	5.68116e-06
chr7_gl000195_random	0	180596	182896	0.987425
chr7_gl000195_random	1	2250	182896	0.0123021
chr7_gl000195_random	2	50	182896	0.000273379
chr8_gl000196_random	0	38264	38914	0.983297
chr8_gl000196_random	1	650	38914	0.0167035
chr8_gl000197_random	0	36975	37175	0.99462
chr8_gl000197_random	1	200	37175	0.00537996
chr9_gl000198_random	0	86709	90085	0.962524
chr9_gl000198_random	1	3152	90085	0.0349892
chr9_gl000198_random	2	224	90085	0.00248654
chr9_gl000199_random	0	124083	169874	0.730441
chr9_gl000199_random	1	29918	169874	0.176119
chr9_gl000199_random	2	9843	169874	0.0579429
chr9_gl000199_random	3	3416	169874	0.020109
chr9_gl000199_random	4	1189	169874	0.00699931
chr9_gl000199_random	5	529	169874	0.00311407
chr9_gl000199_random	6	309	169874	0.001819
chr9_gl000199_random	7	215	169874	0.00126564
chr9_gl000199_random	8	115	169874	0.000676972
chr9_gl000199_random	9	94	169874	0.000553351
chr9_gl000199_random	10	27	169874	0.000158941
chr9_gl000199_random	11	27	169874	0.000158941
chr9_gl000199_random	12	18	169874	0.000105961
chr9_gl000199_random	13	27	169874	0.000158941
chr9_gl000199_random	14	20	169874	0.000117734
chr9_gl000199_random	15	5	169874	2.94336e-05
chr9_gl000199_random	16	7	169874	4.1207e-05
chr9_gl000199_random	17	3	169874	1.76601e-05
chr9_gl000199_random	18	6	169874	3.53203e-05
chr9_gl000199_random	19	6	169874	3.53203e-05
chr9_gl000199_random	20	10	169874	5.88672e-05
chr9_gl000199_random	21	6	169874	3.53203e-05
chr9_gl000199_random	22	1	169874	5.88672e-06
chr9_gl000200_random	0	185985	187035	0.994386
chr9_gl000200_random	1	1050	187035	0.00561392
chr9_gl000201_random	0	36048	36148	0.997234
chr9_gl000201_random	1	100	36148	0.0027664
chr17_ctg5_hap1	0	1669758	1680828	0.993414
chr17_ctg5_hap1	1	11040	1680828	0.00656819
chr17_ctg5_hap1	2	30	1680828	1.78483e-05
chr17_gl000203_random	0	37198	37498	0.992
chr17_gl000203_random	1	300	37498	0.00800043
chr17_gl000204_random	0	80410	81310	0.988931
chr17_gl000204_random	1	900	81310	0.0110687
chr17_gl000205_random	0	172006	174588	0.985211
chr17_gl000205_random	1	2564	174588	0.014686
chr17_gl000205_random	2	18	174588	0.0001031
chr17_gl000206_random	0	40851	41001	0.996342
chr17_gl000206_random	1	150	41001	0.00365845
chr18_gl000207_random	0	4212	4262	0.988268
chr18_gl000207_random	1	50	4262	0.0117316
chr19_gl000208_random	0	87270	92689	0.941536
chr19_gl000208_random	1	4810	92689	0.051894
chr19_gl000208_random	2	537	92689	0.00579357
chr19_gl000208_random	3	72	92689	0.000776791
chr19_gl000209_random	0	158869	159169	0.998115
chr19_gl000209_random	1	300	159169	0.00188479
chr21_gl000210_random	0	27582	27682	0.996388
chr21_gl000210_random	1	100	27682	0.00361246
chrUn_gl000211	0	161009	166566	0.966638
chrUn_gl000211	1	5164	166566	0.0310027
chrUn_gl000211	2	343	166566	0.00205924
chrUn_gl000211	3	50	166566	0.000300181
chrUn_gl000212	0	184273	186858	0.986166
chrUn_gl000212	1	2570	186858	0.0137538
chrUn_gl000212	2	15	186858	8.02749e-05
chrUn_gl000213	0	162789	164239	0.991171
chrUn_gl000213	1	1450	164239	0.0088286
chrUn_gl000214	0	105892	137718	0.768905
chrUn_gl000214	1	21647	137718	0.157184
chrUn_gl000214	2	6389	137718	0.0463919
chrUn_gl000214	3	2130	137718	0.0154664
chrUn_gl000214	4	917	137718	0.00665853
chrUn_gl000214	5	430	137718	0.00312232
chrUn_gl000214	6	196	137718	0.0014232
chrUn_gl000214	7	77	137718	0.000559114
chrUn_gl000214	8	1	137718	7.26122e-06
chrUn_gl000214	9	9	137718	6.53509e-05
chrUn_gl000214	10	17	137718	0.000123441
chrUn_gl000214	11	13	137718	9.43958e-05
chrUn_gl000215	0	171219	172545	0.992315
chrUn_gl000215	1	1302	172545	0.00754586
chrUn_gl000215	2	24	172545	0.000139094
chrUn_gl000216	0	155879	172294	0.904727
chrUn_gl000216	1	11708	172294	0.0679536
chrUn_gl000216	2	2521	172294	0.014632
chrUn_gl000216	3	961	172294	0.00557768
chrUn_gl000216	4	416	172294	0.00241448
chrUn_gl000216	5	280	172294	0.00162513
chrUn_gl000216	6	267	172294	0.00154968
chrUn_gl000216	7	62	172294	0.00035985
chrUn_gl000216	8	51	172294	0.000296006
chrUn_gl000216	9	58	172294	0.000336634
chrUn_gl000216	10	21	172294	0.000121885
chrUn_gl000216	11	8	172294	4.64323e-05
chrUn_gl000216	12	23	172294	0.000133493
chrUn_gl000216	13	7	172294	4.06282e-05
chrUn_gl000216	14	7	172294	4.06282e-05
chrUn_gl000216	15	5	172294	2.90202e-05
chrUn_gl000216	16	6	172294	3.48242e-05
chrUn_gl000216	17	3	172294	1.74121e-05
chrUn_gl000216	18	7	172294	4.06282e-05
chrUn_gl000216	19	4	172294	2.32161e-05
chrUn_gl000217	0	167694	172149	0.974121
chrUn_gl000217	1	4360	172149	0.0253269
chrUn_gl000217	2	95	172149	0.000551848
chrUn_gl000218	0	151409	161147	0.939571
chrUn_gl000218	1	9199	161147	0.0570845
chrUn_gl000218	2	466	161147	0.00289177
chrUn_gl000218	3	73	161147	0.000453003
chrUn_gl000219	0	174401	179198	0.973231
chrUn_gl000219	1	4713	179198	0.0263005
chrUn_gl000219	2	65	179198	0.000362727
chrUn_gl000219	3	19	179198	0.000106028
chrUn_gl000220	0	140876	161802	0.870669
chrUn_gl000220	1	15874	161802	0.0981076
chrUn_gl000220	2	3969	161802	0.02453
chrUn_gl000220	3	927	161802	0.00572922
chrUn_gl000220	4	112	161802	0.000692204
chrUn_gl000220	5	5	161802	3.0902e-05
chrUn_gl000220	6	39	161802	0.000241035
chrUn_gl000221	0	148069	155397	0.952843
chrUn_gl000221	1	7006	155397	0.0450845
chrUn_gl000221	2	322	155397	0.00207211
chrUn_gl000222	0	184086	186861	0.985149
chrUn_gl000222	1	2700	186861	0.0144492
chrUn_gl000222	2	75	186861	0.000401368
chrUn_gl000223	0	179342	180455	0.993832
chrUn_gl000223	1	1076	180455	0.00596271
chrUn_gl000223	2	37	180455	0.000205037
chrUn_gl000224	0	170278	179693	0.947605
chrUn_gl000224	1	7169	179693	0.0398958
chrUn_gl000224	2	1472	179693	0.00819175
chrUn_gl000224	3	498	179693	0.00277139
chrUn_gl000224	4	212	179693	0.00117979
chrUn_gl000224	5	32	179693	0.000178082
chrUn_gl000224	6	7	179693	3.89553e-05
chrUn_gl000224	7	7	179693	3.89553e-05
chrUn_gl000224	8	18	179693	0.000100171
chrUn_gl000225	0	179010	211173	0.847694
chrUn_gl000225	1	21558	211173	0.102087
chrUn_gl000225	2	5900	211173	0.0279392
chrUn_gl000225	3	2096	211173	0.00992551
chrUn_gl000225	4	1019	211173	0.00482543
chrUn_gl000225	5	658	211173	0.00311593
chrUn_gl000225	6	359	211173	0.00170003
chrUn_gl000225	7	232	211173	0.00109863
chrUn_gl000225	8	126	211173	0.000596667
chrUn_gl000225	9	17	211173	8.05027e-05
chrUn_gl000225	10	18	211173	8.52382e-05
chrUn_gl000225	11	23	211173	0.000108915
chrUn_gl000225	12	30	211173	0.000142064
chrUn_gl000225	13	8	211173	3.78836e-05
chrUn_gl000225	14	24	211173	0.000113651
chrUn_gl000225	15	19	211173	8.99736e-05
chrUn_gl000225	16	18	211173	8.52382e-05
chrUn_gl000225	17	8	211173	3.78836e-05
chrUn_gl000225	18	9	211173	4.26191e-05
chrUn_gl000225	19	25	211173	0.000118386
chrUn_gl000225	20	16	211173	7.57673e-05
chrUn_gl000226	0	520	15008	0.0346482
chrUn_gl000226	1	830	15008	0.0553038
chrUn_gl000226	2	1126	15008	0.0750267
chrUn_gl000226	3	1333	15008	0.0888193
chrUn_gl000226	4	1559	15008	0.103878
chrUn_gl000226	5	1691	15008	0.112673
chrUn_gl000226	6	1706	15008	0.113673
chrUn_gl000226	7	1433	15008	0.0954824
chrUn_gl000226	8	1356	15008	0.0903518
chrUn_gl000226	9	867	15008	0.0577692
chrUn_gl000226	10	635	15008	0.0423108
chrUn_gl000226	11	529	15008	0.0352479
chrUn_gl000226	12	427	15008	0.0284515
chrUn_gl000226	13	324	15008	0.0215885
chrUn_gl000226	14	234	15008	0.0155917
chrUn_gl000226	15	146	15008	0.00972814
chrUn_gl000226	16	107	15008	0.00712953
chrUn_gl000226	17	57	15008	0.00379797
chrUn_gl000226	18	36	15008	0.00239872
chrUn_gl000226	19	45	15008	0.0029984
chrUn_gl000226	20	32	15008	0.0021322
chrUn_gl000226	21	15	15008	0.000999467
chrUn_gl000227	0	127399	128374	0.992405
chrUn_gl000227	1	950	128374	0.00740025
chrUn_gl000227	2	25	128374	0.000194743
chrUn_gl000228	0	124686	129120	0.96566
chrUn_gl000228	1	3154	129120	0.0244269
chrUn_gl000228	2	489	129120	0.00378717
chrUn_gl000228	3	357	129120	0.00276487
chrUn_gl000228	4	82	129120	0.000635068
chrUn_gl000228	5	85	129120	0.000658302
chrUn_gl000228	6	68	129120	0.000526642
chrUn_gl000228	7	61	129120	0.000472429
chrUn_gl000228	8	50	129120	0.000387237
chrUn_gl000228	9	22	129120	0.000170384
chrUn_gl000228	10	8	129120	6.19579e-05
chrUn_gl000228	11	5	129120	3.87237e-05
chrUn_gl000228	12	2	129120	1.54895e-05
chrUn_gl000228	13	5	129120	3.87237e-05
chrUn_gl000228	14	5	129120	3.87237e-05
chrUn_gl000228	15	5	129120	3.87237e-05
chrUn_gl000228	16	24	129120	0.000185874
chrUn_gl000228	17	8	129120	6.19579e-05
chrUn_gl000228	18	4	129120	3.09789e-05
chrUn_gl000229	0	19213	19913	0.964847
chrUn_gl000229	1	700	19913	0.0351529
chrUn_gl000230	0	43026	43691	0.984779
chrUn_gl000230	1	630	43691	0.0144194
chrUn_gl000230	2	35	43691	0.00080108
chrUn_gl000231	0	25875	27386	0.944826
chrUn_gl000231	1	1422	27386	0.0519243
chrUn_gl000231	2	89	27386	0.00324984
chrUn_gl000232	0	37770	40652	0.929106
chrUn_gl000232	1	2764	40652	0.0679917
chrUn_gl000232	2	118	40652	0.00290269
chrUn_gl000233	0	45112	45941	0.981955
chrUn_gl000233	1	808	45941	0.0175878
chrUn_gl000233	2	21	45941	0.000457108
chrUn_gl000234	0	37763	40531	0.931707
chrUn_gl000234	1	2736	40531	0.0675039
chrUn_gl000234	2	32	40531	0.000789519
chrUn_gl000235	0	32482	34474	0.942217
chrUn_gl000235	1	1884	34474	0.0546499
chrUn_gl000235	2	108	34474	0.0031328
chrUn_gl000236	0	41534	41934	0.990461
chrUn_gl000236	1	400	41934	0.0095388
chrUn_gl000237	0	44480	45867	0.96976
chrUn_gl000237	1	1324	45867	0.0288661
chrUn_gl000237	2	63	45867	0.00137354
chrUn_gl000238	0	39339	39939	0.984977
chrUn_gl000238	1	600	39939	0.0150229
chrUn_gl000239	0	32774	33824	0.968957
chrUn_gl000239	1	1050	33824	0.031043
chrUn_gl000240	0	40127	41933	0.956931
chrUn_gl000240	1	1712	41933	0.040827
chrUn_gl000240	2	94	41933	0.00224167
chrUn_gl000241	0	39994	42152	0.948804
chrUn_gl000241	1	2016	42152	0.0478269
chrUn_gl000241	2	142	42152	0.00336876
chrUn_gl000242	0	42984	43523	0.987616
chrUn_gl000242	1	528	43523	0.0121315
chrUn_gl000242	2	11	43523	0.00025274
chrUn_gl000243	0	41037	43341	0.94684
chrUn_gl000243	1	2028	43341	0.0467917
chrUn_gl000243	2	218	43341	0.00502988
chrUn_gl000243	3	46	43341	0.00106135
chrUn_gl000243	4	12	43341	0.000276874
chrUn_gl000244	0	39629	39929	0.992487
chrUn_gl000244	1	300	39929	0.00751334
chrUn_gl000245	0	33654	36651	0.918229
chrUn_gl000245	1	2648	36651	0.0722491
chrUn_gl000245	2	345	36651	0.00941311
chrUn_gl000245	3	4	36651	0.000109138
chrUn_gl000246	0	37854	38154	0.992137
chrUn_gl000246	1	300	38154	0.00786287
chrUn_gl000247	0	34868	36422	0.957334
chrUn_gl000247	1	1508	36422	0.0414035
chrUn_gl000247	2	46	36422	0.00126297
chrUn_gl000248	0	39336	39786	0.988689
chrUn_gl000248	1	450	39786	0.0113105
chrUn_gl000249	0	38052	38502	0.988312
chrUn_gl000249	1	450	38502	0.0116877
chrM	0	16571	16571	1
chr11_gl000202_random	0	40103	40103	1
genome	0	3098180655	3137161264	0.987575
genome	1	38439882	3137161264	0.0122531
genome	2	418545	3137161264	0.000133415
genome	3	44868	3137161264	1.43021e-05
genome	4	21953	3137161264	6.99773e-06
genome	5	14367	3137161264	4.57962e-06
genome	6	10259	3137161264	3.27015e-06
genome	7	7164	3137161264	2.28359e-06
genome	8	5419	3137161264	1.72736e-06
genome	9	3630	3137161264	1.1571e-06
genome	10	2573	3137161264	8.20168e-07
genome	11	2031	3137161264	6.47401e-07
genome	12	1649	3137161264	5.25634e-07
genome	13	1198	3137161264	3.81874e-07
genome	14	935	3137161264	2.9804e-07
genome	15	767	3137161264	2.44489e-07
genome	16	632	3137161264	2.01456e-07
genome	17	455	3137161264	1.45036e-07
genome	18	407	3137161264	1.29735e-07
genome	19	381	3137161264	1.21447e-07
genome	20	327	3137161264	1.04234e-07
genome	21	324	3137161264	1.03278e-07
genome	22	280	3137161264	8.92527e-08
genome	23	234	3137161264	7.45897e-08
genome	24	280	3137161264	8.92527e-08
genome	25	222	3137161264	7.07646e-08
genome	26	189	3137161264	6.02455e-08
genome	27	165	3137161264	5.25953e-08
genome	28	137	3137161264	4.36701e-08
genome	29	122	3137161264	3.88887e-08
genome	30	97	3137161264	3.09197e-08
genome	31	75	3137161264	2.3907e-08
genome	32	98	3137161264	3.12384e-08
genome	33	77	3137161264	2.45445e-08
genome	34	84	3137161264	2.67758e-08
genome	35	80	3137161264	2.55008e-08
genome	36	75	3137161264	2.3907e-08
genome	37	70	3137161264	2.23132e-08
genome	38	82	3137161264	2.61383e-08
genome	39	69	3137161264	2.19944e-08
genome	40	56	3137161264	1.78505e-08
genome	41	58	3137161264	1.84881e-08
genome	42	32	3137161264	1.02003e-08
genome	43	37	3137161264	1.17941e-08
genome	44	25	3137161264	7.96899e-09
genome	45	34	3137161264	1.08378e-08
genome	46	26	3137161264	8.28775e-09
genome	47	15	3137161264	4.78139e-09
genome	48	13	3137161264	4.14387e-09
genome	49	9	3137161264	2.86884e-09
genome	50	5	3137161264	1.5938e-09
genome	51	4	3137161264	1.27504e-09
genome	52	4	3137161264	1.27504e-09
genome	53	4	3137161264	1.27504e-09
genome	54	5	3137161264	1.5938e-09
genome	55	9	3137161264	2.86884e-09
genome	56	8	3137161264	2.55008e-09
genome	57	9	3137161264	2.86884e-09
genome	58	4	3137161264	1.27504e-09
genome	59	7	3137161264	2.23132e-09
genome	60	8	3137161264	2.55008e-09
genome	61	13	3137161264	4.14387e-09
genome	62	9	3137161264	2.86884e-09
genome	63	8	3137161264	2.55008e-09
genome	64	5	3137161264	1.5938e-09
