chrM	0	16471	16571	0.993965
chrM	1	100	16571	0.00603464
chr1	0	244487637	249250621	0.980891
chr1	1	4700538	249250621	0.0188587
chr1	2	59387	249250621	0.000238262
chr1	3	1198	249250621	4.80641e-06
chr1	4	326	249250621	1.30792e-06
chr1	5	149	249250621	5.97792e-07
chr1	6	170	249250621	6.82044e-07
chr1	7	94	249250621	3.7713e-07
chr1	8	52	249250621	2.08625e-07
chr1	9	36	249250621	1.44433e-07
chr1	10	49	249250621	1.96589e-07
chr1	11	57	249250621	2.28685e-07
chr1	12	51	249250621	2.04613e-07
chr1	13	49	249250621	1.96589e-07
chr1	14	39	249250621	1.56469e-07
chr1	15	47	249250621	1.88565e-07
chr1	16	40	249250621	1.60481e-07
chr1	17	59	249250621	2.3671e-07
chr1	18	43	249250621	1.72517e-07
chr1	19	45	249250621	1.80541e-07
chr1	20	26	249250621	1.04313e-07
chr1	21	28	249250621	1.12337e-07
chr1	22	17	249250621	6.82044e-08
chr1	23	23	249250621	9.22766e-08
chr1	24	22	249250621	8.82646e-08
chr1	25	22	249250621	8.82646e-08
chr1	26	11	249250621	4.41323e-08
chr1	27	25	249250621	1.00301e-07
chr1	28	33	249250621	1.32397e-07
chr1	29	34	249250621	1.36409e-07
chr1	30	27	249250621	1.08325e-07
chr1	31	23	249250621	9.22766e-08
chr1	32	32	249250621	1.28385e-07
chr1	33	33	249250621	1.32397e-07
chr1	34	31	249250621	1.24373e-07
chr1	35	26	249250621	1.04313e-07
chr1	36	27	249250621	1.08325e-07
chr1	37	23	249250621	9.22766e-08
chr1	38	11	249250621	4.41323e-08
chr1	39	15	249250621	6.01804e-08
chr1	40	21	249250621	8.42525e-08
chr1	41	11	249250621	4.41323e-08
chr1	42	3	249250621	1.20361e-08
chr1	43	6	249250621	2.40722e-08
chr1	44	3	249250621	1.20361e-08
chr1	45	5	249250621	2.00601e-08
chr1	46	3	249250621	1.20361e-08
chr1	47	4	249250621	1.60481e-08
chr1	48	2	249250621	8.02405e-09
chr1	49	3	249250621	1.20361e-08
chr1	50	4	249250621	1.60481e-08
chr1	51	1	249250621	4.01203e-09
chr2	0	239872654	243199373	0.986321
chr2	1	3281729	243199373	0.013494
chr2	2	32179	243199373	0.000132315
chr2	3	5415	243199373	2.22657e-05
chr2	4	3176	243199373	1.30592e-05
chr2	5	1685	243199373	6.92847e-06
chr2	6	1083	243199373	4.45314e-06
chr2	7	510	243199373	2.09704e-06
chr2	8	361	243199373	1.48438e-06
chr2	9	193	243199373	7.93588e-07
chr2	10	133	243199373	5.46876e-07
chr2	11	95	243199373	3.90626e-07
chr2	12	54	243199373	2.2204e-07
chr2	13	20	243199373	8.22371e-08
chr2	14	11	243199373	4.52304e-08
chr2	15	16	243199373	6.57896e-08
chr2	16	30	243199373	1.23356e-07
chr2	17	10	243199373	4.11185e-08
chr2	18	2	243199373	8.22371e-09
chr2	19	7	243199373	2.8783e-08
chr2	20	10	243199373	4.11185e-08
chr3	0	195106297	198022430	0.985274
chr3	1	2891743	198022430	0.0146031
chr3	2	23987	198022430	0.000121133
chr3	3	148	198022430	7.4739e-07
chr3	4	55	198022430	2.77746e-07
chr3	5	40	198022430	2.01997e-07
chr3	6	37	198022430	1.86848e-07
chr3	7	9	198022430	4.54494e-08
chr3	8	11	198022430	5.55493e-08
chr3	9	2	198022430	1.00999e-08
chr3	10	5	198022430	2.52497e-08
chr3	11	1	198022430	5.04993e-09
chr3	12	3	198022430	1.51498e-08
chr3	13	1	198022430	5.04993e-09
chr3	14	7	198022430	3.53495e-08
chr3	15	4	198022430	2.01997e-08
chr3	16	3	198022430	1.51498e-08
chr3	17	7	198022430	3.53495e-08
chr3	18	3	198022430	1.51498e-08
chr3	19	3	198022430	1.51498e-08
chr3	20	3	198022430	1.51498e-08
chr3	21	3	198022430	1.51498e-08
chr3	22	10	198022430	5.04993e-08
chr3	23	5	198022430	2.52497e-08
chr3	24	4	198022430	2.01997e-08
chr3	25	3	198022430	1.51498e-08
chr3	26	3	198022430	1.51498e-08
chr3	27	3	198022430	1.51498e-08
chr3	28	11	198022430	5.55493e-08
chr3	29	5	198022430	2.52497e-08
chr3	30	6	198022430	3.02996e-08
chr3	32	4	198022430	2.01997e-08
chr3	33	3	198022430	1.51498e-08
chr3	34	1	198022430	5.04993e-09
chr4	0	189030513	191154276	0.98889
chr4	1	2091667	191154276	0.0109423
chr4	2	23514	191154276	0.000123011
chr4	3	4880	191154276	2.55291e-05
chr4	4	1992	191154276	1.04209e-05
chr4	5	816	191154276	4.2688e-06
chr4	6	444	191154276	2.32273e-06
chr4	7	221	191154276	1.15613e-06
chr4	8	141	191154276	7.37624e-07
chr4	9	32	191154276	1.67404e-07
chr4	10	10	191154276	5.23138e-08
chr4	11	5	191154276	2.61569e-08
chr4	12	7	191154276	3.66196e-08
chr4	13	6	191154276	3.13883e-08
chr4	14	12	191154276	6.27765e-08
chr4	15	3	191154276	1.56941e-08
chr4	16	11	191154276	5.75451e-08
chr4	17	2	191154276	1.04628e-08
chr5	0	179055631	180915260	0.989721
chr5	1	1848694	180915260	0.0102186
chr5	2	10330	180915260	5.70986e-05
chr5	3	374	180915260	2.06727e-06
chr5	4	172	180915260	9.50721e-07
chr5	5	10	180915260	5.52745e-08
chr5	6	3	180915260	1.65823e-08
chr5	7	12	180915260	6.63294e-08
chr5	8	2	180915260	1.10549e-08
chr5	9	2	180915260	1.10549e-08
chr5	10	30	180915260	1.65823e-07
chr6	0	168647697	171115067	0.985581
chr6	1	2445001	171115067	0.0142886
chr6	2	18404	171115067	0.000107553
chr6	3	695	171115067	4.06159e-06
chr6	4	480	171115067	2.80513e-06
chr6	5	409	171115067	2.3902e-06
chr6	6	382	171115067	2.23242e-06
chr6	7	366	171115067	2.13891e-06
chr6	8	392	171115067	2.29086e-06
chr6	9	357	171115067	2.08632e-06
chr6	10	294	171115067	1.71814e-06
chr6	11	211	171115067	1.23309e-06
chr6	12	167	171115067	9.75951e-07
chr6	13	114	171115067	6.66218e-07
chr6	14	53	171115067	3.09733e-07
chr6	15	29	171115067	1.69477e-07
chr6	16	8	171115067	4.67522e-08
chr6	17	8	171115067	4.67522e-08
chr7	0	157622975	159138663	0.990476
chr7	1	1498503	159138663	0.00941634
chr7	2	11300	159138663	7.10073e-05
chr7	3	1859	159138663	1.16816e-05
chr7	4	868	159138663	5.45436e-06
chr7	5	579	159138663	3.63834e-06
chr7	6	613	159138663	3.85199e-06
chr7	7	355	159138663	2.23076e-06
chr7	8	263	159138663	1.65265e-06
chr7	9	233	159138663	1.46413e-06
chr7	10	157	159138663	9.86561e-07
chr7	11	195	159138663	1.22535e-06
chr7	12	133	159138663	8.35749e-07
chr7	13	114	159138663	7.16356e-07
chr7	14	124	159138663	7.79195e-07
chr7	15	87	159138663	5.46693e-07
chr7	16	78	159138663	4.90139e-07
chr7	17	83	159138663	5.21558e-07
chr7	18	29	159138663	1.82231e-07
chr7	19	22	159138663	1.38244e-07
chr7	20	17	159138663	1.06825e-07
chr7	21	9	159138663	5.65545e-08
chr7	22	7	159138663	4.39868e-08
chr7	23	13	159138663	8.16898e-08
chr7	24	12	159138663	7.54059e-08
chr7	25	7	159138663	4.39868e-08
chr7	26	10	159138663	6.28383e-08
chr7	27	8	159138663	5.02706e-08
chr7	28	6	159138663	3.7703e-08
chr7	29	3	159138663	1.88515e-08
chr7	30	1	159138663	6.28383e-09
chr8	0	143091646	146364022	0.977642
chr8	1	3206763	146364022	0.0219095
chr8	2	54488	146364022	0.000372277
chr8	3	5770	146364022	3.94223e-05
chr8	4	2445	146364022	1.67049e-05
chr8	5	1550	146364022	1.059e-05
chr8	6	671	146364022	4.58446e-06
chr8	7	278	146364022	1.89937e-06
chr8	8	163	146364022	1.11366e-06
chr8	9	106	146364022	7.24222e-07
chr8	10	57	146364022	3.8944e-07
chr8	11	37	146364022	2.52794e-07
chr8	12	18	146364022	1.22981e-07
chr8	13	22	146364022	1.5031e-07
chr8	14	8	146364022	5.46582e-08
chr9	0	139302541	141213431	0.986468
chr9	1	1894185	141213431	0.0134136
chr9	2	15802	141213431	0.000111902
chr9	3	556	141213431	3.9373e-06
chr9	4	213	141213431	1.50836e-06
chr9	5	86	141213431	6.09007e-07
chr9	6	14	141213431	9.91407e-08
chr9	7	6	141213431	4.24889e-08
chr9	8	17	141213431	1.20385e-07
chr9	9	11	141213431	7.78963e-08
chr10	0	133920580	135534747	0.98809
chr10	1	1572949	135534747	0.0116055
chr10	2	20148	135534747	0.000148656
chr10	3	4785	135534747	3.53046e-05
chr10	4	3057	135534747	2.25551e-05
chr10	5	2258	135534747	1.66599e-05
chr10	6	1864	135534747	1.37529e-05
chr10	7	1190	135534747	8.78004e-06
chr10	8	998	135534747	7.36343e-06
chr10	9	833	135534747	6.14603e-06
chr10	10	735	135534747	5.42296e-06
chr10	11	686	135534747	5.06143e-06
chr10	12	603	135534747	4.44904e-06
chr10	13	468	135534747	3.45299e-06
chr10	14	459	135534747	3.38659e-06
chr10	15	321	135534747	2.3684e-06
chr10	16	309	135534747	2.27986e-06
chr10	17	217	135534747	1.60107e-06
chr10	18	238	135534747	1.75601e-06
chr10	19	227	135534747	1.67485e-06
chr10	20	281	135534747	2.07327e-06
chr10	21	225	135534747	1.66009e-06
chr10	22	186	135534747	1.37234e-06
chr10	23	187	135534747	1.37972e-06
chr10	24	158	135534747	1.16575e-06
chr10	25	155	135534747	1.14362e-06
chr10	26	135	135534747	9.96054e-07
chr10	27	108	135534747	7.96844e-07
chr10	28	98	135534747	7.23062e-07
chr10	29	80	135534747	5.90255e-07
chr10	30	63	135534747	4.64825e-07
chr10	31	46	135534747	3.39396e-07
chr10	32	35	135534747	2.58236e-07
chr10	33	25	135534747	1.84455e-07
chr10	34	9	135534747	6.64036e-08
chr10	35	8	135534747	5.90255e-08
chr10	36	9	135534747	6.64036e-08
chr10	37	4	135534747	2.95127e-08
chr10	38	5	135534747	3.68909e-08
chr10	39	4	135534747	2.95127e-08
chr10	40	1	135534747	7.37818e-09
chr11	0	132823884	135006516	0.983833
chr11	1	2156626	135006516	0.0159742
chr11	2	23400	135006516	0.000173325
chr11	3	1299	135006516	9.62176e-06
chr11	4	326	135006516	2.4147e-06
chr11	5	261	135006516	1.93324e-06
chr11	6	300	135006516	2.22211e-06
chr11	7	231	135006516	1.71103e-06
chr11	8	78	135006516	5.7775e-07
chr11	9	61	135006516	4.5183e-07
chr11	10	18	135006516	1.33327e-07
chr11	11	12	135006516	8.88846e-08
chr11	12	2	135006516	1.48141e-08
chr11	13	10	135006516	7.40705e-08
chr11	14	8	135006516	5.92564e-08
chr12	0	132642275	133851895	0.990963
chr12	1	1202412	133851895	0.00898315
chr12	2	6611	133851895	4.93904e-05
chr12	3	394	133851895	2.94355e-06
chr12	4	35	133851895	2.61483e-07
chr12	5	45	133851895	3.36192e-07
chr12	6	53	133851895	3.9596e-07
chr12	7	35	133851895	2.61483e-07
chr12	8	9	133851895	6.72385e-08
chr12	9	26	133851895	1.94245e-07
chr13	0	114315235	115169878	0.992579
chr13	1	851386	115169878	0.00739244
chr13	2	3257	115169878	2.828e-05
chr14	0	106213958	107349540	0.989422
chr14	1	1128124	107349540	0.0105089
chr14	2	7269	107349540	6.77134e-05
chr14	3	130	107349540	1.211e-06
chr14	4	47	107349540	4.37822e-07
chr14	5	12	107349540	1.11784e-07
chr15	0	101799464	102531392	0.992861
chr15	1	728756	102531392	0.00710764
chr15	2	3172	102531392	3.09369e-05
chr16	0	89580955	90354753	0.991436
chr16	1	737522	90354753	0.00816252
chr16	2	14262	90354753	0.000157844
chr16	3	7835	90354753	8.67138e-05
chr16	4	5527	90354753	6.117e-05
chr16	5	3927	90354753	4.3462e-05
chr16	6	2136	90354753	2.36402e-05
chr16	7	1310	90354753	1.44984e-05
chr16	8	803	90354753	8.88719e-06
chr16	9	284	90354753	3.14317e-06
chr16	10	88	90354753	9.73939e-07
chr16	11	89	90354753	9.85006e-07
chr16	12	14	90354753	1.54945e-07
chr16	13	1	90354753	1.10675e-08
chr17	0	80282761	81195210	0.988762
chr17	1	904215	81195210	0.0111363
chr17	2	7165	81195210	8.82441e-05
chr17	3	654	81195210	8.05466e-06
chr17	4	288	81195210	3.54701e-06
chr17	5	77	81195210	9.48332e-07
chr17	6	44	81195210	5.41904e-07
chr17	7	6	81195210	7.3896e-08
chr18	0	77102018	78077248	0.987509
chr18	1	967255	78077248	0.0123884
chr18	2	6852	78077248	8.77592e-05
chr18	3	426	78077248	5.45614e-06
chr18	4	243	78077248	3.1123e-06
chr18	5	105	78077248	1.34482e-06
chr18	6	70	78077248	8.96548e-07
chr18	7	67	78077248	8.58125e-07
chr18	8	20	78077248	2.56157e-07
chr18	9	63	78077248	8.06893e-07
chr18	10	34	78077248	4.35466e-07
chr18	11	49	78077248	6.27584e-07
chr18	12	27	78077248	3.45811e-07
chr18	13	19	78077248	2.43349e-07
chr19	0	58469562	59128983	0.988848
chr19	1	650243	59128983	0.010997
chr19	2	5837	59128983	9.87164e-05
chr19	3	646	59128983	1.09253e-05
chr19	4	410	59128983	6.93399e-06
chr19	5	278	59128983	4.70159e-06
chr19	6	319	59128983	5.39499e-06
chr19	7	298	59128983	5.03983e-06
chr19	8	181	59128983	3.0611e-06
chr19	9	176	59128983	2.97654e-06
chr19	10	162	59128983	2.73977e-06
chr19	11	129	59128983	2.18167e-06
chr19	12	112	59128983	1.89416e-06
chr19	13	125	59128983	2.11402e-06
chr19	14	62	59128983	1.04856e-06
chr19	15	86	59128983	1.45445e-06
chr19	16	68	59128983	1.15003e-06
chr19	17	59	59128983	9.97819e-07
chr19	18	47	59128983	7.94872e-07
chr19	19	36	59128983	6.08838e-07
chr19	20	32	59128983	5.4119e-07
chr19	21	29	59128983	4.90453e-07
chr19	22	21	59128983	3.55156e-07
chr19	23	10	59128983	1.69122e-07
chr19	24	19	59128983	3.21331e-07
chr19	25	8	59128983	1.35297e-07
chr19	26	18	59128983	3.04419e-07
chr19	27	4	59128983	6.76487e-08
chr19	28	2	59128983	3.38244e-08
chr19	29	3	59128983	5.07365e-08
chr19	30	1	59128983	1.69122e-08
chr20	0	62075205	63025520	0.984922
chr20	1	940870	63025520	0.0149284
chr20	2	8938	63025520	0.000141816
chr20	3	205	63025520	3.25265e-06
chr20	4	137	63025520	2.17372e-06
chr20	5	104	63025520	1.65013e-06
chr20	6	32	63025520	5.07731e-07
chr20	7	3	63025520	4.75998e-08
chr20	8	26	63025520	4.12531e-07
chr21	0	47656441	48129895	0.990163
chr21	1	467207	48129895	0.00970721
chr21	2	5060	48129895	0.000105132
chr21	3	659	48129895	1.36921e-05
chr21	4	269	48129895	5.58904e-06
chr21	5	104	48129895	2.16082e-06
chr21	6	67	48129895	1.39207e-06
chr21	7	35	48129895	7.27199e-07
chr21	8	28	48129895	5.81759e-07
chr21	9	21	48129895	4.36319e-07
chr21	10	4	48129895	8.31084e-08
chr22	0	50842955	51304566	0.991003
chr22	1	456859	51304566	0.00890484
chr22	2	4289	51304566	8.35988e-05
chr22	3	262	51304566	5.10676e-06
chr22	4	94	51304566	1.8322e-06
chr22	5	22	51304566	4.28812e-07
chr22	6	39	51304566	7.60166e-07
chr22	7	4	51304566	7.79658e-08
chr22	8	5	51304566	9.74572e-08
chr22	9	6	51304566	1.16949e-07
chr22	10	11	51304566	2.14406e-07
chr22	11	15	51304566	2.92372e-07
chr22	12	5	51304566	9.74572e-08
chrX	0	153750835	155270560	0.990212
chrX	1	1504114	155270560	0.00968705
chrX	2	13529	155270560	8.71318e-05
chrX	3	1580	155270560	1.01758e-05
chrX	4	262	155270560	1.68738e-06
chrX	5	89	155270560	5.73193e-07
chrX	6	84	155270560	5.40991e-07
chrX	7	45	155270560	2.89817e-07
chrX	8	22	155270560	1.41688e-07
chrY	0	59268579	59373566	0.998232
chrY	1	96516	59373566	0.00162557
chrY	2	5574	59373566	9.38802e-05
chrY	3	1813	59373566	3.05355e-05
chrY	4	592	59373566	9.97077e-06
chrY	5	254	59373566	4.278e-06
chrY	6	73	59373566	1.2295e-06
chrY	7	40	59373566	6.737e-07
chrY	8	36	59373566	6.0633e-07
chrY	9	11	59373566	1.85268e-07
chrY	10	22	59373566	3.70535e-07
chrY	11	19	59373566	3.20008e-07
chrY	12	3	59373566	5.05275e-08
chrY	13	5	59373566	8.42126e-08
chrY	14	19	59373566	3.20008e-07
chrY	15	2	59373566	3.3685e-08
chrY	16	8	59373566	1.3474e-07
chr1_gl000191_random	0	105183	106433	0.988256
chr1_gl000191_random	1	1250	106433	0.0117445
chr1_gl000192_random	0	536904	547496	0.980654
chr1_gl000192_random	1	10434	547496	0.0190577
chr1_gl000192_random	2	158	547496	0.000288587
chr4_ctg9_hap1	0	584087	590426	0.989264
chr4_ctg9_hap1	1	6328	590426	0.0107177
chr4_ctg9_hap1	2	11	590426	1.86306e-05
chr4_gl000193_random	0	185049	189789	0.975025
chr4_gl000193_random	1	4680	189789	0.024659
chr4_gl000193_random	2	60	189789	0.000316141
chr4_gl000194_random	0	187657	191469	0.980091
chr4_gl000194_random	1	3774	191469	0.0197108
chr4_gl000194_random	2	38	191469	0.000198466
chr6_apd_hap1	0	4613499	4622290	0.998098
chr6_apd_hap1	1	8782	4622290	0.00189992
chr6_apd_hap1	2	9	4622290	1.94709e-06
chr6_cox_hap2	0	4773595	4795371	0.995459
chr6_cox_hap2	1	21752	4795371	0.00453604
chr6_cox_hap2	2	24	4795371	5.00483e-06
chr6_dbb_hap3	0	4593935	4610396	0.99643
chr6_dbb_hap3	1	16422	4610396	0.00356195
chr6_dbb_hap3	2	39	4610396	8.45914e-06
chr6_mann_hap4	0	4669034	4683263	0.996962
chr6_mann_hap4	1	14158	4683263	0.00302311
chr6_mann_hap4	2	71	4683263	1.51604e-05
chr6_mcf_hap5	0	4819222	4833398	0.997067
chr6_mcf_hap5	1	14152	4833398	0.00292796
chr6_mcf_hap5	2	24	4833398	4.96545e-06
chr6_qbl_hap6	0	4595303	4611984	0.996383
chr6_qbl_hap6	1	16662	4611984	0.00361276
chr6_qbl_hap6	2	19	4611984	4.1197e-06
chr6_ssto_hap7	0	4912314	4928567	0.996702
chr6_ssto_hap7	1	16056	4928567	0.00325774
chr6_ssto_hap7	2	197	4928567	3.99711e-05
chr7_gl000195_random	0	180396	182896	0.986331
chr7_gl000195_random	1	2500	182896	0.013669
chr8_gl000196_random	0	38414	38914	0.987151
chr8_gl000196_random	1	500	38914	0.0128488
chr8_gl000197_random	0	37075	37175	0.99731
chr8_gl000197_random	1	100	37175	0.00268998
chr9_gl000198_random	0	87945	90085	0.976245
chr9_gl000198_random	1	2080	90085	0.0230893
chr9_gl000198_random	2	60	90085	0.000666038
chr9_gl000199_random	0	127665	169874	0.751528
chr9_gl000199_random	1	31515	169874	0.18552
chr9_gl000199_random	2	7627	169874	0.044898
chr9_gl000199_random	3	1955	169874	0.0115085
chr9_gl000199_random	4	577	169874	0.00339664
chr9_gl000199_random	5	248	169874	0.00145991
chr9_gl000199_random	6	139	169874	0.000818254
chr9_gl000199_random	7	43	169874	0.000253129
chr9_gl000199_random	8	28	169874	0.000164828
chr9_gl000199_random	9	12	169874	7.06406e-05
chr9_gl000199_random	10	32	169874	0.000188375
chr9_gl000199_random	11	15	169874	8.83007e-05
chr9_gl000199_random	12	18	169874	0.000105961
chr9_gl000200_random	0	185431	187035	0.991424
chr9_gl000200_random	1	1558	187035	0.00832999
chr9_gl000200_random	2	46	187035	0.000245943
chr9_gl000201_random	0	35998	36148	0.99585
chr9_gl000201_random	1	150	36148	0.00414961
chr11_gl000202_random	0	39753	40103	0.991272
chr11_gl000202_random	1	350	40103	0.00872753
chr17_ctg5_hap1	0	1668165	1680828	0.992466
chr17_ctg5_hap1	1	12626	1680828	0.00751177
chr17_ctg5_hap1	2	37	1680828	2.2013e-05
chr17_gl000203_random	0	37104	37498	0.989493
chr17_gl000203_random	1	394	37498	0.0105072
chr17_gl000204_random	0	79660	81310	0.979707
chr17_gl000204_random	1	1650	81310	0.0202927
chr17_gl000205_random	0	171716	174588	0.98355
chr17_gl000205_random	1	2794	174588	0.0160034
chr17_gl000205_random	2	78	174588	0.000446766
chr17_gl000206_random	0	40751	41001	0.993903
chr17_gl000206_random	1	250	41001	0.00609741
chr18_gl000207_random	0	4212	4262	0.988268
chr18_gl000207_random	1	50	4262	0.0117316
chr19_gl000208_random	0	85793	92689	0.925601
chr19_gl000208_random	1	5670	92689	0.0611723
chr19_gl000208_random	2	830	92689	0.00895468
chr19_gl000208_random	3	214	92689	0.0023088
chr19_gl000208_random	4	132	92689	0.00142412
chr19_gl000208_random	5	50	92689	0.000539438
chr19_gl000209_random	0	157219	159169	0.987749
chr19_gl000209_random	1	1950	159169	0.0122511
chr21_gl000210_random	0	27532	27682	0.994581
chr21_gl000210_random	1	150	27682	0.00541868
chrUn_gl000211	0	163266	166566	0.980188
chrUn_gl000211	1	3300	166566	0.019812
chrUn_gl000212	0	184023	186858	0.984828
chrUn_gl000212	1	2770	186858	0.0148241
chrUn_gl000212	2	65	186858	0.000347858
chrUn_gl000213	0	163489	164239	0.995434
chrUn_gl000213	1	750	164239	0.00456652
chrUn_gl000214	0	133678	137718	0.970665
chrUn_gl000214	1	3930	137718	0.0285366
chrUn_gl000214	2	110	137718	0.000798734
chrUn_gl000215	0	170795	172545	0.989858
chrUn_gl000215	1	1750	172545	0.0101423
chrUn_gl000216	0	149651	172294	0.868579
chrUn_gl000216	1	17835	172294	0.103515
chrUn_gl000216	2	3361	172294	0.0195074
chrUn_gl000216	3	722	172294	0.00419051
chrUn_gl000216	4	445	172294	0.00258279
chrUn_gl000216	5	95	172294	0.000551383
chrUn_gl000216	6	33	172294	0.000191533
chrUn_gl000216	7	73	172294	0.000423694
chrUn_gl000216	8	24	172294	0.000139297
chrUn_gl000216	9	8	172294	4.64323e-05
chrUn_gl000216	10	5	172294	2.90202e-05
chrUn_gl000216	11	4	172294	2.32161e-05
chrUn_gl000216	12	4	172294	2.32161e-05
chrUn_gl000216	13	2	172294	1.16081e-05
chrUn_gl000216	14	4	172294	2.32161e-05
chrUn_gl000216	15	23	172294	0.000133493
chrUn_gl000216	16	5	172294	2.90202e-05
chrUn_gl000217	0	167298	172149	0.971821
chrUn_gl000217	1	4752	172149	0.027604
chrUn_gl000217	2	99	172149	0.000575083
chrUn_gl000218	0	158947	161147	0.986348
chrUn_gl000218	1	2200	161147	0.0136521
chrUn_gl000219	0	175503	179198	0.97938
chrUn_gl000219	1	3640	179198	0.0203127
chrUn_gl000219	2	55	179198	0.000306923
chrUn_gl000220	0	143746	161802	0.888407
chrUn_gl000220	1	15275	161802	0.0944055
chrUn_gl000220	2	2479	161802	0.0153212
chrUn_gl000220	3	241	161802	0.00148947
chrUn_gl000220	4	61	161802	0.000377004
chrUn_gl000221	0	151615	155397	0.975662
chrUn_gl000221	1	3764	155397	0.0242218
chrUn_gl000221	2	18	155397	0.000115832
chrUn_gl000222	0	184511	186861	0.987424
chrUn_gl000222	1	2350	186861	0.0125762
chrUn_gl000223	0	179805	180455	0.996398
chrUn_gl000223	1	650	180455	0.00360201
chrUn_gl000224	0	176216	179693	0.98065
chrUn_gl000224	1	3304	179693	0.0183869
chrUn_gl000224	2	173	179693	0.000962753
chrUn_gl000225	0	186185	211173	0.88167
chrUn_gl000225	1	21120	211173	0.100013
chrUn_gl000225	2	3103	211173	0.0146941
chrUn_gl000225	3	588	211173	0.00278445
chrUn_gl000225	4	91	211173	0.000430926
chrUn_gl000225	5	9	211173	4.26191e-05
chrUn_gl000225	6	1	211173	4.73545e-06
chrUn_gl000225	7	7	211173	3.31482e-05
chrUn_gl000225	8	4	211173	1.89418e-05
chrUn_gl000225	9	3	211173	1.42064e-05
chrUn_gl000225	10	7	211173	3.31482e-05
chrUn_gl000225	11	5	211173	2.36773e-05
chrUn_gl000225	12	5	211173	2.36773e-05
chrUn_gl000225	13	7	211173	3.31482e-05
chrUn_gl000225	14	3	211173	1.42064e-05
chrUn_gl000225	15	4	211173	1.89418e-05
chrUn_gl000225	16	7	211173	3.31482e-05
chrUn_gl000225	17	1	211173	4.73545e-06
chrUn_gl000225	18	10	211173	4.73545e-05
chrUn_gl000225	19	10	211173	4.73545e-05
chrUn_gl000225	20	3	211173	1.42064e-05
chrUn_gl000226	0	1364	15008	0.0908849
chrUn_gl000226	1	3009	15008	0.200493
chrUn_gl000226	2	3199	15008	0.213153
chrUn_gl000226	3	2818	15008	0.187767
chrUn_gl000226	4	1930	15008	0.128598
chrUn_gl000226	5	1269	15008	0.0845549
chrUn_gl000226	6	644	15008	0.0429104
chrUn_gl000226	7	364	15008	0.0242537
chrUn_gl000226	8	217	15008	0.014459
chrUn_gl000226	9	121	15008	0.00806237
chrUn_gl000226	10	66	15008	0.00439765
chrUn_gl000226	11	7	15008	0.000466418
chrUn_gl000227	0	127174	128374	0.990652
chrUn_gl000227	1	1200	128374	0.00934769
chrUn_gl000228	0	126477	129120	0.979531
chrUn_gl000228	1	2386	129120	0.0184789
chrUn_gl000228	2	257	129120	0.0019904
chrUn_gl000229	0	18863	19913	0.947271
chrUn_gl000229	1	1050	19913	0.0527294
chrUn_gl000230	0	42115	43691	0.963929
chrUn_gl000230	1	1552	43691	0.0355222
chrUn_gl000230	2	24	43691	0.000549312
chrUn_gl000231	0	26374	27386	0.963047
chrUn_gl000231	1	974	27386	0.0355656
chrUn_gl000231	2	38	27386	0.00138757
chrUn_gl000232	0	38669	40652	0.95122
chrUn_gl000232	1	1966	40652	0.0483617
chrUn_gl000232	2	17	40652	0.000418184
chrUn_gl000233	0	44812	45941	0.975425
chrUn_gl000233	1	1108	45941	0.0241179
chrUn_gl000233	2	21	45941	0.000457108
chrUn_gl000234	0	38981	40531	0.961758
chrUn_gl000234	1	1550	40531	0.0382423
chrUn_gl000235	0	32322	34474	0.937576
chrUn_gl000235	1	2004	34474	0.0581308
chrUn_gl000235	2	148	34474	0.00429309
chrUn_gl000236	0	41484	41934	0.989269
chrUn_gl000236	1	450	41934	0.0107311
chrUn_gl000237	0	44917	45867	0.979288
chrUn_gl000237	1	950	45867	0.0207121
chrUn_gl000238	0	39589	39939	0.991237
chrUn_gl000238	1	350	39939	0.00876336
chrUn_gl000239	0	33024	33824	0.976348
chrUn_gl000239	1	800	33824	0.0236518
chrUn_gl000240	0	40891	41933	0.975151
chrUn_gl000240	1	1034	41933	0.0246584
chrUn_gl000240	2	8	41933	0.000190781
chrUn_gl000241	0	40016	42152	0.949326
chrUn_gl000241	1	2122	42152	0.0503416
chrUn_gl000241	2	14	42152	0.000332131
chrUn_gl000242	0	43173	43523	0.991958
chrUn_gl000242	1	350	43523	0.00804173
chrUn_gl000243	0	41791	43341	0.964237
chrUn_gl000243	1	1550	43341	0.0357629
chrUn_gl000244	0	39529	39929	0.989982
chrUn_gl000244	1	400	39929	0.0100178
chrUn_gl000245	0	36051	36651	0.983629
chrUn_gl000245	1	600	36651	0.0163706
chrUn_gl000246	0	37654	38154	0.986895
chrUn_gl000246	1	500	38154	0.0131048
chrUn_gl000247	0	35472	36422	0.973917
chrUn_gl000247	1	950	36422	0.0260831
chrUn_gl000248	0	39536	39786	0.993716
chrUn_gl000248	1	250	39786	0.00628362
chrUn_gl000249	0	38152	38502	0.99091
chrUn_gl000249	1	350	38502	0.00909044
genome	0	3098096538	3137161264	0.987548
genome	1	38537559	3137161264	0.0122842
genome	2	407271	3137161264	0.000129822
genome	3	48121	3137161264	1.5339e-05
genome	4	24250	3137161264	7.72992e-06
genome	5	14531	3137161264	4.63189e-06
genome	6	9315	3137161264	2.96924e-06
genome	7	5602	3137161264	1.78569e-06
genome	8	3881	3137161264	1.23711e-06
genome	9	2597	3137161264	8.27818e-07
genome	10	1919	3137161264	6.117e-07
genome	11	1631	3137161264	5.19897e-07
genome	12	1226	3137161264	3.90799e-07
genome	13	963	3137161264	3.06965e-07
genome	14	809	3137161264	2.57876e-07
genome	15	622	3137161264	1.98268e-07
genome	16	567	3137161264	1.80737e-07
genome	17	446	3137161264	1.42167e-07
genome	18	372	3137161264	1.18579e-07
genome	19	350	3137161264	1.11566e-07
genome	20	372	3137161264	1.18579e-07
genome	21	294	3137161264	9.37153e-08
genome	22	241	3137161264	7.6821e-08
genome	23	238	3137161264	7.58648e-08
genome	24	215	3137161264	6.85333e-08
genome	25	195	3137161264	6.21581e-08
genome	26	177	3137161264	5.64204e-08
genome	27	148	3137161264	4.71764e-08
genome	28	150	3137161264	4.78139e-08
genome	29	125	3137161264	3.98449e-08
genome	30	98	3137161264	3.12384e-08
genome	31	69	3137161264	2.19944e-08
genome	32	71	3137161264	2.26319e-08
genome	33	61	3137161264	1.94443e-08
genome	34	41	3137161264	1.30691e-08
genome	35	34	3137161264	1.08378e-08
genome	36	36	3137161264	1.14753e-08
genome	37	27	3137161264	8.60651e-09
genome	38	16	3137161264	5.10015e-09
genome	39	19	3137161264	6.05643e-09
genome	40	22	3137161264	7.01271e-09
genome	41	11	3137161264	3.50635e-09
genome	42	3	3137161264	9.56279e-10
genome	43	6	3137161264	1.91256e-09
genome	44	3	3137161264	9.56279e-10
genome	45	5	3137161264	1.5938e-09
genome	46	3	3137161264	9.56279e-10
genome	47	4	3137161264	1.27504e-09
genome	48	2	3137161264	6.37519e-10
genome	49	3	3137161264	9.56279e-10
genome	50	4	3137161264	1.27504e-09
genome	51	1	3137161264	3.1876e-10
