chrM	0	16521	16571	0.996983
chrM	1	50	16571	0.00301732
chr1	0	244745331	249250621	0.981925
chr1	1	4450254	249250621	0.0178545
chr1	2	52233	249250621	0.00020956
chr1	3	1158	249250621	4.64593e-06
chr1	4	152	249250621	6.09828e-07
chr1	5	92	249250621	3.69106e-07
chr1	6	117	249250621	4.69407e-07
chr1	7	43	249250621	1.72517e-07
chr1	8	47	249250621	1.88565e-07
chr1	9	66	249250621	2.64794e-07
chr1	10	65	249250621	2.60782e-07
chr1	11	50	249250621	2.00601e-07
chr1	12	52	249250621	2.08625e-07
chr1	13	54	249250621	2.16649e-07
chr1	14	58	249250621	2.32698e-07
chr1	15	71	249250621	2.84854e-07
chr1	16	80	249250621	3.20962e-07
chr1	17	33	249250621	1.32397e-07
chr1	18	36	249250621	1.44433e-07
chr1	19	40	249250621	1.60481e-07
chr1	20	41	249250621	1.64493e-07
chr1	21	40	249250621	1.60481e-07
chr1	22	41	249250621	1.64493e-07
chr1	23	33	249250621	1.32397e-07
chr1	24	18	249250621	7.22165e-08
chr1	25	24	249250621	9.62886e-08
chr1	26	18	249250621	7.22165e-08
chr1	27	17	249250621	6.82044e-08
chr1	28	22	249250621	8.82646e-08
chr1	29	31	249250621	1.24373e-07
chr1	30	30	249250621	1.20361e-07
chr1	31	40	249250621	1.60481e-07
chr1	32	28	249250621	1.12337e-07
chr1	33	32	249250621	1.28385e-07
chr1	34	36	249250621	1.44433e-07
chr1	35	13	249250621	5.21563e-08
chr1	36	17	249250621	6.82044e-08
chr1	37	20	249250621	8.02405e-08
chr1	38	13	249250621	5.21563e-08
chr1	39	19	249250621	7.62285e-08
chr1	40	20	249250621	8.02405e-08
chr1	41	16	249250621	6.41924e-08
chr1	42	7	249250621	2.80842e-08
chr1	43	12	249250621	4.81443e-08
chr1	44	1	249250621	4.01203e-09
chr2	0	239844277	243199373	0.986204
chr2	1	3309833	243199373	0.0136095
chr2	2	33026	243199373	0.000135798
chr2	3	5363	243199373	2.20519e-05
chr2	4	2965	243199373	1.21916e-05
chr2	5	1679	243199373	6.9038e-06
chr2	6	829	243199373	3.40873e-06
chr2	7	455	243199373	1.87089e-06
chr2	8	236	243199373	9.70397e-07
chr2	9	178	243199373	7.3191e-07
chr2	10	232	243199373	9.5395e-07
chr2	11	154	243199373	6.33225e-07
chr2	12	73	243199373	3.00165e-07
chr2	13	17	243199373	6.99015e-08
chr2	14	10	243199373	4.11185e-08
chr2	15	8	243199373	3.28948e-08
chr2	16	4	243199373	1.64474e-08
chr2	17	9	243199373	3.70067e-08
chr2	18	3	243199373	1.23356e-08
chr2	19	10	243199373	4.11185e-08
chr2	20	12	243199373	4.93422e-08
chr3	0	195040633	198022430	0.984942
chr3	1	2955398	198022430	0.0149246
chr3	2	25808	198022430	0.000130329
chr3	3	380	198022430	1.91897e-06
chr3	4	44	198022430	2.22197e-07
chr3	5	38	198022430	1.91897e-07
chr3	6	3	198022430	1.51498e-08
chr3	7	3	198022430	1.51498e-08
chr3	8	7	198022430	3.53495e-08
chr3	9	2	198022430	1.00999e-08
chr3	10	6	198022430	3.02996e-08
chr3	11	7	198022430	3.53495e-08
chr3	12	3	198022430	1.51498e-08
chr3	13	3	198022430	1.51498e-08
chr3	14	4	198022430	2.01997e-08
chr3	15	3	198022430	1.51498e-08
chr3	16	4	198022430	2.01997e-08
chr3	17	1	198022430	5.04993e-09
chr3	18	5	198022430	2.52497e-08
chr3	19	1	198022430	5.04993e-09
chr3	20	2	198022430	1.00999e-08
chr3	21	3	198022430	1.51498e-08
chr3	22	5	198022430	2.52497e-08
chr3	24	5	198022430	2.52497e-08
chr3	25	2	198022430	1.00999e-08
chr3	26	1	198022430	5.04993e-09
chr3	27	6	198022430	3.02996e-08
chr3	28	5	198022430	2.52497e-08
chr3	29	3	198022430	1.51498e-08
chr3	30	6	198022430	3.02996e-08
chr3	31	1	198022430	5.04993e-09
chr3	32	9	198022430	4.54494e-08
chr3	33	5	198022430	2.52497e-08
chr3	34	10	198022430	5.04993e-08
chr3	35	1	198022430	5.04993e-09
chr3	36	6	198022430	3.02996e-08
chr3	37	5	198022430	2.52497e-08
chr3	38	2	198022430	1.00999e-08
chr4	0	189003296	191154276	0.988747
chr4	1	2119927	191154276	0.0110901
chr4	2	22933	191154276	0.000119971
chr4	3	4282	191154276	2.24008e-05
chr4	4	1615	191154276	8.44867e-06
chr4	5	983	191154276	5.14244e-06
chr4	6	509	191154276	2.66277e-06
chr4	7	327	191154276	1.71066e-06
chr4	8	149	191154276	7.79475e-07
chr4	9	80	191154276	4.1851e-07
chr4	10	85	191154276	4.44667e-07
chr4	11	43	191154276	2.24949e-07
chr4	12	10	191154276	5.23138e-08
chr4	13	7	191154276	3.66196e-08
chr4	14	5	191154276	2.61569e-08
chr4	15	23	191154276	1.20322e-07
chr4	16	2	191154276	1.04628e-08
chr5	0	179037840	180915260	0.989623
chr5	1	1864744	180915260	0.0103073
chr5	2	12041	180915260	6.6556e-05
chr5	3	408	180915260	2.2552e-06
chr5	4	159	180915260	8.78864e-07
chr5	5	44	180915260	2.43208e-07
chr5	6	24	180915260	1.32659e-07
chr6	0	168600329	171115067	0.985304
chr6	1	2490409	171115067	0.014554
chr6	2	20145	171115067	0.000117728
chr6	3	558	171115067	3.26096e-06
chr6	4	391	171115067	2.28501e-06
chr6	5	335	171115067	1.95775e-06
chr6	6	266	171115067	1.55451e-06
chr6	7	344	171115067	2.01034e-06
chr6	8	398	171115067	2.32592e-06
chr6	9	615	171115067	3.59407e-06
chr6	10	467	171115067	2.72916e-06
chr6	11	276	171115067	1.61295e-06
chr6	12	200	171115067	1.1688e-06
chr6	13	170	171115067	9.93483e-07
chr6	14	97	171115067	5.6687e-07
chr6	15	47	171115067	2.74669e-07
chr6	16	10	171115067	5.84402e-08
chr6	17	4	171115067	2.33761e-08
chr6	18	6	171115067	3.50641e-08
chr7	0	157590650	159138663	0.990273
chr7	1	1531622	159138663	0.00962445
chr7	2	10862	159138663	6.82549e-05
chr7	3	1237	159138663	7.7731e-06
chr7	4	949	159138663	5.96335e-06
chr7	5	705	159138663	4.4301e-06
chr7	6	408	159138663	2.5638e-06
chr7	7	368	159138663	2.31245e-06
chr7	8	362	159138663	2.27475e-06
chr7	9	319	159138663	2.00454e-06
chr7	10	202	159138663	1.26933e-06
chr7	11	181	159138663	1.13737e-06
chr7	12	100	159138663	6.28383e-07
chr7	13	103	159138663	6.47234e-07
chr7	14	115	159138663	7.2264e-07
chr7	15	69	159138663	4.33584e-07
chr7	16	63	159138663	3.95881e-07
chr7	17	76	159138663	4.77571e-07
chr7	18	39	159138663	2.45069e-07
chr7	19	46	159138663	2.89056e-07
chr7	20	46	159138663	2.89056e-07
chr7	21	29	159138663	1.82231e-07
chr7	22	32	159138663	2.01083e-07
chr7	23	31	159138663	1.94799e-07
chr7	24	18	159138663	1.13109e-07
chr7	25	26	159138663	1.6338e-07
chr7	26	3	159138663	1.88515e-08
chr7	27	2	159138663	1.25677e-08
chr8	0	143052719	146364022	0.977376
chr8	1	3243894	146364022	0.0221632
chr8	2	55413	146364022	0.000378597
chr8	3	5658	146364022	3.8657e-05
chr8	4	2968	146364022	2.02782e-05
chr8	5	1559	146364022	1.06515e-05
chr8	6	910	146364022	6.21738e-06
chr8	7	475	146364022	3.24533e-06
chr8	8	204	146364022	1.39379e-06
chr8	9	90	146364022	6.14905e-07
chr8	10	50	146364022	3.41614e-07
chr8	11	52	146364022	3.55279e-07
chr8	12	9	146364022	6.14905e-08
chr8	13	12	146364022	8.19874e-08
chr8	14	9	146364022	6.14905e-08
chr9	0	139309135	141213431	0.986515
chr9	1	1885131	141213431	0.0133495
chr9	2	17977	141213431	0.000127304
chr9	3	731	141213431	5.17656e-06
chr9	4	139	141213431	9.84326e-07
chr9	5	130	141213431	9.20592e-07
chr9	6	62	141213431	4.39052e-07
chr9	7	43	141213431	3.04504e-07
chr9	8	39	141213431	2.76178e-07
chr9	9	9	141213431	6.37333e-08
chr9	10	4	141213431	2.83259e-08
chr9	11	12	141213431	8.49778e-08
chr9	12	19	141213431	1.34548e-07
chr10	0	133895276	135534747	0.987904
chr10	1	1597049	135534747	0.0117833
chr10	2	21140	135534747	0.000155975
chr10	3	5252	135534747	3.87502e-05
chr10	4	2748	135534747	2.02752e-05
chr10	5	2058	135534747	1.51843e-05
chr10	6	1511	135534747	1.11484e-05
chr10	7	1274	135534747	9.3998e-06
chr10	8	1219	135534747	8.994e-06
chr10	9	954	135534747	7.03879e-06
chr10	10	730	135534747	5.38607e-06
chr10	11	612	135534747	4.51545e-06
chr10	12	604	135534747	4.45642e-06
chr10	13	424	135534747	3.12835e-06
chr10	14	464	135534747	3.42348e-06
chr10	15	349	135534747	2.57499e-06
chr10	16	325	135534747	2.39791e-06
chr10	17	358	135534747	2.64139e-06
chr10	18	289	135534747	2.13229e-06
chr10	19	244	135534747	1.80028e-06
chr10	20	199	135534747	1.46826e-06
chr10	21	168	135534747	1.23953e-06
chr10	22	176	135534747	1.29856e-06
chr10	23	172	135534747	1.26905e-06
chr10	24	153	135534747	1.12886e-06
chr10	25	151	135534747	1.11411e-06
chr10	26	157	135534747	1.15837e-06
chr10	27	133	135534747	9.81298e-07
chr10	28	113	135534747	8.33735e-07
chr10	29	66	135534747	4.8696e-07
chr10	30	75	135534747	5.53364e-07
chr10	31	67	135534747	4.94338e-07
chr10	32	42	135534747	3.09884e-07
chr10	33	35	135534747	2.58236e-07
chr10	34	57	135534747	4.20556e-07
chr10	35	30	135534747	2.21345e-07
chr10	36	26	135534747	1.91833e-07
chr10	37	21	135534747	1.54942e-07
chr10	38	13	135534747	9.59164e-08
chr10	39	11	135534747	8.116e-08
chr10	40	2	135534747	1.47564e-08
chr11	0	132810156	135006516	0.983732
chr11	1	2170644	135006516	0.0160781
chr11	2	23222	135006516	0.000172007
chr11	3	959	135006516	7.10336e-06
chr11	4	525	135006516	3.8887e-06
chr11	5	311	135006516	2.30359e-06
chr11	6	186	135006516	1.37771e-06
chr11	7	113	135006516	8.36997e-07
chr11	8	155	135006516	1.14809e-06
chr11	9	99	135006516	7.33298e-07
chr11	10	78	135006516	5.7775e-07
chr11	11	27	135006516	1.9999e-07
chr11	12	18	135006516	1.33327e-07
chr11	13	23	135006516	1.70362e-07
chr12	0	132632222	133851895	0.990888
chr12	1	1212141	133851895	0.00905584
chr12	2	6652	133851895	4.96967e-05
chr12	3	530	133851895	3.9596e-06
chr12	4	208	133851895	1.55396e-06
chr12	5	87	133851895	6.49972e-07
chr12	6	37	133851895	2.76425e-07
chr12	7	18	133851895	1.34477e-07
chr13	0	114294873	115169878	0.992402
chr13	1	871769	115169878	0.00756942
chr13	2	3227	115169878	2.80195e-05
chr13	3	9	115169878	7.81454e-08
chr14	0	106445724	107349540	0.991581
chr14	1	898780	107349540	0.00837246
chr14	2	4988	107349540	4.6465e-05
chr14	3	48	107349540	4.47137e-07
chr15	0	101787154	102531392	0.992741
chr15	1	740809	102531392	0.00722519
chr15	2	3396	102531392	3.31216e-05
chr15	3	33	102531392	3.21853e-07
chr16	0	89572889	90354753	0.991347
chr16	1	745666	90354753	0.00825265
chr16	2	13771	90354753	0.00015241
chr16	3	7709	90354753	8.53193e-05
chr16	4	5434	90354753	6.01407e-05
chr16	5	3791	90354753	4.19568e-05
chr16	6	2663	90354753	2.94727e-05
chr16	7	1479	90354753	1.63688e-05
chr16	8	622	90354753	6.88398e-06
chr16	9	241	90354753	2.66726e-06
chr16	10	204	90354753	2.25777e-06
chr16	11	64	90354753	7.08319e-07
chr16	12	58	90354753	6.41914e-07
chr16	13	50	90354753	5.53374e-07
chr16	14	38	90354753	4.20564e-07
chr16	15	28	90354753	3.0989e-07
chr16	16	11	90354753	1.21742e-07
chr16	17	8	90354753	8.85399e-08
chr16	18	21	90354753	2.32417e-07
chr16	19	4	90354753	4.42699e-08
chr16	20	2	90354753	2.2135e-08
chr17	0	80257698	81195210	0.988454
chr17	1	928937	81195210	0.0114408
chr17	2	7507	81195210	9.24562e-05
chr17	3	496	81195210	6.10873e-06
chr17	4	294	81195210	3.6209e-06
chr17	5	155	81195210	1.90898e-06
chr17	6	101	81195210	1.24392e-06
chr17	7	22	81195210	2.70952e-07
chr18	0	77092073	78077248	0.987382
chr18	1	975907	78077248	0.0124992
chr18	2	7962	78077248	0.000101976
chr18	3	563	78077248	7.21081e-06
chr18	4	402	78077248	5.14875e-06
chr18	5	96	78077248	1.22955e-06
chr18	6	30	78077248	3.84235e-07
chr18	7	57	78077248	7.30046e-07
chr18	8	33	78077248	4.22658e-07
chr18	9	16	78077248	2.04925e-07
chr18	10	36	78077248	4.61082e-07
chr18	11	39	78077248	4.99505e-07
chr18	12	7	78077248	8.96548e-08
chr18	13	6	78077248	7.6847e-08
chr18	14	14	78077248	1.7931e-07
chr18	15	4	78077248	5.12313e-08
chr18	16	3	78077248	3.84235e-08
chr19	0	58441389	59128983	0.988371
chr19	1	678100	59128983	0.0114681
chr19	2	5801	59128983	9.81076e-05
chr19	3	552	59128983	9.33552e-06
chr19	4	476	59128983	8.0502e-06
chr19	5	393	59128983	6.64649e-06
chr19	6	420	59128983	7.10312e-06
chr19	7	279	59128983	4.7185e-06
chr19	8	243	59128983	4.10966e-06
chr19	9	198	59128983	3.34861e-06
chr19	10	174	59128983	2.94272e-06
chr19	11	145	59128983	2.45227e-06
chr19	12	149	59128983	2.51991e-06
chr19	13	75	59128983	1.26841e-06
chr19	14	72	59128983	1.21768e-06
chr19	15	51	59128983	8.62521e-07
chr19	16	55	59128983	9.3017e-07
chr19	17	54	59128983	9.13258e-07
chr19	18	34	59128983	5.75014e-07
chr19	19	51	59128983	8.62521e-07
chr19	20	34	59128983	5.75014e-07
chr19	21	35	59128983	5.91926e-07
chr19	22	44	59128983	7.44136e-07
chr19	23	31	59128983	5.24278e-07
chr19	24	36	59128983	6.08838e-07
chr19	25	31	59128983	5.24278e-07
chr19	26	25	59128983	4.22805e-07
chr19	27	21	59128983	3.55156e-07
chr19	28	13	59128983	2.19858e-07
chr19	29	2	59128983	3.38244e-08
chr20	0	62059410	63025520	0.984671
chr20	1	956581	63025520	0.0151777
chr20	2	8902	63025520	0.000141244
chr20	3	325	63025520	5.15664e-06
chr20	4	234	63025520	3.71278e-06
chr20	5	25	63025520	3.96665e-07
chr20	6	6	63025520	9.51995e-08
chr20	7	3	63025520	4.75998e-08
chr20	8	34	63025520	5.39464e-07
chr21	0	47653995	48129895	0.990112
chr21	1	469691	48129895	0.00975882
chr21	2	5199	48129895	0.00010802
chr21	3	641	48129895	1.33181e-05
chr21	4	187	48129895	3.88532e-06
chr21	5	25	48129895	5.19428e-07
chr21	6	63	48129895	1.30896e-06
chr21	7	19	48129895	3.94765e-07
chr21	8	26	48129895	5.40205e-07
chr21	9	4	48129895	8.31084e-08
chr21	10	2	48129895	4.15542e-08
chr21	11	3	48129895	6.23313e-08
chr21	12	13	48129895	2.70102e-07
chr21	13	27	48129895	5.60982e-07
chr22	0	50831737	51304566	0.990784
chr22	1	468363	51304566	0.00912907
chr22	2	4265	51304566	8.3131e-05
chr22	3	70	51304566	1.3644e-06
chr22	4	46	51304566	8.96606e-07
chr22	5	53	51304566	1.03305e-06
chr22	6	26	51304566	5.06777e-07
chr22	7	6	51304566	1.16949e-07
chrX	0	153746372	155270560	0.990184
chrX	1	1505961	155270560	0.00969895
chrX	2	15419	155270560	9.93041e-05
chrX	3	1836	155270560	1.18245e-05
chrX	4	599	155270560	3.85778e-06
chrX	5	170	155270560	1.09486e-06
chrX	6	109	155270560	7.02e-07
chrX	7	24	155270560	1.54569e-07
chrX	8	24	155270560	1.54569e-07
chrX	9	29	155270560	1.86771e-07
chrX	10	15	155270560	9.66056e-08
chrX	11	2	155270560	1.28807e-08
chrY	0	59268720	59373566	0.998234
chrY	1	96313	59373566	0.00162215
chrY	2	5136	59373566	8.65031e-05
chrY	3	1777	59373566	2.99291e-05
chrY	4	973	59373566	1.63878e-05
chrY	5	414	59373566	6.9728e-06
chrY	6	77	59373566	1.29687e-06
chrY	7	19	59373566	3.20008e-07
chrY	8	18	59373566	3.03165e-07
chrY	9	42	59373566	7.07385e-07
chrY	10	33	59373566	5.55803e-07
chrY	11	15	59373566	2.52638e-07
chrY	12	17	59373566	2.86323e-07
chrY	13	12	59373566	2.0211e-07
chr1_gl000191_random	0	105433	106433	0.990604
chr1_gl000191_random	1	1000	106433	0.00939558
chr1_gl000192_random	0	535803	547496	0.978643
chr1_gl000192_random	1	11586	547496	0.0211618
chr1_gl000192_random	2	107	547496	0.000195435
chr4_ctg9_hap1	0	583488	590426	0.988249
chr4_ctg9_hap1	1	6926	590426	0.0117305
chr4_ctg9_hap1	2	12	590426	2.03243e-05
chr4_gl000193_random	0	184640	189789	0.97287
chr4_gl000193_random	1	5098	189789	0.0268614
chr4_gl000193_random	2	51	189789	0.000268719
chr4_gl000194_random	0	187495	191469	0.979245
chr4_gl000194_random	1	3898	191469	0.0203584
chr4_gl000194_random	2	76	191469	0.000396931
chr6_apd_hap1	0	4613588	4622290	0.998117
chr6_apd_hap1	1	8654	4622290	0.00187223
chr6_apd_hap1	2	48	4622290	1.03845e-05
chr6_cox_hap2	0	4775498	4795371	0.995856
chr6_cox_hap2	1	19796	4795371	0.00412815
chr6_cox_hap2	2	77	4795371	1.60572e-05
chr6_dbb_hap3	0	4593809	4610396	0.996402
chr6_dbb_hap3	1	16524	4610396	0.00358407
chr6_dbb_hap3	2	63	4610396	1.36648e-05
chr6_mann_hap4	0	4666815	4683263	0.996488
chr6_mann_hap4	1	16396	4683263	0.00350098
chr6_mann_hap4	2	52	4683263	1.11034e-05
chr6_mcf_hap5	0	4819337	4833398	0.997091
chr6_mcf_hap5	1	14022	4833398	0.00290106
chr6_mcf_hap5	2	39	4833398	8.06886e-06
chr6_qbl_hap6	0	4593437	4611984	0.995979
chr6_qbl_hap6	1	18544	4611984	0.00402083
chr6_qbl_hap6	2	3	4611984	6.50479e-07
chr6_ssto_hap7	0	4911542	4928567	0.996546
chr6_ssto_hap7	1	16850	4928567	0.00341884
chr6_ssto_hap7	2	175	4928567	3.55073e-05
chr7_gl000195_random	0	179330	182896	0.980503
chr7_gl000195_random	1	3532	182896	0.0193115
chr7_gl000195_random	2	34	182896	0.000185898
chr8_gl000196_random	0	38564	38914	0.991006
chr8_gl000196_random	1	350	38914	0.00899419
chr8_gl000197_random	0	37075	37175	0.99731
chr8_gl000197_random	1	100	37175	0.00268998
chr9_gl000198_random	0	87691	90085	0.973425
chr9_gl000198_random	1	2388	90085	0.0265083
chr9_gl000198_random	2	6	90085	6.66038e-05
chr9_gl000199_random	0	123873	169874	0.729205
chr9_gl000199_random	1	33642	169874	0.198041
chr9_gl000199_random	2	8950	169874	0.0526861
chr9_gl000199_random	3	2184	169874	0.0128566
chr9_gl000199_random	4	712	169874	0.00419134
chr9_gl000199_random	5	163	169874	0.000959535
chr9_gl000199_random	6	112	169874	0.000659312
chr9_gl000199_random	7	56	169874	0.000329656
chr9_gl000199_random	8	34	169874	0.000200148
chr9_gl000199_random	9	19	169874	0.000111848
chr9_gl000199_random	10	12	169874	7.06406e-05
chr9_gl000199_random	11	29	169874	0.000170715
chr9_gl000199_random	12	24	169874	0.000141281
chr9_gl000199_random	13	14	169874	8.2414e-05
chr9_gl000199_random	14	23	169874	0.000135394
chr9_gl000199_random	15	2	169874	1.17734e-05
chr9_gl000199_random	16	7	169874	4.1207e-05
chr9_gl000199_random	17	11	169874	6.47539e-05
chr9_gl000199_random	18	7	169874	4.1207e-05
chr9_gl000200_random	0	185135	187035	0.989841
chr9_gl000200_random	1	1900	187035	0.0101585
chr9_gl000201_random	0	36098	36148	0.998617
chr9_gl000201_random	1	50	36148	0.0013832
chr11_gl000202_random	0	39803	40103	0.992519
chr11_gl000202_random	1	300	40103	0.00748074
chr17_ctg5_hap1	0	1668666	1680828	0.992764
chr17_ctg5_hap1	1	12124	1680828	0.00721311
chr17_ctg5_hap1	2	38	1680828	2.26079e-05
chr17_gl000203_random	0	36948	37498	0.985333
chr17_gl000203_random	1	550	37498	0.0146674
chr17_gl000204_random	0	80110	81310	0.985242
chr17_gl000204_random	1	1200	81310	0.0147583
chr17_gl000205_random	0	171496	174588	0.98229
chr17_gl000205_random	1	3084	174588	0.0176644
chr17_gl000205_random	2	8	174588	4.58222e-05
chr17_gl000206_random	0	40551	41001	0.989025
chr17_gl000206_random	1	450	41001	0.0109753
chr18_gl000207_random	0	4212	4262	0.988268
chr18_gl000207_random	1	50	4262	0.0117316
chr19_gl000208_random	0	85780	92689	0.92546
chr19_gl000208_random	1	5734	92689	0.0618628
chr19_gl000208_random	2	683	92689	0.00736873
chr19_gl000208_random	3	278	92689	0.00299928
chr19_gl000208_random	4	133	92689	0.00143491
chr19_gl000208_random	5	59	92689	0.000636537
chr19_gl000208_random	6	15	92689	0.000161832
chr19_gl000208_random	7	7	92689	7.55214e-05
chr19_gl000209_random	0	156316	159169	0.982076
chr19_gl000209_random	1	2806	159169	0.0176291
chr19_gl000209_random	2	47	159169	0.000295284
chr21_gl000210_random	0	27632	27682	0.998194
chr21_gl000210_random	1	50	27682	0.00180623
chrUn_gl000211	0	163288	166566	0.98032
chrUn_gl000211	1	3206	166566	0.0192476
chrUn_gl000211	2	72	166566	0.000432261
chrUn_gl000212	0	183753	186858	0.983383
chrUn_gl000212	1	3010	186858	0.0161085
chrUn_gl000212	2	95	186858	0.000508407
chrUn_gl000213	0	163060	164239	0.992821
chrUn_gl000213	1	1158	164239	0.0070507
chrUn_gl000213	2	21	164239	0.000127862
chrUn_gl000214	0	132996	137718	0.965713
chrUn_gl000214	1	4594	137718	0.033358
chrUn_gl000214	2	128	137718	0.000929436
chrUn_gl000215	0	171245	172545	0.992466
chrUn_gl000215	1	1300	172545	0.00753427
chrUn_gl000216	0	148503	172294	0.861916
chrUn_gl000216	1	17732	172294	0.102917
chrUn_gl000216	2	3680	172294	0.0213588
chrUn_gl000216	3	1392	172294	0.00807921
chrUn_gl000216	4	594	172294	0.0034476
chrUn_gl000216	5	173	172294	0.0010041
chrUn_gl000216	6	99	172294	0.000574599
chrUn_gl000216	7	37	172294	0.000214749
chrUn_gl000216	8	34	172294	0.000197337
chrUn_gl000216	10	5	172294	2.90202e-05
chrUn_gl000216	11	6	172294	3.48242e-05
chrUn_gl000216	12	3	172294	1.74121e-05
chrUn_gl000216	13	5	172294	2.90202e-05
chrUn_gl000216	14	4	172294	2.32161e-05
chrUn_gl000216	15	3	172294	1.74121e-05
chrUn_gl000216	16	10	172294	5.80403e-05
chrUn_gl000216	17	14	172294	8.12565e-05
chrUn_gl000217	0	167479	172149	0.972872
chrUn_gl000217	1	4540	172149	0.0263725
chrUn_gl000217	2	130	172149	0.00075516
chrUn_gl000218	0	158417	161147	0.983059
chrUn_gl000218	1	2710	161147	0.0168169
chrUn_gl000218	2	20	161147	0.00012411
chrUn_gl000219	0	174727	179198	0.97505
chrUn_gl000219	1	4161	179198	0.0232201
chrUn_gl000219	2	291	179198	0.0016239
chrUn_gl000219	3	19	179198	0.000106028
chrUn_gl000220	0	145412	161802	0.898703
chrUn_gl000220	1	13931	161802	0.0860991
chrUn_gl000220	2	1934	161802	0.0119529
chrUn_gl000220	3	410	161802	0.00253396
chrUn_gl000220	4	104	161802	0.000642761
chrUn_gl000220	5	11	161802	6.79843e-05
chrUn_gl000221	0	151916	155397	0.977599
chrUn_gl000221	1	3412	155397	0.0219567
chrUn_gl000221	2	69	155397	0.000444024
chrUn_gl000222	0	183777	186861	0.983496
chrUn_gl000222	1	2952	186861	0.0157978
chrUn_gl000222	2	98	186861	0.000524454
chrUn_gl000222	3	34	186861	0.000181953
chrUn_gl000223	0	179805	180455	0.996398
chrUn_gl000223	1	650	180455	0.00360201
chrUn_gl000224	0	176205	179693	0.980589
chrUn_gl000224	1	3331	179693	0.0185372
chrUn_gl000224	2	152	179693	0.000845887
chrUn_gl000224	3	5	179693	2.78252e-05
chrUn_gl000225	0	186916	211173	0.885132
chrUn_gl000225	1	20455	211173	0.0968637
chrUn_gl000225	2	2925	211173	0.0138512
chrUn_gl000225	3	571	211173	0.00270394
chrUn_gl000225	4	155	211173	0.000733995
chrUn_gl000225	5	58	211173	0.000274656
chrUn_gl000225	6	20	211173	9.47091e-05
chrUn_gl000225	7	13	211173	6.15609e-05
chrUn_gl000225	8	4	211173	1.89418e-05
chrUn_gl000225	9	12	211173	5.68254e-05
chrUn_gl000225	10	4	211173	1.89418e-05
chrUn_gl000225	11	2	211173	9.47091e-06
chrUn_gl000225	12	8	211173	3.78836e-05
chrUn_gl000225	13	5	211173	2.36773e-05
chrUn_gl000225	14	3	211173	1.42064e-05
chrUn_gl000225	15	8	211173	3.78836e-05
chrUn_gl000225	16	6	211173	2.84127e-05
chrUn_gl000225	17	4	211173	1.89418e-05
chrUn_gl000225	18	4	211173	1.89418e-05
chrUn_gl000226	0	1735	15008	0.115605
chrUn_gl000226	1	2386	15008	0.158982
chrUn_gl000226	2	2613	15008	0.174107
chrUn_gl000226	3	2613	15008	0.174107
chrUn_gl000226	4	2574	15008	0.171509
chrUn_gl000226	5	1393	15008	0.0928172
chrUn_gl000226	6	907	15008	0.0604344
chrUn_gl000226	7	457	15008	0.0304504
chrUn_gl000226	8	204	15008	0.0135928
chrUn_gl000226	9	71	15008	0.00473081
chrUn_gl000226	10	8	15008	0.000533049
chrUn_gl000226	11	2	15008	0.000133262
chrUn_gl000226	12	22	15008	0.00146588
chrUn_gl000226	13	14	15008	0.000932836
chrUn_gl000226	14	7	15008	0.000466418
chrUn_gl000226	15	2	15008	0.000133262
chrUn_gl000227	0	126874	128374	0.988315
chrUn_gl000227	1	1500	128374	0.0116846
chrUn_gl000228	0	125919	129120	0.975209
chrUn_gl000228	1	3006	129120	0.0232807
chrUn_gl000228	2	191	129120	0.00147924
chrUn_gl000228	3	4	129120	3.09789e-05
chrUn_gl000229	0	19190	19913	0.963692
chrUn_gl000229	1	646	19913	0.0324411
chrUn_gl000229	2	77	19913	0.00386682
chrUn_gl000230	0	42391	43691	0.970246
chrUn_gl000230	1	1300	43691	0.0297544
chrUn_gl000231	0	26640	27386	0.97276
chrUn_gl000231	1	742	27386	0.0270941
chrUn_gl000231	2	4	27386	0.00014606
chrUn_gl000232	0	38968	40652	0.958575
chrUn_gl000232	1	1568	40652	0.0385713
chrUn_gl000232	2	116	40652	0.00285349
chrUn_gl000233	0	44141	45941	0.960819
chrUn_gl000233	1	1800	45941	0.0391807
chrUn_gl000234	0	38692	40531	0.954627
chrUn_gl000234	1	1778	40531	0.0438677
chrUn_gl000234	2	61	40531	0.00150502
chrUn_gl000235	0	32748	34474	0.949933
chrUn_gl000235	1	1603	34474	0.0464988
chrUn_gl000235	2	123	34474	0.00356791
chrUn_gl000236	0	41434	41934	0.988077
chrUn_gl000236	1	500	41934	0.0119235
chrUn_gl000237	0	44967	45867	0.980378
chrUn_gl000237	1	900	45867	0.0196219
chrUn_gl000238	0	39589	39939	0.991237
chrUn_gl000238	1	350	39939	0.00876336
chrUn_gl000239	0	33474	33824	0.989652
chrUn_gl000239	1	350	33824	0.0103477
chrUn_gl000240	0	40841	41933	0.973958
chrUn_gl000240	1	1084	41933	0.0258508
chrUn_gl000240	2	8	41933	0.000190781
chrUn_gl000241	0	39990	42152	0.948709
chrUn_gl000241	1	2124	42152	0.0503891
chrUn_gl000241	2	38	42152	0.000901499
chrUn_gl000242	0	43373	43523	0.996554
chrUn_gl000242	1	150	43523	0.00344645
chrUn_gl000243	0	41991	43341	0.968852
chrUn_gl000243	1	1350	43341	0.0311483
chrUn_gl000244	0	39479	39929	0.98873
chrUn_gl000244	1	450	39929	0.01127
chrUn_gl000245	0	35873	36651	0.978773
chrUn_gl000245	1	756	36651	0.020627
chrUn_gl000245	2	22	36651	0.000600256
chrUn_gl000246	0	37754	38154	0.989516
chrUn_gl000246	1	400	38154	0.0104838
chrUn_gl000247	0	35480	36422	0.974137
chrUn_gl000247	1	934	36422	0.0256438
chrUn_gl000247	2	8	36422	0.000219647
chrUn_gl000248	0	39386	39786	0.989946
chrUn_gl000248	1	400	39786	0.0100538
chrUn_gl000249	0	38302	38502	0.994805
chrUn_gl000249	1	200	38502	0.00519454
genome	0	3098137314	3137161264	0.987561
genome	1	38488996	3137161264	0.0122687
genome	2	410370	3137161264	0.000130809
genome	3	48085	3137161264	1.53276e-05
genome	4	25780	3137161264	8.21762e-06
genome	5	15000	3137161264	4.78139e-06
genome	6	9510	3137161264	3.0314e-06
genome	7	5941	3137161264	1.89375e-06
genome	8	4092	3137161264	1.30436e-06
genome	9	3044	3137161264	9.70304e-07
genome	10	2412	3137161264	7.68848e-07
genome	11	1721	3137161264	5.48585e-07
genome	12	1389	3137161264	4.42757e-07
genome	13	1021	3137161264	3.25453e-07
genome	14	923	3137161264	2.94215e-07
genome	15	668	3137161264	2.12931e-07
genome	16	580	3137161264	1.84881e-07
genome	17	572	3137161264	1.8233e-07
genome	18	444	3137161264	1.41529e-07
genome	19	396	3137161264	1.26229e-07
genome	20	336	3137161264	1.07103e-07
genome	21	275	3137161264	8.76589e-08
genome	22	298	3137161264	9.49903e-08
genome	23	267	3137161264	8.51088e-08
genome	24	230	3137161264	7.33147e-08
genome	25	234	3137161264	7.45897e-08
genome	26	204	3137161264	6.50269e-08
genome	27	179	3137161264	5.7058e-08
genome	28	153	3137161264	4.87702e-08
genome	29	102	3137161264	3.25135e-08
genome	30	111	3137161264	3.53823e-08
genome	31	108	3137161264	3.4426e-08
genome	32	79	3137161264	2.5182e-08
genome	33	72	3137161264	2.29507e-08
genome	34	103	3137161264	3.28322e-08
genome	35	44	3137161264	1.40254e-08
genome	36	49	3137161264	1.56192e-08
genome	37	46	3137161264	1.46629e-08
genome	38	28	3137161264	8.92527e-09
genome	39	30	3137161264	9.56279e-09
genome	40	22	3137161264	7.01271e-09
genome	41	16	3137161264	5.10015e-09
genome	42	7	3137161264	2.23132e-09
genome	43	12	3137161264	3.82511e-09
genome	44	1	3137161264	3.1876e-10
