chrM	0	16521	16571	0.996983
chrM	1	50	16571	0.00301732
chr1	0	244757775	249250621	0.981975
chr1	1	4439945	249250621	0.0178132
chr1	2	49891	249250621	0.000200164
chr1	3	1151	249250621	4.61784e-06
chr1	4	286	249250621	1.14744e-06
chr1	5	232	249250621	9.3079e-07
chr1	6	98	249250621	3.93179e-07
chr1	7	53	249250621	2.12637e-07
chr1	8	51	249250621	2.04613e-07
chr1	9	31	249250621	1.24373e-07
chr1	10	60	249250621	2.40722e-07
chr1	11	55	249250621	2.20661e-07
chr1	12	47	249250621	1.88565e-07
chr1	13	35	249250621	1.40421e-07
chr1	14	54	249250621	2.16649e-07
chr1	15	52	249250621	2.08625e-07
chr1	16	35	249250621	1.40421e-07
chr1	17	40	249250621	1.60481e-07
chr1	18	59	249250621	2.3671e-07
chr1	19	65	249250621	2.60782e-07
chr1	20	58	249250621	2.32698e-07
chr1	21	35	249250621	1.40421e-07
chr1	22	60	249250621	2.40722e-07
chr1	23	40	249250621	1.60481e-07
chr1	24	32	249250621	1.28385e-07
chr1	25	39	249250621	1.56469e-07
chr1	26	23	249250621	9.22766e-08
chr1	27	31	249250621	1.24373e-07
chr1	28	29	249250621	1.16349e-07
chr1	29	18	249250621	7.22165e-08
chr1	30	18	249250621	7.22165e-08
chr1	31	24	249250621	9.62886e-08
chr1	32	16	249250621	6.41924e-08
chr1	33	31	249250621	1.24373e-07
chr1	34	30	249250621	1.20361e-07
chr1	35	16	249250621	6.41924e-08
chr1	36	15	249250621	6.01804e-08
chr1	37	19	249250621	7.62285e-08
chr1	38	13	249250621	5.21563e-08
chr1	39	21	249250621	8.42525e-08
chr1	40	9	249250621	3.61082e-08
chr1	41	3	249250621	1.20361e-08
chr1	42	3	249250621	1.20361e-08
chr1	43	7	249250621	2.80842e-08
chr1	44	12	249250621	4.81443e-08
chr1	45	1	249250621	4.01203e-09
chr1	46	3	249250621	1.20361e-08
chr2	0	239848356	243199373	0.986221
chr2	1	3306722	243199373	0.0135968
chr2	2	32422	243199373	0.000133314
chr2	3	5150	243199373	2.1176e-05
chr2	4	2877	243199373	1.18298e-05
chr2	5	1607	243199373	6.60775e-06
chr2	6	775	243199373	3.18669e-06
chr2	7	537	243199373	2.20806e-06
chr2	8	276	243199373	1.13487e-06
chr2	9	188	243199373	7.73028e-07
chr2	10	113	243199373	4.64639e-07
chr2	11	127	243199373	5.22205e-07
chr2	12	103	243199373	4.23521e-07
chr2	13	30	243199373	1.23356e-07
chr2	14	73	243199373	3.00165e-07
chr2	15	15	243199373	6.16778e-08
chr2	16	2	243199373	8.22371e-09
chr3	0	195054688	198022430	0.985013
chr3	1	2941433	198022430	0.014854
chr3	2	25872	198022430	0.000130652
chr3	3	209	198022430	1.05544e-06
chr3	4	36	198022430	1.81798e-07
chr3	5	30	198022430	1.51498e-07
chr3	6	17	198022430	8.58489e-08
chr3	7	8	198022430	4.03995e-08
chr3	8	7	198022430	3.53495e-08
chr3	9	9	198022430	4.54494e-08
chr3	10	5	198022430	2.52497e-08
chr3	11	5	198022430	2.52497e-08
chr3	12	6	198022430	3.02996e-08
chr3	13	4	198022430	2.01997e-08
chr3	14	2	198022430	1.00999e-08
chr3	15	3	198022430	1.51498e-08
chr3	16	3	198022430	1.51498e-08
chr3	17	5	198022430	2.52497e-08
chr3	18	7	198022430	3.53495e-08
chr3	19	2	198022430	1.00999e-08
chr3	20	4	198022430	2.01997e-08
chr3	21	4	198022430	2.01997e-08
chr3	22	4	198022430	2.01997e-08
chr3	23	6	198022430	3.02996e-08
chr3	24	2	198022430	1.00999e-08
chr3	25	10	198022430	5.04993e-08
chr3	26	6	198022430	3.02996e-08
chr3	27	5	198022430	2.52497e-08
chr3	28	6	198022430	3.02996e-08
chr3	29	11	198022430	5.55493e-08
chr3	30	10	198022430	5.04993e-08
chr3	31	10	198022430	5.04993e-08
chr3	32	1	198022430	5.04993e-09
chr4	0	189015318	191154276	0.98881
chr4	1	2107583	191154276	0.0110256
chr4	2	22675	191154276	0.000118621
chr4	3	4901	191154276	2.5639e-05
chr4	4	1924	191154276	1.00652e-05
chr4	5	999	191154276	5.22615e-06
chr4	6	481	191154276	2.51629e-06
chr4	7	184	191154276	9.62573e-07
chr4	8	90	191154276	4.70824e-07
chr4	9	55	191154276	2.87726e-07
chr4	10	7	191154276	3.66196e-08
chr4	11	17	191154276	8.89334e-08
chr4	12	3	191154276	1.56941e-08
chr4	13	5	191154276	2.61569e-08
chr4	14	6	191154276	3.13883e-08
chr4	15	3	191154276	1.56941e-08
chr4	16	5	191154276	2.61569e-08
chr4	17	5	191154276	2.61569e-08
chr4	18	3	191154276	1.56941e-08
chr4	19	12	191154276	6.27765e-08
chr5	0	179016899	180915260	0.989507
chr5	1	1887512	180915260	0.0104331
chr5	2	10489	180915260	5.79774e-05
chr5	3	215	180915260	1.1884e-06
chr5	4	95	180915260	5.25108e-07
chr5	5	9	180915260	4.9747e-08
chr5	6	4	180915260	2.21098e-08
chr5	7	4	180915260	2.21098e-08
chr5	8	9	180915260	4.9747e-08
chr5	9	24	180915260	1.32659e-07
chr6	0	168598854	171115067	0.985295
chr6	1	2493102	171115067	0.0145697
chr6	2	19211	171115067	0.000112269
chr6	3	486	171115067	2.84019e-06
chr6	4	501	171115067	2.92785e-06
chr6	5	522	171115067	3.05058e-06
chr6	6	397	171115067	2.32008e-06
chr6	7	435	171115067	2.54215e-06
chr6	8	400	171115067	2.33761e-06
chr6	9	367	171115067	2.14476e-06
chr6	10	268	171115067	1.5662e-06
chr6	11	200	171115067	1.1688e-06
chr6	12	93	171115067	5.43494e-07
chr6	13	94	171115067	5.49338e-07
chr6	14	72	171115067	4.20769e-07
chr6	15	43	171115067	2.51293e-07
chr6	16	21	171115067	1.22724e-07
chr6	17	1	171115067	5.84402e-09
chr7	0	157581237	159138663	0.990213
chr7	1	1540641	159138663	0.00968112
chr7	2	10821	159138663	6.79973e-05
chr7	3	1563	159138663	9.82162e-06
chr7	4	1122	159138663	7.05046e-06
chr7	5	817	159138663	5.13389e-06
chr7	6	516	159138663	3.24246e-06
chr7	7	384	159138663	2.41299e-06
chr7	8	384	159138663	2.41299e-06
chr7	9	188	159138663	1.18136e-06
chr7	10	162	159138663	1.01798e-06
chr7	11	133	159138663	8.35749e-07
chr7	12	130	159138663	8.16898e-07
chr7	13	139	159138663	8.73452e-07
chr7	14	61	159138663	3.83314e-07
chr7	15	66	159138663	4.14733e-07
chr7	16	70	159138663	4.39868e-07
chr7	17	56	159138663	3.51894e-07
chr7	18	23	159138663	1.44528e-07
chr7	19	36	159138663	2.26218e-07
chr7	20	29	159138663	1.82231e-07
chr7	21	24	159138663	1.50812e-07
chr7	22	24	159138663	1.50812e-07
chr7	23	23	159138663	1.44528e-07
chr7	24	5	159138663	3.14191e-08
chr7	25	2	159138663	1.25677e-08
chr7	26	7	159138663	4.39868e-08
chr8	0	143062781	146364022	0.977445
chr8	1	3235259	146364022	0.0221042
chr8	2	54108	146364022	0.000369681
chr8	3	5588	146364022	3.81788e-05
chr8	4	3294	146364022	2.25055e-05
chr8	5	1564	146364022	1.06857e-05
chr8	6	622	146364022	4.24968e-06
chr8	7	438	146364022	2.99254e-06
chr8	8	223	146364022	1.5236e-06
chr8	9	98	146364022	6.69563e-07
chr8	10	23	146364022	1.57142e-07
chr8	11	17	146364022	1.16149e-07
chr8	12	7	146364022	4.7826e-08
chr9	0	139309578	141213431	0.986518
chr9	1	1886761	141213431	0.0133611
chr9	2	16066	141213431	0.000113771
chr9	3	598	141213431	4.23472e-06
chr9	4	214	141213431	1.51544e-06
chr9	5	136	141213431	9.63081e-07
chr9	6	42	141213431	2.97422e-07
chr9	7	13	141213431	9.20592e-08
chr9	8	23	141213431	1.62874e-07
chr10	0	133884203	135534747	0.987822
chr10	1	1608202	135534747	0.0118656
chr10	2	21668	135534747	0.00015987
chr10	3	4782	135534747	3.52825e-05
chr10	4	2934	135534747	2.16476e-05
chr10	5	2077	135534747	1.53245e-05
chr10	6	1640	135534747	1.21002e-05
chr10	7	1174	135534747	8.66198e-06
chr10	8	1088	135534747	8.02746e-06
chr10	9	830	135534747	6.12389e-06
chr10	10	816	135534747	6.0206e-06
chr10	11	690	135534747	5.09095e-06
chr10	12	498	135534747	3.67433e-06
chr10	13	379	135534747	2.79633e-06
chr10	14	334	135534747	2.46431e-06
chr10	15	363	135534747	2.67828e-06
chr10	16	313	135534747	2.30937e-06
chr10	17	268	135534747	1.97735e-06
chr10	18	302	135534747	2.22821e-06
chr10	19	232	135534747	1.71174e-06
chr10	20	250	135534747	1.84455e-06
chr10	21	251	135534747	1.85192e-06
chr10	22	209	135534747	1.54204e-06
chr10	23	165	135534747	1.2174e-06
chr10	24	194	135534747	1.43137e-06
chr10	25	136	135534747	1.00343e-06
chr10	26	122	135534747	9.00138e-07
chr10	27	111	135534747	8.18978e-07
chr10	28	92	135534747	6.78793e-07
chr10	29	98	135534747	7.23062e-07
chr10	30	82	135534747	6.05011e-07
chr10	31	55	135534747	4.058e-07
chr10	32	54	135534747	3.98422e-07
chr10	33	26	135534747	1.91833e-07
chr10	34	24	135534747	1.77076e-07
chr10	35	18	135534747	1.32807e-07
chr10	36	16	135534747	1.18051e-07
chr10	37	14	135534747	1.03295e-07
chr10	38	17	135534747	1.25429e-07
chr10	39	14	135534747	1.03295e-07
chr10	40	5	135534747	3.68909e-08
chr10	41	1	135534747	7.37818e-09
chr11	0	132833122	135006516	0.983902
chr11	1	2147908	135006516	0.0159097
chr11	2	23092	135006516	0.000171044
chr11	3	775	135006516	5.74046e-06
chr11	4	501	135006516	3.71093e-06
chr11	5	323	135006516	2.39248e-06
chr11	6	260	135006516	1.92583e-06
chr11	7	195	135006516	1.44437e-06
chr11	8	153	135006516	1.13328e-06
chr11	9	88	135006516	6.5182e-07
chr11	10	49	135006516	3.62945e-07
chr11	11	12	135006516	8.88846e-08
chr11	12	12	135006516	8.88846e-08
chr11	13	11	135006516	8.14776e-08
chr11	14	11	135006516	8.14776e-08
chr11	15	4	135006516	2.96282e-08
chr12	0	132598828	133851895	0.990638
chr12	1	1245228	133851895	0.00930303
chr12	2	7418	133851895	5.54195e-05
chr12	3	172	133851895	1.285e-06
chr12	4	80	133851895	5.97676e-07
chr12	5	100	133851895	7.47094e-07
chr12	6	40	133851895	2.98838e-07
chr12	7	22	133851895	1.64361e-07
chr12	8	7	133851895	5.22966e-08
chr13	0	114312914	115169878	0.992559
chr13	1	853554	115169878	0.00741126
chr13	2	3384	115169878	2.93827e-05
chr13	3	26	115169878	2.25753e-07
chr14	0	106451190	107349540	0.991632
chr14	1	892890	107349540	0.0083176
chr14	2	5370	107349540	5.00235e-05
chr14	3	90	107349540	8.38383e-07
chr15	0	101788310	102531392	0.992753
chr15	1	739749	102531392	0.00721485
chr15	2	3298	102531392	3.21658e-05
chr15	3	35	102531392	3.41359e-07
chr16	0	89564816	90354753	0.991257
chr16	1	755616	90354753	0.00836277
chr16	2	13977	90354753	0.00015469
chr16	3	7187	90354753	7.9542e-05
chr16	4	5199	90354753	5.75399e-05
chr16	5	3249	90354753	3.59583e-05
chr16	6	2204	90354753	2.43927e-05
chr16	7	1244	90354753	1.3768e-05
chr16	8	656	90354753	7.26027e-06
chr16	9	286	90354753	3.1653e-06
chr16	10	196	90354753	2.16923e-06
chr16	11	112	90354753	1.23956e-06
chr16	12	11	90354753	1.21742e-07
chr17	0	80238936	81195210	0.988223
chr17	1	947772	81195210	0.0116728
chr17	2	7796	81195210	9.60155e-05
chr17	3	454	81195210	5.59146e-06
chr17	4	153	81195210	1.88435e-06
chr17	5	59	81195210	7.26644e-07
chr17	6	4	81195210	4.9264e-08
chr17	7	12	81195210	1.47792e-07
chr17	8	7	81195210	8.6212e-08
chr17	9	17	81195210	2.09372e-07
chr18	0	77082320	78077248	0.987257
chr18	1	986342	78077248	0.0126329
chr18	2	7181	78077248	9.1973e-05
chr18	3	604	78077248	7.73593e-06
chr18	4	268	78077248	3.4325e-06
chr18	5	131	78077248	1.67783e-06
chr18	6	83	78077248	1.06305e-06
chr18	7	139	78077248	1.78029e-06
chr18	8	55	78077248	7.04431e-07
chr18	9	36	78077248	4.61082e-07
chr18	10	23	78077248	2.9458e-07
chr18	11	7	78077248	8.96548e-08
chr18	12	19	78077248	2.43349e-07
chr18	13	11	78077248	1.40886e-07
chr18	14	7	78077248	8.96548e-08
chr18	15	11	78077248	1.40886e-07
chr18	16	6	78077248	7.6847e-08
chr18	17	5	78077248	6.40391e-08
chr19	0	58427807	59128983	0.988142
chr19	1	691911	59128983	0.0117017
chr19	2	5591	59128983	9.4556e-05
chr19	3	582	59128983	9.84289e-06
chr19	4	538	59128983	9.09875e-06
chr19	5	412	59128983	6.96782e-06
chr19	6	495	59128983	8.37153e-06
chr19	7	274	59128983	4.63394e-06
chr19	8	234	59128983	3.95745e-06
chr19	9	156	59128983	2.6383e-06
chr19	10	104	59128983	1.75887e-06
chr19	11	116	59128983	1.96181e-06
chr19	12	122	59128983	2.06329e-06
chr19	13	86	59128983	1.45445e-06
chr19	14	89	59128983	1.50518e-06
chr19	15	80	59128983	1.35297e-06
chr19	16	82	59128983	1.3868e-06
chr19	17	54	59128983	9.13258e-07
chr19	18	43	59128983	7.27224e-07
chr19	19	46	59128983	7.7796e-07
chr19	20	42	59128983	7.10312e-07
chr19	21	50	59128983	8.45609e-07
chr19	22	31	59128983	5.24278e-07
chr19	23	21	59128983	3.55156e-07
chr19	24	17	59128983	2.87507e-07
chr20	0	62070026	63025520	0.98484
chr20	1	947567	63025520	0.0150347
chr20	2	7360	63025520	0.000116778
chr20	3	405	63025520	6.42597e-06
chr20	4	162	63025520	2.57039e-06
chr21	0	47648256	48129895	0.989993
chr21	1	475142	48129895	0.00987208
chr21	2	5359	48129895	0.000111345
chr21	3	627	48129895	1.30272e-05
chr21	4	271	48129895	5.6306e-06
chr21	5	143	48129895	2.97113e-06
chr21	6	25	48129895	5.19428e-07
chr21	7	6	48129895	1.24663e-07
chr21	8	26	48129895	5.40205e-07
chr21	9	40	48129895	8.31084e-07
chr22	0	50814315	51304566	0.990444
chr22	1	485668	51304566	0.00946637
chr22	2	4264	51304566	8.31115e-05
chr22	3	213	51304566	4.15168e-06
chr22	4	43	51304566	8.38132e-07
chr22	5	13	51304566	2.53389e-07
chr22	6	3	51304566	5.84743e-08
chr22	7	2	51304566	3.89829e-08
chr22	8	6	51304566	1.16949e-07
chr22	9	10	51304566	1.94914e-07
chr22	10	11	51304566	2.14406e-07
chr22	11	18	51304566	3.50846e-07
chrX	0	153743273	155270560	0.990164
chrX	1	1509432	155270560	0.0097213
chrX	2	15296	155270560	9.85119e-05
chrX	3	1766	155270560	1.13737e-05
chrX	4	352	155270560	2.26701e-06
chrX	5	188	155270560	1.21079e-06
chrX	6	122	155270560	7.85725e-07
chrX	7	55	155270560	3.5422e-07
chrX	8	14	155270560	9.01652e-08
chrX	9	28	155270560	1.8033e-07
chrX	10	5	155270560	3.22019e-08
chrX	11	12	155270560	7.72845e-08
chrX	12	8	155270560	5.1523e-08
chrX	13	5	155270560	3.22019e-08
chrX	14	4	155270560	2.57615e-08
chrY	0	59267247	59373566	0.998209
chrY	1	98295	59373566	0.00165553
chrY	2	5391	59373566	9.0798e-05
chrY	3	1507	59373566	2.53817e-05
chrY	4	529	59373566	8.90969e-06
chrY	5	337	59373566	5.67593e-06
chrY	6	120	59373566	2.0211e-06
chrY	7	41	59373566	6.90543e-07
chrY	8	35	59373566	5.89488e-07
chrY	9	23	59373566	3.87378e-07
chrY	10	8	59373566	1.3474e-07
chrY	11	24	59373566	4.0422e-07
chrY	12	4	59373566	6.737e-08
chrY	13	5	59373566	8.42126e-08
chr1_gl000191_random	0	105533	106433	0.991544
chr1_gl000191_random	1	900	106433	0.00845602
chr1_gl000192_random	0	536527	547496	0.979965
chr1_gl000192_random	1	10888	547496	0.0198869
chr1_gl000192_random	2	81	547496	0.000147946
chr4_ctg9_hap1	0	584976	590426	0.990769
chr4_ctg9_hap1	1	5450	590426	0.00923062
chr4_gl000193_random	0	184939	189789	0.974445
chr4_gl000193_random	1	4850	189789	0.0255547
chr4_gl000194_random	0	187339	191469	0.97843
chr4_gl000194_random	1	4010	191469	0.0209433
chr4_gl000194_random	2	120	191469	0.000626733
chr6_apd_hap1	0	4613653	4622290	0.998131
chr6_apd_hap1	1	8624	4622290	0.00186574
chr6_apd_hap1	2	13	4622290	2.81246e-06
chr6_cox_hap2	0	4774142	4795371	0.995573
chr6_cox_hap2	1	21208	4795371	0.0044226
chr6_cox_hap2	2	21	4795371	4.37922e-06
chr6_dbb_hap3	0	4592689	4610396	0.996159
chr6_dbb_hap3	1	17664	4610396	0.00383134
chr6_dbb_hap3	2	43	4610396	9.32675e-06
chr6_mann_hap4	0	4667513	4683263	0.996637
chr6_mann_hap4	1	15750	4683263	0.00336304
chr6_mcf_hap5	0	4818987	4833398	0.997018
chr6_mcf_hap5	1	14372	4833398	0.00297348
chr6_mcf_hap5	2	39	4833398	8.06886e-06
chr6_qbl_hap6	0	4593754	4611984	0.996047
chr6_qbl_hap6	1	18210	4611984	0.00394841
chr6_qbl_hap6	2	20	4611984	4.33653e-06
chr6_ssto_hap7	0	4913118	4928567	0.996865
chr6_ssto_hap7	1	15398	4928567	0.00312423
chr6_ssto_hap7	2	51	4928567	1.03478e-05
chr7_gl000195_random	0	179846	182896	0.983324
chr7_gl000195_random	1	3050	182896	0.0166761
chr8_gl000196_random	0	38664	38914	0.993576
chr8_gl000196_random	1	250	38914	0.00642442
chr8_gl000197_random	0	37025	37175	0.995965
chr8_gl000197_random	1	150	37175	0.00403497
chr9_gl000198_random	0	87318	90085	0.969285
chr9_gl000198_random	1	2626	90085	0.0291502
chr9_gl000198_random	2	99	90085	0.00109896
chr9_gl000198_random	3	42	90085	0.000466226
chr9_gl000199_random	0	126443	169874	0.744334
chr9_gl000199_random	1	32551	169874	0.191618
chr9_gl000199_random	2	7719	169874	0.0454396
chr9_gl000199_random	3	2099	169874	0.0123562
chr9_gl000199_random	4	579	169874	0.00340841
chr9_gl000199_random	5	140	169874	0.00082414
chr9_gl000199_random	6	87	169874	0.000512144
chr9_gl000199_random	7	90	169874	0.000529804
chr9_gl000199_random	8	42	169874	0.000247242
chr9_gl000199_random	9	36	169874	0.000211922
chr9_gl000199_random	10	43	169874	0.000253129
chr9_gl000199_random	11	2	169874	1.17734e-05
chr9_gl000199_random	12	6	169874	3.53203e-05
chr9_gl000199_random	14	2	169874	1.17734e-05
chr9_gl000199_random	15	26	169874	0.000153055
chr9_gl000199_random	16	9	169874	5.29804e-05
chr9_gl000200_random	0	185335	187035	0.990911
chr9_gl000200_random	1	1700	187035	0.00908921
chr9_gl000201_random	0	35998	36148	0.99585
chr9_gl000201_random	1	150	36148	0.00414961
chr11_gl000202_random	0	39803	40103	0.992519
chr11_gl000202_random	1	300	40103	0.00748074
chr17_ctg5_hap1	0	1668240	1680828	0.992511
chr17_ctg5_hap1	1	12526	1680828	0.00745228
chr17_ctg5_hap1	2	62	1680828	3.68866e-05
chr17_gl000203_random	0	36898	37498	0.983999
chr17_gl000203_random	1	600	37498	0.0160009
chr17_gl000204_random	0	80110	81310	0.985242
chr17_gl000204_random	1	1200	81310	0.0147583
chr17_gl000205_random	0	171609	174588	0.982937
chr17_gl000205_random	1	2929	174588	0.0167766
chr17_gl000205_random	2	29	174588	0.000166105
chr17_gl000205_random	3	21	174588	0.000120283
chr17_gl000206_random	0	40551	41001	0.989025
chr17_gl000206_random	1	450	41001	0.0109753
chr18_gl000207_random	0	4162	4262	0.976537
chr18_gl000207_random	1	100	4262	0.0234632
chr19_gl000208_random	0	85572	92689	0.923216
chr19_gl000208_random	1	5734	92689	0.0618628
chr19_gl000208_random	2	1019	92689	0.0109938
chr19_gl000208_random	3	154	92689	0.00166147
chr19_gl000208_random	4	120	92689	0.00129465
chr19_gl000208_random	5	45	92689	0.000485495
chr19_gl000208_random	6	17	92689	0.000183409
chr19_gl000208_random	7	15	92689	0.000161832
chr19_gl000208_random	8	13	92689	0.000140254
chr19_gl000209_random	0	156890	159169	0.985682
chr19_gl000209_random	1	2258	159169	0.0141862
chr19_gl000209_random	2	21	159169	0.000131935
chr21_gl000210_random	0	27532	27682	0.994581
chr21_gl000210_random	1	150	27682	0.00541868
chrUn_gl000211	0	162716	166566	0.976886
chrUn_gl000211	1	3850	166566	0.023114
chrUn_gl000212	0	183649	186858	0.982827
chrUn_gl000212	1	3102	186858	0.0166008
chrUn_gl000212	2	73	186858	0.000390671
chrUn_gl000212	3	34	186858	0.000181956
chrUn_gl000213	0	162539	164239	0.989649
chrUn_gl000213	1	1700	164239	0.0103508
chrUn_gl000214	0	132797	137718	0.964268
chrUn_gl000214	1	4742	137718	0.0344327
chrUn_gl000214	2	179	137718	0.00129976
chrUn_gl000215	0	171619	172545	0.994633
chrUn_gl000215	1	902	172545	0.00522762
chrUn_gl000215	2	24	172545	0.000139094
chrUn_gl000216	0	149662	172294	0.868643
chrUn_gl000216	1	17513	172294	0.101646
chrUn_gl000216	2	3542	172294	0.0205579
chrUn_gl000216	3	1001	172294	0.00580984
chrUn_gl000216	4	305	172294	0.00177023
chrUn_gl000216	5	82	172294	0.000475931
chrUn_gl000216	6	70	172294	0.000406282
chrUn_gl000216	7	34	172294	0.000197337
chrUn_gl000216	8	26	172294	0.000150905
chrUn_gl000216	9	36	172294	0.000208945
chrUn_gl000216	10	23	172294	0.000133493
chrUn_gl000217	0	166382	172149	0.9665
chrUn_gl000217	1	5734	172149	0.0333084
chrUn_gl000217	2	33	172149	0.000191694
chrUn_gl000218	0	158219	161147	0.98183
chrUn_gl000218	1	2906	161147	0.0180332
chrUn_gl000218	2	22	161147	0.000136521
chrUn_gl000219	0	175656	179198	0.980234
chrUn_gl000219	1	3434	179198	0.0191632
chrUn_gl000219	2	108	179198	0.000602685
chrUn_gl000220	0	144550	161802	0.893376
chrUn_gl000220	1	13796	161802	0.0852647
chrUn_gl000220	2	2979	161802	0.0184114
chrUn_gl000220	3	418	161802	0.0025834
chrUn_gl000220	4	53	161802	0.000327561
chrUn_gl000220	5	6	161802	3.70824e-05
chrUn_gl000221	0	151628	155397	0.975746
chrUn_gl000221	1	3638	155397	0.023411
chrUn_gl000221	2	131	155397	0.000843002
chrUn_gl000222	0	184270	186861	0.986134
chrUn_gl000222	1	2582	186861	0.0138178
chrUn_gl000222	2	9	186861	4.81641e-05
chrUn_gl000223	0	179705	180455	0.995844
chrUn_gl000223	1	750	180455	0.00415616
chrUn_gl000224	0	176058	179693	0.979771
chrUn_gl000224	1	3520	179693	0.019589
chrUn_gl000224	2	115	179693	0.00063998
chrUn_gl000225	0	186508	211173	0.8832
chrUn_gl000225	1	20491	211173	0.0970342
chrUn_gl000225	2	3350	211173	0.0158638
chrUn_gl000225	3	582	211173	0.00275603
chrUn_gl000225	4	153	211173	0.000724524
chrUn_gl000225	5	52	211173	0.000246244
chrUn_gl000225	6	5	211173	2.36773e-05
chrUn_gl000225	7	7	211173	3.31482e-05
chrUn_gl000225	8	13	211173	6.15609e-05
chrUn_gl000225	9	12	211173	5.68254e-05
chrUn_gl000226	0	1030	15008	0.0686301
chrUn_gl000226	1	2537	15008	0.169043
chrUn_gl000226	2	2890	15008	0.192564
chrUn_gl000226	3	2517	15008	0.167711
chrUn_gl000226	4	2424	15008	0.161514
chrUn_gl000226	5	1494	15008	0.0995469
chrUn_gl000226	6	1070	15008	0.0712953
chrUn_gl000226	7	554	15008	0.0369136
chrUn_gl000226	8	200	15008	0.0133262
chrUn_gl000226	9	164	15008	0.0109275
chrUn_gl000226	10	86	15008	0.00573028
chrUn_gl000226	11	24	15008	0.00159915
chrUn_gl000226	12	18	15008	0.00119936
chrUn_gl000227	0	127174	128374	0.990652
chrUn_gl000227	1	1200	128374	0.00934769
chrUn_gl000228	0	126226	129120	0.977587
chrUn_gl000228	1	2663	129120	0.0206242
chrUn_gl000228	2	160	129120	0.00123916
chrUn_gl000228	3	67	129120	0.000518897
chrUn_gl000228	4	4	129120	3.09789e-05
chrUn_gl000229	0	19105	19913	0.959423
chrUn_gl000229	1	766	19913	0.0384673
chrUn_gl000229	2	42	19913	0.00210917
chrUn_gl000230	0	42521	43691	0.973221
chrUn_gl000230	1	1090	43691	0.0249479
chrUn_gl000230	2	80	43691	0.00183104
chrUn_gl000231	0	25852	27386	0.943986
chrUn_gl000231	1	1518	27386	0.0554298
chrUn_gl000231	2	16	27386	0.00058424
chrUn_gl000232	0	38601	40652	0.949547
chrUn_gl000232	1	1981	40652	0.0487307
chrUn_gl000232	2	41	40652	0.00100856
chrUn_gl000232	3	29	40652	0.000713372
chrUn_gl000233	0	44491	45941	0.968438
chrUn_gl000233	1	1450	45941	0.0315622
chrUn_gl000234	0	38685	40531	0.954455
chrUn_gl000234	1	1780	40531	0.043917
chrUn_gl000234	2	32	40531	0.000789519
chrUn_gl000234	3	30	40531	0.000740174
chrUn_gl000234	4	4	40531	9.86899e-05
chrUn_gl000235	0	32022	34474	0.928874
chrUn_gl000235	1	2309	34474	0.066978
chrUn_gl000235	2	143	34474	0.00414805
chrUn_gl000236	0	41134	41934	0.980922
chrUn_gl000236	1	800	41934	0.0190776
chrUn_gl000237	0	44717	45867	0.974927
chrUn_gl000237	1	1150	45867	0.0250725
chrUn_gl000238	0	39689	39939	0.99374
chrUn_gl000238	1	250	39939	0.00625955
chrUn_gl000239	0	33474	33824	0.989652
chrUn_gl000239	1	350	33824	0.0103477
chrUn_gl000240	0	40733	41933	0.971383
chrUn_gl000240	1	1200	41933	0.0286171
chrUn_gl000241	0	39908	42152	0.946764
chrUn_gl000241	1	2188	42152	0.0519074
chrUn_gl000241	2	56	42152	0.00132853
chrUn_gl000242	0	43373	43523	0.996554
chrUn_gl000242	1	150	43523	0.00344645
chrUn_gl000243	0	42106	43341	0.971505
chrUn_gl000243	1	1220	43341	0.0281489
chrUn_gl000243	2	15	43341	0.000346093
chrUn_gl000244	0	39379	39929	0.986226
chrUn_gl000244	1	550	39929	0.0137744
chrUn_gl000245	0	35336	36651	0.964121
chrUn_gl000245	1	1280	36651	0.034924
chrUn_gl000245	2	35	36651	0.000954953
chrUn_gl000246	0	37754	38154	0.989516
chrUn_gl000246	1	400	38154	0.0104838
chrUn_gl000247	0	35645	36422	0.978667
chrUn_gl000247	1	754	36422	0.0207018
chrUn_gl000247	2	23	36422	0.000631486
chrUn_gl000248	0	39536	39786	0.993716
chrUn_gl000248	1	250	39786	0.00628362
chrUn_gl000249	0	38352	38502	0.996104
chrUn_gl000249	1	150	38502	0.0038959
genome	0	3098095537	3137161264	0.987547
genome	1	38544978	3137161264	0.0122866
genome	2	401435	3137161264	0.000127961
genome	3	46080	3137161264	1.46884e-05
genome	4	25021	3137161264	7.97568e-06
genome	5	14767	3137161264	4.70712e-06
genome	6	9197	3137161264	2.93163e-06
genome	7	5920	3137161264	1.88706e-06
genome	8	4038	3137161264	1.28715e-06
genome	9	2722	3137161264	8.67663e-07
genome	10	2002	3137161264	6.38157e-07
genome	11	1571	3137161264	5.00771e-07
genome	12	1087	3137161264	3.46492e-07
genome	13	804	3137161264	2.56283e-07
genome	14	715	3137161264	2.27913e-07
genome	15	666	3137161264	2.12294e-07
genome	16	546	3137161264	1.74043e-07
genome	17	434	3137161264	1.38342e-07
genome	18	437	3137161264	1.39298e-07
genome	19	393	3137161264	1.25272e-07
genome	20	383	3137161264	1.22085e-07
genome	21	364	3137161264	1.16028e-07
genome	22	328	3137161264	1.04553e-07
genome	23	255	3137161264	8.12837e-08
genome	24	250	3137161264	7.96899e-08
genome	25	187	3137161264	5.9608e-08
genome	26	158	3137161264	5.0364e-08
genome	27	147	3137161264	4.68577e-08
genome	28	127	3137161264	4.04825e-08
genome	29	127	3137161264	4.04825e-08
genome	30	110	3137161264	3.50635e-08
genome	31	89	3137161264	2.83696e-08
genome	32	71	3137161264	2.26319e-08
genome	33	57	3137161264	1.81693e-08
genome	34	54	3137161264	1.7213e-08
genome	35	34	3137161264	1.08378e-08
genome	36	31	3137161264	9.88155e-09
genome	37	33	3137161264	1.05191e-08
genome	38	30	3137161264	9.56279e-09
genome	39	35	3137161264	1.11566e-08
genome	40	14	3137161264	4.46263e-09
genome	41	4	3137161264	1.27504e-09
genome	42	3	3137161264	9.56279e-10
genome	43	7	3137161264	2.23132e-09
genome	44	12	3137161264	3.82511e-09
genome	45	1	3137161264	3.1876e-10
genome	46	3	3137161264	9.56279e-10
