chrM	0	16371	16571	0.987931
chrM	1	200	16571	0.0120693
chr1	0	244747499	249250621	0.981933
chr1	1	4449736	249250621	0.0178525
chr1	2	50751	249250621	0.000203614
chr1	3	973	249250621	3.9037e-06
chr1	4	242	249250621	9.7091e-07
chr1	5	129	249250621	5.17551e-07
chr1	6	32	249250621	1.28385e-07
chr1	7	22	249250621	8.82646e-08
chr1	8	43	249250621	1.72517e-07
chr1	9	47	249250621	1.88565e-07
chr1	10	42	249250621	1.68505e-07
chr1	11	52	249250621	2.08625e-07
chr1	12	62	249250621	2.48746e-07
chr1	13	56	249250621	2.24673e-07
chr1	14	60	249250621	2.40722e-07
chr1	15	68	249250621	2.72818e-07
chr1	16	65	249250621	2.60782e-07
chr1	17	53	249250621	2.12637e-07
chr1	18	46	249250621	1.84553e-07
chr1	19	43	249250621	1.72517e-07
chr1	20	57	249250621	2.28685e-07
chr1	21	58	249250621	2.32698e-07
chr1	22	46	249250621	1.84553e-07
chr1	23	36	249250621	1.44433e-07
chr1	24	25	249250621	1.00301e-07
chr1	25	23	249250621	9.22766e-08
chr1	26	20	249250621	8.02405e-08
chr1	27	27	249250621	1.08325e-07
chr1	28	36	249250621	1.44433e-07
chr1	29	22	249250621	8.82646e-08
chr1	30	15	249250621	6.01804e-08
chr1	31	8	249250621	3.20962e-08
chr1	32	14	249250621	5.61684e-08
chr1	33	12	249250621	4.81443e-08
chr1	34	23	249250621	9.22766e-08
chr1	35	26	249250621	1.04313e-07
chr1	36	22	249250621	8.82646e-08
chr1	37	13	249250621	5.21563e-08
chr1	38	18	249250621	7.22165e-08
chr1	39	20	249250621	8.02405e-08
chr1	40	20	249250621	8.02405e-08
chr1	41	13	249250621	5.21563e-08
chr1	42	10	249250621	4.01203e-08
chr1	43	10	249250621	4.01203e-08
chr1	44	7	249250621	2.80842e-08
chr1	45	5	249250621	2.00601e-08
chr1	46	8	249250621	3.20962e-08
chr1	47	4	249250621	1.60481e-08
chr1	48	2	249250621	8.02405e-09
chr2	0	239610699	243199373	0.985244
chr2	1	3541308	243199373	0.0145613
chr2	2	35032	243199373	0.000144046
chr2	3	4793	243199373	1.97081e-05
chr2	4	3041	243199373	1.25041e-05
chr2	5	2006	243199373	8.24838e-06
chr2	6	964	243199373	3.96383e-06
chr2	7	538	243199373	2.21218e-06
chr2	8	307	243199373	1.26234e-06
chr2	9	244	243199373	1.00329e-06
chr2	10	129	243199373	5.30429e-07
chr2	11	110	243199373	4.52304e-07
chr2	12	67	243199373	2.75494e-07
chr2	13	77	243199373	3.16613e-07
chr2	14	34	243199373	1.39803e-07
chr2	15	16	243199373	6.57896e-08
chr2	16	4	243199373	1.64474e-08
chr2	17	4	243199373	1.64474e-08
chr3	0	195144234	198022430	0.985465
chr3	1	2854140	198022430	0.0144132
chr3	2	23561	198022430	0.000118981
chr3	3	268	198022430	1.35338e-06
chr3	4	44	198022430	2.22197e-07
chr3	5	43	198022430	2.17147e-07
chr3	6	8	198022430	4.03995e-08
chr3	7	3	198022430	1.51498e-08
chr3	8	4	198022430	2.01997e-08
chr3	9	4	198022430	2.01997e-08
chr3	10	3	198022430	1.51498e-08
chr3	11	5	198022430	2.52497e-08
chr3	12	5	198022430	2.52497e-08
chr3	13	8	198022430	4.03995e-08
chr3	14	3	198022430	1.51498e-08
chr3	15	4	198022430	2.01997e-08
chr3	16	6	198022430	3.02996e-08
chr3	17	4	198022430	2.01997e-08
chr3	18	8	198022430	4.03995e-08
chr3	19	8	198022430	4.03995e-08
chr3	20	6	198022430	3.02996e-08
chr3	21	6	198022430	3.02996e-08
chr3	22	4	198022430	2.01997e-08
chr3	23	6	198022430	3.02996e-08
chr3	24	16	198022430	8.07989e-08
chr3	25	17	198022430	8.58489e-08
chr3	26	10	198022430	5.04993e-08
chr3	27	2	198022430	1.00999e-08
chr4	0	189086234	191154276	0.989181
chr4	1	2040506	191154276	0.0106747
chr4	2	20432	191154276	0.000106887
chr4	3	4112	191154276	2.15114e-05
chr4	4	1741	191154276	9.10783e-06
chr4	5	603	191154276	3.15452e-06
chr4	6	294	191154276	1.53802e-06
chr4	7	100	191154276	5.23138e-07
chr4	8	100	191154276	5.23138e-07
chr4	9	43	191154276	2.24949e-07
chr4	10	35	191154276	1.83098e-07
chr4	11	24	191154276	1.25553e-07
chr4	12	6	191154276	3.13883e-08
chr4	13	4	191154276	2.09255e-08
chr4	14	2	191154276	1.04628e-08
chr4	15	4	191154276	2.09255e-08
chr4	16	4	191154276	2.09255e-08
chr4	17	4	191154276	2.09255e-08
chr4	18	26	191154276	1.36016e-07
chr4	19	2	191154276	1.04628e-08
chr5	0	179076164	180915260	0.989834
chr5	1	1827524	180915260	0.0101015
chr5	2	11052	180915260	6.10894e-05
chr5	3	284	180915260	1.5698e-06
chr5	4	185	180915260	1.02258e-06
chr5	5	1	180915260	5.52745e-09
chr5	6	1	180915260	5.52745e-09
chr5	7	4	180915260	2.21098e-08
chr5	8	2	180915260	1.10549e-08
chr5	9	12	180915260	6.63294e-08
chr5	10	24	180915260	1.32659e-07
chr5	11	7	180915260	3.86921e-08
chr6	0	168836729	171115067	0.986685
chr6	1	2256992	171115067	0.0131899
chr6	2	17660	171115067	0.000103205
chr6	3	744	171115067	4.34795e-06
chr6	4	736	171115067	4.3012e-06
chr6	5	708	171115067	4.13757e-06
chr6	6	502	171115067	2.9337e-06
chr6	7	448	171115067	2.61812e-06
chr6	8	325	171115067	1.89931e-06
chr6	9	161	171115067	9.40887e-07
chr6	10	57	171115067	3.33109e-07
chr6	11	5	171115067	2.92201e-08
chr7	0	157175663	159138663	0.987665
chr7	1	1940985	159138663	0.0121968
chr7	2	15562	159138663	9.77889e-05
chr7	3	1614	159138663	1.01421e-05
chr7	4	952	159138663	5.9822e-06
chr7	5	605	159138663	3.80172e-06
chr7	6	524	159138663	3.29273e-06
chr7	7	489	159138663	3.07279e-06
chr7	8	336	159138663	2.11137e-06
chr7	9	308	159138663	1.93542e-06
chr7	10	303	159138663	1.904e-06
chr7	11	221	159138663	1.38873e-06
chr7	12	180	159138663	1.13109e-06
chr7	13	167	159138663	1.0494e-06
chr7	14	97	159138663	6.09531e-07
chr7	15	78	159138663	4.90139e-07
chr7	16	44	159138663	2.76488e-07
chr7	17	53	159138663	3.33043e-07
chr7	18	89	159138663	5.59261e-07
chr7	19	68	159138663	4.273e-07
chr7	20	65	159138663	4.08449e-07
chr7	21	49	159138663	3.07908e-07
chr7	22	42	159138663	2.63921e-07
chr7	23	39	159138663	2.45069e-07
chr7	24	26	159138663	1.6338e-07
chr7	25	22	159138663	1.38244e-07
chr7	26	14	159138663	8.79736e-08
chr7	27	21	159138663	1.3196e-07
chr7	28	16	159138663	1.00541e-07
chr7	29	15	159138663	9.42574e-08
chr7	30	14	159138663	8.79736e-08
chr7	31	2	159138663	1.25677e-08
chr8	0	143692417	146364022	0.981747
chr8	1	2624869	146364022	0.0179338
chr8	2	38179	146364022	0.00026085
chr8	3	5097	146364022	3.48241e-05
chr8	4	1755	146364022	1.19907e-05
chr8	5	966	146364022	6.59998e-06
chr8	6	422	146364022	2.88322e-06
chr8	7	142	146364022	9.70184e-07
chr8	8	71	146364022	4.85092e-07
chr8	9	69	146364022	4.71427e-07
chr8	10	18	146364022	1.22981e-07
chr8	11	17	146364022	1.16149e-07
chr9	0	139420958	141213431	0.987307
chr9	1	1775695	141213431	0.0125745
chr9	2	15886	141213431	0.000112496
chr9	3	499	141213431	3.53366e-06
chr9	4	194	141213431	1.37381e-06
chr9	5	51	141213431	3.61155e-07
chr9	6	66	141213431	4.67378e-07
chr9	7	47	141213431	3.3283e-07
chr9	8	35	141213431	2.47852e-07
chr10	0	133785351	135534747	0.987093
chr10	1	1707983	135534747	0.0126018
chr10	2	21819	135534747	0.000160985
chr10	3	4767	135534747	3.51718e-05
chr10	4	2683	135534747	1.97957e-05
chr10	5	1965	135534747	1.44981e-05
chr10	6	1371	135534747	1.01155e-05
chr10	7	1254	135534747	9.25224e-06
chr10	8	1030	135534747	7.59953e-06
chr10	9	910	135534747	6.71415e-06
chr10	10	710	135534747	5.23851e-06
chr10	11	684	135534747	5.04668e-06
chr10	12	568	135534747	4.19081e-06
chr10	13	487	135534747	3.59317e-06
chr10	14	327	135534747	2.41267e-06
chr10	15	283	135534747	2.08803e-06
chr10	16	270	135534747	1.99211e-06
chr10	17	268	135534747	1.97735e-06
chr10	18	246	135534747	1.81503e-06
chr10	19	289	135534747	2.13229e-06
chr10	20	251	135534747	1.85192e-06
chr10	21	220	135534747	1.6232e-06
chr10	22	153	135534747	1.12886e-06
chr10	23	177	135534747	1.30594e-06
chr10	24	149	135534747	1.09935e-06
chr10	25	131	135534747	9.66542e-07
chr10	26	68	135534747	5.01716e-07
chr10	27	52	135534747	3.83665e-07
chr10	28	48	135534747	3.54153e-07
chr10	29	41	135534747	3.02505e-07
chr10	30	42	135534747	3.09884e-07
chr10	31	38	135534747	2.80371e-07
chr10	32	11	135534747	8.116e-08
chr10	33	18	135534747	1.32807e-07
chr10	34	15	135534747	1.10673e-07
chr10	35	18	135534747	1.32807e-07
chr10	36	21	135534747	1.54942e-07
chr10	37	20	135534747	1.47564e-07
chr10	38	7	135534747	5.16473e-08
chr10	39	1	135534747	7.37818e-09
chr10	40	1	135534747	7.37818e-09
chr11	0	132772918	135006516	0.983456
chr11	1	2209188	135006516	0.0163636
chr11	2	22101	135006516	0.000163703
chr11	3	876	135006516	6.48858e-06
chr11	4	359	135006516	2.65913e-06
chr11	5	247	135006516	1.82954e-06
chr11	6	252	135006516	1.86658e-06
chr11	7	123	135006516	9.11067e-07
chr11	8	73	135006516	5.40715e-07
chr11	9	76	135006516	5.62936e-07
chr11	10	100	135006516	7.40705e-07
chr11	11	115	135006516	8.51811e-07
chr11	12	48	135006516	3.55538e-07
chr11	13	31	135006516	2.29619e-07
chr11	14	9	135006516	6.66635e-08
chr12	0	132393632	133851895	0.989105
chr12	1	1448718	133851895	0.0108233
chr12	2	9050	133851895	6.7612e-05
chr12	3	305	133851895	2.27864e-06
chr12	4	133	133851895	9.93636e-07
chr12	5	57	133851895	4.25844e-07
chr13	0	114469625	115169878	0.99392
chr13	1	697856	115169878	0.00605936
chr13	2	2397	115169878	2.08127e-05
chr14	0	106389411	107349540	0.991056
chr14	1	954567	107349540	0.00889214
chr14	2	5460	107349540	5.08619e-05
chr14	3	95	107349540	8.8496e-07
chr14	4	7	107349540	6.52075e-08
chr15	0	101740704	102531392	0.992288
chr15	1	787566	102531392	0.00768122
chr15	2	3082	102531392	3.00591e-05
chr15	3	40	102531392	3.90124e-07
chr16	0	89524346	90354753	0.99081
chr16	1	793810	90354753	0.00878548
chr16	2	14418	90354753	0.000159571
chr16	3	7179	90354753	7.94535e-05
chr16	4	5368	90354753	5.94103e-05
chr16	5	3403	90354753	3.76627e-05
chr16	6	2456	90354753	2.71817e-05
chr16	7	1729	90354753	1.91357e-05
chr16	8	871	90354753	9.63978e-06
chr16	9	590	90354753	6.52982e-06
chr16	10	350	90354753	3.87362e-06
chr16	11	140	90354753	1.54945e-06
chr16	12	86	90354753	9.51804e-07
chr16	13	7	90354753	7.74724e-08
chr17	0	80205032	81195210	0.987805
chr17	1	981469	81195210	0.0120878
chr17	2	7955	81195210	9.79738e-05
chr17	3	470	81195210	5.78852e-06
chr17	4	259	81195210	3.18984e-06
chr17	5	25	81195210	3.079e-07
chr18	0	77160856	78077248	0.988263
chr18	1	908892	78077248	0.0116409
chr18	2	6411	78077248	8.2111e-05
chr18	3	428	78077248	5.48175e-06
chr18	4	329	78077248	4.21378e-06
chr18	5	133	78077248	1.70344e-06
chr18	6	85	78077248	1.08867e-06
chr18	7	43	78077248	5.50737e-07
chr18	8	21	78077248	2.68964e-07
chr18	9	4	78077248	5.12313e-08
chr18	10	9	78077248	1.1527e-07
chr18	11	6	78077248	7.6847e-08
chr18	12	3	78077248	3.84235e-08
chr18	13	4	78077248	5.12313e-08
chr18	14	6	78077248	7.6847e-08
chr18	15	11	78077248	1.40886e-07
chr18	16	6	78077248	7.6847e-08
chr18	17	1	78077248	1.28078e-08
chr19	0	58394694	59128983	0.987582
chr19	1	724520	59128983	0.0122532
chr19	2	5871	59128983	9.92914e-05
chr19	3	774	59128983	1.309e-05
chr19	4	571	59128983	9.65685e-06
chr19	5	404	59128983	6.83252e-06
chr19	6	337	59128983	5.6994e-06
chr19	7	240	59128983	4.05892e-06
chr19	8	177	59128983	2.99346e-06
chr19	9	176	59128983	2.97654e-06
chr19	10	161	59128983	2.72286e-06
chr19	11	165	59128983	2.79051e-06
chr19	12	99	59128983	1.67431e-06
chr19	13	105	59128983	1.77578e-06
chr19	14	105	59128983	1.77578e-06
chr19	15	103	59128983	1.74195e-06
chr19	16	71	59128983	1.20076e-06
chr19	17	94	59128983	1.58974e-06
chr19	18	68	59128983	1.15003e-06
chr19	19	86	59128983	1.45445e-06
chr19	20	65	59128983	1.09929e-06
chr19	21	62	59128983	1.04856e-06
chr19	22	15	59128983	2.53683e-07
chr19	23	6	59128983	1.01473e-07
chr19	24	5	59128983	8.45609e-08
chr19	25	2	59128983	3.38244e-08
chr19	26	4	59128983	6.76487e-08
chr19	27	3	59128983	5.07365e-08
chr20	0	61925544	63025520	0.982547
chr20	1	1088608	63025520	0.0172725
chr20	2	11018	63025520	0.000174818
chr20	3	224	63025520	3.55412e-06
chr20	4	96	63025520	1.52319e-06
chr20	5	30	63025520	4.75998e-07
chr21	0	47627219	48129895	0.989556
chr21	1	497083	48129895	0.0103279
chr21	2	4595	48129895	9.54708e-05
chr21	3	623	48129895	1.29441e-05
chr21	4	123	48129895	2.55558e-06
chr21	5	100	48129895	2.07771e-06
chr21	6	55	48129895	1.14274e-06
chr21	7	47	48129895	9.76524e-07
chr21	8	5	48129895	1.03886e-07
chr21	9	3	48129895	6.23313e-08
chr21	10	12	48129895	2.49325e-07
chr21	11	5	48129895	1.03886e-07
chr21	12	10	48129895	2.07771e-07
chr21	13	15	48129895	3.11657e-07
chr22	0	50787264	51304566	0.989917
chr22	1	511900	51304566	0.00997767
chr22	2	5115	51304566	9.96987e-05
chr22	3	96	51304566	1.87118e-06
chr22	4	62	51304566	1.20847e-06
chr22	5	90	51304566	1.75423e-06
chr22	6	39	51304566	7.60166e-07
chrX	0	153700634	155270560	0.989889
chrX	1	1549854	155270560	0.00998164
chrX	2	17048	155270560	0.000109795
chrX	3	2257	155270560	1.45359e-05
chrX	4	532	155270560	3.42628e-06
chrX	5	103	155270560	6.63358e-07
chrX	6	88	155270560	5.66753e-07
chrX	7	12	155270560	7.72845e-08
chrX	8	22	155270560	1.41688e-07
chrX	9	4	155270560	2.57615e-08
chrX	10	4	155270560	2.57615e-08
chrX	11	2	155270560	1.28807e-08
chrY	0	59267426	59373566	0.998212
chrY	1	99639	59373566	0.00167817
chrY	2	4725	59373566	7.95809e-05
chrY	3	1111	59373566	1.8712e-05
chrY	4	282	59373566	4.74959e-06
chrY	5	212	59373566	3.57061e-06
chrY	6	50	59373566	8.42126e-07
chrY	7	29	59373566	4.88433e-07
chrY	8	51	59373566	8.58968e-07
chrY	9	35	59373566	5.89488e-07
chrY	10	2	59373566	3.3685e-08
chrY	11	4	59373566	6.737e-08
chr1_gl000191_random	0	104833	106433	0.984967
chr1_gl000191_random	1	1600	106433	0.0150329
chr1_gl000192_random	0	534990	547496	0.977158
chr1_gl000192_random	1	12362	547496	0.0225792
chr1_gl000192_random	2	144	547496	0.000263016
chr4_ctg9_hap1	0	585222	590426	0.991186
chr4_ctg9_hap1	1	5158	590426	0.00873607
chr4_ctg9_hap1	2	46	590426	7.79098e-05
chr4_gl000193_random	0	186195	189789	0.981063
chr4_gl000193_random	1	3538	189789	0.0186418
chr4_gl000193_random	2	56	189789	0.000295065
chr4_gl000194_random	0	187469	191469	0.979109
chr4_gl000194_random	1	4000	191469	0.0208911
chr6_apd_hap1	0	4612642	4622290	0.997913
chr6_apd_hap1	1	9596	4622290	0.00207603
chr6_apd_hap1	2	52	4622290	1.12498e-05
chr6_cox_hap2	0	4771588	4795371	0.99504
chr6_cox_hap2	1	23766	4795371	0.00495603
chr6_cox_hap2	2	17	4795371	3.54509e-06
chr6_dbb_hap3	0	4593089	4610396	0.996246
chr6_dbb_hap3	1	17264	4610396	0.00374458
chr6_dbb_hap3	2	43	4610396	9.32675e-06
chr6_mann_hap4	0	4668613	4683263	0.996872
chr6_mann_hap4	1	14650	4683263	0.00312816
chr6_mcf_hap5	0	4820136	4833398	0.997256
chr6_mcf_hap5	1	13224	4833398	0.00273596
chr6_mcf_hap5	2	38	4833398	7.86196e-06
chr6_qbl_hap6	0	4592925	4611984	0.995867
chr6_qbl_hap6	1	19018	4611984	0.0041236
chr6_qbl_hap6	2	41	4611984	8.88988e-06
chr6_ssto_hap7	0	4911481	4928567	0.996533
chr6_ssto_hap7	1	17022	4928567	0.00345374
chr6_ssto_hap7	2	64	4928567	1.29855e-05
chr7_gl000195_random	0	179389	182896	0.980825
chr7_gl000195_random	1	3414	182896	0.0186663
chr7_gl000195_random	2	93	182896	0.000508486
chr8_gl000196_random	0	38714	38914	0.99486
chr8_gl000196_random	1	200	38914	0.00513954
chr8_gl000197_random	0	36975	37175	0.99462
chr8_gl000197_random	1	200	37175	0.00537996
chr9_gl000198_random	0	87635	90085	0.972803
chr9_gl000198_random	1	2400	90085	0.0266415
chr9_gl000198_random	2	50	90085	0.000555031
chr9_gl000199_random	0	131865	169874	0.776252
chr9_gl000199_random	1	29714	169874	0.174918
chr9_gl000199_random	2	6203	169874	0.0365153
chr9_gl000199_random	3	1308	169874	0.00769982
chr9_gl000199_random	4	293	169874	0.00172481
chr9_gl000199_random	5	163	169874	0.000959535
chr9_gl000199_random	6	97	169874	0.000571011
chr9_gl000199_random	7	48	169874	0.000282562
chr9_gl000199_random	8	20	169874	0.000117734
chr9_gl000199_random	9	41	169874	0.000241355
chr9_gl000199_random	10	49	169874	0.000288449
chr9_gl000199_random	11	16	169874	9.41875e-05
chr9_gl000199_random	12	11	169874	6.47539e-05
chr9_gl000199_random	13	16	169874	9.41875e-05
chr9_gl000199_random	14	7	169874	4.1207e-05
chr9_gl000199_random	15	3	169874	1.76601e-05
chr9_gl000199_random	16	17	169874	0.000100074
chr9_gl000199_random	17	3	169874	1.76601e-05
chr9_gl000200_random	0	185685	187035	0.992782
chr9_gl000200_random	1	1350	187035	0.0072179
chr9_gl000201_random	0	35848	36148	0.991701
chr9_gl000201_random	1	300	36148	0.00829921
chr11_gl000202_random	0	39803	40103	0.992519
chr11_gl000202_random	1	300	40103	0.00748074
chr17_ctg5_hap1	0	1667885	1680828	0.9923
chr17_ctg5_hap1	1	12886	1680828	0.00766646
chr17_ctg5_hap1	2	57	1680828	3.39119e-05
chr17_gl000203_random	0	37248	37498	0.993333
chr17_gl000203_random	1	250	37498	0.00666702
chr17_gl000204_random	0	80360	81310	0.988316
chr17_gl000204_random	1	950	81310	0.0116837
chr17_gl000205_random	0	171336	174588	0.981373
chr17_gl000205_random	1	3204	174588	0.0183518
chr17_gl000205_random	2	48	174588	0.000274933
chr17_gl000206_random	0	40601	41001	0.990244
chr17_gl000206_random	1	400	41001	0.00975586
chr18_gl000207_random	0	4162	4262	0.976537
chr18_gl000207_random	1	100	4262	0.0234632
chr19_gl000208_random	0	84850	92689	0.915427
chr19_gl000208_random	1	6515	92689	0.0702888
chr19_gl000208_random	2	910	92689	0.00981778
chr19_gl000208_random	3	246	92689	0.00265404
chr19_gl000208_random	4	123	92689	0.00132702
chr19_gl000208_random	5	11	92689	0.000118676
chr19_gl000208_random	6	8	92689	8.63101e-05
chr19_gl000208_random	7	26	92689	0.000280508
chr19_gl000209_random	0	157719	159169	0.99089
chr19_gl000209_random	1	1450	159169	0.00910981
chr21_gl000210_random	0	27482	27682	0.992775
chr21_gl000210_random	1	200	27682	0.00722491
chrUn_gl000211	0	163966	166566	0.984391
chrUn_gl000211	1	2600	166566	0.0156094
chrUn_gl000212	0	183870	186858	0.984009
chrUn_gl000212	1	2976	186858	0.0159265
chrUn_gl000212	2	12	186858	6.42199e-05
chrUn_gl000213	0	162789	164239	0.991171
chrUn_gl000213	1	1450	164239	0.0088286
chrUn_gl000214	0	134143	137718	0.974041
chrUn_gl000214	1	3500	137718	0.0254143
chrUn_gl000214	2	75	137718	0.000544591
chrUn_gl000215	0	171345	172545	0.993045
chrUn_gl000215	1	1200	172545	0.00695471
chrUn_gl000216	0	151641	172294	0.880129
chrUn_gl000216	1	16534	172294	0.0959639
chrUn_gl000216	2	2842	172294	0.0164951
chrUn_gl000216	3	832	172294	0.00482896
chrUn_gl000216	4	223	172294	0.0012943
chrUn_gl000216	5	126	172294	0.000731308
chrUn_gl000216	6	9	172294	5.22363e-05
chrUn_gl000216	7	7	172294	4.06282e-05
chrUn_gl000216	8	28	172294	0.000162513
chrUn_gl000216	9	22	172294	0.000127689
chrUn_gl000216	10	5	172294	2.90202e-05
chrUn_gl000216	11	11	172294	6.38444e-05
chrUn_gl000216	12	14	172294	8.12565e-05
chrUn_gl000217	0	168000	172149	0.975899
chrUn_gl000217	1	4098	172149	0.023805
chrUn_gl000217	2	51	172149	0.000296255
chrUn_gl000218	0	158147	161147	0.981383
chrUn_gl000218	1	3000	161147	0.0186165
chrUn_gl000219	0	175807	179198	0.981077
chrUn_gl000219	1	3332	179198	0.018594
chrUn_gl000219	2	59	179198	0.000329245
chrUn_gl000220	0	140774	161802	0.870039
chrUn_gl000220	1	16734	161802	0.103423
chrUn_gl000220	2	3292	161802	0.0203459
chrUn_gl000220	3	880	161802	0.00543875
chrUn_gl000220	4	118	161802	0.000729286
chrUn_gl000220	5	4	161802	2.47216e-05
chrUn_gl000221	0	151147	155397	0.972651
chrUn_gl000221	1	4250	155397	0.0273493
chrUn_gl000222	0	183714	186861	0.983159
chrUn_gl000222	1	3094	186861	0.0165578
chrUn_gl000222	2	53	186861	0.000283633
chrUn_gl000223	0	179155	180455	0.992796
chrUn_gl000223	1	1300	180455	0.00720401
chrUn_gl000224	0	175791	179693	0.978285
chrUn_gl000224	1	3754	179693	0.0208912
chrUn_gl000224	2	148	179693	0.000823627
chrUn_gl000225	0	185936	211173	0.880491
chrUn_gl000225	1	22187	211173	0.105066
chrUn_gl000225	2	2660	211173	0.0125963
chrUn_gl000225	3	269	211173	0.00127384
chrUn_gl000225	4	41	211173	0.000194154
chrUn_gl000225	5	15	211173	7.10318e-05
chrUn_gl000225	6	6	211173	2.84127e-05
chrUn_gl000225	7	9	211173	4.26191e-05
chrUn_gl000225	8	9	211173	4.26191e-05
chrUn_gl000225	9	6	211173	2.84127e-05
chrUn_gl000225	10	3	211173	1.42064e-05
chrUn_gl000225	11	14	211173	6.62964e-05
chrUn_gl000225	12	4	211173	1.89418e-05
chrUn_gl000225	13	6	211173	2.84127e-05
chrUn_gl000225	14	8	211173	3.78836e-05
chrUn_gl000226	0	1509	15008	0.100546
chrUn_gl000226	1	2588	15008	0.172441
chrUn_gl000226	2	2858	15008	0.190432
chrUn_gl000226	3	2457	15008	0.163713
chrUn_gl000226	4	1953	15008	0.130131
chrUn_gl000226	5	1432	15008	0.0954158
chrUn_gl000226	6	938	15008	0.0625
chrUn_gl000226	7	573	15008	0.0381796
chrUn_gl000226	8	334	15008	0.0222548
chrUn_gl000226	9	185	15008	0.0123268
chrUn_gl000226	10	103	15008	0.00686301
chrUn_gl000226	11	44	15008	0.00293177
chrUn_gl000226	12	29	15008	0.0019323
chrUn_gl000226	13	5	15008	0.000333156
chrUn_gl000227	0	126974	128374	0.989094
chrUn_gl000227	1	1400	128374	0.0109056
chrUn_gl000228	0	125320	129120	0.97057
chrUn_gl000228	1	3287	129120	0.0254569
chrUn_gl000228	2	395	129120	0.00305917
chrUn_gl000228	3	62	129120	0.000480173
chrUn_gl000228	4	13	129120	0.000100682
chrUn_gl000228	5	27	129120	0.000209108
chrUn_gl000228	6	12	129120	9.29368e-05
chrUn_gl000228	7	4	129120	3.09789e-05
chrUn_gl000229	0	18995	19913	0.953899
chrUn_gl000229	1	886	19913	0.0444935
chrUn_gl000229	2	32	19913	0.00160699
chrUn_gl000230	0	42291	43691	0.967957
chrUn_gl000230	1	1400	43691	0.0320432
chrUn_gl000231	0	26686	27386	0.97444
chrUn_gl000231	1	700	27386	0.0255605
chrUn_gl000232	0	38555	40652	0.948416
chrUn_gl000232	1	1994	40652	0.0490505
chrUn_gl000232	2	103	40652	0.0025337
chrUn_gl000233	0	44676	45941	0.972465
chrUn_gl000233	1	1230	45941	0.0267735
chrUn_gl000233	2	35	45941	0.000761847
chrUn_gl000234	0	38637	40531	0.95327
chrUn_gl000234	1	1798	40531	0.0443611
chrUn_gl000234	2	86	40531	0.00212183
chrUn_gl000234	3	10	40531	0.000246725
chrUn_gl000235	0	32463	34474	0.941666
chrUn_gl000235	1	1928	34474	0.0559262
chrUn_gl000235	2	83	34474	0.00240761
chrUn_gl000236	0	41734	41934	0.995231
chrUn_gl000236	1	200	41934	0.0047694
chrUn_gl000237	0	45106	45867	0.983409
chrUn_gl000237	1	722	45867	0.0157412
chrUn_gl000237	2	39	45867	0.000850285
chrUn_gl000238	0	39297	39939	0.983925
chrUn_gl000238	1	634	39939	0.0158742
chrUn_gl000238	2	8	39939	0.000200305
chrUn_gl000239	0	33168	33824	0.980605
chrUn_gl000239	1	612	33824	0.0180937
chrUn_gl000239	2	44	33824	0.00130085
chrUn_gl000240	0	41283	41933	0.984499
chrUn_gl000240	1	650	41933	0.0155009
chrUn_gl000241	0	40245	42152	0.954759
chrUn_gl000241	1	1864	42152	0.0442209
chrUn_gl000241	2	43	42152	0.00102012
chrUn_gl000242	0	43323	43523	0.995405
chrUn_gl000242	1	200	43523	0.00459527
chrUn_gl000243	0	41642	43341	0.960799
chrUn_gl000243	1	1648	43341	0.038024
chrUn_gl000243	2	51	43341	0.00117671
chrUn_gl000244	0	39579	39929	0.991234
chrUn_gl000244	1	350	39929	0.00876556
chrUn_gl000245	0	35601	36651	0.971351
chrUn_gl000245	1	1050	36651	0.0286486
chrUn_gl000246	0	37804	38154	0.990827
chrUn_gl000246	1	350	38154	0.00917335
chrUn_gl000247	0	35712	36422	0.980506
chrUn_gl000247	1	670	36422	0.0183955
chrUn_gl000247	2	40	36422	0.00109824
chrUn_gl000248	0	39486	39786	0.99246
chrUn_gl000248	1	300	39786	0.00754034
chrUn_gl000249	0	38152	38502	0.99091
chrUn_gl000249	1	350	38502	0.00909044
genome	0	3098062827	3137161264	0.987537
genome	1	38595459	3137161264	0.0123027
genome	2	390051	3137161264	0.000124332
genome	3	43693	3137161264	1.39276e-05
genome	4	22458	3137161264	7.1587e-06
genome	5	13659	3137161264	4.35394e-06
genome	6	8616	3137161264	2.74643e-06
genome	7	5937	3137161264	1.89248e-06
genome	8	3864	3137161264	1.23169e-06
genome	9	2940	3137161264	9.37153e-07
genome	10	2119	3137161264	6.75451e-07
genome	11	1647	3137161264	5.24997e-07
genome	12	1192	3137161264	3.79961e-07
genome	13	988	3137161264	3.14934e-07
genome	14	658	3137161264	2.09744e-07
genome	15	570	3137161264	1.81693e-07
genome	16	487	3137161264	1.55236e-07
genome	17	484	3137161264	1.5428e-07
genome	18	483	3137161264	1.53961e-07
genome	19	496	3137161264	1.58105e-07
genome	20	444	3137161264	1.41529e-07
genome	21	395	3137161264	1.2591e-07
genome	22	260	3137161264	8.28775e-08
genome	23	264	3137161264	8.41525e-08
genome	24	221	3137161264	7.04459e-08
genome	25	195	3137161264	6.21581e-08
genome	26	116	3137161264	3.69761e-08
genome	27	105	3137161264	3.34697e-08
genome	28	100	3137161264	3.1876e-08
genome	29	78	3137161264	2.48632e-08
genome	30	71	3137161264	2.26319e-08
genome	31	48	3137161264	1.53005e-08
genome	32	25	3137161264	7.96899e-09
genome	33	30	3137161264	9.56279e-09
genome	34	38	3137161264	1.21129e-08
genome	35	44	3137161264	1.40254e-08
genome	36	43	3137161264	1.37067e-08
genome	37	33	3137161264	1.05191e-08
genome	38	25	3137161264	7.96899e-09
genome	39	21	3137161264	6.69395e-09
genome	40	21	3137161264	6.69395e-09
genome	41	13	3137161264	4.14387e-09
genome	42	10	3137161264	3.1876e-09
genome	43	10	3137161264	3.1876e-09
genome	44	7	3137161264	2.23132e-09
genome	45	5	3137161264	1.5938e-09
genome	46	8	3137161264	2.55008e-09
genome	47	4	3137161264	1.27504e-09
genome	48	2	3137161264	6.37519e-10
