chrM	0	16221	16571	0.978879
chrM	1	350	16571	0.0211212
chr1	0	244721209	249250621	0.981828
chr1	1	4477711	249250621	0.0179647
chr1	2	48834	249250621	0.000195923
chr1	3	1043	249250621	4.18454e-06
chr1	4	230	249250621	9.22766e-07
chr1	5	193	249250621	7.74321e-07
chr1	6	120	249250621	4.81443e-07
chr1	7	80	249250621	3.20962e-07
chr1	8	55	249250621	2.20661e-07
chr1	9	62	249250621	2.48746e-07
chr1	10	53	249250621	2.12637e-07
chr1	11	56	249250621	2.24673e-07
chr1	12	30	249250621	1.20361e-07
chr1	13	56	249250621	2.24673e-07
chr1	14	43	249250621	1.72517e-07
chr1	15	24	249250621	9.62886e-08
chr1	16	30	249250621	1.20361e-07
chr1	17	35	249250621	1.40421e-07
chr1	18	57	249250621	2.28685e-07
chr1	19	46	249250621	1.84553e-07
chr1	20	30	249250621	1.20361e-07
chr1	21	27	249250621	1.08325e-07
chr1	22	45	249250621	1.80541e-07
chr1	23	47	249250621	1.88565e-07
chr1	24	31	249250621	1.24373e-07
chr1	25	21	249250621	8.42525e-08
chr1	26	25	249250621	1.00301e-07
chr1	27	15	249250621	6.01804e-08
chr1	28	27	249250621	1.08325e-07
chr1	29	26	249250621	1.04313e-07
chr1	30	27	249250621	1.08325e-07
chr1	31	42	249250621	1.68505e-07
chr1	32	34	249250621	1.36409e-07
chr1	33	26	249250621	1.04313e-07
chr1	34	10	249250621	4.01203e-08
chr1	35	8	249250621	3.20962e-08
chr1	36	5	249250621	2.00601e-08
chr1	37	6	249250621	2.40722e-08
chr1	38	7	249250621	2.80842e-08
chr1	39	7	249250621	2.80842e-08
chr1	40	11	249250621	4.41323e-08
chr1	41	17	249250621	6.82044e-08
chr1	42	16	249250621	6.41924e-08
chr1	43	20	249250621	8.02405e-08
chr1	44	15	249250621	6.01804e-08
chr1	45	24	249250621	9.62886e-08
chr1	46	13	249250621	5.21563e-08
chr1	47	8	249250621	3.20962e-08
chr1	48	18	249250621	7.22165e-08
chr1	49	16	249250621	6.41924e-08
chr1	50	10	249250621	4.01203e-08
chr1	51	10	249250621	4.01203e-08
chr1	52	5	249250621	2.00601e-08
chr1	53	4	249250621	1.60481e-08
chr1	54	1	249250621	4.01203e-09
chr2	0	239796232	243199373	0.986007
chr2	1	3357269	243199373	0.0138046
chr2	2	34990	243199373	0.000143874
chr2	3	4725	243199373	1.94285e-05
chr2	4	2621	243199373	1.07772e-05
chr2	5	1385	243199373	5.69492e-06
chr2	6	781	243199373	3.21136e-06
chr2	7	507	243199373	2.08471e-06
chr2	8	262	243199373	1.07731e-06
chr2	9	171	243199373	7.03127e-07
chr2	10	143	243199373	5.87995e-07
chr2	11	88	243199373	3.61843e-07
chr2	12	90	243199373	3.70067e-07
chr2	13	34	243199373	1.39803e-07
chr2	14	48	243199373	1.97369e-07
chr2	15	27	243199373	1.1102e-07
chr3	0	194599458	198022430	0.982714
chr3	1	3382522	198022430	0.0170815
chr3	2	39877	198022430	0.000201376
chr3	3	357	198022430	1.80283e-06
chr3	4	47	198022430	2.37347e-07
chr3	5	34	198022430	1.71698e-07
chr3	6	11	198022430	5.55493e-08
chr3	7	4	198022430	2.01997e-08
chr3	8	3	198022430	1.51498e-08
chr3	9	6	198022430	3.02996e-08
chr3	10	8	198022430	4.03995e-08
chr3	11	5	198022430	2.52497e-08
chr3	12	2	198022430	1.00999e-08
chr3	13	4	198022430	2.01997e-08
chr3	14	5	198022430	2.52497e-08
chr3	15	5	198022430	2.52497e-08
chr3	16	3	198022430	1.51498e-08
chr3	17	3	198022430	1.51498e-08
chr3	18	3	198022430	1.51498e-08
chr3	19	2	198022430	1.00999e-08
chr3	20	1	198022430	5.04993e-09
chr3	21	2	198022430	1.00999e-08
chr3	22	5	198022430	2.52497e-08
chr3	23	7	198022430	3.53495e-08
chr3	24	7	198022430	3.53495e-08
chr3	25	6	198022430	3.02996e-08
chr3	26	5	198022430	2.52497e-08
chr3	27	6	198022430	3.02996e-08
chr3	28	3	198022430	1.51498e-08
chr3	29	3	198022430	1.51498e-08
chr3	30	10	198022430	5.04993e-08
chr3	31	4	198022430	2.01997e-08
chr3	32	8	198022430	4.03995e-08
chr3	33	4	198022430	2.01997e-08
chr4	0	189156652	191154276	0.98955
chr4	1	1969125	191154276	0.0103012
chr4	2	20191	191154276	0.000105627
chr4	3	4451	191154276	2.32849e-05
chr4	4	1986	191154276	1.03895e-05
chr4	5	971	191154276	5.07967e-06
chr4	6	442	191154276	2.31227e-06
chr4	7	171	191154276	8.94565e-07
chr4	8	92	191154276	4.81287e-07
chr4	9	80	191154276	4.1851e-07
chr4	10	33	191154276	1.72635e-07
chr4	11	37	191154276	1.93561e-07
chr4	12	5	191154276	2.61569e-08
chr4	13	1	191154276	5.23138e-09
chr4	14	5	191154276	2.61569e-08
chr4	15	10	191154276	5.23138e-08
chr4	16	7	191154276	3.66196e-08
chr4	17	13	191154276	6.80079e-08
chr4	18	3	191154276	1.56941e-08
chr4	19	1	191154276	5.23138e-09
chr5	0	178948793	180915260	0.98913
chr5	1	1953710	180915260	0.010799
chr5	2	12001	180915260	6.63349e-05
chr5	3	504	180915260	2.78583e-06
chr5	4	173	180915260	9.56249e-07
chr5	5	29	180915260	1.60296e-07
chr5	6	3	180915260	1.65823e-08
chr5	7	3	180915260	1.65823e-08
chr5	8	5	180915260	2.76372e-08
chr5	9	4	180915260	2.21098e-08
chr5	10	11	180915260	6.08019e-08
chr5	11	24	180915260	1.32659e-07
chr6	0	168273544	171115067	0.983394
chr6	1	2813426	171115067	0.0164417
chr6	2	23908	171115067	0.000139719
chr6	3	706	171115067	4.12588e-06
chr6	4	391	171115067	2.28501e-06
chr6	5	383	171115067	2.23826e-06
chr6	6	384	171115067	2.2441e-06
chr6	7	370	171115067	2.16229e-06
chr6	8	381	171115067	2.22657e-06
chr6	9	371	171115067	2.16813e-06
chr6	10	269	171115067	1.57204e-06
chr6	11	298	171115067	1.74152e-06
chr6	12	220	171115067	1.28568e-06
chr6	13	141	171115067	8.24007e-07
chr6	14	118	171115067	6.89594e-07
chr6	15	49	171115067	2.86357e-07
chr6	16	40	171115067	2.33761e-07
chr6	17	21	171115067	1.22724e-07
chr6	18	13	171115067	7.59723e-08
chr6	19	16	171115067	9.35043e-08
chr6	20	11	171115067	6.42842e-08
chr6	21	7	171115067	4.09081e-08
chr7	0	157416056	159138663	0.989175
chr7	1	1703650	159138663	0.0107054
chr7	2	12781	159138663	8.03136e-05
chr7	3	1494	159138663	9.38804e-06
chr7	4	937	159138663	5.88795e-06
chr7	5	562	159138663	3.53151e-06
chr7	6	504	159138663	3.16705e-06
chr7	7	370	159138663	2.32502e-06
chr7	8	294	159138663	1.84745e-06
chr7	9	261	159138663	1.64008e-06
chr7	10	303	159138663	1.904e-06
chr7	11	198	159138663	1.2442e-06
chr7	12	194	159138663	1.21906e-06
chr7	13	173	159138663	1.0871e-06
chr7	14	190	159138663	1.19393e-06
chr7	15	144	159138663	9.04871e-07
chr7	16	136	159138663	8.54601e-07
chr7	17	88	159138663	5.52977e-07
chr7	18	80	159138663	5.02706e-07
chr7	19	76	159138663	4.77571e-07
chr7	20	24	159138663	1.50812e-07
chr7	21	26	159138663	1.6338e-07
chr7	22	19	159138663	1.19393e-07
chr7	23	31	159138663	1.94799e-07
chr7	24	25	159138663	1.57096e-07
chr7	25	19	159138663	1.19393e-07
chr7	26	17	159138663	1.06825e-07
chr7	27	10	159138663	6.28383e-08
chr7	28	1	159138663	6.28383e-09
chr8	0	144288212	146364022	0.985817
chr8	1	2046221	146364022	0.0139804
chr8	2	23515	146364022	0.000160661
chr8	3	3082	146364022	2.10571e-05
chr8	4	1737	146364022	1.18677e-05
chr8	5	764	146364022	5.21986e-06
chr8	6	308	146364022	2.10434e-06
chr8	7	84	146364022	5.73912e-07
chr8	8	36	146364022	2.45962e-07
chr8	9	36	146364022	2.45962e-07
chr8	10	10	146364022	6.83228e-08
chr8	11	17	146364022	1.16149e-07
chr9	0	139196258	141213431	0.985715
chr9	1	1998132	141213431	0.0141497
chr9	2	18048	141213431	0.000127807
chr9	3	542	141213431	3.83816e-06
chr9	4	100	141213431	7.08148e-07
chr9	5	121	141213431	8.56859e-07
chr9	6	90	141213431	6.37333e-07
chr9	7	44	141213431	3.11585e-07
chr9	8	59	141213431	4.17807e-07
chr9	9	9	141213431	6.37333e-08
chr9	10	19	141213431	1.34548e-07
chr9	11	8	141213431	5.66518e-08
chr9	12	1	141213431	7.08148e-09
chr10	0	133844224	135534747	0.987527
chr10	1	1648713	135534747	0.0121645
chr10	2	21034	135534747	0.000155193
chr10	3	4649	135534747	3.43012e-05
chr10	4	3147	135534747	2.32191e-05
chr10	5	2021	135534747	1.49113e-05
chr10	6	1526	135534747	1.12591e-05
chr10	7	1224	135534747	9.03089e-06
chr10	8	976	135534747	7.20111e-06
chr10	9	992	135534747	7.31916e-06
chr10	10	958	135534747	7.0683e-06
chr10	11	669	135534747	4.936e-06
chr10	12	543	135534747	4.00635e-06
chr10	13	529	135534747	3.90306e-06
chr10	14	445	135534747	3.28329e-06
chr10	15	299	135534747	2.20608e-06
chr10	16	229	135534747	1.6896e-06
chr10	17	270	135534747	1.99211e-06
chr10	18	247	135534747	1.82241e-06
chr10	19	235	135534747	1.73387e-06
chr10	20	248	135534747	1.82979e-06
chr10	21	214	135534747	1.57893e-06
chr10	22	226	135534747	1.66747e-06
chr10	23	172	135534747	1.26905e-06
chr10	24	148	135534747	1.09197e-06
chr10	25	117	135534747	8.63247e-07
chr10	26	104	135534747	7.67331e-07
chr10	27	85	135534747	6.27145e-07
chr10	28	105	135534747	7.74709e-07
chr10	29	89	135534747	6.56658e-07
chr10	30	61	135534747	4.50069e-07
chr10	31	41	135534747	3.02505e-07
chr10	32	58	135534747	4.27935e-07
chr10	33	40	135534747	2.95127e-07
chr10	34	33	135534747	2.4348e-07
chr10	35	35	135534747	2.58236e-07
chr10	36	16	135534747	1.18051e-07
chr10	37	22	135534747	1.6232e-07
chr10	38	3	135534747	2.21345e-08
chr11	0	133087194	135006516	0.985784
chr11	1	1895617	135006516	0.0140409
chr11	2	20783	135006516	0.000153941
chr11	3	1150	135006516	8.51811e-06
chr11	4	586	135006516	4.34053e-06
chr11	5	340	135006516	2.5184e-06
chr11	6	224	135006516	1.65918e-06
chr11	7	170	135006516	1.2592e-06
chr11	8	128	135006516	9.48102e-07
chr11	9	93	135006516	6.88856e-07
chr11	10	94	135006516	6.96263e-07
chr11	11	76	135006516	5.62936e-07
chr11	12	30	135006516	2.22211e-07
chr11	13	3	135006516	2.22212e-08
chr11	14	1	135006516	7.40705e-09
chr11	15	5	135006516	3.70352e-08
chr11	16	10	135006516	7.40705e-08
chr11	17	12	135006516	8.88846e-08
chr12	0	132588215	133851895	0.990559
chr12	1	1256067	133851895	0.00938401
chr12	2	6820	133851895	5.09518e-05
chr12	3	331	133851895	2.47288e-06
chr12	4	245	133851895	1.83038e-06
chr12	5	129	133851895	9.63752e-07
chr12	6	16	133851895	1.19535e-07
chr12	7	25	133851895	1.86774e-07
chr12	8	20	133851895	1.49419e-07
chr12	9	26	133851895	1.94245e-07
chr12	10	1	133851895	7.47094e-09
chr13	0	114114318	115169878	0.990835
chr13	1	1049679	115169878	0.00911418
chr13	2	5872	115169878	5.09856e-05
chr13	3	9	115169878	7.81454e-08
chr14	0	106431386	107349540	0.991447
chr14	1	912506	107349540	0.00850033
chr14	2	5518	107349540	5.14022e-05
chr14	3	92	107349540	8.57014e-07
chr14	4	8	107349540	7.45229e-08
chr14	5	30	107349540	2.79461e-07
chr15	0	101784515	102531392	0.992716
chr15	1	743788	102531392	0.00725425
chr15	2	3055	102531392	2.97958e-05
chr15	3	34	102531392	3.31606e-07
chr16	0	89567967	90354753	0.991292
chr16	1	753882	90354753	0.00834358
chr16	2	13414	90354753	0.000148459
chr16	3	7671	90354753	8.48987e-05
chr16	4	4989	90354753	5.52157e-05
chr16	5	3044	90354753	3.36894e-05
chr16	6	1878	90354753	2.07847e-05
chr16	7	1014	90354753	1.12224e-05
chr16	8	541	90354753	5.98751e-06
chr16	9	165	90354753	1.82614e-06
chr16	10	74	90354753	8.18994e-07
chr16	11	57	90354753	6.30847e-07
chr16	12	42	90354753	4.64834e-07
chr16	13	9	90354753	9.96074e-08
chr16	14	6	90354753	6.64049e-08
chr17	0	80207725	81195210	0.987838
chr17	1	978288	81195210	0.0120486
chr17	2	7952	81195210	9.79368e-05
chr17	3	789	81195210	9.71732e-06
chr17	4	299	81195210	3.68248e-06
chr17	5	78	81195210	9.60648e-07
chr17	6	51	81195210	6.28116e-07
chr17	7	25	81195210	3.079e-07
chr17	8	3	81195210	3.6948e-08
chr18	0	77390013	78077248	0.991198
chr18	1	681857	78077248	0.00873311
chr18	2	4315	78077248	5.52658e-05
chr18	3	492	78077248	6.30145e-06
chr18	4	296	78077248	3.79112e-06
chr18	5	88	78077248	1.12709e-06
chr18	6	41	78077248	5.25121e-07
chr18	7	35	78077248	4.48274e-07
chr18	8	61	78077248	7.81278e-07
chr18	9	31	78077248	3.97043e-07
chr18	10	4	78077248	5.12313e-08
chr18	11	15	78077248	1.92117e-07
chr19	0	58195577	59128983	0.984214
chr19	1	919094	59128983	0.0155439
chr19	2	10762	59128983	0.000182009
chr19	3	505	59128983	8.54065e-06
chr19	4	545	59128983	9.21714e-06
chr19	5	425	59128983	7.18768e-06
chr19	6	244	59128983	4.12657e-06
chr19	7	223	59128983	3.77142e-06
chr19	8	219	59128983	3.70377e-06
chr19	9	227	59128983	3.83906e-06
chr19	10	137	59128983	2.31697e-06
chr19	11	123	59128983	2.0802e-06
chr19	12	103	59128983	1.74195e-06
chr19	13	86	59128983	1.45445e-06
chr19	14	96	59128983	1.62357e-06
chr19	15	109	59128983	1.84343e-06
chr19	16	77	59128983	1.30224e-06
chr19	17	56	59128983	9.47082e-07
chr19	18	51	59128983	8.62521e-07
chr19	19	66	59128983	1.1162e-06
chr19	20	58	59128983	9.80906e-07
chr19	21	29	59128983	4.90453e-07
chr19	22	41	59128983	6.93399e-07
chr19	23	26	59128983	4.39717e-07
chr19	24	17	59128983	2.87507e-07
chr19	25	16	59128983	2.70595e-07
chr19	26	27	59128983	4.56629e-07
chr19	27	14	59128983	2.36771e-07
chr19	28	9	59128983	1.5221e-07
chr19	29	13	59128983	2.19858e-07
chr19	30	5	59128983	8.45609e-08
chr19	31	2	59128983	3.38244e-08
chr19	32	1	59128983	1.69122e-08
chr20	0	62039339	63025520	0.984353
chr20	1	976440	63025520	0.0154928
chr20	2	9285	63025520	0.000147321
chr20	3	290	63025520	4.60131e-06
chr20	4	94	63025520	1.49146e-06
chr20	5	38	63025520	6.0293e-07
chr20	6	34	63025520	5.39464e-07
chr21	0	47626328	48129895	0.989537
chr21	1	497606	48129895	0.0103388
chr21	2	5062	48129895	0.000105174
chr21	3	511	48129895	1.06171e-05
chr21	4	111	48129895	2.30626e-06
chr21	5	144	48129895	2.9919e-06
chr21	6	43	48129895	8.93416e-07
chr21	7	16	48129895	3.32434e-07
chr21	8	27	48129895	5.60982e-07
chr21	9	12	48129895	2.49325e-07
chr21	10	10	48129895	2.07771e-07
chr21	11	21	48129895	4.36319e-07
chr21	12	4	48129895	8.31084e-08
chr22	0	50828450	51304566	0.99072
chr22	1	470425	51304566	0.00916926
chr22	2	5319	51304566	0.000103675
chr22	3	214	51304566	4.17117e-06
chr22	4	67	51304566	1.30593e-06
chr22	5	37	51304566	7.21183e-07
chr22	6	36	51304566	7.01692e-07
chr22	7	18	51304566	3.50846e-07
chrX	0	153582558	155270560	0.989129
chrX	1	1668905	155270560	0.0107484
chrX	2	16550	155270560	0.000106588
chrX	3	1815	155270560	1.16893e-05
chrX	4	418	155270560	2.69207e-06
chrX	5	158	155270560	1.01758e-06
chrX	6	35	155270560	2.25413e-07
chrX	7	22	155270560	1.41688e-07
chrX	8	44	155270560	2.83376e-07
chrX	9	9	155270560	5.79633e-08
chrX	10	28	155270560	1.8033e-07
chrX	11	9	155270560	5.79633e-08
chrX	12	5	155270560	3.22019e-08
chrX	13	4	155270560	2.57615e-08
chrY	0	59266277	59373566	0.998193
chrY	1	100207	59373566	0.00168774
chrY	2	4531	59373566	7.63134e-05
chrY	3	1718	59373566	2.89354e-05
chrY	4	515	59373566	8.67389e-06
chrY	5	164	59373566	2.76217e-06
chrY	6	46	59373566	7.74756e-07
chrY	7	18	59373566	3.03165e-07
chrY	8	38	59373566	6.40015e-07
chrY	9	29	59373566	4.88433e-07
chrY	10	23	59373566	3.87378e-07
chr1_gl000191_random	0	105233	106433	0.988725
chr1_gl000191_random	1	1200	106433	0.0112747
chr1_gl000192_random	0	534015	547496	0.975377
chr1_gl000192_random	1	13362	547496	0.0244057
chr1_gl000192_random	2	119	547496	0.000217353
chr4_ctg9_hap1	0	586342	590426	0.993083
chr4_ctg9_hap1	1	4068	590426	0.00688994
chr4_ctg9_hap1	2	16	590426	2.70991e-05
chr4_gl000193_random	0	184866	189789	0.974061
chr4_gl000193_random	1	4896	189789	0.0257971
chr4_gl000193_random	2	27	189789	0.000142263
chr4_gl000194_random	0	186996	191469	0.976638
chr4_gl000194_random	1	4446	191469	0.0232205
chr4_gl000194_random	2	27	191469	0.000141015
chr6_apd_hap1	0	4613098	4622290	0.998011
chr6_apd_hap1	1	9184	4622290	0.00198689
chr6_apd_hap1	2	8	4622290	1.73074e-06
chr6_cox_hap2	0	4774737	4795371	0.995697
chr6_cox_hap2	1	20618	4795371	0.00429956
chr6_cox_hap2	2	16	4795371	3.33655e-06
chr6_dbb_hap3	0	4593655	4610396	0.996369
chr6_dbb_hap3	1	16732	4610396	0.00362919
chr6_dbb_hap3	2	9	4610396	1.95211e-06
chr6_mann_hap4	0	4668478	4683263	0.996843
chr6_mann_hap4	1	14720	4683263	0.00314311
chr6_mann_hap4	2	65	4683263	1.38792e-05
chr6_mcf_hap5	0	4817636	4833398	0.996739
chr6_mcf_hap5	1	15724	4833398	0.0032532
chr6_mcf_hap5	2	38	4833398	7.86196e-06
chr6_qbl_hap6	0	4593614	4611984	0.996017
chr6_qbl_hap6	1	18340	4611984	0.0039766
chr6_qbl_hap6	2	30	4611984	6.50479e-06
chr6_ssto_hap7	0	4912193	4928567	0.996678
chr6_ssto_hap7	1	16348	4928567	0.00331699
chr6_ssto_hap7	2	26	4928567	5.27537e-06
chr7_gl000195_random	0	178930	182896	0.978316
chr7_gl000195_random	1	3932	182896	0.0214986
chr7_gl000195_random	2	34	182896	0.000185898
chr8_gl000196_random	0	38614	38914	0.992291
chr8_gl000196_random	1	300	38914	0.00770931
chr8_gl000197_random	0	37025	37175	0.995965
chr8_gl000197_random	1	150	37175	0.00403497
chr9_gl000198_random	0	87073	90085	0.966565
chr9_gl000198_random	1	2924	90085	0.0324582
chr9_gl000198_random	2	88	90085	0.000976855
chr9_gl000199_random	0	130066	169874	0.765662
chr9_gl000199_random	1	30324	169874	0.178509
chr9_gl000199_random	2	7638	169874	0.0449627
chr9_gl000199_random	3	1221	169874	0.00718768
chr9_gl000199_random	4	234	169874	0.00137749
chr9_gl000199_random	5	177	169874	0.00104195
chr9_gl000199_random	6	44	169874	0.000259016
chr9_gl000199_random	7	34	169874	0.000200148
chr9_gl000199_random	8	18	169874	0.000105961
chr9_gl000199_random	9	14	169874	8.2414e-05
chr9_gl000199_random	10	22	169874	0.000129508
chr9_gl000199_random	11	38	169874	0.000223695
chr9_gl000199_random	12	4	169874	2.35469e-05
chr9_gl000199_random	13	3	169874	1.76601e-05
chr9_gl000199_random	14	5	169874	2.94336e-05
chr9_gl000199_random	15	13	169874	7.65273e-05
chr9_gl000199_random	16	19	169874	0.000111848
chr9_gl000200_random	0	184863	187035	0.988387
chr9_gl000200_random	1	2144	187035	0.0114631
chr9_gl000200_random	2	28	187035	0.000149705
chr9_gl000201_random	0	35948	36148	0.994467
chr9_gl000201_random	1	200	36148	0.00553281
chr11_gl000202_random	0	39703	40103	0.990026
chr11_gl000202_random	1	400	40103	0.00997432
chr17_ctg5_hap1	0	1668220	1680828	0.992499
chr17_ctg5_hap1	1	12466	1680828	0.00741658
chr17_ctg5_hap1	2	142	1680828	8.44822e-05
chr17_gl000203_random	0	37048	37498	0.987999
chr17_gl000203_random	1	450	37498	0.0120006
chr17_gl000204_random	0	80660	81310	0.992006
chr17_gl000204_random	1	650	81310	0.0079941
chr17_gl000205_random	0	171647	174588	0.983155
chr17_gl000205_random	1	2932	174588	0.0167938
chr17_gl000205_random	2	9	174588	5.15499e-05
chr17_gl000206_random	0	40901	41001	0.997561
chr17_gl000206_random	1	100	41001	0.00243896
chr19_gl000208_random	0	85618	92689	0.923713
chr19_gl000208_random	1	5617	92689	0.0606005
chr19_gl000208_random	2	859	92689	0.00926755
chr19_gl000208_random	3	363	92689	0.00391632
chr19_gl000208_random	4	92	92689	0.000992567
chr19_gl000208_random	5	85	92689	0.000917045
chr19_gl000208_random	6	52	92689	0.000561016
chr19_gl000208_random	7	3	92689	3.23663e-05
chr19_gl000209_random	0	155592	159169	0.977527
chr19_gl000209_random	1	3554	159169	0.0223285
chr19_gl000209_random	2	23	159169	0.000144501
chr21_gl000210_random	0	27632	27682	0.998194
chr21_gl000210_random	1	50	27682	0.00180623
chrUn_gl000211	0	164816	166566	0.989494
chrUn_gl000211	1	1750	166566	0.0105063
chrUn_gl000212	0	183929	186858	0.984325
chrUn_gl000212	1	2908	186858	0.0155626
chrUn_gl000212	2	21	186858	0.000112385
chrUn_gl000213	0	163689	164239	0.996651
chrUn_gl000213	1	550	164239	0.00334878
chrUn_gl000214	0	133533	137718	0.969612
chrUn_gl000214	1	4049	137718	0.0294007
chrUn_gl000214	2	107	137718	0.00077695
chrUn_gl000214	3	29	137718	0.000210575
chrUn_gl000215	0	171245	172545	0.992466
chrUn_gl000215	1	1300	172545	0.00753427
chrUn_gl000216	0	150247	172294	0.872038
chrUn_gl000216	1	17391	172294	0.100938
chrUn_gl000216	2	2885	172294	0.0167446
chrUn_gl000216	3	922	172294	0.00535132
chrUn_gl000216	4	396	172294	0.0022984
chrUn_gl000216	5	263	172294	0.00152646
chrUn_gl000216	6	91	172294	0.000528167
chrUn_gl000216	7	21	172294	0.000121885
chrUn_gl000216	8	34	172294	0.000197337
chrUn_gl000216	9	31	172294	0.000179925
chrUn_gl000216	10	13	172294	7.54524e-05
chrUn_gl000217	0	167429	172149	0.972582
chrUn_gl000217	1	4640	172149	0.0269534
chrUn_gl000217	2	80	172149	0.000464714
chrUn_gl000218	0	157511	161147	0.977437
chrUn_gl000218	1	3572	161147	0.0221661
chrUn_gl000218	2	64	161147	0.000397153
chrUn_gl000219	0	174356	179198	0.97298
chrUn_gl000219	1	4734	179198	0.0264177
chrUn_gl000219	2	108	179198	0.000602685
chrUn_gl000220	0	143805	161802	0.888771
chrUn_gl000220	1	14859	161802	0.0918345
chrUn_gl000220	2	2584	161802	0.0159701
chrUn_gl000220	3	470	161802	0.00290478
chrUn_gl000220	4	57	161802	0.000352282
chrUn_gl000220	5	27	161802	0.000166871
chrUn_gl000221	0	150389	155397	0.967773
chrUn_gl000221	1	4916	155397	0.0316351
chrUn_gl000221	2	92	155397	0.000592032
chrUn_gl000222	0	184289	186861	0.986236
chrUn_gl000222	1	2544	186861	0.0136144
chrUn_gl000222	2	28	186861	0.000149844
chrUn_gl000223	0	179755	180455	0.996121
chrUn_gl000223	1	700	180455	0.00387908
chrUn_gl000224	0	176009	179693	0.979498
chrUn_gl000224	1	3526	179693	0.0196224
chrUn_gl000224	2	150	179693	0.000834757
chrUn_gl000224	3	8	179693	4.45204e-05
chrUn_gl000225	0	186856	211173	0.884848
chrUn_gl000225	1	20967	211173	0.0992883
chrUn_gl000225	2	2644	211173	0.0125205
chrUn_gl000225	3	442	211173	0.00209307
chrUn_gl000225	4	159	211173	0.000752937
chrUn_gl000225	5	31	211173	0.000146799
chrUn_gl000225	6	7	211173	3.31482e-05
chrUn_gl000225	7	3	211173	1.42064e-05
chrUn_gl000225	8	9	211173	4.26191e-05
chrUn_gl000225	9	5	211173	2.36773e-05
chrUn_gl000225	10	5	211173	2.36773e-05
chrUn_gl000225	11	9	211173	4.26191e-05
chrUn_gl000225	12	3	211173	1.42064e-05
chrUn_gl000225	13	7	211173	3.31482e-05
chrUn_gl000225	14	2	211173	9.47091e-06
chrUn_gl000225	15	6	211173	2.84127e-05
chrUn_gl000225	16	8	211173	3.78836e-05
chrUn_gl000225	17	4	211173	1.89418e-05
chrUn_gl000225	18	6	211173	2.84127e-05
chrUn_gl000226	0	1181	15008	0.0786914
chrUn_gl000226	1	2401	15008	0.159981
chrUn_gl000226	2	2991	15008	0.199294
chrUn_gl000226	3	2697	15008	0.179704
chrUn_gl000226	4	2174	15008	0.144856
chrUn_gl000226	5	1472	15008	0.098081
chrUn_gl000226	6	957	15008	0.063766
chrUn_gl000226	7	546	15008	0.0363806
chrUn_gl000226	8	286	15008	0.0190565
chrUn_gl000226	9	158	15008	0.0105277
chrUn_gl000226	10	74	15008	0.0049307
chrUn_gl000226	11	59	15008	0.00393124
chrUn_gl000226	12	11	15008	0.000732942
chrUn_gl000226	13	1	15008	6.66311e-05
chrUn_gl000227	0	126824	128374	0.987926
chrUn_gl000227	1	1550	128374	0.0120741
chrUn_gl000228	0	126133	129120	0.976866
chrUn_gl000228	1	2734	129120	0.0211741
chrUn_gl000228	2	181	129120	0.0014018
chrUn_gl000228	3	34	129120	0.000263321
chrUn_gl000228	4	38	129120	0.0002943
chrUn_gl000229	0	19013	19913	0.954803
chrUn_gl000229	1	900	19913	0.0451966
chrUn_gl000230	0	42441	43691	0.97139
chrUn_gl000230	1	1250	43691	0.02861
chrUn_gl000231	0	26686	27386	0.97444
chrUn_gl000231	1	700	27386	0.0255605
chrUn_gl000232	0	38251	40652	0.940938
chrUn_gl000232	1	2262	40652	0.055643
chrUn_gl000232	2	139	40652	0.00341927
chrUn_gl000233	0	45091	45941	0.981498
chrUn_gl000233	1	850	45941	0.018502
chrUn_gl000234	0	39179	40531	0.966643
chrUn_gl000234	1	1304	40531	0.0321729
chrUn_gl000234	2	48	40531	0.00118428
chrUn_gl000235	0	32963	34474	0.95617
chrUn_gl000235	1	1472	34474	0.0426988
chrUn_gl000235	2	39	34474	0.00113129
chrUn_gl000236	0	41384	41934	0.986884
chrUn_gl000236	1	550	41934	0.0131158
chrUn_gl000237	0	44967	45867	0.980378
chrUn_gl000237	1	900	45867	0.0196219
chrUn_gl000238	0	39589	39939	0.991237
chrUn_gl000238	1	350	39939	0.00876336
chrUn_gl000239	0	33424	33824	0.988174
chrUn_gl000239	1	350	33824	0.0103477
chrUn_gl000239	2	50	33824	0.00147824
chrUn_gl000240	0	40476	41933	0.965254
chrUn_gl000240	1	1414	41933	0.0337205
chrUn_gl000240	2	43	41933	0.00102545
chrUn_gl000241	0	39796	42152	0.944107
chrUn_gl000241	1	2312	42152	0.0548491
chrUn_gl000241	2	44	42152	0.00104384
chrUn_gl000242	0	43373	43523	0.996554
chrUn_gl000242	1	150	43523	0.00344645
chrUn_gl000243	0	41991	43341	0.968852
chrUn_gl000243	1	1350	43341	0.0311483
chrUn_gl000244	0	39438	39929	0.987703
chrUn_gl000244	1	482	39929	0.0120714
chrUn_gl000244	2	9	39929	0.0002254
chrUn_gl000245	0	35551	36651	0.969987
chrUn_gl000245	1	1100	36651	0.0300128
chrUn_gl000246	0	37904	38154	0.993448
chrUn_gl000246	1	250	38154	0.00655239
chrUn_gl000247	0	35722	36422	0.980781
chrUn_gl000247	1	700	36422	0.0192192
chrUn_gl000248	0	39386	39786	0.989946
chrUn_gl000248	1	400	39786	0.0100538
chrUn_gl000249	0	38231	38502	0.992961
chrUn_gl000249	1	242	38502	0.00628539
chrUn_gl000249	2	29	38502	0.000753208
chr18_gl000207_random	0	4262	4262	1
genome	0	3098078238	3137161264	0.987542
genome	1	38575400	3137161264	0.0122963
genome	2	395955	3137161264	0.000126214
genome	3	43360	3137161264	1.38214e-05
genome	4	22692	3137161264	7.23329e-06
genome	5	13193	3137161264	4.20539e-06
genome	6	7968	3137161264	2.53988e-06
genome	7	5030	3137161264	1.60336e-06
genome	8	3591	3137161264	1.14467e-06
genome	9	2792	3137161264	8.89977e-07
genome	10	2292	3137161264	7.30597e-07
genome	11	1807	3137161264	5.75998e-07
genome	12	1287	3137161264	4.10244e-07
genome	13	1051	3137161264	3.35016e-07
genome	14	964	3137161264	3.07284e-07
genome	15	691	3137161264	2.20263e-07
genome	16	559	3137161264	1.78187e-07
genome	17	502	3137161264	1.60017e-07
genome	18	460	3137161264	1.46629e-07
genome	19	442	3137161264	1.40892e-07
genome	20	372	3137161264	1.18579e-07
genome	21	305	3137161264	9.72217e-08
genome	22	336	3137161264	1.07103e-07
genome	23	283	3137161264	9.02089e-08
genome	24	228	3137161264	7.26772e-08
genome	25	179	3137161264	5.7058e-08
genome	26	178	3137161264	5.67392e-08
genome	27	130	3137161264	4.14387e-08
genome	28	145	3137161264	4.62201e-08
genome	29	131	3137161264	4.17575e-08
genome	30	103	3137161264	3.28322e-08
genome	31	89	3137161264	2.83696e-08
genome	32	101	3137161264	3.21947e-08
genome	33	70	3137161264	2.23132e-08
genome	34	43	3137161264	1.37067e-08
genome	35	43	3137161264	1.37067e-08
genome	36	21	3137161264	6.69395e-09
genome	37	28	3137161264	8.92527e-09
genome	38	10	3137161264	3.1876e-09
genome	39	7	3137161264	2.23132e-09
genome	40	11	3137161264	3.50635e-09
genome	41	17	3137161264	5.41891e-09
genome	42	16	3137161264	5.10015e-09
genome	43	20	3137161264	6.37519e-09
genome	44	15	3137161264	4.78139e-09
genome	45	24	3137161264	7.65023e-09
genome	46	13	3137161264	4.14387e-09
genome	47	8	3137161264	2.55008e-09
genome	48	18	3137161264	5.73767e-09
genome	49	16	3137161264	5.10015e-09
genome	50	10	3137161264	3.1876e-09
genome	51	10	3137161264	3.1876e-09
genome	52	5	3137161264	1.5938e-09
genome	53	4	3137161264	1.27504e-09
genome	54	1	3137161264	3.1876e-10
