chrM	0	16221	16571	0.978879
chrM	1	350	16571	0.0211212
chr1	0	245500104	249250621	0.984953
chr1	1	3714297	249250621	0.0149019
chr1	2	33837	249250621	0.000135755
chr1	3	661	249250621	2.65195e-06
chr1	4	183	249250621	7.34201e-07
chr1	5	150	249250621	6.01804e-07
chr1	6	86	249250621	3.45034e-07
chr1	7	80	249250621	3.20962e-07
chr1	8	48	249250621	1.92577e-07
chr1	9	32	249250621	1.28385e-07
chr1	10	53	249250621	2.12637e-07
chr1	11	72	249250621	2.88866e-07
chr1	12	61	249250621	2.44734e-07
chr1	13	74	249250621	2.9689e-07
chr1	14	80	249250621	3.20962e-07
chr1	15	63	249250621	2.52758e-07
chr1	16	73	249250621	2.92878e-07
chr1	17	65	249250621	2.60782e-07
chr1	18	56	249250621	2.24673e-07
chr1	19	28	249250621	1.12337e-07
chr1	20	23	249250621	9.22766e-08
chr1	21	50	249250621	2.00601e-07
chr1	22	39	249250621	1.56469e-07
chr1	23	23	249250621	9.22766e-08
chr1	24	20	249250621	8.02405e-08
chr1	25	25	249250621	1.00301e-07
chr1	26	38	249250621	1.52457e-07
chr1	27	27	249250621	1.08325e-07
chr1	28	32	249250621	1.28385e-07
chr1	29	38	249250621	1.52457e-07
chr1	30	13	249250621	5.21563e-08
chr1	31	10	249250621	4.01203e-08
chr1	32	22	249250621	8.82646e-08
chr1	33	27	249250621	1.08325e-07
chr1	34	24	249250621	9.62886e-08
chr1	35	22	249250621	8.82646e-08
chr1	36	11	249250621	4.41323e-08
chr1	37	7	249250621	2.80842e-08
chr1	38	7	249250621	2.80842e-08
chr1	39	3	249250621	1.20361e-08
chr1	40	9	249250621	3.61082e-08
chr1	41	8	249250621	3.20962e-08
chr1	42	14	249250621	5.61684e-08
chr1	43	8	249250621	3.20962e-08
chr1	44	4	249250621	1.60481e-08
chr1	45	5	249250621	2.00601e-08
chr1	46	8	249250621	3.20962e-08
chr1	47	1	249250621	4.01203e-09
chr2	0	239658847	243199373	0.985442
chr2	1	3492277	243199373	0.0143597
chr2	2	35867	243199373	0.00014748
chr2	3	4831	243199373	1.98644e-05
chr2	4	2795	243199373	1.14926e-05
chr2	5	1673	243199373	6.87913e-06
chr2	6	1339	243199373	5.50577e-06
chr2	7	651	243199373	2.67682e-06
chr2	8	381	243199373	1.56662e-06
chr2	9	285	243199373	1.17188e-06
chr2	10	160	243199373	6.57896e-07
chr2	11	112	243199373	4.60528e-07
chr2	12	50	243199373	2.05593e-07
chr2	13	47	243199373	1.93257e-07
chr2	14	11	243199373	4.52304e-08
chr2	15	11	243199373	4.52304e-08
chr2	16	7	243199373	2.8783e-08
chr2	17	3	243199373	1.23356e-08
chr2	18	22	243199373	9.04608e-08
chr2	19	4	243199373	1.64474e-08
chr3	0	195022026	198022430	0.984848
chr3	1	2972474	198022430	0.0150108
chr3	2	27464	198022430	0.000138691
chr3	3	272	198022430	1.37358e-06
chr3	4	23	198022430	1.16148e-07
chr3	5	44	198022430	2.22197e-07
chr3	6	7	198022430	3.53495e-08
chr3	7	1	198022430	5.04993e-09
chr3	8	6	198022430	3.02996e-08
chr3	9	2	198022430	1.00999e-08
chr3	10	3	198022430	1.51498e-08
chr3	11	7	198022430	3.53495e-08
chr3	12	6	198022430	3.02996e-08
chr3	13	4	198022430	2.01997e-08
chr3	14	1	198022430	5.04993e-09
chr3	15	5	198022430	2.52497e-08
chr3	16	7	198022430	3.53495e-08
chr3	17	8	198022430	4.03995e-08
chr3	18	11	198022430	5.55493e-08
chr3	19	4	198022430	2.01997e-08
chr3	20	3	198022430	1.51498e-08
chr3	21	3	198022430	1.51498e-08
chr3	22	5	198022430	2.52497e-08
chr3	23	7	198022430	3.53495e-08
chr3	24	13	198022430	6.56491e-08
chr3	25	17	198022430	8.58489e-08
chr3	26	7	198022430	3.53495e-08
chr4	0	189037090	191154276	0.988924
chr4	1	2086262	191154276	0.010914
chr4	2	21612	191154276	0.000113061
chr4	3	4800	191154276	2.51106e-05
chr4	4	2423	191154276	1.26756e-05
chr4	5	1077	191154276	5.63419e-06
chr4	6	532	191154276	2.78309e-06
chr4	7	196	191154276	1.02535e-06
chr4	8	102	191154276	5.336e-07
chr4	9	70	191154276	3.66196e-07
chr4	10	25	191154276	1.30784e-07
chr4	11	37	191154276	1.93561e-07
chr4	12	5	191154276	2.61569e-08
chr4	13	2	191154276	1.04628e-08
chr4	14	4	191154276	2.09255e-08
chr4	15	6	191154276	3.13883e-08
chr4	16	6	191154276	3.13883e-08
chr4	17	7	191154276	3.66196e-08
chr4	18	8	191154276	4.1851e-08
chr4	19	11	191154276	5.75451e-08
chr4	20	1	191154276	5.23138e-09
chr5	0	178838959	180915260	0.988523
chr5	1	2061281	180915260	0.0113936
chr5	2	14530	180915260	8.03138e-05
chr5	3	362	180915260	2.00094e-06
chr5	4	88	180915260	4.86416e-07
chr5	5	19	180915260	1.05022e-07
chr5	6	21	180915260	1.16076e-07
chr6	0	168466263	171115067	0.98452
chr6	1	2623621	171115067	0.0153325
chr6	2	21283	171115067	0.000124378
chr6	3	654	171115067	3.82199e-06
chr6	4	454	171115067	2.65319e-06
chr6	5	504	171115067	2.94539e-06
chr6	6	370	171115067	2.16229e-06
chr6	7	311	171115067	1.81749e-06
chr6	8	271	171115067	1.58373e-06
chr6	9	256	171115067	1.49607e-06
chr6	10	279	171115067	1.63048e-06
chr6	11	231	171115067	1.34997e-06
chr6	12	206	171115067	1.20387e-06
chr6	13	116	171115067	6.77906e-07
chr6	14	87	171115067	5.0843e-07
chr6	15	65	171115067	3.79861e-07
chr6	16	53	171115067	3.09733e-07
chr6	17	30	171115067	1.75321e-07
chr6	18	13	171115067	7.59723e-08
chr7	0	157560419	159138663	0.990083
chr7	1	1562074	159138663	0.0098158
chr7	2	9891	159138663	6.21533e-05
chr7	3	1765	159138663	1.1091e-05
chr7	4	1162	159138663	7.30181e-06
chr7	5	691	159138663	4.34213e-06
chr7	6	540	159138663	3.39327e-06
chr7	7	461	159138663	2.89684e-06
chr7	8	300	159138663	1.88515e-06
chr7	9	256	159138663	1.60866e-06
chr7	10	196	159138663	1.23163e-06
chr7	11	191	159138663	1.20021e-06
chr7	12	140	159138663	8.79736e-07
chr7	13	145	159138663	9.11155e-07
chr7	14	99	159138663	6.22099e-07
chr7	15	62	159138663	3.89597e-07
chr7	16	44	159138663	2.76488e-07
chr7	17	32	159138663	2.01083e-07
chr7	18	56	159138663	3.51894e-07
chr7	19	43	159138663	2.70205e-07
chr7	20	46	159138663	2.89056e-07
chr7	21	30	159138663	1.88515e-07
chr7	22	6	159138663	3.7703e-08
chr7	23	9	159138663	5.65545e-08
chr7	24	4	159138663	2.51353e-08
chr7	25	1	159138663	6.28383e-09
chr8	0	143238183	146364022	0.978643
chr8	1	3064183	146364022	0.0209354
chr8	2	48375	146364022	0.000330512
chr8	3	5781	146364022	3.94974e-05
chr8	4	3220	146364022	2.19999e-05
chr8	5	2004	146364022	1.36919e-05
chr8	6	1210	146364022	8.26706e-06
chr8	7	557	146364022	3.80558e-06
chr8	8	222	146364022	1.51677e-06
chr8	9	116	146364022	7.92545e-07
chr8	10	75	146364022	5.12421e-07
chr8	11	42	146364022	2.86956e-07
chr8	12	19	146364022	1.29813e-07
chr8	13	35	146364022	2.3913e-07
chr9	0	139267596	141213431	0.986221
chr9	1	1927812	141213431	0.0136518
chr9	2	17035	141213431	0.000120633
chr9	3	450	141213431	3.18667e-06
chr9	4	278	141213431	1.96865e-06
chr9	5	81	141213431	5.736e-07
chr9	6	61	141213431	4.3197e-07
chr9	7	66	141213431	4.67378e-07
chr9	8	24	141213431	1.69956e-07
chr9	9	10	141213431	7.08148e-08
chr9	10	7	141213431	4.95704e-08
chr9	11	11	141213431	7.78963e-08
chr10	0	133860545	135534747	0.987647
chr10	1	1634110	135534747	0.0120568
chr10	2	19649	135534747	0.000144974
chr10	3	5054	135534747	3.72893e-05
chr10	4	3334	135534747	2.45989e-05
chr10	5	2107	135534747	1.55458e-05
chr10	6	1488	135534747	1.09787e-05
chr10	7	1304	135534747	9.62115e-06
chr10	8	1087	135534747	8.02008e-06
chr10	9	845	135534747	6.23456e-06
chr10	10	633	135534747	4.67039e-06
chr10	11	620	135534747	4.57447e-06
chr10	12	586	135534747	4.32361e-06
chr10	13	550	135534747	4.058e-06
chr10	14	416	135534747	3.06932e-06
chr10	15	307	135534747	2.2651e-06
chr10	16	263	135534747	1.94046e-06
chr10	17	291	135534747	2.14705e-06
chr10	18	219	135534747	1.61582e-06
chr10	19	213	135534747	1.57155e-06
chr10	20	189	135534747	1.39448e-06
chr10	21	166	135534747	1.22478e-06
chr10	22	145	135534747	1.06984e-06
chr10	23	125	135534747	9.22273e-07
chr10	24	84	135534747	6.19767e-07
chr10	25	73	135534747	5.38607e-07
chr10	26	73	135534747	5.38607e-07
chr10	27	61	135534747	4.50069e-07
chr10	28	76	135534747	5.60742e-07
chr10	29	34	135534747	2.50858e-07
chr10	30	28	135534747	2.06589e-07
chr10	31	24	135534747	1.77076e-07
chr10	32	11	135534747	8.116e-08
chr10	33	7	135534747	5.16473e-08
chr10	34	17	135534747	1.25429e-07
chr10	35	4	135534747	2.95127e-08
chr10	36	2	135534747	1.47564e-08
chr10	37	7	135534747	5.16473e-08
chr11	0	132905592	135006516	0.984438
chr11	1	2077050	135006516	0.0153848
chr11	2	21437	135006516	0.000158785
chr11	3	768	135006516	5.68861e-06
chr11	4	527	135006516	3.90352e-06
chr11	5	447	135006516	3.31095e-06
chr11	6	198	135006516	1.4666e-06
chr11	7	205	135006516	1.51845e-06
chr11	8	81	135006516	5.99971e-07
chr11	9	103	135006516	7.62926e-07
chr11	10	42	135006516	3.11096e-07
chr11	11	22	135006516	1.62955e-07
chr11	12	9	135006516	6.66635e-08
chr11	13	7	135006516	5.18494e-08
chr11	14	6	135006516	4.44423e-08
chr11	15	16	135006516	1.18513e-07
chr11	16	6	135006516	4.44423e-08
chr12	0	132581659	133851895	0.99051
chr12	1	1263097	133851895	0.00943653
chr12	2	6180	133851895	4.61704e-05
chr12	3	509	133851895	3.80271e-06
chr12	4	183	133851895	1.36718e-06
chr12	5	167	133851895	1.24765e-06
chr12	6	51	133851895	3.81018e-07
chr12	7	49	133851895	3.66076e-07
chr13	0	114321349	115169878	0.992632
chr13	1	845352	115169878	0.00734004
chr13	2	3133	115169878	2.72033e-05
chr13	3	44	115169878	3.82044e-07
chr14	0	106509903	107349540	0.992178
chr14	1	835732	107349540	0.00778515
chr14	2	3897	107349540	3.6302e-05
chr14	3	8	107349540	7.45229e-08
chr15	0	101733603	102531392	0.992219
chr15	1	794178	102531392	0.00774571
chr15	2	3611	102531392	3.52185e-05
chr16	0	89556274	90354753	0.991163
chr16	1	763864	90354753	0.00845405
chr16	2	13771	90354753	0.00015241
chr16	3	7546	90354753	8.35153e-05
chr16	4	5193	90354753	5.74735e-05
chr16	5	3833	90354753	4.24217e-05
chr16	6	2053	90354753	2.27215e-05
chr16	7	1082	90354753	1.1975e-05
chr16	8	619	90354753	6.85077e-06
chr16	9	291	90354753	3.22064e-06
chr16	10	105	90354753	1.16209e-06
chr16	11	42	90354753	4.64834e-07
chr16	12	22	90354753	2.43485e-07
chr16	13	19	90354753	2.10282e-07
chr16	14	15	90354753	1.66012e-07
chr16	15	14	90354753	1.54945e-07
chr16	16	7	90354753	7.74724e-08
chr16	17	3	90354753	3.32025e-08
chr17	0	80205390	81195210	0.987809
chr17	1	980137	81195210	0.0120714
chr17	2	8552	81195210	0.000105326
chr17	3	785	81195210	9.66806e-06
chr17	4	285	81195210	3.51006e-06
chr17	5	52	81195210	6.40432e-07
chr17	6	9	81195210	1.10844e-07
chr18	0	77076334	78077248	0.98718
chr18	1	992012	78077248	0.0127055
chr18	2	7723	78077248	9.89149e-05
chr18	3	474	78077248	6.07091e-06
chr18	4	216	78077248	2.76649e-06
chr18	5	120	78077248	1.53694e-06
chr18	6	116	78077248	1.48571e-06
chr18	7	94	78077248	1.20394e-06
chr18	8	48	78077248	6.14776e-07
chr18	9	44	78077248	5.63544e-07
chr18	10	27	78077248	3.45811e-07
chr18	11	29	78077248	3.71427e-07
chr18	12	10	78077248	1.28078e-07
chr18	13	1	78077248	1.28078e-08
chr19	0	58422137	59128983	0.988046
chr19	1	697069	59128983	0.011789
chr19	2	5976	59128983	0.000101067
chr19	3	624	59128983	1.05532e-05
chr19	4	583	59128983	9.8598e-06
chr19	5	430	59128983	7.27224e-06
chr19	6	352	59128983	5.95309e-06
chr19	7	351	59128983	5.93618e-06
chr19	8	198	59128983	3.34861e-06
chr19	9	234	59128983	3.95745e-06
chr19	10	182	59128983	3.07802e-06
chr19	11	147	59128983	2.48609e-06
chr19	12	123	59128983	2.0802e-06
chr19	13	128	59128983	2.16476e-06
chr19	14	88	59128983	1.48827e-06
chr19	15	73	59128983	1.23459e-06
chr19	16	77	59128983	1.30224e-06
chr19	17	67	59128983	1.13312e-06
chr19	18	43	59128983	7.27224e-07
chr19	19	14	59128983	2.36771e-07
chr19	20	7	59128983	1.18385e-07
chr19	21	9	59128983	1.5221e-07
chr19	22	20	59128983	3.38244e-07
chr19	23	17	59128983	2.87507e-07
chr19	24	17	59128983	2.87507e-07
chr19	25	9	59128983	1.5221e-07
chr19	26	8	59128983	1.35297e-07
chr20	0	61895586	63025520	0.982072
chr20	1	1116507	63025520	0.0177152
chr20	2	12707	63025520	0.000201617
chr20	3	331	63025520	5.25184e-06
chr20	4	230	63025520	3.64932e-06
chr20	5	124	63025520	1.96746e-06
chr20	6	8	63025520	1.26933e-07
chr20	7	18	63025520	2.85599e-07
chr20	8	9	63025520	1.42799e-07
chr21	0	47508643	48129895	0.987092
chr21	1	612939	48129895	0.0127351
chr21	2	7504	48129895	0.000155911
chr21	3	542	48129895	1.12612e-05
chr21	4	165	48129895	3.42822e-06
chr21	5	3	48129895	6.23313e-08
chr21	6	8	48129895	1.66217e-07
chr21	7	22	48129895	4.57096e-07
chr21	8	9	48129895	1.86994e-07
chr21	9	22	48129895	4.57096e-07
chr21	10	38	48129895	7.8953e-07
chr22	0	50797295	51304566	0.990113
chr22	1	502094	51304566	0.00978654
chr22	2	4957	51304566	9.66191e-05
chr22	3	85	51304566	1.65677e-06
chr22	4	38	51304566	7.40675e-07
chr22	5	51	51304566	9.94063e-07
chr22	6	9	51304566	1.75423e-07
chr22	7	5	51304566	9.74572e-08
chr22	8	2	51304566	3.89829e-08
chr22	9	25	51304566	4.87286e-07
chr22	10	5	51304566	9.74572e-08
chrX	0	153730930	155270560	0.990084
chrX	1	1521803	155270560	0.00980098
chrX	2	15202	155270560	9.79065e-05
chrX	3	1955	155270560	1.25909e-05
chrX	4	443	155270560	2.85308e-06
chrX	5	109	155270560	7.02e-07
chrX	6	83	155270560	5.34551e-07
chrX	7	17	155270560	1.09486e-07
chrX	8	18	155270560	1.15927e-07
chrY	0	59270898	59373566	0.998271
chrY	1	95209	59373566	0.00160356
chrY	2	4659	59373566	7.84693e-05
chrY	3	1785	59373566	3.00639e-05
chrY	4	573	59373566	9.65076e-06
chrY	5	241	59373566	4.05905e-06
chrY	6	65	59373566	1.09476e-06
chrY	7	25	59373566	4.21063e-07
chrY	8	15	59373566	2.52638e-07
chrY	9	17	59373566	2.86323e-07
chrY	10	20	59373566	3.3685e-07
chrY	11	19	59373566	3.20008e-07
chrY	12	4	59373566	6.737e-08
chrY	13	6	59373566	1.01055e-07
chrY	14	11	59373566	1.85268e-07
chrY	15	10	59373566	1.68425e-07
chrY	16	9	59373566	1.51583e-07
chr1_gl000191_random	0	105483	106433	0.991074
chr1_gl000191_random	1	950	106433	0.0089258
chr1_gl000192_random	0	537692	547496	0.982093
chr1_gl000192_random	1	9708	547496	0.0177316
chr1_gl000192_random	2	96	547496	0.000175344
chr4_ctg9_hap1	0	584176	590426	0.989414
chr4_ctg9_hap1	1	6250	590426	0.0105856
chr4_gl000193_random	0	183723	189789	0.968038
chr4_gl000193_random	1	5982	189789	0.0315192
chr4_gl000193_random	2	84	189789	0.000442597
chr4_gl000194_random	0	186741	191469	0.975307
chr4_gl000194_random	1	4706	191469	0.0245784
chr4_gl000194_random	2	22	191469	0.000114901
chr6_apd_hap1	0	4613140	4622290	0.99802
chr6_apd_hap1	1	9150	4622290	0.00197954
chr6_cox_hap2	0	4774473	4795371	0.995642
chr6_cox_hap2	1	20896	4795371	0.00435754
chr6_cox_hap2	2	2	4795371	4.17069e-07
chr6_dbb_hap3	0	4594246	4610396	0.996497
chr6_dbb_hap3	1	16150	4610396	0.00350295
chr6_mann_hap4	0	4667378	4683263	0.996608
chr6_mann_hap4	1	15820	4683263	0.00337799
chr6_mann_hap4	2	65	4683263	1.38792e-05
chr6_mcf_hap5	0	4818400	4833398	0.996897
chr6_mcf_hap5	1	14946	4833398	0.00309223
chr6_mcf_hap5	2	52	4833398	1.07585e-05
chr6_qbl_hap6	0	4594267	4611984	0.996158
chr6_qbl_hap6	1	17684	4611984	0.00383436
chr6_qbl_hap6	2	33	4611984	7.15527e-06
chr6_ssto_hap7	0	4911367	4928567	0.99651
chr6_ssto_hap7	1	17200	4928567	0.00348986
chr7_gl000195_random	0	179510	182896	0.981487
chr7_gl000195_random	1	3272	182896	0.0178899
chr7_gl000195_random	2	114	182896	0.000623305
chr8_gl000196_random	0	38514	38914	0.989721
chr8_gl000196_random	1	400	38914	0.0102791
chr8_gl000197_random	0	37025	37175	0.995965
chr8_gl000197_random	1	150	37175	0.00403497
chr9_gl000198_random	0	86966	90085	0.965377
chr9_gl000198_random	1	3038	90085	0.0337237
chr9_gl000198_random	2	81	90085	0.000899151
chr9_gl000199_random	0	124162	169874	0.730906
chr9_gl000199_random	1	34337	169874	0.202132
chr9_gl000199_random	2	7764	169874	0.0457045
chr9_gl000199_random	3	2448	169874	0.0144107
chr9_gl000199_random	4	518	169874	0.00304932
chr9_gl000199_random	5	280	169874	0.00164828
chr9_gl000199_random	6	110	169874	0.000647539
chr9_gl000199_random	7	44	169874	0.000259016
chr9_gl000199_random	8	70	169874	0.00041207
chr9_gl000199_random	9	43	169874	0.000253129
chr9_gl000199_random	10	24	169874	0.000141281
chr9_gl000199_random	11	32	169874	0.000188375
chr9_gl000199_random	12	8	169874	4.70937e-05
chr9_gl000199_random	13	7	169874	4.1207e-05
chr9_gl000199_random	14	7	169874	4.1207e-05
chr9_gl000199_random	15	2	169874	1.17734e-05
chr9_gl000199_random	16	9	169874	5.29804e-05
chr9_gl000199_random	17	9	169874	5.29804e-05
chr9_gl000200_random	0	184935	187035	0.988772
chr9_gl000200_random	1	2100	187035	0.0112278
chr9_gl000201_random	0	35998	36148	0.99585
chr9_gl000201_random	1	150	36148	0.00414961
chr11_gl000202_random	0	39803	40103	0.992519
chr11_gl000202_random	1	300	40103	0.00748074
chr17_ctg5_hap1	0	1667383	1680828	0.992001
chr17_ctg5_hap1	1	13340	1680828	0.00793656
chr17_ctg5_hap1	2	105	1680828	6.24692e-05
chr17_gl000203_random	0	36948	37498	0.985333
chr17_gl000203_random	1	550	37498	0.0146674
chr17_gl000204_random	0	79823	81310	0.981712
chr17_gl000204_random	1	1474	81310	0.0181282
chr17_gl000204_random	2	13	81310	0.000159882
chr17_gl000205_random	0	171636	174588	0.983092
chr17_gl000205_random	1	2904	174588	0.0166334
chr17_gl000205_random	2	48	174588	0.000274933
chr17_gl000206_random	0	40851	41001	0.996342
chr17_gl000206_random	1	150	41001	0.00365845
chr19_gl000208_random	0	85553	92689	0.923011
chr19_gl000208_random	1	5760	92689	0.0621433
chr19_gl000208_random	2	934	92689	0.0100767
chr19_gl000208_random	3	378	92689	0.00407815
chr19_gl000208_random	4	32	92689	0.000345241
chr19_gl000208_random	5	32	92689	0.000345241
chr19_gl000209_random	0	156819	159169	0.985236
chr19_gl000209_random	1	2350	159169	0.0147642
chr21_gl000210_random	0	27532	27682	0.994581
chr21_gl000210_random	1	150	27682	0.00541868
chrUn_gl000211	0	162490	166566	0.975529
chrUn_gl000211	1	4052	166566	0.0243267
chrUn_gl000211	2	24	166566	0.000144087
chrUn_gl000212	0	184008	186858	0.984748
chrUn_gl000212	1	2850	186858	0.0152522
chrUn_gl000213	0	163189	164239	0.993607
chrUn_gl000213	1	1050	164239	0.00639312
chrUn_gl000214	0	132210	137718	0.960005
chrUn_gl000214	1	5216	137718	0.0378745
chrUn_gl000214	2	292	137718	0.00212027
chrUn_gl000215	0	171295	172545	0.992756
chrUn_gl000215	1	1250	172545	0.00724449
chrUn_gl000216	0	151047	172294	0.876682
chrUn_gl000216	1	16091	172294	0.0933927
chrUn_gl000216	2	3209	172294	0.0186251
chrUn_gl000216	3	1140	172294	0.0066166
chrUn_gl000216	4	351	172294	0.00203722
chrUn_gl000216	5	146	172294	0.000847389
chrUn_gl000216	6	186	172294	0.00107955
chrUn_gl000216	7	76	172294	0.000441106
chrUn_gl000216	8	43	172294	0.000249573
chrUn_gl000216	9	5	172294	2.90202e-05
chrUn_gl000217	0	167803	172149	0.974754
chrUn_gl000217	1	4292	172149	0.0249319
chrUn_gl000217	2	54	172149	0.000313682
chrUn_gl000218	0	157953	161147	0.98018
chrUn_gl000218	1	3138	161147	0.0194729
chrUn_gl000218	2	56	161147	0.000347509
chrUn_gl000219	0	174563	179198	0.974135
chrUn_gl000219	1	4470	179198	0.0249445
chrUn_gl000219	2	165	179198	0.000920769
chrUn_gl000220	0	142768	161802	0.882362
chrUn_gl000220	1	15430	161802	0.0953635
chrUn_gl000220	2	3009	161802	0.0185968
chrUn_gl000220	3	528	161802	0.00326325
chrUn_gl000220	4	67	161802	0.000414086
chrUn_gl000221	0	151492	155397	0.974871
chrUn_gl000221	1	3860	155397	0.0248396
chrUn_gl000221	2	45	155397	0.000289581
chrUn_gl000222	0	183397	186861	0.981462
chrUn_gl000222	1	3328	186861	0.01781
chrUn_gl000222	2	136	186861	0.000727814
chrUn_gl000223	0	179205	180455	0.993073
chrUn_gl000223	1	1250	180455	0.00692693
chrUn_gl000224	0	175576	179693	0.977089
chrUn_gl000224	1	3884	179693	0.0216146
chrUn_gl000224	2	233	179693	0.00129666
chrUn_gl000225	0	187291	211173	0.886908
chrUn_gl000225	1	20121	211173	0.0952821
chrUn_gl000225	2	3114	211173	0.0147462
chrUn_gl000225	3	427	211173	0.00202204
chrUn_gl000225	4	125	211173	0.000591932
chrUn_gl000225	5	33	211173	0.00015627
chrUn_gl000225	6	12	211173	5.68254e-05
chrUn_gl000225	7	12	211173	5.68254e-05
chrUn_gl000225	8	3	211173	1.42064e-05
chrUn_gl000225	9	10	211173	4.73545e-05
chrUn_gl000225	10	5	211173	2.36773e-05
chrUn_gl000225	11	5	211173	2.36773e-05
chrUn_gl000225	12	15	211173	7.10318e-05
chrUn_gl000226	0	1496	15008	0.0996802
chrUn_gl000226	1	2704	15008	0.180171
chrUn_gl000226	2	2991	15008	0.199294
chrUn_gl000226	3	2435	15008	0.162247
chrUn_gl000226	4	1709	15008	0.113873
chrUn_gl000226	5	1468	15008	0.0978145
chrUn_gl000226	6	940	15008	0.0626333
chrUn_gl000226	7	625	15008	0.0416445
chrUn_gl000226	8	241	15008	0.0160581
chrUn_gl000226	9	189	15008	0.0125933
chrUn_gl000226	10	111	15008	0.00739606
chrUn_gl000226	11	43	15008	0.00286514
chrUn_gl000226	12	25	15008	0.00166578
chrUn_gl000226	13	5	15008	0.000333156
chrUn_gl000226	14	13	15008	0.000866205
chrUn_gl000226	15	13	15008	0.000866205
chrUn_gl000227	0	127294	128374	0.991587
chrUn_gl000227	1	1060	128374	0.00825712
chrUn_gl000227	2	20	128374	0.000155795
chrUn_gl000228	0	125618	129120	0.972878
chrUn_gl000228	1	3114	129120	0.0241171
chrUn_gl000228	2	278	129120	0.00215304
chrUn_gl000228	3	110	129120	0.000851921
chrUn_gl000229	0	19108	19913	0.959574
chrUn_gl000229	1	760	19913	0.038166
chrUn_gl000229	2	45	19913	0.00225983
chrUn_gl000230	0	42008	43691	0.961479
chrUn_gl000230	1	1666	43691	0.0381314
chrUn_gl000230	2	17	43691	0.000389096
chrUn_gl000231	0	26219	27386	0.957387
chrUn_gl000231	1	1134	27386	0.041408
chrUn_gl000231	2	33	27386	0.001205
chrUn_gl000232	0	38367	40652	0.943791
chrUn_gl000232	1	2220	40652	0.0546099
chrUn_gl000232	2	65	40652	0.00159894
chrUn_gl000233	0	44290	45941	0.964063
chrUn_gl000233	1	1602	45941	0.0348708
chrUn_gl000233	2	49	45941	0.00106659
chrUn_gl000234	0	38822	40531	0.957835
chrUn_gl000234	1	1668	40531	0.0411537
chrUn_gl000234	2	41	40531	0.00101157
chrUn_gl000235	0	32926	34474	0.955097
chrUn_gl000235	1	1446	34474	0.0419447
chrUn_gl000235	2	102	34474	0.00295875
chrUn_gl000236	0	41134	41934	0.980922
chrUn_gl000236	1	800	41934	0.0190776
chrUn_gl000237	0	44775	45867	0.976192
chrUn_gl000237	1	1084	45867	0.0236335
chrUn_gl000237	2	8	45867	0.000174417
chrUn_gl000238	0	39739	39939	0.994992
chrUn_gl000238	1	200	39939	0.00500764
chrUn_gl000239	0	33174	33824	0.980783
chrUn_gl000239	1	650	33824	0.0192171
chrUn_gl000240	0	40983	41933	0.977345
chrUn_gl000240	1	950	41933	0.0226552
chrUn_gl000241	0	39959	42152	0.947974
chrUn_gl000241	1	2081	42152	0.049369
chrUn_gl000241	2	67	42152	0.00158949
chrUn_gl000241	3	45	42152	0.00106757
chrUn_gl000242	0	43173	43523	0.991958
chrUn_gl000242	1	350	43523	0.00804173
chrUn_gl000243	0	41958	43341	0.96809
chrUn_gl000243	1	1366	43341	0.0315175
chrUn_gl000243	2	17	43341	0.000392238
chrUn_gl000244	0	39429	39929	0.987478
chrUn_gl000244	1	500	39929	0.0125222
chrUn_gl000245	0	35601	36651	0.971351
chrUn_gl000245	1	1050	36651	0.0286486
chrUn_gl000246	0	37954	38154	0.994758
chrUn_gl000246	1	200	38154	0.00524191
chrUn_gl000247	0	35222	36422	0.967053
chrUn_gl000247	1	1200	36422	0.0329471
chrUn_gl000248	0	39536	39786	0.993716
chrUn_gl000248	1	250	39786	0.00628362
chrUn_gl000249	0	38052	38502	0.988312
chrUn_gl000249	1	450	38502	0.0116877
chr18_gl000207_random	0	4262	4262	1
genome	0	3098081776	3137161264	0.987543
genome	1	38564438	3137161264	0.0122928
genome	2	392335	3137161264	0.000125061
genome	3	47597	3137161264	1.5172e-05
genome	4	25198	3137161264	8.0321e-06
genome	5	15886	3137161264	5.06381e-06
genome	6	9854	3137161264	3.14106e-06
genome	7	6252	3137161264	1.99288e-06
genome	8	3797	3137161264	1.21033e-06
genome	9	2855	3137161264	9.10058e-07
genome	10	1990	3137161264	6.34331e-07
genome	11	1662	3137161264	5.29778e-07
genome	12	1289	3137161264	4.10881e-07
genome	13	1146	3137161264	3.65298e-07
genome	14	838	3137161264	2.6712e-07
genome	15	647	3137161264	2.06237e-07
genome	16	561	3137161264	1.78824e-07
genome	17	515	3137161264	1.64161e-07
genome	18	428	3137161264	1.36429e-07
genome	19	317	3137161264	1.01047e-07
genome	20	269	3137161264	8.57463e-08
genome	21	258	3137161264	8.224e-08
genome	22	215	3137161264	6.85333e-08
genome	23	181	3137161264	5.76955e-08
genome	24	138	3137161264	4.39888e-08
genome	25	125	3137161264	3.98449e-08
genome	26	126	3137161264	4.01637e-08
genome	27	88	3137161264	2.80508e-08
genome	28	108	3137161264	3.4426e-08
genome	29	72	3137161264	2.29507e-08
genome	30	41	3137161264	1.30691e-08
genome	31	34	3137161264	1.08378e-08
genome	32	33	3137161264	1.05191e-08
genome	33	34	3137161264	1.08378e-08
genome	34	41	3137161264	1.30691e-08
genome	35	26	3137161264	8.28775e-09
genome	36	13	3137161264	4.14387e-09
genome	37	14	3137161264	4.46263e-09
genome	38	7	3137161264	2.23132e-09
genome	39	3	3137161264	9.56279e-10
genome	40	9	3137161264	2.86884e-09
genome	41	8	3137161264	2.55008e-09
genome	42	14	3137161264	4.46263e-09
genome	43	8	3137161264	2.55008e-09
genome	44	4	3137161264	1.27504e-09
genome	45	5	3137161264	1.5938e-09
genome	46	8	3137161264	2.55008e-09
genome	47	1	3137161264	3.1876e-10
