chrM	0	16521	16571	0.996983
chrM	1	50	16571	0.00301732
chr1	0	244614763	249250621	0.981401
chr1	1	4578184	249250621	0.0183678
chr1	2	54822	249250621	0.000219947
chr1	3	1021	249250621	4.09628e-06
chr1	4	319	249250621	1.27984e-06
chr1	5	204	249250621	8.18453e-07
chr1	6	62	249250621	2.48746e-07
chr1	7	67	249250621	2.68806e-07
chr1	8	36	249250621	1.44433e-07
chr1	9	34	249250621	1.36409e-07
chr1	10	50	249250621	2.00601e-07
chr1	11	59	249250621	2.3671e-07
chr1	12	55	249250621	2.20661e-07
chr1	13	33	249250621	1.32397e-07
chr1	14	23	249250621	9.22766e-08
chr1	15	21	249250621	8.42525e-08
chr1	16	40	249250621	1.60481e-07
chr1	17	39	249250621	1.56469e-07
chr1	18	40	249250621	1.60481e-07
chr1	19	55	249250621	2.20661e-07
chr1	20	50	249250621	2.00601e-07
chr1	21	33	249250621	1.32397e-07
chr1	22	28	249250621	1.12337e-07
chr1	23	23	249250621	9.22766e-08
chr1	24	33	249250621	1.32397e-07
chr1	25	21	249250621	8.42525e-08
chr1	26	23	249250621	9.22766e-08
chr1	27	28	249250621	1.12337e-07
chr1	28	27	249250621	1.08325e-07
chr1	29	38	249250621	1.52457e-07
chr1	30	29	249250621	1.16349e-07
chr1	31	16	249250621	6.41924e-08
chr1	32	12	249250621	4.81443e-08
chr1	33	10	249250621	4.01203e-08
chr1	34	14	249250621	5.61684e-08
chr1	35	15	249250621	6.01804e-08
chr1	36	11	249250621	4.41323e-08
chr1	37	11	249250621	4.41323e-08
chr1	38	16	249250621	6.41924e-08
chr1	39	19	249250621	7.62285e-08
chr1	40	26	249250621	1.04313e-07
chr1	41	26	249250621	1.04313e-07
chr1	42	14	249250621	5.61684e-08
chr1	43	21	249250621	8.42525e-08
chr1	44	19	249250621	7.62285e-08
chr1	45	23	249250621	9.22766e-08
chr1	46	27	249250621	1.08325e-07
chr1	47	18	249250621	7.22165e-08
chr1	48	18	249250621	7.22165e-08
chr1	49	16	249250621	6.41924e-08
chr1	50	12	249250621	4.81443e-08
chr1	51	6	249250621	2.40722e-08
chr1	52	8	249250621	3.20962e-08
chr1	53	3	249250621	1.20361e-08
chr2	0	239859066	243199373	0.986265
chr2	1	3295460	243199373	0.0135504
chr2	2	32678	243199373	0.000134367
chr2	3	5701	243199373	2.34417e-05
chr2	4	2811	243199373	1.15584e-05
chr2	5	1567	243199373	6.44327e-06
chr2	6	763	243199373	3.13734e-06
chr2	7	419	243199373	1.72287e-06
chr2	8	294	243199373	1.20888e-06
chr2	9	153	243199373	6.29113e-07
chr2	10	112	243199373	4.60528e-07
chr2	11	121	243199373	4.97534e-07
chr2	12	75	243199373	3.08389e-07
chr2	13	44	243199373	1.80922e-07
chr2	14	22	243199373	9.04608e-08
chr2	15	10	243199373	4.11185e-08
chr2	16	13	243199373	5.34541e-08
chr2	17	14	243199373	5.75659e-08
chr2	18	17	243199373	6.99015e-08
chr2	19	31	243199373	1.27467e-07
chr2	20	2	243199373	8.22371e-09
chr3	0	194802420	198022430	0.983739
chr3	1	3184926	198022430	0.0160837
chr3	2	34516	198022430	0.000174303
chr3	3	321	198022430	1.62103e-06
chr3	4	54	198022430	2.72696e-07
chr3	5	15	198022430	7.5749e-08
chr3	6	13	198022430	6.56491e-08
chr3	7	18	198022430	9.08988e-08
chr3	8	20	198022430	1.00999e-07
chr3	9	1	198022430	5.04993e-09
chr3	10	9	198022430	4.54494e-08
chr3	11	7	198022430	3.53495e-08
chr3	12	2	198022430	1.00999e-08
chr3	13	5	198022430	2.52497e-08
chr3	14	10	198022430	5.04993e-08
chr3	15	5	198022430	2.52497e-08
chr3	16	5	198022430	2.52497e-08
chr3	17	5	198022430	2.52497e-08
chr3	18	3	198022430	1.51498e-08
chr3	19	1	198022430	5.04993e-09
chr3	20	3	198022430	1.51498e-08
chr3	21	4	198022430	2.01997e-08
chr3	22	1	198022430	5.04993e-09
chr3	23	4	198022430	2.01997e-08
chr3	24	6	198022430	3.02996e-08
chr3	25	2	198022430	1.00999e-08
chr3	26	10	198022430	5.04993e-08
chr3	27	6	198022430	3.02996e-08
chr3	28	7	198022430	3.53495e-08
chr3	29	8	198022430	4.03995e-08
chr3	30	13	198022430	6.56491e-08
chr3	31	6	198022430	3.02996e-08
chr3	32	4	198022430	2.01997e-08
chr4	0	189039322	191154276	0.988936
chr4	1	2083504	191154276	0.0108996
chr4	2	22086	191154276	0.00011554
chr4	3	4987	191154276	2.60889e-05
chr4	4	2257	191154276	1.18072e-05
chr4	5	944	191154276	4.93842e-06
chr4	6	658	191154276	3.44225e-06
chr4	7	173	191154276	9.05028e-07
chr4	8	123	191154276	6.43459e-07
chr4	9	111	191154276	5.80683e-07
chr4	10	18	191154276	9.41648e-08
chr4	11	25	191154276	1.30784e-07
chr4	12	26	191154276	1.36016e-07
chr4	13	5	191154276	2.61569e-08
chr4	14	4	191154276	2.09255e-08
chr4	15	3	191154276	1.56941e-08
chr4	16	2	191154276	1.04628e-08
chr4	17	7	191154276	3.66196e-08
chr4	18	11	191154276	5.75451e-08
chr4	19	9	191154276	4.70824e-08
chr4	20	1	191154276	5.23138e-09
chr5	0	179055107	180915260	0.989718
chr5	1	1849282	180915260	0.0102218
chr5	2	9930	180915260	5.48876e-05
chr5	3	532	180915260	2.9406e-06
chr5	4	243	180915260	1.34317e-06
chr5	5	46	180915260	2.54263e-07
chr5	6	38	180915260	2.10043e-07
chr5	7	74	180915260	4.09031e-07
chr5	8	8	180915260	4.42196e-08
chr6	0	168657958	171115067	0.985641
chr6	1	2433282	171115067	0.0142202
chr6	2	19669	171115067	0.000114946
chr6	3	538	171115067	3.14408e-06
chr6	4	409	171115067	2.3902e-06
chr6	5	497	171115067	2.90448e-06
chr6	6	408	171115067	2.38436e-06
chr6	7	392	171115067	2.29086e-06
chr6	8	415	171115067	2.42527e-06
chr6	9	414	171115067	2.41942e-06
chr6	10	269	171115067	1.57204e-06
chr6	11	262	171115067	1.53113e-06
chr6	12	169	171115067	9.8764e-07
chr6	13	148	171115067	8.64915e-07
chr6	14	122	171115067	7.12971e-07
chr6	15	73	171115067	4.26613e-07
chr6	16	34	171115067	1.98697e-07
chr6	17	8	171115067	4.67522e-08
chr7	0	157481824	159138663	0.989589
chr7	1	1637120	159138663	0.0102874
chr7	2	13124	159138663	8.2469e-05
chr7	3	1770	159138663	1.11224e-05
chr7	4	787	159138663	4.94537e-06
chr7	5	665	159138663	4.17875e-06
chr7	6	513	159138663	3.2236e-06
chr7	7	373	159138663	2.34387e-06
chr7	8	305	159138663	1.91657e-06
chr7	9	354	159138663	2.22448e-06
chr7	10	351	159138663	2.20562e-06
chr7	11	222	159138663	1.39501e-06
chr7	12	175	159138663	1.09967e-06
chr7	13	145	159138663	9.11155e-07
chr7	14	156	159138663	9.80277e-07
chr7	15	118	159138663	7.41492e-07
chr7	16	102	159138663	6.4095e-07
chr7	17	99	159138663	6.22099e-07
chr7	18	92	159138663	5.78112e-07
chr7	19	75	159138663	4.71287e-07
chr7	20	74	159138663	4.65003e-07
chr7	21	53	159138663	3.33043e-07
chr7	22	38	159138663	2.38785e-07
chr7	23	27	159138663	1.69663e-07
chr7	24	35	159138663	2.19934e-07
chr7	25	15	159138663	9.42574e-08
chr7	26	11	159138663	6.91221e-08
chr7	27	16	159138663	1.00541e-07
chr7	28	7	159138663	4.39868e-08
chr7	29	6	159138663	3.7703e-08
chr7	30	3	159138663	1.88515e-08
chr7	31	3	159138663	1.88515e-08
chr7	32	4	159138663	2.51353e-08
chr7	33	1	159138663	6.28383e-09
chr8	0	144194407	146364022	0.985177
chr8	1	2140979	146364022	0.0146278
chr8	2	23811	146364022	0.000162683
chr8	3	2682	146364022	1.83242e-05
chr8	4	1134	146364022	7.74781e-06
chr8	5	466	146364022	3.18384e-06
chr8	6	237	146364022	1.61925e-06
chr8	7	159	146364022	1.08633e-06
chr8	8	93	146364022	6.35402e-07
chr8	9	32	146364022	2.18633e-07
chr8	10	22	146364022	1.5031e-07
chr9	0	139342988	141213431	0.986755
chr9	1	1852690	141213431	0.0131198
chr9	2	16832	141213431	0.000119195
chr9	3	396	141213431	2.80427e-06
chr9	4	207	141213431	1.46587e-06
chr9	5	66	141213431	4.67378e-07
chr9	6	94	141213431	6.65659e-07
chr9	7	60	141213431	4.24889e-07
chr9	8	29	141213431	2.05363e-07
chr9	9	15	141213431	1.06222e-07
chr9	10	45	141213431	3.18667e-07
chr9	11	9	141213431	6.37333e-08
chr10	0	133872142	135534747	0.987733
chr10	1	1621012	135534747	0.0119601
chr10	2	20418	135534747	0.000150648
chr10	3	5317	135534747	3.92298e-05
chr10	4	2843	135534747	2.09762e-05
chr10	5	1766	135534747	1.30299e-05
chr10	6	1400	135534747	1.03295e-05
chr10	7	1136	135534747	8.38161e-06
chr10	8	1009	135534747	7.44459e-06
chr10	9	932	135534747	6.87647e-06
chr10	10	793	135534747	5.8509e-06
chr10	11	643	135534747	4.74417e-06
chr10	12	601	135534747	4.43429e-06
chr10	13	442	135534747	3.26116e-06
chr10	14	473	135534747	3.48988e-06
chr10	15	422	135534747	3.11359e-06
chr10	16	446	135534747	3.29067e-06
chr10	17	312	135534747	2.30199e-06
chr10	18	233	135534747	1.71912e-06
chr10	19	231	135534747	1.70436e-06
chr10	20	210	135534747	1.54942e-06
chr10	21	224	135534747	1.65271e-06
chr10	22	168	135534747	1.23953e-06
chr10	23	134	135534747	9.88676e-07
chr10	24	173	135534747	1.27643e-06
chr10	25	168	135534747	1.23953e-06
chr10	26	154	135534747	1.13624e-06
chr10	27	115	135534747	8.48491e-07
chr10	28	119	135534747	8.78004e-07
chr10	29	139	135534747	1.02557e-06
chr10	30	126	135534747	9.29651e-07
chr10	31	101	135534747	7.45196e-07
chr10	32	53	135534747	3.91044e-07
chr10	33	44	135534747	3.2464e-07
chr10	34	41	135534747	3.02505e-07
chr10	35	36	135534747	2.65615e-07
chr10	36	50	135534747	3.68909e-07
chr10	37	52	135534747	3.83665e-07
chr10	38	33	135534747	2.4348e-07
chr10	39	11	135534747	8.116e-08
chr10	40	11	135534747	8.116e-08
chr10	41	7	135534747	5.16473e-08
chr10	42	3	135534747	2.21345e-08
chr10	43	4	135534747	2.95127e-08
chr11	0	132818774	135006516	0.983795
chr11	1	2162688	135006516	0.0160191
chr11	2	22605	135006516	0.000167436
chr11	3	868	135006516	6.42932e-06
chr11	4	402	135006516	2.97763e-06
chr11	5	231	135006516	1.71103e-06
chr11	6	276	135006516	2.04435e-06
chr11	7	308	135006516	2.28137e-06
chr11	8	158	135006516	1.17031e-06
chr11	9	49	135006516	3.62945e-07
chr11	10	64	135006516	4.74051e-07
chr11	11	32	135006516	2.37026e-07
chr11	12	17	135006516	1.2592e-07
chr11	13	21	135006516	1.55548e-07
chr11	14	5	135006516	3.70352e-08
chr11	15	9	135006516	6.66635e-08
chr11	16	9	135006516	6.66635e-08
chr12	0	132343358	133851895	0.98873
chr12	1	1498255	133851895	0.0111934
chr12	2	9457	133851895	7.06527e-05
chr12	3	515	133851895	3.84754e-06
chr12	4	100	133851895	7.47094e-07
chr12	5	67	133851895	5.00553e-07
chr12	6	44	133851895	3.28722e-07
chr12	7	35	133851895	2.61483e-07
chr12	8	15	133851895	1.12064e-07
chr12	9	21	133851895	1.5689e-07
chr12	10	25	133851895	1.86774e-07
chr12	11	3	133851895	2.24128e-08
chr13	0	114326699	115169878	0.992679
chr13	1	840258	115169878	0.00729581
chr13	2	2921	115169878	2.53625e-05
chr14	0	106354873	107349540	0.990734
chr14	1	988508	107349540	0.00920831
chr14	2	6035	107349540	5.62182e-05
chr14	3	124	107349540	1.15511e-06
chr15	0	101784107	102531392	0.992712
chr15	1	743807	102531392	0.00725443
chr15	2	3422	102531392	3.33751e-05
chr15	3	12	102531392	1.17037e-07
chr15	4	7	102531392	6.82718e-08
chr15	5	37	102531392	3.60865e-07
chr16	0	89548171	90354753	0.991073
chr16	1	771767	90354753	0.00854152
chr16	2	13579	90354753	0.000150285
chr16	3	7466	90354753	8.26299e-05
chr16	4	5282	90354753	5.84585e-05
chr16	5	3379	90354753	3.7397e-05
chr16	6	2389	90354753	2.64402e-05
chr16	7	1210	90354753	1.33917e-05
chr16	8	856	90354753	9.47377e-06
chr16	9	292	90354753	3.23171e-06
chr16	10	132	90354753	1.46091e-06
chr16	11	86	90354753	9.51804e-07
chr16	12	55	90354753	6.08712e-07
chr16	13	30	90354753	3.32025e-07
chr16	14	30	90354753	3.32025e-07
chr16	15	26	90354753	2.87755e-07
chr16	16	3	90354753	3.32025e-08
chr17	0	80246104	81195210	0.988311
chr17	1	939359	81195210	0.0115691
chr17	2	8508	81195210	0.000104785
chr17	3	709	81195210	8.73204e-06
chr17	4	219	81195210	2.6972e-06
chr17	5	189	81195210	2.32772e-06
chr17	6	67	81195210	8.25172e-07
chr17	7	20	81195210	2.4632e-07
chr17	8	30	81195210	3.6948e-07
chr17	9	5	81195210	6.158e-08
chr18	0	77101661	78077248	0.987505
chr18	1	967219	78077248	0.012388
chr18	2	6931	78077248	8.87711e-05
chr18	3	629	78077248	8.05612e-06
chr18	4	246	78077248	3.15073e-06
chr18	5	150	78077248	1.92117e-06
chr18	6	137	78077248	1.75467e-06
chr18	7	66	78077248	8.45317e-07
chr18	8	74	78077248	9.47779e-07
chr18	9	68	78077248	8.70932e-07
chr18	10	27	78077248	3.45811e-07
chr18	11	17	78077248	2.17733e-07
chr18	12	8	78077248	1.02463e-07
chr18	13	4	78077248	5.12313e-08
chr18	14	10	78077248	1.28078e-07
chr18	15	1	78077248	1.28078e-08
chr19	0	58148154	59128983	0.983412
chr19	1	965639	59128983	0.0163311
chr19	2	11140	59128983	0.000188402
chr19	3	727	59128983	1.22952e-05
chr19	4	551	59128983	9.31861e-06
chr19	5	388	59128983	6.56193e-06
chr19	6	365	59128983	6.17295e-06
chr19	7	385	59128983	6.51119e-06
chr19	8	259	59128983	4.38025e-06
chr19	9	279	59128983	4.7185e-06
chr19	10	131	59128983	2.2155e-06
chr19	11	110	59128983	1.86034e-06
chr19	12	90	59128983	1.5221e-06
chr19	13	56	59128983	9.47082e-07
chr19	14	52	59128983	8.79433e-07
chr19	15	73	59128983	1.23459e-06
chr19	16	63	59128983	1.06547e-06
chr19	17	57	59128983	9.63994e-07
chr19	18	83	59128983	1.40371e-06
chr19	19	47	59128983	7.94872e-07
chr19	20	54	59128983	9.13258e-07
chr19	21	59	59128983	9.97819e-07
chr19	22	52	59128983	8.79433e-07
chr19	23	38	59128983	6.42663e-07
chr19	24	36	59128983	6.08838e-07
chr19	25	39	59128983	6.59575e-07
chr19	26	26	59128983	4.39717e-07
chr19	27	9	59128983	1.5221e-07
chr19	28	6	59128983	1.01473e-07
chr19	29	4	59128983	6.76487e-08
chr19	30	4	59128983	6.76487e-08
chr19	31	2	59128983	3.38244e-08
chr19	32	3	59128983	5.07365e-08
chr19	33	2	59128983	3.38244e-08
chr20	0	61954361	63025520	0.983004
chr20	1	1060388	63025520	0.0168247
chr20	2	10317	63025520	0.000163696
chr20	3	295	63025520	4.68064e-06
chr20	4	102	63025520	1.61839e-06
chr20	5	57	63025520	9.04396e-07
chr21	0	47654774	48129895	0.990128
chr21	1	468683	48129895	0.00973788
chr21	2	5625	48129895	0.000116871
chr21	3	461	48129895	9.57825e-06
chr21	4	212	48129895	4.40475e-06
chr21	5	52	48129895	1.08041e-06
chr21	6	10	48129895	2.07771e-07
chr21	7	18	48129895	3.73988e-07
chr21	8	50	48129895	1.03886e-06
chr21	9	10	48129895	2.07771e-07
chr22	0	50794383	51304566	0.990056
chr22	1	505114	51304566	0.0098454
chr22	2	4708	51304566	9.17657e-05
chr22	3	178	51304566	3.46948e-06
chr22	4	116	51304566	2.26101e-06
chr22	5	12	51304566	2.33897e-07
chr22	6	3	51304566	5.84743e-08
chr22	7	2	51304566	3.89829e-08
chr22	8	2	51304566	3.89829e-08
chr22	9	3	51304566	5.84743e-08
chr22	10	4	51304566	7.79658e-08
chr22	11	2	51304566	3.89829e-08
chr22	12	9	51304566	1.75423e-07
chr22	13	7	51304566	1.3644e-07
chr22	14	19	51304566	3.70337e-07
chr22	15	4	51304566	7.79658e-08
chrX	0	153744912	155270560	0.990174
chrX	1	1507662	155270560	0.0097099
chrX	2	14714	155270560	9.47636e-05
chrX	3	2044	155270560	1.31641e-05
chrX	4	639	155270560	4.1154e-06
chrX	5	329	155270560	2.11888e-06
chrX	6	158	155270560	1.01758e-06
chrX	7	32	155270560	2.06092e-07
chrX	8	50	155270560	3.22019e-07
chrX	9	2	155270560	1.28807e-08
chrX	10	11	155270560	7.08441e-08
chrX	11	7	155270560	4.50826e-08
chrY	0	59267176	59373566	0.998208
chrY	1	97596	59373566	0.00164376
chrY	2	5516	59373566	9.29033e-05
chrY	3	1660	59373566	2.79586e-05
chrY	4	946	59373566	1.5933e-05
chrY	5	358	59373566	6.02962e-06
chrY	6	126	59373566	2.12216e-06
chrY	7	68	59373566	1.14529e-06
chrY	8	22	59373566	3.70535e-07
chrY	9	29	59373566	4.88433e-07
chrY	10	26	59373566	4.37905e-07
chrY	11	18	59373566	3.03165e-07
chrY	12	2	59373566	3.3685e-08
chrY	13	5	59373566	8.42126e-08
chrY	14	18	59373566	3.03165e-07
chr1_gl000191_random	0	105441	106433	0.99068
chr1_gl000191_random	1	984	106433	0.00924525
chr1_gl000191_random	2	8	106433	7.51647e-05
chr1_gl000192_random	0	534715	547496	0.976656
chr1_gl000192_random	1	12595	547496	0.0230047
chr1_gl000192_random	2	153	547496	0.000279454
chr1_gl000192_random	3	33	547496	6.02744e-05
chr4_ctg9_hap1	0	584064	590426	0.989225
chr4_ctg9_hap1	1	6324	590426	0.0107109
chr4_ctg9_hap1	2	38	590426	6.43603e-05
chr4_gl000193_random	0	185355	189789	0.976637
chr4_gl000193_random	1	4418	189789	0.0232785
chr4_gl000193_random	2	16	189789	8.43041e-05
chr4_gl000194_random	0	187819	191469	0.980937
chr4_gl000194_random	1	3650	191469	0.0190631
chr6_apd_hap1	0	4613652	4622290	0.998131
chr6_apd_hap1	1	8626	4622290	0.00186617
chr6_apd_hap1	2	12	4622290	2.59612e-06
chr6_cox_hap2	0	4775114	4795371	0.995776
chr6_cox_hap2	1	20214	4795371	0.00421531
chr6_cox_hap2	2	43	4795371	8.96698e-06
chr6_dbb_hap3	0	4592967	4610396	0.99622
chr6_dbb_hap3	1	17408	4610396	0.00377581
chr6_dbb_hap3	2	21	4610396	4.55492e-06
chr6_mann_hap4	0	4668410	4683263	0.996828
chr6_mann_hap4	1	14806	4683263	0.00316147
chr6_mann_hap4	2	47	4683263	1.00357e-05
chr6_mcf_hap5	0	4818737	4833398	0.996967
chr6_mcf_hap5	1	14572	4833398	0.00301486
chr6_mcf_hap5	2	89	4833398	1.84135e-05
chr6_qbl_hap6	0	4594344	4611984	0.996175
chr6_qbl_hap6	1	17580	4611984	0.00381181
chr6_qbl_hap6	2	60	4611984	1.30096e-05
chr6_ssto_hap7	0	4912501	4928567	0.99674
chr6_ssto_hap7	1	15982	4928567	0.00324273
chr6_ssto_hap7	2	84	4928567	1.70435e-05
chr7_gl000195_random	0	179140	182896	0.979464
chr7_gl000195_random	1	3662	182896	0.0200223
chr7_gl000195_random	2	94	182896	0.000513953
chr8_gl000196_random	0	38764	38914	0.996145
chr8_gl000196_random	1	150	38914	0.00385465
chr8_gl000197_random	0	36875	37175	0.99193
chr8_gl000197_random	1	300	37175	0.00806994
chr9_gl000198_random	0	87158	90085	0.967508
chr9_gl000198_random	1	2854	90085	0.0316812
chr9_gl000198_random	2	73	90085	0.000810346
chr9_gl000199_random	0	124735	169874	0.73428
chr9_gl000199_random	1	33419	169874	0.196728
chr9_gl000199_random	2	8607	169874	0.050667
chr9_gl000199_random	3	2175	169874	0.0128036
chr9_gl000199_random	4	464	169874	0.00273144
chr9_gl000199_random	5	177	169874	0.00104195
chr9_gl000199_random	6	91	169874	0.000535691
chr9_gl000199_random	7	76	169874	0.00044739
chr9_gl000199_random	8	21	169874	0.000123621
chr9_gl000199_random	9	19	169874	0.000111848
chr9_gl000199_random	10	51	169874	0.000300223
chr9_gl000199_random	11	3	169874	1.76601e-05
chr9_gl000199_random	12	5	169874	2.94336e-05
chr9_gl000199_random	13	12	169874	7.06406e-05
chr9_gl000199_random	14	10	169874	5.88672e-05
chr9_gl000199_random	15	9	169874	5.29804e-05
chr9_gl000200_random	0	185285	187035	0.990643
chr9_gl000200_random	1	1750	187035	0.00935654
chr9_gl000201_random	0	35948	36148	0.994467
chr9_gl000201_random	1	200	36148	0.00553281
chr11_gl000202_random	0	39753	40103	0.991272
chr11_gl000202_random	1	350	40103	0.00872753
chr17_ctg5_hap1	0	1670129	1680828	0.993635
chr17_ctg5_hap1	1	10698	1680828	0.00636472
chr17_ctg5_hap1	2	1	1680828	5.94945e-07
chr17_gl000203_random	0	36998	37498	0.986666
chr17_gl000203_random	1	500	37498	0.013334
chr17_gl000204_random	0	79660	81310	0.979707
chr17_gl000204_random	1	1650	81310	0.0202927
chr17_gl000205_random	0	171828	174588	0.984191
chr17_gl000205_random	1	2670	174588	0.0152931
chr17_gl000205_random	2	90	174588	0.000515499
chr17_gl000206_random	0	40651	41001	0.991464
chr17_gl000206_random	1	350	41001	0.00853638
chr18_gl000207_random	0	4162	4262	0.976537
chr18_gl000207_random	1	100	4262	0.0234632
chr19_gl000208_random	0	85665	92689	0.92422
chr19_gl000208_random	1	6000	92689	0.0647326
chr19_gl000208_random	2	558	92689	0.00602013
chr19_gl000208_random	3	317	92689	0.00342004
chr19_gl000208_random	4	117	92689	0.00126229
chr19_gl000208_random	5	32	92689	0.000345241
chr19_gl000209_random	0	155519	159169	0.977068
chr19_gl000209_random	1	3650	159169	0.0229316
chr21_gl000210_random	0	27382	27682	0.989163
chr21_gl000210_random	1	300	27682	0.0108374
chrUn_gl000211	0	163727	166566	0.982956
chrUn_gl000211	1	2778	166566	0.0166781
chrUn_gl000211	2	61	166566	0.000366221
chrUn_gl000212	0	183798	186858	0.983624
chrUn_gl000212	1	2970	186858	0.0158944
chrUn_gl000212	2	90	186858	0.000481649
chrUn_gl000213	0	163539	164239	0.995738
chrUn_gl000213	1	700	164239	0.00426208
chrUn_gl000214	0	132696	137718	0.963534
chrUn_gl000214	1	4894	137718	0.0355364
chrUn_gl000214	2	128	137718	0.000929436
chrUn_gl000215	0	171545	172545	0.994204
chrUn_gl000215	1	1000	172545	0.00579559
chrUn_gl000216	0	149020	172294	0.864917
chrUn_gl000216	1	17936	172294	0.104101
chrUn_gl000216	2	3514	172294	0.0203954
chrUn_gl000216	3	1079	172294	0.00626255
chrUn_gl000216	4	393	172294	0.00228098
chrUn_gl000216	5	219	172294	0.00127108
chrUn_gl000216	6	11	172294	6.38444e-05
chrUn_gl000216	7	35	172294	0.000203141
chrUn_gl000216	8	9	172294	5.22363e-05
chrUn_gl000216	9	25	172294	0.000145101
chrUn_gl000216	10	8	172294	4.64323e-05
chrUn_gl000216	11	1	172294	5.80403e-06
chrUn_gl000216	12	6	172294	3.48242e-05
chrUn_gl000216	13	6	172294	3.48242e-05
chrUn_gl000216	14	8	172294	4.64323e-05
chrUn_gl000216	15	13	172294	7.54524e-05
chrUn_gl000216	16	11	172294	6.38444e-05
chrUn_gl000217	0	167882	172149	0.975213
chrUn_gl000217	1	4184	172149	0.0243045
chrUn_gl000217	2	83	172149	0.00048214
chrUn_gl000218	0	158027	161147	0.980639
chrUn_gl000218	1	3040	161147	0.0188648
chrUn_gl000218	2	80	161147	0.000496441
chrUn_gl000219	0	174837	179198	0.975664
chrUn_gl000219	1	4222	179198	0.0235605
chrUn_gl000219	2	139	179198	0.000775678
chrUn_gl000220	0	143493	161802	0.886843
chrUn_gl000220	1	14700	161802	0.0908518
chrUn_gl000220	2	3049	161802	0.018844
chrUn_gl000220	3	445	161802	0.00275027
chrUn_gl000220	4	108	161802	0.000667482
chrUn_gl000220	5	7	161802	4.32628e-05
chrUn_gl000221	0	151415	155397	0.974375
chrUn_gl000221	1	3864	155397	0.0248653
chrUn_gl000221	2	118	155397	0.000759345
chrUn_gl000222	0	184359	186861	0.98661
chrUn_gl000222	1	2444	186861	0.0130792
chrUn_gl000222	2	18	186861	9.63283e-05
chrUn_gl000222	3	40	186861	0.000214063
chrUn_gl000223	0	178905	180455	0.991411
chrUn_gl000223	1	1550	180455	0.0085894
chrUn_gl000224	0	176123	179693	0.980133
chrUn_gl000224	1	3394	179693	0.0188878
chrUn_gl000224	2	131	179693	0.000729021
chrUn_gl000224	3	36	179693	0.000200342
chrUn_gl000224	4	9	179693	5.00854e-05
chrUn_gl000225	0	184000	211173	0.871324
chrUn_gl000225	1	23164	211173	0.109692
chrUn_gl000225	2	3283	211173	0.0155465
chrUn_gl000225	3	559	211173	0.00264712
chrUn_gl000225	4	71	211173	0.000336217
chrUn_gl000225	5	27	211173	0.000127857
chrUn_gl000225	6	8	211173	3.78836e-05
chrUn_gl000225	7	3	211173	1.42064e-05
chrUn_gl000225	8	7	211173	3.31482e-05
chrUn_gl000225	9	2	211173	9.47091e-06
chrUn_gl000225	10	7	211173	3.31482e-05
chrUn_gl000225	11	3	211173	1.42064e-05
chrUn_gl000225	12	6	211173	2.84127e-05
chrUn_gl000225	13	4	211173	1.89418e-05
chrUn_gl000225	14	6	211173	2.84127e-05
chrUn_gl000225	15	8	211173	3.78836e-05
chrUn_gl000225	16	6	211173	2.84127e-05
chrUn_gl000225	17	8	211173	3.78836e-05
chrUn_gl000225	18	1	211173	4.73545e-06
chrUn_gl000226	0	968	15008	0.0644989
chrUn_gl000226	1	2111	15008	0.140658
chrUn_gl000226	2	2625	15008	0.174907
chrUn_gl000226	3	2812	15008	0.187367
chrUn_gl000226	4	2248	15008	0.149787
chrUn_gl000226	5	1653	15008	0.110141
chrUn_gl000226	6	1181	15008	0.0786914
chrUn_gl000226	7	543	15008	0.0361807
chrUn_gl000226	8	359	15008	0.0239206
chrUn_gl000226	9	219	15008	0.0145922
chrUn_gl000226	10	144	15008	0.00959488
chrUn_gl000226	11	84	15008	0.00559701
chrUn_gl000226	12	45	15008	0.0029984
chrUn_gl000226	13	16	15008	0.0010661
chrUn_gl000227	0	126942	128374	0.988845
chrUn_gl000227	1	1414	128374	0.0110147
chrUn_gl000227	2	18	128374	0.000140215
chrUn_gl000228	0	126149	129120	0.97699
chrUn_gl000228	1	2642	129120	0.0204616
chrUn_gl000228	2	329	129120	0.00254802
chrUn_gl000229	0	19113	19913	0.959825
chrUn_gl000229	1	800	19913	0.0401748
chrUn_gl000230	0	42515	43691	0.973084
chrUn_gl000230	1	1152	43691	0.026367
chrUn_gl000230	2	24	43691	0.000549312
chrUn_gl000231	0	26186	27386	0.956182
chrUn_gl000231	1	1200	27386	0.043818
chrUn_gl000232	0	38488	40652	0.946768
chrUn_gl000232	1	2128	40652	0.0523467
chrUn_gl000232	2	36	40652	0.000885565
chrUn_gl000233	0	44445	45941	0.967436
chrUn_gl000233	1	1492	45941	0.0324764
chrUn_gl000233	2	4	45941	8.70682e-05
chrUn_gl000234	0	38931	40531	0.960524
chrUn_gl000234	1	1600	40531	0.039476
chrUn_gl000235	0	32840	34474	0.952602
chrUn_gl000235	1	1518	34474	0.0440332
chrUn_gl000235	2	116	34474	0.00336485
chrUn_gl000236	0	41434	41934	0.988077
chrUn_gl000236	1	500	41934	0.0119235
chrUn_gl000237	0	45117	45867	0.983648
chrUn_gl000237	1	750	45867	0.0163516
chrUn_gl000238	0	39789	39939	0.996244
chrUn_gl000238	1	150	39939	0.00375573
chrUn_gl000239	0	33224	33824	0.982261
chrUn_gl000239	1	600	33824	0.0177389
chrUn_gl000240	0	40633	41933	0.968998
chrUn_gl000240	1	1300	41933	0.0310018
chrUn_gl000241	0	39461	42152	0.93616
chrUn_gl000241	1	2632	42152	0.0624407
chrUn_gl000241	2	59	42152	0.0013997
chrUn_gl000242	0	43023	43523	0.988512
chrUn_gl000242	1	500	43523	0.0114882
chrUn_gl000243	0	42172	43341	0.973028
chrUn_gl000243	1	1119	43341	0.0258185
chrUn_gl000243	2	19	43341	0.000438384
chrUn_gl000243	3	31	43341	0.000715258
chrUn_gl000244	0	39479	39929	0.98873
chrUn_gl000244	1	450	39929	0.01127
chrUn_gl000245	0	35551	36651	0.969987
chrUn_gl000245	1	1100	36651	0.0300128
chrUn_gl000246	0	37854	38154	0.992137
chrUn_gl000246	1	300	38154	0.00786287
chrUn_gl000247	0	35136	36422	0.964692
chrUn_gl000247	1	1272	36422	0.0349239
chrUn_gl000247	2	14	36422	0.000384383
chrUn_gl000248	0	39536	39786	0.993716
chrUn_gl000248	1	250	39786	0.00628362
chrUn_gl000249	0	38252	38502	0.993507
chrUn_gl000249	1	250	38502	0.00649317
genome	0	3098127400	3137161264	0.987558
genome	1	38517264	3137161264	0.0122777
genome	2	397296	3137161264	0.000126642
genome	3	46480	3137161264	1.48159e-05
genome	4	23296	3137161264	7.42582e-06
genome	5	13600	3137161264	4.33513e-06
genome	6	9052	3137161264	2.88541e-06
genome	7	5672	3137161264	1.808e-06
genome	8	4244	3137161264	1.35282e-06
genome	9	3069	3137161264	9.78273e-07
genome	10	2299	3137161264	7.32828e-07
genome	11	1714	3137161264	5.46354e-07
genome	12	1346	3137161264	4.2905e-07
genome	13	983	3137161264	3.13341e-07
genome	14	968	3137161264	3.08559e-07
genome	15	795	3137161264	2.53414e-07
genome	16	734	3137161264	2.33969e-07
genome	17	549	3137161264	1.74999e-07
genome	18	480	3137161264	1.53005e-07
genome	19	449	3137161264	1.43123e-07
genome	20	394	3137161264	1.25591e-07
genome	21	373	3137161264	1.18897e-07
genome	22	287	3137161264	9.1484e-08
genome	23	226	3137161264	7.20397e-08
genome	24	283	3137161264	9.02089e-08
genome	25	245	3137161264	7.80961e-08
genome	26	224	3137161264	7.14021e-08
genome	27	174	3137161264	5.54642e-08
genome	28	166	3137161264	5.29141e-08
genome	29	195	3137161264	6.21581e-08
genome	30	175	3137161264	5.57829e-08
genome	31	128	3137161264	4.08012e-08
genome	32	76	3137161264	2.42257e-08
genome	33	57	3137161264	1.81693e-08
genome	34	55	3137161264	1.75318e-08
genome	35	51	3137161264	1.62567e-08
genome	36	61	3137161264	1.94443e-08
genome	37	63	3137161264	2.00818e-08
genome	38	49	3137161264	1.56192e-08
genome	39	30	3137161264	9.56279e-09
genome	40	37	3137161264	1.17941e-08
genome	41	33	3137161264	1.05191e-08
genome	42	17	3137161264	5.41891e-09
genome	43	25	3137161264	7.96899e-09
genome	44	19	3137161264	6.05643e-09
genome	45	23	3137161264	7.33147e-09
genome	46	27	3137161264	8.60651e-09
genome	47	18	3137161264	5.73767e-09
genome	48	18	3137161264	5.73767e-09
genome	49	16	3137161264	5.10015e-09
genome	50	12	3137161264	3.82511e-09
genome	51	6	3137161264	1.91256e-09
genome	52	8	3137161264	2.55008e-09
genome	53	3	3137161264	9.56279e-10
