chrM	0	16171	16571	0.975861
chrM	1	400	16571	0.0241386
chr1	0	245025988	249250621	0.983051
chr1	1	4180550	249250621	0.0167725
chr1	2	41361	249250621	0.000165941
chr1	3	976	249250621	3.91574e-06
chr1	4	259	249250621	1.03911e-06
chr1	5	129	249250621	5.17551e-07
chr1	6	96	249250621	3.85154e-07
chr1	7	43	249250621	1.72517e-07
chr1	8	42	249250621	1.68505e-07
chr1	9	36	249250621	1.44433e-07
chr1	10	34	249250621	1.36409e-07
chr1	11	57	249250621	2.28685e-07
chr1	12	23	249250621	9.22766e-08
chr1	13	32	249250621	1.28385e-07
chr1	14	44	249250621	1.76529e-07
chr1	15	31	249250621	1.24373e-07
chr1	16	50	249250621	2.00601e-07
chr1	17	49	249250621	1.96589e-07
chr1	18	62	249250621	2.48746e-07
chr1	19	47	249250621	1.88565e-07
chr1	20	46	249250621	1.84553e-07
chr1	21	28	249250621	1.12337e-07
chr1	22	26	249250621	1.04313e-07
chr1	23	34	249250621	1.36409e-07
chr1	24	22	249250621	8.82646e-08
chr1	25	46	249250621	1.84553e-07
chr1	26	29	249250621	1.16349e-07
chr1	27	18	249250621	7.22165e-08
chr1	28	20	249250621	8.02405e-08
chr1	29	21	249250621	8.42525e-08
chr1	30	21	249250621	8.42525e-08
chr1	31	11	249250621	4.41323e-08
chr1	32	19	249250621	7.62285e-08
chr1	33	17	249250621	6.82044e-08
chr1	34	10	249250621	4.01203e-08
chr1	35	16	249250621	6.41924e-08
chr1	36	13	249250621	5.21563e-08
chr1	37	16	249250621	6.41924e-08
chr1	38	12	249250621	4.81443e-08
chr1	39	17	249250621	6.82044e-08
chr1	40	25	249250621	1.00301e-07
chr1	41	36	249250621	1.44433e-07
chr1	42	32	249250621	1.28385e-07
chr1	43	39	249250621	1.56469e-07
chr1	44	39	249250621	1.56469e-07
chr1	45	37	249250621	1.48445e-07
chr1	46	15	249250621	6.01804e-08
chr1	47	6	249250621	2.40722e-08
chr1	48	8	249250621	3.20962e-08
chr1	49	6	249250621	2.40722e-08
chr1	50	4	249250621	1.60481e-08
chr1	51	10	249250621	4.01203e-08
chr1	52	5	249250621	2.00601e-08
chr1	53	2	249250621	8.02405e-09
chr1	54	3	249250621	1.20361e-08
chr1	55	2	249250621	8.02405e-09
chr1	56	1	249250621	4.01203e-09
chr2	0	239683377	243199373	0.985543
chr2	1	3468349	243199373	0.0142613
chr2	2	34031	243199373	0.00013993
chr2	3	5292	243199373	2.17599e-05
chr2	4	3022	243199373	1.2426e-05
chr2	5	1939	243199373	7.97288e-06
chr2	6	1399	243199373	5.75248e-06
chr2	7	770	243199373	3.16613e-06
chr2	8	446	243199373	1.83389e-06
chr2	9	224	243199373	9.21055e-07
chr2	10	152	243199373	6.25002e-07
chr2	11	151	243199373	6.2089e-07
chr2	12	59	243199373	2.42599e-07
chr2	13	37	243199373	1.52139e-07
chr2	14	36	243199373	1.48027e-07
chr2	15	27	243199373	1.1102e-07
chr2	16	12	243199373	4.93422e-08
chr2	17	21	243199373	8.63489e-08
chr2	18	20	243199373	8.22371e-08
chr2	19	6	243199373	2.46711e-08
chr2	20	3	243199373	1.23356e-08
chr3	0	195109220	198022430	0.985288
chr3	1	2888909	198022430	0.0145888
chr3	2	23856	198022430	0.000120471
chr3	3	274	198022430	1.38368e-06
chr3	4	41	198022430	2.07047e-07
chr3	5	3	198022430	1.51498e-08
chr3	6	2	198022430	1.00999e-08
chr3	7	2	198022430	1.00999e-08
chr3	8	4	198022430	2.01997e-08
chr3	9	3	198022430	1.51498e-08
chr3	10	1	198022430	5.04993e-09
chr3	11	1	198022430	5.04993e-09
chr3	12	4	198022430	2.01997e-08
chr3	13	7	198022430	3.53495e-08
chr3	14	1	198022430	5.04993e-09
chr3	15	4	198022430	2.01997e-08
chr3	16	2	198022430	1.00999e-08
chr3	17	4	198022430	2.01997e-08
chr3	18	4	198022430	2.01997e-08
chr3	19	4	198022430	2.01997e-08
chr3	20	4	198022430	2.01997e-08
chr3	21	2	198022430	1.00999e-08
chr3	22	4	198022430	2.01997e-08
chr3	23	4	198022430	2.01997e-08
chr3	24	3	198022430	1.51498e-08
chr3	25	2	198022430	1.00999e-08
chr3	26	4	198022430	2.01997e-08
chr3	27	4	198022430	2.01997e-08
chr3	28	3	198022430	1.51498e-08
chr3	29	5	198022430	2.52497e-08
chr3	30	9	198022430	4.54494e-08
chr3	31	13	198022430	6.56491e-08
chr3	32	20	198022430	1.00999e-07
chr3	33	5	198022430	2.52497e-08
chr3	34	2	198022430	1.00999e-08
chr4	0	189043584	191154276	0.988958
chr4	1	2078739	191154276	0.0108747
chr4	2	22575	191154276	0.000118098
chr4	3	4626	191154276	2.42003e-05
chr4	4	2702	191154276	1.41352e-05
chr4	5	1034	191154276	5.40924e-06
chr4	6	487	191154276	2.54768e-06
chr4	7	243	191154276	1.27122e-06
chr4	8	121	191154276	6.32997e-07
chr4	9	47	191154276	2.45875e-07
chr4	10	10	191154276	5.23138e-08
chr4	11	15	191154276	7.84706e-08
chr4	12	11	191154276	5.75451e-08
chr4	13	16	191154276	8.3702e-08
chr4	14	10	191154276	5.23138e-08
chr4	15	8	191154276	4.1851e-08
chr4	16	3	191154276	1.56941e-08
chr4	17	9	191154276	4.70824e-08
chr4	18	7	191154276	3.66196e-08
chr4	19	2	191154276	1.04628e-08
chr4	20	2	191154276	1.04628e-08
chr4	21	7	191154276	3.66196e-08
chr4	22	3	191154276	1.56941e-08
chr4	23	6	191154276	3.13883e-08
chr4	24	5	191154276	2.61569e-08
chr4	25	4	191154276	2.09255e-08
chr5	0	178876859	180915260	0.988733
chr5	1	2023214	180915260	0.0111832
chr5	2	14762	180915260	8.15962e-05
chr5	3	248	180915260	1.37081e-06
chr5	4	70	180915260	3.86921e-07
chr5	5	54	180915260	2.98482e-07
chr5	6	53	180915260	2.92955e-07
chr6	0	168503934	171115067	0.98474
chr6	1	2584167	171115067	0.0151019
chr6	2	22629	171115067	0.000132244
chr6	3	608	171115067	3.55316e-06
chr6	4	385	171115067	2.24995e-06
chr6	5	409	171115067	2.3902e-06
chr6	6	424	171115067	2.47786e-06
chr6	7	406	171115067	2.37267e-06
chr6	8	399	171115067	2.33176e-06
chr6	9	412	171115067	2.40774e-06
chr6	10	426	171115067	2.48955e-06
chr6	11	281	171115067	1.64217e-06
chr6	12	201	171115067	1.17465e-06
chr6	13	168	171115067	9.81795e-07
chr6	14	89	171115067	5.20118e-07
chr6	15	47	171115067	2.74669e-07
chr6	16	30	171115067	1.75321e-07
chr6	17	23	171115067	1.34412e-07
chr6	18	13	171115067	7.59723e-08
chr6	19	3	171115067	1.75321e-08
chr6	20	3	171115067	1.75321e-08
chr6	21	10	171115067	5.84402e-08
chr7	0	157258865	159138663	0.988188
chr7	1	1858755	159138663	0.0116801
chr7	2	14561	159138663	9.14988e-05
chr7	3	1530	159138663	9.61426e-06
chr7	4	936	159138663	5.88166e-06
chr7	5	649	159138663	4.0782e-06
chr7	6	536	159138663	3.36813e-06
chr7	7	431	159138663	2.70833e-06
chr7	8	274	159138663	1.72177e-06
chr7	9	237	159138663	1.48927e-06
chr7	10	266	159138663	1.6715e-06
chr7	11	192	159138663	1.2065e-06
chr7	12	229	159138663	1.439e-06
chr7	13	175	159138663	1.09967e-06
chr7	14	126	159138663	7.91762e-07
chr7	15	111	159138663	6.97505e-07
chr7	16	120	159138663	7.54059e-07
chr7	17	106	159138663	6.66086e-07
chr7	18	114	159138663	7.16356e-07
chr7	19	68	159138663	4.273e-07
chr7	20	63	159138663	3.95881e-07
chr7	21	53	159138663	3.33043e-07
chr7	22	47	159138663	2.9534e-07
chr7	23	38	159138663	2.38785e-07
chr7	24	24	159138663	1.50812e-07
chr7	25	23	159138663	1.44528e-07
chr7	26	21	159138663	1.3196e-07
chr7	27	17	159138663	1.06825e-07
chr7	28	14	159138663	8.79736e-08
chr7	29	12	159138663	7.54059e-08
chr7	30	10	159138663	6.28383e-08
chr7	31	13	159138663	8.16898e-08
chr7	32	12	159138663	7.54059e-08
chr7	33	12	159138663	7.54059e-08
chr7	34	5	159138663	3.14191e-08
chr7	35	2	159138663	1.25677e-08
chr7	36	5	159138663	3.14191e-08
chr7	37	5	159138663	3.14191e-08
chr7	38	3	159138663	1.88515e-08
chr7	39	3	159138663	1.88515e-08
chr8	0	143564754	146364022	0.980875
chr8	1	2748661	146364022	0.0187796
chr8	2	41354	146364022	0.000282542
chr8	3	4650	146364022	3.17701e-05
chr8	4	2296	146364022	1.56869e-05
chr8	5	1168	146364022	7.9801e-06
chr8	6	584	146364022	3.99005e-06
chr8	7	277	146364022	1.89254e-06
chr8	8	102	146364022	6.96893e-07
chr8	9	32	146364022	2.18633e-07
chr8	10	64	146364022	4.37266e-07
chr8	11	28	146364022	1.91304e-07
chr8	12	29	146364022	1.98136e-07
chr8	13	12	146364022	8.19874e-08
chr8	14	7	146364022	4.7826e-08
chr8	15	4	146364022	2.73291e-08
chr9	0	139435141	141213431	0.987407
chr9	1	1763095	141213431	0.0124853
chr9	2	14081	141213431	9.97143e-05
chr9	3	614	141213431	4.34803e-06
chr9	4	200	141213431	1.4163e-06
chr9	5	115	141213431	8.1437e-07
chr9	6	78	141213431	5.52355e-07
chr9	7	48	141213431	3.39911e-07
chr9	8	59	141213431	4.17807e-07
chr10	0	133850818	135534747	0.987576
chr10	1	1642553	135534747	0.0121191
chr10	2	19954	135534747	0.000147224
chr10	3	4858	135534747	3.58432e-05
chr10	4	2843	135534747	2.09762e-05
chr10	5	2029	135534747	1.49703e-05
chr10	6	1624	135534747	1.19822e-05
chr10	7	1078	135534747	7.95368e-06
chr10	8	1085	135534747	8.00533e-06
chr10	9	1002	135534747	7.39294e-06
chr10	10	748	135534747	5.51888e-06
chr10	11	701	135534747	5.17211e-06
chr10	12	644	135534747	4.75155e-06
chr10	13	529	135534747	3.90306e-06
chr10	14	421	135534747	3.10621e-06
chr10	15	446	135534747	3.29067e-06
chr10	16	413	135534747	3.04719e-06
chr10	17	297	135534747	2.19132e-06
chr10	18	289	135534747	2.13229e-06
chr10	19	245	135534747	1.80765e-06
chr10	20	230	135534747	1.69698e-06
chr10	21	244	135534747	1.80028e-06
chr10	22	221	135534747	1.63058e-06
chr10	23	185	135534747	1.36496e-06
chr10	24	205	135534747	1.51253e-06
chr10	25	184	135534747	1.35759e-06
chr10	26	139	135534747	1.02557e-06
chr10	27	129	135534747	9.51785e-07
chr10	28	113	135534747	8.33735e-07
chr10	29	115	135534747	8.48491e-07
chr10	30	64	135534747	4.72204e-07
chr10	31	53	135534747	3.91044e-07
chr10	32	53	135534747	3.91044e-07
chr10	33	32	135534747	2.36102e-07
chr10	34	50	135534747	3.68909e-07
chr10	35	37	135534747	2.72993e-07
chr10	36	38	135534747	2.80371e-07
chr10	37	40	135534747	2.95127e-07
chr10	38	31	135534747	2.28724e-07
chr10	39	7	135534747	5.16473e-08
chr11	0	133292415	135006516	0.987304
chr11	1	1699676	135006516	0.0125896
chr11	2	12190	135006516	9.02919e-05
chr11	3	851	135006516	6.3034e-06
chr11	4	345	135006516	2.55543e-06
chr11	5	289	135006516	2.14064e-06
chr11	6	184	135006516	1.3629e-06
chr11	7	220	135006516	1.62955e-06
chr11	8	81	135006516	5.99971e-07
chr11	9	76	135006516	5.62936e-07
chr11	10	75	135006516	5.55529e-07
chr11	11	67	135006516	4.96272e-07
chr11	12	24	135006516	1.77769e-07
chr11	13	11	135006516	8.14776e-08
chr11	14	8	135006516	5.92564e-08
chr11	15	4	135006516	2.96282e-08
chr12	0	132607166	133851895	0.990701
chr12	1	1238151	133851895	0.00925016
chr12	2	5924	133851895	4.42579e-05
chr12	3	333	133851895	2.48782e-06
chr12	4	172	133851895	1.285e-06
chr12	5	80	133851895	5.97676e-07
chr12	6	17	133851895	1.27006e-07
chr12	7	19	133851895	1.41948e-07
chr12	8	18	133851895	1.34477e-07
chr12	9	15	133851895	1.12064e-07
chr13	0	114319195	115169878	0.992614
chr13	1	847516	115169878	0.00735883
chr13	2	3167	115169878	2.74985e-05
chr14	0	106329521	107349540	0.990498
chr14	1	1013881	107349540	0.00944467
chr14	2	5912	107349540	5.50724e-05
chr14	3	159	107349540	1.48114e-06
chr14	4	67	107349540	6.24129e-07
chr15	0	101724977	102531392	0.992135
chr15	1	802807	102531392	0.00782987
chr15	2	3559	102531392	3.47113e-05
chr15	3	21	102531392	2.04815e-07
chr15	4	28	102531392	2.73087e-07
chr16	0	89554953	90354753	0.991148
chr16	1	765187	90354753	0.0084687
chr16	2	13527	90354753	0.00014971
chr16	3	7306	90354753	8.08591e-05
chr16	4	5652	90354753	6.25534e-05
chr16	5	3465	90354753	3.83488e-05
chr16	6	2127	90354753	2.35405e-05
chr16	7	1161	90354753	1.28494e-05
chr16	8	685	90354753	7.58123e-06
chr16	9	352	90354753	3.89576e-06
chr16	10	195	90354753	2.15816e-06
chr16	11	90	90354753	9.96074e-07
chr16	12	20	90354753	2.2135e-07
chr16	13	22	90354753	2.43485e-07
chr16	14	10	90354753	1.10675e-07
chr16	15	1	90354753	1.10675e-08
chr17	0	80206053	81195210	0.987818
chr17	1	980399	81195210	0.0120746
chr17	2	7293	81195210	8.98206e-05
chr17	3	971	81195210	1.19588e-05
chr17	4	279	81195210	3.43616e-06
chr17	5	127	81195210	1.56413e-06
chr17	6	65	81195210	8.0054e-07
chr17	7	23	81195210	2.83268e-07
chr18	0	76958418	78077248	0.98567
chr18	1	1107686	78077248	0.0141871
chr18	2	9540	78077248	0.000122187
chr18	3	849	78077248	1.08738e-05
chr18	4	258	78077248	3.30442e-06
chr18	5	182	78077248	2.33102e-06
chr18	6	113	78077248	1.44728e-06
chr18	7	55	78077248	7.04431e-07
chr18	8	25	78077248	3.20196e-07
chr18	9	18	78077248	2.30541e-07
chr18	10	21	78077248	2.68964e-07
chr18	11	10	78077248	1.28078e-07
chr18	12	11	78077248	1.40886e-07
chr18	13	24	78077248	3.07388e-07
chr18	14	4	78077248	5.12313e-08
chr18	15	3	78077248	3.84235e-08
chr18	16	5	78077248	6.40391e-08
chr18	17	10	78077248	1.28078e-07
chr18	18	5	78077248	6.40391e-08
chr18	19	5	78077248	6.40391e-08
chr18	20	6	78077248	7.6847e-08
chr19	0	58260409	59128983	0.98531
chr19	1	855527	59128983	0.0144688
chr19	2	8928	59128983	0.000150992
chr19	3	716	59128983	1.21091e-05
chr19	4	512	59128983	8.65904e-06
chr19	5	409	59128983	6.91708e-06
chr19	6	399	59128983	6.74796e-06
chr19	7	328	59128983	5.5472e-06
chr19	8	241	59128983	4.07584e-06
chr19	9	235	59128983	3.97436e-06
chr19	10	221	59128983	3.73759e-06
chr19	11	157	59128983	2.65521e-06
chr19	12	124	59128983	2.09711e-06
chr19	13	62	59128983	1.04856e-06
chr19	14	71	59128983	1.20076e-06
chr19	15	95	59128983	1.60666e-06
chr19	16	79	59128983	1.33606e-06
chr19	17	66	59128983	1.1162e-06
chr19	18	73	59128983	1.23459e-06
chr19	19	62	59128983	1.04856e-06
chr19	20	76	59128983	1.28533e-06
chr19	21	46	59128983	7.7796e-07
chr19	22	44	59128983	7.44136e-07
chr19	23	25	59128983	4.22805e-07
chr19	24	28	59128983	4.73541e-07
chr19	25	11	59128983	1.86034e-07
chr19	26	19	59128983	3.21331e-07
chr19	27	15	59128983	2.53683e-07
chr19	28	5	59128983	8.45609e-08
chr20	0	62000893	63025520	0.983743
chr20	1	1014162	63025520	0.0160913
chr20	2	10028	63025520	0.00015911
chr20	3	197	63025520	3.12572e-06
chr20	4	164	63025520	2.60212e-06
chr20	5	21	63025520	3.33198e-07
chr20	6	55	63025520	8.72662e-07
chr21	0	47642298	48129895	0.989869
chr21	1	481417	48129895	0.0100025
chr21	2	5264	48129895	0.000109371
chr21	3	535	48129895	1.11158e-05
chr21	4	140	48129895	2.9088e-06
chr21	5	50	48129895	1.03886e-06
chr21	6	57	48129895	1.1843e-06
chr21	7	46	48129895	9.55747e-07
chr21	8	12	48129895	2.49325e-07
chr21	9	10	48129895	2.07771e-07
chr21	10	36	48129895	7.47976e-07
chr21	11	30	48129895	6.23313e-07
chr22	0	50798656	51304566	0.990139
chr22	1	500930	51304566	0.00976385
chr22	2	4564	51304566	8.89589e-05
chr22	3	156	51304566	3.04066e-06
chr22	4	94	51304566	1.8322e-06
chr22	5	45	51304566	8.77115e-07
chr22	6	16	51304566	3.11863e-07
chr22	7	40	51304566	7.79658e-07
chr22	8	38	51304566	7.40675e-07
chr22	9	27	51304566	5.26269e-07
chrX	0	153729376	155270560	0.990074
chrX	1	1523071	155270560	0.00980914
chrX	2	15284	155270560	9.84346e-05
chrX	3	1985	155270560	1.27841e-05
chrX	4	490	155270560	3.15578e-06
chrX	5	153	155270560	9.85377e-07
chrX	6	77	155270560	4.95909e-07
chrX	7	26	155270560	1.6745e-07
chrX	8	38	155270560	2.44734e-07
chrX	9	31	155270560	1.99651e-07
chrX	10	2	155270560	1.28807e-08
chrX	11	4	155270560	2.57615e-08
chrX	12	14	155270560	9.01652e-08
chrX	13	4	155270560	2.57615e-08
chrX	14	5	155270560	3.22019e-08
chrY	0	59268267	59373566	0.998226
chrY	1	97302	59373566	0.00163881
chrY	2	5542	59373566	9.33412e-05
chrY	3	1601	59373566	2.69649e-05
chrY	4	419	59373566	7.05701e-06
chrY	5	153	59373566	2.5769e-06
chrY	6	65	59373566	1.09476e-06
chrY	7	39	59373566	6.56858e-07
chrY	8	62	59373566	1.04424e-06
chrY	9	21	59373566	3.53693e-07
chrY	10	35	59373566	5.89488e-07
chrY	11	8	59373566	1.3474e-07
chrY	12	22	59373566	3.70535e-07
chrY	13	3	59373566	5.05275e-08
chrY	14	24	59373566	4.0422e-07
chrY	15	3	59373566	5.05275e-08
chr1_gl000191_random	0	105283	106433	0.989195
chr1_gl000191_random	1	1150	106433	0.0108049
chr1_gl000192_random	0	535281	547496	0.977689
chr1_gl000192_random	1	12080	547496	0.0220641
chr1_gl000192_random	2	135	547496	0.000246577
chr4_ctg9_hap1	0	584203	590426	0.98946
chr4_ctg9_hap1	1	6196	590426	0.0104941
chr4_ctg9_hap1	2	27	590426	4.57297e-05
chr4_gl000193_random	0	183805	189789	0.96847
chr4_gl000193_random	1	5968	189789	0.0314454
chr4_gl000193_random	2	16	189789	8.43041e-05
chr4_gl000194_random	0	186669	191469	0.974931
chr4_gl000194_random	1	4800	191469	0.0250693
chr6_apd_hap1	0	4613290	4622290	0.998053
chr6_apd_hap1	1	9000	4622290	0.00194709
chr6_cox_hap2	0	4774224	4795371	0.99559
chr6_cox_hap2	1	21144	4795371	0.00440925
chr6_cox_hap2	2	3	4795371	6.25603e-07
chr6_dbb_hap3	0	4590487	4610396	0.995682
chr6_dbb_hap3	1	19818	4610396	0.00429855
chr6_dbb_hap3	2	91	4610396	1.9738e-05
chr6_mann_hap4	0	4664753	4683263	0.996048
chr6_mann_hap4	1	18470	4683263	0.00394383
chr6_mann_hap4	2	40	4683263	8.54105e-06
chr6_mcf_hap5	0	4818693	4833398	0.996958
chr6_mcf_hap5	1	14610	4833398	0.00302272
chr6_mcf_hap5	2	95	4833398	1.96549e-05
chr6_qbl_hap6	0	4592027	4611984	0.995673
chr6_qbl_hap6	1	19864	4611984	0.00430704
chr6_qbl_hap6	2	93	4611984	2.01649e-05
chr6_ssto_hap7	0	4911359	4928567	0.996509
chr6_ssto_hap7	1	17166	4928567	0.00348296
chr6_ssto_hap7	2	42	4928567	8.52175e-06
chr7_gl000195_random	0	179526	182896	0.981574
chr7_gl000195_random	1	3340	182896	0.0182617
chr7_gl000195_random	2	30	182896	0.000164028
chr8_gl000196_random	0	38564	38914	0.991006
chr8_gl000196_random	1	350	38914	0.00899419
chr8_gl000197_random	0	37125	37175	0.998655
chr8_gl000197_random	1	50	37175	0.00134499
chr9_gl000198_random	0	86957	90085	0.965277
chr9_gl000198_random	1	3106	90085	0.0344785
chr9_gl000198_random	2	22	90085	0.000244214
chr9_gl000199_random	0	123669	169874	0.728004
chr9_gl000199_random	1	33497	169874	0.197187
chr9_gl000199_random	2	9010	169874	0.0530393
chr9_gl000199_random	3	2613	169874	0.015382
chr9_gl000199_random	4	529	169874	0.00311407
chr9_gl000199_random	5	213	169874	0.00125387
chr9_gl000199_random	6	71	169874	0.000417957
chr9_gl000199_random	7	56	169874	0.000329656
chr9_gl000199_random	8	34	169874	0.000200148
chr9_gl000199_random	9	37	169874	0.000217808
chr9_gl000199_random	10	22	169874	0.000129508
chr9_gl000199_random	11	79	169874	0.000465051
chr9_gl000199_random	12	5	169874	2.94336e-05
chr9_gl000199_random	13	3	169874	1.76601e-05
chr9_gl000199_random	14	6	169874	3.53203e-05
chr9_gl000199_random	15	12	169874	7.06406e-05
chr9_gl000199_random	16	18	169874	0.000105961
chr9_gl000200_random	0	184832	187035	0.988221
chr9_gl000200_random	1	2156	187035	0.0115273
chr9_gl000200_random	2	47	187035	0.00025129
chr9_gl000201_random	0	35998	36148	0.99585
chr9_gl000201_random	1	150	36148	0.00414961
chr11_gl000202_random	0	39753	40103	0.991272
chr11_gl000202_random	1	350	40103	0.00872753
chr17_ctg5_hap1	0	1667915	1680828	0.992317
chr17_ctg5_hap1	1	12876	1680828	0.00766051
chr17_ctg5_hap1	2	37	1680828	2.2013e-05
chr17_gl000203_random	0	37048	37498	0.987999
chr17_gl000203_random	1	450	37498	0.0120006
chr17_gl000204_random	0	80060	81310	0.984627
chr17_gl000204_random	1	1250	81310	0.0153733
chr17_gl000205_random	0	171160	174588	0.980365
chr17_gl000205_random	1	3318	174588	0.0190047
chr17_gl000205_random	2	98	174588	0.000561322
chr17_gl000205_random	3	12	174588	6.87332e-05
chr17_gl000206_random	0	40301	41001	0.982927
chr17_gl000206_random	1	700	41001	0.0170728
chr19_gl000208_random	0	85186	92689	0.919052
chr19_gl000208_random	1	5887	92689	0.0635135
chr19_gl000208_random	2	1057	92689	0.0114037
chr19_gl000208_random	3	296	92689	0.00319347
chr19_gl000208_random	4	160	92689	0.0017262
chr19_gl000208_random	5	50	92689	0.000539438
chr19_gl000208_random	6	50	92689	0.000539438
chr19_gl000208_random	7	3	92689	3.23663e-05
chr19_gl000209_random	0	154963	159169	0.973575
chr19_gl000209_random	1	4140	159169	0.0260101
chr19_gl000209_random	2	38	159169	0.00023874
chr19_gl000209_random	3	28	159169	0.000175914
chr21_gl000210_random	0	27432	27682	0.990969
chr21_gl000210_random	1	250	27682	0.00903114
chrUn_gl000211	0	163265	166566	0.980182
chrUn_gl000211	1	3252	166566	0.0195238
chrUn_gl000211	2	49	166566	0.000294178
chrUn_gl000212	0	183816	186858	0.98372
chrUn_gl000212	1	2893	186858	0.0154823
chrUn_gl000212	2	149	186858	0.000797397
chrUn_gl000213	0	162789	164239	0.991171
chrUn_gl000213	1	1450	164239	0.0088286
chrUn_gl000214	0	132799	137718	0.964282
chrUn_gl000214	1	4738	137718	0.0344036
chrUn_gl000214	2	181	137718	0.00131428
chrUn_gl000215	0	171495	172545	0.993915
chrUn_gl000215	1	1050	172545	0.00608537
chrUn_gl000216	0	148321	172294	0.86086
chrUn_gl000216	1	18156	172294	0.105378
chrUn_gl000216	2	3818	172294	0.0221598
chrUn_gl000216	3	926	172294	0.00537453
chrUn_gl000216	4	492	172294	0.00285558
chrUn_gl000216	5	294	172294	0.00170639
chrUn_gl000216	6	111	172294	0.000644248
chrUn_gl000216	7	112	172294	0.000650052
chrUn_gl000216	8	26	172294	0.000150905
chrUn_gl000216	9	7	172294	4.06282e-05
chrUn_gl000216	10	3	172294	1.74121e-05
chrUn_gl000216	11	4	172294	2.32161e-05
chrUn_gl000216	12	15	172294	8.70605e-05
chrUn_gl000216	13	9	172294	5.22363e-05
chrUn_gl000217	0	167262	172149	0.971612
chrUn_gl000217	1	4824	172149	0.0280222
chrUn_gl000217	2	63	172149	0.000365962
chrUn_gl000218	0	158647	161147	0.984486
chrUn_gl000218	1	2500	161147	0.0155138
chrUn_gl000219	0	175284	179198	0.978158
chrUn_gl000219	1	3829	179198	0.0213674
chrUn_gl000219	2	84	179198	0.000468755
chrUn_gl000219	3	1	179198	5.58042e-06
chrUn_gl000220	0	143281	161802	0.885533
chrUn_gl000220	1	14895	161802	0.092057
chrUn_gl000220	2	3016	161802	0.0186401
chrUn_gl000220	3	473	161802	0.00292333
chrUn_gl000220	4	81	161802	0.000500612
chrUn_gl000220	5	56	161802	0.000346102
chrUn_gl000221	0	151297	155397	0.973616
chrUn_gl000221	1	4100	155397	0.026384
chrUn_gl000222	0	185072	186861	0.990426
chrUn_gl000222	1	1728	186861	0.00924752
chrUn_gl000222	2	61	186861	0.000326446
chrUn_gl000223	0	179455	180455	0.994458
chrUn_gl000223	1	1000	180455	0.00554155
chrUn_gl000224	0	175293	179693	0.975514
chrUn_gl000224	1	4250	179693	0.0236515
chrUn_gl000224	2	150	179693	0.000834757
chrUn_gl000225	0	185027	211173	0.876187
chrUn_gl000225	1	22561	211173	0.106837
chrUn_gl000225	2	2995	211173	0.0141827
chrUn_gl000225	3	440	211173	0.0020836
chrUn_gl000225	4	60	211173	0.000284127
chrUn_gl000225	5	29	211173	0.000137328
chrUn_gl000225	6	4	211173	1.89418e-05
chrUn_gl000225	7	4	211173	1.89418e-05
chrUn_gl000225	8	3	211173	1.42064e-05
chrUn_gl000225	9	3	211173	1.42064e-05
chrUn_gl000225	10	4	211173	1.89418e-05
chrUn_gl000225	11	4	211173	1.89418e-05
chrUn_gl000225	12	10	211173	4.73545e-05
chrUn_gl000225	13	8	211173	3.78836e-05
chrUn_gl000225	14	1	211173	4.73545e-06
chrUn_gl000225	15	2	211173	9.47091e-06
chrUn_gl000225	16	17	211173	8.05027e-05
chrUn_gl000225	17	1	211173	4.73545e-06
chrUn_gl000226	0	967	15008	0.0644323
chrUn_gl000226	1	1553	15008	0.103478
chrUn_gl000226	2	2472	15008	0.164712
chrUn_gl000226	3	2617	15008	0.174374
chrUn_gl000226	4	2413	15008	0.160781
chrUn_gl000226	5	2006	15008	0.133662
chrUn_gl000226	6	1304	15008	0.086887
chrUn_gl000226	7	847	15008	0.0564366
chrUn_gl000226	8	356	15008	0.0237207
chrUn_gl000226	9	239	15008	0.0159248
chrUn_gl000226	10	94	15008	0.00626333
chrUn_gl000226	11	49	15008	0.00326493
chrUn_gl000226	12	60	15008	0.00399787
chrUn_gl000226	13	17	15008	0.00113273
chrUn_gl000226	14	14	15008	0.000932836
chrUn_gl000227	0	127074	128374	0.989873
chrUn_gl000227	1	1300	128374	0.0101267
chrUn_gl000228	0	125648	129120	0.97311
chrUn_gl000228	1	3160	129120	0.0244734
chrUn_gl000228	2	233	129120	0.00180452
chrUn_gl000228	3	42	129120	0.000325279
chrUn_gl000228	4	37	129120	0.000286555
chrUn_gl000229	0	18813	19913	0.94476
chrUn_gl000229	1	1050	19913	0.0527294
chrUn_gl000229	2	50	19913	0.00251092
chrUn_gl000230	0	42291	43691	0.967957
chrUn_gl000230	1	1400	43691	0.0320432
chrUn_gl000231	0	26105	27386	0.953224
chrUn_gl000231	1	1212	27386	0.0442562
chrUn_gl000231	2	69	27386	0.00251954
chrUn_gl000232	0	38061	40652	0.936264
chrUn_gl000232	1	2432	40652	0.0598249
chrUn_gl000232	2	159	40652	0.00391125
chrUn_gl000233	0	44929	45941	0.977972
chrUn_gl000233	1	974	45941	0.0212011
chrUn_gl000233	2	38	45941	0.000827148
chrUn_gl000234	0	38094	40531	0.939873
chrUn_gl000234	1	2374	40531	0.0585725
chrUn_gl000234	2	63	40531	0.00155437
chrUn_gl000235	0	32830	34474	0.952312
chrUn_gl000235	1	1588	34474	0.0460637
chrUn_gl000235	2	56	34474	0.00162441
chrUn_gl000236	0	41626	41934	0.992655
chrUn_gl000236	1	266	41934	0.0063433
chrUn_gl000236	2	42	41934	0.00100157
chrUn_gl000237	0	44585	45867	0.97205
chrUn_gl000237	1	1214	45867	0.0264678
chrUn_gl000237	2	68	45867	0.00148255
chrUn_gl000238	0	39626	39939	0.992163
chrUn_gl000238	1	276	39939	0.00691054
chrUn_gl000238	2	37	39939	0.000926413
chrUn_gl000239	0	33374	33824	0.986696
chrUn_gl000239	1	450	33824	0.0133042
chrUn_gl000240	0	40757	41933	0.971955
chrUn_gl000240	1	1152	41933	0.0274724
chrUn_gl000240	2	24	41933	0.000572342
chrUn_gl000241	0	39368	42152	0.933953
chrUn_gl000241	1	2718	42152	0.0644809
chrUn_gl000241	2	66	42152	0.00156576
chrUn_gl000242	0	43073	43523	0.989661
chrUn_gl000242	1	450	43523	0.0103394
chrUn_gl000243	0	42013	43341	0.969359
chrUn_gl000243	1	1306	43341	0.0301331
chrUn_gl000243	2	22	43341	0.000507603
chrUn_gl000244	0	38879	39929	0.973703
chrUn_gl000244	1	1050	39929	0.0262967
chrUn_gl000245	0	35401	36651	0.965895
chrUn_gl000245	1	1250	36651	0.0341055
chrUn_gl000246	0	37854	38154	0.992137
chrUn_gl000246	1	300	38154	0.00786287
chrUn_gl000247	0	35672	36422	0.979408
chrUn_gl000247	1	750	36422	0.020592
chrUn_gl000248	0	39636	39786	0.99623
chrUn_gl000248	1	150	39786	0.00377017
chrUn_gl000249	0	38252	38502	0.993507
chrUn_gl000249	1	250	38502	0.00649317
chr18_gl000207_random	0	4262	4262	1
genome	0	3098144164	3137161264	0.987563
genome	1	38507091	3137161264	0.0122745
genome	2	384732	3137161264	0.000122637
genome	3	46804	3137161264	1.49192e-05
genome	4	25146	3137161264	8.01553e-06
genome	5	15151	3137161264	4.82953e-06
genome	6	9998	3137161264	3.18696e-06
genome	7	6277	3137161264	2.00085e-06
genome	8	4151	3137161264	1.32317e-06
genome	9	3064	3137161264	9.76679e-07
genome	10	2409	3137161264	7.67892e-07
genome	11	1928	3137161264	6.14568e-07
genome	12	1505	3137161264	4.79733e-07
genome	13	1139	3137161264	3.63067e-07
genome	14	877	3137161264	2.79552e-07
genome	15	798	3137161264	2.5437e-07
genome	16	749	3137161264	2.38751e-07
genome	17	586	3137161264	1.86793e-07
genome	18	587	3137161264	1.87112e-07
genome	19	442	3137161264	1.40892e-07
genome	20	433	3137161264	1.38023e-07
genome	21	390	3137161264	1.24316e-07
genome	22	345	3137161264	1.09972e-07
genome	23	292	3137161264	9.30778e-08
genome	24	287	3137161264	9.1484e-08
genome	25	270	3137161264	8.60651e-08
genome	26	212	3137161264	6.7577e-08
genome	27	183	3137161264	5.8333e-08
genome	28	155	3137161264	4.94077e-08
genome	29	153	3137161264	4.87702e-08
genome	30	104	3137161264	3.3151e-08
genome	31	90	3137161264	2.86884e-08
genome	32	104	3137161264	3.3151e-08
genome	33	66	3137161264	2.10381e-08
genome	34	67	3137161264	2.13569e-08
genome	35	55	3137161264	1.75318e-08
genome	36	56	3137161264	1.78505e-08
genome	37	61	3137161264	1.94443e-08
genome	38	46	3137161264	1.46629e-08
genome	39	27	3137161264	8.60651e-09
genome	40	25	3137161264	7.96899e-09
genome	41	36	3137161264	1.14753e-08
genome	42	32	3137161264	1.02003e-08
genome	43	39	3137161264	1.24316e-08
genome	44	39	3137161264	1.24316e-08
genome	45	37	3137161264	1.17941e-08
genome	46	15	3137161264	4.78139e-09
genome	47	6	3137161264	1.91256e-09
genome	48	8	3137161264	2.55008e-09
genome	49	6	3137161264	1.91256e-09
genome	50	4	3137161264	1.27504e-09
genome	51	10	3137161264	3.1876e-09
genome	52	5	3137161264	1.5938e-09
genome	53	2	3137161264	6.37519e-10
genome	54	3	3137161264	9.56279e-10
genome	55	2	3137161264	6.37519e-10
genome	56	1	3137161264	3.1876e-10
