chrM	0	12324	16571	0.743709
chrM	1	3745	16571	0.225997
chrM	2	451	16571	0.0272162
chrM	3	51	16571	0.00307767
chr1	0	245678730	249250621	0.985669
chr1	1	3536518	249250621	0.0141886
chr1	2	33163	249250621	0.000133051
chr1	3	669	249250621	2.68405e-06
chr1	4	141	249250621	5.65696e-07
chr1	5	73	249250621	2.92878e-07
chr1	6	72	249250621	2.88866e-07
chr1	7	38	249250621	1.52457e-07
chr1	8	34	249250621	1.36409e-07
chr1	9	44	249250621	1.76529e-07
chr1	10	17	249250621	6.82044e-08
chr1	11	26	249250621	1.04313e-07
chr1	12	24	249250621	9.62886e-08
chr1	13	34	249250621	1.36409e-07
chr1	14	50	249250621	2.00601e-07
chr1	15	53	249250621	2.12637e-07
chr1	16	34	249250621	1.36409e-07
chr1	17	37	249250621	1.48445e-07
chr1	18	48	249250621	1.92577e-07
chr1	19	40	249250621	1.60481e-07
chr1	20	36	249250621	1.44433e-07
chr1	21	52	249250621	2.08625e-07
chr1	22	40	249250621	1.60481e-07
chr1	23	58	249250621	2.32698e-07
chr1	24	47	249250621	1.88565e-07
chr1	25	27	249250621	1.08325e-07
chr1	26	23	249250621	9.22766e-08
chr1	27	35	249250621	1.40421e-07
chr1	28	31	249250621	1.24373e-07
chr1	29	32	249250621	1.28385e-07
chr1	30	29	249250621	1.16349e-07
chr1	31	17	249250621	6.82044e-08
chr1	32	18	249250621	7.22165e-08
chr1	33	9	249250621	3.61082e-08
chr1	34	9	249250621	3.61082e-08
chr1	35	9	249250621	3.61082e-08
chr1	36	9	249250621	3.61082e-08
chr1	37	8	249250621	3.20962e-08
chr1	38	3	249250621	1.20361e-08
chr1	39	5	249250621	2.00601e-08
chr1	40	7	249250621	2.80842e-08
chr1	41	12	249250621	4.81443e-08
chr1	42	6	249250621	2.40722e-08
chr1	43	4	249250621	1.60481e-08
chr1	44	9	249250621	3.61082e-08
chr1	45	7	249250621	2.80842e-08
chr1	46	6	249250621	2.40722e-08
chr1	47	9	249250621	3.61082e-08
chr1	48	9	249250621	3.61082e-08
chr1	49	10	249250621	4.01203e-08
chr1	50	2	249250621	8.02405e-09
chr1	51	3	249250621	1.20361e-08
chr1	52	3	249250621	1.20361e-08
chr1	53	9	249250621	3.61082e-08
chr1	54	11	249250621	4.41323e-08
chr1	55	10	249250621	4.01203e-08
chr1	56	9	249250621	3.61082e-08
chr1	57	12	249250621	4.81443e-08
chr1	58	16	249250621	6.41924e-08
chr1	59	17	249250621	6.82044e-08
chr1	60	18	249250621	7.22165e-08
chr1	61	21	249250621	8.42525e-08
chr1	62	15	249250621	6.01804e-08
chr1	63	19	249250621	7.62285e-08
chr1	64	21	249250621	8.42525e-08
chr1	65	6	249250621	2.40722e-08
chr1	66	3	249250621	1.20361e-08
chr1	67	1	249250621	4.01203e-09
chr1	68	2	249250621	8.02405e-09
chr1	69	2	249250621	8.02405e-09
chr2	0	240569976	243199373	0.989188
chr2	1	2602015	243199373	0.0106991
chr2	2	20269	243199373	8.33431e-05
chr2	3	3195	243199373	1.31374e-05
chr2	4	1573	243199373	6.46794e-06
chr2	5	823	243199373	3.38405e-06
chr2	6	646	243199373	2.65626e-06
chr2	7	295	243199373	1.213e-06
chr2	8	114	243199373	4.68751e-07
chr2	9	69	243199373	2.83718e-07
chr2	10	119	243199373	4.8931e-07
chr2	11	86	243199373	3.53619e-07
chr2	12	45	243199373	1.85033e-07
chr2	13	29	243199373	1.19244e-07
chr2	14	37	243199373	1.52139e-07
chr2	15	9	243199373	3.70067e-08
chr2	16	24	243199373	9.86845e-08
chr2	17	9	243199373	3.70067e-08
chr2	18	9	243199373	3.70067e-08
chr2	19	9	243199373	3.70067e-08
chr2	20	7	243199373	2.8783e-08
chr2	21	15	243199373	6.16778e-08
chr3	0	195488052	198022430	0.987202
chr3	1	2515011	198022430	0.0127006
chr3	2	19112	198022430	9.65143e-05
chr3	3	145	198022430	7.3224e-07
chr3	4	3	198022430	1.51498e-08
chr3	5	2	198022430	1.00999e-08
chr3	7	6	198022430	3.02996e-08
chr3	8	4	198022430	2.01997e-08
chr3	9	4	198022430	2.01997e-08
chr3	10	3	198022430	1.51498e-08
chr3	11	2	198022430	1.00999e-08
chr3	12	4	198022430	2.01997e-08
chr3	13	6	198022430	3.02996e-08
chr3	14	3	198022430	1.51498e-08
chr3	15	3	198022430	1.51498e-08
chr3	16	2	198022430	1.00999e-08
chr3	17	4	198022430	2.01997e-08
chr3	18	3	198022430	1.51498e-08
chr3	19	2	198022430	1.00999e-08
chr3	20	1	198022430	5.04993e-09
chr3	21	3	198022430	1.51498e-08
chr3	22	3	198022430	1.51498e-08
chr3	23	1	198022430	5.04993e-09
chr3	24	2	198022430	1.00999e-08
chr3	25	1	198022430	5.04993e-09
chr3	26	3	198022430	1.51498e-08
chr3	27	3	198022430	1.51498e-08
chr3	28	1	198022430	5.04993e-09
chr3	29	2	198022430	1.00999e-08
chr3	30	3	198022430	1.51498e-08
chr3	31	4	198022430	2.01997e-08
chr3	32	3	198022430	1.51498e-08
chr3	33	8	198022430	4.03995e-08
chr3	34	9	198022430	4.54494e-08
chr3	35	11	198022430	5.55493e-08
chr3	36	1	198022430	5.04993e-09
chr4	0	189632273	191154276	0.992038
chr4	1	1507854	191154276	0.00788815
chr4	2	10121	191154276	5.29468e-05
chr4	3	1716	191154276	8.97704e-06
chr4	4	961	191154276	5.02735e-06
chr4	5	518	191154276	2.70985e-06
chr4	6	284	191154276	1.48571e-06
chr4	7	258	191154276	1.3497e-06
chr4	8	91	191154276	4.76055e-07
chr4	9	82	191154276	4.28973e-07
chr4	10	81	191154276	4.23742e-07
chr4	11	2	191154276	1.04628e-08
chr4	12	6	191154276	3.13883e-08
chr4	13	14	191154276	7.32393e-08
chr4	14	15	191154276	7.84706e-08
chr5	0	179145186	180915260	0.990216
chr5	1	1760934	180915260	0.00973347
chr5	2	8907	180915260	4.9233e-05
chr5	3	108	180915260	5.96965e-07
chr5	4	47	180915260	2.5979e-07
chr5	5	78	180915260	4.31141e-07
chr6	0	167804030	171115067	0.98065
chr6	1	3217902	171115067	0.0188055
chr6	2	84989	171115067	0.000496677
chr6	3	4296	171115067	2.51059e-05
chr6	4	317	171115067	1.85255e-06
chr6	5	213	171115067	1.24478e-06
chr6	6	163	171115067	9.52575e-07
chr6	7	267	171115067	1.56035e-06
chr6	8	370	171115067	2.16229e-06
chr6	9	277	171115067	1.61879e-06
chr6	10	277	171115067	1.61879e-06
chr6	11	269	171115067	1.57204e-06
chr6	12	285	171115067	1.66555e-06
chr6	13	319	171115067	1.86424e-06
chr6	14	253	171115067	1.47854e-06
chr6	15	245	171115067	1.43178e-06
chr6	16	187	171115067	1.09283e-06
chr6	17	100	171115067	5.84402e-07
chr6	18	115	171115067	6.72062e-07
chr6	19	69	171115067	4.03237e-07
chr6	20	47	171115067	2.74669e-07
chr6	21	30	171115067	1.75321e-07
chr6	22	26	171115067	1.51945e-07
chr6	23	5	171115067	2.92201e-08
chr6	24	2	171115067	1.1688e-08
chr6	25	7	171115067	4.09081e-08
chr6	26	6	171115067	3.50641e-08
chr6	27	1	171115067	5.84402e-09
chr7	0	157111596	159138663	0.987262
chr7	1	2010964	159138663	0.0126366
chr7	2	13731	159138663	8.62832e-05
chr7	3	640	159138663	4.02165e-06
chr7	4	671	159138663	4.21645e-06
chr7	5	429	159138663	2.69576e-06
chr7	6	186	159138663	1.16879e-06
chr7	7	166	159138663	1.04312e-06
chr7	8	84	159138663	5.27842e-07
chr7	9	74	159138663	4.65003e-07
chr7	10	36	159138663	2.26218e-07
chr7	11	49	159138663	3.07908e-07
chr7	12	27	159138663	1.69663e-07
chr7	13	4	159138663	2.51353e-08
chr7	14	6	159138663	3.7703e-08
chr8	0	143060151	146364022	0.977427
chr8	1	3231416	146364022	0.0220779
chr8	2	57067	146364022	0.000389898
chr8	3	4781	146364022	3.26651e-05
chr8	4	3285	146364022	2.2444e-05
chr8	5	2210	146364022	1.50993e-05
chr8	6	1473	146364022	1.00639e-05
chr8	7	991	146364022	6.77079e-06
chr8	8	724	146364022	4.94657e-06
chr8	9	626	146364022	4.27701e-06
chr8	10	432	146364022	2.95155e-06
chr8	11	301	146364022	2.05652e-06
chr8	12	205	146364022	1.40062e-06
chr8	13	55	146364022	3.75775e-07
chr8	14	49	146364022	3.34782e-07
chr8	15	62	146364022	4.23601e-07
chr8	16	48	146364022	3.27949e-07
chr8	17	37	146364022	2.52794e-07
chr8	18	24	146364022	1.63975e-07
chr8	19	34	146364022	2.32298e-07
chr8	20	17	146364022	1.16149e-07
chr8	21	2	146364022	1.36646e-08
chr8	22	2	146364022	1.36646e-08
chr8	23	2	146364022	1.36646e-08
chr8	24	5	146364022	3.41614e-08
chr8	25	4	146364022	2.73291e-08
chr8	26	2	146364022	1.36646e-08
chr8	27	8	146364022	5.46582e-08
chr8	28	4	146364022	2.73291e-08
chr8	29	3	146364022	2.04968e-08
chr8	30	2	146364022	1.36646e-08
chr9	0	139040172	141213431	0.98461
chr9	1	2145969	141213431	0.0151966
chr9	2	26207	141213431	0.000185584
chr9	3	594	141213431	4.2064e-06
chr9	4	207	141213431	1.46587e-06
chr9	5	125	141213431	8.85185e-07
chr9	6	61	141213431	4.3197e-07
chr9	7	25	141213431	1.77037e-07
chr9	8	22	141213431	1.55793e-07
chr9	9	25	141213431	1.77037e-07
chr9	10	24	141213431	1.69956e-07
chr10	0	133906004	135534747	0.987983
chr10	1	1602209	135534747	0.0118214
chr10	2	14221	135534747	0.000104925
chr10	3	2355	135534747	1.73756e-05
chr10	4	1349	135534747	9.95317e-06
chr10	5	1209	135534747	8.92022e-06
chr10	6	840	135534747	6.19767e-06
chr10	7	867	135534747	6.39688e-06
chr10	8	615	135534747	4.53758e-06
chr10	9	533	135534747	3.93257e-06
chr10	10	443	135534747	3.26853e-06
chr10	11	495	135534747	3.6522e-06
chr10	12	442	135534747	3.26116e-06
chr10	13	331	135534747	2.44218e-06
chr10	14	241	135534747	1.77814e-06
chr10	15	196	135534747	1.44612e-06
chr10	16	258	135534747	1.90357e-06
chr10	17	209	135534747	1.54204e-06
chr10	18	175	135534747	1.29118e-06
chr10	19	184	135534747	1.35759e-06
chr10	20	221	135534747	1.63058e-06
chr10	21	177	135534747	1.30594e-06
chr10	22	170	135534747	1.25429e-06
chr10	23	124	135534747	9.14894e-07
chr10	24	133	135534747	9.81298e-07
chr10	25	99	135534747	7.3044e-07
chr10	26	104	135534747	7.67331e-07
chr10	27	86	135534747	6.34524e-07
chr10	28	59	135534747	4.35313e-07
chr10	29	46	135534747	3.39396e-07
chr10	30	45	135534747	3.32018e-07
chr10	31	43	135534747	3.17262e-07
chr10	32	40	135534747	2.95127e-07
chr10	33	34	135534747	2.50858e-07
chr10	34	43	135534747	3.17262e-07
chr10	35	22	135534747	1.6232e-07
chr10	36	34	135534747	2.50858e-07
chr10	37	30	135534747	2.21345e-07
chr10	38	17	135534747	1.25429e-07
chr10	39	17	135534747	1.25429e-07
chr10	40	12	135534747	8.85382e-08
chr10	41	3	135534747	2.21345e-08
chr10	42	1	135534747	7.37818e-09
chr10	43	3	135534747	2.21345e-08
chr10	44	8	135534747	5.90255e-08
chr11	0	132644683	135006516	0.982506
chr11	1	2337312	135006516	0.0173126
chr11	2	22534	135006516	0.00016691
chr11	3	867	135006516	6.42191e-06
chr11	4	272	135006516	2.01472e-06
chr11	5	159	135006516	1.17772e-06
chr11	6	247	135006516	1.82954e-06
chr11	7	137	135006516	1.01477e-06
chr11	8	119	135006516	8.81439e-07
chr11	9	67	135006516	4.96272e-07
chr11	10	38	135006516	2.81468e-07
chr11	11	26	135006516	1.92583e-07
chr11	12	27	135006516	1.9999e-07
chr11	13	5	135006516	3.70352e-08
chr11	14	10	135006516	7.40705e-08
chr11	15	13	135006516	9.62917e-08
chr12	0	132406131	133851895	0.989199
chr12	1	1438124	133851895	0.0107441
chr12	2	7442	133851895	5.55988e-05
chr12	3	105	133851895	7.84449e-07
chr12	4	14	133851895	1.04593e-07
chr12	5	53	133851895	3.9596e-07
chr12	6	26	133851895	1.94245e-07
chr13	0	113728730	115169878	0.987487
chr13	1	1431522	115169878	0.0124297
chr13	2	9550	115169878	8.2921e-05
chr13	3	76	115169878	6.59895e-07
chr14	0	106221600	107349540	0.989493
chr14	1	1121783	107349540	0.0104498
chr14	2	6154	107349540	5.73267e-05
chr14	3	3	107349540	2.79461e-08
chr15	0	101756281	102531392	0.99244
chr15	1	770844	102531392	0.00751813
chr15	2	4245	102531392	4.1402e-05
chr15	3	22	102531392	2.14568e-07
chr16	0	89138733	90354753	0.986542
chr16	1	1173241	90354753	0.0129848
chr16	2	13475	90354753	0.000149134
chr16	3	4548	90354753	5.03349e-05
chr16	4	3609	90354753	3.99426e-05
chr16	5	3672	90354753	4.06398e-05
chr16	6	3172	90354753	3.51061e-05
chr16	7	3037	90354753	3.3612e-05
chr16	8	2624	90354753	2.90411e-05
chr16	9	2204	90354753	2.43927e-05
chr16	10	2022	90354753	2.23785e-05
chr16	11	1436	90354753	1.58929e-05
chr16	12	1009	90354753	1.11671e-05
chr16	13	622	90354753	6.88398e-06
chr16	14	415	90354753	4.59301e-06
chr16	15	311	90354753	3.44199e-06
chr16	16	208	90354753	2.30204e-06
chr16	17	120	90354753	1.3281e-06
chr16	18	103	90354753	1.13995e-06
chr16	19	72	90354753	7.96859e-07
chr16	20	41	90354753	4.53767e-07
chr16	21	41	90354753	4.53767e-07
chr16	22	30	90354753	3.32025e-07
chr16	23	8	90354753	8.85399e-08
chr17	0	80435120	81195210	0.990639
chr17	1	753134	81195210	0.0092756
chr17	2	6049	81195210	7.44995e-05
chr17	3	457	81195210	5.62841e-06
chr17	4	215	81195210	2.64794e-06
chr17	5	136	81195210	1.67498e-06
chr17	6	44	81195210	5.41904e-07
chr17	7	47	81195210	5.78852e-07
chr17	8	8	81195210	9.8528e-08
chr18	0	77131337	78077248	0.987885
chr18	1	937918	78077248	0.0120127
chr18	2	6722	78077248	8.60942e-05
chr18	3	388	78077248	4.96944e-06
chr18	4	145	78077248	1.85714e-06
chr18	5	88	78077248	1.12709e-06
chr18	6	98	78077248	1.25517e-06
chr18	7	121	78077248	1.54975e-06
chr18	8	114	78077248	1.46009e-06
chr18	9	108	78077248	1.38325e-06
chr18	10	58	78077248	7.42854e-07
chr18	11	65	78077248	8.32509e-07
chr18	12	14	78077248	1.7931e-07
chr18	13	12	78077248	1.53694e-07
chr18	14	9	78077248	1.1527e-07
chr18	15	11	78077248	1.40886e-07
chr18	16	7	78077248	8.96548e-08
chr18	17	5	78077248	6.40391e-08
chr18	18	9	78077248	1.1527e-07
chr18	19	15	78077248	1.92117e-07
chr18	20	3	78077248	3.84235e-08
chr18	21	1	78077248	1.28078e-08
chr19	0	58529052	59128983	0.989854
chr19	1	593024	59128983	0.0100293
chr19	2	4405	59128983	7.44982e-05
chr19	3	601	59128983	1.01642e-05
chr19	4	252	59128983	4.26187e-06
chr19	5	197	59128983	3.3317e-06
chr19	6	202	59128983	3.41626e-06
chr19	7	135	59128983	2.28314e-06
chr19	8	124	59128983	2.09711e-06
chr19	9	191	59128983	3.23023e-06
chr19	10	130	59128983	2.19858e-06
chr19	11	96	59128983	1.62357e-06
chr19	12	67	59128983	1.13312e-06
chr19	13	63	59128983	1.06547e-06
chr19	14	58	59128983	9.80906e-07
chr19	15	75	59128983	1.26841e-06
chr19	16	15	59128983	2.53683e-07
chr19	17	18	59128983	3.04419e-07
chr19	18	31	59128983	5.24278e-07
chr19	19	16	59128983	2.70595e-07
chr19	20	31	59128983	5.24278e-07
chr19	21	11	59128983	1.86034e-07
chr19	22	7	59128983	1.18385e-07
chr19	23	10	59128983	1.69122e-07
chr19	24	3	59128983	5.07365e-08
chr19	25	9	59128983	1.5221e-07
chr19	26	7	59128983	1.18385e-07
chr19	27	6	59128983	1.01473e-07
chr19	28	20	59128983	3.38244e-07
chr19	29	15	59128983	2.53683e-07
chr19	30	9	59128983	1.5221e-07
chr19	31	15	59128983	2.53683e-07
chr19	32	10	59128983	1.69122e-07
chr19	33	11	59128983	1.86034e-07
chr19	34	11	59128983	1.86034e-07
chr19	35	8	59128983	1.35297e-07
chr19	36	5	59128983	8.45609e-08
chr19	37	1	59128983	1.69122e-08
chr19	38	9	59128983	1.5221e-07
chr19	39	11	59128983	1.86034e-07
chr19	40	9	59128983	1.5221e-07
chr19	41	9	59128983	1.5221e-07
chr19	42	4	59128983	6.76487e-08
chr20	0	61955709	63025520	0.983026
chr20	1	1058738	63025520	0.0167986
chr20	2	10695	63025520	0.000169693
chr20	3	291	63025520	4.61718e-06
chr20	4	42	63025520	6.66397e-07
chr20	5	39	63025520	6.18797e-07
chr20	6	6	63025520	9.51995e-08
chr21	0	47473883	48129895	0.98637
chr21	1	647890	48129895	0.0134613
chr21	2	7457	48129895	0.000154935
chr21	3	433	48129895	8.99649e-06
chr21	4	92	48129895	1.91149e-06
chr21	5	24	48129895	4.98651e-07
chr21	6	13	48129895	2.70102e-07
chr21	7	5	48129895	1.03886e-07
chr21	8	7	48129895	1.4544e-07
chr21	9	9	48129895	1.86994e-07
chr21	10	9	48129895	1.86994e-07
chr21	11	14	48129895	2.90879e-07
chr21	12	24	48129895	4.98651e-07
chr21	13	2	48129895	4.15542e-08
chr21	14	9	48129895	1.86994e-07
chr21	15	13	48129895	2.70102e-07
chr21	16	7	48129895	1.4544e-07
chr21	17	4	48129895	8.31084e-08
chr22	0	50937624	51304566	0.992848
chr22	1	364993	51304566	0.00711424
chr22	2	1890	51304566	3.68388e-05
chr22	3	2	51304566	3.89829e-08
chr22	4	3	51304566	5.84743e-08
chr22	5	1	51304566	1.94914e-08
chr22	6	3	51304566	5.84743e-08
chr22	7	3	51304566	5.84743e-08
chr22	8	1	51304566	1.94914e-08
chr22	9	3	51304566	5.84743e-08
chr22	10	2	51304566	3.89829e-08
chr22	11	2	51304566	3.89829e-08
chr22	12	19	51304566	3.70337e-07
chr22	13	20	51304566	3.89829e-07
chrX	0	153977891	155270560	0.991675
chrX	1	1283837	155270560	0.00826839
chrX	2	8071	155270560	5.19802e-05
chrX	3	551	155270560	3.54864e-06
chrX	4	182	155270560	1.17215e-06
chrX	5	28	155270560	1.8033e-07
chrY	0	59311424	59373566	0.998953
chrY	1	56904	59373566	0.000958406
chrY	2	3133	59373566	5.27676e-05
chrY	3	1029	59373566	1.73309e-05
chrY	4	368	59373566	6.19804e-06
chrY	5	159	59373566	2.67796e-06
chrY	6	210	59373566	3.53693e-06
chrY	7	166	59373566	2.79586e-06
chrY	8	62	59373566	1.04424e-06
chrY	9	19	59373566	3.20008e-07
chrY	10	6	59373566	1.01055e-07
chrY	11	11	59373566	1.85268e-07
chrY	12	7	59373566	1.17898e-07
chrY	13	4	59373566	6.737e-08
chrY	14	7	59373566	1.17898e-07
chrY	15	12	59373566	2.0211e-07
chrY	16	23	59373566	3.87378e-07
chrY	17	22	59373566	3.70535e-07
chr1_gl000191_random	0	105833	106433	0.994363
chr1_gl000191_random	1	600	106433	0.00563735
chr1_gl000192_random	0	537034	547496	0.980891
chr1_gl000192_random	1	10424	547496	0.0190394
chr1_gl000192_random	2	38	547496	6.94069e-05
chr4_ctg9_hap1	0	588226	590426	0.996274
chr4_ctg9_hap1	1	2200	590426	0.00372612
chr4_gl000193_random	0	185903	189789	0.979525
chr4_gl000193_random	1	3822	189789	0.0201382
chr4_gl000193_random	2	64	189789	0.000337217
chr4_gl000194_random	0	187489	191469	0.979213
chr4_gl000194_random	1	3960	191469	0.0206822
chr4_gl000194_random	2	20	191469	0.000104456
chr6_apd_hap1	0	4616790	4622290	0.99881
chr6_apd_hap1	1	5500	4622290	0.00118989
chr6_cox_hap2	0	4781771	4795371	0.997164
chr6_cox_hap2	1	13600	4795371	0.00283607
chr6_dbb_hap3	0	4600646	4610396	0.997885
chr6_dbb_hap3	1	9750	4610396	0.00211479
chr6_mann_hap4	0	4674051	4683263	0.998033
chr6_mann_hap4	1	9174	4683263	0.00195889
chr6_mann_hap4	2	38	4683263	8.114e-06
chr6_mcf_hap5	0	4824348	4833398	0.998128
chr6_mcf_hap5	1	9050	4833398	0.00187239
chr6_qbl_hap6	0	4602822	4611984	0.998013
chr6_qbl_hap6	1	9074	4611984	0.00196748
chr6_qbl_hap6	2	88	4611984	1.90807e-05
chr6_ssto_hap7	0	4919467	4928567	0.998154
chr6_ssto_hap7	1	9100	4928567	0.00184638
chr7_gl000195_random	0	175872	182896	0.961596
chr7_gl000195_random	1	6948	182896	0.0379888
chr7_gl000195_random	2	76	182896	0.000415537
chr8_gl000196_random	0	38464	38914	0.988436
chr8_gl000196_random	1	450	38914	0.011564
chr8_gl000197_random	0	37025	37175	0.995965
chr8_gl000197_random	1	150	37175	0.00403497
chr9_gl000198_random	0	87380	90085	0.969973
chr9_gl000198_random	1	2610	90085	0.0289726
chr9_gl000198_random	2	95	90085	0.00105456
chr9_gl000199_random	0	144384	169874	0.849948
chr9_gl000199_random	1	19954	169874	0.117464
chr9_gl000199_random	2	4048	169874	0.0238294
chr9_gl000199_random	3	800	169874	0.00470937
chr9_gl000199_random	4	229	169874	0.00134806
chr9_gl000199_random	5	105	169874	0.000618105
chr9_gl000199_random	6	157	169874	0.000924214
chr9_gl000199_random	7	57	169874	0.000335543
chr9_gl000199_random	8	42	169874	0.000247242
chr9_gl000199_random	9	8	169874	4.70937e-05
chr9_gl000199_random	10	5	169874	2.94336e-05
chr9_gl000199_random	11	26	169874	0.000153055
chr9_gl000199_random	12	22	169874	0.000129508
chr9_gl000199_random	13	1	169874	5.88672e-06
chr9_gl000199_random	14	2	169874	1.17734e-05
chr9_gl000199_random	15	14	169874	8.2414e-05
chr9_gl000199_random	16	6	169874	3.53203e-05
chr9_gl000199_random	17	2	169874	1.17734e-05
chr9_gl000199_random	18	5	169874	2.94336e-05
chr9_gl000199_random	19	1	169874	5.88672e-06
chr9_gl000199_random	20	6	169874	3.53203e-05
chr9_gl000200_random	0	185627	187035	0.992472
chr9_gl000200_random	1	1366	187035	0.00730345
chr9_gl000200_random	2	42	187035	0.000224557
chr9_gl000201_random	0	36048	36148	0.997234
chr9_gl000201_random	1	100	36148	0.0027664
chr11_gl000202_random	0	39803	40103	0.992519
chr11_gl000202_random	1	300	40103	0.00748074
chr17_ctg5_hap1	0	1676678	1680828	0.997531
chr17_ctg5_hap1	1	4150	1680828	0.00246902
chr17_gl000203_random	0	36949	37498	0.985359
chr17_gl000203_random	1	548	37498	0.0146141
chr17_gl000203_random	2	1	37498	2.66681e-05
chr17_gl000204_random	0	80960	81310	0.995695
chr17_gl000204_random	1	350	81310	0.00430451
chr17_gl000205_random	0	168094	174588	0.962804
chr17_gl000205_random	1	6388	174588	0.036589
chr17_gl000205_random	2	106	174588	0.000607144
chr17_gl000206_random	0	40851	41001	0.996342
chr17_gl000206_random	1	150	41001	0.00365845
chr19_gl000208_random	0	87894	92689	0.948268
chr19_gl000208_random	1	4290	92689	0.0462838
chr19_gl000208_random	2	343	92689	0.00370055
chr19_gl000208_random	3	113	92689	0.00121913
chr19_gl000208_random	4	24	92689	0.00025893
chr19_gl000208_random	5	11	92689	0.000118676
chr19_gl000208_random	6	14	92689	0.000151043
chr19_gl000209_random	0	158569	159169	0.99623
chr19_gl000209_random	1	600	159169	0.00376958
chr21_gl000210_random	0	27332	27682	0.987356
chr21_gl000210_random	1	350	27682	0.0126436
chrUn_gl000211	0	162826	166566	0.977546
chrUn_gl000211	1	3680	166566	0.0220933
chrUn_gl000211	2	60	166566	0.000360218
chrUn_gl000212	0	184558	186858	0.987691
chrUn_gl000212	1	2300	186858	0.0123088
chrUn_gl000213	0	162217	164239	0.987689
chrUn_gl000213	1	1944	164239	0.0118364
chrUn_gl000213	2	78	164239	0.000474918
chrUn_gl000214	0	127365	137718	0.924825
chrUn_gl000214	1	8620	137718	0.0625917
chrUn_gl000214	2	1373	137718	0.00996965
chrUn_gl000214	3	356	137718	0.00258499
chrUn_gl000214	4	4	137718	2.90449e-05
chrUn_gl000215	0	171095	172545	0.991596
chrUn_gl000215	1	1450	172545	0.0084036
chrUn_gl000216	0	157878	172294	0.916329
chrUn_gl000216	1	11918	172294	0.0691725
chrUn_gl000216	2	1682	172294	0.00976238
chrUn_gl000216	3	455	172294	0.00264083
chrUn_gl000216	4	83	172294	0.000481735
chrUn_gl000216	5	102	172294	0.000592011
chrUn_gl000216	6	76	172294	0.000441106
chrUn_gl000216	7	34	172294	0.000197337
chrUn_gl000216	8	27	172294	0.000156709
chrUn_gl000216	9	39	172294	0.000226357
chrUn_gl000217	0	168472	172149	0.978641
chrUn_gl000217	1	3604	172149	0.0209354
chrUn_gl000217	2	73	172149	0.000424051
chrUn_gl000218	0	157869	161147	0.979658
chrUn_gl000218	1	3256	161147	0.0202052
chrUn_gl000218	2	22	161147	0.000136521
chrUn_gl000219	0	173076	179198	0.965837
chrUn_gl000219	1	5998	179198	0.0334714
chrUn_gl000219	2	120	179198	0.00066965
chrUn_gl000219	3	4	179198	2.23217e-05
chrUn_gl000220	0	110574	161802	0.683391
chrUn_gl000220	1	18785	161802	0.116099
chrUn_gl000220	2	10885	161802	0.0672736
chrUn_gl000220	3	8021	161802	0.0495729
chrUn_gl000220	4	5464	161802	0.0337697
chrUn_gl000220	5	3748	161802	0.0231641
chrUn_gl000220	6	2066	161802	0.0127687
chrUn_gl000220	7	1190	161802	0.00735467
chrUn_gl000220	8	566	161802	0.0034981
chrUn_gl000220	9	323	161802	0.00199627
chrUn_gl000220	10	113	161802	0.000698384
chrUn_gl000220	11	31	161802	0.000191592
chrUn_gl000220	12	21	161802	0.000129788
chrUn_gl000220	13	8	161802	4.94431e-05
chrUn_gl000220	14	7	161802	4.32628e-05
chrUn_gl000221	0	151334	155397	0.973854
chrUn_gl000221	1	3976	155397	0.0255861
chrUn_gl000221	2	87	155397	0.000559856
chrUn_gl000222	0	185022	186861	0.990158
chrUn_gl000222	1	1828	186861	0.00978267
chrUn_gl000222	2	11	186861	5.88673e-05
chrUn_gl000223	0	179605	180455	0.99529
chrUn_gl000223	1	850	180455	0.00471032
chrUn_gl000224	0	169564	179693	0.943632
chrUn_gl000224	1	8798	179693	0.0489613
chrUn_gl000224	2	1158	179693	0.00644432
chrUn_gl000224	3	156	179693	0.000868147
chrUn_gl000224	4	17	179693	9.46058e-05
chrUn_gl000225	0	192684	211173	0.912446
chrUn_gl000225	1	15437	211173	0.0731012
chrUn_gl000225	2	2346	211173	0.0111094
chrUn_gl000225	3	450	211173	0.00213095
chrUn_gl000225	4	121	211173	0.00057299
chrUn_gl000225	5	17	211173	8.05027e-05
chrUn_gl000225	6	12	211173	5.68254e-05
chrUn_gl000225	7	33	211173	0.00015627
chrUn_gl000225	8	28	211173	0.000132593
chrUn_gl000225	9	2	211173	9.47091e-06
chrUn_gl000225	10	3	211173	1.42064e-05
chrUn_gl000225	11	3	211173	1.42064e-05
chrUn_gl000225	12	37	211173	0.000175212
chrUn_gl000226	0	1341	15008	0.0893523
chrUn_gl000226	1	1918	15008	0.127799
chrUn_gl000226	2	2390	15008	0.159248
chrUn_gl000226	3	2509	15008	0.167177
chrUn_gl000226	4	1969	15008	0.131197
chrUn_gl000226	5	1689	15008	0.11254
chrUn_gl000226	6	1064	15008	0.0708955
chrUn_gl000226	7	614	15008	0.0409115
chrUn_gl000226	8	538	15008	0.0358475
chrUn_gl000226	9	336	15008	0.0223881
chrUn_gl000226	10	246	15008	0.0163913
chrUn_gl000226	11	164	15008	0.0109275
chrUn_gl000226	12	97	15008	0.00646322
chrUn_gl000226	13	60	15008	0.00399787
chrUn_gl000226	14	34	15008	0.00226546
chrUn_gl000226	15	24	15008	0.00159915
chrUn_gl000226	16	7	15008	0.000466418
chrUn_gl000226	17	6	15008	0.000399787
chrUn_gl000226	18	2	15008	0.000133262
chrUn_gl000227	0	127474	128374	0.992989
chrUn_gl000227	1	900	128374	0.00701077
chrUn_gl000228	0	126956	129120	0.98324
chrUn_gl000228	1	1892	129120	0.014653
chrUn_gl000228	2	186	129120	0.00144052
chrUn_gl000228	3	28	129120	0.000216853
chrUn_gl000228	4	43	129120	0.000333024
chrUn_gl000228	5	10	129120	7.74473e-05
chrUn_gl000228	6	5	129120	3.87237e-05
chrUn_gl000229	0	19213	19913	0.964847
chrUn_gl000229	1	700	19913	0.0351529
chrUn_gl000230	0	42691	43691	0.977112
chrUn_gl000230	1	1000	43691	0.022888
chrUn_gl000231	0	26378	27386	0.963193
chrUn_gl000231	1	966	27386	0.0352735
chrUn_gl000231	2	42	27386	0.00153363
chrUn_gl000232	0	38672	40652	0.951294
chrUn_gl000232	1	1960	40652	0.0482141
chrUn_gl000232	2	20	40652	0.000491981
chrUn_gl000233	0	44891	45941	0.977145
chrUn_gl000233	1	1050	45941	0.0228554
chrUn_gl000234	0	39044	40531	0.963312
chrUn_gl000234	1	1424	40531	0.0351336
chrUn_gl000234	2	63	40531	0.00155437
chrUn_gl000235	0	32437	34474	0.940912
chrUn_gl000235	1	1974	34474	0.0572605
chrUn_gl000235	2	63	34474	0.00182746
chrUn_gl000236	0	41484	41934	0.989269
chrUn_gl000236	1	450	41934	0.0107311
chrUn_gl000237	0	44221	45867	0.964114
chrUn_gl000237	1	1642	45867	0.0357992
chrUn_gl000237	2	4	45867	8.72087e-05
chrUn_gl000238	0	39589	39939	0.991237
chrUn_gl000238	1	350	39939	0.00876336
chrUn_gl000239	0	32824	33824	0.970435
chrUn_gl000239	1	1000	33824	0.0295648
chrUn_gl000240	0	40883	41933	0.97496
chrUn_gl000240	1	1050	41933	0.0250399
chrUn_gl000241	0	39952	42152	0.947808
chrUn_gl000241	1	2200	42152	0.0521921
chrUn_gl000242	0	43323	43523	0.995405
chrUn_gl000242	1	200	43523	0.00459527
chrUn_gl000243	0	42404	43341	0.978381
chrUn_gl000243	1	842	43341	0.0194273
chrUn_gl000243	2	77	43341	0.00177661
chrUn_gl000243	3	18	43341	0.000415311
chrUn_gl000244	0	39179	39929	0.981217
chrUn_gl000244	1	750	39929	0.0187833
chrUn_gl000245	0	35591	36651	0.971079
chrUn_gl000245	1	1020	36651	0.0278301
chrUn_gl000245	2	40	36651	0.00109138
chrUn_gl000247	0	35872	36422	0.984899
chrUn_gl000247	1	550	36422	0.0151008
chrUn_gl000248	0	39536	39786	0.993716
chrUn_gl000248	1	250	39786	0.00628362
chrUn_gl000249	0	38402	38502	0.997403
chrUn_gl000249	1	100	38502	0.00259727
chr18_gl000207_random	0	4262	4262	1
chrUn_gl000246	0	38154	38154	1
genome	0	3098251914	3137161264	0.987597
genome	1	38355391	3137161264	0.0122261
genome	2	425799	3137161264	0.000135727
genome	3	40833	3137161264	1.30159e-05
genome	4	21702	3137161264	6.91772e-06
genome	5	15918	3137161264	5.07401e-06
genome	6	11140	3137161264	3.55098e-06
genome	7	8492	3137161264	2.70691e-06
genome	8	6318	3137161264	2.01392e-06
genome	9	5043	3137161264	1.6075e-06
genome	10	4064	3137161264	1.29544e-06
genome	11	3104	3137161264	9.8943e-07
genome	12	2382	3137161264	7.59285e-07
genome	13	1589	3137161264	5.06509e-07
genome	14	1205	3137161264	3.84105e-07
genome	15	1041	3137161264	3.31829e-07
genome	16	826	3137161264	2.63295e-07
genome	17	573	3137161264	1.82649e-07
genome	18	524	3137161264	1.6703e-07
genome	19	442	3137161264	1.40892e-07
genome	20	410	3137161264	1.30691e-07
genome	21	332	3137161264	1.05828e-07
genome	22	278	3137161264	8.86151e-08
genome	23	208	3137161264	6.6302e-08
genome	24	192	3137161264	6.12018e-08
genome	25	147	3137161264	4.68577e-08
genome	26	145	3137161264	4.62201e-08
genome	27	139	3137161264	4.43076e-08
genome	28	115	3137161264	3.66573e-08
genome	29	98	3137161264	3.12384e-08
genome	30	88	3137161264	2.80508e-08
genome	31	79	3137161264	2.5182e-08
genome	32	71	3137161264	2.26319e-08
genome	33	62	3137161264	1.97631e-08
genome	34	72	3137161264	2.29507e-08
genome	35	50	3137161264	1.5938e-08
genome	36	49	3137161264	1.56192e-08
genome	37	39	3137161264	1.24316e-08
genome	38	29	3137161264	9.24403e-09
genome	39	33	3137161264	1.05191e-08
genome	40	28	3137161264	8.92527e-09
genome	41	24	3137161264	7.65023e-09
genome	42	11	3137161264	3.50635e-09
genome	43	7	3137161264	2.23132e-09
genome	44	17	3137161264	5.41891e-09
genome	45	7	3137161264	2.23132e-09
genome	46	6	3137161264	1.91256e-09
genome	47	9	3137161264	2.86884e-09
genome	48	9	3137161264	2.86884e-09
genome	49	10	3137161264	3.1876e-09
genome	50	2	3137161264	6.37519e-10
genome	51	3	3137161264	9.56279e-10
genome	52	3	3137161264	9.56279e-10
genome	53	9	3137161264	2.86884e-09
genome	54	11	3137161264	3.50635e-09
genome	55	10	3137161264	3.1876e-09
genome	56	9	3137161264	2.86884e-09
genome	57	12	3137161264	3.82511e-09
genome	58	16	3137161264	5.10015e-09
genome	59	17	3137161264	5.41891e-09
genome	60	18	3137161264	5.73767e-09
genome	61	21	3137161264	6.69395e-09
genome	62	15	3137161264	4.78139e-09
genome	63	19	3137161264	6.05643e-09
genome	64	21	3137161264	6.69395e-09
genome	65	6	3137161264	1.91256e-09
genome	66	3	3137161264	9.56279e-10
genome	67	1	3137161264	3.1876e-10
genome	68	2	3137161264	6.37519e-10
genome	69	2	3137161264	6.37519e-10
