chrM	0	9258	16571	0.558687
chrM	1	5341	16571	0.32231
chrM	2	1569	16571	0.0946835
chrM	3	341	16571	0.0205781
chrM	4	62	16571	0.00374148
chr1	0	245105417	249250621	0.983369
chr1	1	4089721	249250621	0.0164081
chr1	2	52872	249250621	0.000212124
chr1	3	926	249250621	3.71514e-06
chr1	4	226	249250621	9.06718e-07
chr1	5	167	249250621	6.70008e-07
chr1	6	37	249250621	1.48445e-07
chr1	7	76	249250621	3.04914e-07
chr1	8	35	249250621	1.40421e-07
chr1	9	68	249250621	2.72818e-07
chr1	10	45	249250621	1.80541e-07
chr1	11	37	249250621	1.48445e-07
chr1	12	47	249250621	1.88565e-07
chr1	13	21	249250621	8.42525e-08
chr1	14	27	249250621	1.08325e-07
chr1	15	15	249250621	6.01804e-08
chr1	16	50	249250621	2.00601e-07
chr1	17	55	249250621	2.20661e-07
chr1	18	46	249250621	1.84553e-07
chr1	19	65	249250621	2.60782e-07
chr1	20	52	249250621	2.08625e-07
chr1	21	53	249250621	2.12637e-07
chr1	22	52	249250621	2.08625e-07
chr1	23	44	249250621	1.76529e-07
chr1	24	27	249250621	1.08325e-07
chr1	25	22	249250621	8.82646e-08
chr1	26	12	249250621	4.81443e-08
chr1	27	15	249250621	6.01804e-08
chr1	28	14	249250621	5.61684e-08
chr1	29	10	249250621	4.01203e-08
chr1	30	7	249250621	2.80842e-08
chr1	31	15	249250621	6.01804e-08
chr1	32	9	249250621	3.61082e-08
chr1	33	17	249250621	6.82044e-08
chr1	34	12	249250621	4.81443e-08
chr1	35	24	249250621	9.62886e-08
chr1	36	9	249250621	3.61082e-08
chr1	37	9	249250621	3.61082e-08
chr1	38	12	249250621	4.81443e-08
chr1	39	13	249250621	5.21563e-08
chr1	40	12	249250621	4.81443e-08
chr1	41	8	249250621	3.20962e-08
chr1	42	6	249250621	2.40722e-08
chr1	43	6	249250621	2.40722e-08
chr1	44	6	249250621	2.40722e-08
chr1	45	4	249250621	1.60481e-08
chr1	46	14	249250621	5.61684e-08
chr1	47	10	249250621	4.01203e-08
chr1	48	11	249250621	4.41323e-08
chr1	49	11	249250621	4.41323e-08
chr1	50	12	249250621	4.81443e-08
chr1	51	16	249250621	6.41924e-08
chr1	52	18	249250621	7.22165e-08
chr1	53	36	249250621	1.44433e-07
chr1	54	22	249250621	8.82646e-08
chr1	55	22	249250621	8.82646e-08
chr1	56	12	249250621	4.81443e-08
chr1	57	6	249250621	2.40722e-08
chr1	58	8	249250621	3.20962e-08
chr2	0	240510385	243199373	0.988943
chr2	1	2660472	243199373	0.0109395
chr2	2	21904	243199373	9.0066e-05
chr2	3	2905	243199373	1.19449e-05
chr2	4	1678	243199373	6.89969e-06
chr2	5	808	243199373	3.32238e-06
chr2	6	546	243199373	2.24507e-06
chr2	7	214	243199373	8.79936e-07
chr2	8	161	243199373	6.62008e-07
chr2	9	53	243199373	2.17928e-07
chr2	10	76	243199373	3.12501e-07
chr2	11	29	243199373	1.19244e-07
chr2	12	22	243199373	9.04608e-08
chr2	13	16	243199373	6.57896e-08
chr2	14	63	243199373	2.59047e-07
chr2	15	1	243199373	4.11185e-09
chr2	16	3	243199373	1.23356e-08
chr2	17	3	243199373	1.23356e-08
chr2	18	2	243199373	8.22371e-09
chr2	19	1	243199373	4.11185e-09
chr2	20	9	243199373	3.70067e-08
chr2	21	2	243199373	8.22371e-09
chr2	22	20	243199373	8.22371e-08
chr3	0	195850694	198022430	0.989033
chr3	1	2159279	198022430	0.0109042
chr3	2	12248	198022430	6.18516e-05
chr3	3	98	198022430	4.94893e-07
chr3	4	6	198022430	3.02996e-08
chr3	5	6	198022430	3.02996e-08
chr3	6	4	198022430	2.01997e-08
chr3	7	3	198022430	1.51498e-08
chr3	8	3	198022430	1.51498e-08
chr3	9	2	198022430	1.00999e-08
chr3	10	3	198022430	1.51498e-08
chr3	11	1	198022430	5.04993e-09
chr3	12	4	198022430	2.01997e-08
chr3	13	2	198022430	1.00999e-08
chr3	14	3	198022430	1.51498e-08
chr3	15	3	198022430	1.51498e-08
chr3	16	2	198022430	1.00999e-08
chr3	17	5	198022430	2.52497e-08
chr3	18	4	198022430	2.01997e-08
chr3	19	3	198022430	1.51498e-08
chr3	20	2	198022430	1.00999e-08
chr3	21	4	198022430	2.01997e-08
chr3	22	2	198022430	1.00999e-08
chr3	23	4	198022430	2.01997e-08
chr3	24	2	198022430	1.00999e-08
chr3	25	3	198022430	1.51498e-08
chr3	26	5	198022430	2.52497e-08
chr3	27	7	198022430	3.53495e-08
chr3	28	6	198022430	3.02996e-08
chr3	29	3	198022430	1.51498e-08
chr3	30	3	198022430	1.51498e-08
chr3	31	1	198022430	5.04993e-09
chr3	32	3	198022430	1.51498e-08
chr3	33	1	198022430	5.04993e-09
chr3	34	4	198022430	2.01997e-08
chr3	35	3	198022430	1.51498e-08
chr3	36	4	198022430	2.01997e-08
chr4	0	189599693	191154276	0.991867
chr4	1	1539844	191154276	0.0080555
chr4	2	10896	191154276	5.70011e-05
chr4	3	2059	191154276	1.07714e-05
chr4	4	694	191154276	3.63058e-06
chr4	5	515	191154276	2.69416e-06
chr4	6	323	191154276	1.68973e-06
chr4	7	128	191154276	6.69616e-07
chr4	8	83	191154276	4.34204e-07
chr4	9	5	191154276	2.61569e-08
chr4	10	3	191154276	1.56941e-08
chr4	11	33	191154276	1.72635e-07
chr5	0	179116322	180915260	0.990056
chr5	1	1788664	180915260	0.00988675
chr5	2	10003	180915260	5.52911e-05
chr5	3	177	180915260	9.78359e-07
chr5	4	8	180915260	4.42196e-08
chr5	5	49	180915260	2.70845e-07
chr5	6	37	180915260	2.04516e-07
chr6	0	167929812	171115067	0.981385
chr6	1	3089870	171115067	0.0180573
chr6	2	85824	171115067	0.000501557
chr6	3	5360	171115067	3.1324e-05
chr6	4	612	171115067	3.57654e-06
chr6	5	297	171115067	1.73567e-06
chr6	6	284	171115067	1.6597e-06
chr6	7	204	171115067	1.19218e-06
chr6	8	260	171115067	1.51945e-06
chr6	9	297	171115067	1.73567e-06
chr6	10	293	171115067	1.7123e-06
chr6	11	282	171115067	1.64801e-06
chr6	12	349	171115067	2.03956e-06
chr6	13	328	171115067	1.91684e-06
chr6	14	277	171115067	1.61879e-06
chr6	15	247	171115067	1.44347e-06
chr6	16	163	171115067	9.52575e-07
chr6	17	118	171115067	6.89594e-07
chr6	18	68	171115067	3.97393e-07
chr6	19	46	171115067	2.68825e-07
chr6	20	51	171115067	2.98045e-07
chr6	21	16	171115067	9.35043e-08
chr6	22	8	171115067	4.67522e-08
chr6	23	1	171115067	5.84402e-09
chr7	0	157115527	159138663	0.987287
chr7	1	2005839	159138663	0.0126043
chr7	2	13930	159138663	8.75337e-05
chr7	3	698	159138663	4.38611e-06
chr7	4	542	159138663	3.40584e-06
chr7	5	315	159138663	1.97941e-06
chr7	6	315	159138663	1.97941e-06
chr7	7	215	159138663	1.35102e-06
chr7	8	146	159138663	9.17439e-07
chr7	9	159	159138663	9.99129e-07
chr7	10	87	159138663	5.46693e-07
chr7	11	120	159138663	7.54059e-07
chr7	12	98	159138663	6.15815e-07
chr7	13	124	159138663	7.79195e-07
chr7	14	92	159138663	5.78112e-07
chr7	15	107	159138663	6.7237e-07
chr7	16	61	159138663	3.83314e-07
chr7	17	69	159138663	4.33584e-07
chr7	18	43	159138663	2.70205e-07
chr7	19	46	159138663	2.89056e-07
chr7	20	25	159138663	1.57096e-07
chr7	21	19	159138663	1.19393e-07
chr7	22	18	159138663	1.13109e-07
chr7	23	24	159138663	1.50812e-07
chr7	24	8	159138663	5.02706e-08
chr7	25	13	159138663	8.16898e-08
chr7	26	8	159138663	5.02706e-08
chr7	27	3	159138663	1.88515e-08
chr7	28	3	159138663	1.88515e-08
chr7	29	5	159138663	3.14191e-08
chr7	30	4	159138663	2.51353e-08
chr8	0	143219828	146364022	0.978518
chr8	1	3076745	146364022	0.0210212
chr8	2	51447	146364022	0.0003515
chr8	3	5049	146364022	3.44962e-05
chr8	4	3129	146364022	2.13782e-05
chr8	5	2144	146364022	1.46484e-05
chr8	6	1781	146364022	1.21683e-05
chr8	7	1174	146364022	8.0211e-06
chr8	8	799	146364022	5.45899e-06
chr8	9	651	146364022	4.44781e-06
chr8	10	471	146364022	3.218e-06
chr8	11	266	146364022	1.81739e-06
chr8	12	154	146364022	1.05217e-06
chr8	13	88	146364022	6.01241e-07
chr8	14	71	146364022	4.85092e-07
chr8	15	92	146364022	6.2857e-07
chr8	16	70	146364022	4.7826e-07
chr8	17	19	146364022	1.29813e-07
chr8	18	11	146364022	7.51551e-08
chr8	19	5	146364022	3.41614e-08
chr8	20	12	146364022	8.19874e-08
chr8	21	7	146364022	4.7826e-08
chr8	22	9	146364022	6.14905e-08
chr9	0	139227774	141213431	0.985939
chr9	1	1962703	141213431	0.0138988
chr9	2	22048	141213431	0.000156132
chr9	3	405	141213431	2.868e-06
chr9	4	223	141213431	1.57917e-06
chr9	5	60	141213431	4.24889e-07
chr9	6	81	141213431	5.736e-07
chr9	7	19	141213431	1.34548e-07
chr9	8	18	141213431	1.27467e-07
chr9	9	40	141213431	2.83259e-07
chr9	10	44	141213431	3.11585e-07
chr9	11	11	141213431	7.78963e-08
chr9	12	5	141213431	3.54074e-08
chr10	0	133921582	135534747	0.988098
chr10	1	1587821	135534747	0.0117152
chr10	2	13769	135534747	0.00010159
chr10	3	2256	135534747	1.66452e-05
chr10	4	1686	135534747	1.24396e-05
chr10	5	1296	135534747	9.56212e-06
chr10	6	1056	135534747	7.79136e-06
chr10	7	682	135534747	5.03192e-06
chr10	8	644	135534747	4.75155e-06
chr10	9	350	135534747	2.58236e-06
chr10	10	386	135534747	2.84798e-06
chr10	11	382	135534747	2.81847e-06
chr10	12	260	135534747	1.91833e-06
chr10	13	227	135534747	1.67485e-06
chr10	14	236	135534747	1.74125e-06
chr10	15	228	135534747	1.68223e-06
chr10	16	251	135534747	1.85192e-06
chr10	17	224	135534747	1.65271e-06
chr10	18	232	135534747	1.71174e-06
chr10	19	158	135534747	1.16575e-06
chr10	20	116	135534747	8.55869e-07
chr10	21	106	135534747	7.82087e-07
chr10	22	100	135534747	7.37818e-07
chr10	23	77	135534747	5.6812e-07
chr10	24	103	135534747	7.59953e-07
chr10	25	69	135534747	5.09095e-07
chr10	26	54	135534747	3.98422e-07
chr10	27	48	135534747	3.54153e-07
chr10	28	73	135534747	5.38607e-07
chr10	29	33	135534747	2.4348e-07
chr10	30	50	135534747	3.68909e-07
chr10	31	47	135534747	3.46775e-07
chr10	32	56	135534747	4.13178e-07
chr10	33	21	135534747	1.54942e-07
chr10	34	24	135534747	1.77076e-07
chr10	35	17	135534747	1.25429e-07
chr10	36	13	135534747	9.59164e-08
chr10	37	5	135534747	3.68909e-08
chr10	38	2	135534747	1.47564e-08
chr10	39	1	135534747	7.37818e-09
chr10	40	4	135534747	2.95127e-08
chr10	41	2	135534747	1.47564e-08
chr11	0	133064702	135006516	0.985617
chr11	1	1923618	135006516	0.0142483
chr11	2	16452	135006516	0.000121861
chr11	3	813	135006516	6.02193e-06
chr11	4	379	135006516	2.80727e-06
chr11	5	110	135006516	8.14775e-07
chr11	6	111	135006516	8.22183e-07
chr11	7	87	135006516	6.44413e-07
chr11	8	72	135006516	5.33308e-07
chr11	9	66	135006516	4.88865e-07
chr11	10	66	135006516	4.88865e-07
chr11	11	19	135006516	1.40734e-07
chr11	12	14	135006516	1.03699e-07
chr11	13	7	135006516	5.18494e-08
chr12	0	132459198	133851895	0.989595
chr12	1	1386144	133851895	0.0103558
chr12	2	6348	133851895	4.74256e-05
chr12	3	142	133851895	1.06087e-06
chr12	4	31	133851895	2.31599e-07
chr12	5	32	133851895	2.3907e-07
chr13	0	113937559	115169878	0.9893
chr13	1	1224470	115169878	0.0106319
chr13	2	7817	115169878	6.78736e-05
chr13	3	32	115169878	2.7785e-07
chr14	0	106159024	107349540	0.98891
chr14	1	1181826	107349540	0.0110091
chr14	2	8646	107349540	8.05406e-05
chr14	3	44	107349540	4.09876e-07
chr15	0	101742487	102531392	0.992306
chr15	1	784222	102531392	0.0076486
chr15	2	4671	102531392	4.55568e-05
chr15	3	12	102531392	1.17037e-07
chr16	0	89137186	90354753	0.986525
chr16	1	1173451	90354753	0.0129872
chr16	2	15063	90354753	0.00016671
chr16	3	4455	90354753	4.93057e-05
chr16	4	4024	90354753	4.45356e-05
chr16	5	3572	90354753	3.95331e-05
chr16	6	3354	90354753	3.71203e-05
chr16	7	3013	90354753	3.33463e-05
chr16	8	2818	90354753	3.11882e-05
chr16	9	2123	90354753	2.34963e-05
chr16	10	1481	90354753	1.63909e-05
chr16	11	1246	90354753	1.37901e-05
chr16	12	947	90354753	1.04809e-05
chr16	13	647	90354753	7.16066e-06
chr16	14	476	90354753	5.26812e-06
chr16	15	386	90354753	4.27205e-06
chr16	16	183	90354753	2.02535e-06
chr16	17	112	90354753	1.23956e-06
chr16	18	70	90354753	7.74724e-07
chr16	19	39	90354753	4.31632e-07
chr16	20	24	90354753	2.6562e-07
chr16	21	9	90354753	9.96074e-08
chr16	22	20	90354753	2.2135e-07
chr16	23	24	90354753	2.6562e-07
chr16	24	14	90354753	1.54945e-07
chr16	25	6	90354753	6.64049e-08
chr16	26	9	90354753	9.96074e-08
chr16	27	1	90354753	1.10675e-08
chr17	0	80079653	81195210	0.986261
chr17	1	1103468	81195210	0.0135903
chr17	2	10099	81195210	0.000124379
chr17	3	1135	81195210	1.39787e-05
chr17	4	426	81195210	5.24662e-06
chr17	5	216	81195210	2.66026e-06
chr17	6	105	81195210	1.29318e-06
chr17	7	48	81195210	5.91168e-07
chr17	8	33	81195210	4.06428e-07
chr17	9	9	81195210	1.10844e-07
chr17	10	14	81195210	1.72424e-07
chr17	11	4	81195210	4.9264e-08
chr18	0	76997449	78077248	0.98617
chr18	1	1069511	78077248	0.0136981
chr18	2	8630	78077248	0.000110532
chr18	3	427	78077248	5.46894e-06
chr18	4	325	78077248	4.16254e-06
chr18	5	200	78077248	2.56157e-06
chr18	6	208	78077248	2.66403e-06
chr18	7	107	78077248	1.37044e-06
chr18	8	130	78077248	1.66502e-06
chr18	9	49	78077248	6.27584e-07
chr18	10	42	78077248	5.37929e-07
chr18	11	21	78077248	2.68964e-07
chr18	12	38	78077248	4.86698e-07
chr18	13	19	78077248	2.43349e-07
chr18	14	17	78077248	2.17733e-07
chr18	15	14	78077248	1.7931e-07
chr18	16	12	78077248	1.53694e-07
chr18	17	5	78077248	6.40391e-08
chr18	18	6	78077248	7.6847e-08
chr18	19	12	78077248	1.53694e-07
chr18	20	5	78077248	6.40391e-08
chr18	21	7	78077248	8.96548e-08
chr18	22	14	78077248	1.7931e-07
chr19	0	58526834	59128983	0.989816
chr19	1	595185	59128983	0.0100659
chr19	2	4572	59128983	7.73225e-05
chr19	3	456	59128983	7.71195e-06
chr19	4	306	59128983	5.17513e-06
chr19	5	277	59128983	4.68467e-06
chr19	6	184	59128983	3.11184e-06
chr19	7	196	59128983	3.31479e-06
chr19	8	178	59128983	3.01037e-06
chr19	9	87	59128983	1.47136e-06
chr19	10	93	59128983	1.57283e-06
chr19	11	86	59128983	1.45445e-06
chr19	12	53	59128983	8.96346e-07
chr19	13	75	59128983	1.26841e-06
chr19	14	72	59128983	1.21768e-06
chr19	15	41	59128983	6.93399e-07
chr19	16	45	59128983	7.61048e-07
chr19	17	15	59128983	2.53683e-07
chr19	18	17	59128983	2.87507e-07
chr19	19	32	59128983	5.4119e-07
chr19	20	11	59128983	1.86034e-07
chr19	21	13	59128983	2.19858e-07
chr19	22	17	59128983	2.87507e-07
chr19	23	16	59128983	2.70595e-07
chr19	24	25	59128983	4.22805e-07
chr19	25	11	59128983	1.86034e-07
chr19	26	21	59128983	3.55156e-07
chr19	27	21	59128983	3.55156e-07
chr19	28	13	59128983	2.19858e-07
chr19	29	6	59128983	1.01473e-07
chr19	30	4	59128983	6.76487e-08
chr19	31	6	59128983	1.01473e-07
chr19	32	3	59128983	5.07365e-08
chr19	33	9	59128983	1.5221e-07
chr19	34	3	59128983	5.07365e-08
chr20	0	62056801	63025520	0.98463
chr20	1	959989	63025520	0.0152318
chr20	2	8324	63025520	0.000132073
chr20	3	159	63025520	2.52279e-06
chr20	4	140	63025520	2.22132e-06
chr20	5	66	63025520	1.04719e-06
chr20	6	41	63025520	6.5053e-07
chr21	0	47260027	48129895	0.981927
chr21	1	857003	48129895	0.017806
chr21	2	12020	48129895	0.000249741
chr21	3	511	48129895	1.06171e-05
chr21	4	118	48129895	2.4517e-06
chr21	5	33	48129895	6.85645e-07
chr21	6	16	48129895	3.32434e-07
chr21	7	23	48129895	4.77873e-07
chr21	8	57	48129895	1.1843e-06
chr21	9	14	48129895	2.90879e-07
chr21	10	25	48129895	5.19428e-07
chr21	11	12	48129895	2.49325e-07
chr21	12	2	48129895	4.15542e-08
chr21	13	34	48129895	7.06422e-07
chr22	0	50843848	51304566	0.99102
chr22	1	457727	51304566	0.00892176
chr22	2	2918	51304566	5.6876e-05
chr22	3	20	51304566	3.89829e-07
chr22	4	3	51304566	5.84743e-08
chr22	5	3	51304566	5.84743e-08
chr22	6	3	51304566	5.84743e-08
chr22	7	6	51304566	1.16949e-07
chr22	8	2	51304566	3.89829e-08
chr22	9	36	51304566	7.01692e-07
chrX	0	153981365	155270560	0.991697
chrX	1	1280655	155270560	0.00824789
chrX	2	7922	155270560	5.10206e-05
chrX	3	432	155270560	2.78224e-06
chrX	4	103	155270560	6.63358e-07
chrX	5	55	155270560	3.5422e-07
chrX	6	28	155270560	1.8033e-07
chrY	0	59305369	59373566	0.998851
chrY	1	62598	59373566	0.00105431
chrY	2	3400	59373566	5.72645e-05
chrY	3	1078	59373566	1.81562e-05
chrY	4	612	59373566	1.03076e-05
chrY	5	293	59373566	4.93486e-06
chrY	6	105	59373566	1.76846e-06
chrY	7	19	59373566	3.20008e-07
chrY	8	11	59373566	1.85268e-07
chrY	9	11	59373566	1.85268e-07
chrY	10	6	59373566	1.01055e-07
chrY	11	34	59373566	5.72645e-07
chrY	12	19	59373566	3.20008e-07
chrY	13	11	59373566	1.85268e-07
chr1_gl000191_random	0	106083	106433	0.996712
chr1_gl000191_random	1	350	106433	0.00328845
chr1_gl000192_random	0	533405	547496	0.974263
chr1_gl000192_random	1	13932	547496	0.0254468
chr1_gl000192_random	2	159	547496	0.000290413
chr4_ctg9_hap1	0	587426	590426	0.994919
chr4_ctg9_hap1	1	3000	590426	0.00508108
chr4_gl000193_random	0	185123	189789	0.975415
chr4_gl000193_random	1	4585	189789	0.0241584
chr4_gl000193_random	2	78	189789	0.000410983
chr4_gl000193_random	3	3	189789	1.5807e-05
chr4_gl000194_random	0	186669	191469	0.974931
chr4_gl000194_random	1	4800	191469	0.0250693
chr6_apd_hap1	0	4618240	4622290	0.999124
chr6_apd_hap1	1	4050	4622290	0.000876189
chr6_cox_hap2	0	4784671	4795371	0.997769
chr6_cox_hap2	1	10700	4795371	0.00223132
chr6_dbb_hap3	0	4600886	4610396	0.997937
chr6_dbb_hap3	1	9470	4610396	0.00205405
chr6_dbb_hap3	2	40	4610396	8.67604e-06
chr6_mann_hap4	0	4675713	4683263	0.998388
chr6_mann_hap4	1	7550	4683263	0.00161212
chr6_mcf_hap5	0	4825443	4833398	0.998354
chr6_mcf_hap5	1	7910	4833398	0.00163653
chr6_mcf_hap5	2	45	4833398	9.31022e-06
chr6_qbl_hap6	0	4603034	4611984	0.998059
chr6_qbl_hap6	1	8950	4611984	0.0019406
chr6_ssto_hap7	0	4920167	4928567	0.998296
chr6_ssto_hap7	1	8400	4928567	0.00170435
chr7_gl000195_random	0	174036	182896	0.951557
chr7_gl000195_random	1	8670	182896	0.047404
chr7_gl000195_random	2	190	182896	0.00103884
chr8_gl000196_random	0	38564	38914	0.991006
chr8_gl000196_random	1	350	38914	0.00899419
chr8_gl000197_random	0	37025	37175	0.995965
chr8_gl000197_random	1	150	37175	0.00403497
chr9_gl000198_random	0	87083	90085	0.966676
chr9_gl000198_random	1	2935	90085	0.0325803
chr9_gl000198_random	2	36	90085	0.000399623
chr9_gl000198_random	3	31	90085	0.000344119
chr9_gl000199_random	0	144217	169874	0.848965
chr9_gl000199_random	1	20656	169874	0.121596
chr9_gl000199_random	2	3335	169874	0.0196322
chr9_gl000199_random	3	983	169874	0.00578664
chr9_gl000199_random	4	221	169874	0.00130096
chr9_gl000199_random	5	234	169874	0.00137749
chr9_gl000199_random	6	70	169874	0.00041207
chr9_gl000199_random	7	92	169874	0.000541578
chr9_gl000199_random	8	10	169874	5.88672e-05
chr9_gl000199_random	9	3	169874	1.76601e-05
chr9_gl000199_random	10	3	169874	1.76601e-05
chr9_gl000199_random	11	3	169874	1.76601e-05
chr9_gl000199_random	12	3	169874	1.76601e-05
chr9_gl000199_random	13	2	169874	1.17734e-05
chr9_gl000199_random	14	6	169874	3.53203e-05
chr9_gl000199_random	15	4	169874	2.35469e-05
chr9_gl000199_random	16	3	169874	1.76601e-05
chr9_gl000199_random	17	13	169874	7.65273e-05
chr9_gl000199_random	18	5	169874	2.94336e-05
chr9_gl000199_random	19	4	169874	2.35469e-05
chr9_gl000199_random	20	1	169874	5.88672e-06
chr9_gl000199_random	21	6	169874	3.53203e-05
chr9_gl000200_random	0	185185	187035	0.990109
chr9_gl000200_random	1	1850	187035	0.0098912
chr9_gl000201_random	0	36098	36148	0.998617
chr9_gl000201_random	1	50	36148	0.0013832
chr11_gl000202_random	0	39853	40103	0.993766
chr11_gl000202_random	1	250	40103	0.00623395
chr17_ctg5_hap1	0	1674478	1680828	0.996222
chr17_ctg5_hap1	1	6250	1680828	0.00371841
chr17_ctg5_hap1	2	100	1680828	5.94945e-05
chr17_gl000203_random	0	36367	37498	0.969838
chr17_gl000203_random	1	1112	37498	0.0296549
chr17_gl000203_random	2	19	37498	0.000506694
chr17_gl000204_random	0	80860	81310	0.994466
chr17_gl000204_random	1	450	81310	0.00553437
chr17_gl000205_random	0	166302	174588	0.95254
chr17_gl000205_random	1	8072	174588	0.0462346
chr17_gl000205_random	2	214	174588	0.00122574
chr17_gl000206_random	0	40751	41001	0.993903
chr17_gl000206_random	1	250	41001	0.00609741
chr18_gl000207_random	0	4162	4262	0.976537
chr18_gl000207_random	1	100	4262	0.0234632
chr19_gl000208_random	0	88517	92689	0.954989
chr19_gl000208_random	1	3835	92689	0.0413749
chr19_gl000208_random	2	296	92689	0.00319347
chr19_gl000208_random	3	41	92689	0.000442339
chr19_gl000209_random	0	158669	159169	0.996859
chr19_gl000209_random	1	500	159169	0.00314132
chr21_gl000210_random	0	27532	27682	0.994581
chr21_gl000210_random	1	150	27682	0.00541868
chrUn_gl000211	0	162969	166566	0.978405
chrUn_gl000211	1	3594	166566	0.021577
chrUn_gl000211	2	3	166566	1.80109e-05
chrUn_gl000212	0	184681	186858	0.988349
chrUn_gl000212	1	2104	186858	0.0112599
chrUn_gl000212	2	73	186858	0.000390671
chrUn_gl000213	0	161137	164239	0.981113
chrUn_gl000213	1	3054	164239	0.0185949
chrUn_gl000213	2	48	164239	0.000292257
chrUn_gl000214	0	124856	137718	0.906606
chrUn_gl000214	1	9923	137718	0.072053
chrUn_gl000214	2	2075	137718	0.015067
chrUn_gl000214	3	607	137718	0.00440756
chrUn_gl000214	4	229	137718	0.00166282
chrUn_gl000214	5	28	137718	0.000203314
chrUn_gl000215	0	170845	172545	0.990147
chrUn_gl000215	1	1700	172545	0.0098525
chrUn_gl000216	0	158444	172294	0.919614
chrUn_gl000216	1	11771	172294	0.0683193
chrUn_gl000216	2	1296	172294	0.00752203
chrUn_gl000216	3	279	172294	0.00161933
chrUn_gl000216	4	113	172294	0.000655856
chrUn_gl000216	5	212	172294	0.00123045
chrUn_gl000216	6	70	172294	0.000406282
chrUn_gl000216	7	48	172294	0.000278594
chrUn_gl000216	8	29	172294	0.000168317
chrUn_gl000216	9	20	172294	0.000116081
chrUn_gl000216	10	12	172294	6.96484e-05
chrUn_gl000217	0	167404	172149	0.972437
chrUn_gl000217	1	4690	172149	0.0272438
chrUn_gl000217	2	55	172149	0.000319491
chrUn_gl000218	0	156874	161147	0.973484
chrUn_gl000218	1	4246	161147	0.0263486
chrUn_gl000218	2	27	161147	0.000167549
chrUn_gl000219	0	171762	179198	0.958504
chrUn_gl000219	1	7222	179198	0.0403018
chrUn_gl000219	2	214	179198	0.00119421
chrUn_gl000220	0	105737	161802	0.653496
chrUn_gl000220	1	18337	161802	0.11333
chrUn_gl000220	2	11225	161802	0.0693749
chrUn_gl000220	3	8463	161802	0.0523047
chrUn_gl000220	4	6437	161802	0.0397832
chrUn_gl000220	5	4324	161802	0.026724
chrUn_gl000220	6	3126	161802	0.0193199
chrUn_gl000220	7	1877	161802	0.0116006
chrUn_gl000220	8	1161	161802	0.00717544
chrUn_gl000220	9	513	161802	0.00317054
chrUn_gl000220	10	274	161802	0.00169343
chrUn_gl000220	11	140	161802	0.000865255
chrUn_gl000220	12	85	161802	0.000525333
chrUn_gl000220	13	51	161802	0.0003152
chrUn_gl000220	14	37	161802	0.000228675
chrUn_gl000220	15	15	161802	9.27059e-05
chrUn_gl000221	0	150911	155397	0.971132
chrUn_gl000221	1	4322	155397	0.0278126
chrUn_gl000221	2	164	155397	0.00105536
chrUn_gl000222	0	184618	186861	0.987996
chrUn_gl000222	1	2236	186861	0.0119661
chrUn_gl000222	2	7	186861	3.7461e-05
chrUn_gl000223	0	179055	180455	0.992242
chrUn_gl000223	1	1400	180455	0.00775817
chrUn_gl000224	0	168278	179693	0.936475
chrUn_gl000224	1	9774	179693	0.0543928
chrUn_gl000224	2	1358	179693	0.00755733
chrUn_gl000224	3	247	179693	0.00137457
chrUn_gl000224	4	11	179693	6.12155e-05
chrUn_gl000224	5	25	179693	0.000139126
chrUn_gl000225	0	191767	211173	0.908104
chrUn_gl000225	1	16454	211173	0.0779172
chrUn_gl000225	2	2115	211173	0.0100155
chrUn_gl000225	3	579	211173	0.00274183
chrUn_gl000225	4	124	211173	0.000587196
chrUn_gl000225	5	69	211173	0.000326746
chrUn_gl000225	6	15	211173	7.10318e-05
chrUn_gl000225	7	3	211173	1.42064e-05
chrUn_gl000225	8	2	211173	9.47091e-06
chrUn_gl000225	9	2	211173	9.47091e-06
chrUn_gl000225	10	1	211173	4.73545e-06
chrUn_gl000225	11	21	211173	9.94445e-05
chrUn_gl000225	12	21	211173	9.94445e-05
chrUn_gl000226	0	1217	15008	0.0810901
chrUn_gl000226	1	1639	15008	0.109208
chrUn_gl000226	2	1518	15008	0.101146
chrUn_gl000226	3	2045	15008	0.136261
chrUn_gl000226	4	2129	15008	0.141858
chrUn_gl000226	5	1891	15008	0.125999
chrUn_gl000226	6	1502	15008	0.10008
chrUn_gl000226	7	1086	15008	0.0723614
chrUn_gl000226	8	811	15008	0.0540378
chrUn_gl000226	9	469	15008	0.03125
chrUn_gl000226	10	340	15008	0.0226546
chrUn_gl000226	11	182	15008	0.0121269
chrUn_gl000226	12	48	15008	0.00319829
chrUn_gl000226	13	49	15008	0.00326493
chrUn_gl000226	14	28	15008	0.00186567
chrUn_gl000226	15	34	15008	0.00226546
chrUn_gl000226	16	11	15008	0.000732942
chrUn_gl000226	17	9	15008	0.00059968
chrUn_gl000227	0	127124	128374	0.990263
chrUn_gl000227	1	1250	128374	0.00973717
chrUn_gl000228	0	126499	129120	0.979701
chrUn_gl000228	1	2233	129120	0.017294
chrUn_gl000228	2	298	129120	0.00230793
chrUn_gl000228	3	89	129120	0.000689281
chrUn_gl000228	4	1	129120	7.74473e-06
chrUn_gl000229	0	19257	19913	0.967057
chrUn_gl000229	1	562	19913	0.0282228
chrUn_gl000229	2	94	19913	0.00472053
chrUn_gl000230	0	42691	43691	0.977112
chrUn_gl000230	1	1000	43691	0.022888
chrUn_gl000231	0	26310	27386	0.96071
chrUn_gl000231	1	1052	27386	0.0384138
chrUn_gl000231	2	24	27386	0.00087636
chrUn_gl000232	0	37925	40652	0.932918
chrUn_gl000232	1	2704	40652	0.0665158
chrUn_gl000232	2	23	40652	0.000565778
chrUn_gl000233	0	44400	45941	0.966457
chrUn_gl000233	1	1482	45941	0.0322588
chrUn_gl000233	2	59	45941	0.00128426
chrUn_gl000234	0	38203	40531	0.942562
chrUn_gl000234	1	2206	40531	0.0544275
chrUn_gl000234	2	122	40531	0.00301004
chrUn_gl000235	0	32535	34474	0.943755
chrUn_gl000235	1	1878	34474	0.0544758
chrUn_gl000235	2	61	34474	0.00176945
chrUn_gl000236	0	41634	41934	0.992846
chrUn_gl000236	1	300	41934	0.0071541
chrUn_gl000237	0	43794	45867	0.954804
chrUn_gl000237	1	2046	45867	0.0446072
chrUn_gl000237	2	27	45867	0.000588658
chrUn_gl000238	0	39639	39939	0.992489
chrUn_gl000238	1	300	39939	0.00751146
chrUn_gl000239	0	32907	33824	0.972889
chrUn_gl000239	1	884	33824	0.0261353
chrUn_gl000239	2	33	33824	0.000975639
chrUn_gl000240	0	40716	41933	0.970977
chrUn_gl000240	1	1184	41933	0.0282355
chrUn_gl000240	2	33	41933	0.00078697
chrUn_gl000241	0	39653	42152	0.940715
chrUn_gl000241	1	2448	42152	0.0580755
chrUn_gl000241	2	51	42152	0.00120991
chrUn_gl000242	0	43323	43523	0.995405
chrUn_gl000242	1	200	43523	0.00459527
chrUn_gl000243	0	41952	43341	0.967952
chrUn_gl000243	1	1289	43341	0.0297409
chrUn_gl000243	2	89	43341	0.00205348
chrUn_gl000243	3	11	43341	0.000253801
chrUn_gl000244	0	39179	39929	0.981217
chrUn_gl000244	1	750	39929	0.0187833
chrUn_gl000245	0	35367	36651	0.964967
chrUn_gl000245	1	1218	36651	0.0332324
chrUn_gl000245	2	66	36651	0.00180077
chrUn_gl000246	0	37954	38154	0.994758
chrUn_gl000246	1	200	38154	0.00524191
chrUn_gl000247	0	35572	36422	0.976662
chrUn_gl000247	1	850	36422	0.0233375
chrUn_gl000248	0	39436	39786	0.991203
chrUn_gl000248	1	350	39786	0.00879706
chrUn_gl000249	0	38344	38502	0.995896
chrUn_gl000249	1	116	38502	0.00301283
chrUn_gl000249	2	42	38502	0.00109085
genome	0	3098289322	3137161264	0.987609
genome	1	38294461	3137161264	0.0122067
genome	2	439104	3137161264	0.000139969
genome	3	43368	3137161264	1.3824e-05
genome	4	24598	3137161264	7.84085e-06
genome	5	17297	3137161264	5.51358e-06
genome	6	13402	3137161264	4.27201e-06
genome	7	9320	3137161264	2.97084e-06
genome	8	7463	3137161264	2.3789e-06
genome	9	5027	3137161264	1.6024e-06
genome	10	3765	3137161264	1.20013e-06
genome	11	2929	3137161264	9.33647e-07
genome	12	2169	3137161264	6.91389e-07
genome	13	1701	3137161264	5.4221e-07
genome	14	1405	3137161264	4.47857e-07
genome	15	1187	3137161264	3.78368e-07
genome	16	854	3137161264	2.72221e-07
genome	17	647	3137161264	2.06237e-07
genome	18	504	3137161264	1.60655e-07
genome	19	411	3137161264	1.3101e-07
genome	20	308	3137161264	9.81779e-08
genome	21	242	3137161264	7.71398e-08
genome	22	260	3137161264	8.28775e-08
genome	23	190	3137161264	6.05643e-08
genome	24	179	3137161264	5.7058e-08
genome	25	124	3137161264	3.95262e-08
genome	26	109	3137161264	3.47448e-08
genome	27	95	3137161264	3.02822e-08
genome	28	109	3137161264	3.47448e-08
genome	29	57	3137161264	1.81693e-08
genome	30	68	3137161264	2.16756e-08
genome	31	69	3137161264	2.19944e-08
genome	32	71	3137161264	2.26319e-08
genome	33	48	3137161264	1.53005e-08
genome	34	43	3137161264	1.37067e-08
genome	35	44	3137161264	1.40254e-08
genome	36	26	3137161264	8.28775e-09
genome	37	14	3137161264	4.46263e-09
genome	38	14	3137161264	4.46263e-09
genome	39	14	3137161264	4.46263e-09
genome	40	16	3137161264	5.10015e-09
genome	41	10	3137161264	3.1876e-09
genome	42	6	3137161264	1.91256e-09
genome	43	6	3137161264	1.91256e-09
genome	44	6	3137161264	1.91256e-09
genome	45	4	3137161264	1.27504e-09
genome	46	14	3137161264	4.46263e-09
genome	47	10	3137161264	3.1876e-09
genome	48	11	3137161264	3.50635e-09
genome	49	11	3137161264	3.50635e-09
genome	50	12	3137161264	3.82511e-09
genome	51	16	3137161264	5.10015e-09
genome	52	18	3137161264	5.73767e-09
genome	53	36	3137161264	1.14753e-08
genome	54	22	3137161264	7.01271e-09
genome	55	22	3137161264	7.01271e-09
genome	56	12	3137161264	3.82511e-09
genome	57	6	3137161264	1.91256e-09
genome	58	8	3137161264	2.55008e-09
