chrM	0	10785	16571	0.650836
chrM	1	4447	16571	0.26836
chrM	2	1077	16571	0.0649931
chrM	3	249	16571	0.0150263
chrM	4	13	16571	0.000784503
chr1	0	245935817	249250621	0.986701
chr1	1	3282409	249250621	0.0131691
chr1	2	30283	249250621	0.000121496
chr1	3	609	249250621	2.44332e-06
chr1	4	144	249250621	5.77732e-07
chr1	5	99	249250621	3.97191e-07
chr1	6	22	249250621	8.82646e-08
chr1	7	33	249250621	1.32397e-07
chr1	8	27	249250621	1.08325e-07
chr1	9	30	249250621	1.20361e-07
chr1	10	23	249250621	9.22766e-08
chr1	11	41	249250621	1.64493e-07
chr1	12	28	249250621	1.12337e-07
chr1	13	23	249250621	9.22766e-08
chr1	14	39	249250621	1.56469e-07
chr1	15	71	249250621	2.84854e-07
chr1	16	49	249250621	1.96589e-07
chr1	17	40	249250621	1.60481e-07
chr1	18	34	249250621	1.36409e-07
chr1	19	40	249250621	1.60481e-07
chr1	20	44	249250621	1.76529e-07
chr1	21	47	249250621	1.88565e-07
chr1	22	50	249250621	2.00601e-07
chr1	23	45	249250621	1.80541e-07
chr1	24	45	249250621	1.80541e-07
chr1	25	44	249250621	1.76529e-07
chr1	26	23	249250621	9.22766e-08
chr1	27	14	249250621	5.61684e-08
chr1	28	9	249250621	3.61082e-08
chr1	29	18	249250621	7.22165e-08
chr1	30	15	249250621	6.01804e-08
chr1	31	14	249250621	5.61684e-08
chr1	32	24	249250621	9.62886e-08
chr1	33	21	249250621	8.42525e-08
chr1	34	22	249250621	8.82646e-08
chr1	35	17	249250621	6.82044e-08
chr1	36	16	249250621	6.41924e-08
chr1	37	13	249250621	5.21563e-08
chr1	38	9	249250621	3.61082e-08
chr1	39	9	249250621	3.61082e-08
chr1	40	16	249250621	6.41924e-08
chr1	41	19	249250621	7.62285e-08
chr1	42	19	249250621	7.62285e-08
chr1	43	13	249250621	5.21563e-08
chr1	44	11	249250621	4.41323e-08
chr1	45	7	249250621	2.80842e-08
chr1	46	9	249250621	3.61082e-08
chr1	47	7	249250621	2.80842e-08
chr1	48	4	249250621	1.60481e-08
chr1	49	7	249250621	2.80842e-08
chr1	50	10	249250621	4.01203e-08
chr1	51	12	249250621	4.81443e-08
chr1	52	11	249250621	4.41323e-08
chr1	53	18	249250621	7.22165e-08
chr1	54	20	249250621	8.02405e-08
chr1	55	35	249250621	1.40421e-07
chr1	56	21	249250621	8.42525e-08
chr1	57	9	249250621	3.61082e-08
chr1	58	8	249250621	3.20962e-08
chr1	59	4	249250621	1.60481e-08
chr1	60	1	249250621	4.01203e-09
chr2	0	240617582	243199373	0.989384
chr2	1	2554259	243199373	0.0105027
chr2	2	20648	243199373	8.49015e-05
chr2	3	3320	243199373	1.36514e-05
chr2	4	1643	243199373	6.75577e-06
chr2	5	904	243199373	3.71711e-06
chr2	6	412	243199373	1.69408e-06
chr2	7	117	243199373	4.81087e-07
chr2	8	129	243199373	5.30429e-07
chr2	9	111	243199373	4.56416e-07
chr2	10	78	243199373	3.20724e-07
chr2	11	73	243199373	3.00165e-07
chr2	12	18	243199373	7.40134e-08
chr2	13	27	243199373	1.1102e-07
chr2	14	28	243199373	1.15132e-07
chr2	15	5	243199373	2.05593e-08
chr2	16	19	243199373	7.81252e-08
chr3	0	195831829	198022430	0.988938
chr3	1	2175892	198022430	0.0109881
chr3	2	14391	198022430	7.26736e-05
chr3	3	174	198022430	8.78688e-07
chr3	4	34	198022430	1.71698e-07
chr3	5	5	198022430	2.52497e-08
chr3	6	2	198022430	1.00999e-08
chr3	7	6	198022430	3.02996e-08
chr3	8	8	198022430	4.03995e-08
chr3	9	4	198022430	2.01997e-08
chr3	10	2	198022430	1.00999e-08
chr3	11	2	198022430	1.00999e-08
chr3	12	2	198022430	1.00999e-08
chr3	13	6	198022430	3.02996e-08
chr3	14	2	198022430	1.00999e-08
chr3	15	2	198022430	1.00999e-08
chr3	16	5	198022430	2.52497e-08
chr3	17	3	198022430	1.51498e-08
chr3	18	4	198022430	2.01997e-08
chr3	19	4	198022430	2.01997e-08
chr3	20	2	198022430	1.00999e-08
chr3	21	1	198022430	5.04993e-09
chr3	22	1	198022430	5.04993e-09
chr3	23	2	198022430	1.00999e-08
chr3	24	4	198022430	2.01997e-08
chr3	25	4	198022430	2.01997e-08
chr3	26	5	198022430	2.52497e-08
chr3	27	3	198022430	1.51498e-08
chr3	28	6	198022430	3.02996e-08
chr3	29	5	198022430	2.52497e-08
chr3	30	12	198022430	6.05992e-08
chr3	31	7	198022430	3.53495e-08
chr3	32	1	198022430	5.04993e-09
chr4	0	189651853	191154276	0.99214
chr4	1	1487742	191154276	0.00778294
chr4	2	11299	191154276	5.91093e-05
chr4	3	1653	191154276	8.64747e-06
chr4	4	933	191154276	4.88087e-06
chr4	5	337	191154276	1.76297e-06
chr4	6	169	191154276	8.84103e-07
chr4	7	121	191154276	6.32997e-07
chr4	8	79	191154276	4.13279e-07
chr4	9	69	191154276	3.60965e-07
chr4	10	11	191154276	5.75451e-08
chr4	11	10	191154276	5.23138e-08
chr5	0	179076620	180915260	0.989837
chr5	1	1827771	180915260	0.0101029
chr5	2	10603	180915260	5.86075e-05
chr5	3	182	180915260	1.006e-06
chr5	4	10	180915260	5.52745e-08
chr5	5	57	180915260	3.15065e-07
chr5	6	17	180915260	9.39666e-08
chr6	0	167854909	171115067	0.980948
chr6	1	3172452	171115067	0.0185399
chr6	2	78765	171115067	0.000460304
chr6	3	4978	171115067	2.90915e-05
chr6	4	533	171115067	3.11486e-06
chr6	5	284	171115067	1.6597e-06
chr6	6	264	171115067	1.54282e-06
chr6	7	310	171115067	1.81165e-06
chr6	8	303	171115067	1.77074e-06
chr6	9	315	171115067	1.84087e-06
chr6	10	316	171115067	1.84671e-06
chr6	11	343	171115067	2.0045e-06
chr6	12	258	171115067	1.50776e-06
chr6	13	254	171115067	1.48438e-06
chr6	14	229	171115067	1.33828e-06
chr6	15	155	171115067	9.05823e-07
chr6	16	131	171115067	7.65567e-07
chr6	17	78	171115067	4.55834e-07
chr6	18	60	171115067	3.50641e-07
chr6	19	53	171115067	3.09733e-07
chr6	20	36	171115067	2.10385e-07
chr6	21	25	171115067	1.46101e-07
chr6	22	15	171115067	8.76603e-08
chr6	23	1	171115067	5.84402e-09
chr7	0	156635286	159138663	0.984269
chr7	1	2479153	159138663	0.0155786
chr7	2	20459	159138663	0.000128561
chr7	3	928	159138663	5.83139e-06
chr7	4	574	159138663	3.60692e-06
chr7	5	323	159138663	2.02968e-06
chr7	6	295	159138663	1.85373e-06
chr7	7	220	159138663	1.38244e-06
chr7	8	183	159138663	1.14994e-06
chr7	9	152	159138663	9.55142e-07
chr7	10	154	159138663	9.6771e-07
chr7	11	127	159138663	7.98046e-07
chr7	12	93	159138663	5.84396e-07
chr7	13	99	159138663	6.22099e-07
chr7	14	60	159138663	3.7703e-07
chr7	15	86	159138663	5.40409e-07
chr7	16	51	159138663	3.20475e-07
chr7	17	45	159138663	2.82772e-07
chr7	18	48	159138663	3.01624e-07
chr7	19	48	159138663	3.01624e-07
chr7	20	49	159138663	3.07908e-07
chr7	21	56	159138663	3.51894e-07
chr7	22	38	159138663	2.38785e-07
chr7	23	25	159138663	1.57096e-07
chr7	24	26	159138663	1.6338e-07
chr7	25	26	159138663	1.6338e-07
chr7	26	20	159138663	1.25677e-07
chr7	27	18	159138663	1.13109e-07
chr7	28	7	159138663	4.39868e-08
chr7	29	5	159138663	3.14191e-08
chr7	30	4	159138663	2.51353e-08
chr7	31	4	159138663	2.51353e-08
chr7	33	1	159138663	6.28383e-09
chr8	0	142742922	146364022	0.97526
chr8	1	3532220	146364022	0.0241331
chr8	2	72651	146364022	0.000496372
chr8	3	5759	146364022	3.93471e-05
chr8	4	3002	146364022	2.05105e-05
chr8	5	2357	146364022	1.61037e-05
chr8	6	1643	146364022	1.12254e-05
chr8	7	1013	146364022	6.9211e-06
chr8	8	807	146364022	5.51365e-06
chr8	9	511	146364022	3.4913e-06
chr8	10	357	146364022	2.43912e-06
chr8	11	223	146364022	1.5236e-06
chr8	12	144	146364022	9.83848e-07
chr8	13	133	146364022	9.08693e-07
chr8	14	94	146364022	6.42234e-07
chr8	15	50	146364022	3.41614e-07
chr8	16	29	146364022	1.98136e-07
chr8	17	19	146364022	1.29813e-07
chr8	18	35	146364022	2.3913e-07
chr8	19	17	146364022	1.16149e-07
chr8	20	9	146364022	6.14905e-08
chr8	21	15	146364022	1.02484e-07
chr8	22	3	146364022	2.04968e-08
chr8	23	9	146364022	6.14905e-08
chr9	0	139701837	141213431	0.989296
chr9	1	1499025	141213431	0.0106153
chr9	2	11905	141213431	8.4305e-05
chr9	3	247	141213431	1.74913e-06
chr9	4	165	141213431	1.16844e-06
chr9	5	136	141213431	9.63081e-07
chr9	6	26	141213431	1.84118e-07
chr9	7	19	141213431	1.34548e-07
chr9	8	28	141213431	1.98281e-07
chr9	9	9	141213431	6.37333e-08
chr9	10	34	141213431	2.4077e-07
chr10	0	133522517	135534747	0.985153
chr10	1	1979072	135534747	0.014602
chr10	2	21119	135534747	0.00015582
chr10	3	2671	135534747	1.97071e-05
chr10	4	1441	135534747	1.0632e-05
chr10	5	1175	135534747	8.66936e-06
chr10	6	819	135534747	6.04273e-06
chr10	7	762	135534747	5.62217e-06
chr10	8	658	135534747	4.85484e-06
chr10	9	611	135534747	4.50807e-06
chr10	10	435	135534747	3.20951e-06
chr10	11	388	135534747	2.86273e-06
chr10	12	345	135534747	2.54547e-06
chr10	13	280	135534747	2.06589e-06
chr10	14	230	135534747	1.69698e-06
chr10	15	274	135534747	2.02162e-06
chr10	16	194	135534747	1.43137e-06
chr10	17	192	135534747	1.41661e-06
chr10	18	209	135534747	1.54204e-06
chr10	19	160	135534747	1.18051e-06
chr10	20	229	135534747	1.6896e-06
chr10	21	129	135534747	9.51785e-07
chr10	22	125	135534747	9.22273e-07
chr10	23	106	135534747	7.82087e-07
chr10	24	89	135534747	6.56658e-07
chr10	25	88	135534747	6.4928e-07
chr10	26	64	135534747	4.72204e-07
chr10	27	34	135534747	2.50858e-07
chr10	28	49	135534747	3.61531e-07
chr10	29	35	135534747	2.58236e-07
chr10	30	38	135534747	2.80371e-07
chr10	31	30	135534747	2.21345e-07
chr10	32	31	135534747	2.28724e-07
chr10	33	31	135534747	2.28724e-07
chr10	34	35	135534747	2.58236e-07
chr10	35	14	135534747	1.03295e-07
chr10	36	18	135534747	1.32807e-07
chr10	37	27	135534747	1.99211e-07
chr10	38	12	135534747	8.85382e-08
chr10	39	11	135534747	8.116e-08
chr11	0	132703904	135006516	0.982944
chr11	1	2275741	135006516	0.0168565
chr11	2	25073	135006516	0.000185717
chr11	3	508	135006516	3.76278e-06
chr11	4	527	135006516	3.90352e-06
chr11	5	163	135006516	1.20735e-06
chr11	6	193	135006516	1.42956e-06
chr11	7	73	135006516	5.40715e-07
chr11	8	178	135006516	1.31845e-06
chr11	9	28	135006516	2.07397e-07
chr11	10	37	135006516	2.74061e-07
chr11	11	13	135006516	9.62917e-08
chr11	12	15	135006516	1.11106e-07
chr11	13	16	135006516	1.18513e-07
chr11	14	15	135006516	1.11106e-07
chr11	15	8	135006516	5.92564e-08
chr11	16	18	135006516	1.33327e-07
chr11	17	6	135006516	4.44423e-08
chr12	0	132538945	133851895	0.990191
chr12	1	1306126	133851895	0.00975799
chr12	2	6647	133851895	4.96594e-05
chr12	3	113	133851895	8.44217e-07
chr12	4	29	133851895	2.16657e-07
chr12	5	35	133851895	2.61483e-07
chr13	0	114031319	115169878	0.990114
chr13	1	1132218	115169878	0.00983085
chr13	2	6341	115169878	5.50578e-05
chr14	0	106273962	107349540	0.989981
chr14	1	1068923	107349540	0.00995741
chr14	2	6607	107349540	6.15466e-05
chr14	3	29	107349540	2.70146e-07
chr14	4	19	107349540	1.76992e-07
chr15	0	101532743	102531392	0.99026
chr15	1	990219	102531392	0.00965772
chr15	2	8359	102531392	8.15263e-05
chr15	3	71	102531392	6.92471e-07
chr16	0	89193467	90354753	0.987147
chr16	1	1119037	90354753	0.0123849
chr16	2	13804	90354753	0.000152776
chr16	3	4362	90354753	4.82764e-05
chr16	4	4006	90354753	4.43363e-05
chr16	5	3668	90354753	4.05955e-05
chr16	6	3599	90354753	3.98319e-05
chr16	7	3212	90354753	3.55488e-05
chr16	8	2694	90354753	2.98158e-05
chr16	9	1891	90354753	2.09286e-05
chr16	10	1387	90354753	1.53506e-05
chr16	11	1140	90354753	1.26169e-05
chr16	12	801	90354753	8.86506e-06
chr16	13	571	90354753	6.31953e-06
chr16	14	370	90354753	4.09497e-06
chr16	15	272	90354753	3.01036e-06
chr16	16	184	90354753	2.03642e-06
chr16	17	142	90354753	1.57158e-06
chr16	18	81	90354753	8.96466e-07
chr16	19	36	90354753	3.9843e-07
chr16	20	16	90354753	1.7708e-07
chr16	21	6	90354753	6.64049e-08
chr16	22	6	90354753	6.64049e-08
chr16	23	1	90354753	1.10675e-08
chr17	0	80469293	81195210	0.99106
chr17	1	718914	81195210	0.00885414
chr17	2	6227	81195210	7.66917e-05
chr17	3	473	81195210	5.82547e-06
chr17	4	97	81195210	1.19465e-06
chr17	5	150	81195210	1.8474e-06
chr17	6	17	81195210	2.09372e-07
chr17	7	39	81195210	4.80324e-07
chr18	0	77180100	78077248	0.988509
chr18	1	889396	78077248	0.0113912
chr18	2	6649	78077248	8.51592e-05
chr18	3	197	78077248	2.52314e-06
chr18	4	179	78077248	2.2926e-06
chr18	5	146	78077248	1.86994e-06
chr18	6	93	78077248	1.19113e-06
chr18	7	55	78077248	7.04431e-07
chr18	8	88	78077248	1.12709e-06
chr18	9	50	78077248	6.40391e-07
chr18	10	68	78077248	8.70932e-07
chr18	11	30	78077248	3.84235e-07
chr18	12	29	78077248	3.71427e-07
chr18	13	33	78077248	4.22658e-07
chr18	14	31	78077248	3.97043e-07
chr18	15	23	78077248	2.9458e-07
chr18	16	10	78077248	1.28078e-07
chr18	17	5	78077248	6.40391e-08
chr18	18	15	78077248	1.92117e-07
chr18	19	10	78077248	1.28078e-07
chr18	20	20	78077248	2.56157e-07
chr18	21	11	78077248	1.40886e-07
chr18	22	10	78077248	1.28078e-07
chr19	0	58582287	59128983	0.990754
chr19	1	540260	59128983	0.00913697
chr19	2	3948	59128983	6.67693e-05
chr19	3	513	59128983	8.67595e-06
chr19	4	288	59128983	4.87071e-06
chr19	5	326	59128983	5.51337e-06
chr19	6	164	59128983	2.7736e-06
chr19	7	192	59128983	3.24714e-06
chr19	8	172	59128983	2.90889e-06
chr19	9	151	59128983	2.55374e-06
chr19	10	126	59128983	2.13093e-06
chr19	11	129	59128983	2.18167e-06
chr19	12	67	59128983	1.13312e-06
chr19	13	17	59128983	2.87507e-07
chr19	14	26	59128983	4.39717e-07
chr19	15	60	59128983	1.01473e-06
chr19	16	19	59128983	3.21331e-07
chr19	17	18	59128983	3.04419e-07
chr19	18	25	59128983	4.22805e-07
chr19	19	31	59128983	5.24278e-07
chr19	20	18	59128983	3.04419e-07
chr19	21	7	59128983	1.18385e-07
chr19	22	6	59128983	1.01473e-07
chr19	23	10	59128983	1.69122e-07
chr19	24	12	59128983	2.02946e-07
chr19	25	11	59128983	1.86034e-07
chr19	26	9	59128983	1.5221e-07
chr19	27	8	59128983	1.35297e-07
chr19	28	8	59128983	1.35297e-07
chr19	29	3	59128983	5.07365e-08
chr19	30	3	59128983	5.07365e-08
chr19	31	6	59128983	1.01473e-07
chr19	32	5	59128983	8.45609e-08
chr19	33	13	59128983	2.19858e-07
chr19	34	17	59128983	2.87507e-07
chr19	35	5	59128983	8.45609e-08
chr19	36	1	59128983	1.69122e-08
chr19	37	5	59128983	8.45609e-08
chr19	38	8	59128983	1.35297e-07
chr19	39	5	59128983	8.45609e-08
chr19	40	2	59128983	3.38244e-08
chr19	41	2	59128983	3.38244e-08
chr20	0	62097312	63025520	0.985273
chr20	1	921072	63025520	0.0146143
chr20	2	6975	63025520	0.000110669
chr20	3	55	63025520	8.72662e-07
chr20	4	8	63025520	1.26933e-07
chr20	5	48	63025520	7.61596e-07
chr20	6	10	63025520	1.58666e-07
chr20	7	4	63025520	6.34664e-08
chr20	8	21	63025520	3.33198e-07
chr20	9	15	63025520	2.37999e-07
chr21	0	46896527	48129895	0.974374
chr21	1	1206414	48129895	0.0250658
chr21	2	25730	48129895	0.000534595
chr21	3	723	48129895	1.50218e-05
chr21	4	240	48129895	4.98651e-06
chr21	5	112	48129895	2.32704e-06
chr21	6	36	48129895	7.47976e-07
chr21	7	49	48129895	1.01808e-06
chr21	8	19	48129895	3.94765e-07
chr21	9	10	48129895	2.07771e-07
chr21	10	6	48129895	1.24663e-07
chr21	11	4	48129895	8.31084e-08
chr21	12	6	48129895	1.24663e-07
chr21	13	6	48129895	1.24663e-07
chr21	14	13	48129895	2.70102e-07
chr22	0	50748687	51304566	0.989165
chr22	1	551112	51304566	0.010742
chr22	2	4657	51304566	9.07716e-05
chr22	3	53	51304566	1.03305e-06
chr22	4	1	51304566	1.94914e-08
chr22	5	3	51304566	5.84743e-08
chr22	6	1	51304566	1.94914e-08
chr22	7	2	51304566	3.89829e-08
chr22	8	2	51304566	3.89829e-08
chr22	9	1	51304566	1.94914e-08
chr22	10	3	51304566	5.84743e-08
chr22	11	1	51304566	1.94914e-08
chr22	12	7	51304566	1.3644e-07
chr22	13	3	51304566	5.84743e-08
chr22	14	8	51304566	1.55932e-07
chr22	15	25	51304566	4.87286e-07
chrX	0	154028063	155270560	0.991998
chrX	1	1235493	155270560	0.00795703
chrX	2	6377	155270560	4.10702e-05
chrX	3	453	155270560	2.91749e-06
chrX	4	127	155270560	8.17927e-07
chrX	5	17	155270560	1.09486e-07
chrX	6	9	155270560	5.79633e-08
chrX	7	21	155270560	1.35248e-07
chrY	0	59306451	59373566	0.99887
chrY	1	62105	59373566	0.001046
chrY	2	3379	59373566	5.69108e-05
chrY	3	863	59373566	1.45351e-05
chrY	4	262	59373566	4.41274e-06
chrY	5	341	59373566	5.7433e-06
chrY	6	60	59373566	1.01055e-06
chrY	7	45	59373566	7.57913e-07
chrY	8	21	59373566	3.53693e-07
chrY	9	2	59373566	3.3685e-08
chrY	10	6	59373566	1.01055e-07
chrY	11	11	59373566	1.85268e-07
chrY	12	7	59373566	1.17898e-07
chrY	13	13	59373566	2.18953e-07
chr1_gl000191_random	0	105983	106433	0.995772
chr1_gl000191_random	1	450	106433	0.00422801
chr1_gl000192_random	0	537966	547496	0.982593
chr1_gl000192_random	1	9510	547496	0.01737
chr1_gl000192_random	2	20	547496	3.65299e-05
chr4_ctg9_hap1	0	588026	590426	0.995935
chr4_ctg9_hap1	1	2400	590426	0.00406486
chr4_gl000193_random	0	182966	189789	0.96405
chr4_gl000193_random	1	6646	189789	0.0350178
chr4_gl000193_random	2	177	189789	0.000932615
chr4_gl000194_random	0	186082	191469	0.971865
chr4_gl000194_random	1	5374	191469	0.0280672
chr4_gl000194_random	2	13	191469	6.78961e-05
chr6_apd_hap1	0	4617090	4622290	0.998875
chr6_apd_hap1	1	5200	4622290	0.00112498
chr6_cox_hap2	0	4783525	4795371	0.99753
chr6_cox_hap2	1	11842	4795371	0.00246946
chr6_cox_hap2	2	4	4795371	8.34138e-07
chr6_dbb_hap3	0	4600716	4610396	0.9979
chr6_dbb_hap3	1	9660	4610396	0.00209526
chr6_dbb_hap3	2	20	4610396	4.33802e-06
chr6_mann_hap4	0	4672909	4683263	0.997789
chr6_mann_hap4	1	10308	4683263	0.00220103
chr6_mann_hap4	2	46	4683263	9.82221e-06
chr6_mcf_hap5	0	4824798	4833398	0.998221
chr6_mcf_hap5	1	8600	4833398	0.00177929
chr6_qbl_hap6	0	4600734	4611984	0.997561
chr6_qbl_hap6	1	11250	4611984	0.0024393
chr6_ssto_hap7	0	4918767	4928567	0.998012
chr6_ssto_hap7	1	9800	4928567	0.00198841
chr7_gl000195_random	0	172184	182896	0.941431
chr7_gl000195_random	1	10424	182896	0.0569941
chr7_gl000195_random	2	288	182896	0.00157467
chr8_gl000196_random	0	38564	38914	0.991006
chr8_gl000196_random	1	350	38914	0.00899419
chr8_gl000197_random	0	36975	37175	0.99462
chr8_gl000197_random	1	200	37175	0.00537996
chr9_gl000198_random	0	87581	90085	0.972204
chr9_gl000198_random	1	2314	90085	0.0256869
chr9_gl000198_random	2	184	90085	0.00204252
chr9_gl000198_random	3	6	90085	6.66038e-05
chr9_gl000199_random	0	150659	169874	0.886887
chr9_gl000199_random	1	15336	169874	0.0902787
chr9_gl000199_random	2	2765	169874	0.0162768
chr9_gl000199_random	3	638	169874	0.00375572
chr9_gl000199_random	4	165	169874	0.000971308
chr9_gl000199_random	5	89	169874	0.000523918
chr9_gl000199_random	6	70	169874	0.00041207
chr9_gl000199_random	7	54	169874	0.000317883
chr9_gl000199_random	8	22	169874	0.000129508
chr9_gl000199_random	9	7	169874	4.1207e-05
chr9_gl000199_random	10	22	169874	0.000129508
chr9_gl000199_random	11	7	169874	4.1207e-05
chr9_gl000199_random	12	3	169874	1.76601e-05
chr9_gl000199_random	13	8	169874	4.70937e-05
chr9_gl000199_random	14	2	169874	1.17734e-05
chr9_gl000199_random	15	2	169874	1.17734e-05
chr9_gl000199_random	16	8	169874	4.70937e-05
chr9_gl000199_random	17	5	169874	2.94336e-05
chr9_gl000199_random	18	8	169874	4.70937e-05
chr9_gl000199_random	19	4	169874	2.35469e-05
chr9_gl000200_random	0	186172	187035	0.995386
chr9_gl000200_random	1	826	187035	0.00441629
chr9_gl000200_random	2	37	187035	0.000197824
chr9_gl000201_random	0	36048	36148	0.997234
chr9_gl000201_random	1	100	36148	0.0027664
chr11_gl000202_random	0	39703	40103	0.990026
chr11_gl000202_random	1	400	40103	0.00997432
chr17_ctg5_hap1	0	1676828	1680828	0.99762
chr17_ctg5_hap1	1	4000	1680828	0.00237978
chr17_gl000203_random	0	36848	37498	0.982666
chr17_gl000203_random	1	650	37498	0.0173343
chr17_gl000204_random	0	81010	81310	0.99631
chr17_gl000204_random	1	300	81310	0.00368958
chr17_gl000205_random	0	167382	174588	0.958726
chr17_gl000205_random	1	7012	174588	0.0401631
chr17_gl000205_random	2	194	174588	0.00111119
chr17_gl000206_random	0	40901	41001	0.997561
chr17_gl000206_random	1	100	41001	0.00243896
chr18_gl000207_random	0	4212	4262	0.988268
chr18_gl000207_random	1	50	4262	0.0117316
chr19_gl000208_random	0	88926	92689	0.959402
chr19_gl000208_random	1	3351	92689	0.0361532
chr19_gl000208_random	2	370	92689	0.00399184
chr19_gl000208_random	3	9	92689	9.70989e-05
chr19_gl000208_random	4	33	92689	0.000356029
chr19_gl000209_random	0	158569	159169	0.99623
chr19_gl000209_random	1	600	159169	0.00376958
chr21_gl000210_random	0	27332	27682	0.987356
chr21_gl000210_random	1	350	27682	0.0126436
chrUn_gl000211	0	162807	166566	0.977432
chrUn_gl000211	1	3718	166566	0.0223215
chrUn_gl000211	2	41	166566	0.000246149
chrUn_gl000212	0	183725	186858	0.983233
chrUn_gl000212	1	2947	186858	0.0157713
chrUn_gl000212	2	155	186858	0.000829507
chrUn_gl000212	3	31	186858	0.000165901
chrUn_gl000213	0	161539	164239	0.983561
chrUn_gl000213	1	2700	164239	0.0164395
chrUn_gl000214	0	125111	137718	0.908458
chrUn_gl000214	1	9866	137718	0.0716392
chrUn_gl000214	2	1978	137718	0.0143627
chrUn_gl000214	3	624	137718	0.004531
chrUn_gl000214	4	139	137718	0.00100931
chrUn_gl000215	0	170595	172545	0.988699
chrUn_gl000215	1	1950	172545	0.0113014
chrUn_gl000216	0	157983	172294	0.916938
chrUn_gl000216	1	11884	172294	0.0689751
chrUn_gl000216	2	1400	172294	0.00812565
chrUn_gl000216	3	460	172294	0.00266986
chrUn_gl000216	4	229	172294	0.00132912
chrUn_gl000216	5	116	172294	0.000673268
chrUn_gl000216	6	130	172294	0.000754524
chrUn_gl000216	7	26	172294	0.000150905
chrUn_gl000216	8	66	172294	0.000383066
chrUn_gl000217	0	166481	172149	0.967075
chrUn_gl000217	1	5536	172149	0.0321582
chrUn_gl000217	2	132	172149	0.000766778
chrUn_gl000218	0	157276	161147	0.975978
chrUn_gl000218	1	3792	161147	0.0235313
chrUn_gl000218	2	79	161147	0.000490236
chrUn_gl000219	0	171057	179198	0.95457
chrUn_gl000219	1	7882	179198	0.0439849
chrUn_gl000219	2	259	179198	0.00144533
chrUn_gl000220	0	105149	161802	0.649862
chrUn_gl000220	1	20934	161802	0.12938
chrUn_gl000220	2	10289	161802	0.0635901
chrUn_gl000220	3	7645	161802	0.0472491
chrUn_gl000220	4	5899	161802	0.0364581
chrUn_gl000220	5	4686	161802	0.0289613
chrUn_gl000220	6	3107	161802	0.0192025
chrUn_gl000220	7	1931	161802	0.0119343
chrUn_gl000220	8	1052	161802	0.00650177
chrUn_gl000220	9	549	161802	0.00339304
chrUn_gl000220	10	324	161802	0.00200245
chrUn_gl000220	11	120	161802	0.000741647
chrUn_gl000220	12	64	161802	0.000395545
chrUn_gl000220	13	20	161802	0.000123608
chrUn_gl000220	14	24	161802	0.000148329
chrUn_gl000220	15	7	161802	4.32628e-05
chrUn_gl000220	16	2	161802	1.23608e-05
chrUn_gl000221	0	149500	155397	0.962052
chrUn_gl000221	1	5794	155397	0.0372851
chrUn_gl000221	2	103	155397	0.000662818
chrUn_gl000222	0	185101	186861	0.990581
chrUn_gl000222	1	1720	186861	0.0092047
chrUn_gl000222	2	40	186861	0.000214063
chrUn_gl000223	0	179755	180455	0.996121
chrUn_gl000223	1	700	180455	0.00387908
chrUn_gl000224	0	167090	179693	0.929864
chrUn_gl000224	1	11215	179693	0.062412
chrUn_gl000224	2	1131	179693	0.00629407
chrUn_gl000224	3	181	179693	0.00100727
chrUn_gl000224	4	50	179693	0.000278252
chrUn_gl000224	5	26	179693	0.000144691
chrUn_gl000225	0	186973	211173	0.885402
chrUn_gl000225	1	20164	211173	0.0954857
chrUn_gl000225	2	2980	211173	0.0141117
chrUn_gl000225	3	719	211173	0.00340479
chrUn_gl000225	4	155	211173	0.000733995
chrUn_gl000225	5	96	211173	0.000454604
chrUn_gl000225	6	26	211173	0.000123122
chrUn_gl000225	7	31	211173	0.000146799
chrUn_gl000225	8	15	211173	7.10318e-05
chrUn_gl000225	9	14	211173	6.62964e-05
chrUn_gl000226	0	1160	15008	0.0772921
chrUn_gl000226	1	1315	15008	0.0876199
chrUn_gl000226	2	1748	15008	0.116471
chrUn_gl000226	3	1963	15008	0.130797
chrUn_gl000226	4	2108	15008	0.140458
chrUn_gl000226	5	1805	15008	0.120269
chrUn_gl000226	6	1492	15008	0.0994136
chrUn_gl000226	7	1017	15008	0.0677639
chrUn_gl000226	8	763	15008	0.0508396
chrUn_gl000226	9	483	15008	0.0321828
chrUn_gl000226	10	342	15008	0.0227878
chrUn_gl000226	11	336	15008	0.0223881
chrUn_gl000226	12	140	15008	0.00932836
chrUn_gl000226	13	126	15008	0.00839552
chrUn_gl000226	14	99	15008	0.00659648
chrUn_gl000226	15	52	15008	0.00346482
chrUn_gl000226	16	41	15008	0.00273188
chrUn_gl000226	17	9	15008	0.00059968
chrUn_gl000226	18	9	15008	0.00059968
chrUn_gl000227	0	127121	128374	0.990239
chrUn_gl000227	1	1206	128374	0.00939443
chrUn_gl000227	2	47	128374	0.000366118
chrUn_gl000228	0	126465	129120	0.979438
chrUn_gl000228	1	2248	129120	0.0174102
chrUn_gl000228	2	306	129120	0.00236989
chrUn_gl000228	3	64	129120	0.000495663
chrUn_gl000228	4	37	129120	0.000286555
chrUn_gl000229	0	19363	19913	0.97238
chrUn_gl000229	1	550	19913	0.0276201
chrUn_gl000230	0	42643	43691	0.976013
chrUn_gl000230	1	1046	43691	0.0239409
chrUn_gl000230	2	2	43691	4.5776e-05
chrUn_gl000231	0	26786	27386	0.978091
chrUn_gl000231	1	600	27386	0.021909
chrUn_gl000232	0	38176	40652	0.939093
chrUn_gl000232	1	2302	40652	0.056627
chrUn_gl000232	2	174	40652	0.00428023
chrUn_gl000233	0	44955	45941	0.978538
chrUn_gl000233	1	972	45941	0.0211576
chrUn_gl000233	2	14	45941	0.000304739
chrUn_gl000234	0	38289	40531	0.944684
chrUn_gl000234	1	2234	40531	0.0551183
chrUn_gl000234	2	8	40531	0.00019738
chrUn_gl000235	0	31959	34474	0.927046
chrUn_gl000235	1	2480	34474	0.0719383
chrUn_gl000235	2	35	34474	0.00101526
chrUn_gl000236	0	41334	41934	0.985692
chrUn_gl000236	1	600	41934	0.0143082
chrUn_gl000237	0	43817	45867	0.955306
chrUn_gl000237	1	2050	45867	0.0446944
chrUn_gl000238	0	39239	39939	0.982473
chrUn_gl000238	1	700	39939	0.0175267
chrUn_gl000239	0	31541	33824	0.932504
chrUn_gl000239	1	2266	33824	0.0669938
chrUn_gl000239	2	17	33824	0.000502602
chrUn_gl000240	0	40633	41933	0.968998
chrUn_gl000240	1	1300	41933	0.0310018
chrUn_gl000241	0	39396	42152	0.934618
chrUn_gl000241	1	2662	42152	0.0631524
chrUn_gl000241	2	94	42152	0.00223002
chrUn_gl000242	0	43173	43523	0.991958
chrUn_gl000242	1	350	43523	0.00804173
chrUn_gl000243	0	41733	43341	0.962899
chrUn_gl000243	1	1466	43341	0.0338248
chrUn_gl000243	2	142	43341	0.00327634
chrUn_gl000244	0	39079	39929	0.978712
chrUn_gl000244	1	850	39929	0.0212878
chrUn_gl000245	0	35446	36651	0.967122
chrUn_gl000245	1	1160	36651	0.0316499
chrUn_gl000245	2	45	36651	0.0012278
chrUn_gl000246	0	37654	38154	0.986895
chrUn_gl000246	1	500	38154	0.0131048
chrUn_gl000247	0	35772	36422	0.982154
chrUn_gl000247	1	650	36422	0.0178464
chrUn_gl000248	0	39436	39786	0.991203
chrUn_gl000248	1	350	39786	0.00879706
chrUn_gl000249	0	38152	38502	0.99091
chrUn_gl000249	1	350	38502	0.00909044
genome	0	3098287937	3137161264	0.987609
genome	1	38289884	3137161264	0.0122053
genome	2	449310	3137161264	0.000143222
genome	3	41523	3137161264	1.32359e-05
genome	4	23090	3137161264	7.36016e-06
genome	5	17504	3137161264	5.57957e-06
genome	6	12676	3137161264	4.0406e-06
genome	7	9352	3137161264	2.98104e-06
genome	8	7335	3137161264	2.3381e-06
genome	9	5013	3137161264	1.59794e-06
genome	10	3731	3137161264	1.18929e-06
genome	11	2998	3137161264	9.55641e-07
genome	12	2027	3137161264	6.46126e-07
genome	13	1635	3137161264	5.21172e-07
genome	14	1270	3137161264	4.04825e-07
genome	15	1092	3137161264	3.48085e-07
genome	16	760	3137161264	2.42257e-07
genome	17	562	3137161264	1.79143e-07
genome	18	528	3137161264	1.68305e-07
genome	19	403	3137161264	1.2846e-07
genome	20	423	3137161264	1.34835e-07
genome	21	297	3137161264	9.46716e-08
genome	22	254	3137161264	8.09649e-08
genome	23	199	3137161264	6.34331e-08
genome	24	176	3137161264	5.61017e-08
genome	25	173	3137161264	5.51454e-08
genome	26	121	3137161264	3.85699e-08
genome	27	77	3137161264	2.45445e-08
genome	28	79	3137161264	2.5182e-08
genome	29	66	3137161264	2.10381e-08
genome	30	72	3137161264	2.29507e-08
genome	31	61	3137161264	1.94443e-08
genome	32	61	3137161264	1.94443e-08
genome	33	66	3137161264	2.10381e-08
genome	34	74	3137161264	2.35882e-08
genome	35	36	3137161264	1.14753e-08
genome	36	35	3137161264	1.11566e-08
genome	37	45	3137161264	1.43442e-08
genome	38	29	3137161264	9.24403e-09
genome	39	25	3137161264	7.96899e-09
genome	40	18	3137161264	5.73767e-09
genome	41	21	3137161264	6.69395e-09
genome	42	19	3137161264	6.05643e-09
genome	43	13	3137161264	4.14387e-09
genome	44	11	3137161264	3.50635e-09
genome	45	7	3137161264	2.23132e-09
genome	46	9	3137161264	2.86884e-09
genome	47	7	3137161264	2.23132e-09
genome	48	4	3137161264	1.27504e-09
genome	49	7	3137161264	2.23132e-09
genome	50	10	3137161264	3.1876e-09
genome	51	12	3137161264	3.82511e-09
genome	52	11	3137161264	3.50635e-09
genome	53	18	3137161264	5.73767e-09
genome	54	20	3137161264	6.37519e-09
genome	55	35	3137161264	1.11566e-08
genome	56	21	3137161264	6.69395e-09
genome	57	9	3137161264	2.86884e-09
genome	58	8	3137161264	2.55008e-09
genome	59	4	3137161264	1.27504e-09
genome	60	1	3137161264	3.1876e-10
