chrM	0	8489	16571	0.51228
chrM	1	5036	16571	0.303904
chrM	2	2305	16571	0.139098
chrM	3	613	16571	0.0369923
chrM	4	125	16571	0.0075433
chrM	5	3	16571	0.000181039
chr1	0	244988485	249250621	0.9829
chr1	1	4204451	249250621	0.0168684
chr1	2	55096	249250621	0.000221047
chr1	3	1037	249250621	4.16047e-06
chr1	4	203	249250621	8.14441e-07
chr1	5	118	249250621	4.73419e-07
chr1	6	38	249250621	1.52457e-07
chr1	7	30	249250621	1.20361e-07
chr1	8	22	249250621	8.82646e-08
chr1	9	20	249250621	8.02405e-08
chr1	10	52	249250621	2.08625e-07
chr1	11	22	249250621	8.82646e-08
chr1	12	16	249250621	6.41924e-08
chr1	13	19	249250621	7.62285e-08
chr1	14	20	249250621	8.02405e-08
chr1	15	36	249250621	1.44433e-07
chr1	16	56	249250621	2.24673e-07
chr1	17	42	249250621	1.68505e-07
chr1	18	43	249250621	1.72517e-07
chr1	19	44	249250621	1.76529e-07
chr1	20	42	249250621	1.68505e-07
chr1	21	39	249250621	1.56469e-07
chr1	22	41	249250621	1.64493e-07
chr1	23	38	249250621	1.52457e-07
chr1	24	55	249250621	2.20661e-07
chr1	25	31	249250621	1.24373e-07
chr1	26	29	249250621	1.16349e-07
chr1	27	38	249250621	1.52457e-07
chr1	28	38	249250621	1.52457e-07
chr1	29	31	249250621	1.24373e-07
chr1	30	12	249250621	4.81443e-08
chr1	31	14	249250621	5.61684e-08
chr1	32	22	249250621	8.82646e-08
chr1	33	21	249250621	8.42525e-08
chr1	34	16	249250621	6.41924e-08
chr1	35	10	249250621	4.01203e-08
chr1	36	18	249250621	7.22165e-08
chr1	37	12	249250621	4.81443e-08
chr1	38	10	249250621	4.01203e-08
chr1	39	10	249250621	4.01203e-08
chr1	40	12	249250621	4.81443e-08
chr1	41	17	249250621	6.82044e-08
chr1	42	7	249250621	2.80842e-08
chr1	43	6	249250621	2.40722e-08
chr1	44	5	249250621	2.00601e-08
chr1	45	8	249250621	3.20962e-08
chr1	46	6	249250621	2.40722e-08
chr1	47	7	249250621	2.80842e-08
chr1	48	4	249250621	1.60481e-08
chr1	49	16	249250621	6.41924e-08
chr1	50	12	249250621	4.81443e-08
chr1	51	15	249250621	6.01804e-08
chr1	52	18	249250621	7.22165e-08
chr1	53	11	249250621	4.41323e-08
chr1	54	25	249250621	1.00301e-07
chr1	55	19	249250621	7.62285e-08
chr1	56	17	249250621	6.82044e-08
chr1	57	13	249250621	5.21563e-08
chr1	58	14	249250621	5.61684e-08
chr1	59	6	249250621	2.40722e-08
chr1	60	5	249250621	2.00601e-08
chr1	61	1	249250621	4.01203e-09
chr2	0	240756177	243199373	0.989954
chr2	1	2417951	243199373	0.00994226
chr2	2	18286	243199373	7.51893e-05
chr2	3	3554	243199373	1.46135e-05
chr2	4	1450	243199373	5.96219e-06
chr2	5	861	243199373	3.54031e-06
chr2	6	398	243199373	1.63652e-06
chr2	7	245	243199373	1.0074e-06
chr2	8	150	243199373	6.16778e-07
chr2	9	73	243199373	3.00165e-07
chr2	10	71	243199373	2.91942e-07
chr2	11	58	243199373	2.38487e-07
chr2	12	54	243199373	2.2204e-07
chr2	13	26	243199373	1.06908e-07
chr2	14	19	243199373	7.81252e-08
chr3	0	195616964	198022430	0.987853
chr3	1	2389747	198022430	0.0120681
chr3	2	15504	198022430	7.82942e-05
chr3	3	103	198022430	5.20143e-07
chr3	4	5	198022430	2.52497e-08
chr3	5	4	198022430	2.01997e-08
chr3	6	4	198022430	2.01997e-08
chr3	7	3	198022430	1.51498e-08
chr3	8	2	198022430	1.00999e-08
chr3	9	5	198022430	2.52497e-08
chr3	10	4	198022430	2.01997e-08
chr3	11	5	198022430	2.52497e-08
chr3	12	4	198022430	2.01997e-08
chr3	13	5	198022430	2.52497e-08
chr3	14	6	198022430	3.02996e-08
chr3	15	4	198022430	2.01997e-08
chr3	16	2	198022430	1.00999e-08
chr3	17	7	198022430	3.53495e-08
chr3	18	4	198022430	2.01997e-08
chr3	19	7	198022430	3.53495e-08
chr3	20	2	198022430	1.00999e-08
chr3	21	5	198022430	2.52497e-08
chr3	22	10	198022430	5.04993e-08
chr3	23	13	198022430	6.56491e-08
chr3	24	7	198022430	3.53495e-08
chr3	25	4	198022430	2.01997e-08
chr4	0	189687406	191154276	0.992326
chr4	1	1452459	191154276	0.00759836
chr4	2	10487	191154276	5.48614e-05
chr4	3	2042	191154276	1.06825e-05
chr4	4	948	191154276	4.95935e-06
chr4	5	523	191154276	2.73601e-06
chr4	6	149	191154276	7.79475e-07
chr4	7	66	191154276	3.45271e-07
chr4	8	70	191154276	3.66196e-07
chr4	9	46	191154276	2.40643e-07
chr4	10	35	191154276	1.83098e-07
chr4	11	36	191154276	1.8833e-07
chr4	12	9	191154276	4.70824e-08
chr5	0	179227878	180915260	0.990673
chr5	1	1677985	180915260	0.00927498
chr5	2	9244	180915260	5.10957e-05
chr5	3	103	180915260	5.69327e-07
chr5	4	5	180915260	2.76372e-08
chr5	5	4	180915260	2.21098e-08
chr5	6	9	180915260	4.9747e-08
chr5	7	32	180915260	1.76878e-07
chr6	0	167661446	171115067	0.979817
chr6	1	3323325	171115067	0.0194216
chr6	2	117300	171115067	0.000685504
chr6	3	8633	171115067	5.04514e-05
chr6	4	783	171115067	4.57587e-06
chr6	5	274	171115067	1.60126e-06
chr6	6	304	171115067	1.77658e-06
chr6	7	297	171115067	1.73567e-06
chr6	8	332	171115067	1.94021e-06
chr6	9	257	171115067	1.50191e-06
chr6	10	301	171115067	1.75905e-06
chr6	11	349	171115067	2.03956e-06
chr6	12	301	171115067	1.75905e-06
chr6	13	312	171115067	1.82333e-06
chr6	14	253	171115067	1.47854e-06
chr6	15	161	171115067	9.40887e-07
chr6	16	164	171115067	9.58419e-07
chr6	17	124	171115067	7.24659e-07
chr6	18	78	171115067	4.55834e-07
chr6	19	42	171115067	2.45449e-07
chr6	20	18	171115067	1.05192e-07
chr6	21	5	171115067	2.92201e-08
chr6	22	5	171115067	2.92201e-08
chr6	23	3	171115067	1.75321e-08
chr7	0	156767259	159138663	0.985099
chr7	1	2349291	159138663	0.0147625
chr7	2	18389	159138663	0.000115553
chr7	3	915	159138663	5.7497e-06
chr7	4	492	159138663	3.09164e-06
chr7	5	468	159138663	2.94083e-06
chr7	6	350	159138663	2.19934e-06
chr7	7	282	159138663	1.77204e-06
chr7	8	125	159138663	7.85479e-07
chr7	9	122	159138663	7.66627e-07
chr7	10	144	159138663	9.04871e-07
chr7	11	115	159138663	7.2264e-07
chr7	12	72	159138663	4.52436e-07
chr7	13	61	159138663	3.83314e-07
chr7	14	68	159138663	4.273e-07
chr7	15	70	159138663	4.39868e-07
chr7	16	51	159138663	3.20475e-07
chr7	17	71	159138663	4.46152e-07
chr7	18	79	159138663	4.96422e-07
chr7	19	62	159138663	3.89597e-07
chr7	20	33	159138663	2.07366e-07
chr7	21	25	159138663	1.57096e-07
chr7	22	43	159138663	2.70205e-07
chr7	23	45	159138663	2.82772e-07
chr7	24	22	159138663	1.38244e-07
chr7	25	9	159138663	5.65545e-08
chr8	0	143445169	146364022	0.980058
chr8	1	2858500	146364022	0.0195301
chr8	2	46245	146364022	0.000315959
chr8	3	4470	146364022	3.05403e-05
chr8	4	2898	146364022	1.97999e-05
chr8	5	2085	146364022	1.42453e-05
chr8	6	1434	146364022	9.79749e-06
chr8	7	1031	146364022	7.04408e-06
chr8	8	632	146364022	4.318e-06
chr8	9	539	146364022	3.6826e-06
chr8	10	324	146364022	2.21366e-06
chr8	11	221	146364022	1.50993e-06
chr8	12	146	146364022	9.97513e-07
chr8	13	106	146364022	7.24222e-07
chr8	14	65	146364022	4.44098e-07
chr8	15	36	146364022	2.45962e-07
chr8	16	45	146364022	3.07453e-07
chr8	17	27	146364022	1.84472e-07
chr8	18	21	146364022	1.43478e-07
chr8	19	13	146364022	8.88196e-08
chr8	20	15	146364022	1.02484e-07
chr9	0	139210544	141213431	0.985817
chr9	1	1977217	141213431	0.0140016
chr9	2	24594	141213431	0.000174162
chr9	3	589	141213431	4.17099e-06
chr9	4	135	141213431	9.56e-07
chr9	5	83	141213431	5.87763e-07
chr9	6	116	141213431	8.21452e-07
chr9	7	56	141213431	3.96563e-07
chr9	8	31	141213431	2.19526e-07
chr9	9	16	141213431	1.13304e-07
chr9	10	11	141213431	7.78963e-08
chr9	11	35	141213431	2.47852e-07
chr9	12	4	141213431	2.83259e-08
chr10	0	133735030	135534747	0.986721
chr10	1	1772264	135534747	0.0130761
chr10	2	16019	135534747	0.000118191
chr10	3	2441	135534747	1.80101e-05
chr10	4	1422	135534747	1.04918e-05
chr10	5	1217	135534747	8.97925e-06
chr10	6	996	135534747	7.34867e-06
chr10	7	750	135534747	5.53364e-06
chr10	8	712	135534747	5.25327e-06
chr10	9	490	135534747	3.61531e-06
chr10	10	301	135534747	2.22083e-06
chr10	11	318	135534747	2.34626e-06
chr10	12	289	135534747	2.13229e-06
chr10	13	280	135534747	2.06589e-06
chr10	14	236	135534747	1.74125e-06
chr10	15	212	135534747	1.56417e-06
chr10	16	149	135534747	1.09935e-06
chr10	17	188	135534747	1.3871e-06
chr10	18	204	135534747	1.50515e-06
chr10	19	218	135534747	1.60844e-06
chr10	20	175	135534747	1.29118e-06
chr10	21	154	135534747	1.13624e-06
chr10	22	98	135534747	7.23062e-07
chr10	23	74	135534747	5.45985e-07
chr10	24	86	135534747	6.34524e-07
chr10	25	77	135534747	5.6812e-07
chr10	26	47	135534747	3.46775e-07
chr10	27	49	135534747	3.61531e-07
chr10	28	57	135534747	4.20556e-07
chr10	29	42	135534747	3.09884e-07
chr10	30	36	135534747	2.65615e-07
chr10	31	37	135534747	2.72993e-07
chr10	32	24	135534747	1.77076e-07
chr10	33	21	135534747	1.54942e-07
chr10	34	12	135534747	8.85382e-08
chr10	35	8	135534747	5.90255e-08
chr10	36	9	135534747	6.64036e-08
chr10	37	4	135534747	2.95127e-08
chr10	38	1	135534747	7.37818e-09
chr11	0	132840947	135006516	0.98396
chr11	1	2142874	135006516	0.0158724
chr11	2	20915	135006516	0.000154918
chr11	3	532	135006516	3.94055e-06
chr11	4	450	135006516	3.33317e-06
chr11	5	357	135006516	2.64432e-06
chr11	6	204	135006516	1.51104e-06
chr11	7	107	135006516	7.92554e-07
chr11	8	40	135006516	2.96282e-07
chr11	9	53	135006516	3.92574e-07
chr11	10	5	135006516	3.70352e-08
chr11	11	3	135006516	2.22212e-08
chr11	12	15	135006516	1.11106e-07
chr11	13	14	135006516	1.03699e-07
chr12	0	132486267	133851895	0.989797
chr12	1	1357908	133851895	0.0101449
chr12	2	7533	133851895	5.62786e-05
chr12	3	95	133851895	7.0974e-07
chr12	4	33	133851895	2.46541e-07
chr12	5	25	133851895	1.86774e-07
chr12	6	4	133851895	2.98838e-08
chr12	7	30	133851895	2.24128e-07
chr13	0	113695014	115169878	0.987194
chr13	1	1462713	115169878	0.0127005
chr13	2	11966	115169878	0.000103899
chr13	3	185	115169878	1.60632e-06
chr14	0	106270806	107349540	0.989951
chr14	1	1070855	107349540	0.0099754
chr14	2	7730	107349540	7.20078e-05
chr14	3	111	107349540	1.03401e-06
chr14	4	38	107349540	3.53984e-07
chr15	0	101799875	102531392	0.992865
chr15	1	727007	102531392	0.00709058
chr15	2	4449	102531392	4.33916e-05
chr15	3	49	102531392	4.77902e-07
chr15	4	12	102531392	1.17037e-07
chr16	0	89392415	90354753	0.989349
chr16	1	924656	90354753	0.0102336
chr16	2	12009	90354753	0.000132909
chr16	3	4872	90354753	5.39208e-05
chr16	4	4427	90354753	4.89958e-05
chr16	5	3915	90354753	4.33292e-05
chr16	6	3287	90354753	3.63788e-05
chr16	7	2755	90354753	3.04909e-05
chr16	8	2023	90354753	2.23895e-05
chr16	9	1420	90354753	1.57158e-05
chr16	10	951	90354753	1.05252e-05
chr16	11	661	90354753	7.31561e-06
chr16	12	466	90354753	5.15745e-06
chr16	13	382	90354753	4.22778e-06
chr16	14	192	90354753	2.12496e-06
chr16	15	137	90354753	1.51625e-06
chr16	16	84	90354753	9.29669e-07
chr16	17	56	90354753	6.19779e-07
chr16	18	32	90354753	3.5416e-07
chr16	19	9	90354753	9.96074e-08
chr16	20	3	90354753	3.32025e-08
chr16	21	1	90354753	1.10675e-08
chr17	0	80193507	81195210	0.987663
chr17	1	990257	81195210	0.012196
chr17	2	10159	81195210	0.000125118
chr17	3	803	81195210	9.88975e-06
chr17	4	329	81195210	4.05196e-06
chr17	5	43	81195210	5.29588e-07
chr17	6	46	81195210	5.66536e-07
chr17	7	18	81195210	2.21688e-07
chr17	8	14	81195210	1.72424e-07
chr17	9	3	81195210	3.6948e-08
chr17	10	8	81195210	9.8528e-08
chr17	11	15	81195210	1.8474e-07
chr17	12	5	81195210	6.158e-08
chr17	13	3	81195210	3.6948e-08
chr18	0	77211000	78077248	0.988905
chr18	1	859340	78077248	0.0110063
chr18	2	5576	78077248	7.14164e-05
chr18	3	480	78077248	6.14776e-06
chr18	4	187	78077248	2.39506e-06
chr18	5	118	78077248	1.51132e-06
chr18	6	130	78077248	1.66502e-06
chr18	7	84	78077248	1.07586e-06
chr18	8	62	78077248	7.94085e-07
chr18	9	63	78077248	8.06893e-07
chr18	10	73	78077248	9.34971e-07
chr18	11	60	78077248	7.6847e-07
chr18	12	11	78077248	1.40886e-07
chr18	13	9	78077248	1.1527e-07
chr18	14	6	78077248	7.6847e-08
chr18	15	9	78077248	1.1527e-07
chr18	16	5	78077248	6.40391e-08
chr18	17	22	78077248	2.81772e-07
chr18	18	10	78077248	1.28078e-07
chr18	19	3	78077248	3.84235e-08
chr19	0	58502595	59128983	0.989406
chr19	1	619169	59128983	0.0104715
chr19	2	4579	59128983	7.74409e-05
chr19	3	513	59128983	8.67595e-06
chr19	4	418	59128983	7.06929e-06
chr19	5	271	59128983	4.5832e-06
chr19	6	231	59128983	3.90671e-06
chr19	7	123	59128983	2.0802e-06
chr19	8	156	59128983	2.6383e-06
chr19	9	122	59128983	2.06329e-06
chr19	10	118	59128983	1.99564e-06
chr19	11	116	59128983	1.96181e-06
chr19	12	101	59128983	1.70813e-06
chr19	13	92	59128983	1.55592e-06
chr19	14	35	59128983	5.91926e-07
chr19	15	30	59128983	5.07365e-07
chr19	16	52	59128983	8.79433e-07
chr19	17	52	59128983	8.79433e-07
chr19	18	10	59128983	1.69122e-07
chr19	19	19	59128983	3.21331e-07
chr19	20	11	59128983	1.86034e-07
chr19	21	15	59128983	2.53683e-07
chr19	22	19	59128983	3.21331e-07
chr19	23	19	59128983	3.21331e-07
chr19	24	22	59128983	3.72068e-07
chr19	25	17	59128983	2.87507e-07
chr19	26	16	59128983	2.70595e-07
chr19	27	27	59128983	4.56629e-07
chr19	28	11	59128983	1.86034e-07
chr19	29	2	59128983	3.38244e-08
chr19	30	5	59128983	8.45609e-08
chr19	31	5	59128983	8.45609e-08
chr19	32	5	59128983	8.45609e-08
chr19	33	5	59128983	8.45609e-08
chr19	34	1	59128983	1.69122e-08
chr19	35	1	59128983	1.69122e-08
chr20	0	61950503	63025520	0.982943
chr20	1	1063601	63025520	0.0168757
chr20	2	11109	63025520	0.000176262
chr20	3	247	63025520	3.91905e-06
chr20	4	11	63025520	1.74532e-07
chr20	5	4	63025520	6.34664e-08
chr20	6	14	63025520	2.22132e-07
chr20	7	6	63025520	9.51995e-08
chr20	8	25	63025520	3.96665e-07
chr21	0	47392392	48129895	0.984677
chr21	1	727579	48129895	0.015117
chr21	2	9149	48129895	0.00019009
chr21	3	456	48129895	9.47436e-06
chr21	4	104	48129895	2.16082e-06
chr21	5	76	48129895	1.57906e-06
chr21	6	34	48129895	7.06422e-07
chr21	7	32	48129895	6.64867e-07
chr21	8	21	48129895	4.36319e-07
chr21	9	20	48129895	4.15542e-07
chr21	10	19	48129895	3.94765e-07
chr21	11	13	48129895	2.70102e-07
chr22	0	50887723	51304566	0.991875
chr22	1	413080	51304566	0.00805152
chr22	2	3658	51304566	7.12997e-05
chr22	3	14	51304566	2.7288e-07
chr22	4	37	51304566	7.21183e-07
chr22	5	2	51304566	3.89829e-08
chr22	6	2	51304566	3.89829e-08
chr22	7	2	51304566	3.89829e-08
chr22	8	2	51304566	3.89829e-08
chr22	9	5	51304566	9.74572e-08
chr22	10	2	51304566	3.89829e-08
chr22	11	2	51304566	3.89829e-08
chr22	12	6	51304566	1.16949e-07
chr22	13	31	51304566	6.04235e-07
chrX	0	154081572	155270560	0.992342
chrX	1	1181064	155270560	0.00760649
chrX	2	7107	155270560	4.57717e-05
chrX	3	450	155270560	2.89817e-06
chrX	4	210	155270560	1.35248e-06
chrX	5	84	155270560	5.40991e-07
chrX	6	49	155270560	3.15578e-07
chrX	7	24	155270560	1.54569e-07
chrY	0	59312518	59373566	0.998972
chrY	1	56271	59373566	0.000947745
chrY	2	3202	59373566	5.39297e-05
chrY	3	796	59373566	1.34066e-05
chrY	4	336	59373566	5.65908e-06
chrY	5	216	59373566	3.63798e-06
chrY	6	37	59373566	6.23173e-07
chrY	7	54	59373566	9.09496e-07
chrY	8	53	59373566	8.92653e-07
chrY	9	35	59373566	5.89488e-07
chrY	10	15	59373566	2.52638e-07
chrY	11	9	59373566	1.51583e-07
chrY	12	4	59373566	6.737e-08
chrY	13	7	59373566	1.17898e-07
chrY	14	9	59373566	1.51583e-07
chrY	15	4	59373566	6.737e-08
chr1_gl000191_random	0	106183	106433	0.997651
chr1_gl000191_random	1	250	106433	0.0023489
chr1_gl000192_random	0	533767	547496	0.974924
chr1_gl000192_random	1	13658	547496	0.0249463
chr1_gl000192_random	2	71	547496	0.000129681
chr4_ctg9_hap1	0	587876	590426	0.995681
chr4_ctg9_hap1	1	2550	590426	0.00431892
chr4_gl000193_random	0	185700	189789	0.978455
chr4_gl000193_random	1	4078	189789	0.021487
chr4_gl000193_random	2	11	189789	5.79591e-05
chr4_gl000194_random	0	188311	191469	0.983506
chr4_gl000194_random	1	3116	191469	0.0162742
chr4_gl000194_random	2	42	191469	0.000219357
chr6_apd_hap1	0	4617240	4622290	0.998907
chr6_apd_hap1	1	5050	4622290	0.00109253
chr6_cox_hap2	0	4782909	4795371	0.997401
chr6_cox_hap2	1	12424	4795371	0.00259083
chr6_cox_hap2	2	38	4795371	7.92431e-06
chr6_dbb_hap3	0	4599996	4610396	0.997744
chr6_dbb_hap3	1	10400	4610396	0.00225577
chr6_mann_hap4	0	4672969	4683263	0.997802
chr6_mann_hap4	1	10288	4683263	0.00219676
chr6_mann_hap4	2	6	4683263	1.28116e-06
chr6_mcf_hap5	0	4825998	4833398	0.998469
chr6_mcf_hap5	1	7400	4833398	0.00153101
chr6_qbl_hap6	0	4601534	4611984	0.997734
chr6_qbl_hap6	1	10450	4611984	0.00226584
chr6_ssto_hap7	0	4917573	4928567	0.997769
chr6_ssto_hap7	1	10988	4928567	0.00222945
chr6_ssto_hap7	2	6	4928567	1.21739e-06
chr7_gl000195_random	0	175000	182896	0.956828
chr7_gl000195_random	1	7842	182896	0.0428768
chr7_gl000195_random	2	54	182896	0.00029525
chr8_gl000196_random	0	38422	38914	0.987357
chr8_gl000196_random	1	484	38914	0.0124377
chr8_gl000196_random	2	8	38914	0.000205582
chr8_gl000197_random	0	37075	37175	0.99731
chr8_gl000197_random	1	100	37175	0.00268998
chr9_gl000198_random	0	87509	90085	0.971405
chr9_gl000198_random	1	2452	90085	0.0272187
chr9_gl000198_random	2	124	90085	0.00137648
chr9_gl000199_random	0	145554	169874	0.856835
chr9_gl000199_random	1	19787	169874	0.11648
chr9_gl000199_random	2	3247	169874	0.0191142
chr9_gl000199_random	3	711	169874	0.00418545
chr9_gl000199_random	4	278	169874	0.00163651
chr9_gl000199_random	5	85	169874	0.000500371
chr9_gl000199_random	6	45	169874	0.000264902
chr9_gl000199_random	7	25	169874	0.000147168
chr9_gl000199_random	8	6	169874	3.53203e-05
chr9_gl000199_random	9	39	169874	0.000229582
chr9_gl000199_random	10	10	169874	5.88672e-05
chr9_gl000199_random	11	25	169874	0.000147168
chr9_gl000199_random	12	5	169874	2.94336e-05
chr9_gl000199_random	13	12	169874	7.06406e-05
chr9_gl000199_random	14	8	169874	4.70937e-05
chr9_gl000199_random	15	11	169874	6.47539e-05
chr9_gl000199_random	16	17	169874	0.000100074
chr9_gl000199_random	17	2	169874	1.17734e-05
chr9_gl000199_random	18	3	169874	1.76601e-05
chr9_gl000199_random	19	3	169874	1.76601e-05
chr9_gl000199_random	20	1	169874	5.88672e-06
chr9_gl000200_random	0	185185	187035	0.990109
chr9_gl000200_random	1	1850	187035	0.0098912
chr9_gl000201_random	0	36048	36148	0.997234
chr9_gl000201_random	1	100	36148	0.0027664
chr11_gl000202_random	0	39953	40103	0.99626
chr11_gl000202_random	1	150	40103	0.00374037
chr17_ctg5_hap1	0	1674828	1680828	0.99643
chr17_ctg5_hap1	1	6000	1680828	0.00356967
chr17_gl000203_random	0	36398	37498	0.970665
chr17_gl000203_random	1	1100	37498	0.0293349
chr17_gl000204_random	0	80610	81310	0.991391
chr17_gl000204_random	1	650	81310	0.0079941
chr17_gl000204_random	2	50	81310	0.000614931
chr17_gl000205_random	0	166497	174588	0.953657
chr17_gl000205_random	1	7782	174588	0.0445735
chr17_gl000205_random	2	309	174588	0.00176988
chr17_gl000206_random	0	40851	41001	0.996342
chr17_gl000206_random	1	150	41001	0.00365845
chr18_gl000207_random	0	4162	4262	0.976537
chr18_gl000207_random	1	100	4262	0.0234632
chr19_gl000208_random	0	88548	92689	0.955324
chr19_gl000208_random	1	3879	92689	0.0418496
chr19_gl000208_random	2	215	92689	0.00231958
chr19_gl000208_random	3	47	92689	0.000507072
chr19_gl000209_random	0	159019	159169	0.999058
chr19_gl000209_random	1	150	159169	0.000942395
chr21_gl000210_random	0	27432	27682	0.990969
chr21_gl000210_random	1	250	27682	0.00903114
chrUn_gl000211	0	163066	166566	0.978987
chrUn_gl000211	1	3500	166566	0.0210127
chrUn_gl000212	0	184392	186858	0.986803
chrUn_gl000212	1	2415	186858	0.0129243
chrUn_gl000212	2	18	186858	9.63298e-05
chrUn_gl000212	3	33	186858	0.000176605
chrUn_gl000213	0	162339	164239	0.988432
chrUn_gl000213	1	1900	164239	0.0115685
chrUn_gl000214	0	127137	137718	0.923169
chrUn_gl000214	1	8260	137718	0.0599776
chrUn_gl000214	2	1547	137718	0.0112331
chrUn_gl000214	3	608	137718	0.00441482
chrUn_gl000214	4	108	137718	0.000784211
chrUn_gl000214	5	58	137718	0.00042115
chrUn_gl000215	0	170845	172545	0.990147
chrUn_gl000215	1	1700	172545	0.0098525
chrUn_gl000216	0	159469	172294	0.925563
chrUn_gl000216	1	10332	172294	0.0599673
chrUn_gl000216	2	1393	172294	0.00808502
chrUn_gl000216	3	540	172294	0.00313418
chrUn_gl000216	4	260	172294	0.00150905
chrUn_gl000216	5	101	172294	0.000586207
chrUn_gl000216	6	46	172294	0.000266986
chrUn_gl000216	7	43	172294	0.000249573
chrUn_gl000216	8	41	172294	0.000237965
chrUn_gl000216	9	40	172294	0.000232161
chrUn_gl000216	10	21	172294	0.000121885
chrUn_gl000216	11	4	172294	2.32161e-05
chrUn_gl000216	12	4	172294	2.32161e-05
chrUn_gl000217	0	167810	172149	0.974795
chrUn_gl000217	1	4278	172149	0.0248506
chrUn_gl000217	2	61	172149	0.000354344
chrUn_gl000218	0	157520	161147	0.977493
chrUn_gl000218	1	3554	161147	0.0220544
chrUn_gl000218	2	73	161147	0.000453003
chrUn_gl000219	0	171527	179198	0.957193
chrUn_gl000219	1	7512	179198	0.0419201
chrUn_gl000219	2	139	179198	0.000775678
chrUn_gl000219	3	20	179198	0.000111608
chrUn_gl000220	0	108231	161802	0.66891
chrUn_gl000220	1	19179	161802	0.118534
chrUn_gl000220	2	10463	161802	0.0646655
chrUn_gl000220	3	7563	161802	0.0467423
chrUn_gl000220	4	5719	161802	0.0353457
chrUn_gl000220	5	4206	161802	0.0259947
chrUn_gl000220	6	2889	161802	0.0178552
chrUn_gl000220	7	1809	161802	0.0111803
chrUn_gl000220	8	930	161802	0.00574777
chrUn_gl000220	9	489	161802	0.00302221
chrUn_gl000220	10	219	161802	0.00135351
chrUn_gl000220	11	89	161802	0.000550055
chrUn_gl000220	12	15	161802	9.27059e-05
chrUn_gl000220	13	1	161802	6.18039e-06
chrUn_gl000221	0	151062	155397	0.972104
chrUn_gl000221	1	4220	155397	0.0271563
chrUn_gl000221	2	115	155397	0.00074004
chrUn_gl000222	0	185011	186861	0.9901
chrUn_gl000222	1	1850	186861	0.00990041
chrUn_gl000223	0	179455	180455	0.994458
chrUn_gl000223	1	1000	180455	0.00554155
chrUn_gl000224	0	167734	179693	0.933448
chrUn_gl000224	1	10489	179693	0.0583718
chrUn_gl000224	2	1304	179693	0.00725682
chrUn_gl000224	3	161	179693	0.000895973
chrUn_gl000224	4	5	179693	2.78252e-05
chrUn_gl000225	0	192727	211173	0.91265
chrUn_gl000225	1	15422	211173	0.0730302
chrUn_gl000225	2	2216	211173	0.0104938
chrUn_gl000225	3	525	211173	0.00248611
chrUn_gl000225	4	122	211173	0.000577725
chrUn_gl000225	5	83	211173	0.000393043
chrUn_gl000225	6	78	211173	0.000369365
chrUn_gl000226	0	1346	15008	0.0896855
chrUn_gl000226	1	1473	15008	0.0981477
chrUn_gl000226	2	2065	15008	0.137593
chrUn_gl000226	3	2346	15008	0.156317
chrUn_gl000226	4	2078	15008	0.138459
chrUn_gl000226	5	1734	15008	0.115538
chrUn_gl000226	6	1606	15008	0.10701
chrUn_gl000226	7	1029	15008	0.0685634
chrUn_gl000226	8	574	15008	0.0382463
chrUn_gl000226	9	300	15008	0.0199893
chrUn_gl000226	10	171	15008	0.0113939
chrUn_gl000226	11	132	15008	0.00879531
chrUn_gl000226	12	65	15008	0.00433102
chrUn_gl000226	13	41	15008	0.00273188
chrUn_gl000226	14	18	15008	0.00119936
chrUn_gl000226	15	16	15008	0.0010661
chrUn_gl000226	16	10	15008	0.000666311
chrUn_gl000226	17	3	15008	0.000199893
chrUn_gl000226	18	1	15008	6.66311e-05
chrUn_gl000227	0	126974	128374	0.989094
chrUn_gl000227	1	1400	128374	0.0109056
chrUn_gl000228	0	127043	129120	0.983914
chrUn_gl000228	1	1758	129120	0.0136152
chrUn_gl000228	2	229	129120	0.00177354
chrUn_gl000228	3	76	129120	0.0005886
chrUn_gl000228	4	14	129120	0.000108426
chrUn_gl000229	0	19353	19913	0.971878
chrUn_gl000229	1	520	19913	0.0261136
chrUn_gl000229	2	40	19913	0.00200874
chrUn_gl000230	0	42381	43691	0.970017
chrUn_gl000230	1	1270	43691	0.0290678
chrUn_gl000230	2	40	43691	0.00091552
chrUn_gl000231	0	26036	27386	0.950705
chrUn_gl000231	1	1350	27386	0.0492953
chrUn_gl000232	0	38502	40652	0.947112
chrUn_gl000232	1	2150	40652	0.0528879
chrUn_gl000233	0	44748	45941	0.974032
chrUn_gl000233	1	1186	45941	0.0258157
chrUn_gl000233	2	7	45941	0.000152369
chrUn_gl000234	0	38819	40531	0.957761
chrUn_gl000234	1	1624	40531	0.0400681
chrUn_gl000234	2	88	40531	0.00217118
chrUn_gl000235	0	32630	34474	0.94651
chrUn_gl000235	1	1788	34474	0.0518652
chrUn_gl000235	2	56	34474	0.00162441
chrUn_gl000236	0	41584	41934	0.991654
chrUn_gl000236	1	350	41934	0.00834645
chrUn_gl000237	0	44417	45867	0.968387
chrUn_gl000237	1	1450	45867	0.0316131
chrUn_gl000238	0	39639	39939	0.992489
chrUn_gl000238	1	300	39939	0.00751146
chrUn_gl000239	0	32818	33824	0.970258
chrUn_gl000239	1	962	33824	0.0284413
chrUn_gl000239	2	44	33824	0.00130085
chrUn_gl000240	0	41083	41933	0.97973
chrUn_gl000240	1	850	41933	0.0202704
chrUn_gl000241	0	39969	42152	0.948211
chrUn_gl000241	1	2116	42152	0.0501993
chrUn_gl000241	2	67	42152	0.00158949
chrUn_gl000242	0	43473	43523	0.998851
chrUn_gl000242	1	50	43523	0.00114882
chrUn_gl000243	0	41754	43341	0.963383
chrUn_gl000243	1	1574	43341	0.0363167
chrUn_gl000243	2	13	43341	0.000299947
chrUn_gl000244	0	39284	39929	0.983846
chrUn_gl000244	1	640	39929	0.0160285
chrUn_gl000244	2	5	39929	0.000125222
chrUn_gl000245	0	35801	36651	0.976808
chrUn_gl000245	1	850	36651	0.0231917
chrUn_gl000246	0	37704	38154	0.988206
chrUn_gl000246	1	450	38154	0.0117943
chrUn_gl000247	0	35422	36422	0.972544
chrUn_gl000247	1	1000	36422	0.0274559
chrUn_gl000248	0	39486	39786	0.99246
chrUn_gl000248	1	300	39786	0.00754034
chrUn_gl000249	0	38002	38502	0.987014
chrUn_gl000249	1	500	38502	0.0129863
genome	0	3098261721	3137161264	0.9876
genome	1	38289600	3137161264	0.0122052
genome	2	476774	3137161264	0.000151976
genome	3	46733	3137161264	1.48966e-05
genome	4	23642	3137161264	7.53611e-06
genome	5	17018	3137161264	5.42465e-06
genome	6	12500	3137161264	3.98449e-06
genome	7	8933	3137161264	2.84748e-06
genome	8	6023	3137161264	1.91989e-06
genome	9	4157	3137161264	1.32508e-06
genome	10	2855	3137161264	9.10058e-07
genome	11	2288	3137161264	7.29322e-07
genome	12	1592	3137161264	5.07465e-07
genome	13	1401	3137161264	4.46582e-07
genome	14	935	3137161264	2.9804e-07
genome	15	726	3137161264	2.31419e-07
genome	16	635	3137161264	2.02412e-07
genome	17	594	3137161264	1.89343e-07
genome	18	485	3137161264	1.54598e-07
genome	19	420	3137161264	1.33879e-07
genome	20	300	3137161264	9.56279e-08
genome	21	244	3137161264	7.77773e-08
genome	22	216	3137161264	6.88521e-08
genome	23	192	3137161264	6.12018e-08
genome	24	192	3137161264	6.12018e-08
genome	25	138	3137161264	4.39888e-08
genome	26	92	3137161264	2.93259e-08
genome	27	114	3137161264	3.63386e-08
genome	28	106	3137161264	3.37885e-08
genome	29	75	3137161264	2.3907e-08
genome	30	53	3137161264	1.68943e-08
genome	31	56	3137161264	1.78505e-08
genome	32	51	3137161264	1.62567e-08
genome	33	47	3137161264	1.49817e-08
genome	34	29	3137161264	9.24403e-09
genome	35	19	3137161264	6.05643e-09
genome	36	27	3137161264	8.60651e-09
genome	37	16	3137161264	5.10015e-09
genome	38	11	3137161264	3.50635e-09
genome	39	10	3137161264	3.1876e-09
genome	40	12	3137161264	3.82511e-09
genome	41	17	3137161264	5.41891e-09
genome	42	7	3137161264	2.23132e-09
genome	43	6	3137161264	1.91256e-09
genome	44	5	3137161264	1.5938e-09
genome	45	8	3137161264	2.55008e-09
genome	46	6	3137161264	1.91256e-09
genome	47	7	3137161264	2.23132e-09
genome	48	4	3137161264	1.27504e-09
genome	49	16	3137161264	5.10015e-09
genome	50	12	3137161264	3.82511e-09
genome	51	15	3137161264	4.78139e-09
genome	52	18	3137161264	5.73767e-09
genome	53	11	3137161264	3.50635e-09
genome	54	25	3137161264	7.96899e-09
genome	55	19	3137161264	6.05643e-09
genome	56	17	3137161264	5.41891e-09
genome	57	13	3137161264	4.14387e-09
genome	58	14	3137161264	4.46263e-09
genome	59	6	3137161264	1.91256e-09
genome	60	5	3137161264	1.5938e-09
genome	61	1	3137161264	3.1876e-10
