chrM	0	10460	16571	0.631223
chrM	1	4632	16571	0.279524
chrM	2	1162	16571	0.0701225
chrM	3	274	16571	0.0165349
chrM	4	43	16571	0.00259489
chr1	0	245343371	249250621	0.984324
chr1	1	3863137	249250621	0.015499
chr1	2	41580	249250621	0.00016682
chr1	3	1087	249250621	4.36107e-06
chr1	4	136	249250621	5.45636e-07
chr1	5	91	249250621	3.65094e-07
chr1	6	41	249250621	1.64493e-07
chr1	7	11	249250621	4.41323e-08
chr1	8	12	249250621	4.81443e-08
chr1	9	20	249250621	8.02405e-08
chr1	10	31	249250621	1.24373e-07
chr1	11	21	249250621	8.42525e-08
chr1	12	41	249250621	1.64493e-07
chr1	13	39	249250621	1.56469e-07
chr1	14	47	249250621	1.88565e-07
chr1	15	29	249250621	1.16349e-07
chr1	16	30	249250621	1.20361e-07
chr1	17	35	249250621	1.40421e-07
chr1	18	39	249250621	1.56469e-07
chr1	19	42	249250621	1.68505e-07
chr1	20	38	249250621	1.52457e-07
chr1	21	56	249250621	2.24673e-07
chr1	22	25	249250621	1.00301e-07
chr1	23	33	249250621	1.32397e-07
chr1	24	19	249250621	7.62285e-08
chr1	25	27	249250621	1.08325e-07
chr1	26	28	249250621	1.12337e-07
chr1	27	51	249250621	2.04613e-07
chr1	28	27	249250621	1.08325e-07
chr1	29	33	249250621	1.32397e-07
chr1	30	31	249250621	1.24373e-07
chr1	31	28	249250621	1.12337e-07
chr1	32	29	249250621	1.16349e-07
chr1	33	21	249250621	8.42525e-08
chr1	34	25	249250621	1.00301e-07
chr1	35	11	249250621	4.41323e-08
chr1	36	16	249250621	6.41924e-08
chr1	37	14	249250621	5.61684e-08
chr1	38	17	249250621	6.82044e-08
chr1	39	9	249250621	3.61082e-08
chr1	40	3	249250621	1.20361e-08
chr1	41	6	249250621	2.40722e-08
chr1	42	6	249250621	2.40722e-08
chr1	43	3	249250621	1.20361e-08
chr1	44	4	249250621	1.60481e-08
chr1	45	3	249250621	1.20361e-08
chr1	46	4	249250621	1.60481e-08
chr1	47	5	249250621	2.00601e-08
chr1	48	7	249250621	2.80842e-08
chr1	49	6	249250621	2.40722e-08
chr1	50	2	249250621	8.02405e-09
chr1	51	8	249250621	3.20962e-08
chr1	52	18	249250621	7.22165e-08
chr1	53	12	249250621	4.81443e-08
chr1	54	11	249250621	4.41323e-08
chr1	55	16	249250621	6.41924e-08
chr1	56	15	249250621	6.01804e-08
chr1	57	18	249250621	7.22165e-08
chr1	58	16	249250621	6.41924e-08
chr1	59	20	249250621	8.02405e-08
chr1	60	7	249250621	2.80842e-08
chr1	61	9	249250621	3.61082e-08
chr1	62	14	249250621	5.61684e-08
chr1	63	10	249250621	4.01203e-08
chr1	64	8	249250621	3.20962e-08
chr1	65	9	249250621	3.61082e-08
chr1	66	3	249250621	1.20361e-08
chr2	0	240553349	243199373	0.98912
chr2	1	2616392	243199373	0.0107582
chr2	2	22340	243199373	9.18588e-05
chr2	3	2982	243199373	1.22615e-05
chr2	4	1972	243199373	8.10857e-06
chr2	5	1045	243199373	4.29689e-06
chr2	6	504	243199373	2.07237e-06
chr2	7	245	243199373	1.0074e-06
chr2	8	190	243199373	7.81252e-07
chr2	9	75	243199373	3.08389e-07
chr2	10	60	243199373	2.46711e-07
chr2	11	83	243199373	3.41284e-07
chr2	12	13	243199373	5.34541e-08
chr2	13	25	243199373	1.02796e-07
chr2	14	20	243199373	8.22371e-08
chr2	15	19	243199373	7.81252e-08
chr2	16	5	243199373	2.05593e-08
chr2	17	6	243199373	2.46711e-08
chr2	18	9	243199373	3.70067e-08
chr2	19	14	243199373	5.75659e-08
chr2	20	9	243199373	3.70067e-08
chr2	21	16	243199373	6.57896e-08
chr3	0	195853214	198022430	0.989046
chr3	1	2156055	198022430	0.0108879
chr3	2	12903	198022430	6.51593e-05
chr3	3	106	198022430	5.35293e-07
chr3	4	39	198022430	1.96947e-07
chr3	5	8	198022430	4.03995e-08
chr3	6	2	198022430	1.00999e-08
chr3	7	5	198022430	2.52497e-08
chr3	8	5	198022430	2.52497e-08
chr3	9	4	198022430	2.01997e-08
chr3	10	3	198022430	1.51498e-08
chr3	11	4	198022430	2.01997e-08
chr3	12	6	198022430	3.02996e-08
chr3	13	1	198022430	5.04993e-09
chr3	14	3	198022430	1.51498e-08
chr3	15	4	198022430	2.01997e-08
chr3	16	3	198022430	1.51498e-08
chr3	17	2	198022430	1.00999e-08
chr3	18	2	198022430	1.00999e-08
chr3	19	2	198022430	1.00999e-08
chr3	20	3	198022430	1.51498e-08
chr3	21	4	198022430	2.01997e-08
chr3	22	2	198022430	1.00999e-08
chr3	23	2	198022430	1.00999e-08
chr3	24	4	198022430	2.01997e-08
chr3	25	3	198022430	1.51498e-08
chr3	26	2	198022430	1.00999e-08
chr3	27	1	198022430	5.04993e-09
chr3	28	2	198022430	1.00999e-08
chr3	29	2	198022430	1.00999e-08
chr3	30	3	198022430	1.51498e-08
chr3	31	8	198022430	4.03995e-08
chr3	32	11	198022430	5.55493e-08
chr3	33	11	198022430	5.55493e-08
chr3	34	1	198022430	5.04993e-09
chr4	0	189628043	191154276	0.992016
chr4	1	1510765	191154276	0.00790338
chr4	2	11348	191154276	5.93657e-05
chr4	3	2129	191154276	1.11376e-05
chr4	4	954	191154276	4.99073e-06
chr4	5	414	191154276	2.16579e-06
chr4	6	275	191154276	1.43863e-06
chr4	7	116	191154276	6.0684e-07
chr4	8	67	191154276	3.50502e-07
chr4	9	101	191154276	5.28369e-07
chr4	10	19	191154276	9.93962e-08
chr4	11	26	191154276	1.36016e-07
chr4	12	14	191154276	7.32393e-08
chr4	13	5	191154276	2.61569e-08
chr5	0	179161565	180915260	0.990307
chr5	1	1744343	180915260	0.00964177
chr5	2	9136	180915260	5.04988e-05
chr5	3	129	180915260	7.13041e-07
chr5	4	87	180915260	4.80888e-07
chr6	0	167845671	171115067	0.980893
chr6	1	3175766	171115067	0.0185592
chr6	2	85323	171115067	0.000498629
chr6	3	4188	171115067	2.44748e-05
chr6	4	521	171115067	3.04473e-06
chr6	5	242	171115067	1.41425e-06
chr6	6	252	171115067	1.47269e-06
chr6	7	286	171115067	1.67139e-06
chr6	8	259	171115067	1.5136e-06
chr6	9	269	171115067	1.57204e-06
chr6	10	218	171115067	1.274e-06
chr6	11	220	171115067	1.28568e-06
chr6	12	245	171115067	1.43178e-06
chr6	13	293	171115067	1.7123e-06
chr6	14	368	171115067	2.1506e-06
chr6	15	330	171115067	1.92853e-06
chr6	16	252	171115067	1.47269e-06
chr6	17	162	171115067	9.46731e-07
chr6	18	100	171115067	5.84402e-07
chr6	19	65	171115067	3.79861e-07
chr6	20	28	171115067	1.63633e-07
chr6	21	7	171115067	4.09081e-08
chr6	22	2	171115067	1.1688e-08
chr7	0	157347055	159138663	0.988742
chr7	1	1777800	159138663	0.0111714
chr7	2	10599	159138663	6.66023e-05
chr7	3	966	159138663	6.07018e-06
chr7	4	479	159138663	3.00995e-06
chr7	5	405	159138663	2.54495e-06
chr7	6	190	159138663	1.19393e-06
chr7	7	144	159138663	9.04871e-07
chr7	8	140	159138663	8.79736e-07
chr7	9	146	159138663	9.17439e-07
chr7	10	135	159138663	8.48317e-07
chr7	11	68	159138663	4.273e-07
chr7	12	74	159138663	4.65003e-07
chr7	13	69	159138663	4.33584e-07
chr7	14	78	159138663	4.90139e-07
chr7	15	71	159138663	4.46152e-07
chr7	16	66	159138663	4.14733e-07
chr7	17	63	159138663	3.95881e-07
chr7	18	23	159138663	1.44528e-07
chr7	19	32	159138663	2.01083e-07
chr7	20	29	159138663	1.82231e-07
chr7	21	22	159138663	1.38244e-07
chr7	22	7	159138663	4.39868e-08
chr7	23	2	159138663	1.25677e-08
chr8	0	143073770	146364022	0.97752
chr8	1	3216888	146364022	0.0219787
chr8	2	58314	146364022	0.000398418
chr8	3	4393	146364022	3.00142e-05
chr8	4	2785	146364022	1.90279e-05
chr8	5	2143	146364022	1.46416e-05
chr8	6	1591	146364022	1.08702e-05
chr8	7	1226	146364022	8.37638e-06
chr8	8	889	146364022	6.0739e-06
chr8	9	582	146364022	3.97639e-06
chr8	10	459	146364022	3.13602e-06
chr8	11	265	146364022	1.81055e-06
chr8	12	235	146364022	1.60559e-06
chr8	13	151	146364022	1.03167e-06
chr8	14	117	146364022	7.99377e-07
chr8	15	58	146364022	3.96272e-07
chr8	16	40	146364022	2.73291e-07
chr8	17	30	146364022	2.04968e-07
chr8	18	15	146364022	1.02484e-07
chr8	19	16	146364022	1.09316e-07
chr8	20	18	146364022	1.22981e-07
chr8	21	24	146364022	1.63975e-07
chr8	22	11	146364022	7.51551e-08
chr8	23	2	146364022	1.36646e-08
chr9	0	139068587	141213431	0.984811
chr9	1	2118082	141213431	0.0149992
chr9	2	25844	141213431	0.000183014
chr9	3	492	141213431	3.48409e-06
chr9	4	146	141213431	1.0339e-06
chr9	5	157	141213431	1.11179e-06
chr9	6	42	141213431	2.97422e-07
chr9	7	17	141213431	1.20385e-07
chr9	8	13	141213431	9.20592e-08
chr9	9	15	141213431	1.06222e-07
chr9	10	21	141213431	1.48711e-07
chr9	11	15	141213431	1.06222e-07
chr10	0	133864126	135534747	0.987674
chr10	1	1643448	135534747	0.0121257
chr10	2	14335	135534747	0.000105766
chr10	3	2549	135534747	1.8807e-05
chr10	4	1929	135534747	1.42325e-05
chr10	5	1166	135534747	8.60296e-06
chr10	6	1034	135534747	7.62904e-06
chr10	7	653	135534747	4.81795e-06
chr10	8	631	135534747	4.65563e-06
chr10	9	590	135534747	4.35313e-06
chr10	10	451	135534747	3.32756e-06
chr10	11	528	135534747	3.89568e-06
chr10	12	369	135534747	2.72255e-06
chr10	13	312	135534747	2.30199e-06
chr10	14	202	135534747	1.49039e-06
chr10	15	247	135534747	1.82241e-06
chr10	16	254	135534747	1.87406e-06
chr10	17	181	135534747	1.33545e-06
chr10	18	144	135534747	1.06246e-06
chr10	19	133	135534747	9.81298e-07
chr10	20	188	135534747	1.3871e-06
chr10	21	101	135534747	7.45196e-07
chr10	22	98	135534747	7.23062e-07
chr10	23	98	135534747	7.23062e-07
chr10	24	108	135534747	7.96844e-07
chr10	25	123	135534747	9.07516e-07
chr10	26	99	135534747	7.3044e-07
chr10	27	101	135534747	7.45196e-07
chr10	28	99	135534747	7.3044e-07
chr10	29	83	135534747	6.12389e-07
chr10	30	62	135534747	4.57447e-07
chr10	31	61	135534747	4.50069e-07
chr10	32	41	135534747	3.02505e-07
chr10	33	37	135534747	2.72993e-07
chr10	34	34	135534747	2.50858e-07
chr10	35	30	135534747	2.21345e-07
chr10	36	23	135534747	1.69698e-07
chr10	37	19	135534747	1.40185e-07
chr10	38	20	135534747	1.47564e-07
chr10	39	21	135534747	1.54942e-07
chr10	40	9	135534747	6.64036e-08
chr10	41	7	135534747	5.16473e-08
chr10	42	3	135534747	2.21345e-08
chr11	0	132675213	135006516	0.982732
chr11	1	2305293	135006516	0.0170754
chr11	2	24127	135006516	0.00017871
chr11	3	612	135006516	4.53311e-06
chr11	4	352	135006516	2.60728e-06
chr11	5	239	135006516	1.77028e-06
chr11	6	205	135006516	1.51845e-06
chr11	7	53	135006516	3.92574e-07
chr11	8	69	135006516	5.11086e-07
chr11	9	41	135006516	3.03689e-07
chr11	10	45	135006516	3.33317e-07
chr11	11	64	135006516	4.74051e-07
chr11	12	50	135006516	3.70352e-07
chr11	13	74	135006516	5.48122e-07
chr11	14	26	135006516	1.92583e-07
chr11	15	8	135006516	5.92564e-08
chr11	16	6	135006516	4.44423e-08
chr11	17	17	135006516	1.2592e-07
chr11	18	11	135006516	8.14776e-08
chr11	19	11	135006516	8.14776e-08
chr12	0	132395114	133851895	0.989116
chr12	1	1449084	133851895	0.010826
chr12	2	7410	133851895	5.53597e-05
chr12	3	149	133851895	1.11317e-06
chr12	4	91	133851895	6.79856e-07
chr12	5	47	133851895	3.51134e-07
chr13	0	113705533	115169878	0.987285
chr13	1	1453637	115169878	0.0126217
chr13	2	10661	115169878	9.25676e-05
chr13	3	47	115169878	4.08093e-07
chr14	0	106227462	107349540	0.989547
chr14	1	1114578	107349540	0.0103827
chr14	2	7478	107349540	6.96603e-05
chr14	3	22	107349540	2.04938e-07
chr15	0	101764785	102531392	0.992523
chr15	1	761582	102531392	0.00742779
chr15	2	4957	102531392	4.83462e-05
chr15	3	68	102531392	6.63211e-07
chr16	0	89175179	90354753	0.986945
chr16	1	1135649	90354753	0.0125688
chr16	2	14934	90354753	0.000165282
chr16	3	4198	90354753	4.64613e-05
chr16	4	3802	90354753	4.20786e-05
chr16	5	3547	90354753	3.92564e-05
chr16	6	3524	90354753	3.90018e-05
chr16	7	3096	90354753	3.42649e-05
chr16	8	2677	90354753	2.96277e-05
chr16	9	2064	90354753	2.28433e-05
chr16	10	1588	90354753	1.75752e-05
chr16	11	1375	90354753	1.52178e-05
chr16	12	1042	90354753	1.15323e-05
chr16	13	696	90354753	7.70297e-06
chr16	14	514	90354753	5.68869e-06
chr16	15	326	90354753	3.608e-06
chr16	16	151	90354753	1.67119e-06
chr16	17	97	90354753	1.07355e-06
chr16	18	102	90354753	1.12888e-06
chr16	19	53	90354753	5.86577e-07
chr16	20	60	90354753	6.64049e-07
chr16	21	52	90354753	5.75509e-07
chr16	22	26	90354753	2.87755e-07
chr16	23	1	90354753	1.10675e-08
chr17	0	80211808	81195210	0.987888
chr17	1	971609	81195210	0.0119663
chr17	2	10076	81195210	0.000124096
chr17	3	1123	81195210	1.38309e-05
chr17	4	324	81195210	3.99038e-06
chr17	5	139	81195210	1.71192e-06
chr17	6	64	81195210	7.88224e-07
chr17	7	16	81195210	1.97056e-07
chr17	8	2	81195210	2.4632e-08
chr17	9	5	81195210	6.158e-08
chr17	10	3	81195210	3.6948e-08
chr17	11	21	81195210	2.58636e-07
chr17	12	4	81195210	4.9264e-08
chr17	13	12	81195210	1.47792e-07
chr17	14	3	81195210	3.6948e-08
chr17	15	1	81195210	1.2316e-08
chr18	0	77143094	78077248	0.988036
chr18	1	925967	78077248	0.0118596
chr18	2	6792	78077248	8.69908e-05
chr18	3	493	78077248	6.31426e-06
chr18	4	182	78077248	2.33102e-06
chr18	5	122	78077248	1.56256e-06
chr18	6	153	78077248	1.9596e-06
chr18	7	110	78077248	1.40886e-06
chr18	8	58	78077248	7.42854e-07
chr18	9	47	78077248	6.01968e-07
chr18	10	62	78077248	7.94085e-07
chr18	11	38	78077248	4.86698e-07
chr18	12	22	78077248	2.81772e-07
chr18	13	62	78077248	7.94085e-07
chr18	14	17	78077248	2.17733e-07
chr18	15	12	78077248	1.53694e-07
chr18	16	8	78077248	1.02463e-07
chr18	17	9	78077248	1.1527e-07
chr19	0	58556390	59128983	0.990316
chr19	1	565585	59128983	0.00956528
chr19	2	4432	59128983	7.49548e-05
chr19	3	527	59128983	8.91272e-06
chr19	4	340	59128983	5.75014e-06
chr19	5	236	59128983	3.99127e-06
chr19	6	165	59128983	2.79051e-06
chr19	7	139	59128983	2.35079e-06
chr19	8	158	59128983	2.67212e-06
chr19	9	207	59128983	3.50082e-06
chr19	10	118	59128983	1.99564e-06
chr19	11	100	59128983	1.69122e-06
chr19	12	78	59128983	1.31915e-06
chr19	13	137	59128983	2.31697e-06
chr19	14	48	59128983	8.11785e-07
chr19	15	16	59128983	2.70595e-07
chr19	16	23	59128983	3.8898e-07
chr19	17	34	59128983	5.75014e-07
chr19	18	15	59128983	2.53683e-07
chr19	19	32	59128983	5.4119e-07
chr19	20	12	59128983	2.02946e-07
chr19	21	11	59128983	1.86034e-07
chr19	22	13	59128983	2.19858e-07
chr19	23	8	59128983	1.35297e-07
chr19	24	7	59128983	1.18385e-07
chr19	25	13	59128983	2.19858e-07
chr19	26	18	59128983	3.04419e-07
chr19	27	11	59128983	1.86034e-07
chr19	28	10	59128983	1.69122e-07
chr19	29	16	59128983	2.70595e-07
chr19	30	19	59128983	3.21331e-07
chr19	31	13	59128983	2.19858e-07
chr19	32	6	59128983	1.01473e-07
chr19	33	7	59128983	1.18385e-07
chr19	34	9	59128983	1.5221e-07
chr19	35	6	59128983	1.01473e-07
chr19	36	2	59128983	3.38244e-08
chr19	37	1	59128983	1.69122e-08
chr19	38	4	59128983	6.76487e-08
chr19	39	1	59128983	1.69122e-08
chr19	40	5	59128983	8.45609e-08
chr19	41	10	59128983	1.69122e-07
chr19	42	1	59128983	1.69122e-08
chr20	0	61953230	63025520	0.982986
chr20	1	1061751	63025520	0.0168464
chr20	2	10298	63025520	0.000163394
chr20	3	146	63025520	2.31652e-06
chr20	4	8	63025520	1.26933e-07
chr20	5	9	63025520	1.42799e-07
chr20	6	58	63025520	9.20262e-07
chr20	7	20	63025520	3.17332e-07
chr21	0	47464270	48129895	0.98617
chr21	1	656776	48129895	0.0136459
chr21	2	8169	48129895	0.000169728
chr21	3	359	48129895	7.45898e-06
chr21	4	109	48129895	2.2647e-06
chr21	5	64	48129895	1.32973e-06
chr21	6	23	48129895	4.77873e-07
chr21	7	26	48129895	5.40205e-07
chr21	8	7	48129895	1.4544e-07
chr21	9	5	48129895	1.03886e-07
chr21	10	10	48129895	2.07771e-07
chr21	11	9	48129895	1.86994e-07
chr21	12	13	48129895	2.70102e-07
chr21	13	19	48129895	3.94765e-07
chr21	14	10	48129895	2.07771e-07
chr21	15	26	48129895	5.40205e-07
chr22	0	50834148	51304566	0.990831
chr22	1	467027	51304566	0.00910303
chr22	2	3276	51304566	6.3854e-05
chr22	3	53	51304566	1.03305e-06
chr22	4	3	51304566	5.84743e-08
chr22	5	3	51304566	5.84743e-08
chr22	6	2	51304566	3.89829e-08
chr22	7	1	51304566	1.94914e-08
chr22	8	1	51304566	1.94914e-08
chr22	9	2	51304566	3.89829e-08
chr22	10	2	51304566	3.89829e-08
chr22	11	1	51304566	1.94914e-08
chr22	12	1	51304566	1.94914e-08
chr22	13	2	51304566	3.89829e-08
chr22	14	3	51304566	5.84743e-08
chr22	15	3	51304566	5.84743e-08
chr22	16	3	51304566	5.84743e-08
chr22	17	12	51304566	2.33897e-07
chr22	18	5	51304566	9.74572e-08
chr22	19	18	51304566	3.50846e-07
chrX	0	154005254	155270560	0.991851
chrX	1	1257685	155270560	0.00809996
chrX	2	6793	155270560	4.37494e-05
chrX	3	591	155270560	3.80626e-06
chrX	4	156	155270560	1.0047e-06
chrX	5	54	155270560	3.4778e-07
chrX	6	27	155270560	1.7389e-07
chrY	0	59308448	59373566	0.998903
chrY	1	60016	59373566	0.00101082
chrY	2	3214	59373566	5.41318e-05
chrY	3	890	59373566	1.49898e-05
chrY	4	537	59373566	9.04443e-06
chrY	5	174	59373566	2.9306e-06
chrY	6	89	59373566	1.49898e-06
chrY	7	31	59373566	5.22118e-07
chrY	8	29	59373566	4.88433e-07
chrY	9	46	59373566	7.74756e-07
chrY	10	10	59373566	1.68425e-07
chrY	11	12	59373566	2.0211e-07
chrY	12	23	59373566	3.87378e-07
chrY	13	7	59373566	1.17898e-07
chrY	14	11	59373566	1.85268e-07
chrY	15	4	59373566	6.737e-08
chrY	16	3	59373566	5.05275e-08
chrY	17	2	59373566	3.3685e-08
chrY	18	4	59373566	6.737e-08
chrY	19	16	59373566	2.6948e-07
chr1_gl000191_random	0	105733	106433	0.993423
chr1_gl000191_random	1	700	106433	0.00657691
chr1_gl000192_random	0	535846	547496	0.978721
chr1_gl000192_random	1	11400	547496	0.0208221
chr1_gl000192_random	2	250	547496	0.000456624
chr4_ctg9_hap1	0	587726	590426	0.995427
chr4_ctg9_hap1	1	2700	590426	0.00457297
chr4_gl000193_random	0	186120	189789	0.980668
chr4_gl000193_random	1	3593	189789	0.0189316
chr4_gl000193_random	2	71	189789	0.0003741
chr4_gl000193_random	3	5	189789	2.6345e-05
chr4_gl000194_random	0	186576	191469	0.974445
chr4_gl000194_random	1	4786	191469	0.0249962
chr4_gl000194_random	2	107	191469	0.000558837
chr6_apd_hap1	0	4616640	4622290	0.998778
chr6_apd_hap1	1	5650	4622290	0.00122234
chr6_cox_hap2	0	4781665	4795371	0.997142
chr6_cox_hap2	1	13612	4795371	0.00283857
chr6_cox_hap2	2	94	4795371	1.96022e-05
chr6_dbb_hap3	0	4599739	4610396	0.997688
chr6_dbb_hap3	1	10614	4610396	0.00230219
chr6_dbb_hap3	2	43	4610396	9.32675e-06
chr6_mann_hap4	0	4674169	4683263	0.998058
chr6_mann_hap4	1	8988	4683263	0.00191917
chr6_mann_hap4	2	106	4683263	2.26338e-05
chr6_mcf_hap5	0	4825651	4833398	0.998397
chr6_mcf_hap5	1	7744	4833398	0.00160219
chr6_mcf_hap5	2	3	4833398	6.20681e-07
chr6_qbl_hap6	0	4600340	4611984	0.997475
chr6_qbl_hap6	1	11638	4611984	0.00252343
chr6_qbl_hap6	2	6	4611984	1.30096e-06
chr6_ssto_hap7	0	4919017	4928567	0.998062
chr6_ssto_hap7	1	9550	4928567	0.00193768
chr7_gl000195_random	0	174600	182896	0.954641
chr7_gl000195_random	1	8142	182896	0.0445171
chr7_gl000195_random	2	154	182896	0.000842009
chr8_gl000196_random	0	38414	38914	0.987151
chr8_gl000196_random	1	500	38914	0.0128488
chr9_gl000198_random	0	87306	90085	0.969151
chr9_gl000198_random	1	2658	90085	0.0295055
chr9_gl000198_random	2	121	90085	0.00134318
chr9_gl000199_random	0	142853	169874	0.840935
chr9_gl000199_random	1	21764	169874	0.128118
chr9_gl000199_random	2	3802	169874	0.0223813
chr9_gl000199_random	3	661	169874	0.00389112
chr9_gl000199_random	4	360	169874	0.00211922
chr9_gl000199_random	5	122	169874	0.000718179
chr9_gl000199_random	6	68	169874	0.000400297
chr9_gl000199_random	7	97	169874	0.000571011
chr9_gl000199_random	8	47	169874	0.000276676
chr9_gl000199_random	9	30	169874	0.000176601
chr9_gl000199_random	10	23	169874	0.000135394
chr9_gl000199_random	11	3	169874	1.76601e-05
chr9_gl000199_random	12	4	169874	2.35469e-05
chr9_gl000199_random	13	3	169874	1.76601e-05
chr9_gl000199_random	14	9	169874	5.29804e-05
chr9_gl000199_random	15	2	169874	1.17734e-05
chr9_gl000199_random	16	1	169874	5.88672e-06
chr9_gl000199_random	17	15	169874	8.83007e-05
chr9_gl000199_random	18	1	169874	5.88672e-06
chr9_gl000199_random	19	9	169874	5.29804e-05
chr9_gl000200_random	0	184935	187035	0.988772
chr9_gl000200_random	1	2100	187035	0.0112278
chr9_gl000201_random	0	36098	36148	0.998617
chr9_gl000201_random	1	50	36148	0.0013832
chr11_gl000202_random	0	39653	40103	0.988779
chr11_gl000202_random	1	450	40103	0.0112211
chr17_ctg5_hap1	0	1675678	1680828	0.996936
chr17_ctg5_hap1	1	5150	1680828	0.00306397
chr17_gl000203_random	0	36948	37498	0.985333
chr17_gl000203_random	1	550	37498	0.0146674
chr17_gl000204_random	0	81010	81310	0.99631
chr17_gl000204_random	1	300	81310	0.00368958
chr17_gl000205_random	0	167737	174588	0.960759
chr17_gl000205_random	1	6652	174588	0.0381011
chr17_gl000205_random	2	199	174588	0.00113983
chr17_gl000206_random	0	40751	41001	0.993903
chr17_gl000206_random	1	250	41001	0.00609741
chr19_gl000208_random	0	88536	92689	0.955194
chr19_gl000208_random	1	3858	92689	0.0416231
chr19_gl000208_random	2	264	92689	0.00284823
chr19_gl000208_random	3	10	92689	0.000107888
chr19_gl000208_random	4	21	92689	0.000226564
chr19_gl000209_random	0	158719	159169	0.997173
chr19_gl000209_random	1	450	159169	0.00282718
chr21_gl000210_random	0	27432	27682	0.990969
chr21_gl000210_random	1	250	27682	0.00903114
chrUn_gl000211	0	161797	166566	0.971369
chrUn_gl000211	1	4688	166566	0.028145
chrUn_gl000211	2	81	166566	0.000486294
chrUn_gl000212	0	183925	186858	0.984304
chrUn_gl000212	1	2866	186858	0.0153378
chrUn_gl000212	2	67	186858	0.000358561
chrUn_gl000213	0	162539	164239	0.989649
chrUn_gl000213	1	1700	164239	0.0103508
chrUn_gl000214	0	125852	137718	0.913838
chrUn_gl000214	1	9749	137718	0.0707896
chrUn_gl000214	2	1781	137718	0.0129322
chrUn_gl000214	3	305	137718	0.00221467
chrUn_gl000214	4	31	137718	0.000225098
chrUn_gl000215	0	171045	172545	0.991307
chrUn_gl000215	1	1500	172545	0.00869338
chrUn_gl000216	0	158341	172294	0.919016
chrUn_gl000216	1	11185	172294	0.0649181
chrUn_gl000216	2	1766	172294	0.0102499
chrUn_gl000216	3	400	172294	0.00232161
chrUn_gl000216	4	215	172294	0.00124787
chrUn_gl000216	5	173	172294	0.0010041
chrUn_gl000216	6	41	172294	0.000237965
chrUn_gl000216	7	37	172294	0.000214749
chrUn_gl000216	8	18	172294	0.000104473
chrUn_gl000216	9	71	172294	0.000412086
chrUn_gl000216	10	47	172294	0.00027279
chrUn_gl000217	0	167799	172149	0.974731
chrUn_gl000217	1	4250	172149	0.0246879
chrUn_gl000217	2	100	172149	0.000580892
chrUn_gl000218	0	156884	161147	0.973546
chrUn_gl000218	1	4226	161147	0.0262245
chrUn_gl000218	2	37	161147	0.000229604
chrUn_gl000219	0	171306	179198	0.955959
chrUn_gl000219	1	7634	179198	0.0426009
chrUn_gl000219	2	258	179198	0.00143975
chrUn_gl000220	0	109139	161802	0.674522
chrUn_gl000220	1	18719	161802	0.115691
chrUn_gl000220	2	10520	161802	0.0650177
chrUn_gl000220	3	7581	161802	0.0468536
chrUn_gl000220	4	5506	161802	0.0340292
chrUn_gl000220	5	4225	161802	0.0261122
chrUn_gl000220	6	2645	161802	0.0163471
chrUn_gl000220	7	1403	161802	0.00867109
chrUn_gl000220	8	1027	161802	0.00634726
chrUn_gl000220	9	536	161802	0.00331269
chrUn_gl000220	10	254	161802	0.00156982
chrUn_gl000220	11	164	161802	0.00101358
chrUn_gl000220	12	58	161802	0.000358463
chrUn_gl000220	13	22	161802	0.000135969
chrUn_gl000220	14	3	161802	1.85412e-05
chrUn_gl000221	0	150166	155397	0.966338
chrUn_gl000221	1	5162	155397	0.0332181
chrUn_gl000221	2	69	155397	0.000444024
chrUn_gl000222	0	185011	186861	0.9901
chrUn_gl000222	1	1850	186861	0.00990041
chrUn_gl000223	0	179755	180455	0.996121
chrUn_gl000223	1	700	180455	0.00387908
chrUn_gl000224	0	168445	179693	0.937404
chrUn_gl000224	1	9849	179693	0.0548101
chrUn_gl000224	2	1217	179693	0.00677266
chrUn_gl000224	3	161	179693	0.000895973
chrUn_gl000224	4	21	179693	0.000116866
chrUn_gl000225	0	192174	211173	0.910031
chrUn_gl000225	1	16293	211173	0.0771547
chrUn_gl000225	2	1873	211173	0.00886951
chrUn_gl000225	3	524	211173	0.00248138
chrUn_gl000225	4	219	211173	0.00103706
chrUn_gl000225	5	15	211173	7.10318e-05
chrUn_gl000225	6	30	211173	0.000142064
chrUn_gl000225	7	22	211173	0.00010418
chrUn_gl000225	8	3	211173	1.42064e-05
chrUn_gl000225	9	20	211173	9.47091e-05
chrUn_gl000226	0	1296	15008	0.0863539
chrUn_gl000226	1	1203	15008	0.0801573
chrUn_gl000226	2	1596	15008	0.106343
chrUn_gl000226	3	2063	15008	0.13746
chrUn_gl000226	4	2058	15008	0.137127
chrUn_gl000226	5	1924	15008	0.128198
chrUn_gl000226	6	1648	15008	0.109808
chrUn_gl000226	7	1032	15008	0.0687633
chrUn_gl000226	8	782	15008	0.0521055
chrUn_gl000226	9	524	15008	0.0349147
chrUn_gl000226	10	415	15008	0.0276519
chrUn_gl000226	11	199	15008	0.0132596
chrUn_gl000226	12	144	15008	0.00959488
chrUn_gl000226	13	70	15008	0.00466418
chrUn_gl000226	14	28	15008	0.00186567
chrUn_gl000226	15	12	15008	0.000799574
chrUn_gl000226	16	7	15008	0.000466418
chrUn_gl000226	17	7	15008	0.000466418
chrUn_gl000227	0	127224	128374	0.991042
chrUn_gl000227	1	1150	128374	0.0089582
chrUn_gl000228	0	126752	129120	0.98166
chrUn_gl000228	1	1993	129120	0.0154353
chrUn_gl000228	2	201	129120	0.00155669
chrUn_gl000228	3	80	129120	0.000619579
chrUn_gl000228	4	44	129120	0.000340768
chrUn_gl000228	5	27	129120	0.000209108
chrUn_gl000228	6	14	129120	0.000108426
chrUn_gl000228	7	2	129120	1.54895e-05
chrUn_gl000228	8	7	129120	5.42131e-05
chrUn_gl000229	0	19063	19913	0.957314
chrUn_gl000229	1	850	19913	0.0426857
chrUn_gl000230	0	42603	43691	0.975098
chrUn_gl000230	1	1026	43691	0.0234831
chrUn_gl000230	2	62	43691	0.00141906
chrUn_gl000231	0	26636	27386	0.972614
chrUn_gl000231	1	750	27386	0.0273863
chrUn_gl000232	0	37563	40652	0.924014
chrUn_gl000232	1	3012	40652	0.0740923
chrUn_gl000232	2	43	40652	0.00105776
chrUn_gl000232	3	34	40652	0.000836367
chrUn_gl000233	0	44726	45941	0.973553
chrUn_gl000233	1	1180	45941	0.0256851
chrUn_gl000233	2	35	45941	0.000761847
chrUn_gl000234	0	38960	40531	0.96124
chrUn_gl000234	1	1542	40531	0.038045
chrUn_gl000234	2	29	40531	0.000715502
chrUn_gl000235	0	32615	34474	0.946075
chrUn_gl000235	1	1818	34474	0.0527354
chrUn_gl000235	2	41	34474	0.0011893
chrUn_gl000236	0	41434	41934	0.988077
chrUn_gl000236	1	500	41934	0.0119235
chrUn_gl000237	0	44517	45867	0.970567
chrUn_gl000237	1	1350	45867	0.0294329
chrUn_gl000238	0	39739	39939	0.994992
chrUn_gl000238	1	200	39939	0.00500764
chrUn_gl000239	0	33274	33824	0.983739
chrUn_gl000239	1	550	33824	0.0162606
chrUn_gl000240	0	40500	41933	0.965826
chrUn_gl000240	1	1416	41933	0.0337682
chrUn_gl000240	2	17	41933	0.000405409
chrUn_gl000241	0	39511	42152	0.937346
chrUn_gl000241	1	2461	42152	0.0583839
chrUn_gl000241	2	151	42152	0.00358227
chrUn_gl000241	3	29	42152	0.000687986
chrUn_gl000242	0	43173	43523	0.991958
chrUn_gl000242	1	350	43523	0.00804173
chrUn_gl000243	0	41802	43341	0.964491
chrUn_gl000243	1	1444	43341	0.0333172
chrUn_gl000243	2	79	43341	0.00182275
chrUn_gl000243	3	16	43341	0.000369165
chrUn_gl000244	0	39279	39929	0.983721
chrUn_gl000244	1	650	39929	0.0162789
chrUn_gl000245	0	35651	36651	0.972716
chrUn_gl000245	1	1000	36651	0.0272844
chrUn_gl000246	0	37554	38154	0.984274
chrUn_gl000246	1	600	38154	0.0157257
chrUn_gl000247	0	35522	36422	0.97529
chrUn_gl000247	1	900	36422	0.0247103
chrUn_gl000248	0	39686	39786	0.997487
chrUn_gl000248	1	100	39786	0.00251345
chrUn_gl000249	0	38295	38502	0.994624
chrUn_gl000249	1	164	38502	0.00425952
chrUn_gl000249	2	43	38502	0.00111683
chr8_gl000197_random	0	37175	37175	1
chr18_gl000207_random	0	4262	4262	1
genome	0	3098302021	3137161264	0.987613
genome	1	38284226	3137161264	0.0122035
genome	2	440787	3137161264	0.000140505
genome	3	40442	3137161264	1.28913e-05
genome	4	23470	3137161264	7.48129e-06
genome	5	16791	3137161264	5.35229e-06
genome	6	12687	3137161264	4.0441e-06
genome	7	8788	3137161264	2.80126e-06
genome	8	7091	3137161264	2.26032e-06
genome	9	5400	3137161264	1.7213e-06
genome	10	3974	3137161264	1.26675e-06
genome	11	3216	3137161264	1.02513e-06
genome	12	2436	3137161264	7.76498e-07
genome	13	1999	3137161264	6.372e-07
genome	14	1507	3137161264	4.80371e-07
genome	15	1168	3137161264	3.72311e-07
genome	16	852	3137161264	2.71583e-07
genome	17	672	3137161264	2.14206e-07
genome	18	470	3137161264	1.49817e-07
genome	19	443	3137161264	1.4121e-07
genome	20	385	3137161264	1.22722e-07
genome	21	293	3137161264	9.33965e-08
genome	22	184	3137161264	5.86518e-08
genome	23	146	3137161264	4.65389e-08
genome	24	138	3137161264	4.39888e-08
genome	25	166	3137161264	5.29141e-08
genome	26	147	3137161264	4.68577e-08
genome	27	164	3137161264	5.22766e-08
genome	28	138	3137161264	4.39888e-08
genome	29	134	3137161264	4.27138e-08
genome	30	115	3137161264	3.66573e-08
genome	31	110	3137161264	3.50635e-08
genome	32	87	3137161264	2.77321e-08
genome	33	76	3137161264	2.42257e-08
genome	34	69	3137161264	2.19944e-08
genome	35	47	3137161264	1.49817e-08
genome	36	41	3137161264	1.30691e-08
genome	37	34	3137161264	1.08378e-08
genome	38	41	3137161264	1.30691e-08
genome	39	31	3137161264	9.88155e-09
genome	40	17	3137161264	5.41891e-09
genome	41	23	3137161264	7.33147e-09
genome	42	10	3137161264	3.1876e-09
genome	43	3	3137161264	9.56279e-10
genome	44	4	3137161264	1.27504e-09
genome	45	3	3137161264	9.56279e-10
genome	46	4	3137161264	1.27504e-09
genome	47	5	3137161264	1.5938e-09
genome	48	7	3137161264	2.23132e-09
genome	49	6	3137161264	1.91256e-09
genome	50	2	3137161264	6.37519e-10
genome	51	8	3137161264	2.55008e-09
genome	52	18	3137161264	5.73767e-09
genome	53	12	3137161264	3.82511e-09
genome	54	11	3137161264	3.50635e-09
genome	55	16	3137161264	5.10015e-09
genome	56	15	3137161264	4.78139e-09
genome	57	18	3137161264	5.73767e-09
genome	58	16	3137161264	5.10015e-09
genome	59	20	3137161264	6.37519e-09
genome	60	7	3137161264	2.23132e-09
genome	61	9	3137161264	2.86884e-09
genome	62	14	3137161264	4.46263e-09
genome	63	10	3137161264	3.1876e-09
genome	64	8	3137161264	2.55008e-09
genome	65	9	3137161264	2.86884e-09
genome	66	3	3137161264	9.56279e-10
