chrM	0	7171	16571	0.432744
chrM	1	6252	16571	0.377286
chrM	2	2320	16571	0.140004
chrM	3	596	16571	0.0359664
chrM	4	190	16571	0.0114658
chrM	5	42	16571	0.00253455
chr1	0	245785777	249250621	0.986099
chr1	1	3430165	249250621	0.0137619
chr1	2	32555	249250621	0.000130612
chr1	3	617	249250621	2.47542e-06
chr1	4	194	249250621	7.78333e-07
chr1	5	56	249250621	2.24673e-07
chr1	6	24	249250621	9.62886e-08
chr1	7	15	249250621	6.01804e-08
chr1	8	23	249250621	9.22766e-08
chr1	9	17	249250621	6.82044e-08
chr1	10	16	249250621	6.41924e-08
chr1	11	66	249250621	2.64794e-07
chr1	12	20	249250621	8.02405e-08
chr1	13	29	249250621	1.16349e-07
chr1	14	31	249250621	1.24373e-07
chr1	15	38	249250621	1.52457e-07
chr1	16	48	249250621	1.92577e-07
chr1	17	30	249250621	1.20361e-07
chr1	18	37	249250621	1.48445e-07
chr1	19	33	249250621	1.32397e-07
chr1	20	35	249250621	1.40421e-07
chr1	21	56	249250621	2.24673e-07
chr1	22	54	249250621	2.16649e-07
chr1	23	40	249250621	1.60481e-07
chr1	24	40	249250621	1.60481e-07
chr1	25	36	249250621	1.44433e-07
chr1	26	26	249250621	1.04313e-07
chr1	27	27	249250621	1.08325e-07
chr1	28	38	249250621	1.52457e-07
chr1	29	40	249250621	1.60481e-07
chr1	30	18	249250621	7.22165e-08
chr1	31	12	249250621	4.81443e-08
chr1	32	25	249250621	1.00301e-07
chr1	33	15	249250621	6.01804e-08
chr1	34	25	249250621	1.00301e-07
chr1	35	19	249250621	7.62285e-08
chr1	36	17	249250621	6.82044e-08
chr1	37	19	249250621	7.62285e-08
chr1	38	9	249250621	3.61082e-08
chr1	39	14	249250621	5.61684e-08
chr1	40	13	249250621	5.21563e-08
chr1	41	13	249250621	5.21563e-08
chr1	42	4	249250621	1.60481e-08
chr1	43	4	249250621	1.60481e-08
chr1	44	6	249250621	2.40722e-08
chr1	45	7	249250621	2.80842e-08
chr1	46	8	249250621	3.20962e-08
chr1	47	7	249250621	2.80842e-08
chr1	48	8	249250621	3.20962e-08
chr1	49	7	249250621	2.80842e-08
chr1	50	6	249250621	2.40722e-08
chr1	51	4	249250621	1.60481e-08
chr1	52	9	249250621	3.61082e-08
chr1	53	5	249250621	2.00601e-08
chr1	54	11	249250621	4.41323e-08
chr1	55	11	249250621	4.41323e-08
chr1	56	22	249250621	8.82646e-08
chr1	57	19	249250621	7.62285e-08
chr1	58	31	249250621	1.24373e-07
chr1	59	30	249250621	1.20361e-07
chr1	60	12	249250621	4.81443e-08
chr1	61	15	249250621	6.01804e-08
chr1	62	13	249250621	5.21563e-08
chr2	0	240662240	243199373	0.989568
chr2	1	2511068	243199373	0.0103251
chr2	2	19064	243199373	7.83884e-05
chr2	3	2982	243199373	1.22615e-05
chr2	4	1813	243199373	7.45479e-06
chr2	5	908	243199373	3.73356e-06
chr2	6	516	243199373	2.12172e-06
chr2	7	249	243199373	1.02385e-06
chr2	8	211	243199373	8.67601e-07
chr2	9	102	243199373	4.19409e-07
chr2	10	46	243199373	1.89145e-07
chr2	11	29	243199373	1.19244e-07
chr2	12	91	243199373	3.74179e-07
chr2	13	11	243199373	4.52304e-08
chr2	14	5	243199373	2.05593e-08
chr2	15	7	243199373	2.8783e-08
chr2	16	8	243199373	3.28948e-08
chr2	17	10	243199373	4.11185e-08
chr2	18	13	243199373	5.34541e-08
chr3	0	195483119	198022430	0.987177
chr3	1	2520206	198022430	0.0127269
chr3	2	18843	198022430	9.51559e-05
chr3	3	149	198022430	7.5244e-07
chr3	4	6	198022430	3.02996e-08
chr3	5	8	198022430	4.03995e-08
chr3	7	2	198022430	1.00999e-08
chr3	8	4	198022430	2.01997e-08
chr3	9	5	198022430	2.52497e-08
chr3	11	5	198022430	2.52497e-08
chr3	12	3	198022430	1.51498e-08
chr3	13	2	198022430	1.00999e-08
chr3	14	2	198022430	1.00999e-08
chr3	15	2	198022430	1.00999e-08
chr3	16	2	198022430	1.00999e-08
chr3	17	4	198022430	2.01997e-08
chr3	18	1	198022430	5.04993e-09
chr3	19	4	198022430	2.01997e-08
chr3	20	4	198022430	2.01997e-08
chr3	21	6	198022430	3.02996e-08
chr3	22	3	198022430	1.51498e-08
chr3	23	3	198022430	1.51498e-08
chr3	24	3	198022430	1.51498e-08
chr3	25	5	198022430	2.52497e-08
chr3	26	3	198022430	1.51498e-08
chr3	27	5	198022430	2.52497e-08
chr3	28	1	198022430	5.04993e-09
chr3	29	4	198022430	2.01997e-08
chr3	30	3	198022430	1.51498e-08
chr3	31	4	198022430	2.01997e-08
chr3	32	9	198022430	4.54494e-08
chr3	33	3	198022430	1.51498e-08
chr3	34	5	198022430	2.52497e-08
chr3	35	1	198022430	5.04993e-09
chr3	36	1	198022430	5.04993e-09
chr4	0	189608264	191154276	0.991912
chr4	1	1529532	191154276	0.00800156
chr4	2	12116	191154276	6.33834e-05
chr4	3	2170	191154276	1.13521e-05
chr4	4	969	191154276	5.0692e-06
chr4	5	545	191154276	2.8511e-06
chr4	6	309	191154276	1.6165e-06
chr4	7	73	191154276	3.8189e-07
chr4	8	135	191154276	7.06236e-07
chr4	9	63	191154276	3.29577e-07
chr4	10	21	191154276	1.09859e-07
chr4	11	29	191154276	1.5171e-07
chr4	12	10	191154276	5.23138e-08
chr4	13	12	191154276	6.27765e-08
chr4	14	12	191154276	6.27765e-08
chr4	15	16	191154276	8.3702e-08
chr5	0	179133551	180915260	0.990152
chr5	1	1771853	180915260	0.00979383
chr5	2	9558	180915260	5.28314e-05
chr5	3	140	180915260	7.73843e-07
chr5	4	117	180915260	6.46712e-07
chr5	5	3	180915260	1.65823e-08
chr5	6	38	180915260	2.10043e-07
chr6	0	167836499	171115067	0.98084
chr6	1	3188743	171115067	0.0186351
chr6	2	81592	171115067	0.000476825
chr6	3	4094	171115067	2.39254e-05
chr6	4	534	171115067	3.12071e-06
chr6	5	332	171115067	1.94021e-06
chr6	6	306	171115067	1.78827e-06
chr6	7	231	171115067	1.34997e-06
chr6	8	232	171115067	1.35581e-06
chr6	9	219	171115067	1.27984e-06
chr6	10	291	171115067	1.70061e-06
chr6	11	300	171115067	1.75321e-06
chr6	12	247	171115067	1.44347e-06
chr6	13	305	171115067	1.78243e-06
chr6	14	262	171115067	1.53113e-06
chr6	15	206	171115067	1.20387e-06
chr6	16	196	171115067	1.14543e-06
chr6	17	136	171115067	7.94787e-07
chr6	18	127	171115067	7.42191e-07
chr6	19	75	171115067	4.38302e-07
chr6	20	53	171115067	3.09733e-07
chr6	21	28	171115067	1.63633e-07
chr6	22	28	171115067	1.63633e-07
chr6	23	13	171115067	7.59723e-08
chr6	24	8	171115067	4.67522e-08
chr6	25	7	171115067	4.09081e-08
chr6	26	2	171115067	1.1688e-08
chr6	27	1	171115067	5.84402e-09
chr7	0	157065202	159138663	0.986971
chr7	1	2056813	159138663	0.0129247
chr7	2	13755	159138663	8.64341e-05
chr7	3	862	159138663	5.41666e-06
chr7	4	422	159138663	2.65178e-06
chr7	5	317	159138663	1.99197e-06
chr7	6	209	159138663	1.31332e-06
chr7	7	85	159138663	5.34125e-07
chr7	8	79	159138663	4.96422e-07
chr7	9	76	159138663	4.77571e-07
chr7	10	113	159138663	7.10073e-07
chr7	11	89	159138663	5.59261e-07
chr7	12	140	159138663	8.79736e-07
chr7	13	114	159138663	7.16356e-07
chr7	14	93	159138663	5.84396e-07
chr7	15	53	159138663	3.33043e-07
chr7	16	67	159138663	4.21016e-07
chr7	17	60	159138663	3.7703e-07
chr7	18	42	159138663	2.63921e-07
chr7	19	22	159138663	1.38244e-07
chr7	20	11	159138663	6.91221e-08
chr7	21	15	159138663	9.42574e-08
chr7	22	1	159138663	6.28383e-09
chr7	23	3	159138663	1.88515e-08
chr7	24	9	159138663	5.65545e-08
chr7	25	9	159138663	5.65545e-08
chr7	26	2	159138663	1.25677e-08
chr8	0	143023114	146364022	0.977174
chr8	1	3266782	146364022	0.0223196
chr8	2	57889	146364022	0.000395514
chr8	3	5370	146364022	3.66893e-05
chr8	4	2941	146364022	2.00937e-05
chr8	5	2046	146364022	1.39788e-05
chr8	6	1613	146364022	1.10205e-05
chr8	7	1209	146364022	8.26023e-06
chr8	8	984	146364022	6.72296e-06
chr8	9	663	146364022	4.5298e-06
chr8	10	489	146364022	3.34099e-06
chr8	11	270	146364022	1.84472e-06
chr8	12	245	146364022	1.67391e-06
chr8	13	161	146364022	1.1e-06
chr8	14	68	146364022	4.64595e-07
chr8	15	37	146364022	2.52794e-07
chr8	16	31	146364022	2.11801e-07
chr8	17	33	146364022	2.25465e-07
chr8	18	21	146364022	1.43478e-07
chr8	19	19	146364022	1.29813e-07
chr8	20	17	146364022	1.16149e-07
chr8	21	20	146364022	1.36646e-07
chr9	0	139210088	141213431	0.985813
chr9	1	1979069	141213431	0.0140147
chr9	2	23324	141213431	0.000165168
chr9	3	428	141213431	3.03087e-06
chr9	4	211	141213431	1.49419e-06
chr9	5	50	141213431	3.54074e-07
chr9	6	93	141213431	6.58578e-07
chr9	7	78	141213431	5.52355e-07
chr9	8	13	141213431	9.20592e-08
chr9	9	13	141213431	9.20592e-08
chr9	10	17	141213431	1.20385e-07
chr9	11	6	141213431	4.24889e-08
chr9	12	39	141213431	2.76178e-07
chr9	13	2	141213431	1.4163e-08
chr10	0	133717125	135534747	0.986589
chr10	1	1787872	135534747	0.0131912
chr10	2	17472	135534747	0.000128912
chr10	3	2518	135534747	1.85783e-05
chr10	4	1601	135534747	1.18125e-05
chr10	5	1208	135534747	8.91284e-06
chr10	6	875	135534747	6.45591e-06
chr10	7	732	135534747	5.40083e-06
chr10	8	661	135534747	4.87698e-06
chr10	9	564	135534747	4.16129e-06
chr10	10	444	135534747	3.27591e-06
chr10	11	332	135534747	2.44956e-06
chr10	12	361	135534747	2.66352e-06
chr10	13	367	135534747	2.70779e-06
chr10	14	306	135534747	2.25772e-06
chr10	15	226	135534747	1.66747e-06
chr10	16	162	135534747	1.19527e-06
chr10	17	206	135534747	1.51991e-06
chr10	18	292	135534747	2.15443e-06
chr10	19	229	135534747	1.6896e-06
chr10	20	116	135534747	8.55869e-07
chr10	21	118	135534747	8.70625e-07
chr10	22	121	135534747	8.9276e-07
chr10	23	116	135534747	8.55869e-07
chr10	24	100	135534747	7.37818e-07
chr10	25	100	135534747	7.37818e-07
chr10	26	65	135534747	4.79582e-07
chr10	27	75	135534747	5.53364e-07
chr10	28	37	135534747	2.72993e-07
chr10	29	33	135534747	2.4348e-07
chr10	30	34	135534747	2.50858e-07
chr10	31	31	135534747	2.28724e-07
chr10	32	29	135534747	2.13967e-07
chr10	33	27	135534747	1.99211e-07
chr10	34	25	135534747	1.84455e-07
chr10	35	34	135534747	2.50858e-07
chr10	36	38	135534747	2.80371e-07
chr10	37	43	135534747	3.17262e-07
chr10	38	28	135534747	2.06589e-07
chr10	39	6	135534747	4.42691e-08
chr10	40	3	135534747	2.21345e-08
chr10	41	6	135534747	4.42691e-08
chr10	42	8	135534747	5.90255e-08
chr10	43	1	135534747	7.37818e-09
chr11	0	132655175	135006516	0.982584
chr11	1	2325093	135006516	0.0172221
chr11	2	24148	135006516	0.000178865
chr11	3	778	135006516	5.76268e-06
chr11	4	358	135006516	2.65172e-06
chr11	5	262	135006516	1.94065e-06
chr11	6	217	135006516	1.60733e-06
chr11	7	105	135006516	7.7774e-07
chr11	8	106	135006516	7.85147e-07
chr11	9	82	135006516	6.07378e-07
chr11	10	77	135006516	5.70343e-07
chr11	11	48	135006516	3.55538e-07
chr11	12	31	135006516	2.29619e-07
chr11	13	6	135006516	4.44423e-08
chr11	14	6	135006516	4.44423e-08
chr11	15	7	135006516	5.18494e-08
chr11	16	14	135006516	1.03699e-07
chr11	17	3	135006516	2.22212e-08
chr12	0	132404387	133851895	0.989186
chr12	1	1438946	133851895	0.0107503
chr12	2	8364	133851895	6.2487e-05
chr12	3	96	133851895	7.17211e-07
chr12	4	18	133851895	1.34477e-07
chr12	5	38	133851895	2.83896e-07
chr12	6	46	133851895	3.43663e-07
chr13	0	113707193	115169878	0.9873
chr13	1	1451956	115169878	0.0126071
chr13	2	10693	115169878	9.28455e-05
chr13	3	36	115169878	3.12582e-07
chr14	0	106217844	107349540	0.989458
chr14	1	1124490	107349540	0.010475
chr14	2	7062	107349540	6.57851e-05
chr14	3	57	107349540	5.30976e-07
chr14	4	52	107349540	4.84399e-07
chr14	5	3	107349540	2.79461e-08
chr14	6	32	107349540	2.98092e-07
chr15	0	101759798	102531392	0.992475
chr15	1	767838	102531392	0.00748881
chr15	2	3756	102531392	3.66327e-05
chr16	0	89182187	90354753	0.987023
chr16	1	1130850	90354753	0.0125157
chr16	2	13140	90354753	0.000145427
chr16	3	4379	90354753	4.84645e-05
chr16	4	4081	90354753	4.51664e-05
chr16	5	3966	90354753	4.38937e-05
chr16	6	3520	90354753	3.89576e-05
chr16	7	2805	90354753	3.10443e-05
chr16	8	2386	90354753	2.6407e-05
chr16	9	2061	90354753	2.28101e-05
chr16	10	1587	90354753	1.75641e-05
chr16	11	1171	90354753	1.296e-05
chr16	12	857	90354753	9.48484e-06
chr16	13	600	90354753	6.64049e-06
chr16	14	382	90354753	4.22778e-06
chr16	15	239	90354753	2.64513e-06
chr16	16	158	90354753	1.74866e-06
chr16	17	96	90354753	1.06248e-06
chr16	18	95	90354753	1.05141e-06
chr16	19	77	90354753	8.52196e-07
chr16	20	29	90354753	3.20957e-07
chr16	21	19	90354753	2.10282e-07
chr16	22	17	90354753	1.88147e-07
chr16	23	14	90354753	1.54945e-07
chr16	24	16	90354753	1.7708e-07
chr16	25	19	90354753	2.10282e-07
chr16	26	2	90354753	2.2135e-08
chr17	0	80467857	81195210	0.991042
chr17	1	720416	81195210	0.00887264
chr17	2	5985	81195210	7.37112e-05
chr17	3	533	81195210	6.56443e-06
chr17	4	209	81195210	2.57404e-06
chr17	5	79	81195210	9.72964e-07
chr17	6	75	81195210	9.237e-07
chr17	7	25	81195210	3.079e-07
chr17	8	20	81195210	2.4632e-07
chr17	9	11	81195210	1.35476e-07
chr18	0	77142920	78077248	0.988033
chr18	1	925607	78077248	0.011855
chr18	2	7225	78077248	9.25366e-05
chr18	3	357	78077248	4.57239e-06
chr18	4	343	78077248	4.39308e-06
chr18	5	179	78077248	2.2926e-06
chr18	6	101	78077248	1.29359e-06
chr18	7	65	78077248	8.32509e-07
chr18	8	103	78077248	1.31921e-06
chr18	9	66	78077248	8.45317e-07
chr18	10	38	78077248	4.86698e-07
chr18	11	90	78077248	1.1527e-06
chr18	12	27	78077248	3.45811e-07
chr18	13	45	78077248	5.76352e-07
chr18	14	33	78077248	4.22658e-07
chr18	15	17	78077248	2.17733e-07
chr18	16	8	78077248	1.02463e-07
chr18	17	7	78077248	8.96548e-08
chr18	18	1	78077248	1.28078e-08
chr18	19	5	78077248	6.40391e-08
chr18	20	11	78077248	1.40886e-07
chr19	0	58566460	59128983	0.990487
chr19	1	555923	59128983	0.00940187
chr19	2	4128	59128983	6.98135e-05
chr19	3	446	59128983	7.54283e-06
chr19	4	338	59128983	5.71632e-06
chr19	5	280	59128983	4.73541e-06
chr19	6	193	59128983	3.26405e-06
chr19	7	165	59128983	2.79051e-06
chr19	8	199	59128983	3.36552e-06
chr19	9	109	59128983	1.84343e-06
chr19	10	91	59128983	1.53901e-06
chr19	11	54	59128983	9.13258e-07
chr19	12	94	59128983	1.58974e-06
chr19	13	95	59128983	1.60666e-06
chr19	14	34	59128983	5.75014e-07
chr19	15	41	59128983	6.93399e-07
chr19	16	22	59128983	3.72068e-07
chr19	17	21	59128983	3.55156e-07
chr19	18	34	59128983	5.75014e-07
chr19	19	18	59128983	3.04419e-07
chr19	20	12	59128983	2.02946e-07
chr19	21	19	59128983	3.21331e-07
chr19	22	30	59128983	5.07365e-07
chr19	23	16	59128983	2.70595e-07
chr19	24	18	59128983	3.04419e-07
chr19	25	33	59128983	5.58102e-07
chr19	26	9	59128983	1.5221e-07
chr19	27	8	59128983	1.35297e-07
chr19	28	12	59128983	2.02946e-07
chr19	29	16	59128983	2.70595e-07
chr19	30	27	59128983	4.56629e-07
chr19	31	12	59128983	2.02946e-07
chr19	32	6	59128983	1.01473e-07
chr19	33	9	59128983	1.5221e-07
chr19	34	6	59128983	1.01473e-07
chr19	35	5	59128983	8.45609e-08
chr20	0	61977591	63025520	0.983373
chr20	1	1037014	63025520	0.0164539
chr20	2	10577	63025520	0.000167821
chr20	3	183	63025520	2.90359e-06
chr20	4	105	63025520	1.66599e-06
chr20	5	4	63025520	6.34664e-08
chr20	6	5	63025520	7.93329e-08
chr20	7	2	63025520	3.17332e-08
chr20	8	2	63025520	3.17332e-08
chr20	9	37	63025520	5.87064e-07
chr21	0	47370137	48129895	0.984214
chr21	1	749391	48129895	0.0155702
chr21	2	9820	48129895	0.000204031
chr21	3	363	48129895	7.54209e-06
chr21	4	67	48129895	1.39207e-06
chr21	5	8	48129895	1.66217e-07
chr21	6	7	48129895	1.4544e-07
chr21	7	6	48129895	1.24663e-07
chr21	8	8	48129895	1.66217e-07
chr21	9	11	48129895	2.28548e-07
chr21	10	10	48129895	2.07771e-07
chr21	11	16	48129895	3.32434e-07
chr21	12	17	48129895	3.53211e-07
chr21	13	5	48129895	1.03886e-07
chr21	14	5	48129895	1.03886e-07
chr21	15	24	48129895	4.98651e-07
chr22	0	50838485	51304566	0.990915
chr22	1	462256	51304566	0.00901004
chr22	2	3702	51304566	7.21573e-05
chr22	3	56	51304566	1.09152e-06
chr22	4	3	51304566	5.84743e-08
chr22	5	4	51304566	7.79658e-08
chr22	6	3	51304566	5.84743e-08
chr22	7	4	51304566	7.79658e-08
chr22	9	2	51304566	3.89829e-08
chr22	10	1	51304566	1.94914e-08
chr22	11	1	51304566	1.94914e-08
chr22	12	2	51304566	3.89829e-08
chr22	14	4	51304566	7.79658e-08
chr22	15	3	51304566	5.84743e-08
chr22	16	4	51304566	7.79658e-08
chr22	17	3	51304566	5.84743e-08
chr22	18	5	51304566	9.74572e-08
chr22	19	2	51304566	3.89829e-08
chr22	20	9	51304566	1.75423e-07
chr22	21	17	51304566	3.31354e-07
chrX	0	153993744	155270560	0.991777
chrX	1	1268614	155270560	0.00817034
chrX	2	7522	155270560	4.84445e-05
chrX	3	389	155270560	2.5053e-06
chrX	4	180	155270560	1.15927e-06
chrX	5	111	155270560	7.14881e-07
chrY	0	59307859	59373566	0.998893
chrY	1	60765	59373566	0.00102344
chrY	2	3164	59373566	5.32897e-05
chrY	3	925	59373566	1.55793e-05
chrY	4	500	59373566	8.42126e-06
chrY	5	117	59373566	1.97057e-06
chrY	6	38	59373566	6.40015e-07
chrY	7	21	59373566	3.53693e-07
chrY	8	80	59373566	1.3474e-06
chrY	9	13	59373566	2.18953e-07
chrY	10	12	59373566	2.0211e-07
chrY	11	5	59373566	8.42126e-08
chrY	12	10	59373566	1.68425e-07
chrY	13	6	59373566	1.01055e-07
chrY	14	15	59373566	2.52638e-07
chrY	15	7	59373566	1.17898e-07
chrY	16	16	59373566	2.6948e-07
chrY	17	13	59373566	2.18953e-07
chr1_gl000191_random	0	106083	106433	0.996712
chr1_gl000191_random	1	350	106433	0.00328845
chr1_gl000192_random	0	536309	547496	0.979567
chr1_gl000192_random	1	11074	547496	0.0202266
chr1_gl000192_random	2	113	547496	0.000206394
chr4_ctg9_hap1	0	588076	590426	0.99602
chr4_ctg9_hap1	1	2350	590426	0.00398018
chr4_gl000193_random	0	185261	189789	0.976142
chr4_gl000193_random	1	4306	189789	0.0226884
chr4_gl000193_random	2	222	189789	0.00116972
chr4_gl000194_random	0	187259	191469	0.978012
chr4_gl000194_random	1	4120	191469	0.0215178
chr4_gl000194_random	2	90	191469	0.00047005
chr6_apd_hap1	0	4616340	4622290	0.998713
chr6_apd_hap1	1	5950	4622290	0.00128724
chr6_cox_hap2	0	4780658	4795371	0.996932
chr6_cox_hap2	1	14626	4795371	0.00305002
chr6_cox_hap2	2	87	4795371	1.81425e-05
chr6_dbb_hap3	0	4600546	4610396	0.997864
chr6_dbb_hap3	1	9850	4610396	0.00213648
chr6_mann_hap4	0	4674063	4683263	0.998036
chr6_mann_hap4	1	9200	4683263	0.00196444
chr6_mcf_hap5	0	4823621	4833398	0.997977
chr6_mcf_hap5	1	9754	4833398	0.00201804
chr6_mcf_hap5	2	23	4833398	4.75856e-06
chr6_qbl_hap6	0	4601438	4611984	0.997713
chr6_qbl_hap6	1	10542	4611984	0.00228578
chr6_qbl_hap6	2	4	4611984	8.67306e-07
chr6_ssto_hap7	0	4917867	4928567	0.997829
chr6_ssto_hap7	1	10700	4928567	0.00217102
chr7_gl000195_random	0	175627	182896	0.960256
chr7_gl000195_random	1	7088	182896	0.0387543
chr7_gl000195_random	2	181	182896	0.000989633
chr8_gl000196_random	0	38564	38914	0.991006
chr8_gl000196_random	1	350	38914	0.00899419
chr8_gl000197_random	0	37125	37175	0.998655
chr8_gl000197_random	1	50	37175	0.00134499
chr9_gl000198_random	0	87708	90085	0.973614
chr9_gl000198_random	1	2254	90085	0.0250208
chr9_gl000198_random	2	123	90085	0.00136538
chr9_gl000199_random	0	142942	169874	0.841459
chr9_gl000199_random	1	21330	169874	0.125564
chr9_gl000199_random	2	3986	169874	0.0234645
chr9_gl000199_random	3	928	169874	0.00546287
chr9_gl000199_random	4	223	169874	0.00131274
chr9_gl000199_random	5	86	169874	0.000506258
chr9_gl000199_random	6	120	169874	0.000706406
chr9_gl000199_random	7	83	169874	0.000488597
chr9_gl000199_random	8	28	169874	0.000164828
chr9_gl000199_random	9	10	169874	5.88672e-05
chr9_gl000199_random	10	24	169874	0.000141281
chr9_gl000199_random	11	44	169874	0.000259016
chr9_gl000199_random	12	29	169874	0.000170715
chr9_gl000199_random	13	4	169874	2.35469e-05
chr9_gl000199_random	14	2	169874	1.17734e-05
chr9_gl000199_random	15	1	169874	5.88672e-06
chr9_gl000199_random	16	4	169874	2.35469e-05
chr9_gl000199_random	17	9	169874	5.29804e-05
chr9_gl000199_random	18	12	169874	7.06406e-05
chr9_gl000199_random	19	3	169874	1.76601e-05
chr9_gl000199_random	20	6	169874	3.53203e-05
chr9_gl000200_random	0	185485	187035	0.991713
chr9_gl000200_random	1	1550	187035	0.00828722
chr9_gl000201_random	0	36098	36148	0.998617
chr9_gl000201_random	1	50	36148	0.0013832
chr11_gl000202_random	0	39803	40103	0.992519
chr11_gl000202_random	1	300	40103	0.00748074
chr17_ctg5_hap1	0	1677178	1680828	0.997828
chr17_ctg5_hap1	1	3650	1680828	0.00217155
chr17_gl000203_random	0	37098	37498	0.989333
chr17_gl000203_random	1	400	37498	0.0106672
chr17_gl000204_random	0	80960	81310	0.995695
chr17_gl000204_random	1	350	81310	0.00430451
chr17_gl000205_random	0	167939	174588	0.961916
chr17_gl000205_random	1	6548	174588	0.0375054
chr17_gl000205_random	2	101	174588	0.000578505
chr17_gl000206_random	0	40851	41001	0.996342
chr17_gl000206_random	1	150	41001	0.00365845
chr19_gl000208_random	0	88789	92689	0.957924
chr19_gl000208_random	1	3650	92689	0.039379
chr19_gl000208_random	2	250	92689	0.00269719
chr19_gl000209_random	0	158969	159169	0.998743
chr19_gl000209_random	1	200	159169	0.00125653
chr21_gl000210_random	0	27532	27682	0.994581
chr21_gl000210_random	1	150	27682	0.00541868
chrUn_gl000211	0	162112	166566	0.97326
chrUn_gl000211	1	4408	166566	0.026464
chrUn_gl000211	2	46	166566	0.000276167
chrUn_gl000212	0	183772	186858	0.983485
chrUn_gl000212	1	3022	186858	0.0161727
chrUn_gl000212	2	64	186858	0.000342506
chrUn_gl000213	0	162339	164239	0.988432
chrUn_gl000213	1	1900	164239	0.0115685
chrUn_gl000214	0	126328	137718	0.917295
chrUn_gl000214	1	9218	137718	0.0669339
chrUn_gl000214	2	1613	137718	0.0117123
chrUn_gl000214	3	387	137718	0.00281009
chrUn_gl000214	4	113	137718	0.000820517
chrUn_gl000214	5	15	137718	0.000108918
chrUn_gl000214	6	40	137718	0.000290449
chrUn_gl000214	7	4	137718	2.90449e-05
chrUn_gl000215	0	170881	172545	0.990356
chrUn_gl000215	1	1628	172545	0.00943522
chrUn_gl000215	2	36	172545	0.000208641
chrUn_gl000216	0	158454	172294	0.919672
chrUn_gl000216	1	11480	172294	0.0666303
chrUn_gl000216	2	1205	172294	0.00699386
chrUn_gl000216	3	551	172294	0.00319802
chrUn_gl000216	4	139	172294	0.000806761
chrUn_gl000216	5	106	172294	0.000615227
chrUn_gl000216	6	104	172294	0.000603619
chrUn_gl000216	7	104	172294	0.000603619
chrUn_gl000216	8	61	172294	0.000354046
chrUn_gl000216	9	28	172294	0.000162513
chrUn_gl000216	10	53	172294	0.000307614
chrUn_gl000216	11	9	172294	5.22363e-05
chrUn_gl000217	0	168510	172149	0.978861
chrUn_gl000217	1	3578	172149	0.0207843
chrUn_gl000217	2	61	172149	0.000354344
chrUn_gl000218	0	156345	161147	0.970201
chrUn_gl000218	1	4754	161147	0.029501
chrUn_gl000218	2	48	161147	0.000297865
chrUn_gl000219	0	171017	179198	0.954347
chrUn_gl000219	1	7862	179198	0.0438733
chrUn_gl000219	2	319	179198	0.00178015
chrUn_gl000220	0	112931	161802	0.697958
chrUn_gl000220	1	18276	161802	0.112953
chrUn_gl000220	2	9955	161802	0.0615258
chrUn_gl000220	3	7630	161802	0.0471564
chrUn_gl000220	4	5786	161802	0.0357598
chrUn_gl000220	5	3413	161802	0.0210937
chrUn_gl000220	6	2100	161802	0.0129788
chrUn_gl000220	7	1017	161802	0.00628546
chrUn_gl000220	8	416	161802	0.00257104
chrUn_gl000220	9	158	161802	0.000976502
chrUn_gl000220	10	62	161802	0.000383184
chrUn_gl000220	11	34	161802	0.000210133
chrUn_gl000220	12	10	161802	6.18039e-05
chrUn_gl000220	13	14	161802	8.65255e-05
chrUn_gl000221	0	150103	155397	0.965932
chrUn_gl000221	1	5088	155397	0.0327419
chrUn_gl000221	2	206	155397	0.00132564
chrUn_gl000222	0	184237	186861	0.985958
chrUn_gl000222	1	2598	186861	0.0139034
chrUn_gl000222	2	26	186861	0.000139141
chrUn_gl000223	0	179305	180455	0.993627
chrUn_gl000223	1	1150	180455	0.00637278
chrUn_gl000224	0	168132	179693	0.935663
chrUn_gl000224	1	10191	179693	0.0567134
chrUn_gl000224	2	1093	179693	0.0060826
chrUn_gl000224	3	219	179693	0.00121875
chrUn_gl000224	4	30	179693	0.000166951
chrUn_gl000224	5	22	179693	0.000122431
chrUn_gl000224	6	6	179693	3.33903e-05
chrUn_gl000225	0	190542	211173	0.902303
chrUn_gl000225	1	17662	211173	0.0836376
chrUn_gl000225	2	2038	211173	0.00965086
chrUn_gl000225	3	698	211173	0.00330535
chrUn_gl000225	4	147	211173	0.000696112
chrUn_gl000225	5	32	211173	0.000151535
chrUn_gl000225	6	25	211173	0.000118386
chrUn_gl000225	7	12	211173	5.68254e-05
chrUn_gl000225	8	17	211173	8.05027e-05
chrUn_gl000226	0	1265	15008	0.0842884
chrUn_gl000226	1	1516	15008	0.101013
chrUn_gl000226	2	1964	15008	0.130864
chrUn_gl000226	3	1918	15008	0.127799
chrUn_gl000226	4	1873	15008	0.1248
chrUn_gl000226	5	1738	15008	0.115805
chrUn_gl000226	6	1574	15008	0.104877
chrUn_gl000226	7	1188	15008	0.0791578
chrUn_gl000226	8	797	15008	0.053105
chrUn_gl000226	9	529	15008	0.0352479
chrUn_gl000226	10	297	15008	0.0197894
chrUn_gl000226	11	136	15008	0.00906183
chrUn_gl000226	12	72	15008	0.00479744
chrUn_gl000226	13	47	15008	0.00313166
chrUn_gl000226	14	38	15008	0.00253198
chrUn_gl000226	15	22	15008	0.00146588
chrUn_gl000226	16	15	15008	0.000999467
chrUn_gl000226	17	15	15008	0.000999467
chrUn_gl000226	18	1	15008	6.66311e-05
chrUn_gl000226	19	3	15008	0.000199893
chrUn_gl000227	0	127374	128374	0.99221
chrUn_gl000227	1	1000	128374	0.00778974
chrUn_gl000228	0	126741	129120	0.981575
chrUn_gl000228	1	2025	129120	0.0156831
chrUn_gl000228	2	225	129120	0.00174257
chrUn_gl000228	3	81	129120	0.000627323
chrUn_gl000228	4	11	129120	8.51921e-05
chrUn_gl000228	5	34	129120	0.000263321
chrUn_gl000228	6	3	129120	2.32342e-05
chrUn_gl000229	0	19261	19913	0.967258
chrUn_gl000229	1	602	19913	0.0302315
chrUn_gl000229	2	2	19913	0.000100437
chrUn_gl000229	3	48	19913	0.00241049
chrUn_gl000230	0	43019	43691	0.984619
chrUn_gl000230	1	644	43691	0.0147399
chrUn_gl000230	2	28	43691	0.000640864
chrUn_gl000231	0	26536	27386	0.968962
chrUn_gl000231	1	850	27386	0.0310378
chrUn_gl000232	0	38536	40652	0.947948
chrUn_gl000232	1	2053	40652	0.0505018
chrUn_gl000232	2	42	40652	0.00103316
chrUn_gl000232	3	21	40652	0.00051658
chrUn_gl000233	0	44965	45941	0.978755
chrUn_gl000233	1	952	45941	0.0207222
chrUn_gl000233	2	24	45941	0.000522409
chrUn_gl000234	0	38457	40531	0.948829
chrUn_gl000234	1	1998	40531	0.0492956
chrUn_gl000234	2	76	40531	0.00187511
chrUn_gl000235	0	31880	34474	0.924755
chrUn_gl000235	1	2388	34474	0.0692696
chrUn_gl000235	2	206	34474	0.00597552
chrUn_gl000236	0	41220	41934	0.982973
chrUn_gl000236	1	678	41934	0.0161683
chrUn_gl000236	2	36	41934	0.000858492
chrUn_gl000237	0	44417	45867	0.968387
chrUn_gl000237	1	1450	45867	0.0316131
chrUn_gl000238	0	39439	39939	0.987481
chrUn_gl000238	1	500	39939	0.0125191
chrUn_gl000239	0	32241	33824	0.953199
chrUn_gl000239	1	1566	33824	0.0462985
chrUn_gl000239	2	17	33824	0.000502602
chrUn_gl000240	0	41026	41933	0.97837
chrUn_gl000240	1	864	41933	0.0206043
chrUn_gl000240	2	43	41933	0.00102545
chrUn_gl000241	0	39870	42152	0.945863
chrUn_gl000241	1	2128	42152	0.050484
chrUn_gl000241	2	140	42152	0.00332131
chrUn_gl000241	3	14	42152	0.000332131
chrUn_gl000242	0	43223	43523	0.993107
chrUn_gl000242	1	300	43523	0.00689291
chrUn_gl000243	0	41807	43341	0.964606
chrUn_gl000243	1	1468	43341	0.0338709
chrUn_gl000243	2	66	43341	0.00152281
chrUn_gl000244	0	39236	39929	0.982644
chrUn_gl000244	1	636	39929	0.0159283
chrUn_gl000244	2	57	39929	0.00142753
chrUn_gl000245	0	35301	36651	0.963166
chrUn_gl000245	1	1350	36651	0.0368339
chrUn_gl000246	0	38004	38154	0.996069
chrUn_gl000246	1	150	38154	0.00393144
chrUn_gl000247	0	35622	36422	0.978035
chrUn_gl000247	1	800	36422	0.0219647
chrUn_gl000248	0	39636	39786	0.99623
chrUn_gl000248	1	150	39786	0.00377017
chrUn_gl000249	0	38352	38502	0.996104
chrUn_gl000249	1	150	38502	0.0038959
chr18_gl000207_random	0	4262	4262	1
genome	0	3098260674	3137161264	0.9876
genome	1	38337439	3137161264	0.0122204
genome	2	432590	3137161264	0.000137892
genome	3	41019	3137161264	1.30752e-05
genome	4	23574	3137161264	7.51444e-06
genome	5	16012	3137161264	5.10398e-06
genome	6	12192	3137161264	3.88632e-06
genome	7	8280	3137161264	2.63933e-06
genome	8	6565	3137161264	2.09266e-06
genome	9	4839	3137161264	1.54248e-06
genome	10	3689	3137161264	1.1759e-06
genome	11	2734	3137161264	8.71489e-07
genome	12	2305	3137161264	7.34741e-07
genome	13	1825	3137161264	5.81736e-07
genome	14	1298	3137161264	4.1375e-07
genome	15	946	3137161264	3.01546e-07
genome	16	755	3137161264	2.40663e-07
genome	17	646	3137161264	2.05919e-07
genome	18	681	3137161264	2.17075e-07
genome	19	490	3137161264	1.56192e-07
genome	20	303	3137161264	9.65841e-08
genome	21	298	3137161264	9.49903e-08
genome	22	254	3137161264	8.09649e-08
genome	23	205	3137161264	6.53457e-08
genome	24	194	3137161264	6.18393e-08
genome	25	209	3137161264	6.66207e-08
genome	26	109	3137161264	3.47448e-08
genome	27	116	3137161264	3.69761e-08
genome	28	88	3137161264	2.80508e-08
genome	29	93	3137161264	2.96446e-08
genome	30	82	3137161264	2.61383e-08
genome	31	59	3137161264	1.88068e-08
genome	32	69	3137161264	2.19944e-08
genome	33	54	3137161264	1.7213e-08
genome	34	61	3137161264	1.94443e-08
genome	35	59	3137161264	1.88068e-08
genome	36	56	3137161264	1.78505e-08
genome	37	62	3137161264	1.97631e-08
genome	38	37	3137161264	1.17941e-08
genome	39	20	3137161264	6.37519e-09
genome	40	16	3137161264	5.10015e-09
genome	41	19	3137161264	6.05643e-09
genome	42	12	3137161264	3.82511e-09
genome	43	5	3137161264	1.5938e-09
genome	44	6	3137161264	1.91256e-09
genome	45	7	3137161264	2.23132e-09
genome	46	8	3137161264	2.55008e-09
genome	47	7	3137161264	2.23132e-09
genome	48	8	3137161264	2.55008e-09
genome	49	7	3137161264	2.23132e-09
genome	50	6	3137161264	1.91256e-09
genome	51	4	3137161264	1.27504e-09
genome	52	9	3137161264	2.86884e-09
genome	53	5	3137161264	1.5938e-09
genome	54	11	3137161264	3.50635e-09
genome	55	11	3137161264	3.50635e-09
genome	56	22	3137161264	7.01271e-09
genome	57	19	3137161264	6.05643e-09
genome	58	31	3137161264	9.88155e-09
genome	59	30	3137161264	9.56279e-09
genome	60	12	3137161264	3.82511e-09
genome	61	15	3137161264	4.78139e-09
genome	62	13	3137161264	4.14387e-09
