chrM	0	8763	16571	0.528815
chrM	1	5791	16571	0.349466
chrM	2	1622	16571	0.0978818
chrM	3	313	16571	0.0188884
chrM	4	47	16571	0.00283628
chrM	5	22	16571	0.00132762
chrM	6	13	16571	0.000784503
chr1	0	245460881	249250621	0.984795
chr1	1	3748821	249250621	0.0150404
chr1	2	38546	249250621	0.000154648
chr1	3	709	249250621	2.84453e-06
chr1	4	227	249250621	9.1073e-07
chr1	5	74	249250621	2.9689e-07
chr1	6	77	249250621	3.08926e-07
chr1	7	91	249250621	3.65094e-07
chr1	8	30	249250621	1.20361e-07
chr1	9	28	249250621	1.12337e-07
chr1	10	71	249250621	2.84854e-07
chr1	11	25	249250621	1.00301e-07
chr1	12	18	249250621	7.22165e-08
chr1	13	35	249250621	1.40421e-07
chr1	14	27	249250621	1.08325e-07
chr1	15	43	249250621	1.72517e-07
chr1	16	42	249250621	1.68505e-07
chr1	17	45	249250621	1.80541e-07
chr1	18	41	249250621	1.64493e-07
chr1	19	41	249250621	1.64493e-07
chr1	20	40	249250621	1.60481e-07
chr1	21	34	249250621	1.36409e-07
chr1	22	42	249250621	1.68505e-07
chr1	23	48	249250621	1.92577e-07
chr1	24	43	249250621	1.72517e-07
chr1	25	44	249250621	1.76529e-07
chr1	26	25	249250621	1.00301e-07
chr1	27	20	249250621	8.02405e-08
chr1	28	18	249250621	7.22165e-08
chr1	29	16	249250621	6.41924e-08
chr1	30	17	249250621	6.82044e-08
chr1	31	36	249250621	1.44433e-07
chr1	32	26	249250621	1.04313e-07
chr1	33	22	249250621	8.82646e-08
chr1	34	26	249250621	1.04313e-07
chr1	35	30	249250621	1.20361e-07
chr1	36	16	249250621	6.41924e-08
chr1	37	12	249250621	4.81443e-08
chr1	38	6	249250621	2.40722e-08
chr1	39	11	249250621	4.41323e-08
chr1	40	11	249250621	4.41323e-08
chr1	41	7	249250621	2.80842e-08
chr1	42	6	249250621	2.40722e-08
chr1	43	1	249250621	4.01203e-09
chr1	44	6	249250621	2.40722e-08
chr1	45	5	249250621	2.00601e-08
chr1	46	6	249250621	2.40722e-08
chr1	47	6	249250621	2.40722e-08
chr1	48	9	249250621	3.61082e-08
chr1	49	16	249250621	6.41924e-08
chr1	50	20	249250621	8.02405e-08
chr1	51	16	249250621	6.41924e-08
chr1	52	30	249250621	1.20361e-07
chr1	53	17	249250621	6.82044e-08
chr1	54	24	249250621	9.62886e-08
chr1	55	14	249250621	5.61684e-08
chr1	56	10	249250621	4.01203e-08
chr1	57	11	249250621	4.41323e-08
chr1	58	2	249250621	8.02405e-09
chr2	0	240628514	243199373	0.989429
chr2	1	2544066	243199373	0.0104608
chr2	2	19782	243199373	8.13407e-05
chr2	3	3037	243199373	1.24877e-05
chr2	4	1587	243199373	6.52551e-06
chr2	5	841	243199373	3.45807e-06
chr2	6	540	243199373	2.2204e-06
chr2	7	363	243199373	1.4926e-06
chr2	8	171	243199373	7.03127e-07
chr2	9	144	243199373	5.92107e-07
chr2	10	174	243199373	7.15462e-07
chr2	11	87	243199373	3.57731e-07
chr2	12	7	243199373	2.8783e-08
chr2	13	4	243199373	1.64474e-08
chr2	14	6	243199373	2.46711e-08
chr2	15	6	243199373	2.46711e-08
chr2	16	14	243199373	5.75659e-08
chr2	17	10	243199373	4.11185e-08
chr2	18	20	243199373	8.22371e-08
chr3	0	195588454	198022430	0.987709
chr3	1	2415983	198022430	0.0122006
chr3	2	17742	198022430	8.95959e-05
chr3	3	138	198022430	6.96891e-07
chr3	4	2	198022430	1.00999e-08
chr3	5	4	198022430	2.01997e-08
chr3	6	1	198022430	5.04993e-09
chr3	7	1	198022430	5.04993e-09
chr3	8	5	198022430	2.52497e-08
chr3	9	4	198022430	2.01997e-08
chr3	10	1	198022430	5.04993e-09
chr3	11	4	198022430	2.01997e-08
chr3	12	2	198022430	1.00999e-08
chr3	13	4	198022430	2.01997e-08
chr3	14	3	198022430	1.51498e-08
chr3	15	7	198022430	3.53495e-08
chr3	16	3	198022430	1.51498e-08
chr3	17	1	198022430	5.04993e-09
chr3	18	3	198022430	1.51498e-08
chr3	19	2	198022430	1.00999e-08
chr3	20	1	198022430	5.04993e-09
chr3	21	3	198022430	1.51498e-08
chr3	22	6	198022430	3.02996e-08
chr3	23	3	198022430	1.51498e-08
chr3	24	6	198022430	3.02996e-08
chr3	25	1	198022430	5.04993e-09
chr3	26	4	198022430	2.01997e-08
chr3	27	6	198022430	3.02996e-08
chr3	28	2	198022430	1.00999e-08
chr3	30	5	198022430	2.52497e-08
chr3	31	2	198022430	1.00999e-08
chr3	32	14	198022430	7.06991e-08
chr3	33	9	198022430	4.54494e-08
chr3	34	4	198022430	2.01997e-08
chr4	0	189660717	191154276	0.992187
chr4	1	1477937	191154276	0.00773165
chr4	2	11113	191154276	5.81363e-05
chr4	3	2113	191154276	1.10539e-05
chr4	4	1158	191154276	6.05793e-06
chr4	5	437	191154276	2.28611e-06
chr4	6	333	191154276	1.74205e-06
chr4	7	193	191154276	1.00966e-06
chr4	8	120	191154276	6.27765e-07
chr4	9	60	191154276	3.13883e-07
chr4	10	16	191154276	8.3702e-08
chr4	11	37	191154276	1.93561e-07
chr4	12	32	191154276	1.67404e-07
chr4	13	9	191154276	4.70824e-08
chr4	14	1	191154276	5.23138e-09
chr5	0	179195069	180915260	0.990492
chr5	1	1710989	180915260	0.00945741
chr5	2	8926	180915260	4.9338e-05
chr5	3	196	180915260	1.08338e-06
chr5	4	79	180915260	4.36669e-07
chr5	5	1	180915260	5.52745e-09
chr6	0	167895919	171115067	0.981187
chr6	1	3132490	171115067	0.0183063
chr6	2	78755	171115067	0.000460246
chr6	3	3883	171115067	2.26923e-05
chr6	4	556	171115067	3.24928e-06
chr6	5	248	171115067	1.44932e-06
chr6	6	279	171115067	1.63048e-06
chr6	7	281	171115067	1.64217e-06
chr6	8	321	171115067	1.87593e-06
chr6	9	360	171115067	2.10385e-06
chr6	10	258	171115067	1.50776e-06
chr6	11	235	171115067	1.37334e-06
chr6	12	273	171115067	1.59542e-06
chr6	13	289	171115067	1.68892e-06
chr6	14	233	171115067	1.36166e-06
chr6	15	234	171115067	1.3675e-06
chr6	16	202	171115067	1.18049e-06
chr6	17	88	171115067	5.14274e-07
chr6	18	62	171115067	3.62329e-07
chr6	19	58	171115067	3.38953e-07
chr6	20	32	171115067	1.87009e-07
chr6	21	10	171115067	5.84402e-08
chr6	22	1	171115067	5.84402e-09
chr7	0	157112305	159138663	0.987267
chr7	1	2009474	159138663	0.0126272
chr7	2	13888	159138663	8.72698e-05
chr7	3	951	159138663	5.97592e-06
chr7	4	421	159138663	2.64549e-06
chr7	5	321	159138663	2.01711e-06
chr7	6	230	159138663	1.44528e-06
chr7	7	171	159138663	1.07453e-06
chr7	8	136	159138663	8.54601e-07
chr7	9	146	159138663	9.17439e-07
chr7	10	126	159138663	7.91762e-07
chr7	11	101	159138663	6.34667e-07
chr7	12	75	159138663	4.71287e-07
chr7	13	73	159138663	4.58719e-07
chr7	14	65	159138663	4.08449e-07
chr7	15	71	159138663	4.46152e-07
chr7	16	59	159138663	3.70746e-07
chr7	17	22	159138663	1.38244e-07
chr7	18	18	159138663	1.13109e-07
chr7	19	8	159138663	5.02706e-08
chr7	20	2	159138663	1.25677e-08
chr8	0	143147266	146364022	0.978022
chr8	1	3145872	146364022	0.0214935
chr8	2	55523	146364022	0.000379349
chr8	3	4858	146364022	3.31912e-05
chr8	4	3102	146364022	2.11937e-05
chr8	5	2208	146364022	1.50857e-05
chr8	6	1614	146364022	1.10273e-05
chr8	7	1216	146364022	8.30805e-06
chr8	8	852	146364022	5.8211e-06
chr8	9	580	146364022	3.96272e-06
chr8	10	275	146364022	1.87888e-06
chr8	11	179	146364022	1.22298e-06
chr8	12	121	146364022	8.26706e-07
chr8	13	92	146364022	6.2857e-07
chr8	14	66	146364022	4.50931e-07
chr8	15	50	146364022	3.41614e-07
chr8	16	17	146364022	1.16149e-07
chr8	17	25	146364022	1.70807e-07
chr8	18	36	146364022	2.45962e-07
chr8	19	27	146364022	1.84472e-07
chr8	20	7	146364022	4.7826e-08
chr8	22	5	146364022	3.41614e-08
chr8	23	20	146364022	1.36646e-07
chr8	24	6	146364022	4.09937e-08
chr8	25	5	146364022	3.41614e-08
chr9	0	139088326	141213431	0.984951
chr9	1	2097511	141213431	0.0148535
chr9	2	26570	141213431	0.000188155
chr9	3	546	141213431	3.86649e-06
chr9	4	209	141213431	1.48003e-06
chr9	5	125	141213431	8.85185e-07
chr9	6	53	141213431	3.75318e-07
chr9	7	27	141213431	1.912e-07
chr9	8	37	141213431	2.62015e-07
chr9	9	1	141213431	7.08148e-09
chr9	10	7	141213431	4.95704e-08
chr9	11	10	141213431	7.08148e-08
chr9	12	9	141213431	6.37333e-08
chr10	0	133794256	135534747	0.987158
chr10	1	1711687	135534747	0.0126291
chr10	2	16765	135534747	0.000123695
chr10	3	2538	135534747	1.87258e-05
chr10	4	1613	135534747	1.1901e-05
chr10	5	1030	135534747	7.59953e-06
chr10	6	818	135534747	6.03535e-06
chr10	7	657	135534747	4.84747e-06
chr10	8	603	135534747	4.44904e-06
chr10	9	586	135534747	4.32361e-06
chr10	10	582	135534747	4.2941e-06
chr10	11	412	135534747	3.03981e-06
chr10	12	443	135534747	3.26853e-06
chr10	13	237	135534747	1.74863e-06
chr10	14	232	135534747	1.71174e-06
chr10	15	210	135534747	1.54942e-06
chr10	16	176	135534747	1.29856e-06
chr10	17	191	135534747	1.40923e-06
chr10	18	223	135534747	1.64533e-06
chr10	19	192	135534747	1.41661e-06
chr10	20	196	135534747	1.44612e-06
chr10	21	172	135534747	1.26905e-06
chr10	22	164	135534747	1.21002e-06
chr10	23	154	135534747	1.13624e-06
chr10	24	74	135534747	5.45985e-07
chr10	25	77	135534747	5.6812e-07
chr10	26	75	135534747	5.53364e-07
chr10	27	97	135534747	7.15684e-07
chr10	28	39	135534747	2.87749e-07
chr10	29	34	135534747	2.50858e-07
chr10	30	27	135534747	1.99211e-07
chr10	31	34	135534747	2.50858e-07
chr10	32	28	135534747	2.06589e-07
chr10	33	34	135534747	2.50858e-07
chr10	34	30	135534747	2.21345e-07
chr10	35	25	135534747	1.84455e-07
chr10	36	18	135534747	1.32807e-07
chr10	37	8	135534747	5.90255e-08
chr10	38	3	135534747	2.21345e-08
chr10	39	5	135534747	3.68909e-08
chr10	40	2	135534747	1.47564e-08
chr11	0	132713976	135006516	0.983019
chr11	1	2267637	135006516	0.0167965
chr11	2	23141	135006516	0.000171407
chr11	3	606	135006516	4.48867e-06
chr11	4	275	135006516	2.03694e-06
chr11	5	153	135006516	1.13328e-06
chr11	6	179	135006516	1.32586e-06
chr11	7	168	135006516	1.24438e-06
chr11	8	82	135006516	6.07378e-07
chr11	9	131	135006516	9.70324e-07
chr11	10	81	135006516	5.99971e-07
chr11	11	31	135006516	2.29619e-07
chr11	12	14	135006516	1.03699e-07
chr11	13	7	135006516	5.18494e-08
chr11	14	4	135006516	2.96282e-08
chr11	15	2	135006516	1.48141e-08
chr11	16	3	135006516	2.22212e-08
chr11	17	2	135006516	1.48141e-08
chr11	18	21	135006516	1.55548e-07
chr11	19	3	135006516	2.22212e-08
chr12	0	132453307	133851895	0.989551
chr12	1	1390710	133851895	0.0103899
chr12	2	7596	133851895	5.67493e-05
chr12	3	154	133851895	1.15053e-06
chr12	4	43	133851895	3.21251e-07
chr12	5	34	133851895	2.54012e-07
chr12	6	21	133851895	1.5689e-07
chr12	7	22	133851895	1.64361e-07
chr12	8	8	133851895	5.97676e-08
chr13	0	113752297	115169878	0.987691
chr13	1	1408409	115169878	0.012229
chr13	2	9125	115169878	7.92308e-05
chr13	3	47	115169878	4.08093e-07
chr14	0	106263770	107349540	0.989886
chr14	1	1078321	107349540	0.010045
chr14	2	7368	107349540	6.86356e-05
chr14	3	81	107349540	7.54544e-07
chr15	0	101774435	102531392	0.992617
chr15	1	752023	102531392	0.00733456
chr15	2	4875	102531392	4.75464e-05
chr15	3	59	102531392	5.75434e-07
chr16	0	89189173	90354753	0.9871
chr16	1	1123348	90354753	0.0124326
chr16	2	14122	90354753	0.000156295
chr16	3	4299	90354753	4.75791e-05
chr16	4	3996	90354753	4.42257e-05
chr16	5	3699	90354753	4.09386e-05
chr16	6	3343	90354753	3.69986e-05
chr16	7	2964	90354753	3.2804e-05
chr16	8	2348	90354753	2.59865e-05
chr16	9	1937	90354753	2.14377e-05
chr16	10	1565	90354753	1.73206e-05
chr16	11	1142	90354753	1.26391e-05
chr16	12	844	90354753	9.34096e-06
chr16	13	653	90354753	7.22707e-06
chr16	14	489	90354753	5.412e-06
chr16	15	358	90354753	3.96216e-06
chr16	16	246	90354753	2.7226e-06
chr16	17	119	90354753	1.31703e-06
chr16	18	62	90354753	6.86184e-07
chr16	19	32	90354753	3.5416e-07
chr16	20	13	90354753	1.43877e-07
chr16	21	1	90354753	1.10675e-08
chr17	0	80125697	81195210	0.986828
chr17	1	1057234	81195210	0.0130209
chr17	2	10663	81195210	0.000131325
chr17	3	997	81195210	1.2279e-05
chr17	4	372	81195210	4.58155e-06
chr17	5	155	81195210	1.90898e-06
chr17	6	61	81195210	7.51276e-07
chr17	7	28	81195210	3.44848e-07
chr17	8	3	81195210	3.6948e-08
chr18	0	77171243	78077248	0.988396
chr18	1	897938	78077248	0.0115006
chr18	2	6766	78077248	8.66578e-05
chr18	3	390	78077248	4.99505e-06
chr18	4	161	78077248	2.06206e-06
chr18	5	212	78077248	2.71526e-06
chr18	6	79	78077248	1.01182e-06
chr18	7	96	78077248	1.22955e-06
chr18	8	112	78077248	1.43448e-06
chr18	9	39	78077248	4.99505e-07
chr18	10	39	78077248	4.99505e-07
chr18	11	67	78077248	8.58125e-07
chr18	12	41	78077248	5.25121e-07
chr18	13	28	78077248	3.58619e-07
chr18	14	25	78077248	3.20196e-07
chr18	15	12	78077248	1.53694e-07
chr19	0	58561494	59128983	0.990403
chr19	1	560746	59128983	0.00948344
chr19	2	4363	59128983	7.37878e-05
chr19	3	399	59128983	6.74796e-06
chr19	4	332	59128983	5.61484e-06
chr19	5	289	59128983	4.88762e-06
chr19	6	278	59128983	4.70159e-06
chr19	7	163	59128983	2.75669e-06
chr19	8	84	59128983	1.42062e-06
chr19	9	92	59128983	1.55592e-06
chr19	10	117	59128983	1.97873e-06
chr19	11	82	59128983	1.3868e-06
chr19	12	85	59128983	1.43754e-06
chr19	13	43	59128983	7.27224e-07
chr19	14	60	59128983	1.01473e-06
chr19	15	48	59128983	8.11785e-07
chr19	16	20	59128983	3.38244e-07
chr19	17	35	59128983	5.91926e-07
chr19	18	19	59128983	3.21331e-07
chr19	19	27	59128983	4.56629e-07
chr19	20	18	59128983	3.04419e-07
chr19	21	13	59128983	2.19858e-07
chr19	22	33	59128983	5.58102e-07
chr19	23	8	59128983	1.35297e-07
chr19	24	12	59128983	2.02946e-07
chr19	25	12	59128983	2.02946e-07
chr19	26	21	59128983	3.55156e-07
chr19	27	4	59128983	6.76487e-08
chr19	28	4	59128983	6.76487e-08
chr19	29	5	59128983	8.45609e-08
chr19	30	5	59128983	8.45609e-08
chr19	31	6	59128983	1.01473e-07
chr19	32	6	59128983	1.01473e-07
chr19	33	9	59128983	1.5221e-07
chr19	34	10	59128983	1.69122e-07
chr19	35	12	59128983	2.02946e-07
chr19	36	8	59128983	1.35297e-07
chr19	37	8	59128983	1.35297e-07
chr19	38	5	59128983	8.45609e-08
chr19	39	4	59128983	6.76487e-08
chr19	40	3	59128983	5.07365e-08
chr19	41	1	59128983	1.69122e-08
chr20	0	61982934	63025520	0.983458
chr20	1	1031761	63025520	0.0163705
chr20	2	10469	63025520	0.000166107
chr20	3	238	63025520	3.77625e-06
chr20	4	103	63025520	1.63426e-06
chr20	5	15	63025520	2.37999e-07
chr21	0	47360184	48129895	0.984008
chr21	1	758174	48129895	0.0157527
chr21	2	10645	48129895	0.000221172
chr21	3	536	48129895	1.11365e-05
chr21	4	132	48129895	2.74258e-06
chr21	5	73	48129895	1.51673e-06
chr21	6	26	48129895	5.40205e-07
chr21	7	26	48129895	5.40205e-07
chr21	8	4	48129895	8.31084e-08
chr21	9	10	48129895	2.07771e-07
chr21	10	10	48129895	2.07771e-07
chr21	11	3	48129895	6.23313e-08
chr21	12	9	48129895	1.86994e-07
chr21	13	9	48129895	1.86994e-07
chr21	14	43	48129895	8.93416e-07
chr21	15	11	48129895	2.28548e-07
chr22	0	50852131	51304566	0.991181
chr22	1	449222	51304566	0.00875598
chr22	2	3045	51304566	5.93514e-05
chr22	3	75	51304566	1.46186e-06
chr22	4	38	51304566	7.40675e-07
chr22	5	1	51304566	1.94914e-08
chr22	6	2	51304566	3.89829e-08
chr22	7	2	51304566	3.89829e-08
chr22	8	2	51304566	3.89829e-08
chr22	9	2	51304566	3.89829e-08
chr22	10	1	51304566	1.94914e-08
chr22	11	1	51304566	1.94914e-08
chr22	12	7	51304566	1.3644e-07
chr22	13	6	51304566	1.16949e-07
chr22	14	2	51304566	3.89829e-08
chr22	15	29	51304566	5.65252e-07
chrX	0	154038941	155270560	0.992068
chrX	1	1224056	155270560	0.00788337
chrX	2	6978	155270560	4.49409e-05
chrX	3	476	155270560	3.06562e-06
chrX	4	85	155270560	5.47432e-07
chrX	5	24	155270560	1.54569e-07
chrY	0	59308543	59373566	0.998905
chrY	1	60679	59373566	0.00102199
chrY	2	2859	59373566	4.81527e-05
chrY	3	862	59373566	1.45182e-05
chrY	4	242	59373566	4.07589e-06
chrY	5	104	59373566	1.75162e-06
chrY	6	87	59373566	1.4653e-06
chrY	7	42	59373566	7.07385e-07
chrY	8	25	59373566	4.21063e-07
chrY	9	10	59373566	1.68425e-07
chrY	10	12	59373566	2.0211e-07
chrY	11	24	59373566	4.0422e-07
chrY	12	36	59373566	6.0633e-07
chrY	13	17	59373566	2.86323e-07
chrY	14	24	59373566	4.0422e-07
chr1_gl000191_random	0	106233	106433	0.998121
chr1_gl000191_random	1	200	106433	0.00187912
chr1_gl000192_random	0	535692	547496	0.97844
chr1_gl000192_random	1	11758	547496	0.021476
chr1_gl000192_random	2	46	547496	8.40189e-05
chr4_ctg9_hap1	0	587726	590426	0.995427
chr4_ctg9_hap1	1	2700	590426	0.00457297
chr4_gl000193_random	0	185483	189789	0.977312
chr4_gl000193_random	1	4212	189789	0.0221931
chr4_gl000193_random	2	94	189789	0.000495287
chr4_gl000194_random	0	187157	191469	0.977479
chr4_gl000194_random	1	4224	191469	0.022061
chr4_gl000194_random	2	88	191469	0.000459604
chr6_apd_hap1	0	4616590	4622290	0.998767
chr6_apd_hap1	1	5700	4622290	0.00123316
chr6_cox_hap2	0	4781465	4795371	0.9971
chr6_cox_hap2	1	13862	4795371	0.0028907
chr6_cox_hap2	2	44	4795371	9.17552e-06
chr6_dbb_hap3	0	4600046	4610396	0.997755
chr6_dbb_hap3	1	10350	4610396	0.00224493
chr6_mann_hap4	0	4672919	4683263	0.997791
chr6_mann_hap4	1	10338	4683263	0.00220744
chr6_mann_hap4	2	6	4683263	1.28116e-06
chr6_mcf_hap5	0	4824548	4833398	0.998169
chr6_mcf_hap5	1	8800	4833398	0.00182067
chr6_mcf_hap5	2	50	4833398	1.03447e-05
chr6_qbl_hap6	0	4601334	4611984	0.997691
chr6_qbl_hap6	1	10650	4611984	0.0023092
chr6_ssto_hap7	0	4919832	4928567	0.998228
chr6_ssto_hap7	1	8720	4928567	0.00176928
chr6_ssto_hap7	2	15	4928567	3.04348e-06
chr7_gl000195_random	0	174408	182896	0.953591
chr7_gl000195_random	1	8426	182896	0.0460699
chr7_gl000195_random	2	62	182896	0.00033899
chr8_gl000196_random	0	38264	38914	0.983297
chr8_gl000196_random	1	650	38914	0.0167035
chr8_gl000197_random	0	36975	37175	0.99462
chr8_gl000197_random	1	200	37175	0.00537996
chr9_gl000198_random	0	87943	90085	0.976222
chr9_gl000198_random	1	1984	90085	0.0220236
chr9_gl000198_random	2	158	90085	0.0017539
chr9_gl000199_random	0	145970	169874	0.859284
chr9_gl000199_random	1	19431	169874	0.114385
chr9_gl000199_random	2	3104	169874	0.0182724
chr9_gl000199_random	3	784	169874	0.00461519
chr9_gl000199_random	4	339	169874	0.0019956
chr9_gl000199_random	5	43	169874	0.000253129
chr9_gl000199_random	6	126	169874	0.000741726
chr9_gl000199_random	7	6	169874	3.53203e-05
chr9_gl000199_random	8	14	169874	8.2414e-05
chr9_gl000199_random	9	10	169874	5.88672e-05
chr9_gl000199_random	10	1	169874	5.88672e-06
chr9_gl000199_random	11	4	169874	2.35469e-05
chr9_gl000199_random	12	3	169874	1.76601e-05
chr9_gl000199_random	13	2	169874	1.17734e-05
chr9_gl000199_random	14	9	169874	5.29804e-05
chr9_gl000199_random	15	11	169874	6.47539e-05
chr9_gl000199_random	16	8	169874	4.70937e-05
chr9_gl000199_random	17	9	169874	5.29804e-05
chr9_gl000200_random	0	185385	187035	0.991178
chr9_gl000200_random	1	1650	187035	0.00882188
chr9_gl000201_random	0	36048	36148	0.997234
chr9_gl000201_random	1	100	36148	0.0027664
chr11_gl000202_random	0	39817	40103	0.992868
chr11_gl000202_random	1	272	40103	0.00678253
chr11_gl000202_random	2	14	40103	0.000349101
chr17_ctg5_hap1	0	1674228	1680828	0.996073
chr17_ctg5_hap1	1	6600	1680828	0.00392664
chr17_gl000203_random	0	36798	37498	0.981332
chr17_gl000203_random	1	700	37498	0.0186677
chr17_gl000204_random	0	81010	81310	0.99631
chr17_gl000204_random	1	300	81310	0.00368958
chr17_gl000205_random	0	165685	174588	0.949006
chr17_gl000205_random	1	8506	174588	0.0487204
chr17_gl000205_random	2	397	174588	0.00227392
chr17_gl000206_random	0	40901	41001	0.997561
chr17_gl000206_random	1	100	41001	0.00243896
chr19_gl000208_random	0	88338	92689	0.953058
chr19_gl000208_random	1	4133	92689	0.04459
chr19_gl000208_random	2	187	92689	0.0020175
chr19_gl000208_random	3	31	92689	0.000334452
chr19_gl000209_random	0	158769	159169	0.997487
chr19_gl000209_random	1	400	159169	0.00251305
chr21_gl000210_random	0	27323	27682	0.987031
chr21_gl000210_random	1	318	27682	0.0114876
chr21_gl000210_random	2	41	27682	0.00148111
chrUn_gl000211	0	163174	166566	0.979636
chrUn_gl000211	1	3334	166566	0.0200161
chrUn_gl000211	2	58	166566	0.00034821
chrUn_gl000212	0	184414	186858	0.986921
chrUn_gl000212	1	2388	186858	0.0127798
chrUn_gl000212	2	56	186858	0.000299693
chrUn_gl000213	0	162377	164239	0.988663
chrUn_gl000213	1	1774	164239	0.0108013
chrUn_gl000213	2	88	164239	0.000535805
chrUn_gl000214	0	125281	137718	0.909692
chrUn_gl000214	1	9723	137718	0.0706008
chrUn_gl000214	2	1883	137718	0.0136729
chrUn_gl000214	3	488	137718	0.00354347
chrUn_gl000214	4	224	137718	0.00162651
chrUn_gl000214	5	73	137718	0.000530069
chrUn_gl000214	6	36	137718	0.000261404
chrUn_gl000214	7	10	137718	7.26122e-05
chrUn_gl000215	0	171195	172545	0.992176
chrUn_gl000215	1	1350	172545	0.00782405
chrUn_gl000216	0	158154	172294	0.917931
chrUn_gl000216	1	11372	172294	0.0660035
chrUn_gl000216	2	1827	172294	0.010604
chrUn_gl000216	3	531	172294	0.00308194
chrUn_gl000216	4	173	172294	0.0010041
chrUn_gl000216	5	74	172294	0.000429498
chrUn_gl000216	6	122	172294	0.000708092
chrUn_gl000216	7	41	172294	0.000237965
chrUn_gl000217	0	167898	172149	0.975306
chrUn_gl000217	1	4202	172149	0.0244091
chrUn_gl000217	2	49	172149	0.000284637
chrUn_gl000218	0	157947	161147	0.980142
chrUn_gl000218	1	3150	161147	0.0195474
chrUn_gl000218	2	50	161147	0.000310276
chrUn_gl000219	0	172999	179198	0.965407
chrUn_gl000219	1	5948	179198	0.0331923
chrUn_gl000219	2	251	179198	0.00140069
chrUn_gl000220	0	108840	161802	0.672674
chrUn_gl000220	1	17919	161802	0.110746
chrUn_gl000220	2	11041	161802	0.0682377
chrUn_gl000220	3	7793	161802	0.0481638
chrUn_gl000220	4	5836	161802	0.0360688
chrUn_gl000220	5	4250	161802	0.0262667
chrUn_gl000220	6	2636	161802	0.0162915
chrUn_gl000220	7	1751	161802	0.0108219
chrUn_gl000220	8	879	161802	0.00543257
chrUn_gl000220	9	417	161802	0.00257722
chrUn_gl000220	10	227	161802	0.00140295
chrUn_gl000220	11	118	161802	0.000729286
chrUn_gl000220	12	44	161802	0.000271937
chrUn_gl000220	13	16	161802	9.88863e-05
chrUn_gl000220	14	17	161802	0.000105067
chrUn_gl000220	15	12	161802	7.41647e-05
chrUn_gl000220	16	6	161802	3.70824e-05
chrUn_gl000221	0	149907	155397	0.964671
chrUn_gl000221	1	5330	155397	0.0342992
chrUn_gl000221	2	160	155397	0.00102962
chrUn_gl000222	0	185154	186861	0.990865
chrUn_gl000222	1	1664	186861	0.00890501
chrUn_gl000222	2	43	186861	0.000230118
chrUn_gl000223	0	179905	180455	0.996952
chrUn_gl000223	1	550	180455	0.00304785
chrUn_gl000224	0	167105	179693	0.929947
chrUn_gl000224	1	10982	179693	0.0611153
chrUn_gl000224	2	1171	179693	0.00651667
chrUn_gl000224	3	374	179693	0.00208133
chrUn_gl000224	4	51	179693	0.000283817
chrUn_gl000224	5	10	179693	5.56505e-05
chrUn_gl000225	0	191994	211173	0.909179
chrUn_gl000225	1	16943	211173	0.0802328
chrUn_gl000225	2	1832	211173	0.00867535
chrUn_gl000225	3	248	211173	0.00117439
chrUn_gl000225	4	10	211173	4.73545e-05
chrUn_gl000225	5	15	211173	7.10318e-05
chrUn_gl000225	6	13	211173	6.15609e-05
chrUn_gl000225	7	65	211173	0.000307804
chrUn_gl000225	8	26	211173	0.000123122
chrUn_gl000225	9	27	211173	0.000127857
chrUn_gl000226	0	1234	15008	0.0822228
chrUn_gl000226	1	1489	15008	0.0992137
chrUn_gl000226	2	1973	15008	0.131463
chrUn_gl000226	3	2242	15008	0.149387
chrUn_gl000226	4	1749	15008	0.116538
chrUn_gl000226	5	1517	15008	0.101079
chrUn_gl000226	6	1359	15008	0.0905517
chrUn_gl000226	7	1078	15008	0.0718284
chrUn_gl000226	8	870	15008	0.0579691
chrUn_gl000226	9	601	15008	0.0400453
chrUn_gl000226	10	404	15008	0.026919
chrUn_gl000226	11	248	15008	0.0165245
chrUn_gl000226	12	99	15008	0.00659648
chrUn_gl000226	13	66	15008	0.00439765
chrUn_gl000226	14	51	15008	0.00339819
chrUn_gl000226	15	8	15008	0.000533049
chrUn_gl000226	16	8	15008	0.000533049
chrUn_gl000226	17	3	15008	0.000199893
chrUn_gl000226	18	9	15008	0.00059968
chrUn_gl000227	0	127374	128374	0.99221
chrUn_gl000227	1	1000	128374	0.00778974
chrUn_gl000228	0	126527	129120	0.979918
chrUn_gl000228	1	2257	129120	0.0174799
chrUn_gl000228	2	278	129120	0.00215304
chrUn_gl000228	3	17	129120	0.00013166
chrUn_gl000228	4	19	129120	0.00014715
chrUn_gl000228	5	22	129120	0.000170384
chrUn_gl000229	0	19263	19913	0.967358
chrUn_gl000229	1	650	19913	0.032642
chrUn_gl000230	0	42491	43691	0.972534
chrUn_gl000230	1	1200	43691	0.0274656
chrUn_gl000231	0	26500	27386	0.967648
chrUn_gl000231	1	872	27386	0.0318411
chrUn_gl000231	2	14	27386	0.00051121
chrUn_gl000232	0	38526	40652	0.947702
chrUn_gl000232	1	2052	40652	0.0504772
chrUn_gl000232	2	74	40652	0.00182033
chrUn_gl000233	0	44701	45941	0.973009
chrUn_gl000233	1	1230	45941	0.0267735
chrUn_gl000233	2	10	45941	0.00021767
chrUn_gl000234	0	37808	40531	0.932817
chrUn_gl000234	1	2696	40531	0.066517
chrUn_gl000234	2	27	40531	0.000666157
chrUn_gl000235	0	32474	34474	0.941985
chrUn_gl000235	1	1850	34474	0.0536636
chrUn_gl000235	2	150	34474	0.00435111
chrUn_gl000236	0	41684	41934	0.994038
chrUn_gl000236	1	250	41934	0.00596175
chrUn_gl000237	0	44057	45867	0.960538
chrUn_gl000237	1	1770	45867	0.0385898
chrUn_gl000237	2	40	45867	0.000872087
chrUn_gl000238	0	39589	39939	0.991237
chrUn_gl000238	1	350	39939	0.00876336
chrUn_gl000239	0	32874	33824	0.971913
chrUn_gl000239	1	900	33824	0.0266083
chrUn_gl000239	2	50	33824	0.00147824
chrUn_gl000240	0	40831	41933	0.97372
chrUn_gl000240	1	1054	41933	0.0251353
chrUn_gl000240	2	48	41933	0.00114468
chrUn_gl000241	0	40316	42152	0.956443
chrUn_gl000241	1	1822	42152	0.0432245
chrUn_gl000241	2	14	42152	0.000332131
chrUn_gl000242	0	43223	43523	0.993107
chrUn_gl000242	1	300	43523	0.00689291
chrUn_gl000243	0	41471	43341	0.956854
chrUn_gl000243	1	1690	43341	0.0389931
chrUn_gl000243	2	180	43341	0.00415311
chrUn_gl000244	0	39110	39929	0.979489
chrUn_gl000244	1	788	39929	0.019735
chrUn_gl000244	2	31	39929	0.000776378
chrUn_gl000245	0	35145	36651	0.95891
chrUn_gl000245	1	1462	36651	0.0398898
chrUn_gl000245	2	44	36651	0.00120051
chrUn_gl000246	0	37904	38154	0.993448
chrUn_gl000246	1	250	38154	0.00655239
chrUn_gl000247	0	35772	36422	0.982154
chrUn_gl000247	1	650	36422	0.0178464
chrUn_gl000248	0	39536	39786	0.993716
chrUn_gl000248	1	250	39786	0.00628362
chrUn_gl000249	0	38152	38502	0.99091
chrUn_gl000249	1	350	38502	0.00909044
chr18_gl000207_random	0	4262	4262	1
genome	0	3098262650	3137161264	0.987601
genome	1	38329974	3137161264	0.012218
genome	2	436995	3137161264	0.000139296
genome	3	41009	3137161264	1.3072e-05
genome	4	23181	3137161264	7.38916e-06
genome	5	16074	3137161264	5.12374e-06
genome	6	12326	3137161264	3.92903e-06
genome	7	9462	3137161264	3.0161e-06
genome	8	6732	3137161264	2.14589e-06
genome	9	5185	3137161264	1.65277e-06
genome	10	3967	3137161264	1.26452e-06
genome	11	2810	3137161264	8.95714e-07
genome	12	2162	3137161264	6.89158e-07
genome	13	1590	3137161264	5.06828e-07
genome	14	1357	3137161264	4.32557e-07
genome	15	1112	3137161264	3.54461e-07
genome	16	804	3137161264	2.56283e-07
genome	17	550	3137161264	1.75318e-07
genome	18	514	3137161264	1.63842e-07
genome	19	390	3137161264	1.24316e-07
genome	20	309	3137161264	9.84967e-08
genome	21	233	3137161264	7.4271e-08
genome	22	251	3137161264	8.00086e-08
genome	23	233	3137161264	7.4271e-08
genome	24	141	3137161264	4.49451e-08
genome	25	139	3137161264	4.43076e-08
genome	26	125	3137161264	3.98449e-08
genome	27	127	3137161264	4.04825e-08
genome	28	63	3137161264	2.00818e-08
genome	29	55	3137161264	1.75318e-08
genome	30	54	3137161264	1.7213e-08
genome	31	78	3137161264	2.48632e-08
genome	32	74	3137161264	2.35882e-08
genome	33	74	3137161264	2.35882e-08
genome	34	70	3137161264	2.23132e-08
genome	35	67	3137161264	2.13569e-08
genome	36	42	3137161264	1.33879e-08
genome	37	28	3137161264	8.92527e-09
genome	38	14	3137161264	4.46263e-09
genome	39	20	3137161264	6.37519e-09
genome	40	16	3137161264	5.10015e-09
genome	41	8	3137161264	2.55008e-09
genome	42	6	3137161264	1.91256e-09
genome	43	1	3137161264	3.1876e-10
genome	44	6	3137161264	1.91256e-09
genome	45	5	3137161264	1.5938e-09
genome	46	6	3137161264	1.91256e-09
genome	47	6	3137161264	1.91256e-09
genome	48	9	3137161264	2.86884e-09
genome	49	16	3137161264	5.10015e-09
genome	50	20	3137161264	6.37519e-09
genome	51	16	3137161264	5.10015e-09
genome	52	30	3137161264	9.56279e-09
genome	53	17	3137161264	5.41891e-09
genome	54	24	3137161264	7.65023e-09
genome	55	14	3137161264	4.46263e-09
genome	56	10	3137161264	3.1876e-09
genome	57	11	3137161264	3.50635e-09
genome	58	2	3137161264	6.37519e-10
