chrM	0	6293	16571	0.37976
chrM	1	6276	16571	0.378734
chrM	2	2988	16571	0.180315
chrM	3	825	16571	0.0497858
chrM	4	142	16571	0.00856919
chrM	5	27	16571	0.00162935
chrM	6	20	16571	0.00120693
chr1	0	245556120	249250621	0.985178
chr1	1	3655902	249250621	0.0146676
chr1	2	36312	249250621	0.000145685
chr1	3	712	249250621	2.85656e-06
chr1	4	198	249250621	7.94381e-07
chr1	5	75	249250621	3.00902e-07
chr1	6	105	249250621	4.21263e-07
chr1	7	36	249250621	1.44433e-07
chr1	8	28	249250621	1.12337e-07
chr1	9	23	249250621	9.22766e-08
chr1	10	41	249250621	1.64493e-07
chr1	11	18	249250621	7.22165e-08
chr1	12	25	249250621	1.00301e-07
chr1	13	31	249250621	1.24373e-07
chr1	14	17	249250621	6.82044e-08
chr1	15	28	249250621	1.12337e-07
chr1	16	44	249250621	1.76529e-07
chr1	17	47	249250621	1.88565e-07
chr1	18	43	249250621	1.72517e-07
chr1	19	55	249250621	2.20661e-07
chr1	20	48	249250621	1.92577e-07
chr1	21	46	249250621	1.84553e-07
chr1	22	41	249250621	1.64493e-07
chr1	23	39	249250621	1.56469e-07
chr1	24	51	249250621	2.04613e-07
chr1	25	42	249250621	1.68505e-07
chr1	26	79	249250621	3.1695e-07
chr1	27	50	249250621	2.00601e-07
chr1	28	26	249250621	1.04313e-07
chr1	29	27	249250621	1.08325e-07
chr1	30	26	249250621	1.04313e-07
chr1	31	9	249250621	3.61082e-08
chr1	32	12	249250621	4.81443e-08
chr1	33	4	249250621	1.60481e-08
chr1	34	9	249250621	3.61082e-08
chr1	35	13	249250621	5.21563e-08
chr1	36	3	249250621	1.20361e-08
chr1	37	7	249250621	2.80842e-08
chr1	38	10	249250621	4.01203e-08
chr1	39	12	249250621	4.81443e-08
chr1	40	14	249250621	5.61684e-08
chr1	41	14	249250621	5.61684e-08
chr1	42	6	249250621	2.40722e-08
chr1	43	9	249250621	3.61082e-08
chr1	44	10	249250621	4.01203e-08
chr1	45	5	249250621	2.00601e-08
chr1	46	7	249250621	2.80842e-08
chr1	47	11	249250621	4.41323e-08
chr1	48	7	249250621	2.80842e-08
chr1	49	13	249250621	5.21563e-08
chr1	50	16	249250621	6.41924e-08
chr1	51	23	249250621	9.22766e-08
chr1	52	21	249250621	8.42525e-08
chr1	53	11	249250621	4.41323e-08
chr1	54	18	249250621	7.22165e-08
chr1	55	8	249250621	3.20962e-08
chr1	56	8	249250621	3.20962e-08
chr1	57	4	249250621	1.60481e-08
chr1	58	2	249250621	8.02405e-09
chr2	0	240651541	243199373	0.989524
chr2	1	2520754	243199373	0.010365
chr2	2	19771	243199373	8.12954e-05
chr2	3	3118	243199373	1.28208e-05
chr2	4	1793	243199373	7.37255e-06
chr2	5	1106	243199373	4.54771e-06
chr2	6	545	243199373	2.24096e-06
chr2	7	202	243199373	8.30594e-07
chr2	8	169	243199373	6.94903e-07
chr2	9	116	243199373	4.76975e-07
chr2	10	55	243199373	2.26152e-07
chr2	11	41	243199373	1.68586e-07
chr2	12	27	243199373	1.1102e-07
chr2	13	44	243199373	1.80922e-07
chr2	14	13	243199373	5.34541e-08
chr2	15	24	243199373	9.86845e-08
chr2	16	22	243199373	9.04608e-08
chr2	17	15	243199373	6.16778e-08
chr2	18	5	243199373	2.05593e-08
chr2	19	8	243199373	3.28948e-08
chr2	20	4	243199373	1.64474e-08
chr3	0	195474912	198022430	0.987135
chr3	1	2528317	198022430	0.0127678
chr3	2	18954	198022430	9.57164e-05
chr3	3	88	198022430	4.44394e-07
chr3	4	8	198022430	4.03995e-08
chr3	5	45	198022430	2.27247e-07
chr3	6	4	198022430	2.01997e-08
chr3	7	4	198022430	2.01997e-08
chr3	8	7	198022430	3.53495e-08
chr3	9	1	198022430	5.04993e-09
chr3	10	4	198022430	2.01997e-08
chr3	11	3	198022430	1.51498e-08
chr3	12	5	198022430	2.52497e-08
chr3	13	3	198022430	1.51498e-08
chr3	14	3	198022430	1.51498e-08
chr3	15	6	198022430	3.02996e-08
chr3	16	4	198022430	2.01997e-08
chr3	17	3	198022430	1.51498e-08
chr3	18	8	198022430	4.03995e-08
chr3	19	1	198022430	5.04993e-09
chr3	20	3	198022430	1.51498e-08
chr3	21	8	198022430	4.03995e-08
chr3	22	1	198022430	5.04993e-09
chr3	23	6	198022430	3.02996e-08
chr3	24	10	198022430	5.04993e-08
chr3	25	6	198022430	3.02996e-08
chr3	26	6	198022430	3.02996e-08
chr3	27	9	198022430	4.54494e-08
chr3	28	1	198022430	5.04993e-09
chr4	0	189683155	191154276	0.992304
chr4	1	1457532	191154276	0.0076249
chr4	2	10638	191154276	5.56514e-05
chr4	3	1622	191154276	8.48529e-06
chr4	4	583	191154276	3.04989e-06
chr4	5	276	191154276	1.44386e-06
chr4	6	227	191154276	1.18752e-06
chr4	7	82	191154276	4.28973e-07
chr4	8	47	191154276	2.45875e-07
chr4	9	38	191154276	1.98792e-07
chr4	10	41	191154276	2.14486e-07
chr4	11	25	191154276	1.30784e-07
chr4	12	5	191154276	2.61569e-08
chr4	13	5	191154276	2.61569e-08
chr5	0	179363936	180915260	0.991425
chr5	1	1545235	180915260	0.00854121
chr5	2	5832	180915260	3.22361e-05
chr5	3	177	180915260	9.78359e-07
chr5	4	80	180915260	4.42196e-07
chr6	0	167602856	171115067	0.979474
chr6	1	3394230	171115067	0.019836
chr6	2	107289	171115067	0.000626999
chr6	3	6648	171115067	3.8851e-05
chr6	4	718	171115067	4.19601e-06
chr6	5	322	171115067	1.88177e-06
chr6	6	236	171115067	1.37919e-06
chr6	7	189	171115067	1.10452e-06
chr6	8	125	171115067	7.30503e-07
chr6	9	146	171115067	8.53227e-07
chr6	10	223	171115067	1.30322e-06
chr6	11	282	171115067	1.64801e-06
chr6	12	325	171115067	1.89931e-06
chr6	13	357	171115067	2.08632e-06
chr6	14	293	171115067	1.7123e-06
chr6	15	252	171115067	1.47269e-06
chr6	16	201	171115067	1.17465e-06
chr6	17	145	171115067	8.47383e-07
chr6	18	110	171115067	6.42842e-07
chr6	19	59	171115067	3.44797e-07
chr6	20	28	171115067	1.63633e-07
chr6	21	16	171115067	9.35043e-08
chr6	22	13	171115067	7.59723e-08
chr6	23	2	171115067	1.1688e-08
chr6	24	2	171115067	1.1688e-08
chr7	0	156903503	159138663	0.985955
chr7	1	2215392	159138663	0.0139211
chr7	2	16526	159138663	0.000103847
chr7	3	847	159138663	5.3224e-06
chr7	4	527	159138663	3.31158e-06
chr7	5	370	159138663	2.32502e-06
chr7	6	342	159138663	2.14907e-06
chr7	7	217	159138663	1.36359e-06
chr7	8	169	159138663	1.06197e-06
chr7	9	132	159138663	8.29465e-07
chr7	10	120	159138663	7.54059e-07
chr7	11	108	159138663	6.78653e-07
chr7	12	84	159138663	5.27842e-07
chr7	13	89	159138663	5.59261e-07
chr7	14	85	159138663	5.34125e-07
chr7	15	68	159138663	4.273e-07
chr7	16	23	159138663	1.44528e-07
chr7	17	11	159138663	6.91221e-08
chr7	18	10	159138663	6.28383e-08
chr7	19	16	159138663	1.00541e-07
chr7	20	1	159138663	6.28383e-09
chr7	21	3	159138663	1.88515e-08
chr7	22	7	159138663	4.39868e-08
chr7	23	5	159138663	3.14191e-08
chr7	24	8	159138663	5.02706e-08
chr8	0	143683335	146364022	0.981685
chr8	1	2628307	146364022	0.0179573
chr8	2	39229	146364022	0.000268024
chr8	3	4848	146364022	3.31229e-05
chr8	4	2804	146364022	1.91577e-05
chr8	5	1770	146364022	1.20931e-05
chr8	6	1452	146364022	9.92047e-06
chr8	7	861	146364022	5.88259e-06
chr8	8	526	146364022	3.59378e-06
chr8	9	312	146364022	2.13167e-06
chr8	10	229	146364022	1.56459e-06
chr8	11	99	146364022	6.76396e-07
chr8	12	70	146364022	4.7826e-07
chr8	13	51	146364022	3.48446e-07
chr8	14	28	146364022	1.91304e-07
chr8	15	23	146364022	1.57142e-07
chr8	16	22	146364022	1.5031e-07
chr8	17	26	146364022	1.77639e-07
chr8	18	7	146364022	4.7826e-08
chr8	19	1	146364022	6.83228e-09
chr8	20	4	146364022	2.73291e-08
chr8	21	14	146364022	9.56519e-08
chr8	22	4	146364022	2.73291e-08
chr9	0	139292547	141213431	0.986397
chr9	1	1902012	141213431	0.0134691
chr9	2	18082	141213431	0.000128047
chr9	3	308	141213431	2.1811e-06
chr9	4	186	141213431	1.31716e-06
chr9	5	153	141213431	1.08347e-06
chr9	6	43	141213431	3.04504e-07
chr9	7	49	141213431	3.46992e-07
chr9	8	19	141213431	1.34548e-07
chr9	9	32	141213431	2.26607e-07
chr10	0	133767519	135534747	0.986961
chr10	1	1738875	135534747	0.0128297
chr10	2	16640	135534747	0.000122773
chr10	3	2316	135534747	1.70879e-05
chr10	4	1811	135534747	1.33619e-05
chr10	5	1243	135534747	9.17108e-06
chr10	6	900	135534747	6.64036e-06
chr10	7	778	135534747	5.74023e-06
chr10	8	612	135534747	4.51545e-06
chr10	9	480	135534747	3.54153e-06
chr10	10	353	135534747	2.6045e-06
chr10	11	354	135534747	2.61188e-06
chr10	12	343	135534747	2.53072e-06
chr10	13	307	135534747	2.2651e-06
chr10	14	283	135534747	2.08803e-06
chr10	15	197	135534747	1.4535e-06
chr10	16	190	135534747	1.40185e-06
chr10	17	203	135534747	1.49777e-06
chr10	18	227	135534747	1.67485e-06
chr10	19	174	135534747	1.2838e-06
chr10	20	163	135534747	1.20264e-06
chr10	21	121	135534747	8.9276e-07
chr10	22	173	135534747	1.27643e-06
chr10	23	98	135534747	7.23062e-07
chr10	24	63	135534747	4.64825e-07
chr10	25	76	135534747	5.60742e-07
chr10	26	65	135534747	4.79582e-07
chr10	27	43	135534747	3.17262e-07
chr10	28	43	135534747	3.17262e-07
chr10	29	26	135534747	1.91833e-07
chr10	30	22	135534747	1.6232e-07
chr10	31	18	135534747	1.32807e-07
chr10	32	12	135534747	8.85382e-08
chr10	33	6	135534747	4.42691e-08
chr10	34	1	135534747	7.37818e-09
chr10	35	5	135534747	3.68909e-08
chr10	36	5	135534747	3.68909e-08
chr10	37	2	135534747	1.47564e-08
chr11	0	132695072	135006516	0.982879
chr11	1	2286823	135006516	0.0169386
chr11	2	22605	135006516	0.000167436
chr11	3	696	135006516	5.15531e-06
chr11	4	403	135006516	2.98504e-06
chr11	5	297	135006516	2.19989e-06
chr11	6	216	135006516	1.59992e-06
chr11	7	82	135006516	6.07378e-07
chr11	8	154	135006516	1.14069e-06
chr11	9	77	135006516	5.70343e-07
chr11	10	35	135006516	2.59247e-07
chr11	11	12	135006516	8.88846e-08
chr11	12	28	135006516	2.07397e-07
chr11	13	5	135006516	3.70352e-08
chr11	14	11	135006516	8.14776e-08
chr12	0	132421436	133851895	0.989313
chr12	1	1422467	133851895	0.0106272
chr12	2	7662	133851895	5.72424e-05
chr12	3	187	133851895	1.39707e-06
chr12	4	65	133851895	4.85611e-07
chr12	5	24	133851895	1.79303e-07
chr12	6	10	133851895	7.47094e-08
chr12	7	44	133851895	3.28722e-07
chr13	0	113789758	115169878	0.988017
chr13	1	1371344	115169878	0.0119071
chr13	2	8772	115169878	7.61658e-05
chr13	3	4	115169878	3.47313e-08
chr14	0	106249187	107349540	0.98975
chr14	1	1093360	107349540	0.010185
chr14	2	6915	107349540	6.44157e-05
chr14	3	39	107349540	3.63299e-07
chr14	4	2	107349540	1.86307e-08
chr14	5	37	107349540	3.44668e-07
chr15	0	101720352	102531392	0.99209
chr15	1	806330	102531392	0.00786423
chr15	2	4710	102531392	4.59372e-05
chr16	0	89123670	90354753	0.986375
chr16	1	1188947	90354753	0.0131587
chr16	2	14097	90354753	0.000156018
chr16	3	4394	90354753	4.86305e-05
chr16	4	3900	90354753	4.31632e-05
chr16	5	3751	90354753	4.15141e-05
chr16	6	3625	90354753	4.01196e-05
chr16	7	3252	90354753	3.59915e-05
chr16	8	2575	90354753	2.84988e-05
chr16	9	2182	90354753	2.41493e-05
chr16	10	1473	90354753	1.63024e-05
chr16	11	994	90354753	1.10011e-05
chr16	12	679	90354753	7.51482e-06
chr16	13	410	90354753	4.53767e-06
chr16	14	291	90354753	3.22064e-06
chr16	15	201	90354753	2.22456e-06
chr16	16	122	90354753	1.35023e-06
chr16	17	59	90354753	6.52982e-07
chr16	18	36	90354753	3.9843e-07
chr16	19	40	90354753	4.42699e-07
chr16	20	32	90354753	3.5416e-07
chr16	21	20	90354753	2.2135e-07
chr16	22	3	90354753	3.32025e-08
chr17	0	80165960	81195210	0.987324
chr17	1	1016030	81195210	0.0125134
chr17	2	11297	81195210	0.000139134
chr17	3	1136	81195210	1.3991e-05
chr17	4	526	81195210	6.47821e-06
chr17	5	170	81195210	2.09372e-06
chr17	6	73	81195210	8.99068e-07
chr17	7	18	81195210	2.21688e-07
chr18	0	77105578	78077248	0.987555
chr18	1	962743	78077248	0.0123306
chr18	2	7489	78077248	9.59178e-05
chr18	3	373	78077248	4.77732e-06
chr18	4	246	78077248	3.15073e-06
chr18	5	165	78077248	2.11329e-06
chr18	6	128	78077248	1.6394e-06
chr18	7	92	78077248	1.17832e-06
chr18	8	125	78077248	1.60098e-06
chr18	9	64	78077248	8.19701e-07
chr18	10	87	78077248	1.11428e-06
chr18	11	71	78077248	9.09356e-07
chr18	12	13	78077248	1.66502e-07
chr18	13	9	78077248	1.1527e-07
chr18	14	12	78077248	1.53694e-07
chr18	15	13	78077248	1.66502e-07
chr18	16	9	78077248	1.1527e-07
chr18	17	5	78077248	6.40391e-08
chr18	18	9	78077248	1.1527e-07
chr18	19	5	78077248	6.40391e-08
chr18	20	12	78077248	1.53694e-07
chr19	0	58496219	59128983	0.989299
chr19	1	625361	59128983	0.0105762
chr19	2	5075	59128983	8.58293e-05
chr19	3	480	59128983	8.11785e-06
chr19	4	279	59128983	4.7185e-06
chr19	5	169	59128983	2.85816e-06
chr19	6	223	59128983	3.77142e-06
chr19	7	138	59128983	2.33388e-06
chr19	8	187	59128983	3.16258e-06
chr19	9	95	59128983	1.60666e-06
chr19	10	119	59128983	2.01255e-06
chr19	11	163	59128983	2.75669e-06
chr19	12	67	59128983	1.13312e-06
chr19	13	76	59128983	1.28533e-06
chr19	14	67	59128983	1.13312e-06
chr19	15	41	59128983	6.93399e-07
chr19	16	16	59128983	2.70595e-07
chr19	17	15	59128983	2.53683e-07
chr19	18	25	59128983	4.22805e-07
chr19	19	22	59128983	3.72068e-07
chr19	20	29	59128983	4.90453e-07
chr19	21	21	59128983	3.55156e-07
chr19	22	14	59128983	2.36771e-07
chr19	23	10	59128983	1.69122e-07
chr19	24	5	59128983	8.45609e-08
chr19	25	17	59128983	2.87507e-07
chr19	26	10	59128983	1.69122e-07
chr19	27	13	59128983	2.19858e-07
chr19	28	7	59128983	1.18385e-07
chr19	29	1	59128983	1.69122e-08
chr19	30	6	59128983	1.01473e-07
chr19	31	10	59128983	1.69122e-07
chr19	32	3	59128983	5.07365e-08
chr20	0	61931053	63025520	0.982635
chr20	1	1082906	63025520	0.017182
chr20	2	11348	63025520	0.000180054
chr20	3	113	63025520	1.79292e-06
chr20	4	8	63025520	1.26933e-07
chr20	5	7	63025520	1.11066e-07
chr20	6	41	63025520	6.5053e-07
chr20	7	6	63025520	9.51995e-08
chr20	8	38	63025520	6.0293e-07
chr21	0	47368312	48129895	0.984177
chr21	1	751444	48129895	0.0156128
chr21	2	9407	48129895	0.00019545
chr21	3	461	48129895	9.57825e-06
chr21	4	122	48129895	2.53481e-06
chr21	5	49	48129895	1.01808e-06
chr21	6	11	48129895	2.28548e-07
chr21	7	10	48129895	2.07771e-07
chr21	8	14	48129895	2.90879e-07
chr21	9	30	48129895	6.23313e-07
chr21	10	2	48129895	4.15542e-08
chr21	11	8	48129895	1.66217e-07
chr21	12	25	48129895	5.19428e-07
chr22	0	50728523	51304566	0.988772
chr22	1	570441	51304566	0.0111187
chr22	2	5426	51304566	0.000105761
chr22	3	78	51304566	1.52033e-06
chr22	4	9	51304566	1.75423e-07
chr22	5	39	51304566	7.60166e-07
chr22	6	2	51304566	3.89829e-08
chr22	7	6	51304566	1.16949e-07
chr22	8	6	51304566	1.16949e-07
chr22	9	20	51304566	3.89829e-07
chr22	10	16	51304566	3.11863e-07
chrX	0	154040745	155270560	0.99208
chrX	1	1221928	155270560	0.00786967
chrX	2	6982	155270560	4.49667e-05
chrX	3	712	155270560	4.58554e-06
chrX	4	193	155270560	1.24299e-06
chrY	0	59308512	59373566	0.998904
chrY	1	60321	59373566	0.00101596
chrY	2	3018	59373566	5.08307e-05
chrY	3	988	59373566	1.66404e-05
chrY	4	471	59373566	7.93282e-06
chrY	5	137	59373566	2.30742e-06
chrY	6	59	59373566	9.93708e-07
chrY	7	4	59373566	6.737e-08
chrY	8	6	59373566	1.01055e-07
chrY	9	6	59373566	1.01055e-07
chrY	10	4	59373566	6.737e-08
chrY	11	4	59373566	6.737e-08
chrY	12	5	59373566	8.42126e-08
chrY	13	2	59373566	3.3685e-08
chrY	14	3	59373566	5.05275e-08
chrY	15	5	59373566	8.42126e-08
chrY	16	18	59373566	3.03165e-07
chrY	17	3	59373566	5.05275e-08
chr1_gl000191_random	0	105983	106433	0.995772
chr1_gl000191_random	1	450	106433	0.00422801
chr1_gl000192_random	0	535588	547496	0.97825
chr1_gl000192_random	1	11866	547496	0.0216732
chr1_gl000192_random	2	42	547496	7.67129e-05
chr4_ctg9_hap1	0	588879	590426	0.99738
chr4_ctg9_hap1	1	1544	590426	0.00261506
chr4_ctg9_hap1	2	3	590426	5.08108e-06
chr4_gl000193_random	0	185974	189789	0.979899
chr4_gl000193_random	1	3730	189789	0.0196534
chr4_gl000193_random	2	85	189789	0.000447866
chr4_gl000194_random	0	187809	191469	0.980885
chr4_gl000194_random	1	3620	191469	0.0189065
chr4_gl000194_random	2	40	191469	0.000208911
chr6_apd_hap1	0	4617190	4622290	0.998897
chr6_apd_hap1	1	5100	4622290	0.00110335
chr6_cox_hap2	0	4780485	4795371	0.996896
chr6_cox_hap2	1	14872	4795371	0.00310132
chr6_cox_hap2	2	14	4795371	2.91948e-06
chr6_dbb_hap3	0	4600246	4610396	0.997798
chr6_dbb_hap3	1	10150	4610396	0.00220155
chr6_mann_hap4	0	4673187	4683263	0.997849
chr6_mann_hap4	1	10052	4683263	0.00214637
chr6_mann_hap4	2	24	4683263	5.12463e-06
chr6_mcf_hap5	0	4824446	4833398	0.998148
chr6_mcf_hap5	1	8904	4833398	0.00184218
chr6_mcf_hap5	2	48	4833398	9.9309e-06
chr6_qbl_hap6	0	4600429	4611984	0.997495
chr6_qbl_hap6	1	11510	4611984	0.00249567
chr6_qbl_hap6	2	45	4611984	9.75719e-06
chr6_ssto_hap7	0	4917525	4928567	0.99776
chr6_ssto_hap7	1	11034	4928567	0.00223878
chr6_ssto_hap7	2	8	4928567	1.62319e-06
chr7_gl000195_random	0	174601	182896	0.954646
chr7_gl000195_random	1	8140	182896	0.0445062
chr7_gl000195_random	2	155	182896	0.000847476
chr8_gl000196_random	0	38214	38914	0.982012
chr8_gl000196_random	1	700	38914	0.0179884
chr8_gl000197_random	0	36975	37175	0.99462
chr8_gl000197_random	1	200	37175	0.00537996
chr9_gl000198_random	0	87573	90085	0.972115
chr9_gl000198_random	1	2424	90085	0.0269079
chr9_gl000198_random	2	88	90085	0.000976855
chr9_gl000199_random	0	142598	169874	0.839434
chr9_gl000199_random	1	21793	169874	0.128289
chr9_gl000199_random	2	3957	169874	0.0232937
chr9_gl000199_random	3	990	169874	0.00582785
chr9_gl000199_random	4	243	169874	0.00143047
chr9_gl000199_random	5	92	169874	0.000541578
chr9_gl000199_random	6	54	169874	0.000317883
chr9_gl000199_random	7	4	169874	2.35469e-05
chr9_gl000199_random	8	19	169874	0.000111848
chr9_gl000199_random	9	10	169874	5.88672e-05
chr9_gl000199_random	10	36	169874	0.000211922
chr9_gl000199_random	11	29	169874	0.000170715
chr9_gl000199_random	12	7	169874	4.1207e-05
chr9_gl000199_random	13	4	169874	2.35469e-05
chr9_gl000199_random	14	38	169874	0.000223695
chr9_gl000200_random	0	185577	187035	0.992205
chr9_gl000200_random	1	1416	187035	0.00757078
chr9_gl000200_random	2	42	187035	0.000224557
chr9_gl000201_random	0	35948	36148	0.994467
chr9_gl000201_random	1	200	36148	0.00553281
chr11_gl000202_random	0	39903	40103	0.995013
chr11_gl000202_random	1	200	40103	0.00498716
chr17_ctg5_hap1	0	1675028	1680828	0.996549
chr17_ctg5_hap1	1	5800	1680828	0.00345068
chr17_gl000203_random	0	37048	37498	0.987999
chr17_gl000203_random	1	450	37498	0.0120006
chr17_gl000204_random	0	80310	81310	0.987701
chr17_gl000204_random	1	1000	81310	0.0122986
chr17_gl000205_random	0	167431	174588	0.959006
chr17_gl000205_random	1	7034	174588	0.0402891
chr17_gl000205_random	2	103	174588	0.00058996
chr17_gl000205_random	3	20	174588	0.000114555
chr17_gl000206_random	0	40951	41001	0.99878
chr17_gl000206_random	1	50	41001	0.00121948
chr18_gl000207_random	0	4212	4262	0.988268
chr18_gl000207_random	1	50	4262	0.0117316
chr19_gl000208_random	0	88502	92689	0.954827
chr19_gl000208_random	1	3856	92689	0.0416015
chr19_gl000208_random	2	299	92689	0.00322584
chr19_gl000208_random	3	32	92689	0.000345241
chr19_gl000209_random	0	158719	159169	0.997173
chr19_gl000209_random	1	450	159169	0.00282718
chr21_gl000210_random	0	27282	27682	0.98555
chr21_gl000210_random	1	400	27682	0.0144498
chrUn_gl000211	0	162566	166566	0.975985
chrUn_gl000211	1	4000	166566	0.0240145
chrUn_gl000212	0	183732	186858	0.983271
chrUn_gl000212	1	3067	186858	0.0164135
chrUn_gl000212	2	17	186858	9.09782e-05
chrUn_gl000212	3	19	186858	0.000101681
chrUn_gl000212	4	23	186858	0.000123088
chrUn_gl000213	0	162239	164239	0.987823
chrUn_gl000213	1	2000	164239	0.0121774
chrUn_gl000214	0	125319	137718	0.909968
chrUn_gl000214	1	10268	137718	0.0745582
chrUn_gl000214	2	1585	137718	0.011509
chrUn_gl000214	3	337	137718	0.00244703
chrUn_gl000214	4	145	137718	0.00105288
chrUn_gl000214	5	63	137718	0.000457457
chrUn_gl000214	6	1	137718	7.26122e-06
chrUn_gl000215	0	170445	172545	0.987829
chrUn_gl000215	1	2100	172545	0.0121707
chrUn_gl000216	0	158605	172294	0.920549
chrUn_gl000216	1	11393	172294	0.0661253
chrUn_gl000216	2	1473	172294	0.00854934
chrUn_gl000216	3	387	172294	0.00224616
chrUn_gl000216	4	160	172294	0.000928645
chrUn_gl000216	5	121	172294	0.000702288
chrUn_gl000216	6	41	172294	0.000237965
chrUn_gl000216	7	103	172294	0.000597815
chrUn_gl000216	8	11	172294	6.38444e-05
chrUn_gl000217	0	167233	172149	0.971443
chrUn_gl000217	1	4832	172149	0.0280687
chrUn_gl000217	2	84	172149	0.000487949
chrUn_gl000218	0	157245	161147	0.975786
chrUn_gl000218	1	3854	161147	0.0239161
chrUn_gl000218	2	48	161147	0.000297865
chrUn_gl000219	0	173007	179198	0.965452
chrUn_gl000219	1	6032	179198	0.0336611
chrUn_gl000219	2	159	179198	0.000887287
chrUn_gl000220	0	105716	161802	0.653366
chrUn_gl000220	1	18154	161802	0.112199
chrUn_gl000220	2	10688	161802	0.066056
chrUn_gl000220	3	7817	161802	0.0483121
chrUn_gl000220	4	6408	161802	0.039604
chrUn_gl000220	5	4773	161802	0.029499
chrUn_gl000220	6	3604	161802	0.0222741
chrUn_gl000220	7	2229	161802	0.0137761
chrUn_gl000220	8	1265	161802	0.0078182
chrUn_gl000220	9	695	161802	0.00429537
chrUn_gl000220	10	282	161802	0.00174287
chrUn_gl000220	11	124	161802	0.000766369
chrUn_gl000220	12	28	161802	0.000173051
chrUn_gl000220	13	16	161802	9.88863e-05
chrUn_gl000220	14	3	161802	1.85412e-05
chrUn_gl000221	0	150056	155397	0.96563
chrUn_gl000221	1	5132	155397	0.0330251
chrUn_gl000221	2	209	155397	0.00134494
chrUn_gl000222	0	184511	186861	0.987424
chrUn_gl000222	1	2350	186861	0.0125762
chrUn_gl000223	0	179305	180455	0.993627
chrUn_gl000223	1	1150	180455	0.00637278
chrUn_gl000224	0	166809	179693	0.9283
chrUn_gl000224	1	11144	179693	0.0620169
chrUn_gl000224	2	1485	179693	0.00826409
chrUn_gl000224	3	141	179693	0.000784672
chrUn_gl000224	4	107	179693	0.00059546
chrUn_gl000224	5	7	179693	3.89553e-05
chrUn_gl000225	0	189933	211173	0.899419
chrUn_gl000225	1	18642	211173	0.0882783
chrUn_gl000225	2	1759	211173	0.00832966
chrUn_gl000225	3	584	211173	0.00276551
chrUn_gl000225	4	110	211173	0.0005209
chrUn_gl000225	5	38	211173	0.000179947
chrUn_gl000225	6	39	211173	0.000184683
chrUn_gl000225	7	40	211173	0.000189418
chrUn_gl000225	8	8	211173	3.78836e-05
chrUn_gl000225	9	20	211173	9.47091e-05
chrUn_gl000226	0	1219	15008	0.0812233
chrUn_gl000226	1	1566	15008	0.104344
chrUn_gl000226	2	1888	15008	0.1258
chrUn_gl000226	3	2433	15008	0.162114
chrUn_gl000226	4	2107	15008	0.140392
chrUn_gl000226	5	1784	15008	0.11887
chrUn_gl000226	6	1258	15008	0.083822
chrUn_gl000226	7	1033	15008	0.06883
chrUn_gl000226	8	699	15008	0.0465752
chrUn_gl000226	9	433	15008	0.0288513
chrUn_gl000226	10	222	15008	0.0147921
chrUn_gl000226	11	162	15008	0.0107942
chrUn_gl000226	12	59	15008	0.00393124
chrUn_gl000226	13	43	15008	0.00286514
chrUn_gl000226	14	39	15008	0.00259861
chrUn_gl000226	15	38	15008	0.00253198
chrUn_gl000226	16	19	15008	0.00126599
chrUn_gl000226	17	4	15008	0.000266525
chrUn_gl000226	18	2	15008	0.000133262
chrUn_gl000227	0	127224	128374	0.991042
chrUn_gl000227	1	1150	128374	0.0089582
chrUn_gl000228	0	126500	129120	0.979709
chrUn_gl000228	1	2160	129120	0.0167286
chrUn_gl000228	2	296	129120	0.00229244
chrUn_gl000228	3	121	129120	0.000937113
chrUn_gl000228	4	30	129120	0.000232342
chrUn_gl000228	5	13	129120	0.000100682
chrUn_gl000229	0	19152	19913	0.961784
chrUn_gl000229	1	722	19913	0.0362577
chrUn_gl000229	2	39	19913	0.00195852
chrUn_gl000230	0	42258	43691	0.967201
chrUn_gl000230	1	1416	43691	0.0324094
chrUn_gl000230	2	17	43691	0.000389096
chrUn_gl000231	0	26572	27386	0.970277
chrUn_gl000231	1	778	27386	0.0284087
chrUn_gl000231	2	36	27386	0.00131454
chrUn_gl000232	0	38116	40652	0.937617
chrUn_gl000232	1	2450	40652	0.0602676
chrUn_gl000232	2	58	40652	0.00142674
chrUn_gl000232	3	28	40652	0.000688773
chrUn_gl000233	0	44541	45941	0.969526
chrUn_gl000233	1	1400	45941	0.0304739
chrUn_gl000234	0	37977	40531	0.936987
chrUn_gl000234	1	2458	40531	0.0606449
chrUn_gl000234	2	96	40531	0.00236856
chrUn_gl000235	0	32659	34474	0.947352
chrUn_gl000235	1	1780	34474	0.0516331
chrUn_gl000235	2	35	34474	0.00101526
chrUn_gl000236	0	41584	41934	0.991654
chrUn_gl000236	1	350	41934	0.00834645
chrUn_gl000237	0	44453	45867	0.969172
chrUn_gl000237	1	1378	45867	0.0300434
chrUn_gl000237	2	36	45867	0.000784878
chrUn_gl000238	0	39639	39939	0.992489
chrUn_gl000238	1	300	39939	0.00751146
chrUn_gl000239	0	32574	33824	0.963044
chrUn_gl000239	1	1250	33824	0.036956
chrUn_gl000240	0	40731	41933	0.971335
chrUn_gl000240	1	1154	41933	0.0275201
chrUn_gl000240	2	48	41933	0.00114468
chrUn_gl000241	0	39830	42152	0.944914
chrUn_gl000241	1	2244	42152	0.0532359
chrUn_gl000241	2	78	42152	0.00185045
chrUn_gl000242	0	43023	43523	0.988512
chrUn_gl000242	1	500	43523	0.0114882
chrUn_gl000243	0	41499	43341	0.9575
chrUn_gl000243	1	1784	43341	0.0411619
chrUn_gl000243	2	58	43341	0.00133822
chrUn_gl000244	0	39379	39929	0.986226
chrUn_gl000244	1	550	39929	0.0137744
chrUn_gl000245	0	35801	36651	0.976808
chrUn_gl000245	1	850	36651	0.0231917
chrUn_gl000246	0	37704	38154	0.988206
chrUn_gl000246	1	450	38154	0.0117943
chrUn_gl000247	0	35472	36422	0.973917
chrUn_gl000247	1	950	36422	0.0260831
chrUn_gl000248	0	39386	39786	0.989946
chrUn_gl000248	1	400	39786	0.0100538
chrUn_gl000249	0	38202	38502	0.992208
chrUn_gl000249	1	300	38502	0.0077918
genome	0	3098250923	3137161264	0.987597
genome	1	38332730	3137161264	0.0122189
genome	2	442209	3137161264	0.000140958
genome	3	44079	3137161264	1.40506e-05
genome	4	24407	3137161264	7.77996e-06
genome	5	17123	3137161264	5.45812e-06
genome	6	13259	3137161264	4.22643e-06
genome	7	9479	3137161264	3.02152e-06
genome	8	6809	3137161264	2.17043e-06
genome	9	4912	3137161264	1.56575e-06
genome	10	3342	3137161264	1.06529e-06
genome	11	2497	3137161264	7.95943e-07
genome	12	1795	3137161264	5.72173e-07
genome	13	1452	3137161264	4.62839e-07
genome	14	1186	3137161264	3.78049e-07
genome	15	896	3137161264	2.85609e-07
genome	16	690	3137161264	2.19944e-07
genome	17	536	3137161264	1.70855e-07
genome	18	482	3137161264	1.53642e-07
genome	19	381	3137161264	1.21447e-07
genome	20	324	3137161264	1.03278e-07
genome	21	249	3137161264	7.93711e-08
genome	22	256	3137161264	8.16024e-08
genome	23	160	3137161264	5.10015e-08
genome	24	139	3137161264	4.43076e-08
genome	25	141	3137161264	4.49451e-08
genome	26	160	3137161264	5.10015e-08
genome	27	115	3137161264	3.66573e-08
genome	28	77	3137161264	2.45445e-08
genome	29	54	3137161264	1.7213e-08
genome	30	54	3137161264	1.7213e-08
genome	31	37	3137161264	1.17941e-08
genome	32	27	3137161264	8.60651e-09
genome	33	10	3137161264	3.1876e-09
genome	34	10	3137161264	3.1876e-09
genome	35	18	3137161264	5.73767e-09
genome	36	8	3137161264	2.55008e-09
genome	37	9	3137161264	2.86884e-09
genome	38	10	3137161264	3.1876e-09
genome	39	12	3137161264	3.82511e-09
genome	40	14	3137161264	4.46263e-09
genome	41	14	3137161264	4.46263e-09
genome	42	6	3137161264	1.91256e-09
genome	43	9	3137161264	2.86884e-09
genome	44	10	3137161264	3.1876e-09
genome	45	5	3137161264	1.5938e-09
genome	46	7	3137161264	2.23132e-09
genome	47	11	3137161264	3.50635e-09
genome	48	7	3137161264	2.23132e-09
genome	49	13	3137161264	4.14387e-09
genome	50	16	3137161264	5.10015e-09
genome	51	23	3137161264	7.33147e-09
genome	52	21	3137161264	6.69395e-09
genome	53	11	3137161264	3.50635e-09
genome	54	18	3137161264	5.73767e-09
genome	55	8	3137161264	2.55008e-09
genome	56	8	3137161264	2.55008e-09
genome	57	4	3137161264	1.27504e-09
genome	58	2	3137161264	6.37519e-10
