chrM	0	9396	16571	0.567015
chrM	1	5127	16571	0.309396
chrM	2	1787	16571	0.107839
chrM	3	245	16571	0.0147849
chrM	4	16	16571	0.000965542
chr1	0	245784519	249250621	0.986094
chr1	1	3427827	249250621	0.0137525
chr1	2	36055	249250621	0.000144654
chr1	3	658	249250621	2.63991e-06
chr1	4	131	249250621	5.25575e-07
chr1	5	157	249250621	6.29888e-07
chr1	6	50	249250621	2.00601e-07
chr1	7	30	249250621	1.20361e-07
chr1	8	24	249250621	9.62886e-08
chr1	9	30	249250621	1.20361e-07
chr1	10	34	249250621	1.36409e-07
chr1	11	45	249250621	1.80541e-07
chr1	12	65	249250621	2.60782e-07
chr1	13	39	249250621	1.56469e-07
chr1	14	20	249250621	8.02405e-08
chr1	15	26	249250621	1.04313e-07
chr1	16	29	249250621	1.16349e-07
chr1	17	35	249250621	1.40421e-07
chr1	18	40	249250621	1.60481e-07
chr1	19	50	249250621	2.00601e-07
chr1	20	31	249250621	1.24373e-07
chr1	21	41	249250621	1.64493e-07
chr1	22	32	249250621	1.28385e-07
chr1	23	47	249250621	1.88565e-07
chr1	24	37	249250621	1.48445e-07
chr1	25	35	249250621	1.40421e-07
chr1	26	27	249250621	1.08325e-07
chr1	27	28	249250621	1.12337e-07
chr1	28	21	249250621	8.42525e-08
chr1	29	20	249250621	8.02405e-08
chr1	30	23	249250621	9.22766e-08
chr1	31	21	249250621	8.42525e-08
chr1	32	33	249250621	1.32397e-07
chr1	33	22	249250621	8.82646e-08
chr1	34	19	249250621	7.62285e-08
chr1	35	33	249250621	1.32397e-07
chr1	36	19	249250621	7.62285e-08
chr1	37	13	249250621	5.21563e-08
chr1	38	10	249250621	4.01203e-08
chr1	39	7	249250621	2.80842e-08
chr1	40	4	249250621	1.60481e-08
chr1	41	5	249250621	2.00601e-08
chr1	42	3	249250621	1.20361e-08
chr1	43	4	249250621	1.60481e-08
chr1	44	4	249250621	1.60481e-08
chr1	45	9	249250621	3.61082e-08
chr1	46	5	249250621	2.00601e-08
chr1	47	11	249250621	4.41323e-08
chr1	48	4	249250621	1.60481e-08
chr1	49	10	249250621	4.01203e-08
chr1	50	8	249250621	3.20962e-08
chr1	51	19	249250621	7.62285e-08
chr1	52	28	249250621	1.12337e-07
chr1	53	31	249250621	1.24373e-07
chr1	54	23	249250621	9.22766e-08
chr1	55	19	249250621	7.62285e-08
chr1	56	20	249250621	8.02405e-08
chr1	57	16	249250621	6.41924e-08
chr1	58	9	249250621	3.61082e-08
chr1	59	3	249250621	1.20361e-08
chr1	60	2	249250621	8.02405e-09
chr1	61	1	249250621	4.01203e-09
chr2	0	240615822	243199373	0.989377
chr2	1	2554146	243199373	0.0105023
chr2	2	21300	243199373	8.75825e-05
chr2	3	3536	243199373	1.45395e-05
chr2	4	1591	243199373	6.54196e-06
chr2	5	1101	243199373	4.52715e-06
chr2	6	696	243199373	2.86185e-06
chr2	7	470	243199373	1.93257e-06
chr2	8	253	243199373	1.0403e-06
chr2	9	117	243199373	4.81087e-07
chr2	10	96	243199373	3.94738e-07
chr2	11	92	243199373	3.7829e-07
chr2	12	49	243199373	2.01481e-07
chr2	13	26	243199373	1.06908e-07
chr2	14	31	243199373	1.27467e-07
chr2	15	3	243199373	1.23356e-08
chr2	16	2	243199373	8.22371e-09
chr2	17	1	243199373	4.11185e-09
chr2	18	2	243199373	8.22371e-09
chr2	19	1	243199373	4.11185e-09
chr2	20	4	243199373	1.64474e-08
chr2	21	2	243199373	8.22371e-09
chr2	22	5	243199373	2.05593e-08
chr2	23	2	243199373	8.22371e-09
chr2	24	5	243199373	2.05593e-08
chr2	25	15	243199373	6.16778e-08
chr2	26	5	243199373	2.05593e-08
chr3	0	195512239	198022430	0.987324
chr3	1	2490524	198022430	0.012577
chr3	2	19474	198022430	9.83424e-05
chr3	3	81	198022430	4.09045e-07
chr3	4	6	198022430	3.02996e-08
chr3	5	6	198022430	3.02996e-08
chr3	6	2	198022430	1.00999e-08
chr3	7	5	198022430	2.52497e-08
chr3	9	6	198022430	3.02996e-08
chr3	10	1	198022430	5.04993e-09
chr3	11	3	198022430	1.51498e-08
chr3	12	3	198022430	1.51498e-08
chr3	13	3	198022430	1.51498e-08
chr3	14	6	198022430	3.02996e-08
chr3	15	5	198022430	2.52497e-08
chr3	16	1	198022430	5.04993e-09
chr3	17	5	198022430	2.52497e-08
chr3	18	3	198022430	1.51498e-08
chr3	19	6	198022430	3.02996e-08
chr3	20	2	198022430	1.00999e-08
chr3	21	6	198022430	3.02996e-08
chr3	22	3	198022430	1.51498e-08
chr3	23	5	198022430	2.52497e-08
chr3	24	1	198022430	5.04993e-09
chr3	25	5	198022430	2.52497e-08
chr3	26	11	198022430	5.55493e-08
chr3	27	8	198022430	4.03995e-08
chr3	28	4	198022430	2.01997e-08
chr3	29	6	198022430	3.02996e-08
chr4	0	189641938	191154276	0.992088
chr4	1	1495035	191154276	0.00782109
chr4	2	12314	191154276	6.44192e-05
chr4	3	2349	191154276	1.22885e-05
chr4	4	1233	191154276	6.45029e-06
chr4	5	609	191154276	3.18591e-06
chr4	6	264	191154276	1.38108e-06
chr4	7	245	191154276	1.28169e-06
chr4	8	109	191154276	5.7022e-07
chr4	9	71	191154276	3.71428e-07
chr4	10	44	191154276	2.30181e-07
chr4	11	36	191154276	1.8833e-07
chr4	12	10	191154276	5.23138e-08
chr4	13	19	191154276	9.93962e-08
chr5	0	179183681	180915260	0.990429
chr5	1	1721276	180915260	0.00951427
chr5	2	10078	180915260	5.57056e-05
chr5	3	91	180915260	5.02998e-07
chr5	4	7	180915260	3.86921e-08
chr5	5	83	180915260	4.58778e-07
chr5	6	6	180915260	3.31647e-08
chr5	7	38	180915260	2.10043e-07
chr6	0	167853795	171115067	0.980941
chr6	1	3168535	171115067	0.018517
chr6	2	83965	171115067	0.000490693
chr6	3	4597	171115067	2.6865e-05
chr6	4	774	171115067	4.52327e-06
chr6	5	305	171115067	1.78243e-06
chr6	6	202	171115067	1.18049e-06
chr6	7	246	171115067	1.43763e-06
chr6	8	200	171115067	1.1688e-06
chr6	9	261	171115067	1.52529e-06
chr6	10	218	171115067	1.274e-06
chr6	11	286	171115067	1.67139e-06
chr6	12	310	171115067	1.81165e-06
chr6	13	290	171115067	1.69477e-06
chr6	14	234	171115067	1.3675e-06
chr6	15	226	171115067	1.32075e-06
chr6	16	156	171115067	9.11667e-07
chr6	17	146	171115067	8.53227e-07
chr6	18	111	171115067	6.48686e-07
chr6	19	70	171115067	4.09081e-07
chr6	20	49	171115067	2.86357e-07
chr6	21	29	171115067	1.69477e-07
chr6	22	27	171115067	1.57789e-07
chr6	23	21	171115067	1.22724e-07
chr6	24	14	171115067	8.18163e-08
chr7	0	157055704	159138663	0.986911
chr7	1	2063778	159138663	0.0129684
chr7	2	15877	159138663	9.97683e-05
chr7	3	933	159138663	5.86281e-06
chr7	4	563	159138663	3.5378e-06
chr7	5	259	159138663	1.62751e-06
chr7	6	227	159138663	1.42643e-06
chr7	7	201	159138663	1.26305e-06
chr7	8	210	159138663	1.3196e-06
chr7	9	139	159138663	8.73452e-07
chr7	10	162	159138663	1.01798e-06
chr7	11	130	159138663	8.16898e-07
chr7	12	95	159138663	5.96964e-07
chr7	13	105	159138663	6.59802e-07
chr7	14	85	159138663	5.34125e-07
chr7	15	59	159138663	3.70746e-07
chr7	16	30	159138663	1.88515e-07
chr7	17	38	159138663	2.38785e-07
chr7	18	30	159138663	1.88515e-07
chr7	19	34	159138663	2.1365e-07
chr7	20	4	159138663	2.51353e-08
chr8	0	143163256	146364022	0.978132
chr8	1	3126612	146364022	0.0213619
chr8	2	57184	146364022	0.000390697
chr8	3	5046	146364022	3.44757e-05
chr8	4	3375	146364022	2.30589e-05
chr8	5	2292	146364022	1.56596e-05
chr8	6	1956	146364022	1.33639e-05
chr8	7	1381	146364022	9.43538e-06
chr8	8	971	146364022	6.63414e-06
chr8	9	624	146364022	4.26334e-06
chr8	10	462	146364022	3.15651e-06
chr8	11	309	146364022	2.11117e-06
chr8	12	148	146364022	1.01118e-06
chr8	13	108	146364022	7.37886e-07
chr8	14	100	146364022	6.83228e-07
chr8	15	44	146364022	3.0062e-07
chr8	16	41	146364022	2.80123e-07
chr8	17	20	146364022	1.36646e-07
chr8	18	33	146364022	2.25465e-07
chr8	19	20	146364022	1.36646e-07
chr8	20	34	146364022	2.32298e-07
chr8	21	6	146364022	4.09937e-08
chr9	0	139092087	141213431	0.984978
chr9	1	2093990	141213431	0.0148285
chr9	2	26366	141213431	0.00018671
chr9	3	548	141213431	3.88065e-06
chr9	4	199	141213431	1.40921e-06
chr9	5	148	141213431	1.04806e-06
chr9	6	43	141213431	3.04504e-07
chr9	7	3	141213431	2.12444e-08
chr9	8	3	141213431	2.12444e-08
chr9	9	8	141213431	5.66518e-08
chr9	10	9	141213431	6.37333e-08
chr9	11	5	141213431	3.54074e-08
chr9	12	8	141213431	5.66518e-08
chr9	13	14	141213431	9.91407e-08
chr10	0	133779389	135534747	0.987049
chr10	1	1726290	135534747	0.0127369
chr10	2	16700	135534747	0.000123216
chr10	3	2487	135534747	1.83495e-05
chr10	4	1546	135534747	1.14067e-05
chr10	5	986	135534747	7.27489e-06
chr10	6	1130	135534747	8.33735e-06
chr10	7	706	135534747	5.209e-06
chr10	8	548	135534747	4.04324e-06
chr10	9	496	135534747	3.65958e-06
chr10	10	460	135534747	3.39396e-06
chr10	11	452	135534747	3.33494e-06
chr10	12	378	135534747	2.78895e-06
chr10	13	287	135534747	2.11754e-06
chr10	14	248	135534747	1.82979e-06
chr10	15	311	135534747	2.29461e-06
chr10	16	269	135534747	1.98473e-06
chr10	17	262	135534747	1.93308e-06
chr10	18	223	135534747	1.64533e-06
chr10	19	192	135534747	1.41661e-06
chr10	20	152	135534747	1.12148e-06
chr10	21	175	135534747	1.29118e-06
chr10	22	178	135534747	1.31332e-06
chr10	23	116	135534747	8.55869e-07
chr10	24	119	135534747	8.78004e-07
chr10	25	75	135534747	5.53364e-07
chr10	26	61	135534747	4.50069e-07
chr10	27	58	135534747	4.27935e-07
chr10	28	66	135534747	4.8696e-07
chr10	29	40	135534747	2.95127e-07
chr10	30	33	135534747	2.4348e-07
chr10	31	42	135534747	3.09884e-07
chr10	32	25	135534747	1.84455e-07
chr10	33	29	135534747	2.13967e-07
chr10	34	51	135534747	3.76287e-07
chr10	35	28	135534747	2.06589e-07
chr10	36	18	135534747	1.32807e-07
chr10	37	21	135534747	1.54942e-07
chr10	38	39	135534747	2.87749e-07
chr10	39	15	135534747	1.10673e-07
chr10	40	16	135534747	1.18051e-07
chr10	41	9	135534747	6.64036e-08
chr10	42	5	135534747	3.68909e-08
chr10	43	5	135534747	3.68909e-08
chr10	44	6	135534747	4.42691e-08
chr10	45	4	135534747	2.95127e-08
chr10	46	1	135534747	7.37818e-09
chr11	0	132718427	135006516	0.983052
chr11	1	2259756	135006516	0.0167381
chr11	2	26241	135006516	0.000194368
chr11	3	710	135006516	5.25901e-06
chr11	4	409	135006516	3.02948e-06
chr11	5	267	135006516	1.97768e-06
chr11	6	140	135006516	1.03699e-06
chr11	7	119	135006516	8.81439e-07
chr11	8	104	135006516	7.70333e-07
chr11	9	105	135006516	7.7774e-07
chr11	10	75	135006516	5.55529e-07
chr11	11	71	135006516	5.25901e-07
chr11	12	21	135006516	1.55548e-07
chr11	13	19	135006516	1.40734e-07
chr11	14	17	135006516	1.2592e-07
chr11	15	24	135006516	1.77769e-07
chr11	16	5	135006516	3.70352e-08
chr11	17	5	135006516	3.70352e-08
chr11	18	1	135006516	7.40705e-09
chr12	0	132457021	133851895	0.989579
chr12	1	1386039	133851895	0.010355
chr12	2	8666	133851895	6.47432e-05
chr12	3	74	133851895	5.5285e-07
chr12	4	18	133851895	1.34477e-07
chr12	5	27	133851895	2.01715e-07
chr12	6	50	133851895	3.73547e-07
chr13	0	113769200	115169878	0.987838
chr13	1	1390519	115169878	0.0120736
chr13	2	10146	115169878	8.80959e-05
chr13	3	13	115169878	1.12877e-07
chr14	0	105763804	107349540	0.985228
chr14	1	1569112	107349540	0.0146168
chr14	2	16484	107349540	0.000153554
chr14	3	140	107349540	1.30415e-06
chr15	0	101760031	102531392	0.992477
chr15	1	766530	102531392	0.00747605
chr15	2	4773	102531392	4.65516e-05
chr15	3	58	102531392	5.6568e-07
chr16	0	89182450	90354753	0.987026
chr16	1	1128579	90354753	0.0124905
chr16	2	15065	90354753	0.000166732
chr16	3	4444	90354753	4.91839e-05
chr16	4	3920	90354753	4.33845e-05
chr16	5	3520	90354753	3.89576e-05
chr16	6	3205	90354753	3.54713e-05
chr16	7	3048	90354753	3.37337e-05
chr16	8	2584	90354753	2.85984e-05
chr16	9	2043	90354753	2.26109e-05
chr16	10	1715	90354753	1.89807e-05
chr16	11	1327	90354753	1.46866e-05
chr16	12	906	90354753	1.00271e-05
chr16	13	607	90354753	6.71796e-06
chr16	14	410	90354753	4.53767e-06
chr16	15	282	90354753	3.12103e-06
chr16	16	219	90354753	2.42378e-06
chr16	17	131	90354753	1.44984e-06
chr16	18	77	90354753	8.52196e-07
chr16	19	77	90354753	8.52196e-07
chr16	20	69	90354753	7.63657e-07
chr16	21	32	90354753	3.5416e-07
chr16	22	12	90354753	1.3281e-07
chr16	23	7	90354753	7.74724e-08
chr16	24	8	90354753	8.85399e-08
chr16	25	4	90354753	4.42699e-08
chr16	26	3	90354753	3.32025e-08
chr16	27	5	90354753	5.53374e-08
chr16	28	4	90354753	4.42699e-08
chr17	0	80466028	81195210	0.991019
chr17	1	722632	81195210	0.00889993
chr17	2	5875	81195210	7.23565e-05
chr17	3	492	81195210	6.05947e-06
chr17	4	86	81195210	1.05918e-06
chr17	5	17	81195210	2.09372e-07
chr17	6	19	81195210	2.34004e-07
chr17	7	39	81195210	4.80324e-07
chr17	8	22	81195210	2.70952e-07
chr18	0	77147442	78077248	0.988091
chr18	1	920338	78077248	0.0117875
chr18	2	8075	78077248	0.000103423
chr18	3	555	78077248	7.10835e-06
chr18	4	184	78077248	2.35664e-06
chr18	5	142	78077248	1.81871e-06
chr18	6	113	78077248	1.44728e-06
chr18	7	66	78077248	8.45317e-07
chr18	8	114	78077248	1.46009e-06
chr18	9	50	78077248	6.40391e-07
chr18	10	37	78077248	4.7389e-07
chr18	11	54	78077248	6.91623e-07
chr18	12	31	78077248	3.97043e-07
chr18	13	2	78077248	2.56157e-08
chr18	14	4	78077248	5.12313e-08
chr18	15	3	78077248	3.84235e-08
chr18	16	2	78077248	2.56157e-08
chr18	17	7	78077248	8.96548e-08
chr18	18	1	78077248	1.28078e-08
chr18	19	2	78077248	2.56157e-08
chr18	20	3	78077248	3.84235e-08
chr18	21	5	78077248	6.40391e-08
chr18	22	3	78077248	3.84235e-08
chr18	23	12	78077248	1.53694e-07
chr18	24	3	78077248	3.84235e-08
chr19	0	58561131	59128983	0.990396
chr19	1	559986	59128983	0.00947058
chr19	2	5159	59128983	8.72499e-05
chr19	3	566	59128983	9.57229e-06
chr19	4	464	59128983	7.84725e-06
chr19	5	276	59128983	4.66776e-06
chr19	6	164	59128983	2.7736e-06
chr19	7	192	59128983	3.24714e-06
chr19	8	120	59128983	2.02946e-06
chr19	9	90	59128983	1.5221e-06
chr19	10	149	59128983	2.51991e-06
chr19	11	64	59128983	1.08238e-06
chr19	12	84	59128983	1.42062e-06
chr19	13	77	59128983	1.30224e-06
chr19	14	37	59128983	6.25751e-07
chr19	15	32	59128983	5.4119e-07
chr19	16	79	59128983	1.33606e-06
chr19	17	37	59128983	6.25751e-07
chr19	18	21	59128983	3.55156e-07
chr19	19	18	59128983	3.04419e-07
chr19	20	16	59128983	2.70595e-07
chr19	21	6	59128983	1.01473e-07
chr19	22	11	59128983	1.86034e-07
chr19	23	17	59128983	2.87507e-07
chr19	24	23	59128983	3.8898e-07
chr19	25	17	59128983	2.87507e-07
chr19	26	22	59128983	3.72068e-07
chr19	27	14	59128983	2.36771e-07
chr19	28	13	59128983	2.19858e-07
chr19	29	15	59128983	2.53683e-07
chr19	30	9	59128983	1.5221e-07
chr19	31	17	59128983	2.87507e-07
chr19	32	8	59128983	1.35297e-07
chr19	33	4	59128983	6.76487e-08
chr19	34	11	59128983	1.86034e-07
chr19	35	11	59128983	1.86034e-07
chr19	36	8	59128983	1.35297e-07
chr19	37	7	59128983	1.18385e-07
chr19	38	8	59128983	1.35297e-07
chr20	0	61999046	63025520	0.983713
chr20	1	1016399	63025520	0.0161268
chr20	2	9787	63025520	0.000155286
chr20	3	184	63025520	2.91945e-06
chr20	4	21	63025520	3.33198e-07
chr20	5	36	63025520	5.71197e-07
chr20	6	5	63025520	7.93329e-08
chr20	7	5	63025520	7.93329e-08
chr20	8	37	63025520	5.87064e-07
chr21	0	47364236	48129895	0.984092
chr21	1	754154	48129895	0.0156691
chr21	2	10704	48129895	0.000222398
chr21	3	436	48129895	9.05882e-06
chr21	4	115	48129895	2.38937e-06
chr21	5	53	48129895	1.10119e-06
chr21	6	44	48129895	9.14193e-07
chr21	7	27	48129895	5.60982e-07
chr21	8	40	48129895	8.31084e-07
chr21	9	6	48129895	1.24663e-07
chr21	10	42	48129895	8.72639e-07
chr21	11	4	48129895	8.31084e-08
chr21	12	4	48129895	8.31084e-08
chr21	13	16	48129895	3.32434e-07
chr21	14	4	48129895	8.31084e-08
chr21	15	8	48129895	1.66217e-07
chr21	16	2	48129895	4.15542e-08
chr22	0	50949106	51304566	0.993071
chr22	1	352898	51304566	0.00687849
chr22	2	2482	51304566	4.83778e-05
chr22	3	20	51304566	3.89829e-07
chr22	4	5	51304566	9.74572e-08
chr22	5	1	51304566	1.94914e-08
chr22	6	4	51304566	7.79658e-08
chr22	8	4	51304566	7.79658e-08
chr22	9	1	51304566	1.94914e-08
chr22	10	5	51304566	9.74572e-08
chr22	11	2	51304566	3.89829e-08
chr22	12	1	51304566	1.94914e-08
chr22	13	14	51304566	2.7288e-07
chr22	14	23	51304566	4.48303e-07
chrX	0	154038953	155270560	0.992068
chrX	1	1223062	155270560	0.00787697
chrX	2	7795	155270560	5.02027e-05
chrX	3	666	155270560	4.28929e-06
chrX	4	20	155270560	1.28807e-07
chrX	5	64	155270560	4.12184e-07
chrY	0	59313374	59373566	0.998986
chrY	1	55323	59373566	0.000931778
chrY	2	2833	59373566	4.77148e-05
chrY	3	1011	59373566	1.70278e-05
chrY	4	438	59373566	7.37702e-06
chrY	5	269	59373566	4.53064e-06
chrY	6	115	59373566	1.93689e-06
chrY	7	117	59373566	1.97057e-06
chrY	8	14	59373566	2.35795e-07
chrY	9	16	59373566	2.6948e-07
chrY	10	17	59373566	2.86323e-07
chrY	11	5	59373566	8.42126e-08
chrY	12	12	59373566	2.0211e-07
chrY	13	13	59373566	2.18953e-07
chrY	14	7	59373566	1.17898e-07
chrY	15	2	59373566	3.3685e-08
chr1_gl000191_random	0	105933	106433	0.995302
chr1_gl000191_random	1	500	106433	0.00469779
chr1_gl000192_random	0	536142	547496	0.979262
chr1_gl000192_random	1	11208	547496	0.0204714
chr1_gl000192_random	2	146	547496	0.000266669
chr4_ctg9_hap1	0	587246	590426	0.994614
chr4_ctg9_hap1	1	3160	590426	0.00535207
chr4_ctg9_hap1	2	20	590426	3.38738e-05
chr4_gl000193_random	0	184878	189789	0.974124
chr4_gl000193_random	1	4722	189789	0.0248803
chr4_gl000193_random	2	189	189789	0.000995843
chr4_gl000194_random	0	186881	191469	0.976038
chr4_gl000194_random	1	4576	191469	0.0238994
chr4_gl000194_random	2	12	191469	6.26733e-05
chr6_apd_hap1	0	4617290	4622290	0.998918
chr6_apd_hap1	1	5000	4622290	0.00108171
chr6_cox_hap2	0	4781021	4795371	0.997008
chr6_cox_hap2	1	14350	4795371	0.00299247
chr6_dbb_hap3	0	4600046	4610396	0.997755
chr6_dbb_hap3	1	10350	4610396	0.00224493
chr6_mann_hap4	0	4673063	4683263	0.997822
chr6_mann_hap4	1	10200	4683263	0.00217797
chr6_mcf_hap5	0	4824850	4833398	0.998231
chr6_mcf_hap5	1	8496	4833398	0.00175777
chr6_mcf_hap5	2	52	4833398	1.07585e-05
chr6_qbl_hap6	0	4599645	4611984	0.997325
chr6_qbl_hap6	1	12278	4611984	0.00266219
chr6_qbl_hap6	2	61	4611984	1.32264e-05
chr6_ssto_hap7	0	4918535	4928567	0.997965
chr6_ssto_hap7	1	10014	4928567	0.00203183
chr6_ssto_hap7	2	18	4928567	3.65218e-06
chr7_gl000195_random	0	175162	182896	0.957714
chr7_gl000195_random	1	7552	182896	0.0412912
chr7_gl000195_random	2	148	182896	0.000809203
chr7_gl000195_random	3	34	182896	0.000185898
chr8_gl000196_random	0	38214	38914	0.982012
chr8_gl000196_random	1	700	38914	0.0179884
chr8_gl000197_random	0	36875	37175	0.99193
chr8_gl000197_random	1	300	37175	0.00806994
chr9_gl000198_random	0	87276	90085	0.968818
chr9_gl000198_random	1	2620	90085	0.0290836
chr9_gl000198_random	2	187	90085	0.00207582
chr9_gl000198_random	3	2	90085	2.22013e-05
chr9_gl000199_random	0	143893	169874	0.847057
chr9_gl000199_random	1	20583	169874	0.121166
chr9_gl000199_random	2	3941	169874	0.0231995
chr9_gl000199_random	3	809	169874	0.00476235
chr9_gl000199_random	4	279	169874	0.00164239
chr9_gl000199_random	5	87	169874	0.000512144
chr9_gl000199_random	6	101	169874	0.000594558
chr9_gl000199_random	7	42	169874	0.000247242
chr9_gl000199_random	8	15	169874	8.83007e-05
chr9_gl000199_random	9	15	169874	8.83007e-05
chr9_gl000199_random	10	32	169874	0.000188375
chr9_gl000199_random	11	33	169874	0.000194262
chr9_gl000199_random	12	14	169874	8.2414e-05
chr9_gl000199_random	13	19	169874	0.000111848
chr9_gl000199_random	14	11	169874	6.47539e-05
chr9_gl000200_random	0	185485	187035	0.991713
chr9_gl000200_random	1	1550	187035	0.00828722
chr9_gl000201_random	0	35898	36148	0.993084
chr9_gl000201_random	1	250	36148	0.00691601
chr11_gl000202_random	0	39753	40103	0.991272
chr11_gl000202_random	1	350	40103	0.00872753
chr17_ctg5_hap1	0	1676278	1680828	0.997293
chr17_ctg5_hap1	1	4550	1680828	0.002707
chr17_gl000203_random	0	36798	37498	0.981332
chr17_gl000203_random	1	700	37498	0.0186677
chr17_gl000204_random	0	81160	81310	0.998155
chr17_gl000204_random	1	150	81310	0.00184479
chr17_gl000205_random	0	167850	174588	0.961406
chr17_gl000205_random	1	6578	174588	0.0376773
chr17_gl000205_random	2	158	174588	0.000904988
chr17_gl000205_random	3	2	174588	1.14555e-05
chr17_gl000206_random	0	40901	41001	0.997561
chr17_gl000206_random	1	100	41001	0.00243896
chr19_gl000208_random	0	89276	92689	0.963178
chr19_gl000208_random	1	3135	92689	0.0338228
chr19_gl000208_random	2	219	92689	0.00236274
chr19_gl000208_random	3	59	92689	0.000636537
chr19_gl000209_random	0	158769	159169	0.997487
chr19_gl000209_random	1	400	159169	0.00251305
chr21_gl000210_random	0	27482	27682	0.992775
chr21_gl000210_random	1	200	27682	0.00722491
chrUn_gl000211	0	162769	166566	0.977204
chrUn_gl000211	1	3744	166566	0.0224776
chrUn_gl000211	2	53	166566	0.000318192
chrUn_gl000212	0	183282	186858	0.980862
chrUn_gl000212	1	3458	186858	0.018506
chrUn_gl000212	2	112	186858	0.000599386
chrUn_gl000212	3	6	186858	3.21099e-05
chrUn_gl000213	0	162065	164239	0.986763
chrUn_gl000213	1	2148	164239	0.0130785
chrUn_gl000213	2	26	164239	0.000158306
chrUn_gl000214	0	125431	137718	0.910781
chrUn_gl000214	1	9779	137718	0.0710074
chrUn_gl000214	2	1804	137718	0.0130992
chrUn_gl000214	3	426	137718	0.00309328
chrUn_gl000214	4	111	137718	0.000805995
chrUn_gl000214	5	65	137718	0.000471979
chrUn_gl000214	6	27	137718	0.000196053
chrUn_gl000214	7	46	137718	0.000334016
chrUn_gl000214	8	29	137718	0.000210575
chrUn_gl000215	0	170845	172545	0.990147
chrUn_gl000215	1	1700	172545	0.0098525
chrUn_gl000216	0	158345	172294	0.91904
chrUn_gl000216	1	11590	172294	0.0672687
chrUn_gl000216	2	1297	172294	0.00752783
chrUn_gl000216	3	496	172294	0.0028788
chrUn_gl000216	4	253	172294	0.00146842
chrUn_gl000216	5	154	172294	0.000893821
chrUn_gl000216	6	37	172294	0.000214749
chrUn_gl000216	7	17	172294	9.86686e-05
chrUn_gl000216	8	24	172294	0.000139297
chrUn_gl000216	9	33	172294	0.000191533
chrUn_gl000216	10	4	172294	2.32161e-05
chrUn_gl000216	11	7	172294	4.06282e-05
chrUn_gl000216	12	7	172294	4.06282e-05
chrUn_gl000216	13	2	172294	1.16081e-05
chrUn_gl000216	14	3	172294	1.74121e-05
chrUn_gl000216	15	13	172294	7.54524e-05
chrUn_gl000216	16	2	172294	1.16081e-05
chrUn_gl000216	17	10	172294	5.80403e-05
chrUn_gl000217	0	167771	172149	0.974569
chrUn_gl000217	1	4256	172149	0.0247228
chrUn_gl000217	2	122	172149	0.000708688
chrUn_gl000218	0	157447	161147	0.97704
chrUn_gl000218	1	3700	161147	0.0229604
chrUn_gl000219	0	170366	179198	0.950714
chrUn_gl000219	1	8564	179198	0.0477907
chrUn_gl000219	2	268	179198	0.00149555
chrUn_gl000220	0	110863	161802	0.685177
chrUn_gl000220	1	20484	161802	0.126599
chrUn_gl000220	2	10692	161802	0.0660808
chrUn_gl000220	3	7021	161802	0.0433925
chrUn_gl000220	4	4985	161802	0.0308093
chrUn_gl000220	5	3699	161802	0.0228613
chrUn_gl000220	6	2110	161802	0.0130406
chrUn_gl000220	7	1083	161802	0.00669337
chrUn_gl000220	8	503	161802	0.00310874
chrUn_gl000220	9	235	161802	0.00145239
chrUn_gl000220	10	102	161802	0.0006304
chrUn_gl000220	11	16	161802	9.88863e-05
chrUn_gl000220	12	9	161802	5.56235e-05
chrUn_gl000221	0	150900	155397	0.971061
chrUn_gl000221	1	4394	155397	0.028276
chrUn_gl000221	2	103	155397	0.000662818
chrUn_gl000222	0	185361	186861	0.991973
chrUn_gl000222	1	1500	186861	0.00802736
chrUn_gl000223	0	179105	180455	0.992519
chrUn_gl000223	1	1350	180455	0.00748109
chrUn_gl000224	0	166830	179693	0.928417
chrUn_gl000224	1	11390	179693	0.0633859
chrUn_gl000224	2	1275	179693	0.00709544
chrUn_gl000224	3	143	179693	0.000795802
chrUn_gl000224	4	44	179693	0.000244862
chrUn_gl000224	5	11	179693	6.12155e-05
chrUn_gl000225	0	190554	211173	0.90236
chrUn_gl000225	1	17657	211173	0.0836139
chrUn_gl000225	2	2172	211173	0.0102854
chrUn_gl000225	3	460	211173	0.00217831
chrUn_gl000225	4	172	211173	0.000814498
chrUn_gl000225	5	46	211173	0.000217831
chrUn_gl000225	6	25	211173	0.000118386
chrUn_gl000225	7	30	211173	0.000142064
chrUn_gl000225	8	37	211173	0.000175212
chrUn_gl000225	9	5	211173	2.36773e-05
chrUn_gl000225	10	15	211173	7.10318e-05
chrUn_gl000226	0	1115	15008	0.0742937
chrUn_gl000226	1	1357	15008	0.0904184
chrUn_gl000226	2	1337	15008	0.0890858
chrUn_gl000226	3	1606	15008	0.10701
chrUn_gl000226	4	1797	15008	0.119736
chrUn_gl000226	5	2063	15008	0.13746
chrUn_gl000226	6	1621	15008	0.108009
chrUn_gl000226	7	1334	15008	0.0888859
chrUn_gl000226	8	885	15008	0.0589686
chrUn_gl000226	9	683	15008	0.0455091
chrUn_gl000226	10	473	15008	0.0315165
chrUn_gl000226	11	285	15008	0.0189899
chrUn_gl000226	12	219	15008	0.0145922
chrUn_gl000226	13	109	15008	0.00726279
chrUn_gl000226	14	72	15008	0.00479744
chrUn_gl000226	15	43	15008	0.00286514
chrUn_gl000226	16	9	15008	0.00059968
chrUn_gl000227	0	127974	128374	0.996884
chrUn_gl000227	1	400	128374	0.0031159
chrUn_gl000228	0	126395	129120	0.978896
chrUn_gl000228	1	2277	129120	0.0176348
chrUn_gl000228	2	336	129120	0.00260223
chrUn_gl000228	3	71	129120	0.000549876
chrUn_gl000228	4	17	129120	0.00013166
chrUn_gl000228	5	24	129120	0.000185874
chrUn_gl000229	0	19113	19913	0.959825
chrUn_gl000229	1	750	19913	0.0376638
chrUn_gl000229	2	50	19913	0.00251092
chrUn_gl000230	0	42193	43691	0.965714
chrUn_gl000230	1	1496	43691	0.0342405
chrUn_gl000230	2	2	43691	4.5776e-05
chrUn_gl000231	0	26410	27386	0.964361
chrUn_gl000231	1	952	27386	0.0347623
chrUn_gl000231	2	24	27386	0.00087636
chrUn_gl000232	0	39045	40652	0.960469
chrUn_gl000232	1	1514	40652	0.0372429
chrUn_gl000232	2	93	40652	0.00228771
chrUn_gl000233	0	44439	45941	0.967306
chrUn_gl000233	1	1454	45941	0.0316493
chrUn_gl000233	2	48	45941	0.00104482
chrUn_gl000234	0	39081	40531	0.964225
chrUn_gl000234	1	1450	40531	0.0357751
chrUn_gl000235	0	32191	34474	0.933776
chrUn_gl000235	1	2266	34474	0.0657307
chrUn_gl000235	2	17	34474	0.000493125
chrUn_gl000236	0	41384	41934	0.986884
chrUn_gl000236	1	550	41934	0.0131158
chrUn_gl000237	0	44867	45867	0.978198
chrUn_gl000237	1	1000	45867	0.0218022
chrUn_gl000238	0	39889	39939	0.998748
chrUn_gl000238	1	50	39939	0.00125191
chrUn_gl000239	0	32732	33824	0.967715
chrUn_gl000239	1	1034	33824	0.03057
chrUn_gl000239	2	58	33824	0.00171476
chrUn_gl000240	0	40814	41933	0.973315
chrUn_gl000240	1	1088	41933	0.0259462
chrUn_gl000240	2	31	41933	0.000739275
chrUn_gl000241	0	39538	42152	0.937986
chrUn_gl000241	1	2499	42152	0.0592854
chrUn_gl000241	2	94	42152	0.00223002
chrUn_gl000241	3	21	42152	0.000498197
chrUn_gl000242	0	43423	43523	0.997702
chrUn_gl000242	1	100	43523	0.00229764
chrUn_gl000243	0	42091	43341	0.971159
chrUn_gl000243	1	1250	43341	0.0288411
chrUn_gl000244	0	39029	39929	0.97746
chrUn_gl000244	1	900	39929	0.02254
chrUn_gl000245	0	35951	36651	0.980901
chrUn_gl000245	1	700	36651	0.0190991
chrUn_gl000246	0	37904	38154	0.993448
chrUn_gl000246	1	250	38154	0.00655239
chrUn_gl000247	0	35522	36422	0.97529
chrUn_gl000247	1	900	36422	0.0247103
chrUn_gl000248	0	39436	39786	0.991203
chrUn_gl000248	1	350	39786	0.00879706
chrUn_gl000249	0	38052	38502	0.988312
chrUn_gl000249	1	450	38502	0.0116877
chr18_gl000207_random	0	4262	4262	1
genome	0	3098313459	3137161264	0.987617
genome	1	38253790	3137161264	0.0121938
genome	2	460350	3137161264	0.000146741
genome	3	41096	3137161264	1.30997e-05
genome	4	22779	3137161264	7.26102e-06
genome	5	16767	3137161264	5.34464e-06
genome	6	12356	3137161264	3.93859e-06
genome	7	9490	3137161264	3.02503e-06
genome	8	6850	3137161264	2.1835e-06
genome	9	5034	3137161264	1.60464e-06
genome	10	4152	3137161264	1.32349e-06
genome	11	3226	3137161264	1.02832e-06
genome	12	2374	3137161264	7.56735e-07
genome	13	1769	3137161264	5.63886e-07
genome	14	1312	3137161264	4.18212e-07
genome	15	1081	3137161264	3.44579e-07
genome	16	846	3137161264	2.69671e-07
genome	17	697	3137161264	2.22175e-07
genome	18	542	3137161264	1.72768e-07
genome	19	470	3137161264	1.49817e-07
genome	20	364	3137161264	1.16028e-07
genome	21	302	3137161264	9.62654e-08
genome	22	271	3137161264	8.63838e-08
genome	23	227	3137161264	7.23584e-08
genome	24	210	3137161264	6.69395e-08
genome	25	151	3137161264	4.81327e-08
genome	26	129	3137161264	4.112e-08
genome	27	113	3137161264	3.60198e-08
genome	28	108	3137161264	3.4426e-08
genome	29	81	3137161264	2.58195e-08
genome	30	65	3137161264	2.07194e-08
genome	31	80	3137161264	2.55008e-08
genome	32	66	3137161264	2.10381e-08
genome	33	55	3137161264	1.75318e-08
genome	34	81	3137161264	2.58195e-08
genome	35	72	3137161264	2.29507e-08
genome	36	45	3137161264	1.43442e-08
genome	37	41	3137161264	1.30691e-08
genome	38	57	3137161264	1.81693e-08
genome	39	22	3137161264	7.01271e-09
genome	40	20	3137161264	6.37519e-09
genome	41	14	3137161264	4.46263e-09
genome	42	8	3137161264	2.55008e-09
genome	43	9	3137161264	2.86884e-09
genome	44	10	3137161264	3.1876e-09
genome	45	13	3137161264	4.14387e-09
genome	46	6	3137161264	1.91256e-09
genome	47	11	3137161264	3.50635e-09
genome	48	4	3137161264	1.27504e-09
genome	49	10	3137161264	3.1876e-09
genome	50	8	3137161264	2.55008e-09
genome	51	19	3137161264	6.05643e-09
genome	52	28	3137161264	8.92527e-09
genome	53	31	3137161264	9.88155e-09
genome	54	23	3137161264	7.33147e-09
genome	55	19	3137161264	6.05643e-09
genome	56	20	3137161264	6.37519e-09
genome	57	16	3137161264	5.10015e-09
genome	58	9	3137161264	2.86884e-09
genome	59	3	3137161264	9.56279e-10
genome	60	2	3137161264	6.37519e-10
genome	61	1	3137161264	3.1876e-10
