chrM	0	13210	16571	0.797176
chrM	1	3184	16571	0.192143
chrM	2	165	16571	0.00995715
chrM	3	12	16571	0.000724157
chr1	0	245537679	249250621	0.985104
chr1	1	3676508	249250621	0.0147502
chr1	2	34546	249250621	0.000138599
chr1	3	439	249250621	1.76128e-06
chr1	4	137	249250621	5.49648e-07
chr1	5	47	249250621	1.88565e-07
chr1	6	77	249250621	3.08926e-07
chr1	7	54	249250621	2.16649e-07
chr1	8	36	249250621	1.44433e-07
chr1	9	32	249250621	1.28385e-07
chr1	10	28	249250621	1.12337e-07
chr1	11	26	249250621	1.04313e-07
chr1	12	22	249250621	8.82646e-08
chr1	13	44	249250621	1.76529e-07
chr1	14	33	249250621	1.32397e-07
chr1	15	21	249250621	8.42525e-08
chr1	16	40	249250621	1.60481e-07
chr1	17	28	249250621	1.12337e-07
chr1	18	39	249250621	1.56469e-07
chr1	19	73	249250621	2.92878e-07
chr1	20	48	249250621	1.92577e-07
chr1	21	40	249250621	1.60481e-07
chr1	22	38	249250621	1.52457e-07
chr1	23	34	249250621	1.36409e-07
chr1	24	32	249250621	1.28385e-07
chr1	25	37	249250621	1.48445e-07
chr1	26	19	249250621	7.62285e-08
chr1	27	21	249250621	8.42525e-08
chr1	28	32	249250621	1.28385e-07
chr1	29	29	249250621	1.16349e-07
chr1	30	26	249250621	1.04313e-07
chr1	31	20	249250621	8.02405e-08
chr1	32	22	249250621	8.82646e-08
chr1	33	21	249250621	8.42525e-08
chr1	34	14	249250621	5.61684e-08
chr1	35	10	249250621	4.01203e-08
chr1	36	13	249250621	5.21563e-08
chr1	37	15	249250621	6.01804e-08
chr1	38	11	249250621	4.41323e-08
chr1	39	7	249250621	2.80842e-08
chr1	40	5	249250621	2.00601e-08
chr1	41	8	249250621	3.20962e-08
chr1	42	7	249250621	2.80842e-08
chr1	43	9	249250621	3.61082e-08
chr1	44	10	249250621	4.01203e-08
chr1	45	5	249250621	2.00601e-08
chr1	46	3	249250621	1.20361e-08
chr1	47	6	249250621	2.40722e-08
chr1	48	10	249250621	4.01203e-08
chr1	49	6	249250621	2.40722e-08
chr1	50	15	249250621	6.01804e-08
chr1	51	7	249250621	2.80842e-08
chr1	52	8	249250621	3.20962e-08
chr1	53	10	249250621	4.01203e-08
chr1	54	6	249250621	2.40722e-08
chr1	55	6	249250621	2.40722e-08
chr1	56	18	249250621	7.22165e-08
chr1	57	7	249250621	2.80842e-08
chr1	58	9	249250621	3.61082e-08
chr1	59	5	249250621	2.00601e-08
chr1	60	5	249250621	2.00601e-08
chr1	61	6	249250621	2.40722e-08
chr1	62	10	249250621	4.01203e-08
chr1	63	10	249250621	4.01203e-08
chr1	64	10	249250621	4.01203e-08
chr1	65	7	249250621	2.80842e-08
chr1	66	11	249250621	4.41323e-08
chr1	67	4	249250621	1.60481e-08
chr2	0	240388486	243199373	0.988442
chr2	1	2780146	243199373	0.0114316
chr2	2	25827	243199373	0.000106197
chr2	3	2463	243199373	1.01275e-05
chr2	4	1071	243199373	4.40379e-06
chr2	5	575	243199373	2.36432e-06
chr2	6	387	243199373	1.59129e-06
chr2	7	95	243199373	3.90626e-07
chr2	8	114	243199373	4.68751e-07
chr2	9	71	243199373	2.91942e-07
chr2	10	25	243199373	1.02796e-07
chr2	11	39	243199373	1.60362e-07
chr2	12	21	243199373	8.63489e-08
chr2	13	14	243199373	5.75659e-08
chr2	14	3	243199373	1.23356e-08
chr2	15	1	243199373	4.11185e-09
chr2	16	3	243199373	1.23356e-08
chr2	17	7	243199373	2.8783e-08
chr2	18	6	243199373	2.46711e-08
chr2	19	11	243199373	4.52304e-08
chr2	20	8	243199373	3.28948e-08
chr3	0	195752611	198022430	0.988538
chr3	1	2255181	198022430	0.0113885
chr3	2	14457	198022430	7.30069e-05
chr3	3	66	198022430	3.33296e-07
chr3	5	5	198022430	2.52497e-08
chr3	6	7	198022430	3.53495e-08
chr3	7	3	198022430	1.51498e-08
chr3	8	2	198022430	1.00999e-08
chr3	9	2	198022430	1.00999e-08
chr3	10	4	198022430	2.01997e-08
chr3	11	3	198022430	1.51498e-08
chr3	12	4	198022430	2.01997e-08
chr3	13	5	198022430	2.52497e-08
chr3	14	3	198022430	1.51498e-08
chr3	15	4	198022430	2.01997e-08
chr3	16	2	198022430	1.00999e-08
chr3	17	4	198022430	2.01997e-08
chr3	18	12	198022430	6.05992e-08
chr3	19	2	198022430	1.00999e-08
chr3	20	3	198022430	1.51498e-08
chr3	21	3	198022430	1.51498e-08
chr3	22	2	198022430	1.00999e-08
chr3	23	12	198022430	6.05992e-08
chr3	24	5	198022430	2.52497e-08
chr3	25	9	198022430	4.54494e-08
chr3	26	9	198022430	4.54494e-08
chr3	27	9	198022430	4.54494e-08
chr3	28	1	198022430	5.04993e-09
chr4	0	189764928	191154276	0.992732
chr4	1	1376393	191154276	0.00720043
chr4	2	9357	191154276	4.895e-05
chr4	3	1676	191154276	8.76779e-06
chr4	4	750	191154276	3.92353e-06
chr4	5	386	191154276	2.01931e-06
chr4	6	326	191154276	1.70543e-06
chr4	7	222	191154276	1.16137e-06
chr4	8	99	191154276	5.17906e-07
chr4	9	53	191154276	2.77263e-07
chr4	10	30	191154276	1.56941e-07
chr4	11	16	191154276	8.3702e-08
chr4	12	40	191154276	2.09255e-07
chr5	0	178163021	180915260	0.984787
chr5	1	2728683	180915260	0.0150827
chr5	2	23329	180915260	0.00012895
chr5	3	149	180915260	8.2359e-07
chr5	4	78	180915260	4.31141e-07
chr6	0	168048021	171115067	0.982076
chr6	1	2995623	171115067	0.0175065
chr6	2	65196	171115067	0.000381007
chr6	3	2446	171115067	1.42945e-05
chr6	4	425	171115067	2.48371e-06
chr6	5	396	171115067	2.31423e-06
chr6	6	332	171115067	1.94021e-06
chr6	7	303	171115067	1.77074e-06
chr6	8	262	171115067	1.53113e-06
chr6	9	256	171115067	1.49607e-06
chr6	10	358	171115067	2.09216e-06
chr6	11	306	171115067	1.78827e-06
chr6	12	310	171115067	1.81165e-06
chr6	13	273	171115067	1.59542e-06
chr6	14	151	171115067	8.82447e-07
chr6	15	153	171115067	8.94135e-07
chr6	16	107	171115067	6.2531e-07
chr6	17	89	171115067	5.20118e-07
chr6	18	41	171115067	2.39605e-07
chr6	19	13	171115067	7.59723e-08
chr6	20	6	171115067	3.50641e-08
chr7	0	157100087	159138663	0.98719
chr7	1	2020171	159138663	0.0126944
chr7	2	14917	159138663	9.37359e-05
chr7	3	771	159138663	4.84483e-06
chr7	4	464	159138663	2.9157e-06
chr7	5	371	159138663	2.3313e-06
chr7	6	273	159138663	1.71549e-06
chr7	7	183	159138663	1.14994e-06
chr7	8	153	159138663	9.61426e-07
chr7	9	146	159138663	9.17439e-07
chr7	10	188	159138663	1.18136e-06
chr7	11	152	159138663	9.55142e-07
chr7	12	128	159138663	8.0433e-07
chr7	13	127	159138663	7.98046e-07
chr7	14	65	159138663	4.08449e-07
chr7	15	50	159138663	3.14191e-07
chr7	16	47	159138663	2.9534e-07
chr7	17	72	159138663	4.52436e-07
chr7	18	52	159138663	3.26759e-07
chr7	19	60	159138663	3.7703e-07
chr7	20	59	159138663	3.70746e-07
chr7	21	37	159138663	2.32502e-07
chr7	22	36	159138663	2.26218e-07
chr7	23	33	159138663	2.07366e-07
chr7	24	6	159138663	3.7703e-08
chr7	25	1	159138663	6.28383e-09
chr7	26	4	159138663	2.51353e-08
chr7	27	2	159138663	1.25677e-08
chr7	28	5	159138663	3.14191e-08
chr7	29	2	159138663	1.25677e-08
chr7	30	1	159138663	6.28383e-09
chr8	0	142398852	146364022	0.972909
chr8	1	3866647	146364022	0.026418
chr8	2	81582	146364022	0.000557391
chr8	3	5220	146364022	3.56645e-05
chr8	4	3006	146364022	2.05378e-05
chr8	5	2191	146364022	1.49695e-05
chr8	6	1963	146364022	1.34118e-05
chr8	7	1259	146364022	8.60184e-06
chr8	8	926	146364022	6.32669e-06
chr8	9	835	146364022	5.70495e-06
chr8	10	520	146364022	3.55279e-06
chr8	11	355	146364022	2.42546e-06
chr8	12	227	146364022	1.55093e-06
chr8	13	145	146364022	9.90681e-07
chr8	14	86	146364022	5.87576e-07
chr8	15	71	146364022	4.85092e-07
chr8	16	89	146364022	6.08073e-07
chr8	17	22	146364022	1.5031e-07
chr8	18	12	146364022	8.19874e-08
chr8	19	2	146364022	1.36646e-08
chr8	20	2	146364022	1.36646e-08
chr8	21	9	146364022	6.14905e-08
chr8	22	1	146364022	6.83228e-09
chr9	0	139280652	141213431	0.986313
chr9	1	1911332	141213431	0.0135351
chr9	2	20580	141213431	0.000145737
chr9	3	554	141213431	3.92314e-06
chr9	4	106	141213431	7.50637e-07
chr9	5	59	141213431	4.17807e-07
chr9	6	78	141213431	5.52355e-07
chr9	7	29	141213431	2.05363e-07
chr9	8	13	141213431	9.20592e-08
chr9	9	28	141213431	1.98281e-07
chr10	0	133804588	135534747	0.987235
chr10	1	1701180	135534747	0.0125516
chr10	2	16977	135534747	0.000125259
chr10	3	2742	135534747	2.0231e-05
chr10	4	1538	135534747	1.13476e-05
chr10	5	1052	135534747	7.76185e-06
chr10	6	873	135534747	6.44115e-06
chr10	7	812	135534747	5.99108e-06
chr10	8	591	135534747	4.36051e-06
chr10	9	533	135534747	3.93257e-06
chr10	10	412	135534747	3.03981e-06
chr10	11	363	135534747	2.67828e-06
chr10	12	220	135534747	1.6232e-06
chr10	13	245	135534747	1.80765e-06
chr10	14	228	135534747	1.68223e-06
chr10	15	247	135534747	1.82241e-06
chr10	16	201	135534747	1.48301e-06
chr10	17	232	135534747	1.71174e-06
chr10	18	201	135534747	1.48301e-06
chr10	19	199	135534747	1.46826e-06
chr10	20	178	135534747	1.31332e-06
chr10	21	168	135534747	1.23953e-06
chr10	22	187	135534747	1.37972e-06
chr10	23	131	135534747	9.66542e-07
chr10	24	130	135534747	9.59164e-07
chr10	25	107	135534747	7.89465e-07
chr10	26	79	135534747	5.82876e-07
chr10	27	45	135534747	3.32018e-07
chr10	28	51	135534747	3.76287e-07
chr10	29	22	135534747	1.6232e-07
chr10	30	36	135534747	2.65615e-07
chr10	31	17	135534747	1.25429e-07
chr10	32	17	135534747	1.25429e-07
chr10	33	20	135534747	1.47564e-07
chr10	34	28	135534747	2.06589e-07
chr10	35	46	135534747	3.39396e-07
chr10	36	23	135534747	1.69698e-07
chr10	37	6	135534747	4.42691e-08
chr10	38	6	135534747	4.42691e-08
chr10	39	5	135534747	3.68909e-08
chr10	40	6	135534747	4.42691e-08
chr10	41	4	135534747	2.95127e-08
chr10	42	1	135534747	7.37818e-09
chr11	0	133139880	135006516	0.986174
chr11	1	1847532	135006516	0.0136848
chr11	2	17517	135006516	0.000129749
chr11	3	485	135006516	3.59242e-06
chr11	4	387	135006516	2.86653e-06
chr11	5	202	135006516	1.49622e-06
chr11	6	202	135006516	1.49622e-06
chr11	7	128	135006516	9.48102e-07
chr11	8	56	135006516	4.14795e-07
chr11	9	61	135006516	4.5183e-07
chr11	10	20	135006516	1.48141e-07
chr11	11	8	135006516	5.92564e-08
chr11	12	18	135006516	1.33327e-07
chr11	13	18	135006516	1.33327e-07
chr11	14	2	135006516	1.48141e-08
chr12	0	132130612	133851895	0.98714
chr12	1	1710129	133851895	0.0127763
chr12	2	10818	133851895	8.08207e-05
chr12	3	200	133851895	1.49419e-06
chr12	4	51	133851895	3.81018e-07
chr12	5	43	133851895	3.21251e-07
chr12	6	5	133851895	3.73547e-08
chr12	7	10	133851895	7.47094e-08
chr12	8	27	133851895	2.01715e-07
chr13	0	113867512	115169878	0.988692
chr13	1	1294320	115169878	0.0112384
chr13	2	8008	115169878	6.95321e-05
chr13	3	38	115169878	3.29947e-07
chr14	0	106202846	107349540	0.989318
chr14	1	1138946	107349540	0.0106097
chr14	2	7675	107349540	7.14954e-05
chr14	3	38	107349540	3.53984e-07
chr14	4	35	107349540	3.26038e-07
chr15	0	101856562	102531392	0.993418
chr15	1	671291	102531392	0.00654718
chr15	2	3508	102531392	3.42139e-05
chr15	3	31	102531392	3.02346e-07
chr16	0	89308876	90354753	0.988425
chr16	1	1004996	90354753	0.0111228
chr16	2	12761	90354753	0.000141232
chr16	3	4511	90354753	4.99254e-05
chr16	4	4097	90354753	4.53435e-05
chr16	5	4000	90354753	4.42699e-05
chr16	6	3316	90354753	3.66998e-05
chr16	7	3140	90354753	3.47519e-05
chr16	8	2484	90354753	2.74916e-05
chr16	9	2133	90354753	2.36069e-05
chr16	10	1561	90354753	1.72763e-05
chr16	11	1024	90354753	1.13331e-05
chr16	12	637	90354753	7.04999e-06
chr16	13	375	90354753	4.15031e-06
chr16	14	247	90354753	2.73367e-06
chr16	15	212	90354753	2.34631e-06
chr16	16	125	90354753	1.38344e-06
chr16	17	79	90354753	8.74331e-07
chr16	18	55	90354753	6.08712e-07
chr16	19	54	90354753	5.97644e-07
chr16	20	22	90354753	2.43485e-07
chr16	21	28	90354753	3.0989e-07
chr16	22	14	90354753	1.54945e-07
chr16	23	4	90354753	4.42699e-08
chr16	24	2	90354753	2.2135e-08
chr17	0	80569793	81195210	0.992297
chr17	1	620821	81195210	0.00764603
chr17	2	3966	81195210	4.88452e-05
chr17	3	361	81195210	4.44608e-06
chr17	4	116	81195210	1.42866e-06
chr17	5	54	81195210	6.65064e-07
chr17	6	18	81195210	2.21688e-07
chr17	7	32	81195210	3.94112e-07
chr17	8	15	81195210	1.8474e-07
chr17	9	12	81195210	1.47792e-07
chr17	10	22	81195210	2.70952e-07
chr18	0	77334315	78077248	0.990485
chr18	1	736921	78077248	0.00943836
chr18	2	4968	78077248	6.36293e-05
chr18	3	327	78077248	4.18816e-06
chr18	4	163	78077248	2.08768e-06
chr18	5	129	78077248	1.65221e-06
chr18	6	149	78077248	1.90837e-06
chr18	7	80	78077248	1.02463e-06
chr18	8	65	78077248	8.32509e-07
chr18	9	56	78077248	7.17238e-07
chr18	10	7	78077248	8.96548e-08
chr18	11	14	78077248	1.7931e-07
chr18	12	18	78077248	2.30541e-07
chr18	13	1	78077248	1.28078e-08
chr18	14	4	78077248	5.12313e-08
chr18	15	2	78077248	2.56157e-08
chr18	16	11	78077248	1.40886e-07
chr18	17	2	78077248	2.56157e-08
chr18	18	16	78077248	2.04925e-07
chr19	0	58506113	59128983	0.989466
chr19	1	616496	59128983	0.0104263
chr19	2	3951	59128983	6.682e-05
chr19	3	419	59128983	7.0862e-06
chr19	4	332	59128983	5.61484e-06
chr19	5	359	59128983	6.07147e-06
chr19	6	190	59128983	3.21331e-06
chr19	7	164	59128983	2.7736e-06
chr19	8	112	59128983	1.89416e-06
chr19	9	110	59128983	1.86034e-06
chr19	10	138	59128983	2.33388e-06
chr19	11	108	59128983	1.82652e-06
chr19	12	54	59128983	9.13258e-07
chr19	13	67	59128983	1.13312e-06
chr19	14	40	59128983	6.76487e-07
chr19	15	49	59128983	8.28697e-07
chr19	16	49	59128983	8.28697e-07
chr19	17	42	59128983	7.10312e-07
chr19	18	18	59128983	3.04419e-07
chr19	19	8	59128983	1.35297e-07
chr19	20	14	59128983	2.36771e-07
chr19	21	16	59128983	2.70595e-07
chr19	22	11	59128983	1.86034e-07
chr19	23	12	59128983	2.02946e-07
chr19	24	7	59128983	1.18385e-07
chr19	25	10	59128983	1.69122e-07
chr19	26	25	59128983	4.22805e-07
chr19	27	24	59128983	4.05892e-07
chr19	28	13	59128983	2.19858e-07
chr19	29	7	59128983	1.18385e-07
chr19	30	1	59128983	1.69122e-08
chr19	31	4	59128983	6.76487e-08
chr19	32	1	59128983	1.69122e-08
chr19	33	8	59128983	1.35297e-07
chr19	34	10	59128983	1.69122e-07
chr19	35	1	59128983	1.69122e-08
chr20	0	62097619	63025520	0.985277
chr20	1	919119	63025520	0.0145833
chr20	2	8451	63025520	0.000134089
chr20	3	185	63025520	2.93532e-06
chr20	4	106	63025520	1.68186e-06
chr20	5	40	63025520	6.34664e-07
chr21	0	47424174	48129895	0.985337
chr21	1	696383	48129895	0.0144688
chr21	2	8579	48129895	0.000178247
chr21	3	548	48129895	1.13859e-05
chr21	4	66	48129895	1.37129e-06
chr21	5	36	48129895	7.47976e-07
chr21	6	14	48129895	2.90879e-07
chr21	7	22	48129895	4.57096e-07
chr21	8	4	48129895	8.31084e-08
chr21	9	8	48129895	1.66217e-07
chr21	10	25	48129895	5.19428e-07
chr21	11	8	48129895	1.66217e-07
chr21	12	23	48129895	4.77873e-07
chr21	13	5	48129895	1.03886e-07
chr22	0	50907357	51304566	0.992258
chr22	1	394933	51304566	0.00769781
chr22	2	2172	51304566	4.23354e-05
chr22	3	45	51304566	8.77115e-07
chr22	4	3	51304566	5.84743e-08
chr22	5	2	51304566	3.89829e-08
chr22	7	8	51304566	1.55932e-07
chr22	9	2	51304566	3.89829e-08
chr22	10	3	51304566	5.84743e-08
chr22	11	1	51304566	1.94914e-08
chr22	12	4	51304566	7.79658e-08
chr22	13	1	51304566	1.94914e-08
chr22	14	35	51304566	6.822e-07
chrX	0	154157579	155270560	0.992832
chrX	1	1106701	155270560	0.00712756
chrX	2	5777	155270560	3.7206e-05
chrX	3	352	155270560	2.26701e-06
chrX	4	58	155270560	3.73542e-07
chrX	5	63	155270560	4.05743e-07
chrX	6	18	155270560	1.15927e-07
chrX	7	12	155270560	7.72845e-08
chrY	0	59314588	59373566	0.999007
chrY	1	55027	59373566	0.000926793
chrY	2	2564	59373566	4.31842e-05
chrY	3	758	59373566	1.27666e-05
chrY	4	275	59373566	4.63169e-06
chrY	5	155	59373566	2.61059e-06
chrY	6	55	59373566	9.26338e-07
chrY	7	28	59373566	4.7159e-07
chrY	8	32	59373566	5.3896e-07
chrY	9	8	59373566	1.3474e-07
chrY	10	21	59373566	3.53693e-07
chrY	11	24	59373566	4.0422e-07
chrY	12	5	59373566	8.42126e-08
chrY	13	6	59373566	1.01055e-07
chrY	14	20	59373566	3.3685e-07
chr1_gl000191_random	0	105843	106433	0.994457
chr1_gl000191_random	1	580	106433	0.00544944
chr1_gl000191_random	2	10	106433	9.39558e-05
chr1_gl000192_random	0	537852	547496	0.982385
chr1_gl000192_random	1	9588	547496	0.0175125
chr1_gl000192_random	2	56	547496	0.000102284
chr4_ctg9_hap1	0	587876	590426	0.995681
chr4_ctg9_hap1	1	2550	590426	0.00431892
chr4_gl000193_random	0	185832	189789	0.979151
chr4_gl000193_random	1	3914	189789	0.0206229
chr4_gl000193_random	2	43	189789	0.000226567
chr4_gl000194_random	0	186336	191469	0.973191
chr4_gl000194_random	1	5016	191469	0.0261975
chr4_gl000194_random	2	117	191469	0.000611065
chr6_apd_hap1	0	4615490	4622290	0.998529
chr6_apd_hap1	1	6800	4622290	0.00147113
chr6_cox_hap2	0	4778526	4795371	0.996487
chr6_cox_hap2	1	16790	4795371	0.00350129
chr6_cox_hap2	2	55	4795371	1.14694e-05
chr6_dbb_hap3	0	4597396	4610396	0.99718
chr6_dbb_hap3	1	13000	4610396	0.00281971
chr6_mann_hap4	0	4670261	4683263	0.997224
chr6_mann_hap4	1	12954	4683263	0.00276602
chr6_mann_hap4	2	48	4683263	1.02493e-05
chr6_mcf_hap5	0	4821523	4833398	0.997543
chr6_mcf_hap5	1	11850	4833398	0.00245169
chr6_mcf_hap5	2	25	4833398	5.17234e-06
chr6_qbl_hap6	0	4598138	4611984	0.996998
chr6_qbl_hap6	1	13842	4611984	0.00300131
chr6_qbl_hap6	2	4	4611984	8.67306e-07
chr6_ssto_hap7	0	4915567	4928567	0.997362
chr6_ssto_hap7	1	13000	4928567	0.00263768
chr7_gl000195_random	0	176339	182896	0.964149
chr7_gl000195_random	1	6364	182896	0.0347957
chr7_gl000195_random	2	193	182896	0.00105524
chr8_gl000196_random	0	38364	38914	0.985866
chr8_gl000196_random	1	550	38914	0.0141337
chr8_gl000197_random	0	36975	37175	0.99462
chr8_gl000197_random	1	200	37175	0.00537996
chr9_gl000198_random	0	88066	90085	0.977588
chr9_gl000198_random	1	1938	90085	0.021513
chr9_gl000198_random	2	81	90085	0.000899151
chr9_gl000199_random	0	144995	169874	0.853544
chr9_gl000199_random	1	20525	169874	0.120825
chr9_gl000199_random	2	3182	169874	0.0187315
chr9_gl000199_random	3	708	169874	0.0041678
chr9_gl000199_random	4	188	169874	0.0011067
chr9_gl000199_random	5	108	169874	0.000635765
chr9_gl000199_random	6	60	169874	0.000353203
chr9_gl000199_random	7	18	169874	0.000105961
chr9_gl000199_random	8	35	169874	0.000206035
chr9_gl000199_random	9	30	169874	0.000176601
chr9_gl000199_random	10	16	169874	9.41875e-05
chr9_gl000199_random	11	9	169874	5.29804e-05
chr9_gl000200_random	0	185472	187035	0.991643
chr9_gl000200_random	1	1526	187035	0.0081589
chr9_gl000200_random	2	37	187035	0.000197824
chr11_gl000202_random	0	40053	40103	0.998753
chr11_gl000202_random	1	50	40103	0.00124679
chr17_ctg5_hap1	0	1676378	1680828	0.997352
chr17_ctg5_hap1	1	4450	1680828	0.0026475
chr17_gl000203_random	0	36898	37498	0.983999
chr17_gl000203_random	1	600	37498	0.0160009
chr17_gl000204_random	0	80810	81310	0.993851
chr17_gl000204_random	1	500	81310	0.00614931
chr17_gl000205_random	0	169083	174588	0.968469
chr17_gl000205_random	1	5340	174588	0.0305863
chr17_gl000205_random	2	135	174588	0.000773249
chr17_gl000205_random	3	30	174588	0.000171833
chr17_gl000206_random	0	40951	41001	0.99878
chr17_gl000206_random	1	50	41001	0.00121948
chr19_gl000208_random	0	89312	92689	0.963566
chr19_gl000208_random	1	3154	92689	0.0340278
chr19_gl000208_random	2	223	92689	0.00240589
chr19_gl000209_random	0	158426	159169	0.995332
chr19_gl000209_random	1	736	159169	0.00462402
chr19_gl000209_random	2	7	159169	4.39784e-05
chr21_gl000210_random	0	27482	27682	0.992775
chr21_gl000210_random	1	200	27682	0.00722491
chrUn_gl000211	0	162691	166566	0.976736
chrUn_gl000211	1	3800	166566	0.0228138
chrUn_gl000211	2	75	166566	0.000450272
chrUn_gl000212	0	184564	186858	0.987723
chrUn_gl000212	1	2288	186858	0.0122446
chrUn_gl000212	2	6	186858	3.21099e-05
chrUn_gl000213	0	163039	164239	0.992694
chrUn_gl000213	1	1200	164239	0.00730643
chrUn_gl000214	0	127083	137718	0.922777
chrUn_gl000214	1	8342	137718	0.0605731
chrUn_gl000214	2	1739	137718	0.0126273
chrUn_gl000214	3	453	137718	0.00328933
chrUn_gl000214	4	84	137718	0.000609942
chrUn_gl000214	5	17	137718	0.000123441
chrUn_gl000215	0	171145	172545	0.991886
chrUn_gl000215	1	1400	172545	0.00811383
chrUn_gl000216	0	159875	172294	0.92792
chrUn_gl000216	1	10378	172294	0.0602343
chrUn_gl000216	2	1074	172294	0.00623353
chrUn_gl000216	3	533	172294	0.00309355
chrUn_gl000216	4	186	172294	0.00107955
chrUn_gl000216	5	112	172294	0.000650052
chrUn_gl000216	6	81	172294	0.000470127
chrUn_gl000216	7	55	172294	0.000319222
chrUn_gl000217	0	167652	172149	0.973877
chrUn_gl000217	1	4394	172149	0.0255244
chrUn_gl000217	2	103	172149	0.000598319
chrUn_gl000218	0	157608	161147	0.978039
chrUn_gl000218	1	3428	161147	0.0212725
chrUn_gl000218	2	111	161147	0.000688812
chrUn_gl000219	0	172076	179198	0.960256
chrUn_gl000219	1	6894	179198	0.0384714
chrUn_gl000219	2	228	179198	0.00127234
chrUn_gl000220	0	113418	161802	0.700968
chrUn_gl000220	1	19507	161802	0.120561
chrUn_gl000220	2	9869	161802	0.0609943
chrUn_gl000220	3	7070	161802	0.0436954
chrUn_gl000220	4	4876	161802	0.0301356
chrUn_gl000220	5	3217	161802	0.0198823
chrUn_gl000220	6	1953	161802	0.0120703
chrUn_gl000220	7	948	161802	0.00585901
chrUn_gl000220	8	592	161802	0.00365879
chrUn_gl000220	9	255	161802	0.001576
chrUn_gl000220	10	61	161802	0.000377004
chrUn_gl000220	11	27	161802	0.000166871
chrUn_gl000220	12	3	161802	1.85412e-05
chrUn_gl000220	13	6	161802	3.70824e-05
chrUn_gl000221	0	151292	155397	0.973584
chrUn_gl000221	1	4010	155397	0.0258049
chrUn_gl000221	2	95	155397	0.000611337
chrUn_gl000222	0	184861	186861	0.989297
chrUn_gl000222	1	2000	186861	0.0107031
chrUn_gl000223	0	179505	180455	0.994736
chrUn_gl000223	1	950	180455	0.00526447
chrUn_gl000224	0	168122	179693	0.935607
chrUn_gl000224	1	10145	179693	0.0564574
chrUn_gl000224	2	1173	179693	0.0065278
chrUn_gl000224	3	253	179693	0.00140796
chrUn_gl000225	0	192373	211173	0.910973
chrUn_gl000225	1	15879	211173	0.0751943
chrUn_gl000225	2	2342	211173	0.0110904
chrUn_gl000225	3	334	211173	0.00158164
chrUn_gl000225	4	96	211173	0.000454604
chrUn_gl000225	5	36	211173	0.000170476
chrUn_gl000225	6	18	211173	8.52382e-05
chrUn_gl000225	7	6	211173	2.84127e-05
chrUn_gl000225	8	5	211173	2.36773e-05
chrUn_gl000225	9	24	211173	0.000113651
chrUn_gl000225	10	22	211173	0.00010418
chrUn_gl000225	11	11	211173	5.209e-05
chrUn_gl000225	12	27	211173	0.000127857
chrUn_gl000226	0	1550	15008	0.103278
chrUn_gl000226	1	1824	15008	0.121535
chrUn_gl000226	2	2226	15008	0.148321
chrUn_gl000226	3	1946	15008	0.129664
chrUn_gl000226	4	2192	15008	0.146055
chrUn_gl000226	5	1589	15008	0.105877
chrUn_gl000226	6	1480	15008	0.0986141
chrUn_gl000226	7	881	15008	0.058702
chrUn_gl000226	8	524	15008	0.0349147
chrUn_gl000226	9	332	15008	0.0221215
chrUn_gl000226	10	171	15008	0.0113939
chrUn_gl000226	11	136	15008	0.00906183
chrUn_gl000226	12	105	15008	0.00699627
chrUn_gl000226	13	48	15008	0.00319829
chrUn_gl000226	14	4	15008	0.000266525
chrUn_gl000227	0	126824	128374	0.987926
chrUn_gl000227	1	1550	128374	0.0120741
chrUn_gl000228	0	126773	129120	0.981823
chrUn_gl000228	1	2151	129120	0.0166589
chrUn_gl000228	2	146	129120	0.00113073
chrUn_gl000228	3	43	129120	0.000333024
chrUn_gl000228	4	7	129120	5.42131e-05
chrUn_gl000229	0	19398	19913	0.974137
chrUn_gl000229	1	430	19913	0.0215939
chrUn_gl000229	2	85	19913	0.00426857
chrUn_gl000230	0	42741	43691	0.978256
chrUn_gl000230	1	950	43691	0.0217436
chrUn_gl000231	0	26276	27386	0.959468
chrUn_gl000231	1	1070	27386	0.0390711
chrUn_gl000231	2	40	27386	0.0014606
chrUn_gl000232	0	38402	40652	0.944652
chrUn_gl000232	1	2250	40652	0.0553478
chrUn_gl000233	0	44503	45941	0.968699
chrUn_gl000233	1	1426	45941	0.0310398
chrUn_gl000233	2	12	45941	0.000261205
chrUn_gl000234	0	39231	40531	0.967926
chrUn_gl000234	1	1300	40531	0.0320742
chrUn_gl000235	0	32759	34474	0.950252
chrUn_gl000235	1	1680	34474	0.0487324
chrUn_gl000235	2	35	34474	0.00101526
chrUn_gl000236	0	41534	41934	0.990461
chrUn_gl000236	1	400	41934	0.0095388
chrUn_gl000237	0	43767	45867	0.954215
chrUn_gl000237	1	2100	45867	0.0457846
chrUn_gl000238	0	39589	39939	0.991237
chrUn_gl000238	1	350	39939	0.00876336
chrUn_gl000239	0	32639	33824	0.964966
chrUn_gl000239	1	1120	33824	0.0331126
chrUn_gl000239	2	65	33824	0.00192171
chrUn_gl000240	0	40683	41933	0.970191
chrUn_gl000240	1	1250	41933	0.0298095
chrUn_gl000241	0	39486	42152	0.936753
chrUn_gl000241	1	2543	42152	0.0603293
chrUn_gl000241	2	112	42152	0.00265705
chrUn_gl000241	3	11	42152	0.00026096
chrUn_gl000242	0	43223	43523	0.993107
chrUn_gl000242	1	300	43523	0.00689291
chrUn_gl000243	0	41872	43341	0.966106
chrUn_gl000243	1	1338	43341	0.0308715
chrUn_gl000243	2	131	43341	0.00302254
chrUn_gl000244	0	39379	39929	0.986226
chrUn_gl000244	1	550	39929	0.0137744
chrUn_gl000245	0	35651	36651	0.972716
chrUn_gl000245	1	1000	36651	0.0272844
chrUn_gl000246	0	37704	38154	0.988206
chrUn_gl000246	1	450	38154	0.0117943
chrUn_gl000247	0	35586	36422	0.977047
chrUn_gl000247	1	822	36422	0.0225688
chrUn_gl000247	2	14	36422	0.000384383
chrUn_gl000248	0	39536	39786	0.993716
chrUn_gl000248	1	250	39786	0.00628362
chrUn_gl000249	0	38102	38502	0.989611
chrUn_gl000249	1	400	38502	0.0103891
chr9_gl000201_random	0	36148	36148	1
chr18_gl000207_random	0	4262	4262	1
genome	0	3098203127	3137161264	0.987582
genome	1	38406849	3137161264	0.0122425
genome	2	431545	3137161264	0.000137559
genome	3	36217	3137161264	1.15445e-05
genome	4	20893	3137161264	6.65984e-06
genome	5	15244	3137161264	4.85917e-06
genome	6	11875	3137161264	3.78527e-06
genome	7	8492	3137161264	2.70691e-06
genome	8	6147	3137161264	1.95941e-06
genome	9	4987	3137161264	1.58965e-06
genome	10	3632	3137161264	1.15773e-06
genome	11	2630	3137161264	8.38338e-07
genome	12	1866	3137161264	5.94805e-07
genome	13	1380	3137161264	4.39888e-07
genome	14	921	3137161264	2.93578e-07
genome	15	810	3137161264	2.58195e-07
genome	16	674	3137161264	2.14844e-07
genome	17	577	3137161264	1.83924e-07
genome	18	452	3137161264	1.44079e-07
genome	19	422	3137161264	1.34517e-07
genome	20	340	3137161264	1.08378e-07
genome	21	301	3137161264	9.59466e-08
genome	22	289	3137161264	9.21215e-08
genome	23	226	3137161264	7.20397e-08
genome	24	182	3137161264	5.80142e-08
genome	25	164	3137161264	5.22766e-08
genome	26	136	3137161264	4.33513e-08
genome	27	101	3137161264	3.21947e-08
genome	28	102	3137161264	3.25135e-08
genome	29	60	3137161264	1.91256e-08
genome	30	64	3137161264	2.04006e-08
genome	31	41	3137161264	1.30691e-08
genome	32	40	3137161264	1.27504e-08
genome	33	49	3137161264	1.56192e-08
genome	34	52	3137161264	1.65755e-08
genome	35	57	3137161264	1.81693e-08
genome	36	36	3137161264	1.14753e-08
genome	37	21	3137161264	6.69395e-09
genome	38	17	3137161264	5.41891e-09
genome	39	12	3137161264	3.82511e-09
genome	40	11	3137161264	3.50635e-09
genome	41	12	3137161264	3.82511e-09
genome	42	8	3137161264	2.55008e-09
genome	43	9	3137161264	2.86884e-09
genome	44	10	3137161264	3.1876e-09
genome	45	5	3137161264	1.5938e-09
genome	46	3	3137161264	9.56279e-10
genome	47	6	3137161264	1.91256e-09
genome	48	10	3137161264	3.1876e-09
genome	49	6	3137161264	1.91256e-09
genome	50	15	3137161264	4.78139e-09
genome	51	7	3137161264	2.23132e-09
genome	52	8	3137161264	2.55008e-09
genome	53	10	3137161264	3.1876e-09
genome	54	6	3137161264	1.91256e-09
genome	55	6	3137161264	1.91256e-09
genome	56	18	3137161264	5.73767e-09
genome	57	7	3137161264	2.23132e-09
genome	58	9	3137161264	2.86884e-09
genome	59	5	3137161264	1.5938e-09
genome	60	5	3137161264	1.5938e-09
genome	61	6	3137161264	1.91256e-09
genome	62	10	3137161264	3.1876e-09
genome	63	10	3137161264	3.1876e-09
genome	64	10	3137161264	3.1876e-09
genome	65	7	3137161264	2.23132e-09
genome	66	11	3137161264	3.50635e-09
genome	67	4	3137161264	1.27504e-09
