chrM	0	12399	16571	0.748235
chrM	1	3649	16571	0.220204
chrM	2	468	16571	0.0282421
chrM	3	55	16571	0.00331905
chr1	0	245106441	249250621	0.983373
chr1	1	4093816	249250621	0.0164245
chr1	2	48285	249250621	0.000193721
chr1	3	654	249250621	2.62387e-06
chr1	4	142	249250621	5.69708e-07
chr1	5	17	249250621	6.82044e-08
chr1	6	54	249250621	2.16649e-07
chr1	7	20	249250621	8.02405e-08
chr1	8	21	249250621	8.42525e-08
chr1	9	52	249250621	2.08625e-07
chr1	10	16	249250621	6.41924e-08
chr1	11	34	249250621	1.36409e-07
chr1	12	47	249250621	1.88565e-07
chr1	13	41	249250621	1.64493e-07
chr1	14	50	249250621	2.00601e-07
chr1	15	41	249250621	1.64493e-07
chr1	16	54	249250621	2.16649e-07
chr1	17	55	249250621	2.20661e-07
chr1	18	42	249250621	1.68505e-07
chr1	19	38	249250621	1.52457e-07
chr1	20	55	249250621	2.20661e-07
chr1	21	54	249250621	2.16649e-07
chr1	22	39	249250621	1.56469e-07
chr1	23	28	249250621	1.12337e-07
chr1	24	18	249250621	7.22165e-08
chr1	25	12	249250621	4.81443e-08
chr1	26	18	249250621	7.22165e-08
chr1	27	13	249250621	5.21563e-08
chr1	28	17	249250621	6.82044e-08
chr1	29	13	249250621	5.21563e-08
chr1	30	14	249250621	5.61684e-08
chr1	31	18	249250621	7.22165e-08
chr1	32	17	249250621	6.82044e-08
chr1	33	28	249250621	1.12337e-07
chr1	34	14	249250621	5.61684e-08
chr1	35	22	249250621	8.82646e-08
chr1	36	19	249250621	7.62285e-08
chr1	37	21	249250621	8.42525e-08
chr1	38	15	249250621	6.01804e-08
chr1	39	8	249250621	3.20962e-08
chr1	40	8	249250621	3.20962e-08
chr1	41	6	249250621	2.40722e-08
chr1	42	6	249250621	2.40722e-08
chr1	43	3	249250621	1.20361e-08
chr1	44	4	249250621	1.60481e-08
chr1	45	5	249250621	2.00601e-08
chr1	46	5	249250621	2.00601e-08
chr1	47	4	249250621	1.60481e-08
chr1	48	4	249250621	1.60481e-08
chr1	49	2	249250621	8.02405e-09
chr1	50	3	249250621	1.20361e-08
chr1	51	9	249250621	3.61082e-08
chr1	52	5	249250621	2.00601e-08
chr1	53	7	249250621	2.80842e-08
chr1	54	10	249250621	4.01203e-08
chr1	55	10	249250621	4.01203e-08
chr1	56	9	249250621	3.61082e-08
chr1	57	16	249250621	6.41924e-08
chr1	58	20	249250621	8.02405e-08
chr1	59	14	249250621	5.61684e-08
chr1	60	17	249250621	6.82044e-08
chr1	61	14	249250621	5.61684e-08
chr1	62	15	249250621	6.01804e-08
chr1	63	21	249250621	8.42525e-08
chr1	64	14	249250621	5.61684e-08
chr1	65	8	249250621	3.20962e-08
chr1	66	8	249250621	3.20962e-08
chr1	67	7	249250621	2.80842e-08
chr1	68	3	249250621	1.20361e-08
chr1	69	1	249250621	4.01203e-09
chr2	0	240528842	243199373	0.989019
chr2	1	2641948	243199373	0.0108633
chr2	2	20807	243199373	8.55553e-05
chr2	3	3403	243199373	1.39926e-05
chr2	4	1942	243199373	7.98522e-06
chr2	5	997	243199373	4.09952e-06
chr2	6	520	243199373	2.13816e-06
chr2	7	323	243199373	1.32813e-06
chr2	8	168	243199373	6.90791e-07
chr2	9	84	243199373	3.45396e-07
chr2	10	72	243199373	2.96053e-07
chr2	11	77	243199373	3.16613e-07
chr2	12	22	243199373	9.04608e-08
chr2	13	58	243199373	2.38487e-07
chr2	14	29	243199373	1.19244e-07
chr2	15	23	243199373	9.45726e-08
chr2	16	41	243199373	1.68586e-07
chr2	17	7	243199373	2.8783e-08
chr2	18	6	243199373	2.46711e-08
chr2	19	4	243199373	1.64474e-08
chr3	0	195838892	198022430	0.988973
chr3	1	2170270	198022430	0.0109597
chr3	2	12953	198022430	6.54118e-05
chr3	3	170	198022430	8.58489e-07
chr3	4	45	198022430	2.27247e-07
chr3	5	4	198022430	2.01997e-08
chr3	6	4	198022430	2.01997e-08
chr3	7	5	198022430	2.52497e-08
chr3	8	5	198022430	2.52497e-08
chr3	10	3	198022430	1.51498e-08
chr3	11	3	198022430	1.51498e-08
chr3	12	1	198022430	5.04993e-09
chr3	13	3	198022430	1.51498e-08
chr3	14	3	198022430	1.51498e-08
chr3	15	2	198022430	1.00999e-08
chr3	16	7	198022430	3.53495e-08
chr3	17	2	198022430	1.00999e-08
chr3	18	6	198022430	3.02996e-08
chr3	19	4	198022430	2.01997e-08
chr3	20	6	198022430	3.02996e-08
chr3	21	4	198022430	2.01997e-08
chr3	22	6	198022430	3.02996e-08
chr3	23	2	198022430	1.00999e-08
chr3	24	4	198022430	2.01997e-08
chr3	25	2	198022430	1.00999e-08
chr3	26	3	198022430	1.51498e-08
chr3	27	4	198022430	2.01997e-08
chr3	28	8	198022430	4.03995e-08
chr3	29	9	198022430	4.54494e-08
chr4	0	189595684	191154276	0.991846
chr4	1	1543926	191154276	0.00807686
chr4	2	10543	191154276	5.51544e-05
chr4	3	1838	191154276	9.61527e-06
chr4	4	1020	191154276	5.336e-06
chr4	5	518	191154276	2.70985e-06
chr4	6	305	191154276	1.59557e-06
chr4	7	228	191154276	1.19275e-06
chr4	8	51	191154276	2.668e-07
chr4	9	49	191154276	2.56337e-07
chr4	10	75	191154276	3.92353e-07
chr4	11	39	191154276	2.04024e-07
chr5	0	179127761	180915260	0.99012
chr5	1	1776985	180915260	0.0098222
chr5	2	10246	180915260	5.66342e-05
chr5	3	142	180915260	7.84898e-07
chr5	4	83	180915260	4.58778e-07
chr5	5	43	180915260	2.3768e-07
chr6	0	167952666	171115067	0.981519
chr6	1	3071442	171115067	0.0179496
chr6	2	81920	171115067	0.000478742
chr6	3	5126	171115067	2.99564e-05
chr6	4	354	171115067	2.06878e-06
chr6	5	248	171115067	1.44932e-06
chr6	6	258	171115067	1.50776e-06
chr6	7	253	171115067	1.47854e-06
chr6	8	253	171115067	1.47854e-06
chr6	9	328	171115067	1.91684e-06
chr6	10	350	171115067	2.04541e-06
chr6	11	385	171115067	2.24995e-06
chr6	12	327	171115067	1.91099e-06
chr6	13	272	171115067	1.58957e-06
chr6	14	229	171115067	1.33828e-06
chr6	15	211	171115067	1.23309e-06
chr6	16	155	171115067	9.05823e-07
chr6	17	109	171115067	6.36998e-07
chr6	18	74	171115067	4.32458e-07
chr6	19	54	171115067	3.15577e-07
chr6	20	35	171115067	2.04541e-07
chr6	21	14	171115067	8.18163e-08
chr6	22	4	171115067	2.33761e-08
chr7	0	157001014	159138663	0.986567
chr7	1	2117334	159138663	0.013305
chr7	2	17161	159138663	0.000107837
chr7	3	743	159138663	4.66888e-06
chr7	4	403	159138663	2.53238e-06
chr7	5	382	159138663	2.40042e-06
chr7	6	214	159138663	1.34474e-06
chr7	7	180	159138663	1.13109e-06
chr7	8	239	159138663	1.50183e-06
chr7	9	173	159138663	1.0871e-06
chr7	10	167	159138663	1.0494e-06
chr7	11	104	159138663	6.53518e-07
chr7	12	132	159138663	8.29465e-07
chr7	13	102	159138663	6.4095e-07
chr7	14	67	159138663	4.21016e-07
chr7	15	67	159138663	4.21016e-07
chr7	16	49	159138663	3.07908e-07
chr7	17	29	159138663	1.82231e-07
chr7	18	28	159138663	1.75947e-07
chr7	19	22	159138663	1.38244e-07
chr7	20	7	159138663	4.39868e-08
chr7	21	8	159138663	5.02706e-08
chr7	22	6	159138663	3.7703e-08
chr7	23	5	159138663	3.14191e-08
chr7	24	17	159138663	1.06825e-07
chr7	25	9	159138663	5.65545e-08
chr7	26	1	159138663	6.28383e-09
chr8	0	143222962	146364022	0.978539
chr8	1	3070958	146364022	0.0209816
chr8	2	53673	146364022	0.000366709
chr8	3	4928	146364022	3.36695e-05
chr8	4	3257	146364022	2.22527e-05
chr8	5	2387	146364022	1.63087e-05
chr8	6	1795	146364022	1.22639e-05
chr8	7	1160	146364022	7.92545e-06
chr8	8	989	146364022	6.75713e-06
chr8	9	629	146364022	4.2975e-06
chr8	10	407	146364022	2.78074e-06
chr8	11	291	146364022	1.98819e-06
chr8	12	160	146364022	1.09316e-06
chr8	13	75	146364022	5.12421e-07
chr8	14	71	146364022	4.85092e-07
chr8	15	51	146364022	3.48446e-07
chr8	16	69	146364022	4.71427e-07
chr8	17	85	146364022	5.80744e-07
chr8	18	32	146364022	2.18633e-07
chr8	19	29	146364022	1.98136e-07
chr8	20	9	146364022	6.14905e-08
chr8	21	5	146364022	3.41614e-08
chr9	0	139244644	141213431	0.986058
chr9	1	1945931	141213431	0.0137801
chr9	2	22019	141213431	0.000155927
chr9	3	416	141213431	2.9459e-06
chr9	4	161	141213431	1.14012e-06
chr9	5	94	141213431	6.65659e-07
chr9	6	82	141213431	5.80681e-07
chr9	7	35	141213431	2.47852e-07
chr9	8	14	141213431	9.91407e-08
chr9	9	2	141213431	1.4163e-08
chr9	10	12	141213431	8.49778e-08
chr9	11	20	141213431	1.4163e-07
chr9	12	1	141213431	7.08148e-09
chr10	0	133941186	135534747	0.988242
chr10	1	1567020	135534747	0.0115618
chr10	2	14970	135534747	0.000110451
chr10	3	2280	135534747	1.68223e-05
chr10	4	1414	135534747	1.04327e-05
chr10	5	1008	135534747	7.43721e-06
chr10	6	1066	135534747	7.86514e-06
chr10	7	672	135534747	4.95814e-06
chr10	8	676	135534747	4.98765e-06
chr10	9	565	135534747	4.16867e-06
chr10	10	461	135534747	3.40134e-06
chr10	11	464	135534747	3.42348e-06
chr10	12	394	135534747	2.907e-06
chr10	13	390	135534747	2.87749e-06
chr10	14	258	135534747	1.90357e-06
chr10	15	231	135534747	1.70436e-06
chr10	16	162	135534747	1.19527e-06
chr10	17	137	135534747	1.01081e-06
chr10	18	186	135534747	1.37234e-06
chr10	19	208	135534747	1.53466e-06
chr10	20	170	135534747	1.25429e-06
chr10	21	127	135534747	9.37029e-07
chr10	22	109	135534747	8.04222e-07
chr10	23	87	135534747	6.41902e-07
chr10	24	68	135534747	5.01716e-07
chr10	25	85	135534747	6.27145e-07
chr10	26	59	135534747	4.35313e-07
chr10	27	58	135534747	4.27935e-07
chr10	28	57	135534747	4.20556e-07
chr10	29	31	135534747	2.28724e-07
chr10	30	43	135534747	3.17262e-07
chr10	31	17	135534747	1.25429e-07
chr10	32	13	135534747	9.59164e-08
chr10	33	34	135534747	2.50858e-07
chr10	34	20	135534747	1.47564e-07
chr10	35	14	135534747	1.03295e-07
chr10	36	4	135534747	2.95127e-08
chr10	38	3	135534747	2.21345e-08
chr11	0	133066606	135006516	0.985631
chr11	1	1921780	135006516	0.0142347
chr11	2	16482	135006516	0.000122083
chr11	3	581	135006516	4.3035e-06
chr11	4	294	135006516	2.17767e-06
chr11	5	238	135006516	1.76288e-06
chr11	6	106	135006516	7.85147e-07
chr11	7	80	135006516	5.92564e-07
chr11	8	96	135006516	7.11077e-07
chr11	9	113	135006516	8.36997e-07
chr11	10	50	135006516	3.70352e-07
chr11	11	30	135006516	2.22211e-07
chr11	12	9	135006516	6.66635e-08
chr11	13	8	135006516	5.92564e-08
chr11	14	3	135006516	2.22212e-08
chr11	15	2	135006516	1.48141e-08
chr11	16	1	135006516	7.40705e-09
chr11	17	3	135006516	2.22212e-08
chr11	18	3	135006516	2.22212e-08
chr11	19	3	135006516	2.22212e-08
chr11	20	16	135006516	1.18513e-07
chr11	21	10	135006516	7.40705e-08
chr11	22	2	135006516	1.48141e-08
chr12	0	132469967	133851895	0.989676
chr12	1	1374569	133851895	0.0102693
chr12	2	7133	133851895	5.32902e-05
chr12	3	176	133851895	1.31489e-06
chr12	4	10	133851895	7.47094e-08
chr12	5	12	133851895	8.96513e-08
chr12	6	9	133851895	6.72385e-08
chr12	7	19	133851895	1.41948e-07
chr13	0	113944373	115169878	0.989359
chr13	1	1217683	115169878	0.0105729
chr13	2	7799	115169878	6.77174e-05
chr13	3	23	115169878	1.99705e-07
chr14	0	106143944	107349540	0.988769
chr14	1	1196893	107349540	0.0111495
chr14	2	8652	107349540	8.05965e-05
chr14	3	51	107349540	4.75084e-07
chr15	0	101752207	102531392	0.992401
chr15	1	775071	102531392	0.00755935
chr15	2	4063	102531392	3.96269e-05
chr15	3	51	102531392	4.97409e-07
chr16	0	89112655	90354753	0.986253
chr16	1	1198075	90354753	0.0132597
chr16	2	14740	90354753	0.000163135
chr16	3	4009	90354753	4.43696e-05
chr16	4	3808	90354753	4.2145e-05
chr16	5	3738	90354753	4.13703e-05
chr16	6	3498	90354753	3.87141e-05
chr16	7	3267	90354753	3.61575e-05
chr16	8	2610	90354753	2.88861e-05
chr16	9	2304	90354753	2.54995e-05
chr16	10	1782	90354753	1.97223e-05
chr16	11	1397	90354753	1.54613e-05
chr16	12	956	90354753	1.05805e-05
chr16	13	543	90354753	6.00965e-06
chr16	14	431	90354753	4.77009e-06
chr16	15	318	90354753	3.51946e-06
chr16	16	205	90354753	2.26883e-06
chr16	17	130	90354753	1.43877e-06
chr16	18	81	90354753	8.96466e-07
chr16	19	44	90354753	4.86969e-07
chr16	20	37	90354753	4.09497e-07
chr16	21	45	90354753	4.98037e-07
chr16	22	27	90354753	2.98822e-07
chr16	23	15	90354753	1.66012e-07
chr16	24	15	90354753	1.66012e-07
chr16	25	15	90354753	1.66012e-07
chr16	26	8	90354753	8.85399e-08
chr17	0	80087848	81195210	0.986362
chr17	1	1094072	81195210	0.0134746
chr17	2	11148	81195210	0.000137299
chr17	3	1191	81195210	1.46684e-05
chr17	4	410	81195210	5.04956e-06
chr17	5	191	81195210	2.35236e-06
chr17	6	136	81195210	1.67498e-06
chr17	7	68	81195210	8.37488e-07
chr17	8	38	81195210	4.68008e-07
chr17	9	30	81195210	3.6948e-07
chr17	10	20	81195210	2.4632e-07
chr17	11	32	81195210	3.94112e-07
chr17	12	8	81195210	9.8528e-08
chr17	13	7	81195210	8.6212e-08
chr17	14	7	81195210	8.6212e-08
chr17	15	3	81195210	3.6948e-08
chr17	16	1	81195210	1.2316e-08
chr18	0	76997668	78077248	0.986173
chr18	1	1068412	78077248	0.013684
chr18	2	9537	78077248	0.000122148
chr18	3	511	78077248	6.5448e-06
chr18	4	323	78077248	4.13693e-06
chr18	5	136	78077248	1.74186e-06
chr18	6	119	78077248	1.52413e-06
chr18	7	77	78077248	9.86203e-07
chr18	8	135	78077248	1.72906e-06
chr18	9	62	78077248	7.94085e-07
chr18	10	54	78077248	6.91623e-07
chr18	11	72	78077248	9.22164e-07
chr18	12	74	78077248	9.47779e-07
chr18	13	10	78077248	1.28078e-07
chr18	14	12	78077248	1.53694e-07
chr18	15	7	78077248	8.96548e-08
chr18	16	8	78077248	1.02463e-07
chr18	17	6	78077248	7.6847e-08
chr18	18	10	78077248	1.28078e-07
chr18	19	15	78077248	1.92117e-07
chr19	0	58526534	59128983	0.989811
chr19	1	595029	59128983	0.0100632
chr19	2	4810	59128983	8.13476e-05
chr19	3	699	59128983	1.18216e-05
chr19	4	309	59128983	5.22586e-06
chr19	5	179	59128983	3.02728e-06
chr19	6	218	59128983	3.68686e-06
chr19	7	167	59128983	2.82433e-06
chr19	8	140	59128983	2.36771e-06
chr19	9	109	59128983	1.84343e-06
chr19	10	101	59128983	1.70813e-06
chr19	11	96	59128983	1.62357e-06
chr19	12	100	59128983	1.69122e-06
chr19	13	61	59128983	1.03164e-06
chr19	14	39	59128983	6.59575e-07
chr19	15	31	59128983	5.24278e-07
chr19	16	50	59128983	8.45609e-07
chr19	17	49	59128983	8.28697e-07
chr19	18	24	59128983	4.05892e-07
chr19	19	50	59128983	8.45609e-07
chr19	20	20	59128983	3.38244e-07
chr19	21	17	59128983	2.87507e-07
chr19	22	18	59128983	3.04419e-07
chr19	23	17	59128983	2.87507e-07
chr19	24	29	59128983	4.90453e-07
chr19	25	24	59128983	4.05892e-07
chr19	26	12	59128983	2.02946e-07
chr19	27	12	59128983	2.02946e-07
chr19	28	11	59128983	1.86034e-07
chr19	30	2	59128983	3.38244e-08
chr19	31	2	59128983	3.38244e-08
chr19	32	3	59128983	5.07365e-08
chr19	33	5	59128983	8.45609e-08
chr19	34	1	59128983	1.69122e-08
chr19	35	2	59128983	3.38244e-08
chr19	36	2	59128983	3.38244e-08
chr19	37	3	59128983	5.07365e-08
chr19	38	6	59128983	1.01473e-07
chr19	39	2	59128983	3.38244e-08
chr20	0	62050304	63025520	0.984527
chr20	1	967146	63025520	0.0153453
chr20	2	7806	63025520	0.000123855
chr20	3	139	63025520	2.20546e-06
chr20	4	36	63025520	5.71197e-07
chr20	5	43	63025520	6.82263e-07
chr20	6	2	63025520	3.17332e-08
chr20	7	2	63025520	3.17332e-08
chr20	8	38	63025520	6.0293e-07
chr20	9	4	63025520	6.34664e-08
chr21	0	47322279	48129895	0.98322
chr21	1	796318	48129895	0.0165452
chr21	2	10487	48129895	0.00021789
chr21	3	478	48129895	9.93146e-06
chr21	4	119	48129895	2.47248e-06
chr21	5	68	48129895	1.41284e-06
chr21	6	18	48129895	3.73988e-07
chr21	7	27	48129895	5.60982e-07
chr21	8	18	48129895	3.73988e-07
chr21	9	6	48129895	1.24663e-07
chr21	10	20	48129895	4.15542e-07
chr21	11	14	48129895	2.90879e-07
chr21	12	2	48129895	4.15542e-08
chr21	13	2	48129895	4.15542e-08
chr21	14	4	48129895	8.31084e-08
chr21	15	7	48129895	1.4544e-07
chr21	16	28	48129895	5.81759e-07
chr22	0	50820834	51304566	0.990571
chr22	1	479265	51304566	0.00934157
chr22	2	4316	51304566	8.41251e-05
chr22	3	52	51304566	1.01355e-06
chr22	4	44	51304566	8.57623e-07
chr22	5	1	51304566	1.94914e-08
chr22	6	1	51304566	1.94914e-08
chr22	7	3	51304566	5.84743e-08
chr22	9	3	51304566	5.84743e-08
chr22	10	1	51304566	1.94914e-08
chr22	11	1	51304566	1.94914e-08
chr22	12	3	51304566	5.84743e-08
chr22	13	3	51304566	5.84743e-08
chr22	14	2	51304566	3.89829e-08
chr22	15	4	51304566	7.79658e-08
chr22	16	33	51304566	6.43218e-07
chrX	0	153991475	155270560	0.991762
chrX	1	1269927	155270560	0.0081788
chrX	2	8517	155270560	5.48526e-05
chrX	3	501	155270560	3.22663e-06
chrX	4	114	155270560	7.34202e-07
chrX	5	26	155270560	1.6745e-07
chrY	0	59309959	59373566	0.998929
chrY	1	58277	59373566	0.000981531
chrY	2	3532	59373566	5.94877e-05
chrY	3	936	59373566	1.57646e-05
chrY	4	396	59373566	6.66963e-06
chrY	5	248	59373566	4.17694e-06
chrY	6	62	59373566	1.04424e-06
chrY	7	17	59373566	2.86323e-07
chrY	8	40	59373566	6.737e-07
chrY	9	6	59373566	1.01055e-07
chrY	10	10	59373566	1.68425e-07
chrY	11	10	59373566	1.68425e-07
chrY	12	8	59373566	1.3474e-07
chrY	13	18	59373566	3.03165e-07
chrY	14	8	59373566	1.3474e-07
chrY	15	28	59373566	4.7159e-07
chrY	17	8	59373566	1.3474e-07
chrY	18	3	59373566	5.05275e-08
chr1_gl000191_random	0	106033	106433	0.996242
chr1_gl000191_random	1	400	106433	0.00375823
chr1_gl000192_random	0	534855	547496	0.976911
chr1_gl000192_random	1	12232	547496	0.0223417
chr1_gl000192_random	2	409	547496	0.000747037
chr4_ctg9_hap1	0	587935	590426	0.995781
chr4_ctg9_hap1	1	2482	590426	0.00420374
chr4_ctg9_hap1	2	9	590426	1.52432e-05
chr4_gl000193_random	0	184343	189789	0.971305
chr4_gl000193_random	1	5442	189789	0.0286739
chr4_gl000193_random	2	4	189789	2.1076e-05
chr4_gl000194_random	0	187009	191469	0.976706
chr4_gl000194_random	1	4420	191469	0.0230847
chr4_gl000194_random	2	40	191469	0.000208911
chr6_apd_hap1	0	4616990	4622290	0.998853
chr6_apd_hap1	1	5300	4622290	0.00114662
chr6_cox_hap2	0	4783705	4795371	0.997567
chr6_cox_hap2	1	11632	4795371	0.00242567
chr6_cox_hap2	2	34	4795371	7.09017e-06
chr6_dbb_hap3	0	4601996	4610396	0.998178
chr6_dbb_hap3	1	8400	4610396	0.00182197
chr6_mann_hap4	0	4676592	4683263	0.998576
chr6_mann_hap4	1	6642	4683263	0.00141824
chr6_mann_hap4	2	29	4683263	6.19226e-06
chr6_mcf_hap5	0	4826498	4833398	0.998572
chr6_mcf_hap5	1	6900	4833398	0.00142757
chr6_qbl_hap6	0	4604052	4611984	0.99828
chr6_qbl_hap6	1	7914	4611984	0.00171596
chr6_qbl_hap6	2	18	4611984	3.90288e-06
chr6_ssto_hap7	0	4920717	4928567	0.998407
chr6_ssto_hap7	1	7850	4928567	0.00159276
chr7_gl000195_random	0	174204	182896	0.952476
chr7_gl000195_random	1	8334	182896	0.0455669
chr7_gl000195_random	2	358	182896	0.0019574
chr8_gl000196_random	0	38564	38914	0.991006
chr8_gl000196_random	1	350	38914	0.00899419
chr8_gl000197_random	0	37125	37175	0.998655
chr8_gl000197_random	1	50	37175	0.00134499
chr9_gl000198_random	0	87274	90085	0.968796
chr9_gl000198_random	1	2651	90085	0.0294278
chr9_gl000198_random	2	131	90085	0.00145418
chr9_gl000198_random	3	29	90085	0.000321918
chr9_gl000199_random	0	143163	169874	0.84276
chr9_gl000199_random	1	21100	169874	0.12421
chr9_gl000199_random	2	3911	169874	0.0230229
chr9_gl000199_random	3	963	169874	0.00566891
chr9_gl000199_random	4	278	169874	0.00163651
chr9_gl000199_random	5	116	169874	0.000682859
chr9_gl000199_random	6	154	169874	0.000906554
chr9_gl000199_random	7	13	169874	7.65273e-05
chr9_gl000199_random	8	28	169874	0.000164828
chr9_gl000199_random	9	50	169874	0.000294336
chr9_gl000199_random	10	30	169874	0.000176601
chr9_gl000199_random	11	58	169874	0.00034143
chr9_gl000199_random	12	10	169874	5.88672e-05
chr9_gl000200_random	0	185535	187035	0.99198
chr9_gl000200_random	1	1500	187035	0.00801989
chr9_gl000201_random	0	36048	36148	0.997234
chr9_gl000201_random	1	100	36148	0.0027664
chr11_gl000202_random	0	39903	40103	0.995013
chr11_gl000202_random	1	200	40103	0.00498716
chr17_ctg5_hap1	0	1675394	1680828	0.996767
chr17_ctg5_hap1	1	5368	1680828	0.00319366
chr17_ctg5_hap1	2	66	1680828	3.92664e-05
chr17_gl000203_random	0	36598	37498	0.975999
chr17_gl000203_random	1	900	37498	0.0240013
chr17_gl000204_random	0	80910	81310	0.995081
chr17_gl000204_random	1	400	81310	0.00491944
chr17_gl000205_random	0	166929	174588	0.956131
chr17_gl000205_random	1	7518	174588	0.0430614
chr17_gl000205_random	2	141	174588	0.000807616
chr17_gl000206_random	0	40701	41001	0.992683
chr17_gl000206_random	1	300	41001	0.00731689
chr18_gl000207_random	0	4212	4262	0.988268
chr18_gl000207_random	1	50	4262	0.0117316
chr19_gl000208_random	0	88068	92689	0.950145
chr19_gl000208_random	1	4387	92689	0.0473303
chr19_gl000208_random	2	189	92689	0.00203908
chr19_gl000208_random	3	45	92689	0.000485495
chr19_gl000209_random	0	158719	159169	0.997173
chr19_gl000209_random	1	450	159169	0.00282718
chr21_gl000210_random	0	27482	27682	0.992775
chr21_gl000210_random	1	200	27682	0.00722491
chrUn_gl000211	0	162336	166566	0.974605
chrUn_gl000211	1	4110	166566	0.0246749
chrUn_gl000211	2	120	166566	0.000720435
chrUn_gl000212	0	183027	186858	0.979498
chrUn_gl000212	1	3762	186858	0.0201329
chrUn_gl000212	2	69	186858	0.000369264
chrUn_gl000213	0	161724	164239	0.984687
chrUn_gl000213	1	2480	164239	0.0150999
chrUn_gl000213	2	35	164239	0.000213104
chrUn_gl000214	0	125698	137718	0.91272
chrUn_gl000214	1	9697	137718	0.070412
chrUn_gl000214	2	1683	137718	0.0122206
chrUn_gl000214	3	486	137718	0.00352895
chrUn_gl000214	4	141	137718	0.00102383
chrUn_gl000214	5	13	137718	9.43958e-05
chrUn_gl000215	0	170745	172545	0.989568
chrUn_gl000215	1	1800	172545	0.0104321
chrUn_gl000216	0	158930	172294	0.922435
chrUn_gl000216	1	10969	172294	0.0636644
chrUn_gl000216	2	1297	172294	0.00752783
chrUn_gl000216	3	534	172294	0.00309935
chrUn_gl000216	4	248	172294	0.0014394
chrUn_gl000216	5	138	172294	0.000800957
chrUn_gl000216	6	49	172294	0.000284398
chrUn_gl000216	7	42	172294	0.000243769
chrUn_gl000216	8	47	172294	0.00027279
chrUn_gl000216	9	4	172294	2.32161e-05
chrUn_gl000216	10	3	172294	1.74121e-05
chrUn_gl000216	11	3	172294	1.74121e-05
chrUn_gl000216	12	9	172294	5.22363e-05
chrUn_gl000216	13	12	172294	6.96484e-05
chrUn_gl000216	14	9	172294	5.22363e-05
chrUn_gl000217	0	167684	172149	0.974063
chrUn_gl000217	1	4430	172149	0.0257335
chrUn_gl000217	2	35	172149	0.000203312
chrUn_gl000218	0	157045	161147	0.974545
chrUn_gl000218	1	4054	161147	0.0251572
chrUn_gl000218	2	48	161147	0.000297865
chrUn_gl000219	0	172618	179198	0.963281
chrUn_gl000219	1	6310	179198	0.0352124
chrUn_gl000219	2	270	179198	0.00150671
chrUn_gl000220	0	104888	161802	0.648249
chrUn_gl000220	1	19743	161802	0.12202
chrUn_gl000220	2	10205	161802	0.0630709
chrUn_gl000220	3	8052	161802	0.0497645
chrUn_gl000220	4	6268	161802	0.0387387
chrUn_gl000220	5	4873	161802	0.0301171
chrUn_gl000220	6	3503	161802	0.0216499
chrUn_gl000220	7	1938	161802	0.0119776
chrUn_gl000220	8	1162	161802	0.00718162
chrUn_gl000220	9	658	161802	0.0040667
chrUn_gl000220	10	350	161802	0.00216314
chrUn_gl000220	11	111	161802	0.000686024
chrUn_gl000220	12	37	161802	0.000228675
chrUn_gl000220	13	9	161802	5.56235e-05
chrUn_gl000220	14	5	161802	3.0902e-05
chrUn_gl000221	0	150218	155397	0.966672
chrUn_gl000221	1	5108	155397	0.0328706
chrUn_gl000221	2	71	155397	0.000456894
chrUn_gl000222	0	185061	186861	0.990367
chrUn_gl000222	1	1800	186861	0.00963283
chrUn_gl000223	0	179405	180455	0.994181
chrUn_gl000223	1	1050	180455	0.00581862
chrUn_gl000224	0	168767	179693	0.939196
chrUn_gl000224	1	9430	179693	0.0524784
chrUn_gl000224	2	1192	179693	0.00663354
chrUn_gl000224	3	280	179693	0.00155821
chrUn_gl000224	4	24	179693	0.000133561
chrUn_gl000225	0	189945	211173	0.899476
chrUn_gl000225	1	17775	211173	0.0841727
chrUn_gl000225	2	2662	211173	0.0126058
chrUn_gl000225	3	562	211173	0.00266133
chrUn_gl000225	4	101	211173	0.000478281
chrUn_gl000225	5	51	211173	0.000241508
chrUn_gl000225	6	36	211173	0.000170476
chrUn_gl000225	7	1	211173	4.73545e-06
chrUn_gl000225	8	27	211173	0.000127857
chrUn_gl000225	9	13	211173	6.15609e-05
chrUn_gl000226	0	1116	15008	0.0743603
chrUn_gl000226	1	1402	15008	0.0934168
chrUn_gl000226	2	1680	15008	0.11194
chrUn_gl000226	3	2273	15008	0.151453
chrUn_gl000226	4	2087	15008	0.139059
chrUn_gl000226	5	1686	15008	0.11234
chrUn_gl000226	6	1580	15008	0.105277
chrUn_gl000226	7	1153	15008	0.0768257
chrUn_gl000226	8	790	15008	0.0526386
chrUn_gl000226	9	514	15008	0.0342484
chrUn_gl000226	10	324	15008	0.0215885
chrUn_gl000226	11	161	15008	0.0107276
chrUn_gl000226	12	84	15008	0.00559701
chrUn_gl000226	13	84	15008	0.00559701
chrUn_gl000226	14	29	15008	0.0019323
chrUn_gl000226	15	20	15008	0.00133262
chrUn_gl000226	16	8	15008	0.000533049
chrUn_gl000226	17	7	15008	0.000466418
chrUn_gl000226	18	10	15008	0.000666311
chrUn_gl000227	0	127224	128374	0.991042
chrUn_gl000227	1	1150	128374	0.0089582
chrUn_gl000228	0	126769	129120	0.981792
chrUn_gl000228	1	1998	129120	0.015474
chrUn_gl000228	2	247	129120	0.00191295
chrUn_gl000228	3	66	129120	0.000511152
chrUn_gl000228	4	40	129120	0.000309789
chrUn_gl000229	0	19123	19913	0.960327
chrUn_gl000229	1	780	19913	0.0391704
chrUn_gl000229	2	10	19913	0.000502184
chrUn_gl000230	0	42485	43691	0.972397
chrUn_gl000230	1	1162	43691	0.0265959
chrUn_gl000230	2	44	43691	0.00100707
chrUn_gl000231	0	26479	27386	0.966881
chrUn_gl000231	1	864	27386	0.031549
chrUn_gl000231	2	43	27386	0.00157015
chrUn_gl000232	0	37617	40652	0.925342
chrUn_gl000232	1	2970	40652	0.0730591
chrUn_gl000232	2	65	40652	0.00159894
chrUn_gl000233	0	44891	45941	0.977145
chrUn_gl000233	1	1050	45941	0.0228554
chrUn_gl000234	0	38189	40531	0.942217
chrUn_gl000234	1	2234	40531	0.0551183
chrUn_gl000234	2	108	40531	0.00266463
chrUn_gl000235	0	32644	34474	0.946917
chrUn_gl000235	1	1710	34474	0.0496026
chrUn_gl000235	2	120	34474	0.00348088
chrUn_gl000236	0	41484	41934	0.989269
chrUn_gl000236	1	450	41934	0.0107311
chrUn_gl000237	0	44470	45867	0.969542
chrUn_gl000237	1	1394	45867	0.0303922
chrUn_gl000237	2	3	45867	6.54065e-05
chrUn_gl000238	0	39639	39939	0.992489
chrUn_gl000238	1	300	39939	0.00751146
chrUn_gl000239	0	32746	33824	0.968129
chrUn_gl000239	1	1006	33824	0.0297422
chrUn_gl000239	2	72	33824	0.00212867
chrUn_gl000240	0	41045	41933	0.978823
chrUn_gl000240	1	876	41933	0.0208905
chrUn_gl000240	2	12	41933	0.000286171
chrUn_gl000241	0	39382	42152	0.934285
chrUn_gl000241	1	2640	42152	0.0626305
chrUn_gl000241	2	130	42152	0.00308408
chrUn_gl000242	0	43323	43523	0.995405
chrUn_gl000242	1	200	43523	0.00459527
chrUn_gl000243	0	41761	43341	0.963545
chrUn_gl000243	1	1484	43341	0.0342401
chrUn_gl000243	2	72	43341	0.00166124
chrUn_gl000243	3	24	43341	0.000553748
chrUn_gl000244	0	39079	39929	0.978712
chrUn_gl000244	1	850	39929	0.0212878
chrUn_gl000245	0	35501	36651	0.968623
chrUn_gl000245	1	1150	36651	0.031377
chrUn_gl000246	0	37544	38154	0.984012
chrUn_gl000246	1	570	38154	0.0149395
chrUn_gl000246	2	40	38154	0.00104838
chrUn_gl000247	0	35422	36422	0.972544
chrUn_gl000247	1	1000	36422	0.0274559
chrUn_gl000248	0	39286	39786	0.987433
chrUn_gl000248	1	500	39786	0.0125672
chrUn_gl000249	0	38302	38502	0.994805
chrUn_gl000249	1	200	38502	0.00519454
genome	0	3098304310	3137161264	0.987614
genome	1	38279726	3137161264	0.012202
genome	2	437739	3137161264	0.000139533
genome	3	42467	3137161264	1.35368e-05
genome	4	23871	3137161264	7.60911e-06
genome	5	17455	3137161264	5.56395e-06
genome	6	13789	3137161264	4.39538e-06
genome	7	9750	3137161264	3.10791e-06
genome	8	7585	3137161264	2.41779e-06
genome	9	5758	3137161264	1.83542e-06
genome	10	4308	3137161264	1.37322e-06
genome	11	3402	3137161264	1.08442e-06
genome	12	2384	3137161264	7.59923e-07
genome	13	1698	3137161264	5.41254e-07
genome	14	1256	3137161264	4.00362e-07
genome	15	1046	3137161264	3.33422e-07
genome	16	871	3137161264	2.7764e-07
genome	17	627	3137161264	1.99862e-07
genome	18	505	3137161264	1.60974e-07
genome	19	471	3137161264	1.50136e-07
genome	20	355	3137161264	1.1316e-07
genome	21	284	3137161264	9.05277e-08
genome	22	211	3137161264	6.72583e-08
genome	23	154	3137161264	4.9089e-08
genome	24	151	3137161264	4.81327e-08
genome	25	147	3137161264	4.68577e-08
genome	26	101	3137161264	3.21947e-08
genome	27	87	3137161264	2.77321e-08
genome	28	93	3137161264	2.96446e-08
genome	29	53	3137161264	1.68943e-08
genome	30	59	3137161264	1.88068e-08
genome	31	37	3137161264	1.17941e-08
genome	32	33	3137161264	1.05191e-08
genome	33	67	3137161264	2.13569e-08
genome	34	35	3137161264	1.11566e-08
genome	35	38	3137161264	1.21129e-08
genome	36	25	3137161264	7.96899e-09
genome	37	24	3137161264	7.65023e-09
genome	38	24	3137161264	7.65023e-09
genome	39	10	3137161264	3.1876e-09
genome	40	8	3137161264	2.55008e-09
genome	41	6	3137161264	1.91256e-09
genome	42	6	3137161264	1.91256e-09
genome	43	3	3137161264	9.56279e-10
genome	44	4	3137161264	1.27504e-09
genome	45	5	3137161264	1.5938e-09
genome	46	5	3137161264	1.5938e-09
genome	47	4	3137161264	1.27504e-09
genome	48	4	3137161264	1.27504e-09
genome	49	2	3137161264	6.37519e-10
genome	50	3	3137161264	9.56279e-10
genome	51	9	3137161264	2.86884e-09
genome	52	5	3137161264	1.5938e-09
genome	53	7	3137161264	2.23132e-09
genome	54	10	3137161264	3.1876e-09
genome	55	10	3137161264	3.1876e-09
genome	56	9	3137161264	2.86884e-09
genome	57	16	3137161264	5.10015e-09
genome	58	20	3137161264	6.37519e-09
genome	59	14	3137161264	4.46263e-09
genome	60	17	3137161264	5.41891e-09
genome	61	14	3137161264	4.46263e-09
genome	62	15	3137161264	4.78139e-09
genome	63	21	3137161264	6.69395e-09
genome	64	14	3137161264	4.46263e-09
genome	65	8	3137161264	2.55008e-09
genome	66	8	3137161264	2.55008e-09
genome	67	7	3137161264	2.23132e-09
genome	68	3	3137161264	9.56279e-10
genome	69	1	3137161264	3.1876e-10
