chrM	0	8091	16571	0.488263
chrM	1	5339	16571	0.322189
chrM	2	2416	16571	0.145797
chrM	3	577	16571	0.0348199
chrM	4	106	16571	0.00639672
chrM	5	28	16571	0.0016897
chrM	6	14	16571	0.000844849
chr1	0	245447906	249250621	0.984743
chr1	1	3760695	249250621	0.015088
chr1	2	39774	249250621	0.000159574
chr1	3	692	249250621	2.77632e-06
chr1	4	187	249250621	7.50249e-07
chr1	5	116	249250621	4.65395e-07
chr1	6	15	249250621	6.01804e-08
chr1	7	37	249250621	1.48445e-07
chr1	8	12	249250621	4.81443e-08
chr1	9	18	249250621	7.22165e-08
chr1	10	18	249250621	7.22165e-08
chr1	11	9	249250621	3.61082e-08
chr1	12	21	249250621	8.42525e-08
chr1	13	28	249250621	1.12337e-07
chr1	14	34	249250621	1.36409e-07
chr1	15	34	249250621	1.36409e-07
chr1	16	30	249250621	1.20361e-07
chr1	17	48	249250621	1.92577e-07
chr1	18	23	249250621	9.22766e-08
chr1	19	38	249250621	1.52457e-07
chr1	20	40	249250621	1.60481e-07
chr1	21	36	249250621	1.44433e-07
chr1	22	48	249250621	1.92577e-07
chr1	23	58	249250621	2.32698e-07
chr1	24	61	249250621	2.44734e-07
chr1	25	44	249250621	1.76529e-07
chr1	26	31	249250621	1.24373e-07
chr1	27	33	249250621	1.32397e-07
chr1	28	46	249250621	1.84553e-07
chr1	29	20	249250621	8.02405e-08
chr1	30	20	249250621	8.02405e-08
chr1	31	11	249250621	4.41323e-08
chr1	32	10	249250621	4.01203e-08
chr1	33	13	249250621	5.21563e-08
chr1	34	9	249250621	3.61082e-08
chr1	35	13	249250621	5.21563e-08
chr1	36	9	249250621	3.61082e-08
chr1	37	14	249250621	5.61684e-08
chr1	38	26	249250621	1.04313e-07
chr1	39	23	249250621	9.22766e-08
chr1	40	13	249250621	5.21563e-08
chr1	41	14	249250621	5.61684e-08
chr1	42	12	249250621	4.81443e-08
chr1	43	7	249250621	2.80842e-08
chr1	44	15	249250621	6.01804e-08
chr1	45	9	249250621	3.61082e-08
chr1	46	8	249250621	3.20962e-08
chr1	47	15	249250621	6.01804e-08
chr1	48	17	249250621	6.82044e-08
chr1	49	21	249250621	8.42525e-08
chr1	50	12	249250621	4.81443e-08
chr1	51	8	249250621	3.20962e-08
chr1	52	10	249250621	4.01203e-08
chr1	53	5	249250621	2.00601e-08
chr1	54	9	249250621	3.61082e-08
chr1	55	6	249250621	2.40722e-08
chr1	56	11	249250621	4.41323e-08
chr1	57	15	249250621	6.01804e-08
chr1	58	13	249250621	5.21563e-08
chr1	59	20	249250621	8.02405e-08
chr1	60	14	249250621	5.61684e-08
chr1	61	18	249250621	7.22165e-08
chr1	62	14	249250621	5.61684e-08
chr1	63	21	249250621	8.42525e-08
chr1	64	7	249250621	2.80842e-08
chr1	65	5	249250621	2.00601e-08
chr1	66	2	249250621	8.02405e-09
chr2	0	240639984	243199373	0.989476
chr2	1	2531387	243199373	0.0104087
chr2	2	20400	243199373	8.38818e-05
chr2	3	3611	243199373	1.48479e-05
chr2	4	1531	243199373	6.29525e-06
chr2	5	1010	243199373	4.15297e-06
chr2	6	691	243199373	2.84129e-06
chr2	7	243	243199373	9.9918e-07
chr2	8	203	243199373	8.34706e-07
chr2	9	57	243199373	2.34376e-07
chr2	10	63	243199373	2.59047e-07
chr2	11	16	243199373	6.57896e-08
chr2	12	20	243199373	8.22371e-08
chr2	13	34	243199373	1.39803e-07
chr2	14	16	243199373	6.57896e-08
chr2	15	15	243199373	6.16778e-08
chr2	16	14	243199373	5.75659e-08
chr2	17	9	243199373	3.70067e-08
chr2	18	10	243199373	4.11185e-08
chr2	19	17	243199373	6.99015e-08
chr2	20	10	243199373	4.11185e-08
chr2	21	15	243199373	6.16778e-08
chr2	22	1	243199373	4.11185e-09
chr2	23	16	243199373	6.57896e-08
chr3	0	195572592	198022430	0.987628
chr3	1	2432416	198022430	0.0122835
chr3	2	17166	198022430	8.66871e-05
chr3	3	111	198022430	5.60543e-07
chr3	4	47	198022430	2.37347e-07
chr3	5	2	198022430	1.00999e-08
chr3	6	3	198022430	1.51498e-08
chr3	7	1	198022430	5.04993e-09
chr3	8	2	198022430	1.00999e-08
chr3	9	3	198022430	1.51498e-08
chr3	10	9	198022430	4.54494e-08
chr3	11	2	198022430	1.00999e-08
chr3	12	4	198022430	2.01997e-08
chr3	13	9	198022430	4.54494e-08
chr3	14	5	198022430	2.52497e-08
chr3	15	4	198022430	2.01997e-08
chr3	16	2	198022430	1.00999e-08
chr3	17	2	198022430	1.00999e-08
chr3	18	2	198022430	1.00999e-08
chr3	19	2	198022430	1.00999e-08
chr3	20	2	198022430	1.00999e-08
chr3	21	7	198022430	3.53495e-08
chr3	22	3	198022430	1.51498e-08
chr3	23	9	198022430	4.54494e-08
chr3	24	5	198022430	2.52497e-08
chr3	25	3	198022430	1.51498e-08
chr3	26	11	198022430	5.55493e-08
chr3	27	3	198022430	1.51498e-08
chr3	28	3	198022430	1.51498e-08
chr4	0	189643889	191154276	0.992099
chr4	1	1494805	191154276	0.00781989
chr4	2	10830	191154276	5.66558e-05
chr4	3	2452	191154276	1.28273e-05
chr4	4	1176	191154276	6.1521e-06
chr4	5	533	191154276	2.78832e-06
chr4	6	347	191154276	1.81529e-06
chr4	7	52	191154276	2.72032e-07
chr4	8	59	191154276	3.08651e-07
chr4	9	41	191154276	2.14486e-07
chr4	10	55	191154276	2.87726e-07
chr4	11	1	191154276	5.23138e-09
chr4	12	6	191154276	3.13883e-08
chr4	13	30	191154276	1.56941e-07
chr5	0	179181554	180915260	0.990417
chr5	1	1723806	180915260	0.00952825
chr5	2	9799	180915260	5.41635e-05
chr5	3	58	180915260	3.20592e-07
chr5	4	43	180915260	2.3768e-07
chr6	0	167892577	171115067	0.981168
chr6	1	3131769	171115067	0.0183021
chr6	2	82213	171115067	0.000480454
chr6	3	4495	171115067	2.62689e-05
chr6	4	590	171115067	3.44797e-06
chr6	5	260	171115067	1.51945e-06
chr6	6	202	171115067	1.18049e-06
chr6	7	217	171115067	1.26815e-06
chr6	8	381	171115067	2.22657e-06
chr6	9	359	171115067	2.098e-06
chr6	10	302	171115067	1.76489e-06
chr6	11	370	171115067	2.16229e-06
chr6	12	328	171115067	1.91684e-06
chr6	13	273	171115067	1.59542e-06
chr6	14	257	171115067	1.50191e-06
chr6	15	182	171115067	1.06361e-06
chr6	16	121	171115067	7.07127e-07
chr6	17	76	171115067	4.44146e-07
chr6	18	46	171115067	2.68825e-07
chr6	19	27	171115067	1.57789e-07
chr6	20	6	171115067	3.50641e-08
chr6	21	4	171115067	2.33761e-08
chr6	22	4	171115067	2.33761e-08
chr6	23	6	171115067	3.50641e-08
chr6	24	2	171115067	1.1688e-08
chr7	0	157134331	159138663	0.987405
chr7	1	1986779	159138663	0.0124846
chr7	2	14212	159138663	8.93058e-05
chr7	3	803	159138663	5.04591e-06
chr7	4	448	159138663	2.81516e-06
chr7	5	363	159138663	2.28103e-06
chr7	6	449	159138663	2.82144e-06
chr7	7	259	159138663	1.62751e-06
chr7	8	125	159138663	7.85479e-07
chr7	9	175	159138663	1.09967e-06
chr7	10	132	159138663	8.29465e-07
chr7	11	135	159138663	8.48317e-07
chr7	12	105	159138663	6.59802e-07
chr7	13	104	159138663	6.53518e-07
chr7	14	99	159138663	6.22099e-07
chr7	15	50	159138663	3.14191e-07
chr7	16	23	159138663	1.44528e-07
chr7	17	24	159138663	1.50812e-07
chr7	18	27	159138663	1.69663e-07
chr7	19	16	159138663	1.00541e-07
chr7	20	4	159138663	2.51353e-08
chr8	0	143174264	146364022	0.978207
chr8	1	3119112	146364022	0.0213106
chr8	2	54766	146364022	0.000374177
chr8	3	4776	146364022	3.2631e-05
chr8	4	2960	146364022	2.02235e-05
chr8	5	2183	146364022	1.49149e-05
chr8	6	1596	146364022	1.09043e-05
chr8	7	1295	146364022	8.8478e-06
chr8	8	1020	146364022	6.96893e-06
chr8	9	693	146364022	4.73477e-06
chr8	10	538	146364022	3.67577e-06
chr8	11	348	146364022	2.37763e-06
chr8	12	198	146364022	1.35279e-06
chr8	13	96	146364022	6.55899e-07
chr8	14	78	146364022	5.32918e-07
chr8	15	58	146364022	3.96272e-07
chr8	16	13	146364022	8.88196e-08
chr8	17	21	146364022	1.43478e-07
chr8	18	7	146364022	4.7826e-08
chr9	0	139119931	141213431	0.985175
chr9	1	2069278	141213431	0.0146536
chr9	2	23149	141213431	0.000163929
chr9	3	486	141213431	3.4416e-06
chr9	4	258	141213431	1.82702e-06
chr9	5	196	141213431	1.38797e-06
chr9	6	78	141213431	5.52355e-07
chr9	7	25	141213431	1.77037e-07
chr9	8	9	141213431	6.37333e-08
chr9	9	21	141213431	1.48711e-07
chr10	0	133793373	135534747	0.987152
chr10	1	1712844	135534747	0.0126377
chr10	2	15834	135534747	0.000116826
chr10	3	2856	135534747	2.10721e-05
chr10	4	1641	135534747	1.21076e-05
chr10	5	1064	135534747	7.85039e-06
chr10	6	1017	135534747	7.50361e-06
chr10	7	937	135534747	6.91336e-06
chr10	8	625	135534747	4.61136e-06
chr10	9	521	135534747	3.84403e-06
chr10	10	390	135534747	2.87749e-06
chr10	11	350	135534747	2.58236e-06
chr10	12	329	135534747	2.42742e-06
chr10	13	248	135534747	1.82979e-06
chr10	14	311	135534747	2.29461e-06
chr10	15	284	135534747	2.0954e-06
chr10	16	239	135534747	1.76339e-06
chr10	17	166	135534747	1.22478e-06
chr10	18	155	135534747	1.14362e-06
chr10	19	196	135534747	1.44612e-06
chr10	20	163	135534747	1.20264e-06
chr10	21	145	135534747	1.06984e-06
chr10	22	115	135534747	8.48491e-07
chr10	23	106	135534747	7.82087e-07
chr10	24	95	135534747	7.00927e-07
chr10	25	128	135534747	9.44407e-07
chr10	26	86	135534747	6.34524e-07
chr10	27	68	135534747	5.01716e-07
chr10	28	38	135534747	2.80371e-07
chr10	29	59	135534747	4.35313e-07
chr10	30	47	135534747	3.46775e-07
chr10	31	69	135534747	5.09095e-07
chr10	32	38	135534747	2.80371e-07
chr10	33	46	135534747	3.39396e-07
chr10	34	31	135534747	2.28724e-07
chr10	35	31	135534747	2.28724e-07
chr10	36	24	135534747	1.77076e-07
chr10	37	19	135534747	1.40185e-07
chr10	38	23	135534747	1.69698e-07
chr10	39	18	135534747	1.32807e-07
chr10	40	14	135534747	1.03295e-07
chr10	41	3	135534747	2.21345e-08
chr10	42	1	135534747	7.37818e-09
chr11	0	132737363	135006516	0.983192
chr11	1	2244892	135006516	0.016628
chr11	2	22297	135006516	0.000165155
chr11	3	800	135006516	5.92564e-06
chr11	4	467	135006516	3.45909e-06
chr11	5	144	135006516	1.06662e-06
chr11	6	105	135006516	7.7774e-07
chr11	7	83	135006516	6.14785e-07
chr11	8	152	135006516	1.12587e-06
chr11	9	62	135006516	4.59237e-07
chr11	10	45	135006516	3.33317e-07
chr11	11	30	135006516	2.22211e-07
chr11	12	33	135006516	2.44433e-07
chr11	13	9	135006516	6.66635e-08
chr11	14	3	135006516	2.22212e-08
chr11	15	2	135006516	1.48141e-08
chr11	16	17	135006516	1.2592e-07
chr11	17	12	135006516	8.88846e-08
chr12	0	132431291	133851895	0.989387
chr12	1	1412667	133851895	0.010554
chr12	2	7805	133851895	5.83107e-05
chr12	3	42	133851895	3.1378e-07
chr12	4	66	133851895	4.93082e-07
chr12	5	11	133851895	8.21804e-08
chr12	6	13	133851895	9.71223e-08
chr13	0	113751884	115169878	0.987688
chr13	1	1407896	115169878	0.0122245
chr13	2	10040	115169878	8.71756e-05
chr13	3	58	115169878	5.03604e-07
chr14	0	106255618	107349540	0.98981
chr14	1	1086809	107349540	0.010124
chr14	2	7038	107349540	6.55615e-05
chr14	3	35	107349540	3.26038e-07
chr14	4	40	107349540	3.72615e-07
chr15	0	101773965	102531392	0.992613
chr15	1	752825	102531392	0.00734239
chr15	2	4581	102531392	4.4679e-05
chr15	3	21	102531392	2.04815e-07
chr16	0	89193576	90354753	0.987149
chr16	1	1117927	90354753	0.0123726
chr16	2	14700	90354753	0.000162692
chr16	3	4516	90354753	4.99808e-05
chr16	4	3964	90354753	4.38715e-05
chr16	5	3705	90354753	4.1005e-05
chr16	6	3378	90354753	3.7386e-05
chr16	7	3089	90354753	3.41875e-05
chr16	8	2612	90354753	2.89083e-05
chr16	9	1982	90354753	2.19358e-05
chr16	10	1496	90354753	1.6557e-05
chr16	11	1290	90354753	1.42771e-05
chr16	12	814	90354753	9.00893e-06
chr16	13	633	90354753	7.00572e-06
chr16	14	379	90354753	4.19458e-06
chr16	15	266	90354753	2.94395e-06
chr16	16	130	90354753	1.43877e-06
chr16	17	110	90354753	1.21742e-06
chr16	18	61	90354753	6.75117e-07
chr16	19	32	90354753	3.5416e-07
chr16	20	17	90354753	1.88147e-07
chr16	21	29	90354753	3.20957e-07
chr16	22	23	90354753	2.54552e-07
chr16	23	14	90354753	1.54945e-07
chr16	24	7	90354753	7.74724e-08
chr16	25	3	90354753	3.32025e-08
chr17	0	80135930	81195210	0.986954
chr17	1	1046533	81195210	0.0128891
chr17	2	10824	81195210	0.000133308
chr17	3	1139	81195210	1.40279e-05
chr17	4	517	81195210	6.36737e-06
chr17	5	219	81195210	2.6972e-06
chr17	6	47	81195210	5.78852e-07
chr17	7	1	81195210	1.2316e-08
chr18	0	77189147	78077248	0.988625
chr18	1	880754	78077248	0.0112805
chr18	2	5981	78077248	7.66036e-05
chr18	3	445	78077248	5.69948e-06
chr18	4	212	78077248	2.71526e-06
chr18	5	189	78077248	2.42068e-06
chr18	6	65	78077248	8.32509e-07
chr18	7	56	78077248	7.17238e-07
chr18	8	62	78077248	7.94085e-07
chr18	9	90	78077248	1.1527e-06
chr18	10	49	78077248	6.27584e-07
chr18	11	22	78077248	2.81772e-07
chr18	12	18	78077248	2.30541e-07
chr18	13	43	78077248	5.50737e-07
chr18	14	33	78077248	4.22658e-07
chr18	15	16	78077248	2.04925e-07
chr18	16	12	78077248	1.53694e-07
chr18	17	7	78077248	8.96548e-08
chr18	18	5	78077248	6.40391e-08
chr18	19	6	78077248	7.6847e-08
chr18	20	5	78077248	6.40391e-08
chr18	21	7	78077248	8.96548e-08
chr18	22	11	78077248	1.40886e-07
chr18	23	7	78077248	8.96548e-08
chr18	24	6	78077248	7.6847e-08
chr19	0	58561568	59128983	0.990404
chr19	1	560811	59128983	0.00948454
chr19	2	4054	59128983	6.8562e-05
chr19	3	374	59128983	6.32516e-06
chr19	4	410	59128983	6.93399e-06
chr19	5	335	59128983	5.66558e-06
chr19	6	240	59128983	4.05892e-06
chr19	7	210	59128983	3.55156e-06
chr19	8	122	59128983	2.06329e-06
chr19	9	99	59128983	1.67431e-06
chr19	10	125	59128983	2.11402e-06
chr19	11	96	59128983	1.62357e-06
chr19	12	48	59128983	8.11785e-07
chr19	13	63	59128983	1.06547e-06
chr19	14	62	59128983	1.04856e-06
chr19	15	46	59128983	7.7796e-07
chr19	16	26	59128983	4.39717e-07
chr19	17	45	59128983	7.61048e-07
chr19	18	43	59128983	7.27224e-07
chr19	19	6	59128983	1.01473e-07
chr19	20	10	59128983	1.69122e-07
chr19	21	8	59128983	1.35297e-07
chr19	22	7	59128983	1.18385e-07
chr19	23	12	59128983	2.02946e-07
chr19	24	7	59128983	1.18385e-07
chr19	25	7	59128983	1.18385e-07
chr19	26	6	59128983	1.01473e-07
chr19	27	15	59128983	2.53683e-07
chr19	28	11	59128983	1.86034e-07
chr19	29	10	59128983	1.69122e-07
chr19	30	11	59128983	1.86034e-07
chr19	31	11	59128983	1.86034e-07
chr19	32	15	59128983	2.53683e-07
chr19	33	28	59128983	4.73541e-07
chr19	34	16	59128983	2.70595e-07
chr19	35	19	59128983	3.21331e-07
chr19	36	4	59128983	6.76487e-08
chr19	37	3	59128983	5.07365e-08
chr20	0	61988891	63025520	0.983552
chr20	1	1026220	63025520	0.0162826
chr20	2	9959	63025520	0.000158015
chr20	3	331	63025520	5.25184e-06
chr20	4	49	63025520	7.77463e-07
chr20	5	57	63025520	9.04396e-07
chr20	6	3	63025520	4.75998e-08
chr20	7	10	63025520	1.58666e-07
chr21	0	47353870	48129895	0.983876
chr21	1	766302	48129895	0.0159215
chr21	2	9184	48129895	0.000190817
chr21	3	344	48129895	7.14732e-06
chr21	4	51	48129895	1.05963e-06
chr21	5	13	48129895	2.70102e-07
chr21	6	12	48129895	2.49325e-07
chr21	7	37	48129895	7.68753e-07
chr21	8	10	48129895	2.07771e-07
chr21	9	31	48129895	6.4409e-07
chr21	10	11	48129895	2.28548e-07
chr21	11	2	48129895	4.15542e-08
chr21	12	7	48129895	1.4544e-07
chr21	13	21	48129895	4.36319e-07
chr22	0	50847343	51304566	0.991088
chr22	1	453875	51304566	0.00884668
chr22	2	3231	51304566	6.29768e-05
chr22	3	61	51304566	1.18898e-06
chr22	5	2	51304566	3.89829e-08
chr22	7	3	51304566	5.84743e-08
chr22	8	2	51304566	3.89829e-08
chr22	9	3	51304566	5.84743e-08
chr22	11	2	51304566	3.89829e-08
chr22	13	5	51304566	9.74572e-08
chr22	14	2	51304566	3.89829e-08
chr22	15	1	51304566	1.94914e-08
chr22	16	36	51304566	7.01692e-07
chrX	0	154012934	155270560	0.9919
chrX	1	1249910	155270560	0.00804988
chrX	2	7048	155270560	4.53917e-05
chrX	3	346	155270560	2.22837e-06
chrX	4	136	155270560	8.7589e-07
chrX	5	76	155270560	4.89468e-07
chrX	6	59	155270560	3.79982e-07
chrX	7	9	155270560	5.79633e-08
chrX	8	13	155270560	8.37248e-08
chrX	9	29	155270560	1.86771e-07
chrY	0	59311656	59373566	0.998957
chrY	1	57499	59373566	0.000968428
chrY	2	2417	59373566	4.07083e-05
chrY	3	1114	59373566	1.87626e-05
chrY	4	429	59373566	7.22544e-06
chrY	5	213	59373566	3.58746e-06
chrY	6	120	59373566	2.0211e-06
chrY	7	16	59373566	2.6948e-07
chrY	8	8	59373566	1.3474e-07
chrY	9	14	59373566	2.35795e-07
chrY	10	11	59373566	1.85268e-07
chrY	11	9	59373566	1.51583e-07
chrY	12	12	59373566	2.0211e-07
chrY	13	30	59373566	5.05275e-07
chrY	14	2	59373566	3.3685e-08
chrY	15	5	59373566	8.42126e-08
chrY	16	11	59373566	1.85268e-07
chr1_gl000191_random	0	105883	106433	0.994832
chr1_gl000191_random	1	550	106433	0.00516757
chr1_gl000192_random	0	535097	547496	0.977353
chr1_gl000192_random	1	12201	547496	0.0222851
chr1_gl000192_random	2	195	547496	0.000356167
chr1_gl000192_random	3	3	547496	5.47949e-06
chr4_ctg9_hap1	0	588476	590426	0.996697
chr4_ctg9_hap1	1	1950	590426	0.0033027
chr4_gl000193_random	0	184983	189789	0.974677
chr4_gl000193_random	1	4712	189789	0.0248276
chr4_gl000193_random	2	94	189789	0.000495287
chr4_gl000194_random	0	187213	191469	0.977772
chr4_gl000194_random	1	4162	191469	0.0217372
chr4_gl000194_random	2	94	191469	0.000490941
chr6_apd_hap1	0	4616390	4622290	0.998724
chr6_apd_hap1	1	5900	4622290	0.00127642
chr6_cox_hap2	0	4783769	4795371	0.997581
chr6_cox_hap2	1	11554	4795371	0.00240941
chr6_cox_hap2	2	48	4795371	1.00097e-05
chr6_dbb_hap3	0	4599196	4610396	0.997571
chr6_dbb_hap3	1	11200	4610396	0.00242929
chr6_mann_hap4	0	4672596	4683263	0.997722
chr6_mann_hap4	1	10634	4683263	0.00227064
chr6_mann_hap4	2	33	4683263	7.04637e-06
chr6_mcf_hap5	0	4824398	4833398	0.998138
chr6_mcf_hap5	1	9000	4833398	0.00186204
chr6_qbl_hap6	0	4601569	4611984	0.997742
chr6_qbl_hap6	1	10380	4611984	0.00225066
chr6_qbl_hap6	2	35	4611984	7.58892e-06
chr6_ssto_hap7	0	4918117	4928567	0.99788
chr6_ssto_hap7	1	10450	4928567	0.00212029
chr7_gl000195_random	0	173514	182896	0.948703
chr7_gl000195_random	1	9014	182896	0.0492848
chr7_gl000195_random	2	368	182896	0.00201207
chr8_gl000196_random	0	38614	38914	0.992291
chr8_gl000196_random	1	300	38914	0.00770931
chr8_gl000197_random	0	37025	37175	0.995965
chr8_gl000197_random	1	150	37175	0.00403497
chr9_gl000198_random	0	87537	90085	0.971716
chr9_gl000198_random	1	2418	90085	0.0268413
chr9_gl000198_random	2	108	90085	0.00119887
chr9_gl000198_random	3	22	90085	0.000244214
chr9_gl000199_random	0	145403	169874	0.855946
chr9_gl000199_random	1	19385	169874	0.114114
chr9_gl000199_random	2	3711	169874	0.0218456
chr9_gl000199_random	3	700	169874	0.0041207
chr9_gl000199_random	4	301	169874	0.0017719
chr9_gl000199_random	5	99	169874	0.000582785
chr9_gl000199_random	6	74	169874	0.000435617
chr9_gl000199_random	7	20	169874	0.000117734
chr9_gl000199_random	8	36	169874	0.000211922
chr9_gl000199_random	9	15	169874	8.83007e-05
chr9_gl000199_random	10	45	169874	0.000264902
chr9_gl000199_random	11	35	169874	0.000206035
chr9_gl000199_random	13	2	169874	1.17734e-05
chr9_gl000199_random	14	4	169874	2.35469e-05
chr9_gl000199_random	15	4	169874	2.35469e-05
chr9_gl000199_random	16	3	169874	1.76601e-05
chr9_gl000199_random	17	3	169874	1.76601e-05
chr9_gl000199_random	18	3	169874	1.76601e-05
chr9_gl000199_random	19	9	169874	5.29804e-05
chr9_gl000199_random	20	3	169874	1.76601e-05
chr9_gl000199_random	21	7	169874	4.1207e-05
chr9_gl000199_random	22	3	169874	1.76601e-05
chr9_gl000199_random	23	3	169874	1.76601e-05
chr9_gl000199_random	24	6	169874	3.53203e-05
chr9_gl000200_random	0	185512	187035	0.991857
chr9_gl000200_random	1	1496	187035	0.0079985
chr9_gl000200_random	2	27	187035	0.000144358
chr9_gl000201_random	0	36098	36148	0.998617
chr9_gl000201_random	1	50	36148	0.0013832
chr11_gl000202_random	0	39653	40103	0.988779
chr11_gl000202_random	1	450	40103	0.0112211
chr17_ctg5_hap1	0	1674310	1680828	0.996122
chr17_ctg5_hap1	1	6436	1680828	0.00382907
chr17_ctg5_hap1	2	82	1680828	4.87855e-05
chr17_gl000203_random	0	36698	37498	0.978666
chr17_gl000203_random	1	800	37498	0.0213345
chr17_gl000204_random	0	80610	81310	0.991391
chr17_gl000204_random	1	700	81310	0.00860903
chr17_gl000205_random	0	167167	174588	0.957494
chr17_gl000205_random	1	7342	174588	0.0420533
chr17_gl000205_random	2	79	174588	0.000452494
chr17_gl000206_random	0	40651	41001	0.991464
chr17_gl000206_random	1	350	41001	0.00853638
chr18_gl000207_random	0	4212	4262	0.988268
chr18_gl000207_random	1	50	4262	0.0117316
chr19_gl000208_random	0	89257	92689	0.962973
chr19_gl000208_random	1	3179	92689	0.0342975
chr19_gl000208_random	2	188	92689	0.00202829
chr19_gl000208_random	3	65	92689	0.00070127
chr19_gl000209_random	0	158869	159169	0.998115
chr19_gl000209_random	1	300	159169	0.00188479
chr21_gl000210_random	0	27532	27682	0.994581
chr21_gl000210_random	1	150	27682	0.00541868
chrUn_gl000211	0	162348	166566	0.974677
chrUn_gl000211	1	4086	166566	0.0245308
chrUn_gl000211	2	132	166566	0.000792479
chrUn_gl000212	0	183706	186858	0.983132
chrUn_gl000212	1	3102	186858	0.0166008
chrUn_gl000212	2	2	186858	1.07033e-05
chrUn_gl000212	3	48	186858	0.00025688
chrUn_gl000213	0	161839	164239	0.985387
chrUn_gl000213	1	2400	164239	0.0146129
chrUn_gl000214	0	125641	137718	0.912306
chrUn_gl000214	1	9478	137718	0.0688218
chrUn_gl000214	2	2058	137718	0.0149436
chrUn_gl000214	3	421	137718	0.00305697
chrUn_gl000214	4	72	137718	0.000522807
chrUn_gl000214	5	6	137718	4.35673e-05
chrUn_gl000214	6	19	137718	0.000137963
chrUn_gl000214	7	23	137718	0.000167008
chrUn_gl000215	0	170604	172545	0.988751
chrUn_gl000215	1	1932	172545	0.0111971
chrUn_gl000215	2	9	172545	5.21603e-05
chrUn_gl000216	0	159625	172294	0.926469
chrUn_gl000216	1	10006	172294	0.0580752
chrUn_gl000216	2	1507	172294	0.00874668
chrUn_gl000216	3	588	172294	0.00341277
chrUn_gl000216	4	201	172294	0.00116661
chrUn_gl000216	5	149	172294	0.000864801
chrUn_gl000216	6	70	172294	0.000406282
chrUn_gl000216	7	39	172294	0.000226357
chrUn_gl000216	8	38	172294	0.000220553
chrUn_gl000216	9	40	172294	0.000232161
chrUn_gl000216	10	31	172294	0.000179925
chrUn_gl000217	0	167703	172149	0.974174
chrUn_gl000217	1	4342	172149	0.0252223
chrUn_gl000217	2	104	172149	0.000604128
chrUn_gl000218	0	156745	161147	0.972683
chrUn_gl000218	1	4304	161147	0.0267085
chrUn_gl000218	2	98	161147	0.00060814
chrUn_gl000219	0	171213	179198	0.95544
chrUn_gl000219	1	7870	179198	0.0439179
chrUn_gl000219	2	115	179198	0.000641748
chrUn_gl000220	0	107359	161802	0.663521
chrUn_gl000220	1	18996	161802	0.117403
chrUn_gl000220	2	11007	161802	0.0680276
chrUn_gl000220	3	8073	161802	0.0498943
chrUn_gl000220	4	6209	161802	0.0383741
chrUn_gl000220	5	4014	161802	0.0248081
chrUn_gl000220	6	2737	161802	0.0169157
chrUn_gl000220	7	1541	161802	0.00952399
chrUn_gl000220	8	949	161802	0.00586519
chrUn_gl000220	9	459	161802	0.0028368
chrUn_gl000220	10	247	161802	0.00152656
chrUn_gl000220	11	112	161802	0.000692204
chrUn_gl000220	12	46	161802	0.000284298
chrUn_gl000220	13	27	161802	0.000166871
chrUn_gl000220	14	15	161802	9.27059e-05
chrUn_gl000220	15	8	161802	4.94431e-05
chrUn_gl000220	16	3	161802	1.85412e-05
chrUn_gl000221	0	151416	155397	0.974382
chrUn_gl000221	1	3931	155397	0.0252965
chrUn_gl000221	2	31	155397	0.000199489
chrUn_gl000221	3	19	155397	0.000122267
chrUn_gl000222	0	185161	186861	0.990902
chrUn_gl000222	1	1700	186861	0.00909767
chrUn_gl000223	0	178996	180455	0.991915
chrUn_gl000223	1	1418	180455	0.00785792
chrUn_gl000223	2	41	180455	0.000227203
chrUn_gl000224	0	166775	179693	0.928111
chrUn_gl000224	1	11169	179693	0.062156
chrUn_gl000224	2	1464	179693	0.00814723
chrUn_gl000224	3	241	179693	0.00134118
chrUn_gl000224	4	40	179693	0.000222602
chrUn_gl000224	5	4	179693	2.22602e-05
chrUn_gl000225	0	191961	211173	0.909022
chrUn_gl000225	1	16278	211173	0.0770837
chrUn_gl000225	2	2197	211173	0.0104038
chrUn_gl000225	3	535	211173	0.00253347
chrUn_gl000225	4	95	211173	0.000449868
chrUn_gl000225	5	22	211173	0.00010418
chrUn_gl000225	6	62	211173	0.000293598
chrUn_gl000225	7	23	211173	0.000108915
chrUn_gl000226	0	1565	15008	0.104278
chrUn_gl000226	1	1275	15008	0.0849547
chrUn_gl000226	2	1996	15008	0.132996
chrUn_gl000226	3	2193	15008	0.146122
chrUn_gl000226	4	1749	15008	0.116538
chrUn_gl000226	5	1660	15008	0.110608
chrUn_gl000226	6	1527	15008	0.101746
chrUn_gl000226	7	1088	15008	0.0724947
chrUn_gl000226	8	815	15008	0.0543044
chrUn_gl000226	9	521	15008	0.0347148
chrUn_gl000226	10	246	15008	0.0163913
chrUn_gl000226	11	164	15008	0.0109275
chrUn_gl000226	12	69	15008	0.00459755
chrUn_gl000226	13	54	15008	0.00359808
chrUn_gl000226	14	30	15008	0.00199893
chrUn_gl000226	15	23	15008	0.00153252
chrUn_gl000226	16	10	15008	0.000666311
chrUn_gl000226	17	12	15008	0.000799574
chrUn_gl000226	18	11	15008	0.000732942
chrUn_gl000227	0	127324	128374	0.991821
chrUn_gl000227	1	1050	128374	0.00817923
chrUn_gl000228	0	126704	129120	0.981289
chrUn_gl000228	1	2143	129120	0.016597
chrUn_gl000228	2	183	129120	0.00141729
chrUn_gl000228	3	69	129120	0.000534387
chrUn_gl000228	4	21	129120	0.000162639
chrUn_gl000229	0	19163	19913	0.962336
chrUn_gl000229	1	750	19913	0.0376638
chrUn_gl000230	0	42131	43691	0.964295
chrUn_gl000230	1	1520	43691	0.0347898
chrUn_gl000230	2	40	43691	0.00091552
chrUn_gl000231	0	26855	27386	0.980611
chrUn_gl000231	1	512	27386	0.0186957
chrUn_gl000231	2	19	27386	0.000693785
chrUn_gl000232	0	38989	40652	0.959092
chrUn_gl000232	1	1626	40652	0.039998
chrUn_gl000232	2	37	40652	0.000910164
chrUn_gl000233	0	44891	45941	0.977145
chrUn_gl000233	1	1050	45941	0.0228554
chrUn_gl000234	0	38939	40531	0.960721
chrUn_gl000234	1	1434	40531	0.0353803
chrUn_gl000234	2	158	40531	0.00389825
chrUn_gl000235	0	32061	34474	0.930005
chrUn_gl000235	1	2326	34474	0.0674711
chrUn_gl000235	2	87	34474	0.00252364
chrUn_gl000236	0	41334	41934	0.985692
chrUn_gl000236	1	600	41934	0.0143082
chrUn_gl000237	0	44367	45867	0.967297
chrUn_gl000237	1	1500	45867	0.0327033
chrUn_gl000238	0	39789	39939	0.996244
chrUn_gl000238	1	150	39939	0.00375573
chrUn_gl000239	0	32674	33824	0.966
chrUn_gl000239	1	1150	33824	0.0339995
chrUn_gl000240	0	40783	41933	0.972575
chrUn_gl000240	1	1150	41933	0.0274247
chrUn_gl000241	0	40006	42152	0.949089
chrUn_gl000241	1	2092	42152	0.0496299
chrUn_gl000241	2	54	42152	0.00128108
chrUn_gl000242	0	43323	43523	0.995405
chrUn_gl000242	1	200	43523	0.00459527
chrUn_gl000243	0	42183	43341	0.973282
chrUn_gl000243	1	1116	43341	0.0257493
chrUn_gl000243	2	42	43341	0.000969059
chrUn_gl000244	0	39379	39929	0.986226
chrUn_gl000244	1	550	39929	0.0137744
chrUn_gl000245	0	35689	36651	0.973752
chrUn_gl000245	1	924	36651	0.0252108
chrUn_gl000245	2	38	36651	0.00103681
chrUn_gl000246	0	37804	38154	0.990827
chrUn_gl000246	1	350	38154	0.00917335
chrUn_gl000247	0	35484	36422	0.974246
chrUn_gl000247	1	926	36422	0.0254242
chrUn_gl000247	2	12	36422	0.000329471
chrUn_gl000248	0	39586	39786	0.994973
chrUn_gl000248	1	200	39786	0.00502689
chrUn_gl000249	0	38102	38502	0.989611
chrUn_gl000249	1	400	38502	0.0103891
genome	0	3098284094	3137161264	0.987608
genome	1	38304419	3137161264	0.0122099
genome	2	436211	3137161264	0.000139046
genome	3	43520	3137161264	1.38724e-05
genome	4	24016	3137161264	7.65533e-06
genome	5	16673	3137161264	5.31468e-06
genome	6	12943	3137161264	4.1257e-06
genome	7	9314	3137161264	2.96893e-06
genome	8	7255	3137161264	2.3126e-06
genome	9	5233	3137161264	1.66807e-06
genome	10	3813	3137161264	1.21543e-06
genome	11	2993	3137161264	9.54047e-07
genome	12	2058	3137161264	6.56007e-07
genome	13	1709	3137161264	5.4476e-07
genome	14	1330	3137161264	4.2395e-07
genome	15	998	3137161264	3.18122e-07
genome	16	690	3137161264	2.19944e-07
genome	17	535	3137161264	1.70536e-07
genome	18	393	3137161264	1.25272e-07
genome	19	349	3137161264	1.11247e-07
genome	20	260	3137161264	8.28775e-08
genome	21	258	3137161264	8.224e-08
genome	22	215	3137161264	6.85333e-08
genome	23	231	3137161264	7.36335e-08
genome	24	189	3137161264	6.02455e-08
genome	25	185	3137161264	5.89705e-08
genome	26	134	3137161264	4.27138e-08
genome	27	119	3137161264	3.79324e-08
genome	28	98	3137161264	3.12384e-08
genome	29	89	3137161264	2.83696e-08
genome	30	78	3137161264	2.48632e-08
genome	31	91	3137161264	2.90071e-08
genome	32	63	3137161264	2.00818e-08
genome	33	87	3137161264	2.77321e-08
genome	34	56	3137161264	1.78505e-08
genome	35	63	3137161264	2.00818e-08
genome	36	37	3137161264	1.17941e-08
genome	37	36	3137161264	1.14753e-08
genome	38	49	3137161264	1.56192e-08
genome	39	41	3137161264	1.30691e-08
genome	40	27	3137161264	8.60651e-09
genome	41	17	3137161264	5.41891e-09
genome	42	13	3137161264	4.14387e-09
genome	43	7	3137161264	2.23132e-09
genome	44	15	3137161264	4.78139e-09
genome	45	9	3137161264	2.86884e-09
genome	46	8	3137161264	2.55008e-09
genome	47	15	3137161264	4.78139e-09
genome	48	17	3137161264	5.41891e-09
genome	49	21	3137161264	6.69395e-09
genome	50	12	3137161264	3.82511e-09
genome	51	8	3137161264	2.55008e-09
genome	52	10	3137161264	3.1876e-09
genome	53	5	3137161264	1.5938e-09
genome	54	9	3137161264	2.86884e-09
genome	55	6	3137161264	1.91256e-09
genome	56	11	3137161264	3.50635e-09
genome	57	15	3137161264	4.78139e-09
genome	58	13	3137161264	4.14387e-09
genome	59	20	3137161264	6.37519e-09
genome	60	14	3137161264	4.46263e-09
genome	61	18	3137161264	5.73767e-09
genome	62	14	3137161264	4.46263e-09
genome	63	21	3137161264	6.69395e-09
genome	64	7	3137161264	2.23132e-09
genome	65	5	3137161264	1.5938e-09
genome	66	2	3137161264	6.37519e-10
