chrM	0	10720	16571	0.646913
chrM	1	4477	16571	0.270171
chrM	2	1100	16571	0.066381
chrM	3	273	16571	0.0164746
chrM	4	1	16571	6.03464e-05
chr1	0	245831867	249250621	0.986284
chr1	1	3385985	249250621	0.0135847
chr1	2	30618	249250621	0.00012284
chr1	3	585	249250621	2.34704e-06
chr1	4	147	249250621	5.89768e-07
chr1	5	104	249250621	4.17251e-07
chr1	6	99	249250621	3.97191e-07
chr1	7	19	249250621	7.62285e-08
chr1	8	34	249250621	1.36409e-07
chr1	9	31	249250621	1.24373e-07
chr1	10	24	249250621	9.62886e-08
chr1	11	30	249250621	1.20361e-07
chr1	12	35	249250621	1.40421e-07
chr1	13	26	249250621	1.04313e-07
chr1	14	35	249250621	1.40421e-07
chr1	15	37	249250621	1.48445e-07
chr1	16	48	249250621	1.92577e-07
chr1	17	44	249250621	1.76529e-07
chr1	18	64	249250621	2.5677e-07
chr1	19	52	249250621	2.08625e-07
chr1	20	43	249250621	1.72517e-07
chr1	21	44	249250621	1.76529e-07
chr1	22	30	249250621	1.20361e-07
chr1	23	59	249250621	2.3671e-07
chr1	24	51	249250621	2.04613e-07
chr1	25	53	249250621	2.12637e-07
chr1	26	35	249250621	1.40421e-07
chr1	27	29	249250621	1.16349e-07
chr1	28	24	249250621	9.62886e-08
chr1	29	17	249250621	6.82044e-08
chr1	30	6	249250621	2.40722e-08
chr1	31	7	249250621	2.80842e-08
chr1	32	5	249250621	2.00601e-08
chr1	33	13	249250621	5.21563e-08
chr1	34	11	249250621	4.41323e-08
chr1	35	11	249250621	4.41323e-08
chr1	36	11	249250621	4.41323e-08
chr1	37	9	249250621	3.61082e-08
chr1	38	8	249250621	3.20962e-08
chr1	39	7	249250621	2.80842e-08
chr1	40	1	249250621	4.01203e-09
chr1	41	9	249250621	3.61082e-08
chr1	42	8	249250621	3.20962e-08
chr1	43	7	249250621	2.80842e-08
chr1	44	4	249250621	1.60481e-08
chr1	45	6	249250621	2.40722e-08
chr1	46	3	249250621	1.20361e-08
chr1	47	2	249250621	8.02405e-09
chr1	48	8	249250621	3.20962e-08
chr1	49	5	249250621	2.00601e-08
chr1	50	3	249250621	1.20361e-08
chr1	51	7	249250621	2.80842e-08
chr1	52	5	249250621	2.00601e-08
chr1	53	7	249250621	2.80842e-08
chr1	54	12	249250621	4.81443e-08
chr1	55	16	249250621	6.41924e-08
chr1	56	12	249250621	4.81443e-08
chr1	57	7	249250621	2.80842e-08
chr1	58	2	249250621	8.02405e-09
chr1	59	9	249250621	3.61082e-08
chr1	60	13	249250621	5.21563e-08
chr1	61	19	249250621	7.62285e-08
chr1	62	18	249250621	7.22165e-08
chr1	63	11	249250621	4.41323e-08
chr1	64	13	249250621	5.21563e-08
chr1	65	22	249250621	8.82646e-08
chr1	66	14	249250621	5.61684e-08
chr1	67	11	249250621	4.41323e-08
chr1	68	3	249250621	1.20361e-08
chr1	69	2	249250621	8.02405e-09
chr1	70	5	249250621	2.00601e-08
chr2	0	240591750	243199373	0.989278
chr2	1	2580579	243199373	0.010611
chr2	2	19705	243199373	8.10241e-05
chr2	3	2958	243199373	1.21629e-05
chr2	4	1887	243199373	7.75907e-06
chr2	5	1042	243199373	4.28455e-06
chr2	6	499	243199373	2.05181e-06
chr2	7	406	243199373	1.66941e-06
chr2	8	208	243199373	8.55265e-07
chr2	9	80	243199373	3.28948e-07
chr2	10	111	243199373	4.56416e-07
chr2	11	28	243199373	1.15132e-07
chr2	12	11	243199373	4.52304e-08
chr2	13	13	243199373	5.34541e-08
chr2	14	31	243199373	1.27467e-07
chr2	15	22	243199373	9.04608e-08
chr2	16	2	243199373	8.22371e-09
chr2	17	3	243199373	1.23356e-08
chr2	18	3	243199373	1.23356e-08
chr2	19	3	243199373	1.23356e-08
chr2	20	9	243199373	3.70067e-08
chr2	21	9	243199373	3.70067e-08
chr2	22	9	243199373	3.70067e-08
chr2	23	5	243199373	2.05593e-08
chr3	0	195876786	198022430	0.989165
chr3	1	2133029	198022430	0.0107717
chr3	2	12370	198022430	6.24677e-05
chr3	3	131	198022430	6.61541e-07
chr3	4	3	198022430	1.51498e-08
chr3	5	2	198022430	1.00999e-08
chr3	6	6	198022430	3.02996e-08
chr3	7	3	198022430	1.51498e-08
chr3	8	2	198022430	1.00999e-08
chr3	10	2	198022430	1.00999e-08
chr3	11	3	198022430	1.51498e-08
chr3	12	4	198022430	2.01997e-08
chr3	13	2	198022430	1.00999e-08
chr3	14	4	198022430	2.01997e-08
chr3	15	5	198022430	2.52497e-08
chr3	16	5	198022430	2.52497e-08
chr3	17	1	198022430	5.04993e-09
chr3	18	2	198022430	1.00999e-08
chr3	19	3	198022430	1.51498e-08
chr3	20	3	198022430	1.51498e-08
chr3	21	6	198022430	3.02996e-08
chr3	22	3	198022430	1.51498e-08
chr3	23	5	198022430	2.52497e-08
chr3	24	1	198022430	5.04993e-09
chr3	25	6	198022430	3.02996e-08
chr3	26	3	198022430	1.51498e-08
chr3	27	5	198022430	2.52497e-08
chr3	28	3	198022430	1.51498e-08
chr3	29	3	198022430	1.51498e-08
chr3	30	3	198022430	1.51498e-08
chr3	31	11	198022430	5.55493e-08
chr3	32	9	198022430	4.54494e-08
chr3	33	4	198022430	2.01997e-08
chr3	34	1	198022430	5.04993e-09
chr3	35	1	198022430	5.04993e-09
chr4	0	189619968	191154276	0.991973
chr4	1	1518122	191154276	0.00794187
chr4	2	11351	191154276	5.93814e-05
chr4	3	2278	191154276	1.19171e-05
chr4	4	1202	191154276	6.28811e-06
chr4	5	493	191154276	2.57907e-06
chr4	6	230	191154276	1.20322e-06
chr4	7	199	191154276	1.04104e-06
chr4	8	156	191154276	8.16095e-07
chr4	9	104	191154276	5.44063e-07
chr4	10	82	191154276	4.28973e-07
chr4	11	50	191154276	2.61569e-07
chr4	12	41	191154276	2.14486e-07
chr5	0	179140089	180915260	0.990188
chr5	1	1765059	180915260	0.00975627
chr5	2	9710	180915260	5.36715e-05
chr5	3	233	180915260	1.2879e-06
chr5	4	123	180915260	6.79876e-07
chr5	5	46	180915260	2.54263e-07
chr6	0	167794900	171115067	0.980597
chr6	1	3225619	171115067	0.0188506
chr6	2	84939	171115067	0.000496385
chr6	3	5629	171115067	3.2896e-05
chr6	4	666	171115067	3.89212e-06
chr6	5	274	171115067	1.60126e-06
chr6	6	193	171115067	1.1279e-06
chr6	7	172	171115067	1.00517e-06
chr6	8	274	171115067	1.60126e-06
chr6	9	229	171115067	1.33828e-06
chr6	10	231	171115067	1.34997e-06
chr6	11	245	171115067	1.43178e-06
chr6	12	257	171115067	1.50191e-06
chr6	13	271	171115067	1.58373e-06
chr6	14	292	171115067	1.70645e-06
chr6	15	316	171115067	1.84671e-06
chr6	16	205	171115067	1.19802e-06
chr6	17	114	171115067	6.66218e-07
chr6	18	72	171115067	4.20769e-07
chr6	19	60	171115067	3.50641e-07
chr6	20	45	171115067	2.62981e-07
chr6	21	22	171115067	1.28568e-07
chr6	22	20	171115067	1.1688e-07
chr6	23	11	171115067	6.42842e-08
chr6	24	7	171115067	4.09081e-08
chr6	25	4	171115067	2.33761e-08
chr7	0	156745513	159138663	0.984962
chr7	1	2370535	159138663	0.014896
chr7	2	19285	159138663	0.000121184
chr7	3	930	159138663	5.84396e-06
chr7	4	467	159138663	2.93455e-06
chr7	5	513	159138663	3.2236e-06
chr7	6	211	159138663	1.32589e-06
chr7	7	214	159138663	1.34474e-06
chr7	8	133	159138663	8.35749e-07
chr7	9	132	159138663	8.29465e-07
chr7	10	149	159138663	9.3629e-07
chr7	11	94	159138663	5.9068e-07
chr7	12	89	159138663	5.59261e-07
chr7	13	86	159138663	5.40409e-07
chr7	14	72	159138663	4.52436e-07
chr7	15	64	159138663	4.02165e-07
chr7	16	57	159138663	3.58178e-07
chr7	17	27	159138663	1.69663e-07
chr7	18	18	159138663	1.13109e-07
chr7	19	13	159138663	8.16898e-08
chr7	20	14	159138663	8.79736e-08
chr7	21	13	159138663	8.16898e-08
chr7	22	10	159138663	6.28383e-08
chr7	23	15	159138663	9.42574e-08
chr7	24	7	159138663	4.39868e-08
chr7	25	2	159138663	1.25677e-08
chr8	0	143067904	146364022	0.97748
chr8	1	3221783	146364022	0.0220121
chr8	2	58705	146364022	0.000401089
chr8	3	4931	146364022	3.369e-05
chr8	4	2956	146364022	2.01962e-05
chr8	5	1971	146364022	1.34664e-05
chr8	6	1744	146364022	1.19155e-05
chr8	7	1131	146364022	7.72731e-06
chr8	8	850	146364022	5.80744e-06
chr8	9	715	146364022	4.88508e-06
chr8	10	494	146364022	3.37515e-06
chr8	11	318	146364022	2.17267e-06
chr8	12	166	146364022	1.13416e-06
chr8	13	94	146364022	6.42234e-07
chr8	14	66	146364022	4.50931e-07
chr8	15	45	146364022	3.07453e-07
chr8	16	46	146364022	3.14285e-07
chr8	17	39	146364022	2.66459e-07
chr8	18	17	146364022	1.16149e-07
chr8	19	29	146364022	1.98136e-07
chr8	20	16	146364022	1.09316e-07
chr8	21	2	146364022	1.36646e-08
chr9	0	139267254	141213431	0.986218
chr9	1	1924046	141213431	0.0136251
chr9	2	21072	141213431	0.000149221
chr9	3	527	141213431	3.73194e-06
chr9	4	182	141213431	1.28883e-06
chr9	5	146	141213431	1.0339e-06
chr9	6	41	141213431	2.90341e-07
chr9	7	94	141213431	6.65659e-07
chr9	8	14	141213431	9.91407e-08
chr9	9	8	141213431	5.66518e-08
chr9	10	34	141213431	2.4077e-07
chr9	11	13	141213431	9.20592e-08
chr10	0	133616564	135534747	0.985847
chr10	1	1886987	135534747	0.0139225
chr10	2	18818	135534747	0.000138843
chr10	3	2414	135534747	1.78109e-05
chr10	4	1669	135534747	1.23142e-05
chr10	5	1281	135534747	9.45145e-06
chr10	6	918	135534747	6.77317e-06
chr10	7	683	135534747	5.0393e-06
chr10	8	752	135534747	5.54839e-06
chr10	9	593	135534747	4.37526e-06
chr10	10	492	135534747	3.63007e-06
chr10	11	293	135534747	2.16181e-06
chr10	12	308	135534747	2.27248e-06
chr10	13	223	135534747	1.64533e-06
chr10	14	299	135534747	2.20608e-06
chr10	15	309	135534747	2.27986e-06
chr10	16	203	135534747	1.49777e-06
chr10	17	175	135534747	1.29118e-06
chr10	18	170	135534747	1.25429e-06
chr10	19	144	135534747	1.06246e-06
chr10	20	169	135534747	1.24691e-06
chr10	21	171	135534747	1.26167e-06
chr10	22	140	135534747	1.03295e-06
chr10	23	85	135534747	6.27145e-07
chr10	24	118	135534747	8.70625e-07
chr10	25	121	135534747	8.9276e-07
chr10	26	114	135534747	8.41113e-07
chr10	27	118	135534747	8.70625e-07
chr10	28	53	135534747	3.91044e-07
chr10	29	26	135534747	1.91833e-07
chr10	30	35	135534747	2.58236e-07
chr10	31	28	135534747	2.06589e-07
chr10	32	28	135534747	2.06589e-07
chr10	33	37	135534747	2.72993e-07
chr10	34	39	135534747	2.87749e-07
chr10	35	31	135534747	2.28724e-07
chr10	36	26	135534747	1.91833e-07
chr10	37	23	135534747	1.69698e-07
chr10	38	29	135534747	2.13967e-07
chr10	39	29	135534747	2.13967e-07
chr10	40	17	135534747	1.25429e-07
chr10	41	4	135534747	2.95127e-08
chr10	42	4	135534747	2.95127e-08
chr10	43	4	135534747	2.95127e-08
chr10	44	2	135534747	1.47564e-08
chr10	45	1	135534747	7.37818e-09
chr11	0	132655460	135006516	0.982586
chr11	1	2326558	135006516	0.0172329
chr11	2	22563	135006516	0.000167125
chr11	3	771	135006516	5.71084e-06
chr11	4	354	135006516	2.6221e-06
chr11	5	268	135006516	1.98509e-06
chr11	6	88	135006516	6.5182e-07
chr11	7	57	135006516	4.22202e-07
chr11	8	77	135006516	5.70343e-07
chr11	9	54	135006516	3.99981e-07
chr11	10	40	135006516	2.96282e-07
chr11	11	80	135006516	5.92564e-07
chr11	12	43	135006516	3.18503e-07
chr11	13	37	135006516	2.74061e-07
chr11	14	19	135006516	1.40734e-07
chr11	15	4	135006516	2.96282e-08
chr11	16	6	135006516	4.44423e-08
chr11	17	2	135006516	1.48141e-08
chr11	18	4	135006516	2.96282e-08
chr11	19	3	135006516	2.22212e-08
chr11	20	5	135006516	3.70352e-08
chr11	21	3	135006516	2.22212e-08
chr11	22	17	135006516	1.2592e-07
chr11	23	3	135006516	2.22212e-08
chr12	0	132495578	133851895	0.989867
chr12	1	1348033	133851895	0.0100711
chr12	2	8100	133851895	6.05146e-05
chr12	3	89	133851895	6.64914e-07
chr12	4	17	133851895	1.27006e-07
chr12	5	36	133851895	2.68954e-07
chr12	6	42	133851895	3.1378e-07
chr13	0	113993508	115169878	0.989786
chr13	1	1170055	115169878	0.0101594
chr13	2	6300	115169878	5.47018e-05
chr13	3	15	115169878	1.30242e-07
chr14	0	106221776	107349540	0.989495
chr14	1	1120068	107349540	0.0104338
chr14	2	7606	107349540	7.08527e-05
chr14	3	90	107349540	8.38383e-07
chr15	0	101743428	102531392	0.992315
chr15	1	783078	102531392	0.00763745
chr15	2	4886	102531392	4.76537e-05
chr16	0	89123793	90354753	0.986376
chr16	1	1187913	90354753	0.0131472
chr16	2	14298	90354753	0.000158243
chr16	3	3954	90354753	4.37608e-05
chr16	4	3819	90354753	4.22667e-05
chr16	5	3607	90354753	3.99204e-05
chr16	6	3511	90354753	3.88579e-05
chr16	7	3386	90354753	3.74745e-05
chr16	8	2498	90354753	2.76466e-05
chr16	9	2060	90354753	2.2799e-05
chr16	10	1553	90354753	1.71878e-05
chr16	11	1328	90354753	1.46976e-05
chr16	12	1021	90354753	1.12999e-05
chr16	13	715	90354753	7.91325e-06
chr16	14	441	90354753	4.88076e-06
chr16	15	257	90354753	2.84434e-06
chr16	16	167	90354753	1.84827e-06
chr16	17	86	90354753	9.51804e-07
chr16	18	90	90354753	9.96074e-07
chr16	19	67	90354753	7.41522e-07
chr16	20	67	90354753	7.41522e-07
chr16	21	40	90354753	4.42699e-07
chr16	22	26	90354753	2.87755e-07
chr16	23	27	90354753	2.98822e-07
chr16	24	17	90354753	1.88147e-07
chr16	25	8	90354753	8.85399e-08
chr16	26	4	90354753	4.42699e-08
chr17	0	80320301	81195210	0.989225
chr17	1	867138	81195210	0.0106797
chr17	2	6613	81195210	8.14457e-05
chr17	3	707	81195210	8.70741e-06
chr17	4	249	81195210	3.06668e-06
chr17	5	143	81195210	1.76119e-06
chr17	6	19	81195210	2.34004e-07
chr17	7	30	81195210	3.6948e-07
chr17	8	10	81195210	1.2316e-07
chr18	0	77136279	78077248	0.987948
chr18	1	932589	78077248	0.0119444
chr18	2	6914	78077248	8.85533e-05
chr18	3	545	78077248	6.98027e-06
chr18	4	282	78077248	3.61181e-06
chr18	5	124	78077248	1.58817e-06
chr18	6	114	78077248	1.46009e-06
chr18	7	102	78077248	1.3064e-06
chr18	8	54	78077248	6.91623e-07
chr18	9	51	78077248	6.53199e-07
chr18	10	30	78077248	3.84235e-07
chr18	11	40	78077248	5.12313e-07
chr18	12	17	78077248	2.17733e-07
chr18	13	44	78077248	5.63544e-07
chr18	14	13	78077248	1.66502e-07
chr18	15	18	78077248	2.30541e-07
chr18	16	4	78077248	5.12313e-08
chr18	17	3	78077248	3.84235e-08
chr18	18	4	78077248	5.12313e-08
chr18	19	6	78077248	7.6847e-08
chr18	21	2	78077248	2.56157e-08
chr18	22	3	78077248	3.84235e-08
chr18	23	6	78077248	7.6847e-08
chr18	24	4	78077248	5.12313e-08
chr19	0	58527690	59128983	0.989831
chr19	1	593914	59128983	0.0100444
chr19	2	4837	59128983	8.18042e-05
chr19	3	515	59128983	8.70977e-06
chr19	4	307	59128983	5.19204e-06
chr19	5	237	59128983	4.00819e-06
chr19	6	250	59128983	4.22804e-06
chr19	7	142	59128983	2.40153e-06
chr19	8	111	59128983	1.87725e-06
chr19	9	207	59128983	3.50082e-06
chr19	10	139	59128983	2.35079e-06
chr19	11	99	59128983	1.67431e-06
chr19	12	60	59128983	1.01473e-06
chr19	13	55	59128983	9.3017e-07
chr19	14	48	59128983	8.11785e-07
chr19	15	46	59128983	7.7796e-07
chr19	16	27	59128983	4.56629e-07
chr19	17	24	59128983	4.05892e-07
chr19	18	30	59128983	5.07365e-07
chr19	19	40	59128983	6.76487e-07
chr19	20	25	59128983	4.22805e-07
chr19	21	19	59128983	3.21331e-07
chr19	22	18	59128983	3.04419e-07
chr19	23	9	59128983	1.5221e-07
chr19	24	11	59128983	1.86034e-07
chr19	25	9	59128983	1.5221e-07
chr19	26	6	59128983	1.01473e-07
chr19	27	5	59128983	8.45609e-08
chr19	28	11	59128983	1.86034e-07
chr19	29	3	59128983	5.07365e-08
chr19	30	13	59128983	2.19858e-07
chr19	31	20	59128983	3.38244e-07
chr19	32	18	59128983	3.04419e-07
chr19	33	19	59128983	3.21331e-07
chr19	34	12	59128983	2.02946e-07
chr19	35	7	59128983	1.18385e-07
chr20	0	62052904	63025520	0.984568
chr20	1	964375	63025520	0.0153013
chr20	2	7935	63025520	0.000125901
chr20	3	208	63025520	3.30025e-06
chr20	4	47	63025520	7.4573e-07
chr20	5	13	63025520	2.06266e-07
chr20	6	38	63025520	6.0293e-07
chr21	0	47225219	48129895	0.981203
chr21	1	890641	48129895	0.0185049
chr21	2	13032	48129895	0.000270767
chr21	3	718	48129895	1.4918e-05
chr21	4	67	48129895	1.39207e-06
chr21	5	37	48129895	7.68753e-07
chr21	6	26	48129895	5.40205e-07
chr21	7	40	48129895	8.31084e-07
chr21	8	34	48129895	7.06422e-07
chr21	9	5	48129895	1.03886e-07
chr21	10	51	48129895	1.05963e-06
chr21	11	25	48129895	5.19428e-07
chr22	0	50811581	51304566	0.990391
chr22	1	489043	51304566	0.00953215
chr22	2	3768	51304566	7.34437e-05
chr22	3	115	51304566	2.24152e-06
chr22	4	3	51304566	5.84743e-08
chr22	5	1	51304566	1.94914e-08
chr22	6	2	51304566	3.89829e-08
chr22	7	1	51304566	1.94914e-08
chr22	8	2	51304566	3.89829e-08
chr22	9	2	51304566	3.89829e-08
chr22	10	1	51304566	1.94914e-08
chr22	11	2	51304566	3.89829e-08
chr22	12	1	51304566	1.94914e-08
chr22	13	3	51304566	5.84743e-08
chr22	14	2	51304566	3.89829e-08
chr22	15	2	51304566	3.89829e-08
chr22	16	14	51304566	2.7288e-07
chr22	17	23	51304566	4.48303e-07
chrX	0	153994115	155270560	0.991779
chrX	1	1267643	155270560	0.00816409
chrX	2	8174	155270560	5.26436e-05
chrX	3	470	155270560	3.02697e-06
chrX	4	71	155270560	4.57266e-07
chrX	5	16	155270560	1.03046e-07
chrX	6	32	155270560	2.06092e-07
chrX	7	8	155270560	5.1523e-08
chrX	8	6	155270560	3.86422e-08
chrX	9	11	155270560	7.08441e-08
chrX	10	14	155270560	9.01652e-08
chrY	0	59310111	59373566	0.998931
chrY	1	58851	59373566	0.000991199
chrY	2	2799	59373566	4.71422e-05
chrY	3	955	59373566	1.60846e-05
chrY	4	303	59373566	5.10328e-06
chrY	5	268	59373566	4.51379e-06
chrY	6	153	59373566	2.5769e-06
chrY	7	27	59373566	4.54748e-07
chrY	8	10	59373566	1.68425e-07
chrY	9	12	59373566	2.0211e-07
chrY	10	24	59373566	4.0422e-07
chrY	11	11	59373566	1.85268e-07
chrY	12	9	59373566	1.51583e-07
chrY	13	8	59373566	1.3474e-07
chrY	14	9	59373566	1.51583e-07
chrY	15	16	59373566	2.6948e-07
chr1_gl000191_random	0	106033	106433	0.996242
chr1_gl000191_random	1	400	106433	0.00375823
chr1_gl000192_random	0	535872	547496	0.978769
chr1_gl000192_random	1	11348	547496	0.0207271
chr1_gl000192_random	2	276	547496	0.000504113
chr4_ctg9_hap1	0	588026	590426	0.995935
chr4_ctg9_hap1	1	2400	590426	0.00406486
chr4_gl000193_random	0	184911	189789	0.974298
chr4_gl000193_random	1	4856	189789	0.0255863
chr4_gl000193_random	2	22	189789	0.000115918
chr4_gl000194_random	0	187261	191469	0.978023
chr4_gl000194_random	1	4116	191469	0.021497
chr4_gl000194_random	2	92	191469	0.000480496
chr6_apd_hap1	0	4617790	4622290	0.999026
chr6_apd_hap1	1	4500	4622290	0.000973543
chr6_cox_hap2	0	4781371	4795371	0.997081
chr6_cox_hap2	1	14000	4795371	0.00291948
chr6_dbb_hap3	0	4600575	4610396	0.99787
chr6_dbb_hap3	1	9792	4610396	0.0021239
chr6_dbb_hap3	2	29	4610396	6.29013e-06
chr6_mann_hap4	0	4672763	4683263	0.997758
chr6_mann_hap4	1	10500	4683263	0.00224203
chr6_mcf_hap5	0	4825176	4833398	0.998299
chr6_mcf_hap5	1	8194	4833398	0.00169529
chr6_mcf_hap5	2	28	4833398	5.79303e-06
chr6_qbl_hap6	0	4599693	4611984	0.997335
chr6_qbl_hap6	1	12282	4611984	0.00266306
chr6_qbl_hap6	2	9	4611984	1.95144e-06
chr6_ssto_hap7	0	4917667	4928567	0.997788
chr6_ssto_hap7	1	10900	4928567	0.0022116
chr7_gl000195_random	0	174193	182896	0.952416
chr7_gl000195_random	1	8556	182896	0.0467807
chr7_gl000195_random	2	147	182896	0.000803735
chr8_gl000196_random	0	38464	38914	0.988436
chr8_gl000196_random	1	450	38914	0.011564
chr8_gl000197_random	0	37125	37175	0.998655
chr8_gl000197_random	1	50	37175	0.00134499
chr9_gl000198_random	0	87329	90085	0.969407
chr9_gl000198_random	1	2662	90085	0.0295499
chr9_gl000198_random	2	94	90085	0.00104346
chr9_gl000199_random	0	146584	169874	0.862898
chr9_gl000199_random	1	18508	169874	0.108951
chr9_gl000199_random	2	3292	169874	0.0193791
chr9_gl000199_random	3	786	169874	0.00462696
chr9_gl000199_random	4	313	169874	0.00184254
chr9_gl000199_random	5	126	169874	0.000741726
chr9_gl000199_random	6	129	169874	0.000759386
chr9_gl000199_random	7	30	169874	0.000176601
chr9_gl000199_random	8	51	169874	0.000300223
chr9_gl000199_random	9	12	169874	7.06406e-05
chr9_gl000199_random	10	3	169874	1.76601e-05
chr9_gl000199_random	11	6	169874	3.53203e-05
chr9_gl000199_random	12	9	169874	5.29804e-05
chr9_gl000199_random	13	9	169874	5.29804e-05
chr9_gl000199_random	14	2	169874	1.17734e-05
chr9_gl000199_random	15	5	169874	2.94336e-05
chr9_gl000199_random	16	9	169874	5.29804e-05
chr9_gl000200_random	0	185244	187035	0.990424
chr9_gl000200_random	1	1782	187035	0.00952763
chr9_gl000200_random	2	9	187035	4.81193e-05
chr9_gl000201_random	0	36098	36148	0.998617
chr9_gl000201_random	1	50	36148	0.0013832
chr11_gl000202_random	0	39653	40103	0.988779
chr11_gl000202_random	1	450	40103	0.0112211
chr17_ctg5_hap1	0	1676178	1680828	0.997234
chr17_ctg5_hap1	1	4650	1680828	0.00276649
chr17_gl000203_random	0	36998	37498	0.986666
chr17_gl000203_random	1	500	37498	0.013334
chr17_gl000204_random	0	80960	81310	0.995695
chr17_gl000204_random	1	350	81310	0.00430451
chr17_gl000205_random	0	166863	174588	0.955753
chr17_gl000205_random	1	7650	174588	0.0438174
chr17_gl000205_random	2	75	174588	0.000429583
chr17_gl000206_random	0	40901	41001	0.997561
chr17_gl000206_random	1	100	41001	0.00243896
chr18_gl000207_random	0	4212	4262	0.988268
chr18_gl000207_random	1	50	4262	0.0117316
chr19_gl000208_random	0	88699	92689	0.956953
chr19_gl000208_random	1	3487	92689	0.0376204
chr19_gl000208_random	2	424	92689	0.00457444
chr19_gl000208_random	3	54	92689	0.000582593
chr19_gl000208_random	4	22	92689	0.000237353
chr19_gl000208_random	5	3	92689	3.23663e-05
chr19_gl000209_random	0	158569	159169	0.99623
chr19_gl000209_random	1	600	159169	0.00376958
chr21_gl000210_random	0	27232	27682	0.983744
chr21_gl000210_random	1	450	27682	0.0162561
chrUn_gl000211	0	162955	166566	0.978321
chrUn_gl000211	1	3522	166566	0.0211448
chrUn_gl000211	2	89	166566	0.000534323
chrUn_gl000212	0	184413	186858	0.986915
chrUn_gl000212	1	2378	186858	0.0127262
chrUn_gl000212	2	29	186858	0.000155198
chrUn_gl000212	3	38	186858	0.000203363
chrUn_gl000213	0	162239	164239	0.987823
chrUn_gl000213	1	2000	164239	0.0121774
chrUn_gl000214	0	125266	137718	0.909583
chrUn_gl000214	1	9735	137718	0.0706879
chrUn_gl000214	2	2077	137718	0.0150815
chrUn_gl000214	3	438	137718	0.00318041
chrUn_gl000214	4	129	137718	0.000936697
chrUn_gl000214	5	57	137718	0.000413889
chrUn_gl000214	6	16	137718	0.000116179
chrUn_gl000215	0	170822	172545	0.990014
chrUn_gl000215	1	1696	172545	0.00982932
chrUn_gl000215	2	27	172545	0.000156481
chrUn_gl000216	0	157795	172294	0.915847
chrUn_gl000216	1	11904	172294	0.0690912
chrUn_gl000216	2	1625	172294	0.00943155
chrUn_gl000216	3	504	172294	0.00292523
chrUn_gl000216	4	208	172294	0.00120724
chrUn_gl000216	5	120	172294	0.000696484
chrUn_gl000216	6	80	172294	0.000464323
chrUn_gl000216	7	9	172294	5.22363e-05
chrUn_gl000216	8	13	172294	7.54524e-05
chrUn_gl000216	9	4	172294	2.32161e-05
chrUn_gl000216	10	2	172294	1.16081e-05
chrUn_gl000216	11	11	172294	6.38444e-05
chrUn_gl000216	12	19	172294	0.000110277
chrUn_gl000217	0	167463	172149	0.972779
chrUn_gl000217	1	4672	172149	0.0271393
chrUn_gl000217	2	14	172149	8.13249e-05
chrUn_gl000218	0	157265	161147	0.97591
chrUn_gl000218	1	3764	161147	0.0233576
chrUn_gl000218	2	118	161147	0.000732251
chrUn_gl000219	0	171448	179198	0.956752
chrUn_gl000219	1	7500	179198	0.0418531
chrUn_gl000219	2	250	179198	0.0013951
chrUn_gl000220	0	106295	161802	0.656945
chrUn_gl000220	1	17741	161802	0.109646
chrUn_gl000220	2	11130	161802	0.0687878
chrUn_gl000220	3	8100	161802	0.0500612
chrUn_gl000220	4	6349	161802	0.0392393
chrUn_gl000220	5	4682	161802	0.0289366
chrUn_gl000220	6	3338	161802	0.0206302
chrUn_gl000220	7	1957	161802	0.012095
chrUn_gl000220	8	1080	161802	0.00667482
chrUn_gl000220	9	675	161802	0.00417177
chrUn_gl000220	10	305	161802	0.00188502
chrUn_gl000220	11	110	161802	0.000679843
chrUn_gl000220	12	29	161802	0.000179231
chrUn_gl000220	13	11	161802	6.79843e-05
chrUn_gl000221	0	149763	155397	0.963744
chrUn_gl000221	1	5468	155397	0.0351873
chrUn_gl000221	2	166	155397	0.00106823
chrUn_gl000222	0	185261	186861	0.991437
chrUn_gl000222	1	1600	186861	0.00856251
chrUn_gl000223	0	179755	180455	0.996121
chrUn_gl000223	1	700	180455	0.00387908
chrUn_gl000224	0	168975	179693	0.940354
chrUn_gl000224	1	9391	179693	0.0522614
chrUn_gl000224	2	1048	179693	0.00583217
chrUn_gl000224	3	253	179693	0.00140796
chrUn_gl000224	4	26	179693	0.000144691
chrUn_gl000225	0	190100	211173	0.90021
chrUn_gl000225	1	17879	211173	0.0846652
chrUn_gl000225	2	2430	211173	0.0115072
chrUn_gl000225	3	445	211173	0.00210728
chrUn_gl000225	4	171	211173	0.000809763
chrUn_gl000225	5	69	211173	0.000326746
chrUn_gl000225	6	56	211173	0.000265185
chrUn_gl000225	7	23	211173	0.000108915
chrUn_gl000226	0	1138	15008	0.0758262
chrUn_gl000226	1	1327	15008	0.0884195
chrUn_gl000226	2	1950	15008	0.129931
chrUn_gl000226	3	2111	15008	0.140658
chrUn_gl000226	4	2195	15008	0.146255
chrUn_gl000226	5	1789	15008	0.119203
chrUn_gl000226	6	1378	15008	0.0918177
chrUn_gl000226	7	965	15008	0.064299
chrUn_gl000226	8	744	15008	0.0495736
chrUn_gl000226	9	476	15008	0.0317164
chrUn_gl000226	10	291	15008	0.0193897
chrUn_gl000226	11	245	15008	0.0163246
chrUn_gl000226	12	134	15008	0.00892857
chrUn_gl000226	13	110	15008	0.00732942
chrUn_gl000226	14	55	15008	0.00366471
chrUn_gl000226	15	63	15008	0.00419776
chrUn_gl000226	16	31	15008	0.00206556
chrUn_gl000226	17	6	15008	0.000399787
chrUn_gl000227	0	127474	128374	0.992989
chrUn_gl000227	1	900	128374	0.00701077
chrUn_gl000228	0	126474	129120	0.979507
chrUn_gl000228	1	2252	129120	0.0174411
chrUn_gl000228	2	291	129120	0.00225372
chrUn_gl000228	3	69	129120	0.000534387
chrUn_gl000228	4	11	129120	8.51921e-05
chrUn_gl000228	5	23	129120	0.000178129
chrUn_gl000229	0	18921	19913	0.950183
chrUn_gl000229	1	884	19913	0.0443931
chrUn_gl000229	2	108	19913	0.00542359
chrUn_gl000230	0	41941	43691	0.959946
chrUn_gl000230	1	1750	43691	0.040054
chrUn_gl000231	0	26586	27386	0.970788
chrUn_gl000231	1	800	27386	0.029212
chrUn_gl000232	0	37820	40652	0.930336
chrUn_gl000232	1	2714	40652	0.0667618
chrUn_gl000232	2	118	40652	0.00290269
chrUn_gl000233	0	44246	45941	0.963105
chrUn_gl000233	1	1640	45941	0.035698
chrUn_gl000233	2	55	45941	0.00119719
chrUn_gl000234	0	38476	40531	0.949298
chrUn_gl000234	1	2010	40531	0.0495917
chrUn_gl000234	2	45	40531	0.00111026
chrUn_gl000235	0	32660	34474	0.947381
chrUn_gl000235	1	1728	34474	0.0501247
chrUn_gl000235	2	86	34474	0.00249463
chrUn_gl000236	0	41534	41934	0.990461
chrUn_gl000236	1	400	41934	0.0095388
chrUn_gl000237	0	44274	45867	0.965269
chrUn_gl000237	1	1536	45867	0.0334881
chrUn_gl000237	2	57	45867	0.00124272
chrUn_gl000238	0	39839	39939	0.997496
chrUn_gl000238	1	100	39939	0.00250382
chrUn_gl000239	0	32721	33824	0.96739
chrUn_gl000239	1	1056	33824	0.0312204
chrUn_gl000239	2	47	33824	0.00138955
chrUn_gl000240	0	40233	41933	0.959459
chrUn_gl000240	1	1700	41933	0.0405409
chrUn_gl000241	0	39964	42152	0.948093
chrUn_gl000241	1	2076	42152	0.0492503
chrUn_gl000241	2	112	42152	0.00265705
chrUn_gl000242	0	43423	43523	0.997702
chrUn_gl000242	1	100	43523	0.00229764
chrUn_gl000243	0	41761	43341	0.963545
chrUn_gl000243	1	1460	43341	0.0336863
chrUn_gl000243	2	120	43341	0.00276874
chrUn_gl000244	0	39229	39929	0.982469
chrUn_gl000244	1	700	39929	0.0175311
chrUn_gl000245	0	35496	36651	0.968487
chrUn_gl000245	1	1110	36651	0.0302857
chrUn_gl000245	2	45	36651	0.0012278
chrUn_gl000246	0	37904	38154	0.993448
chrUn_gl000246	1	250	38154	0.00655239
chrUn_gl000247	0	35722	36422	0.980781
chrUn_gl000247	1	700	36422	0.0192192
chrUn_gl000248	0	39636	39786	0.99623
chrUn_gl000248	1	150	39786	0.00377017
chrUn_gl000249	0	38152	38502	0.99091
chrUn_gl000249	1	350	38502	0.00909044
genome	0	3098302937	3137161264	0.987614
genome	1	38287396	3137161264	0.0122045
genome	2	432032	3137161264	0.000137714
genome	3	42839	3137161264	1.36553e-05
genome	4	24246	3137161264	7.72864e-06
genome	5	17491	3137161264	5.57542e-06
genome	6	13213	3137161264	4.21177e-06
genome	7	9698	3137161264	3.09133e-06
genome	8	7113	3137161264	2.26734e-06
genome	9	5461	3137161264	1.74075e-06
genome	10	4072	3137161264	1.29799e-06
genome	11	3031	3137161264	9.6616e-07
genome	12	2253	3137161264	7.18165e-07
genome	13	1707	3137161264	5.44122e-07
genome	14	1388	3137161264	4.42438e-07
genome	15	1209	3137161264	3.8538e-07
genome	16	824	3137161264	2.62658e-07
genome	17	547	3137161264	1.74361e-07
genome	18	474	3137161264	1.51092e-07
genome	19	420	3137161264	1.33879e-07
genome	20	396	3137161264	1.26229e-07
genome	21	331	3137161264	1.05509e-07
genome	22	276	3137161264	8.79776e-08
genome	23	225	3137161264	7.17209e-08
genome	24	216	3137161264	6.88521e-08
genome	25	203	3137161264	6.47082e-08
genome	26	162	3137161264	5.1639e-08
genome	27	157	3137161264	5.00452e-08
genome	28	91	3137161264	2.90071e-08
genome	29	49	3137161264	1.56192e-08
genome	30	57	3137161264	1.81693e-08
genome	31	66	3137161264	2.10381e-08
genome	32	60	3137161264	1.91256e-08
genome	33	73	3137161264	2.32694e-08
genome	34	63	3137161264	2.00818e-08
genome	35	50	3137161264	1.5938e-08
genome	36	37	3137161264	1.17941e-08
genome	37	32	3137161264	1.02003e-08
genome	38	37	3137161264	1.17941e-08
genome	39	36	3137161264	1.14753e-08
genome	40	18	3137161264	5.73767e-09
genome	41	13	3137161264	4.14387e-09
genome	42	12	3137161264	3.82511e-09
genome	43	11	3137161264	3.50635e-09
genome	44	6	3137161264	1.91256e-09
genome	45	7	3137161264	2.23132e-09
genome	46	3	3137161264	9.56279e-10
genome	47	2	3137161264	6.37519e-10
genome	48	8	3137161264	2.55008e-09
genome	49	5	3137161264	1.5938e-09
genome	50	3	3137161264	9.56279e-10
genome	51	7	3137161264	2.23132e-09
genome	52	5	3137161264	1.5938e-09
genome	53	7	3137161264	2.23132e-09
genome	54	12	3137161264	3.82511e-09
genome	55	16	3137161264	5.10015e-09
genome	56	12	3137161264	3.82511e-09
genome	57	7	3137161264	2.23132e-09
genome	58	2	3137161264	6.37519e-10
genome	59	9	3137161264	2.86884e-09
genome	60	13	3137161264	4.14387e-09
genome	61	19	3137161264	6.05643e-09
genome	62	18	3137161264	5.73767e-09
genome	63	11	3137161264	3.50635e-09
genome	64	13	3137161264	4.14387e-09
genome	65	22	3137161264	7.01271e-09
genome	66	14	3137161264	4.46263e-09
genome	67	11	3137161264	3.50635e-09
genome	68	3	3137161264	9.56279e-10
genome	69	2	3137161264	6.37519e-10
genome	70	5	3137161264	1.5938e-09
