chrM	0	6728	16571	0.406011
chrM	1	5939	16571	0.358397
chrM	2	2430	16571	0.146642
chrM	3	1083	16571	0.0653551
chrM	4	280	16571	0.016897
chrM	5	84	16571	0.0050691
chrM	6	27	16571	0.00162935
chr1	0	245033828	249250621	0.983082
chr1	1	4161603	249250621	0.0166965
chr1	2	52779	249250621	0.000211751
chr1	3	846	249250621	3.39417e-06
chr1	4	256	249250621	1.02708e-06
chr1	5	68	249250621	2.72818e-07
chr1	6	59	249250621	2.3671e-07
chr1	7	32	249250621	1.28385e-07
chr1	8	15	249250621	6.01804e-08
chr1	9	23	249250621	9.22766e-08
chr1	10	17	249250621	6.82044e-08
chr1	11	23	249250621	9.22766e-08
chr1	12	28	249250621	1.12337e-07
chr1	13	33	249250621	1.32397e-07
chr1	14	35	249250621	1.40421e-07
chr1	15	23	249250621	9.22766e-08
chr1	16	29	249250621	1.16349e-07
chr1	17	43	249250621	1.72517e-07
chr1	18	30	249250621	1.20361e-07
chr1	19	38	249250621	1.52457e-07
chr1	20	55	249250621	2.20661e-07
chr1	21	60	249250621	2.40722e-07
chr1	22	54	249250621	2.16649e-07
chr1	23	58	249250621	2.32698e-07
chr1	24	59	249250621	2.3671e-07
chr1	25	34	249250621	1.36409e-07
chr1	26	19	249250621	7.62285e-08
chr1	27	22	249250621	8.82646e-08
chr1	28	14	249250621	5.61684e-08
chr1	29	10	249250621	4.01203e-08
chr1	30	9	249250621	3.61082e-08
chr1	31	15	249250621	6.01804e-08
chr1	32	6	249250621	2.40722e-08
chr1	33	10	249250621	4.01203e-08
chr1	34	10	249250621	4.01203e-08
chr1	35	16	249250621	6.41924e-08
chr1	36	12	249250621	4.81443e-08
chr1	37	12	249250621	4.81443e-08
chr1	38	9	249250621	3.61082e-08
chr1	39	17	249250621	6.82044e-08
chr1	40	16	249250621	6.41924e-08
chr1	41	9	249250621	3.61082e-08
chr1	42	3	249250621	1.20361e-08
chr1	43	9	249250621	3.61082e-08
chr1	44	11	249250621	4.41323e-08
chr1	45	8	249250621	3.20962e-08
chr1	46	4	249250621	1.60481e-08
chr1	47	7	249250621	2.80842e-08
chr1	48	7	249250621	2.80842e-08
chr1	49	9	249250621	3.61082e-08
chr1	50	8	249250621	3.20962e-08
chr1	51	6	249250621	2.40722e-08
chr1	52	4	249250621	1.60481e-08
chr1	53	5	249250621	2.00601e-08
chr1	54	12	249250621	4.81443e-08
chr1	55	16	249250621	6.41924e-08
chr1	56	29	249250621	1.16349e-07
chr1	57	23	249250621	9.22766e-08
chr1	58	23	249250621	9.22766e-08
chr1	59	23	249250621	9.22766e-08
chr1	60	22	249250621	8.82646e-08
chr1	61	20	249250621	8.02405e-08
chr1	62	4	249250621	1.60481e-08
chr1	63	5	249250621	2.00601e-08
chr1	64	7	249250621	2.80842e-08
chr1	65	10	249250621	4.01203e-08
chr1	66	3	249250621	1.20361e-08
chr1	67	5	249250621	2.00601e-08
chr1	68	3	249250621	1.20361e-08
chr1	69	1	249250621	4.01203e-09
chr2	0	240548144	243199373	0.989099
chr2	1	2622607	243199373	0.0107838
chr2	2	21429	243199373	8.81129e-05
chr2	3	3426	243199373	1.40872e-05
chr2	4	1722	243199373	7.08061e-06
chr2	5	887	243199373	3.64721e-06
chr2	6	460	243199373	1.89145e-06
chr2	7	218	243199373	8.96384e-07
chr2	8	156	243199373	6.41449e-07
chr2	9	119	243199373	4.8931e-07
chr2	10	69	243199373	2.83718e-07
chr2	11	20	243199373	8.22371e-08
chr2	12	13	243199373	5.34541e-08
chr2	13	32	243199373	1.31579e-07
chr2	14	1	243199373	4.11185e-09
chr2	15	11	243199373	4.52304e-08
chr2	16	7	243199373	2.8783e-08
chr2	17	12	243199373	4.93422e-08
chr2	18	5	243199373	2.05593e-08
chr2	19	3	243199373	1.23356e-08
chr2	20	3	243199373	1.23356e-08
chr2	21	8	243199373	3.28948e-08
chr2	22	10	243199373	4.11185e-08
chr2	23	7	243199373	2.8783e-08
chr2	24	4	243199373	1.64474e-08
chr3	0	195850862	198022430	0.989034
chr3	1	2158691	198022430	0.0109012
chr3	2	12725	198022430	6.42604e-05
chr3	3	42	198022430	2.12097e-07
chr3	4	3	198022430	1.51498e-08
chr3	5	2	198022430	1.00999e-08
chr3	6	3	198022430	1.51498e-08
chr3	7	7	198022430	3.53495e-08
chr3	8	2	198022430	1.00999e-08
chr3	9	1	198022430	5.04993e-09
chr3	10	4	198022430	2.01997e-08
chr3	11	2	198022430	1.00999e-08
chr3	12	5	198022430	2.52497e-08
chr3	13	3	198022430	1.51498e-08
chr3	14	5	198022430	2.52497e-08
chr3	15	5	198022430	2.52497e-08
chr3	16	4	198022430	2.01997e-08
chr3	17	1	198022430	5.04993e-09
chr3	18	4	198022430	2.01997e-08
chr3	20	5	198022430	2.52497e-08
chr3	21	2	198022430	1.00999e-08
chr3	22	4	198022430	2.01997e-08
chr3	23	2	198022430	1.00999e-08
chr3	24	5	198022430	2.52497e-08
chr3	26	4	198022430	2.01997e-08
chr3	27	1	198022430	5.04993e-09
chr3	28	4	198022430	2.01997e-08
chr3	29	10	198022430	5.04993e-08
chr3	30	9	198022430	4.54494e-08
chr3	31	9	198022430	4.54494e-08
chr3	32	2	198022430	1.00999e-08
chr3	34	2	198022430	1.00999e-08
chr4	0	189628509	191154276	0.992018
chr4	1	1511588	191154276	0.00790769
chr4	2	10670	191154276	5.58188e-05
chr4	3	1920	191154276	1.00442e-05
chr4	4	585	191154276	3.06036e-06
chr4	5	404	191154276	2.11348e-06
chr4	6	199	191154276	1.04104e-06
chr4	7	124	191154276	6.48691e-07
chr4	8	115	191154276	6.01608e-07
chr4	9	60	191154276	3.13883e-07
chr4	10	65	191154276	3.40039e-07
chr4	11	14	191154276	7.32393e-08
chr4	12	23	191154276	1.20322e-07
chr5	0	179142367	180915260	0.9902
chr5	1	1762970	180915260	0.00974473
chr5	2	9492	180915260	5.24666e-05
chr5	3	270	180915260	1.49241e-06
chr5	4	119	180915260	6.57767e-07
chr5	5	42	180915260	2.32153e-07
chr6	0	168042581	171115067	0.982044
chr6	1	2980801	171115067	0.0174199
chr6	2	82962	171115067	0.000484832
chr6	3	4626	171115067	2.70344e-05
chr6	4	592	171115067	3.45966e-06
chr6	5	312	171115067	1.82333e-06
chr6	6	275	171115067	1.60711e-06
chr6	7	213	171115067	1.24478e-06
chr6	8	258	171115067	1.50776e-06
chr6	9	281	171115067	1.64217e-06
chr6	10	372	171115067	2.17398e-06
chr6	11	376	171115067	2.19735e-06
chr6	12	316	171115067	1.84671e-06
chr6	13	255	171115067	1.49023e-06
chr6	14	227	171115067	1.32659e-06
chr6	15	221	171115067	1.29153e-06
chr6	16	179	171115067	1.04608e-06
chr6	17	96	171115067	5.61026e-07
chr6	18	87	171115067	5.0843e-07
chr6	19	24	171115067	1.40256e-07
chr6	20	12	171115067	7.01282e-08
chr6	21	1	171115067	5.84402e-09
chr7	0	156781397	159138663	0.985187
chr7	1	2335864	159138663	0.0146782
chr7	2	17675	159138663	0.000111067
chr7	3	769	159138663	4.83226e-06
chr7	4	575	159138663	3.6132e-06
chr7	5	323	159138663	2.02968e-06
chr7	6	283	159138663	1.77832e-06
chr7	7	226	159138663	1.42015e-06
chr7	8	160	159138663	1.00541e-06
chr7	9	151	159138663	9.48858e-07
chr7	10	165	159138663	1.03683e-06
chr7	11	189	159138663	1.18764e-06
chr7	12	117	159138663	7.35208e-07
chr7	13	129	159138663	8.10614e-07
chr7	14	76	159138663	4.77571e-07
chr7	15	26	159138663	1.6338e-07
chr7	16	22	159138663	1.38244e-07
chr7	17	59	159138663	3.70746e-07
chr7	18	87	159138663	5.46693e-07
chr7	19	59	159138663	3.70746e-07
chr7	20	56	159138663	3.51894e-07
chr7	21	38	159138663	2.38785e-07
chr7	22	40	159138663	2.51353e-07
chr7	23	32	159138663	2.01083e-07
chr7	24	21	159138663	1.3196e-07
chr7	25	30	159138663	1.88515e-07
chr7	26	32	159138663	2.01083e-07
chr7	27	24	159138663	1.50812e-07
chr7	28	16	159138663	1.00541e-07
chr7	29	7	159138663	4.39868e-08
chr7	30	4	159138663	2.51353e-08
chr7	31	4	159138663	2.51353e-08
chr7	32	5	159138663	3.14191e-08
chr7	33	2	159138663	1.25677e-08
chr8	0	143269000	146364022	0.978854
chr8	1	3029741	146364022	0.0207
chr8	2	48315	146364022	0.000330102
chr8	3	5197	146364022	3.55074e-05
chr8	4	2784	146364022	1.90211e-05
chr8	5	2201	146364022	1.50378e-05
chr8	6	1672	146364022	1.14236e-05
chr8	7	1325	146364022	9.05277e-06
chr8	8	1147	146364022	7.83663e-06
chr8	9	812	146364022	5.54781e-06
chr8	10	565	146364022	3.86024e-06
chr8	11	401	146364022	2.73974e-06
chr8	12	226	146364022	1.5441e-06
chr8	13	192	146364022	1.3118e-06
chr8	14	101	146364022	6.9006e-07
chr8	15	112	146364022	7.65215e-07
chr8	16	62	146364022	4.23601e-07
chr8	17	61	146364022	4.16769e-07
chr8	18	49	146364022	3.34782e-07
chr8	19	23	146364022	1.57142e-07
chr8	20	18	146364022	1.22981e-07
chr8	21	13	146364022	8.88196e-08
chr8	22	3	146364022	2.04968e-08
chr8	23	2	146364022	1.36646e-08
chr9	0	139249031	141213431	0.986089
chr9	1	1943723	141213431	0.0137644
chr9	2	20002	141213431	0.000141644
chr9	3	442	141213431	3.13001e-06
chr9	4	56	141213431	3.96563e-07
chr9	5	54	141213431	3.824e-07
chr9	6	45	141213431	3.18667e-07
chr9	7	16	141213431	1.13304e-07
chr9	8	12	141213431	8.49778e-08
chr9	9	25	141213431	1.77037e-07
chr9	10	25	141213431	1.77037e-07
chr10	0	133735860	135534747	0.986727
chr10	1	1771765	135534747	0.0130724
chr10	2	15600	135534747	0.0001151
chr10	3	2090	135534747	1.54204e-05
chr10	4	1456	135534747	1.07426e-05
chr10	5	1130	135534747	8.33735e-06
chr10	6	979	135534747	7.22324e-06
chr10	7	683	135534747	5.0393e-06
chr10	8	680	135534747	5.01716e-06
chr10	9	522	135534747	3.85141e-06
chr10	10	445	135534747	3.28329e-06
chr10	11	386	135534747	2.84798e-06
chr10	12	378	135534747	2.78895e-06
chr10	13	368	135534747	2.71517e-06
chr10	14	304	135534747	2.24297e-06
chr10	15	262	135534747	1.93308e-06
chr10	16	217	135534747	1.60107e-06
chr10	17	199	135534747	1.46826e-06
chr10	18	198	135534747	1.46088e-06
chr10	19	179	135534747	1.32069e-06
chr10	20	175	135534747	1.29118e-06
chr10	21	128	135534747	9.44407e-07
chr10	22	109	135534747	8.04222e-07
chr10	23	85	135534747	6.27145e-07
chr10	24	67	135534747	4.94338e-07
chr10	25	90	135534747	6.64036e-07
chr10	26	69	135534747	5.09095e-07
chr10	27	40	135534747	2.95127e-07
chr10	28	51	135534747	3.76287e-07
chr10	29	44	135534747	3.2464e-07
chr10	30	51	135534747	3.76287e-07
chr10	31	37	135534747	2.72993e-07
chr10	32	37	135534747	2.72993e-07
chr10	33	27	135534747	1.99211e-07
chr10	34	19	135534747	1.40185e-07
chr10	35	11	135534747	8.116e-08
chr10	36	6	135534747	4.42691e-08
chr11	0	133083730	135006516	0.985758
chr11	1	1904874	135006516	0.0141095
chr11	2	16068	135006516	0.000119016
chr11	3	835	135006516	6.18489e-06
chr11	4	217	135006516	1.60733e-06
chr11	5	250	135006516	1.85176e-06
chr11	6	174	135006516	1.28883e-06
chr11	7	123	135006516	9.11067e-07
chr11	8	93	135006516	6.88856e-07
chr11	9	42	135006516	3.11096e-07
chr11	10	53	135006516	3.92574e-07
chr11	11	17	135006516	1.2592e-07
chr11	12	11	135006516	8.14776e-08
chr11	13	15	135006516	1.11106e-07
chr11	14	14	135006516	1.03699e-07
chr12	0	132476049	133851895	0.989721
chr12	1	1368469	133851895	0.0102238
chr12	2	6996	133851895	5.22667e-05
chr12	3	285	133851895	2.12922e-06
chr12	4	96	133851895	7.17211e-07
chr13	0	113944529	115169878	0.989361
chr13	1	1217808	115169878	0.010574
chr13	2	7531	115169878	6.53904e-05
chr13	3	10	115169878	8.68283e-08
chr14	0	106174615	107349540	0.989055
chr14	1	1167151	107349540	0.0108724
chr14	2	7645	107349540	7.1216e-05
chr14	3	87	107349540	8.10437e-07
chr14	4	12	107349540	1.11784e-07
chr14	5	30	107349540	2.79461e-07
chr15	0	101759634	102531392	0.992473
chr15	1	767484	102531392	0.00748536
chr15	2	4256	102531392	4.15092e-05
chr15	3	18	102531392	1.75556e-07
chr16	0	89320083	90354753	0.988549
chr16	1	996365	90354753	0.0110273
chr16	2	12581	90354753	0.00013924
chr16	3	4884	90354753	5.40536e-05
chr16	4	4536	90354753	5.02021e-05
chr16	5	4355	90354753	4.81989e-05
chr16	6	3592	90354753	3.97544e-05
chr16	7	2768	90354753	3.06348e-05
chr16	8	1774	90354753	1.96337e-05
chr16	9	1405	90354753	1.55498e-05
chr16	10	755	90354753	8.35595e-06
chr16	11	559	90354753	6.18672e-06
chr16	12	414	90354753	4.58194e-06
chr16	13	261	90354753	2.88861e-06
chr16	14	99	90354753	1.09568e-06
chr16	15	65	90354753	7.19387e-07
chr16	16	51	90354753	5.64442e-07
chr16	17	74	90354753	8.18994e-07
chr16	18	54	90354753	5.97644e-07
chr16	19	26	90354753	2.87755e-07
chr16	20	23	90354753	2.54552e-07
chr16	21	22	90354753	2.43485e-07
chr16	22	7	90354753	7.74724e-08
chr17	0	80056844	81195210	0.98598
chr17	1	1125032	81195210	0.0138559
chr17	2	10922	81195210	0.000134515
chr17	3	1363	81195210	1.67867e-05
chr17	4	524	81195210	6.45358e-06
chr17	5	249	81195210	3.06668e-06
chr17	6	171	81195210	2.10604e-06
chr17	7	15	81195210	1.8474e-07
chr17	8	16	81195210	1.97056e-07
chr17	9	21	81195210	2.58636e-07
chr17	10	29	81195210	3.57164e-07
chr17	11	7	81195210	8.6212e-08
chr17	12	4	81195210	4.9264e-08
chr17	13	1	81195210	1.2316e-08
chr17	14	12	81195210	1.47792e-07
chr18	0	76997352	78077248	0.986169
chr18	1	1069644	78077248	0.0136998
chr18	2	8727	78077248	0.000111774
chr18	3	407	78077248	5.21279e-06
chr18	4	292	78077248	3.73989e-06
chr18	5	257	78077248	3.29161e-06
chr18	6	136	78077248	1.74186e-06
chr18	7	63	78077248	8.06893e-07
chr18	8	90	78077248	1.1527e-06
chr18	9	30	78077248	3.84235e-07
chr18	10	40	78077248	5.12313e-07
chr18	11	38	78077248	4.86698e-07
chr18	12	48	78077248	6.14776e-07
chr18	13	17	78077248	2.17733e-07
chr18	14	11	78077248	1.40886e-07
chr18	15	29	78077248	3.71427e-07
chr18	16	11	78077248	1.40886e-07
chr18	17	22	78077248	2.81772e-07
chr18	18	7	78077248	8.96548e-08
chr18	19	2	78077248	2.56157e-08
chr18	20	5	78077248	6.40391e-08
chr18	21	3	78077248	3.84235e-08
chr18	22	3	78077248	3.84235e-08
chr18	23	4	78077248	5.12313e-08
chr18	24	8	78077248	1.02463e-07
chr18	25	2	78077248	2.56157e-08
chr19	0	58519711	59128983	0.989696
chr19	1	601759	59128983	0.0101771
chr19	2	4755	59128983	8.04174e-05
chr19	3	541	59128983	9.14949e-06
chr19	4	477	59128983	8.06711e-06
chr19	5	229	59128983	3.87289e-06
chr19	6	198	59128983	3.34861e-06
chr19	7	197	59128983	3.3317e-06
chr19	8	170	59128983	2.87507e-06
chr19	9	134	59128983	2.26623e-06
chr19	10	156	59128983	2.6383e-06
chr19	11	94	59128983	1.58974e-06
chr19	12	76	59128983	1.28533e-06
chr19	13	49	59128983	8.28697e-07
chr19	14	37	59128983	6.25751e-07
chr19	15	41	59128983	6.93399e-07
chr19	16	51	59128983	8.62521e-07
chr19	17	41	59128983	6.93399e-07
chr19	18	13	59128983	2.19858e-07
chr19	19	15	59128983	2.53683e-07
chr19	20	47	59128983	7.94872e-07
chr19	21	14	59128983	2.36771e-07
chr19	22	17	59128983	2.87507e-07
chr19	23	21	59128983	3.55156e-07
chr19	24	20	59128983	3.38244e-07
chr19	25	10	59128983	1.69122e-07
chr19	26	10	59128983	1.69122e-07
chr19	27	11	59128983	1.86034e-07
chr19	28	10	59128983	1.69122e-07
chr19	29	14	59128983	2.36771e-07
chr19	30	6	59128983	1.01473e-07
chr19	31	13	59128983	2.19858e-07
chr19	32	5	59128983	8.45609e-08
chr19	33	10	59128983	1.69122e-07
chr19	34	3	59128983	5.07365e-08
chr19	35	2	59128983	3.38244e-08
chr19	36	4	59128983	6.76487e-08
chr19	37	3	59128983	5.07365e-08
chr19	38	3	59128983	5.07365e-08
chr19	39	4	59128983	6.76487e-08
chr19	40	12	59128983	2.02946e-07
chr20	0	62035017	63025520	0.984284
chr20	1	982302	63025520	0.0155858
chr20	2	7868	63025520	0.000124838
chr20	3	227	63025520	3.60172e-06
chr20	4	22	63025520	3.49065e-07
chr20	5	4	63025520	6.34664e-08
chr20	6	17	63025520	2.69732e-07
chr20	7	23	63025520	3.64932e-07
chr20	8	2	63025520	3.17332e-08
chr20	9	36	63025520	5.71197e-07
chr20	10	2	63025520	3.17332e-08
chr21	0	47353655	48129895	0.983872
chr21	1	764670	48129895	0.0158876
chr21	2	10885	48129895	0.000226159
chr21	3	350	48129895	7.27199e-06
chr21	4	114	48129895	2.36859e-06
chr21	5	120	48129895	2.49325e-06
chr21	6	23	48129895	4.77873e-07
chr21	7	40	48129895	8.31084e-07
chr21	8	6	48129895	1.24663e-07
chr21	9	32	48129895	6.64867e-07
chr22	0	50815193	51304566	0.990461
chr22	1	485330	51304566	0.00945978
chr22	2	3876	51304566	7.55488e-05
chr22	3	113	51304566	2.20253e-06
chr22	5	3	51304566	5.84743e-08
chr22	6	2	51304566	3.89829e-08
chr22	7	3	51304566	5.84743e-08
chr22	9	5	51304566	9.74572e-08
chr22	10	2	51304566	3.89829e-08
chr22	11	2	51304566	3.89829e-08
chr22	12	37	51304566	7.21183e-07
chrX	0	154000740	155270560	0.991822
chrX	1	1260932	155270560	0.00812087
chrX	2	8174	155270560	5.26436e-05
chrX	3	475	155270560	3.05918e-06
chrX	4	111	155270560	7.14881e-07
chrX	5	59	155270560	3.79982e-07
chrX	6	26	155270560	1.6745e-07
chrX	7	1	155270560	6.44037e-09
chrX	8	11	155270560	7.08441e-08
chrX	9	5	155270560	3.22019e-08
chrX	10	26	155270560	1.6745e-07
chrY	0	59307474	59373566	0.998887
chrY	1	61231	59373566	0.00103128
chrY	2	3479	59373566	5.85951e-05
chrY	3	723	59373566	1.21771e-05
chrY	4	363	59373566	6.11383e-06
chrY	5	119	59373566	2.00426e-06
chrY	6	44	59373566	7.4107e-07
chrY	7	54	59373566	9.09496e-07
chrY	8	35	59373566	5.89488e-07
chrY	9	5	59373566	8.42126e-08
chrY	10	5	59373566	8.42126e-08
chrY	11	4	59373566	6.737e-08
chrY	12	6	59373566	1.01055e-07
chrY	13	24	59373566	4.0422e-07
chr1_gl000191_random	0	105983	106433	0.995772
chr1_gl000191_random	1	450	106433	0.00422801
chr1_gl000192_random	0	533607	547496	0.974632
chr1_gl000192_random	1	13828	547496	0.0252568
chr1_gl000192_random	2	61	547496	0.000111416
chr4_ctg9_hap1	0	587635	590426	0.995273
chr4_ctg9_hap1	1	2782	590426	0.00471185
chr4_ctg9_hap1	2	9	590426	1.52432e-05
chr4_gl000193_random	0	185384	189789	0.97679
chr4_gl000193_random	1	4310	189789	0.0227094
chr4_gl000193_random	2	95	189789	0.000500556
chr4_gl000194_random	0	186757	191469	0.97539
chr4_gl000194_random	1	4674	191469	0.0244113
chr4_gl000194_random	2	38	191469	0.000198466
chr6_apd_hap1	0	4617834	4622290	0.999036
chr6_apd_hap1	1	4412	4622290	0.000954505
chr6_apd_hap1	2	44	4622290	9.51909e-06
chr6_cox_hap2	0	4783399	4795371	0.997503
chr6_cox_hap2	1	11944	4795371	0.00249074
chr6_cox_hap2	2	28	4795371	5.83896e-06
chr6_dbb_hap3	0	4602494	4610396	0.998286
chr6_dbb_hap3	1	7854	4610396	0.00170354
chr6_dbb_hap3	2	48	4610396	1.04113e-05
chr6_mann_hap4	0	4674649	4683263	0.998161
chr6_mann_hap4	1	8578	4683263	0.00183163
chr6_mann_hap4	2	36	4683263	7.68695e-06
chr6_mcf_hap5	0	4825898	4833398	0.998448
chr6_mcf_hap5	1	7500	4833398	0.0015517
chr6_qbl_hap6	0	4601684	4611984	0.997767
chr6_qbl_hap6	1	10300	4611984	0.00223331
chr6_ssto_hap7	0	4920417	4928567	0.998346
chr6_ssto_hap7	1	8150	4928567	0.00165362
chr7_gl000195_random	0	174499	182896	0.954089
chr7_gl000195_random	1	8001	182896	0.0437462
chr7_gl000195_random	2	389	182896	0.00212689
chr7_gl000195_random	3	7	182896	3.82731e-05
chr8_gl000196_random	0	38414	38914	0.987151
chr8_gl000196_random	1	500	38914	0.0128488
chr8_gl000197_random	0	37075	37175	0.99731
chr8_gl000197_random	1	100	37175	0.00268998
chr9_gl000198_random	0	87476	90085	0.971038
chr9_gl000198_random	1	2568	90085	0.0285064
chr9_gl000198_random	2	41	90085	0.000455126
chr9_gl000199_random	0	144615	169874	0.851307
chr9_gl000199_random	1	20459	169874	0.120436
chr9_gl000199_random	2	3459	169874	0.0203621
chr9_gl000199_random	3	689	169874	0.00405595
chr9_gl000199_random	4	222	169874	0.00130685
chr9_gl000199_random	5	189	169874	0.00111259
chr9_gl000199_random	6	126	169874	0.000741726
chr9_gl000199_random	7	23	169874	0.000135394
chr9_gl000199_random	8	10	169874	5.88672e-05
chr9_gl000199_random	9	11	169874	6.47539e-05
chr9_gl000199_random	10	32	169874	0.000188375
chr9_gl000199_random	11	3	169874	1.76601e-05
chr9_gl000199_random	12	16	169874	9.41875e-05
chr9_gl000199_random	13	6	169874	3.53203e-05
chr9_gl000199_random	14	8	169874	4.70937e-05
chr9_gl000199_random	15	4	169874	2.35469e-05
chr9_gl000199_random	16	2	169874	1.17734e-05
chr9_gl000200_random	0	185385	187035	0.991178
chr9_gl000200_random	1	1650	187035	0.00882188
chr9_gl000201_random	0	36048	36148	0.997234
chr9_gl000201_random	1	100	36148	0.0027664
chr11_gl000202_random	0	39753	40103	0.991272
chr11_gl000202_random	1	350	40103	0.00872753
chr17_ctg5_hap1	0	1674678	1680828	0.996341
chr17_ctg5_hap1	1	6150	1680828	0.00365891
chr17_gl000203_random	0	36898	37498	0.983999
chr17_gl000203_random	1	600	37498	0.0160009
chr17_gl000204_random	0	80660	81310	0.992006
chr17_gl000204_random	1	650	81310	0.0079941
chr17_gl000205_random	0	166838	174588	0.95561
chr17_gl000205_random	1	7650	174588	0.0438174
chr17_gl000205_random	2	100	174588	0.000572777
chr17_gl000206_random	0	40801	41001	0.995122
chr17_gl000206_random	1	200	41001	0.00487793
chr19_gl000208_random	0	88868	92689	0.958776
chr19_gl000208_random	1	3470	92689	0.037437
chr19_gl000208_random	2	323	92689	0.00348477
chr19_gl000208_random	3	28	92689	0.000302085
chr19_gl000209_random	0	158819	159169	0.997801
chr19_gl000209_random	1	350	159169	0.00219892
chr21_gl000210_random	0	27382	27682	0.989163
chr21_gl000210_random	1	300	27682	0.0108374
chrUn_gl000211	0	163166	166566	0.979588
chrUn_gl000211	1	3400	166566	0.0204123
chrUn_gl000212	0	183657	186858	0.982869
chrUn_gl000212	1	3152	186858	0.0168684
chrUn_gl000212	2	49	186858	0.000262231
chrUn_gl000213	0	161923	164239	0.985899
chrUn_gl000213	1	2282	164239	0.0138944
chrUn_gl000213	2	34	164239	0.000207015
chrUn_gl000214	0	125956	137718	0.914594
chrUn_gl000214	1	8788	137718	0.0638116
chrUn_gl000214	2	1830	137718	0.013288
chrUn_gl000214	3	788	137718	0.00572184
chrUn_gl000214	4	231	137718	0.00167734
chrUn_gl000214	5	86	137718	0.000624464
chrUn_gl000214	6	39	137718	0.000283187
chrUn_gl000215	0	170895	172545	0.990437
chrUn_gl000215	1	1650	172545	0.00956272
chrUn_gl000216	0	158420	172294	0.919475
chrUn_gl000216	1	11129	172294	0.0645931
chrUn_gl000216	2	1654	172294	0.00959987
chrUn_gl000216	3	522	172294	0.00302971
chrUn_gl000216	4	246	172294	0.00142779
chrUn_gl000216	5	177	172294	0.00102731
chrUn_gl000216	6	32	172294	0.000185729
chrUn_gl000216	7	76	172294	0.000441106
chrUn_gl000216	8	38	172294	0.000220553
chrUn_gl000217	0	167399	172149	0.972408
chrUn_gl000217	1	4750	172149	0.0275924
chrUn_gl000218	0	157453	161147	0.977077
chrUn_gl000218	1	3588	161147	0.0222654
chrUn_gl000218	2	106	161147	0.000657785
chrUn_gl000219	0	170573	179198	0.951869
chrUn_gl000219	1	8331	179198	0.0464905
chrUn_gl000219	2	227	179198	0.00126676
chrUn_gl000219	3	53	179198	0.000295762
chrUn_gl000219	4	14	179198	7.81259e-05
chrUn_gl000220	0	106361	161802	0.657353
chrUn_gl000220	1	18505	161802	0.114368
chrUn_gl000220	2	10213	161802	0.0631204
chrUn_gl000220	3	8083	161802	0.0499561
chrUn_gl000220	4	6505	161802	0.0402035
chrUn_gl000220	5	4564	161802	0.0282073
chrUn_gl000220	6	3259	161802	0.0201419
chrUn_gl000220	7	2026	161802	0.0125215
chrUn_gl000220	8	1174	161802	0.00725578
chrUn_gl000220	9	597	161802	0.00368969
chrUn_gl000220	10	321	161802	0.00198391
chrUn_gl000220	11	126	161802	0.00077873
chrUn_gl000220	12	51	161802	0.0003152
chrUn_gl000220	13	17	161802	0.000105067
chrUn_gl000221	0	150831	155397	0.970617
chrUn_gl000221	1	4532	155397	0.029164
chrUn_gl000221	2	34	155397	0.000218794
chrUn_gl000222	0	184551	186861	0.987638
chrUn_gl000222	1	2270	186861	0.0121481
chrUn_gl000222	2	40	186861	0.000214063
chrUn_gl000223	0	179455	180455	0.994458
chrUn_gl000223	1	1000	180455	0.00554155
chrUn_gl000224	0	167200	179693	0.930476
chrUn_gl000224	1	10757	179693	0.0598632
chrUn_gl000224	2	1480	179693	0.00823627
chrUn_gl000224	3	194	179693	0.00107962
chrUn_gl000224	4	59	179693	0.000328338
chrUn_gl000224	5	3	179693	1.66951e-05
chrUn_gl000225	0	190854	211173	0.90378
chrUn_gl000225	1	17504	211173	0.0828894
chrUn_gl000225	2	2191	211173	0.0103754
chrUn_gl000225	3	352	211173	0.00166688
chrUn_gl000225	4	79	211173	0.000374101
chrUn_gl000225	5	116	211173	0.000549313
chrUn_gl000225	6	45	211173	0.000213095
chrUn_gl000225	7	14	211173	6.62964e-05
chrUn_gl000225	8	18	211173	8.52382e-05
chrUn_gl000226	0	1155	15008	0.076959
chrUn_gl000226	1	1410	15008	0.0939499
chrUn_gl000226	2	1767	15008	0.117737
chrUn_gl000226	3	1881	15008	0.125333
chrUn_gl000226	4	1993	15008	0.132796
chrUn_gl000226	5	1750	15008	0.116604
chrUn_gl000226	6	1406	15008	0.0936834
chrUn_gl000226	7	1158	15008	0.0771588
chrUn_gl000226	8	858	15008	0.0571695
chrUn_gl000226	9	657	15008	0.0437767
chrUn_gl000226	10	356	15008	0.0237207
chrUn_gl000226	11	219	15008	0.0145922
chrUn_gl000226	12	142	15008	0.00946162
chrUn_gl000226	13	89	15008	0.00593017
chrUn_gl000226	14	81	15008	0.00539712
chrUn_gl000226	15	46	15008	0.00306503
chrUn_gl000226	16	11	15008	0.000732942
chrUn_gl000226	17	2	15008	0.000133262
chrUn_gl000226	18	4	15008	0.000266525
chrUn_gl000226	19	2	15008	0.000133262
chrUn_gl000226	20	7	15008	0.000466418
chrUn_gl000226	21	5	15008	0.000333156
chrUn_gl000226	22	4	15008	0.000266525
chrUn_gl000226	23	5	15008	0.000333156
chrUn_gl000227	0	127274	128374	0.991431
chrUn_gl000227	1	1100	128374	0.00856871
chrUn_gl000228	0	126335	129120	0.978431
chrUn_gl000228	1	2422	129120	0.0187577
chrUn_gl000228	2	296	129120	0.00229244
chrUn_gl000228	3	38	129120	0.0002943
chrUn_gl000228	4	23	129120	0.000178129
chrUn_gl000228	5	6	129120	4.64684e-05
chrUn_gl000229	0	19408	19913	0.97464
chrUn_gl000229	1	460	19913	0.0231005
chrUn_gl000229	2	45	19913	0.00225983
chrUn_gl000230	0	42591	43691	0.974823
chrUn_gl000230	1	1100	43691	0.0251768
chrUn_gl000231	0	26186	27386	0.956182
chrUn_gl000231	1	1200	27386	0.043818
chrUn_gl000232	0	38047	40652	0.93592
chrUn_gl000232	1	2560	40652	0.0629735
chrUn_gl000232	2	45	40652	0.00110696
chrUn_gl000233	0	44691	45941	0.972791
chrUn_gl000233	1	1250	45941	0.0272088
chrUn_gl000234	0	38897	40531	0.959685
chrUn_gl000234	1	1618	40531	0.0399201
chrUn_gl000234	2	16	40531	0.00039476
chrUn_gl000235	0	32616	34474	0.946104
chrUn_gl000235	1	1766	34474	0.051227
chrUn_gl000235	2	92	34474	0.00266868
chrUn_gl000236	0	41434	41934	0.988077
chrUn_gl000236	1	500	41934	0.0119235
chrUn_gl000237	0	44010	45867	0.959513
chrUn_gl000237	1	1814	45867	0.0395491
chrUn_gl000237	2	43	45867	0.000937493
chrUn_gl000238	0	39710	39939	0.994266
chrUn_gl000238	1	208	39939	0.00520794
chrUn_gl000238	2	21	39939	0.000525802
chrUn_gl000239	0	32774	33824	0.968957
chrUn_gl000239	1	1050	33824	0.031043
chrUn_gl000240	0	40933	41933	0.976152
chrUn_gl000240	1	1000	41933	0.0238476
chrUn_gl000241	0	39987	42152	0.948638
chrUn_gl000241	1	2080	42152	0.0493452
chrUn_gl000241	2	85	42152	0.00201651
chrUn_gl000242	0	43223	43523	0.993107
chrUn_gl000242	1	300	43523	0.00689291
chrUn_gl000243	0	41611	43341	0.960084
chrUn_gl000243	1	1660	43341	0.0383009
chrUn_gl000243	2	70	43341	0.0016151
chrUn_gl000244	0	39079	39929	0.978712
chrUn_gl000244	1	850	39929	0.0212878
chrUn_gl000245	0	35426	36651	0.966577
chrUn_gl000245	1	1200	36651	0.0327413
chrUn_gl000245	2	25	36651	0.00068211
chrUn_gl000246	0	37854	38154	0.992137
chrUn_gl000246	1	300	38154	0.00786287
chrUn_gl000247	0	35372	36422	0.971171
chrUn_gl000247	1	1050	36422	0.0288287
chrUn_gl000248	0	39486	39786	0.99246
chrUn_gl000248	1	300	39786	0.00754034
chrUn_gl000249	0	38102	38502	0.989611
chrUn_gl000249	1	400	38502	0.0103891
chr18_gl000207_random	0	4262	4262	1
genome	0	3098266040	3137161264	0.987602
genome	1	38325459	3137161264	0.0122166
genome	2	432876	3137161264	0.000137983
genome	3	43664	3137161264	1.39183e-05
genome	4	24564	3137161264	7.83001e-06
genome	5	18073	3137161264	5.76094e-06
genome	6	13292	3137161264	4.23695e-06
genome	7	9428	3137161264	3.00526e-06
genome	8	6840	3137161264	2.18032e-06
genome	9	4974	3137161264	1.58551e-06
genome	10	3504	3137161264	1.11693e-06
genome	11	2480	3137161264	7.90524e-07
genome	12	1911	3137161264	6.09149e-07
genome	13	1491	3137161264	4.7527e-07
genome	14	1011	3137161264	3.22266e-07
genome	15	845	3137161264	2.69352e-07
genome	16	646	3137161264	2.05919e-07
genome	17	610	3137161264	1.94443e-07
genome	18	538	3137161264	1.71493e-07
genome	19	371	3137161264	1.1826e-07
genome	20	406	3137161264	1.29416e-07
genome	21	294	3137161264	9.37153e-08
genome	22	251	3137161264	8.00086e-08
genome	23	216	3137161264	6.88521e-08
genome	24	184	3137161264	5.86518e-08
genome	25	166	3137161264	5.29141e-08
genome	26	134	3137161264	4.27138e-08
genome	27	98	3137161264	3.12384e-08
genome	28	95	3137161264	3.02822e-08
genome	29	85	3137161264	2.70946e-08
genome	30	79	3137161264	2.5182e-08
genome	31	78	3137161264	2.48632e-08
genome	32	55	3137161264	1.75318e-08
genome	33	49	3137161264	1.56192e-08
genome	34	34	3137161264	1.08378e-08
genome	35	29	3137161264	9.24403e-09
genome	36	22	3137161264	7.01271e-09
genome	37	15	3137161264	4.78139e-09
genome	38	12	3137161264	3.82511e-09
genome	39	21	3137161264	6.69395e-09
genome	40	28	3137161264	8.92527e-09
genome	41	9	3137161264	2.86884e-09
genome	42	3	3137161264	9.56279e-10
genome	43	9	3137161264	2.86884e-09
genome	44	11	3137161264	3.50635e-09
genome	45	8	3137161264	2.55008e-09
genome	46	4	3137161264	1.27504e-09
genome	47	7	3137161264	2.23132e-09
genome	48	7	3137161264	2.23132e-09
genome	49	9	3137161264	2.86884e-09
genome	50	8	3137161264	2.55008e-09
genome	51	6	3137161264	1.91256e-09
genome	52	4	3137161264	1.27504e-09
genome	53	5	3137161264	1.5938e-09
genome	54	12	3137161264	3.82511e-09
genome	55	16	3137161264	5.10015e-09
genome	56	29	3137161264	9.24403e-09
genome	57	23	3137161264	7.33147e-09
genome	58	23	3137161264	7.33147e-09
genome	59	23	3137161264	7.33147e-09
genome	60	22	3137161264	7.01271e-09
genome	61	20	3137161264	6.37519e-09
genome	62	4	3137161264	1.27504e-09
genome	63	5	3137161264	1.5938e-09
genome	64	7	3137161264	2.23132e-09
genome	65	10	3137161264	3.1876e-09
genome	66	3	3137161264	9.56279e-10
genome	67	5	3137161264	1.5938e-09
genome	68	3	3137161264	9.56279e-10
genome	69	1	3137161264	3.1876e-10
