chrM	0	10534	16571	0.635689
chrM	1	4914	16571	0.296542
chrM	2	983	16571	0.0593205
chrM	3	140	16571	0.00844849
chr1	0	245816660	249250621	0.986223
chr1	1	3401992	249250621	0.0136489
chr1	2	29897	249250621	0.000119948
chr1	3	503	249250621	2.01805e-06
chr1	4	163	249250621	6.5396e-07
chr1	5	74	249250621	2.9689e-07
chr1	6	54	249250621	2.16649e-07
chr1	7	54	249250621	2.16649e-07
chr1	8	20	249250621	8.02405e-08
chr1	9	19	249250621	7.62285e-08
chr1	10	15	249250621	6.01804e-08
chr1	11	48	249250621	1.92577e-07
chr1	12	25	249250621	1.00301e-07
chr1	13	33	249250621	1.32397e-07
chr1	14	40	249250621	1.60481e-07
chr1	15	23	249250621	9.22766e-08
chr1	16	28	249250621	1.12337e-07
chr1	17	58	249250621	2.32698e-07
chr1	18	54	249250621	2.16649e-07
chr1	19	44	249250621	1.76529e-07
chr1	20	45	249250621	1.80541e-07
chr1	21	32	249250621	1.28385e-07
chr1	22	38	249250621	1.52457e-07
chr1	23	50	249250621	2.00601e-07
chr1	24	43	249250621	1.72517e-07
chr1	25	41	249250621	1.64493e-07
chr1	26	25	249250621	1.00301e-07
chr1	27	29	249250621	1.16349e-07
chr1	28	33	249250621	1.32397e-07
chr1	29	26	249250621	1.04313e-07
chr1	30	19	249250621	7.62285e-08
chr1	31	13	249250621	5.21563e-08
chr1	32	10	249250621	4.01203e-08
chr1	33	19	249250621	7.62285e-08
chr1	34	25	249250621	1.00301e-07
chr1	35	35	249250621	1.40421e-07
chr1	36	19	249250621	7.62285e-08
chr1	37	10	249250621	4.01203e-08
chr1	38	11	249250621	4.41323e-08
chr1	39	13	249250621	5.21563e-08
chr1	40	10	249250621	4.01203e-08
chr1	41	9	249250621	3.61082e-08
chr1	42	6	249250621	2.40722e-08
chr1	43	6	249250621	2.40722e-08
chr1	44	9	249250621	3.61082e-08
chr1	45	4	249250621	1.60481e-08
chr1	46	9	249250621	3.61082e-08
chr1	47	4	249250621	1.60481e-08
chr1	48	7	249250621	2.80842e-08
chr1	49	2	249250621	8.02405e-09
chr1	50	4	249250621	1.60481e-08
chr1	51	10	249250621	4.01203e-08
chr1	52	10	249250621	4.01203e-08
chr1	53	13	249250621	5.21563e-08
chr1	54	10	249250621	4.01203e-08
chr1	55	4	249250621	1.60481e-08
chr1	56	4	249250621	1.60481e-08
chr1	57	9	249250621	3.61082e-08
chr1	58	10	249250621	4.01203e-08
chr1	59	12	249250621	4.81443e-08
chr1	60	2	249250621	8.02405e-09
chr1	61	10	249250621	4.01203e-08
chr1	62	15	249250621	6.01804e-08
chr1	63	15	249250621	6.01804e-08
chr1	64	29	249250621	1.16349e-07
chr1	65	22	249250621	8.82646e-08
chr1	66	15	249250621	6.01804e-08
chr1	67	11	249250621	4.41323e-08
chr1	68	7	249250621	2.80842e-08
chr1	69	3	249250621	1.20361e-08
chr2	0	240570042	243199373	0.989189
chr2	1	2601595	243199373	0.0106974
chr2	2	20353	243199373	8.36885e-05
chr2	3	3041	243199373	1.25041e-05
chr2	4	1899	243199373	7.80841e-06
chr2	5	911	243199373	3.7459e-06
chr2	6	512	243199373	2.10527e-06
chr2	7	340	243199373	1.39803e-06
chr2	8	197	243199373	8.10035e-07
chr2	9	152	243199373	6.25002e-07
chr2	10	60	243199373	2.46711e-07
chr2	11	110	243199373	4.52304e-07
chr2	12	35	243199373	1.43915e-07
chr2	13	30	243199373	1.23356e-07
chr2	14	14	243199373	5.75659e-08
chr2	15	22	243199373	9.04608e-08
chr2	16	30	243199373	1.23356e-07
chr2	17	4	243199373	1.64474e-08
chr2	18	9	243199373	3.70067e-08
chr2	19	17	243199373	6.99015e-08
chr3	0	195871692	198022430	0.989139
chr3	1	2139082	198022430	0.0108022
chr3	2	11483	198022430	5.79884e-05
chr3	3	60	198022430	3.02996e-07
chr3	4	4	198022430	2.01997e-08
chr3	5	4	198022430	2.01997e-08
chr3	6	3	198022430	1.51498e-08
chr3	7	4	198022430	2.01997e-08
chr3	8	1	198022430	5.04993e-09
chr3	9	7	198022430	3.53495e-08
chr3	10	2	198022430	1.00999e-08
chr3	11	5	198022430	2.52497e-08
chr3	12	3	198022430	1.51498e-08
chr3	13	2	198022430	1.00999e-08
chr3	14	4	198022430	2.01997e-08
chr3	15	3	198022430	1.51498e-08
chr3	16	3	198022430	1.51498e-08
chr3	17	5	198022430	2.52497e-08
chr3	18	3	198022430	1.51498e-08
chr3	19	1	198022430	5.04993e-09
chr3	20	5	198022430	2.52497e-08
chr3	21	5	198022430	2.52497e-08
chr3	22	4	198022430	2.01997e-08
chr3	23	4	198022430	2.01997e-08
chr3	24	3	198022430	1.51498e-08
chr3	25	2	198022430	1.00999e-08
chr3	26	5	198022430	2.52497e-08
chr3	27	3	198022430	1.51498e-08
chr3	28	10	198022430	5.04993e-08
chr3	29	13	198022430	6.56491e-08
chr3	30	5	198022430	2.52497e-08
chr4	0	189627873	191154276	0.992015
chr4	1	1511626	191154276	0.00790789
chr4	2	10549	191154276	5.51858e-05
chr4	3	2013	191154276	1.05308e-05
chr4	4	975	191154276	5.10059e-06
chr4	5	424	191154276	2.2181e-06
chr4	6	214	191154276	1.11951e-06
chr4	7	284	191154276	1.48571e-06
chr4	8	160	191154276	8.3702e-07
chr4	9	30	191154276	1.56941e-07
chr4	10	67	191154276	3.50502e-07
chr4	11	57	191154276	2.98188e-07
chr4	12	4	191154276	2.09255e-08
chr5	0	179150030	180915260	0.990243
chr5	1	1754899	180915260	0.00970012
chr5	2	10120	180915260	5.59378e-05
chr5	3	132	180915260	7.29623e-07
chr5	4	28	180915260	1.54769e-07
chr5	5	2	180915260	1.10549e-08
chr5	6	5	180915260	2.76372e-08
chr5	7	2	180915260	1.10549e-08
chr5	8	1	180915260	5.52745e-09
chr5	9	19	180915260	1.05022e-07
chr5	10	22	180915260	1.21604e-07
chr6	0	167804239	171115067	0.980651
chr6	1	3222185	171115067	0.0188305
chr6	2	79801	171115067	0.000466359
chr6	3	4604	171115067	2.69059e-05
chr6	4	568	171115067	3.3194e-06
chr6	5	371	171115067	2.16813e-06
chr6	6	319	171115067	1.86424e-06
chr6	7	235	171115067	1.37334e-06
chr6	8	192	171115067	1.12205e-06
chr6	9	183	171115067	1.06946e-06
chr6	10	213	171115067	1.24478e-06
chr6	11	240	171115067	1.40256e-06
chr6	12	319	171115067	1.86424e-06
chr6	13	288	171115067	1.68308e-06
chr6	14	292	171115067	1.70645e-06
chr6	15	289	171115067	1.68892e-06
chr6	16	217	171115067	1.26815e-06
chr6	17	224	171115067	1.30906e-06
chr6	18	128	171115067	7.48035e-07
chr6	19	91	171115067	5.31806e-07
chr6	20	49	171115067	2.86357e-07
chr6	21	16	171115067	9.35043e-08
chr6	22	4	171115067	2.33761e-08
chr7	0	156828205	159138663	0.985482
chr7	1	2289025	159138663	0.0143838
chr7	2	17625	159138663	0.000110752
chr7	3	729	159138663	4.58091e-06
chr7	4	631	159138663	3.9651e-06
chr7	5	464	159138663	2.9157e-06
chr7	6	251	159138663	1.57724e-06
chr7	7	291	159138663	1.82859e-06
chr7	8	163	159138663	1.02426e-06
chr7	9	120	159138663	7.54059e-07
chr7	10	126	159138663	7.91762e-07
chr7	11	117	159138663	7.35208e-07
chr7	12	75	159138663	4.71287e-07
chr7	13	69	159138663	4.33584e-07
chr7	14	66	159138663	4.14733e-07
chr7	15	95	159138663	5.96964e-07
chr7	16	88	159138663	5.52977e-07
chr7	17	103	159138663	6.47234e-07
chr7	18	64	159138663	4.02165e-07
chr7	19	40	159138663	2.51353e-07
chr7	20	37	159138663	2.32502e-07
chr7	21	73	159138663	4.58719e-07
chr7	22	53	159138663	3.33043e-07
chr7	23	46	159138663	2.89056e-07
chr7	24	40	159138663	2.51353e-07
chr7	25	26	159138663	1.6338e-07
chr7	26	21	159138663	1.3196e-07
chr7	27	11	159138663	6.91221e-08
chr7	28	8	159138663	5.02706e-08
chr7	29	1	159138663	6.28383e-09
chr8	0	143065370	146364022	0.977463
chr8	1	3226439	146364022	0.0220439
chr8	2	56657	146364022	0.000387097
chr8	3	5013	146364022	3.42502e-05
chr8	4	3084	146364022	2.10708e-05
chr8	5	2064	146364022	1.41018e-05
chr8	6	1499	146364022	1.02416e-05
chr8	7	1076	146364022	7.35153e-06
chr8	8	875	146364022	5.97825e-06
chr8	9	684	146364022	4.67328e-06
chr8	10	337	146364022	2.30248e-06
chr8	11	263	146364022	1.79689e-06
chr8	12	135	146364022	9.22358e-07
chr8	13	115	146364022	7.85712e-07
chr8	14	88	146364022	6.01241e-07
chr8	15	118	146364022	8.06209e-07
chr8	16	35	146364022	2.3913e-07
chr8	17	39	146364022	2.66459e-07
chr8	18	33	146364022	2.25465e-07
chr8	19	17	146364022	1.16149e-07
chr8	20	21	146364022	1.43478e-07
chr8	21	14	146364022	9.56519e-08
chr8	22	24	146364022	1.63975e-07
chr8	23	20	146364022	1.36646e-07
chr8	24	2	146364022	1.36646e-08
chr9	0	139259752	141213431	0.986165
chr9	1	1932117	141213431	0.0136822
chr9	2	20649	141213431	0.000146225
chr9	3	433	141213431	3.06628e-06
chr9	4	135	141213431	9.56e-07
chr9	5	137	141213431	9.70163e-07
chr9	6	40	141213431	2.83259e-07
chr9	7	47	141213431	3.3283e-07
chr9	8	61	141213431	4.3197e-07
chr9	9	19	141213431	1.34548e-07
chr9	10	18	141213431	1.27467e-07
chr9	11	23	141213431	1.62874e-07
chr10	0	133636032	135534747	0.985991
chr10	1	1868436	135534747	0.0137857
chr10	2	17340	135534747	0.000127938
chr10	3	2784	135534747	2.05409e-05
chr10	4	1569	135534747	1.15764e-05
chr10	5	1417	135534747	1.04549e-05
chr10	6	860	135534747	6.34524e-06
chr10	7	847	135534747	6.24932e-06
chr10	8	655	135534747	4.83271e-06
chr10	9	593	135534747	4.37526e-06
chr10	10	455	135534747	3.35707e-06
chr10	11	358	135534747	2.64139e-06
chr10	12	282	135534747	2.08065e-06
chr10	13	304	135534747	2.24297e-06
chr10	14	301	135534747	2.22083e-06
chr10	15	231	135534747	1.70436e-06
chr10	16	256	135534747	1.88881e-06
chr10	17	280	135534747	2.06589e-06
chr10	18	182	135534747	1.34283e-06
chr10	19	229	135534747	1.6896e-06
chr10	20	131	135534747	9.66542e-07
chr10	21	119	135534747	8.78004e-07
chr10	22	142	135534747	1.0477e-06
chr10	23	113	135534747	8.33735e-07
chr10	24	128	135534747	9.44407e-07
chr10	25	122	135534747	9.00138e-07
chr10	26	115	135534747	8.48491e-07
chr10	27	75	135534747	5.53364e-07
chr10	28	51	135534747	3.76287e-07
chr10	29	46	135534747	3.39396e-07
chr10	30	26	135534747	1.91833e-07
chr10	31	41	135534747	3.02505e-07
chr10	32	24	135534747	1.77076e-07
chr10	33	37	135534747	2.72993e-07
chr10	34	36	135534747	2.65615e-07
chr10	35	18	135534747	1.32807e-07
chr10	36	27	135534747	1.99211e-07
chr10	37	25	135534747	1.84455e-07
chr10	38	16	135534747	1.18051e-07
chr10	39	18	135534747	1.32807e-07
chr10	40	7	135534747	5.16473e-08
chr10	41	6	135534747	4.42691e-08
chr10	42	8	135534747	5.90255e-08
chr10	43	5	135534747	3.68909e-08
chr11	0	132645926	135006516	0.982515
chr11	1	2335032	135006516	0.0172957
chr11	2	23318	135006516	0.000172718
chr11	3	851	135006516	6.3034e-06
chr11	4	392	135006516	2.90356e-06
chr11	5	298	135006516	2.2073e-06
chr11	6	201	135006516	1.48882e-06
chr11	7	171	135006516	1.26661e-06
chr11	8	49	135006516	3.62945e-07
chr11	9	105	135006516	7.7774e-07
chr11	10	58	135006516	4.29609e-07
chr11	11	53	135006516	3.92574e-07
chr11	12	22	135006516	1.62955e-07
chr11	13	10	135006516	7.40705e-08
chr11	14	2	135006516	1.48141e-08
chr11	15	5	135006516	3.70352e-08
chr11	16	20	135006516	1.48141e-07
chr11	17	3	135006516	2.22212e-08
chr12	0	132695886	133851895	0.991364
chr12	1	1150124	133851895	0.00859251
chr12	2	5580	133851895	4.16879e-05
chr12	3	176	133851895	1.31489e-06
chr12	4	75	133851895	5.60321e-07
chr12	5	36	133851895	2.68954e-07
chr12	6	18	133851895	1.34477e-07
chr13	0	113731414	115169878	0.98751
chr13	1	1427802	115169878	0.0123974
chr13	2	10588	115169878	9.19338e-05
chr13	3	74	115169878	6.42529e-07
chr14	0	106398719	107349540	0.991143
chr14	1	945915	107349540	0.00881154
chr14	2	4808	107349540	4.47883e-05
chr14	3	57	107349540	5.30976e-07
chr14	4	7	107349540	6.52075e-08
chr14	5	34	107349540	3.16722e-07
chr15	0	101758803	102531392	0.992465
chr15	1	767319	102531392	0.00748375
chr15	2	5179	102531392	5.05114e-05
chr15	3	91	102531392	8.87533e-07
chr16	0	89138708	90354753	0.986541
chr16	1	1171809	90354753	0.012969
chr16	2	15059	90354753	0.000166665
chr16	3	4345	90354753	4.80882e-05
chr16	4	3723	90354753	4.12043e-05
chr16	5	3718	90354753	4.11489e-05
chr16	6	3545	90354753	3.92342e-05
chr16	7	3022	90354753	3.34459e-05
chr16	8	2598	90354753	2.87533e-05
chr16	9	2064	90354753	2.28433e-05
chr16	10	1666	90354753	1.84384e-05
chr16	11	1252	90354753	1.38565e-05
chr16	12	873	90354753	9.66192e-06
chr16	13	727	90354753	8.04606e-06
chr16	14	508	90354753	5.62228e-06
chr16	15	358	90354753	3.96216e-06
chr16	16	270	90354753	2.98822e-06
chr16	17	195	90354753	2.15816e-06
chr16	18	160	90354753	1.7708e-06
chr16	19	63	90354753	6.97252e-07
chr16	20	43	90354753	4.75902e-07
chr16	21	35	90354753	3.87362e-07
chr16	22	5	90354753	5.53374e-08
chr16	23	4	90354753	4.42699e-08
chr16	24	3	90354753	3.32025e-08
chr17	0	80233026	81195210	0.98815
chr17	1	951411	81195210	0.0117176
chr17	2	9573	81195210	0.000117901
chr17	3	766	81195210	9.43405e-06
chr17	4	230	81195210	2.83268e-06
chr17	5	108	81195210	1.33013e-06
chr17	6	37	81195210	4.55692e-07
chr17	7	59	81195210	7.26644e-07
chr18	0	77144042	78077248	0.988048
chr18	1	925170	78077248	0.0118494
chr18	2	6458	78077248	8.2713e-05
chr18	3	391	78077248	5.00786e-06
chr18	4	365	78077248	4.67486e-06
chr18	5	217	78077248	2.7793e-06
chr18	6	117	78077248	1.49852e-06
chr18	7	115	78077248	1.4729e-06
chr18	8	60	78077248	7.6847e-07
chr18	9	45	78077248	5.76352e-07
chr18	10	60	78077248	7.6847e-07
chr18	11	34	78077248	4.35466e-07
chr18	12	12	78077248	1.53694e-07
chr18	13	13	78077248	1.66502e-07
chr18	14	52	78077248	6.66007e-07
chr18	15	9	78077248	1.1527e-07
chr18	16	11	78077248	1.40886e-07
chr18	17	7	78077248	8.96548e-08
chr18	18	16	78077248	2.04925e-07
chr18	19	11	78077248	1.40886e-07
chr18	20	13	78077248	1.66502e-07
chr18	21	3	78077248	3.84235e-08
chr18	22	2	78077248	2.56157e-08
chr18	23	4	78077248	5.12313e-08
chr18	24	3	78077248	3.84235e-08
chr18	25	4	78077248	5.12313e-08
chr18	26	1	78077248	1.28078e-08
chr18	27	9	78077248	1.1527e-07
chr18	28	4	78077248	5.12313e-08
chr19	0	58482711	59128983	0.98907
chr19	1	637866	59128983	0.0107877
chr19	2	5752	59128983	9.72789e-05
chr19	3	537	59128983	9.08184e-06
chr19	4	305	59128983	5.15821e-06
chr19	5	334	59128983	5.64867e-06
chr19	6	191	59128983	3.23023e-06
chr19	7	159	59128983	2.68904e-06
chr19	8	120	59128983	2.02946e-06
chr19	9	191	59128983	3.23023e-06
chr19	10	84	59128983	1.42062e-06
chr19	11	65	59128983	1.09929e-06
chr19	12	47	59128983	7.94872e-07
chr19	13	79	59128983	1.33606e-06
chr19	14	48	59128983	8.11785e-07
chr19	15	35	59128983	5.91926e-07
chr19	16	67	59128983	1.13312e-06
chr19	17	51	59128983	8.62521e-07
chr19	18	33	59128983	5.58102e-07
chr19	19	22	59128983	3.72068e-07
chr19	20	55	59128983	9.3017e-07
chr19	21	9	59128983	1.5221e-07
chr19	22	12	59128983	2.02946e-07
chr19	23	10	59128983	1.69122e-07
chr19	24	14	59128983	2.36771e-07
chr19	25	11	59128983	1.86034e-07
chr19	26	22	59128983	3.72068e-07
chr19	27	13	59128983	2.19858e-07
chr19	28	16	59128983	2.70595e-07
chr19	29	13	59128983	2.19858e-07
chr19	30	20	59128983	3.38244e-07
chr19	31	18	59128983	3.04419e-07
chr19	32	12	59128983	2.02946e-07
chr19	33	6	59128983	1.01473e-07
chr19	34	11	59128983	1.86034e-07
chr19	35	11	59128983	1.86034e-07
chr19	36	19	59128983	3.21331e-07
chr19	37	10	59128983	1.69122e-07
chr19	38	4	59128983	6.76487e-08
chr20	0	61865540	63025520	0.981595
chr20	1	1149136	63025520	0.0182329
chr20	2	10426	63025520	0.000165425
chr20	3	264	63025520	4.18878e-06
chr20	4	41	63025520	6.5053e-07
chr20	5	60	63025520	9.51995e-07
chr20	6	6	63025520	9.51995e-08
chr20	7	1	63025520	1.58666e-08
chr20	8	4	63025520	6.34664e-08
chr20	9	2	63025520	3.17332e-08
chr20	10	3	63025520	4.75998e-08
chr20	11	11	63025520	1.74532e-07
chr20	12	26	63025520	4.12531e-07
chr21	0	47341613	48129895	0.983622
chr21	1	777163	48129895	0.0161472
chr21	2	10374	48129895	0.000215542
chr21	3	470	48129895	9.76524e-06
chr21	4	101	48129895	2.09849e-06
chr21	5	34	48129895	7.06422e-07
chr21	6	56	48129895	1.16352e-06
chr21	7	22	48129895	4.57096e-07
chr21	8	13	48129895	2.70102e-07
chr21	9	29	48129895	6.02536e-07
chr21	10	20	48129895	4.15542e-07
chr22	0	50828934	51304566	0.990729
chr22	1	471897	51304566	0.00919795
chr22	2	3660	51304566	7.13387e-05
chr22	3	15	51304566	2.92372e-07
chr22	4	2	51304566	3.89829e-08
chr22	5	3	51304566	5.84743e-08
chr22	6	2	51304566	3.89829e-08
chr22	7	6	51304566	1.16949e-07
chr22	8	2	51304566	3.89829e-08
chr22	9	3	51304566	5.84743e-08
chr22	10	2	51304566	3.89829e-08
chr22	11	1	51304566	1.94914e-08
chr22	12	3	51304566	5.84743e-08
chr22	13	3	51304566	5.84743e-08
chr22	14	33	51304566	6.43218e-07
chrX	0	153991222	155270560	0.991761
chrX	1	1270702	155270560	0.00818379
chrX	2	7648	155270560	4.9256e-05
chrX	3	808	155270560	5.20382e-06
chrX	4	82	155270560	5.2811e-07
chrX	5	51	155270560	3.28459e-07
chrX	6	10	155270560	6.44037e-08
chrX	7	11	155270560	7.08441e-08
chrX	8	26	155270560	1.6745e-07
chrY	0	59308111	59373566	0.998898
chrY	1	60829	59373566	0.00102451
chrY	2	2974	59373566	5.00896e-05
chrY	3	852	59373566	1.43498e-05
chrY	4	321	59373566	5.40645e-06
chrY	5	279	59373566	4.69906e-06
chrY	6	62	59373566	1.04424e-06
chrY	7	39	59373566	6.56858e-07
chrY	8	16	59373566	2.6948e-07
chrY	9	11	59373566	1.85268e-07
chrY	10	25	59373566	4.21063e-07
chrY	11	11	59373566	1.85268e-07
chrY	12	7	59373566	1.17898e-07
chrY	13	10	59373566	1.68425e-07
chrY	14	4	59373566	6.737e-08
chrY	15	15	59373566	2.52638e-07
chr1_gl000191_random	0	105783	106433	0.993893
chr1_gl000191_random	1	650	106433	0.00610713
chr1_gl000192_random	0	537669	547496	0.982051
chr1_gl000192_random	1	9704	547496	0.0177243
chr1_gl000192_random	2	123	547496	0.000224659
chr4_ctg9_hap1	0	588226	590426	0.996274
chr4_ctg9_hap1	1	2200	590426	0.00372612
chr4_gl000193_random	0	185020	189789	0.974872
chr4_gl000193_random	1	4738	189789	0.0249646
chr4_gl000193_random	2	31	189789	0.000163339
chr4_gl000194_random	0	187019	191469	0.976759
chr4_gl000194_random	1	4450	191469	0.0232414
chr6_apd_hap1	0	4616690	4622290	0.998788
chr6_apd_hap1	1	5600	4622290	0.00121152
chr6_cox_hap2	0	4782721	4795371	0.997362
chr6_cox_hap2	1	12650	4795371	0.00263796
chr6_dbb_hap3	0	4601366	4610396	0.998041
chr6_dbb_hap3	1	9010	4610396	0.00195428
chr6_dbb_hap3	2	20	4610396	4.33802e-06
chr6_mann_hap4	0	4672922	4683263	0.997792
chr6_mann_hap4	1	10332	4683263	0.00220615
chr6_mann_hap4	2	9	4683263	1.92174e-06
chr6_mcf_hap5	0	4824098	4833398	0.998076
chr6_mcf_hap5	1	9300	4833398	0.00192411
chr6_qbl_hap6	0	4600534	4611984	0.997517
chr6_qbl_hap6	1	11450	4611984	0.00248266
chr6_ssto_hap7	0	4918067	4928567	0.99787
chr6_ssto_hap7	1	10500	4928567	0.00213044
chr7_gl000195_random	0	174198	182896	0.952443
chr7_gl000195_random	1	8546	182896	0.046726
chr7_gl000195_random	2	152	182896	0.000831073
chr8_gl000196_random	0	38264	38914	0.983297
chr8_gl000196_random	1	650	38914	0.0167035
chr8_gl000197_random	0	37025	37175	0.995965
chr8_gl000197_random	1	150	37175	0.00403497
chr9_gl000198_random	0	86857	90085	0.964167
chr9_gl000198_random	1	2956	90085	0.0328135
chr9_gl000198_random	2	272	90085	0.00301937
chr9_gl000199_random	0	143764	169874	0.846298
chr9_gl000199_random	1	20455	169874	0.120413
chr9_gl000199_random	2	4039	169874	0.0237764
chr9_gl000199_random	3	881	169874	0.0051862
chr9_gl000199_random	4	363	169874	0.00213688
chr9_gl000199_random	5	115	169874	0.000676972
chr9_gl000199_random	6	59	169874	0.000347316
chr9_gl000199_random	7	45	169874	0.000264902
chr9_gl000199_random	8	13	169874	7.65273e-05
chr9_gl000199_random	9	19	169874	0.000111848
chr9_gl000199_random	10	54	169874	0.000317883
chr9_gl000199_random	11	13	169874	7.65273e-05
chr9_gl000199_random	12	8	169874	4.70937e-05
chr9_gl000199_random	13	5	169874	2.94336e-05
chr9_gl000199_random	14	6	169874	3.53203e-05
chr9_gl000199_random	15	2	169874	1.17734e-05
chr9_gl000199_random	16	10	169874	5.88672e-05
chr9_gl000199_random	17	1	169874	5.88672e-06
chr9_gl000199_random	18	5	169874	2.94336e-05
chr9_gl000199_random	19	12	169874	7.06406e-05
chr9_gl000199_random	20	5	169874	2.94336e-05
chr9_gl000200_random	0	185685	187035	0.992782
chr9_gl000200_random	1	1350	187035	0.0072179
chr9_gl000201_random	0	36098	36148	0.998617
chr9_gl000201_random	1	50	36148	0.0013832
chr11_gl000202_random	0	39653	40103	0.988779
chr11_gl000202_random	1	450	40103	0.0112211
chr17_ctg5_hap1	0	1673978	1680828	0.995925
chr17_ctg5_hap1	1	6850	1680828	0.00407537
chr17_gl000203_random	0	36948	37498	0.985333
chr17_gl000203_random	1	550	37498	0.0146674
chr17_gl000204_random	0	80710	81310	0.992621
chr17_gl000204_random	1	600	81310	0.00737917
chr17_gl000205_random	0	166666	174588	0.954625
chr17_gl000205_random	1	7844	174588	0.0449286
chr17_gl000205_random	2	78	174588	0.000446766
chr17_gl000206_random	0	40810	41001	0.995342
chr17_gl000206_random	1	182	41001	0.00443892
chr17_gl000206_random	2	9	41001	0.000219507
chr18_gl000207_random	0	4212	4262	0.988268
chr18_gl000207_random	1	50	4262	0.0117316
chr19_gl000208_random	0	88116	92689	0.950663
chr19_gl000208_random	1	4129	92689	0.0445468
chr19_gl000208_random	2	411	92689	0.00443418
chr19_gl000208_random	3	33	92689	0.000356029
chr19_gl000209_random	0	158519	159169	0.995916
chr19_gl000209_random	1	650	159169	0.00408371
chr21_gl000210_random	0	27432	27682	0.990969
chr21_gl000210_random	1	250	27682	0.00903114
chrUn_gl000211	0	162496	166566	0.975565
chrUn_gl000211	1	3990	166566	0.0239545
chrUn_gl000211	2	80	166566	0.00048029
chrUn_gl000212	0	183711	186858	0.983158
chrUn_gl000212	1	3144	186858	0.0168256
chrUn_gl000212	2	3	186858	1.6055e-05
chrUn_gl000213	0	162489	164239	0.989345
chrUn_gl000213	1	1750	164239	0.0106552
chrUn_gl000214	0	124882	137718	0.906795
chrUn_gl000214	1	10301	137718	0.0747978
chrUn_gl000214	2	1809	137718	0.0131355
chrUn_gl000214	3	477	137718	0.0034636
chrUn_gl000214	4	195	137718	0.00141594
chrUn_gl000214	5	54	137718	0.000392106
chrUn_gl000215	0	170895	172545	0.990437
chrUn_gl000215	1	1650	172545	0.00956272
chrUn_gl000216	0	158018	172294	0.917142
chrUn_gl000216	1	11480	172294	0.0666303
chrUn_gl000216	2	1763	172294	0.0102325
chrUn_gl000216	3	448	172294	0.00260021
chrUn_gl000216	4	194	172294	0.00112598
chrUn_gl000216	5	114	172294	0.00066166
chrUn_gl000216	6	92	172294	0.000533971
chrUn_gl000216	7	57	172294	0.00033083
chrUn_gl000216	8	26	172294	0.000150905
chrUn_gl000216	9	10	172294	5.80403e-05
chrUn_gl000216	10	37	172294	0.000214749
chrUn_gl000216	11	28	172294	0.000162513
chrUn_gl000216	12	5	172294	2.90202e-05
chrUn_gl000216	13	4	172294	2.32161e-05
chrUn_gl000216	14	8	172294	4.64323e-05
chrUn_gl000216	15	7	172294	4.06282e-05
chrUn_gl000216	16	3	172294	1.74121e-05
chrUn_gl000217	0	167497	172149	0.972977
chrUn_gl000217	1	4554	172149	0.0264538
chrUn_gl000217	2	98	172149	0.000569274
chrUn_gl000218	0	156865	161147	0.973428
chrUn_gl000218	1	4214	161147	0.02615
chrUn_gl000218	2	68	161147	0.000421975
chrUn_gl000219	0	171830	179198	0.958883
chrUn_gl000219	1	7086	179198	0.0395429
chrUn_gl000219	2	282	179198	0.00157368
chrUn_gl000220	0	105444	161802	0.651685
chrUn_gl000220	1	19980	161802	0.123484
chrUn_gl000220	2	10125	161802	0.0625765
chrUn_gl000220	3	7959	161802	0.0491898
chrUn_gl000220	4	5924	161802	0.0366126
chrUn_gl000220	5	4391	161802	0.0271381
chrUn_gl000220	6	3118	161802	0.0192705
chrUn_gl000220	7	2305	161802	0.0142458
chrUn_gl000220	8	1339	161802	0.00827555
chrUn_gl000220	9	639	161802	0.00394927
chrUn_gl000220	10	338	161802	0.00208897
chrUn_gl000220	11	144	161802	0.000889977
chrUn_gl000220	12	52	161802	0.00032138
chrUn_gl000220	13	20	161802	0.000123608
chrUn_gl000220	14	22	161802	0.000135969
chrUn_gl000220	15	2	161802	1.23608e-05
chrUn_gl000221	0	150681	155397	0.969652
chrUn_gl000221	1	4632	155397	0.0298075
chrUn_gl000221	2	84	155397	0.000540551
chrUn_gl000222	0	184781	186861	0.988869
chrUn_gl000222	1	2010	186861	0.0107567
chrUn_gl000222	2	70	186861	0.00037461
chrUn_gl000223	0	180055	180455	0.997783
chrUn_gl000223	1	400	180455	0.00221662
chrUn_gl000224	0	169219	179693	0.941712
chrUn_gl000224	1	9020	179693	0.0501967
chrUn_gl000224	2	1042	179693	0.00579878
chrUn_gl000224	3	269	179693	0.001497
chrUn_gl000224	4	127	179693	0.000706761
chrUn_gl000224	5	15	179693	8.34757e-05
chrUn_gl000224	6	1	179693	5.56505e-06
chrUn_gl000225	0	189149	211173	0.895706
chrUn_gl000225	1	18628	211173	0.088212
chrUn_gl000225	2	2474	211173	0.0117155
chrUn_gl000225	3	588	211173	0.00278445
chrUn_gl000225	4	150	211173	0.000710318
chrUn_gl000225	5	77	211173	0.00036463
chrUn_gl000225	6	41	211173	0.000194154
chrUn_gl000225	7	21	211173	9.94445e-05
chrUn_gl000225	8	2	211173	9.47091e-06
chrUn_gl000225	9	3	211173	1.42064e-05
chrUn_gl000225	10	10	211173	4.73545e-05
chrUn_gl000225	11	21	211173	9.94445e-05
chrUn_gl000225	12	9	211173	4.26191e-05
chrUn_gl000226	0	1095	15008	0.0729611
chrUn_gl000226	1	1262	15008	0.0840885
chrUn_gl000226	2	1489	15008	0.0992137
chrUn_gl000226	3	1645	15008	0.109608
chrUn_gl000226	4	1586	15008	0.105677
chrUn_gl000226	5	1658	15008	0.110474
chrUn_gl000226	6	1514	15008	0.10088
chrUn_gl000226	7	1356	15008	0.0903518
chrUn_gl000226	8	1075	15008	0.0716285
chrUn_gl000226	9	795	15008	0.0529717
chrUn_gl000226	10	580	15008	0.0386461
chrUn_gl000226	11	425	15008	0.0283182
chrUn_gl000226	12	258	15008	0.0171908
chrUn_gl000226	13	129	15008	0.00859542
chrUn_gl000226	14	83	15008	0.00553038
chrUn_gl000226	15	34	15008	0.00226546
chrUn_gl000226	16	20	15008	0.00133262
chrUn_gl000226	17	2	15008	0.000133262
chrUn_gl000226	18	2	15008	0.000133262
chrUn_gl000227	0	127374	128374	0.99221
chrUn_gl000227	1	1000	128374	0.00778974
chrUn_gl000228	0	126452	129120	0.979337
chrUn_gl000228	1	2001	129120	0.0154972
chrUn_gl000228	2	439	129120	0.00339994
chrUn_gl000228	3	91	129120	0.000704771
chrUn_gl000228	4	94	129120	0.000728005
chrUn_gl000228	5	36	129120	0.00027881
chrUn_gl000228	6	7	129120	5.42131e-05
chrUn_gl000229	0	19213	19913	0.964847
chrUn_gl000229	1	700	19913	0.0351529
chrUn_gl000230	0	42419	43691	0.970886
chrUn_gl000230	1	1244	43691	0.0284727
chrUn_gl000230	2	28	43691	0.000640864
chrUn_gl000231	0	26376	27386	0.96312
chrUn_gl000231	1	970	27386	0.0354196
chrUn_gl000231	2	40	27386	0.0014606
chrUn_gl000232	0	37733	40652	0.928195
chrUn_gl000232	1	2790	40652	0.0686313
chrUn_gl000232	2	127	40652	0.00312408
chrUn_gl000232	3	2	40652	4.91981e-05
chrUn_gl000233	0	45073	45941	0.981106
chrUn_gl000233	1	836	45941	0.0181973
chrUn_gl000233	2	32	45941	0.000696546
chrUn_gl000234	0	38781	40531	0.956823
chrUn_gl000234	1	1700	40531	0.0419432
chrUn_gl000234	2	50	40531	0.00123362
chrUn_gl000235	0	33049	34474	0.958664
chrUn_gl000235	1	1400	34474	0.0406103
chrUn_gl000235	2	25	34474	0.000725184
chrUn_gl000236	0	41284	41934	0.984499
chrUn_gl000236	1	650	41934	0.0155005
chrUn_gl000237	0	44258	45867	0.96492
chrUn_gl000237	1	1518	45867	0.0330957
chrUn_gl000237	2	91	45867	0.001984
chrUn_gl000238	0	39681	39939	0.99354
chrUn_gl000238	1	216	39939	0.00540825
chrUn_gl000238	2	42	39939	0.0010516
chrUn_gl000239	0	32208	33824	0.952223
chrUn_gl000239	1	1507	33824	0.0445542
chrUn_gl000239	2	63	33824	0.00186258
chrUn_gl000239	3	17	33824	0.000502602
chrUn_gl000239	4	29	33824	0.000857379
chrUn_gl000240	0	40671	41933	0.969904
chrUn_gl000240	1	1224	41933	0.0291894
chrUn_gl000240	2	38	41933	0.000906208
chrUn_gl000241	0	39821	42152	0.9447
chrUn_gl000241	1	2162	42152	0.0512906
chrUn_gl000241	2	169	42152	0.0040093
chrUn_gl000242	0	43073	43523	0.989661
chrUn_gl000242	1	450	43523	0.0103394
chrUn_gl000243	0	41686	43341	0.961814
chrUn_gl000243	1	1610	43341	0.0371473
chrUn_gl000243	2	45	43341	0.00103828
chrUn_gl000244	0	39429	39929	0.987478
chrUn_gl000244	1	500	39929	0.0125222
chrUn_gl000245	0	34999	36651	0.954926
chrUn_gl000245	1	1604	36651	0.0437642
chrUn_gl000245	2	48	36651	0.00130965
chrUn_gl000246	0	37854	38154	0.992137
chrUn_gl000246	1	300	38154	0.00786287
chrUn_gl000247	0	35426	36422	0.972654
chrUn_gl000247	1	992	36422	0.0272363
chrUn_gl000247	2	4	36422	0.000109824
chrUn_gl000248	0	39436	39786	0.991203
chrUn_gl000248	1	350	39786	0.00879706
chrUn_gl000249	0	38102	38502	0.989611
chrUn_gl000249	1	400	38502	0.0103891
genome	0	3098327639	3137161264	0.987621
genome	1	38271006	3137161264	0.0121992
genome	2	422626	3137161264	0.000134716
genome	3	41559	3137161264	1.32473e-05
genome	4	23362	3137161264	7.44686e-06
genome	5	17500	3137161264	5.57829e-06
genome	6	12834	3137161264	4.09096e-06
genome	7	10569	3137161264	3.36897e-06
genome	8	7668	3137161264	2.44425e-06
genome	9	5742	3137161264	1.83032e-06
genome	10	4252	3137161264	1.35537e-06
genome	11	3279	3137161264	1.04521e-06
genome	12	2200	3137161264	7.01271e-07
genome	13	1841	3137161264	5.86836e-07
genome	14	1571	3137161264	5.00771e-07
genome	15	1248	3137161264	3.97812e-07
genome	16	1058	3137161264	3.37248e-07
genome	17	972	3137161264	3.09834e-07
genome	18	689	3137161264	2.19625e-07
genome	19	547	3137161264	1.74361e-07
genome	20	404	3137161264	1.28779e-07
genome	21	306	3137161264	9.75404e-08
genome	22	284	3137161264	9.05277e-08
genome	23	251	3137161264	8.00086e-08
genome	24	236	3137161264	7.52272e-08
genome	25	206	3137161264	6.56645e-08
genome	26	189	3137161264	6.02455e-08
genome	27	140	3137161264	4.46263e-08
genome	28	122	3137161264	3.88887e-08
genome	29	99	3137161264	3.15572e-08
genome	30	70	3137161264	2.23132e-08
genome	31	72	3137161264	2.29507e-08
genome	32	46	3137161264	1.46629e-08
genome	33	62	3137161264	1.97631e-08
genome	34	72	3137161264	2.29507e-08
genome	35	64	3137161264	2.04006e-08
genome	36	65	3137161264	2.07194e-08
genome	37	45	3137161264	1.43442e-08
genome	38	31	3137161264	9.88155e-09
genome	39	31	3137161264	9.88155e-09
genome	40	17	3137161264	5.41891e-09
genome	41	15	3137161264	4.78139e-09
genome	42	14	3137161264	4.46263e-09
genome	43	11	3137161264	3.50635e-09
genome	44	9	3137161264	2.86884e-09
genome	45	4	3137161264	1.27504e-09
genome	46	9	3137161264	2.86884e-09
genome	47	4	3137161264	1.27504e-09
genome	48	7	3137161264	2.23132e-09
genome	49	2	3137161264	6.37519e-10
genome	50	4	3137161264	1.27504e-09
genome	51	10	3137161264	3.1876e-09
genome	52	10	3137161264	3.1876e-09
genome	53	13	3137161264	4.14387e-09
genome	54	10	3137161264	3.1876e-09
genome	55	4	3137161264	1.27504e-09
genome	56	4	3137161264	1.27504e-09
genome	57	9	3137161264	2.86884e-09
genome	58	10	3137161264	3.1876e-09
genome	59	12	3137161264	3.82511e-09
genome	60	2	3137161264	6.37519e-10
genome	61	10	3137161264	3.1876e-09
genome	62	15	3137161264	4.78139e-09
genome	63	15	3137161264	4.78139e-09
genome	64	29	3137161264	9.24403e-09
genome	65	22	3137161264	7.01271e-09
genome	66	15	3137161264	4.78139e-09
genome	67	11	3137161264	3.50635e-09
genome	68	7	3137161264	2.23132e-09
genome	69	3	3137161264	9.56279e-10
