chrM	0	8473	16571	0.511315
chrM	1	5361	16571	0.323517
chrM	2	1937	16571	0.116891
chrM	3	578	16571	0.0348802
chrM	4	183	16571	0.0110434
chrM	5	35	16571	0.00211212
chrM	6	4	16571	0.000241386
chr1	0	245831841	249250621	0.986284
chr1	1	3386940	249250621	0.0135885
chr1	2	29316	249250621	0.000117617
chr1	3	851	249250621	3.41423e-06
chr1	4	242	249250621	9.7091e-07
chr1	5	139	249250621	5.57672e-07
chr1	6	64	249250621	2.5677e-07
chr1	7	28	249250621	1.12337e-07
chr1	8	16	249250621	6.41924e-08
chr1	9	21	249250621	8.42525e-08
chr1	10	41	249250621	1.64493e-07
chr1	11	24	249250621	9.62886e-08
chr1	12	26	249250621	1.04313e-07
chr1	13	24	249250621	9.62886e-08
chr1	14	24	249250621	9.62886e-08
chr1	15	27	249250621	1.08325e-07
chr1	16	26	249250621	1.04313e-07
chr1	17	33	249250621	1.32397e-07
chr1	18	26	249250621	1.04313e-07
chr1	19	47	249250621	1.88565e-07
chr1	20	32	249250621	1.28385e-07
chr1	21	48	249250621	1.92577e-07
chr1	22	42	249250621	1.68505e-07
chr1	23	42	249250621	1.68505e-07
chr1	24	72	249250621	2.88866e-07
chr1	25	42	249250621	1.68505e-07
chr1	26	41	249250621	1.64493e-07
chr1	27	34	249250621	1.36409e-07
chr1	28	38	249250621	1.52457e-07
chr1	29	17	249250621	6.82044e-08
chr1	30	27	249250621	1.08325e-07
chr1	31	19	249250621	7.62285e-08
chr1	32	24	249250621	9.62886e-08
chr1	33	13	249250621	5.21563e-08
chr1	34	22	249250621	8.82646e-08
chr1	35	7	249250621	2.80842e-08
chr1	36	16	249250621	6.41924e-08
chr1	37	16	249250621	6.41924e-08
chr1	38	12	249250621	4.81443e-08
chr1	39	15	249250621	6.01804e-08
chr1	40	20	249250621	8.02405e-08
chr1	41	9	249250621	3.61082e-08
chr1	42	10	249250621	4.01203e-08
chr1	43	10	249250621	4.01203e-08
chr1	44	11	249250621	4.41323e-08
chr1	45	16	249250621	6.41924e-08
chr1	46	9	249250621	3.61082e-08
chr1	47	5	249250621	2.00601e-08
chr1	48	7	249250621	2.80842e-08
chr1	49	2	249250621	8.02405e-09
chr1	50	6	249250621	2.40722e-08
chr1	51	8	249250621	3.20962e-08
chr1	52	15	249250621	6.01804e-08
chr1	53	17	249250621	6.82044e-08
chr1	54	11	249250621	4.41323e-08
chr1	55	19	249250621	7.62285e-08
chr1	56	19	249250621	7.62285e-08
chr1	57	27	249250621	1.08325e-07
chr1	58	30	249250621	1.20361e-07
chr1	59	13	249250621	5.21563e-08
chr1	60	9	249250621	3.61082e-08
chr1	61	8	249250621	3.20962e-08
chr1	62	4	249250621	1.60481e-08
chr1	63	1	249250621	4.01203e-09
chr2	0	240618959	243199373	0.98939
chr2	1	2552304	243199373	0.0104947
chr2	2	20377	243199373	8.37872e-05
chr2	3	3038	243199373	1.24918e-05
chr2	4	2003	243199373	8.23604e-06
chr2	5	1246	243199373	5.12337e-06
chr2	6	665	243199373	2.73438e-06
chr2	7	339	243199373	1.39392e-06
chr2	8	172	243199373	7.07239e-07
chr2	9	92	243199373	3.7829e-07
chr2	10	47	243199373	1.93257e-07
chr2	11	33	243199373	1.35691e-07
chr2	12	4	243199373	1.64474e-08
chr2	13	10	243199373	4.11185e-08
chr2	14	16	243199373	6.57896e-08
chr2	15	19	243199373	7.81252e-08
chr2	16	7	243199373	2.8783e-08
chr2	17	1	243199373	4.11185e-09
chr2	18	2	243199373	8.22371e-09
chr2	19	1	243199373	4.11185e-09
chr2	20	4	243199373	1.64474e-08
chr2	21	2	243199373	8.22371e-09
chr2	22	3	243199373	1.23356e-08
chr2	23	4	243199373	1.64474e-08
chr2	24	5	243199373	2.05593e-08
chr2	25	5	243199373	2.05593e-08
chr2	26	15	243199373	6.16778e-08
chr3	0	195250274	198022430	0.986001
chr3	1	2749153	198022430	0.013883
chr3	2	22777	198022430	0.000115022
chr3	3	126	198022430	6.36292e-07
chr3	4	3	198022430	1.51498e-08
chr3	5	6	198022430	3.02996e-08
chr3	6	2	198022430	1.00999e-08
chr3	7	6	198022430	3.02996e-08
chr3	8	1	198022430	5.04993e-09
chr3	9	5	198022430	2.52497e-08
chr3	10	4	198022430	2.01997e-08
chr3	11	4	198022430	2.01997e-08
chr3	12	3	198022430	1.51498e-08
chr3	13	3	198022430	1.51498e-08
chr3	14	2	198022430	1.00999e-08
chr3	15	2	198022430	1.00999e-08
chr3	16	2	198022430	1.00999e-08
chr3	17	4	198022430	2.01997e-08
chr3	18	2	198022430	1.00999e-08
chr3	19	2	198022430	1.00999e-08
chr3	20	2	198022430	1.00999e-08
chr3	21	4	198022430	2.01997e-08
chr3	22	2	198022430	1.00999e-08
chr3	23	2	198022430	1.00999e-08
chr3	24	2	198022430	1.00999e-08
chr3	25	3	198022430	1.51498e-08
chr3	26	3	198022430	1.51498e-08
chr3	27	4	198022430	2.01997e-08
chr3	28	4	198022430	2.01997e-08
chr3	29	8	198022430	4.03995e-08
chr3	30	7	198022430	3.53495e-08
chr3	31	8	198022430	4.03995e-08
chr4	0	189740568	191154276	0.992604
chr4	1	1400554	191154276	0.00732683
chr4	2	9779	191154276	5.11576e-05
chr4	3	1537	191154276	8.04063e-06
chr4	4	807	191154276	4.22172e-06
chr4	5	486	191154276	2.54245e-06
chr4	6	227	191154276	1.18752e-06
chr4	7	141	191154276	7.37624e-07
chr4	8	136	191154276	7.11467e-07
chr4	9	28	191154276	1.46479e-07
chr4	10	13	191154276	6.80079e-08
chr5	0	179225540	180915260	0.99066
chr5	1	1679654	180915260	0.0092842
chr5	2	9834	180915260	5.43569e-05
chr5	3	182	180915260	1.006e-06
chr5	4	2	180915260	1.10549e-08
chr5	5	6	180915260	3.31647e-08
chr5	7	42	180915260	2.32153e-07
chr6	0	168298123	171115067	0.983538
chr6	1	2768913	171115067	0.0161816
chr6	2	42668	171115067	0.000249353
chr6	3	1563	171115067	9.1342e-06
chr6	4	292	171115067	1.70645e-06
chr6	5	161	171115067	9.40887e-07
chr6	6	192	171115067	1.12205e-06
chr6	7	243	171115067	1.4201e-06
chr6	8	229	171115067	1.33828e-06
chr6	9	219	171115067	1.27984e-06
chr6	10	209	171115067	1.2214e-06
chr6	11	247	171115067	1.44347e-06
chr6	12	262	171115067	1.53113e-06
chr6	13	293	171115067	1.7123e-06
chr6	14	274	171115067	1.60126e-06
chr6	15	276	171115067	1.61295e-06
chr6	16	211	171115067	1.23309e-06
chr6	17	207	171115067	1.20971e-06
chr6	18	138	171115067	8.06475e-07
chr6	19	167	171115067	9.75951e-07
chr6	20	101	171115067	5.90246e-07
chr6	21	65	171115067	3.79861e-07
chr6	22	12	171115067	7.01282e-08
chr6	23	2	171115067	1.1688e-08
chr7	0	157154461	159138663	0.987532
chr7	1	1966856	159138663	0.0123594
chr7	2	14321	159138663	8.99907e-05
chr7	3	741	159138663	4.65632e-06
chr7	4	306	159138663	1.92285e-06
chr7	5	235	159138663	1.4767e-06
chr7	6	340	159138663	2.1365e-06
chr7	7	194	159138663	1.21906e-06
chr7	8	112	159138663	7.03789e-07
chr7	9	193	159138663	1.21278e-06
chr7	10	117	159138663	7.35208e-07
chr7	11	102	159138663	6.4095e-07
chr7	12	113	159138663	7.10073e-07
chr7	13	103	159138663	6.47234e-07
chr7	14	97	159138663	6.09531e-07
chr7	15	95	159138663	5.96964e-07
chr7	16	71	159138663	4.46152e-07
chr7	17	52	159138663	3.26759e-07
chr7	18	42	159138663	2.63921e-07
chr7	19	20	159138663	1.25677e-07
chr7	20	21	159138663	1.3196e-07
chr7	21	33	159138663	2.07366e-07
chr7	22	19	159138663	1.19393e-07
chr7	23	14	159138663	8.79736e-08
chr7	24	5	159138663	3.14191e-08
chr8	0	143177491	146364022	0.978229
chr8	1	3114343	146364022	0.0212781
chr8	2	55161	146364022	0.000376875
chr8	3	4994	146364022	3.41204e-05
chr8	4	3086	146364022	2.10844e-05
chr8	5	2589	146364022	1.76888e-05
chr8	6	1730	146364022	1.18198e-05
chr8	7	1282	146364022	8.75898e-06
chr8	8	951	146364022	6.4975e-06
chr8	9	801	146364022	5.47266e-06
chr8	10	517	146364022	3.53229e-06
chr8	11	349	146364022	2.38447e-06
chr8	12	208	146364022	1.42111e-06
chr8	13	156	146364022	1.06584e-06
chr8	14	98	146364022	6.69563e-07
chr8	15	55	146364022	3.75775e-07
chr8	16	36	146364022	2.45962e-07
chr8	17	34	146364022	2.32298e-07
chr8	18	31	146364022	2.11801e-07
chr8	19	37	146364022	2.52794e-07
chr8	20	20	146364022	1.36646e-07
chr8	21	30	146364022	2.04968e-07
chr8	22	13	146364022	8.88196e-08
chr8	23	8	146364022	5.46582e-08
chr8	24	2	146364022	1.36646e-08
chr9	0	138884137	141213431	0.983505
chr9	1	2297111	141213431	0.0162669
chr9	2	31051	141213431	0.000219887
chr9	3	706	141213431	4.99952e-06
chr9	4	118	141213431	8.35615e-07
chr9	5	91	141213431	6.44415e-07
chr9	6	76	141213431	5.38192e-07
chr9	7	92	141213431	6.51496e-07
chr9	8	49	141213431	3.46992e-07
chr10	0	133671078	135534747	0.98625
chr10	1	1835320	135534747	0.0135413
chr10	2	16199	135534747	0.000119519
chr10	3	2400	135534747	1.77076e-05
chr10	4	1509	135534747	1.11337e-05
chr10	5	996	135534747	7.34867e-06
chr10	6	1097	135534747	8.09387e-06
chr10	7	690	135534747	5.09095e-06
chr10	8	703	135534747	5.18686e-06
chr10	9	530	135534747	3.91044e-06
chr10	10	453	135534747	3.34232e-06
chr10	11	427	135534747	3.15048e-06
chr10	12	422	135534747	3.11359e-06
chr10	13	368	135534747	2.71517e-06
chr10	14	272	135534747	2.00687e-06
chr10	15	207	135534747	1.52728e-06
chr10	16	220	135534747	1.6232e-06
chr10	17	248	135534747	1.82979e-06
chr10	18	165	135534747	1.2174e-06
chr10	19	196	135534747	1.44612e-06
chr10	20	177	135534747	1.30594e-06
chr10	21	226	135534747	1.66747e-06
chr10	22	129	135534747	9.51785e-07
chr10	23	91	135534747	6.71415e-07
chr10	24	85	135534747	6.27145e-07
chr10	25	66	135534747	4.8696e-07
chr10	26	74	135534747	5.45985e-07
chr10	27	50	135534747	3.68909e-07
chr10	28	49	135534747	3.61531e-07
chr10	29	46	135534747	3.39396e-07
chr10	30	44	135534747	3.2464e-07
chr10	31	50	135534747	3.68909e-07
chr10	32	47	135534747	3.46775e-07
chr10	33	26	135534747	1.91833e-07
chr10	34	19	135534747	1.40185e-07
chr10	35	17	135534747	1.25429e-07
chr10	36	15	135534747	1.10673e-07
chr10	37	9	135534747	6.64036e-08
chr10	38	6	135534747	4.42691e-08
chr10	39	14	135534747	1.03295e-07
chr10	40	4	135534747	2.95127e-08
chr10	41	1	135534747	7.37818e-09
chr10	42	2	135534747	1.47564e-08
chr11	0	132655004	135006516	0.982582
chr11	1	2326999	135006516	0.0172362
chr11	2	22712	135006516	0.000168229
chr11	3	647	135006516	4.79236e-06
chr11	4	228	135006516	1.68881e-06
chr11	5	237	135006516	1.75547e-06
chr11	6	132	135006516	9.77731e-07
chr11	7	123	135006516	9.11067e-07
chr11	8	93	135006516	6.88856e-07
chr11	9	52	135006516	3.85167e-07
chr11	10	52	135006516	3.85167e-07
chr11	11	110	135006516	8.14775e-07
chr11	12	31	135006516	2.29619e-07
chr11	13	27	135006516	1.9999e-07
chr11	14	14	135006516	1.03699e-07
chr11	15	6	135006516	4.44423e-08
chr11	16	9	135006516	6.66635e-08
chr11	17	9	135006516	6.66635e-08
chr11	18	4	135006516	2.96282e-08
chr11	19	24	135006516	1.77769e-07
chr11	20	3	135006516	2.22212e-08
chr12	0	132092957	133851895	0.986859
chr12	1	1746751	133851895	0.0130499
chr12	2	11922	133851895	8.90686e-05
chr12	3	182	133851895	1.35971e-06
chr12	4	56	133851895	4.18373e-07
chr12	5	27	133851895	2.01715e-07
chr13	0	113850468	115169878	0.988544
chr13	1	1311000	115169878	0.0113832
chr13	2	8380	115169878	7.27621e-05
chr13	3	30	115169878	2.60485e-07
chr14	0	106195132	107349540	0.989246
chr14	1	1146197	107349540	0.0106772
chr14	2	8105	107349540	7.5501e-05
chr14	3	81	107349540	7.54544e-07
chr14	4	25	107349540	2.32884e-07
chr15	0	101795266	102531392	0.99282
chr15	1	732752	102531392	0.00714661
chr15	2	3374	102531392	3.2907e-05
chr16	0	88986300	90354753	0.984855
chr16	1	1324384	90354753	0.0146576
chr16	2	17111	90354753	0.000189376
chr16	3	4640	90354753	5.13531e-05
chr16	4	4328	90354753	4.79001e-05
chr16	5	3635	90354753	4.02303e-05
chr16	6	3258	90354753	3.60579e-05
chr16	7	2642	90354753	2.92403e-05
chr16	8	2154	90354753	2.38394e-05
chr16	9	1785	90354753	1.97555e-05
chr16	10	1320	90354753	1.46091e-05
chr16	11	1167	90354753	1.29158e-05
chr16	12	844	90354753	9.34096e-06
chr16	13	526	90354753	5.8215e-06
chr16	14	331	90354753	3.66334e-06
chr16	15	139	90354753	1.53838e-06
chr16	16	73	90354753	8.07927e-07
chr16	17	25	90354753	2.76687e-07
chr16	18	41	90354753	4.53767e-07
chr16	19	17	90354753	1.88147e-07
chr16	20	21	90354753	2.32417e-07
chr16	21	12	90354753	1.3281e-07
chr17	0	80306208	81195210	0.989051
chr17	1	880448	81195210	0.0108436
chr17	2	7221	81195210	8.89338e-05
chr17	3	911	81195210	1.12199e-05
chr17	4	203	81195210	2.50015e-06
chr17	5	120	81195210	1.47792e-06
chr17	6	34	81195210	4.18744e-07
chr17	7	27	81195210	3.32532e-07
chr17	8	20	81195210	2.4632e-07
chr17	9	18	81195210	2.21688e-07
chr18	0	77295782	78077248	0.989991
chr18	1	775710	78077248	0.00993516
chr18	2	4505	78077248	5.76993e-05
chr18	3	259	78077248	3.31723e-06
chr18	4	233	78077248	2.98422e-06
chr18	5	291	78077248	3.72708e-06
chr18	6	112	78077248	1.43448e-06
chr18	7	104	78077248	1.33201e-06
chr18	8	104	78077248	1.33201e-06
chr18	9	25	78077248	3.20196e-07
chr18	10	20	78077248	2.56157e-07
chr18	11	16	78077248	2.04925e-07
chr18	12	21	78077248	2.68964e-07
chr18	13	28	78077248	3.58619e-07
chr18	14	15	78077248	1.92117e-07
chr18	15	11	78077248	1.40886e-07
chr18	16	12	78077248	1.53694e-07
chr19	0	58381318	59128983	0.987355
chr19	1	739425	59128983	0.0125053
chr19	2	5596	59128983	9.46406e-05
chr19	3	473	59128983	7.99946e-06
chr19	4	327	59128983	5.53028e-06
chr19	5	238	59128983	4.0251e-06
chr19	6	337	59128983	5.6994e-06
chr19	7	178	59128983	3.01037e-06
chr19	8	176	59128983	2.97654e-06
chr19	9	114	59128983	1.92799e-06
chr19	10	64	59128983	1.08238e-06
chr19	11	98	59128983	1.65739e-06
chr19	12	109	59128983	1.84343e-06
chr19	13	82	59128983	1.3868e-06
chr19	14	43	59128983	7.27224e-07
chr19	15	51	59128983	8.62521e-07
chr19	16	51	59128983	8.62521e-07
chr19	17	19	59128983	3.21331e-07
chr19	18	35	59128983	5.91926e-07
chr19	19	14	59128983	2.36771e-07
chr19	20	15	59128983	2.53683e-07
chr19	21	8	59128983	1.35297e-07
chr19	22	9	59128983	1.5221e-07
chr19	23	16	59128983	2.70595e-07
chr19	24	11	59128983	1.86034e-07
chr19	25	18	59128983	3.04419e-07
chr19	26	14	59128983	2.36771e-07
chr19	27	10	59128983	1.69122e-07
chr19	28	10	59128983	1.69122e-07
chr19	29	14	59128983	2.36771e-07
chr19	30	9	59128983	1.5221e-07
chr19	31	14	59128983	2.36771e-07
chr19	32	6	59128983	1.01473e-07
chr19	33	8	59128983	1.35297e-07
chr19	34	4	59128983	6.76487e-08
chr19	35	4	59128983	6.76487e-08
chr19	36	8	59128983	1.35297e-07
chr19	37	8	59128983	1.35297e-07
chr19	38	9	59128983	1.5221e-07
chr19	39	6	59128983	1.01473e-07
chr19	40	9	59128983	1.5221e-07
chr19	41	11	59128983	1.86034e-07
chr19	42	8	59128983	1.35297e-07
chr19	43	5	59128983	8.45609e-08
chr19	44	1	59128983	1.69122e-08
chr20	0	62070814	63025520	0.984852
chr20	1	945833	63025520	0.0150071
chr20	2	8708	63025520	0.000138166
chr20	3	98	63025520	1.55493e-06
chr20	4	28	63025520	4.44264e-07
chr20	5	39	63025520	6.18797e-07
chr21	0	47474150	48129895	0.986376
chr21	1	647538	48129895	0.013454
chr21	2	7864	48129895	0.000163391
chr21	3	183	48129895	3.80221e-06
chr21	4	23	48129895	4.77873e-07
chr21	5	41	48129895	8.51861e-07
chr21	6	7	48129895	1.4544e-07
chr21	7	19	48129895	3.94765e-07
chr21	8	25	48129895	5.19428e-07
chr21	9	5	48129895	1.03886e-07
chr21	10	5	48129895	1.03886e-07
chr21	11	5	48129895	1.03886e-07
chr21	12	2	48129895	4.15542e-08
chr21	13	5	48129895	1.03886e-07
chr21	14	21	48129895	4.36319e-07
chr21	15	2	48129895	4.15542e-08
chr22	0	50718875	51304566	0.988584
chr22	1	580426	51304566	0.0113133
chr22	2	5120	51304566	9.97962e-05
chr22	3	57	51304566	1.11101e-06
chr22	4	36	51304566	7.01692e-07
chr22	5	1	51304566	1.94914e-08
chr22	6	2	51304566	3.89829e-08
chr22	7	1	51304566	1.94914e-08
chr22	8	3	51304566	5.84743e-08
chr22	9	1	51304566	1.94914e-08
chr22	10	6	51304566	1.16949e-07
chr22	11	4	51304566	7.79658e-08
chr22	12	34	51304566	6.62709e-07
chrX	0	154040281	155270560	0.992077
chrX	1	1220680	155270560	0.00786163
chrX	2	8218	155270560	5.2927e-05
chrX	3	869	155270560	5.59668e-06
chrX	4	347	155270560	2.23481e-06
chrX	5	36	155270560	2.31853e-07
chrX	6	13	155270560	8.37248e-08
chrX	7	51	155270560	3.28459e-07
chrX	8	11	155270560	7.08441e-08
chrX	9	28	155270560	1.8033e-07
chrX	10	2	155270560	1.28807e-08
chrX	11	24	155270560	1.54569e-07
chrY	0	59309526	59373566	0.998921
chrY	1	60841	59373566	0.00102472
chrY	2	2034	59373566	3.42577e-05
chrY	3	640	59373566	1.07792e-05
chrY	4	232	59373566	3.90746e-06
chrY	5	98	59373566	1.65057e-06
chrY	6	70	59373566	1.17898e-06
chrY	7	24	59373566	4.0422e-07
chrY	8	10	59373566	1.68425e-07
chrY	9	9	59373566	1.51583e-07
chrY	10	15	59373566	2.52638e-07
chrY	11	24	59373566	4.0422e-07
chrY	12	3	59373566	5.05275e-08
chrY	13	15	59373566	2.52638e-07
chrY	14	16	59373566	2.6948e-07
chrY	15	9	59373566	1.51583e-07
chr1_gl000191_random	0	105933	106433	0.995302
chr1_gl000191_random	1	500	106433	0.00469779
chr1_gl000192_random	0	538946	547496	0.984383
chr1_gl000192_random	1	8550	547496	0.0156166
chr4_ctg9_hap1	0	588026	590426	0.995935
chr4_ctg9_hap1	1	2400	590426	0.00406486
chr4_gl000193_random	0	185024	189789	0.974893
chr4_gl000193_random	1	4730	189789	0.0249224
chr4_gl000193_random	2	35	189789	0.000184415
chr4_gl000194_random	0	187665	191469	0.980133
chr4_gl000194_random	1	3758	191469	0.0196272
chr4_gl000194_random	2	46	191469	0.000240248
chr6_apd_hap1	0	4616290	4622290	0.998702
chr6_apd_hap1	1	6000	4622290	0.00129806
chr6_cox_hap2	0	4778969	4795371	0.99658
chr6_cox_hap2	1	16354	4795371	0.00341037
chr6_cox_hap2	2	48	4795371	1.00097e-05
chr6_dbb_hap3	0	4599775	4610396	0.997696
chr6_dbb_hap3	1	10592	4610396	0.00229742
chr6_dbb_hap3	2	29	4610396	6.29013e-06
chr6_mann_hap4	0	4672089	4683263	0.997614
chr6_mann_hap4	1	11098	4683263	0.00236972
chr6_mann_hap4	2	76	4683263	1.6228e-05
chr6_mcf_hap5	0	4823548	4833398	0.997962
chr6_mcf_hap5	1	9850	4833398	0.0020379
chr6_qbl_hap6	0	4600286	4611984	0.997464
chr6_qbl_hap6	1	11696	4611984	0.002536
chr6_qbl_hap6	2	2	4611984	4.33653e-07
chr6_ssto_hap7	0	4917820	4928567	0.997819
chr6_ssto_hap7	1	10694	4928567	0.0021698
chr6_ssto_hap7	2	53	4928567	1.07536e-05
chr7_gl000195_random	0	176787	182896	0.966599
chr7_gl000195_random	1	5968	182896	0.0326306
chr7_gl000195_random	2	141	182896	0.00077093
chr8_gl000196_random	0	38364	38914	0.985866
chr8_gl000196_random	1	550	38914	0.0141337
chr8_gl000197_random	0	36975	37175	0.99462
chr8_gl000197_random	1	200	37175	0.00537996
chr9_gl000198_random	0	88444	90085	0.981784
chr9_gl000198_random	1	1632	90085	0.0181162
chr9_gl000198_random	2	9	90085	9.99056e-05
chr9_gl000199_random	0	141849	169874	0.835025
chr9_gl000199_random	1	22109	169874	0.130149
chr9_gl000199_random	2	3897	169874	0.0229405
chr9_gl000199_random	3	1015	169874	0.00597502
chr9_gl000199_random	4	525	169874	0.00309053
chr9_gl000199_random	5	242	169874	0.00142459
chr9_gl000199_random	6	120	169874	0.000706406
chr9_gl000199_random	7	37	169874	0.000217808
chr9_gl000199_random	8	31	169874	0.000182488
chr9_gl000199_random	9	4	169874	2.35469e-05
chr9_gl000199_random	10	5	169874	2.94336e-05
chr9_gl000199_random	11	2	169874	1.17734e-05
chr9_gl000199_random	12	9	169874	5.29804e-05
chr9_gl000199_random	13	17	169874	0.000100074
chr9_gl000199_random	14	6	169874	3.53203e-05
chr9_gl000199_random	15	2	169874	1.17734e-05
chr9_gl000199_random	16	4	169874	2.35469e-05
chr9_gl000200_random	0	184735	187035	0.987703
chr9_gl000200_random	1	2300	187035	0.0122972
chr9_gl000201_random	0	35948	36148	0.994467
chr9_gl000201_random	1	200	36148	0.00553281
chr11_gl000202_random	0	39503	40103	0.985039
chr11_gl000202_random	1	600	40103	0.0149615
chr17_ctg5_hap1	0	1673974	1680828	0.995922
chr17_ctg5_hap1	1	6808	1680828	0.00405038
chr17_ctg5_hap1	2	46	1680828	2.73675e-05
chr17_gl000203_random	0	37398	37498	0.997333
chr17_gl000203_random	1	100	37498	0.00266681
chr17_gl000204_random	0	81010	81310	0.99631
chr17_gl000204_random	1	300	81310	0.00368958
chr17_gl000205_random	0	168851	174588	0.96714
chr17_gl000205_random	1	5624	174588	0.032213
chr17_gl000205_random	2	113	174588	0.000647238
chr19_gl000208_random	0	88656	92689	0.956489
chr19_gl000208_random	1	3625	92689	0.0391093
chr19_gl000208_random	2	399	92689	0.00430472
chr19_gl000208_random	3	9	92689	9.70989e-05
chr19_gl000209_random	0	159069	159169	0.999372
chr19_gl000209_random	1	100	159169	0.000628263
chr21_gl000210_random	0	27532	27682	0.994581
chr21_gl000210_random	1	150	27682	0.00541868
chrUn_gl000211	0	162689	166566	0.976724
chrUn_gl000211	1	3804	166566	0.0228378
chrUn_gl000211	2	73	166566	0.000438265
chrUn_gl000212	0	184283	186858	0.986219
chrUn_gl000212	1	2550	186858	0.0136467
chrUn_gl000212	2	25	186858	0.000133791
chrUn_gl000213	0	162789	164239	0.991171
chrUn_gl000213	1	1450	164239	0.0088286
chrUn_gl000214	0	129479	137718	0.940175
chrUn_gl000214	1	7207	137718	0.0523316
chrUn_gl000214	2	700	137718	0.00508285
chrUn_gl000214	3	230	137718	0.00167008
chrUn_gl000214	4	42	137718	0.000304971
chrUn_gl000214	5	38	137718	0.000275926
chrUn_gl000214	6	9	137718	6.53509e-05
chrUn_gl000214	7	13	137718	9.43958e-05
chrUn_gl000215	0	171445	172545	0.993625
chrUn_gl000215	1	1100	172545	0.00637515
chrUn_gl000216	0	160386	172294	0.930886
chrUn_gl000216	1	10196	172294	0.0591779
chrUn_gl000216	2	1025	172294	0.00594913
chrUn_gl000216	3	392	172294	0.00227518
chrUn_gl000216	4	100	172294	0.000580403
chrUn_gl000216	5	91	172294	0.000528167
chrUn_gl000216	6	7	172294	4.06282e-05
chrUn_gl000216	7	66	172294	0.000383066
chrUn_gl000216	8	10	172294	5.80403e-05
chrUn_gl000216	9	21	172294	0.000121885
chrUn_gl000217	0	169161	172149	0.982643
chrUn_gl000217	1	2876	172149	0.0167065
chrUn_gl000217	2	112	172149	0.000650599
chrUn_gl000218	0	158508	161147	0.983624
chrUn_gl000218	1	2578	161147	0.0159978
chrUn_gl000218	2	61	161147	0.000378536
chrUn_gl000219	0	173804	179198	0.969899
chrUn_gl000219	1	5288	179198	0.0295093
chrUn_gl000219	2	106	179198	0.000591524
chrUn_gl000220	0	113507	161802	0.701518
chrUn_gl000220	1	22138	161802	0.136822
chrUn_gl000220	2	11702	161802	0.072323
chrUn_gl000220	3	7442	161802	0.0459945
chrUn_gl000220	4	4040	161802	0.0249688
chrUn_gl000220	5	1803	161802	0.0111432
chrUn_gl000220	6	816	161802	0.0050432
chrUn_gl000220	7	262	161802	0.00161926
chrUn_gl000220	8	56	161802	0.000346102
chrUn_gl000220	9	31	161802	0.000191592
chrUn_gl000220	10	5	161802	3.0902e-05
chrUn_gl000221	0	152304	155397	0.980096
chrUn_gl000221	1	3086	155397	0.0198588
chrUn_gl000221	2	7	155397	4.50459e-05
chrUn_gl000222	0	184811	186861	0.989029
chrUn_gl000222	1	2050	186861	0.0109707
chrUn_gl000223	0	179105	180455	0.992519
chrUn_gl000223	1	1350	180455	0.00748109
chrUn_gl000224	0	171238	179693	0.952948
chrUn_gl000224	1	7527	179693	0.0418881
chrUn_gl000224	2	810	179693	0.00450769
chrUn_gl000224	3	76	179693	0.000422944
chrUn_gl000224	4	35	179693	0.000194777
chrUn_gl000224	5	7	179693	3.89553e-05
chrUn_gl000225	0	191683	211173	0.907706
chrUn_gl000225	1	16860	211173	0.0798398
chrUn_gl000225	2	1947	211173	0.00921993
chrUn_gl000225	3	546	211173	0.00258556
chrUn_gl000225	4	127	211173	0.000601403
chrUn_gl000225	5	10	211173	4.73545e-05
chrUn_gl000226	0	1269	15008	0.0845549
chrUn_gl000226	1	1209	15008	0.080557
chrUn_gl000226	2	1598	15008	0.106477
chrUn_gl000226	3	1769	15008	0.11787
chrUn_gl000226	4	1995	15008	0.132929
chrUn_gl000226	5	1795	15008	0.119603
chrUn_gl000226	6	1455	15008	0.0969483
chrUn_gl000226	7	1156	15008	0.0770256
chrUn_gl000226	8	1028	15008	0.0684968
chrUn_gl000226	9	718	15008	0.0478412
chrUn_gl000226	10	498	15008	0.0331823
chrUn_gl000226	11	245	15008	0.0163246
chrUn_gl000226	12	132	15008	0.00879531
chrUn_gl000226	13	67	15008	0.00446429
chrUn_gl000226	14	40	15008	0.00266525
chrUn_gl000226	15	22	15008	0.00146588
chrUn_gl000226	16	3	15008	0.000199893
chrUn_gl000226	17	5	15008	0.000333156
chrUn_gl000226	18	4	15008	0.000266525
chrUn_gl000227	0	127074	128374	0.989873
chrUn_gl000227	1	1300	128374	0.0101267
chrUn_gl000228	0	126807	129120	0.982086
chrUn_gl000228	1	2056	129120	0.0159232
chrUn_gl000228	2	192	129120	0.00148699
chrUn_gl000228	3	50	129120	0.000387237
chrUn_gl000228	4	15	129120	0.000116171
chrUn_gl000229	0	18953	19913	0.95179
chrUn_gl000229	1	920	19913	0.046201
chrUn_gl000229	2	40	19913	0.00200874
chrUn_gl000230	0	42750	43691	0.978462
chrUn_gl000230	1	932	43691	0.0213316
chrUn_gl000230	2	9	43691	0.000205992
chrUn_gl000231	0	26638	27386	0.972687
chrUn_gl000231	1	746	27386	0.0272402
chrUn_gl000231	2	2	27386	7.303e-05
chrUn_gl000232	0	38860	40652	0.955919
chrUn_gl000232	1	1684	40652	0.0414248
chrUn_gl000232	2	108	40652	0.0026567
chrUn_gl000233	0	44881	45941	0.976927
chrUn_gl000233	1	1020	45941	0.0222024
chrUn_gl000233	2	40	45941	0.000870682
chrUn_gl000234	0	38931	40531	0.960524
chrUn_gl000234	1	1600	40531	0.039476
chrUn_gl000235	0	32474	34474	0.941985
chrUn_gl000235	1	1815	34474	0.0526484
chrUn_gl000235	2	170	34474	0.00493125
chrUn_gl000235	3	15	34474	0.000435111
chrUn_gl000236	0	41534	41934	0.990461
chrUn_gl000236	1	400	41934	0.0095388
chrUn_gl000237	0	44617	45867	0.972747
chrUn_gl000237	1	1250	45867	0.0272527
chrUn_gl000238	0	39539	39939	0.989985
chrUn_gl000238	1	400	39939	0.0100153
chrUn_gl000239	0	33324	33824	0.985218
chrUn_gl000239	1	500	33824	0.0147824
chrUn_gl000240	0	40847	41933	0.974102
chrUn_gl000240	1	1072	41933	0.0255646
chrUn_gl000240	2	14	41933	0.000333866
chrUn_gl000241	0	40552	42152	0.962042
chrUn_gl000241	1	1550	42152	0.0367717
chrUn_gl000241	2	50	42152	0.00118618
chrUn_gl000242	0	42973	43523	0.987363
chrUn_gl000242	1	550	43523	0.012637
chrUn_gl000243	0	41721	43341	0.962622
chrUn_gl000243	1	1590	43341	0.0366858
chrUn_gl000243	2	30	43341	0.000692185
chrUn_gl000244	0	39379	39929	0.986226
chrUn_gl000244	1	550	39929	0.0137744
chrUn_gl000245	0	36151	36651	0.986358
chrUn_gl000245	1	500	36651	0.0136422
chrUn_gl000246	0	37954	38154	0.994758
chrUn_gl000246	1	200	38154	0.00524191
chrUn_gl000247	0	35282	36422	0.9687
chrUn_gl000247	1	1130	36422	0.0310252
chrUn_gl000247	2	10	36422	0.000274559
chrUn_gl000248	0	39336	39786	0.988689
chrUn_gl000248	1	450	39786	0.0113105
chrUn_gl000249	0	38152	38502	0.99091
chrUn_gl000249	1	350	38502	0.00909044
chr17_gl000206_random	0	41001	41001	1
chr18_gl000207_random	0	4262	4262	1
genome	0	3098186945	3137161264	0.987577
genome	1	38455815	3137161264	0.0122582
genome	2	398015	3137161264	0.000126871
genome	3	37330	3137161264	1.18993e-05
genome	4	21496	3137161264	6.85205e-06
genome	5	14739	3137161264	4.6982e-06
genome	6	10769	3137161264	3.43272e-06
genome	7	7760	3137161264	2.47357e-06
genome	8	6090	3137161264	1.94125e-06
genome	9	4700	3137161264	1.49817e-06
genome	10	3393	3137161264	1.08155e-06
genome	11	2881	3137161264	9.18346e-07
genome	12	2223	3137161264	7.08602e-07
genome	13	1724	3137161264	5.49541e-07
genome	14	1269	3137161264	4.04506e-07
genome	15	923	3137161264	2.94215e-07
genome	16	725	3137161264	2.31101e-07
genome	17	637	3137161264	2.0305e-07
genome	18	490	3137161264	1.56192e-07
genome	19	525	3137161264	1.67349e-07
genome	20	396	3137161264	1.26229e-07
genome	21	428	3137161264	1.36429e-07
genome	22	229	3137161264	7.29959e-08
genome	23	179	3137161264	5.7058e-08
genome	24	182	3137161264	5.80142e-08
genome	25	134	3137161264	4.27138e-08
genome	26	147	3137161264	4.68577e-08
genome	27	98	3137161264	3.12384e-08
genome	28	101	3137161264	3.21947e-08
genome	29	85	3137161264	2.70946e-08
genome	30	87	3137161264	2.77321e-08
genome	31	91	3137161264	2.90071e-08
genome	32	77	3137161264	2.45445e-08
genome	33	47	3137161264	1.49817e-08
genome	34	45	3137161264	1.43442e-08
genome	35	28	3137161264	8.92527e-09
genome	36	39	3137161264	1.24316e-08
genome	37	33	3137161264	1.05191e-08
genome	38	27	3137161264	8.60651e-09
genome	39	35	3137161264	1.11566e-08
genome	40	33	3137161264	1.05191e-08
genome	41	21	3137161264	6.69395e-09
genome	42	20	3137161264	6.37519e-09
genome	43	15	3137161264	4.78139e-09
genome	44	12	3137161264	3.82511e-09
genome	45	16	3137161264	5.10015e-09
genome	46	9	3137161264	2.86884e-09
genome	47	5	3137161264	1.5938e-09
genome	48	7	3137161264	2.23132e-09
genome	49	2	3137161264	6.37519e-10
genome	50	6	3137161264	1.91256e-09
genome	51	8	3137161264	2.55008e-09
genome	52	15	3137161264	4.78139e-09
genome	53	17	3137161264	5.41891e-09
genome	54	11	3137161264	3.50635e-09
genome	55	19	3137161264	6.05643e-09
genome	56	19	3137161264	6.05643e-09
genome	57	27	3137161264	8.60651e-09
genome	58	30	3137161264	9.56279e-09
genome	59	13	3137161264	4.14387e-09
genome	60	9	3137161264	2.86884e-09
genome	61	8	3137161264	2.55008e-09
genome	62	4	3137161264	1.27504e-09
genome	63	1	3137161264	3.1876e-10
