chrM	0	10404	16571	0.627844
chrM	1	4784	16571	0.288697
chrM	2	1177	16571	0.0710277
chrM	3	162	16571	0.00977611
chrM	4	44	16571	0.00265524
chr1	0	244894804	249250621	0.982524
chr1	1	4299095	249250621	0.0172481
chr1	2	54095	249250621	0.000217031
chr1	3	1080	249250621	4.33299e-06
chr1	4	129	249250621	5.17551e-07
chr1	5	86	249250621	3.45034e-07
chr1	6	121	249250621	4.85455e-07
chr1	7	95	249250621	3.81142e-07
chr1	8	21	249250621	8.42525e-08
chr1	9	29	249250621	1.16349e-07
chr1	10	33	249250621	1.32397e-07
chr1	11	27	249250621	1.08325e-07
chr1	12	27	249250621	1.08325e-07
chr1	13	53	249250621	2.12637e-07
chr1	14	33	249250621	1.32397e-07
chr1	15	28	249250621	1.12337e-07
chr1	16	25	249250621	1.00301e-07
chr1	17	59	249250621	2.3671e-07
chr1	18	43	249250621	1.72517e-07
chr1	19	56	249250621	2.24673e-07
chr1	20	46	249250621	1.84553e-07
chr1	21	41	249250621	1.64493e-07
chr1	22	35	249250621	1.40421e-07
chr1	23	25	249250621	1.00301e-07
chr1	24	25	249250621	1.00301e-07
chr1	25	38	249250621	1.52457e-07
chr1	26	38	249250621	1.52457e-07
chr1	27	22	249250621	8.82646e-08
chr1	28	15	249250621	6.01804e-08
chr1	29	21	249250621	8.42525e-08
chr1	30	19	249250621	7.62285e-08
chr1	31	22	249250621	8.82646e-08
chr1	32	23	249250621	9.22766e-08
chr1	33	32	249250621	1.28385e-07
chr1	34	13	249250621	5.21563e-08
chr1	35	18	249250621	7.22165e-08
chr1	36	12	249250621	4.81443e-08
chr1	37	6	249250621	2.40722e-08
chr1	38	5	249250621	2.00601e-08
chr1	39	3	249250621	1.20361e-08
chr1	40	3	249250621	1.20361e-08
chr1	41	4	249250621	1.60481e-08
chr1	42	3	249250621	1.20361e-08
chr1	43	6	249250621	2.40722e-08
chr1	44	6	249250621	2.40722e-08
chr1	45	4	249250621	1.60481e-08
chr1	46	5	249250621	2.00601e-08
chr1	47	5	249250621	2.00601e-08
chr1	48	11	249250621	4.41323e-08
chr1	49	13	249250621	5.21563e-08
chr1	50	18	249250621	7.22165e-08
chr1	51	24	249250621	9.62886e-08
chr1	52	30	249250621	1.20361e-07
chr1	53	10	249250621	4.01203e-08
chr1	54	15	249250621	6.01804e-08
chr1	55	10	249250621	4.01203e-08
chr1	56	6	249250621	2.40722e-08
chr1	57	11	249250621	4.41323e-08
chr1	58	9	249250621	3.61082e-08
chr1	59	20	249250621	8.02405e-08
chr1	60	9	249250621	3.61082e-08
chr1	61	1	249250621	4.01203e-09
chr2	0	240734716	243199373	0.989866
chr2	1	2439567	243199373	0.0100311
chr2	2	18466	243199373	7.59295e-05
chr2	3	2939	243199373	1.20847e-05
chr2	4	1530	243199373	6.29113e-06
chr2	5	846	243199373	3.47863e-06
chr2	6	445	243199373	1.82977e-06
chr2	7	297	243199373	1.22122e-06
chr2	8	194	243199373	7.97699e-07
chr2	9	81	243199373	3.3306e-07
chr2	10	68	243199373	2.79606e-07
chr2	11	34	243199373	1.39803e-07
chr2	12	51	243199373	2.09704e-07
chr2	13	30	243199373	1.23356e-07
chr2	14	46	243199373	1.89145e-07
chr2	15	25	243199373	1.02796e-07
chr2	16	3	243199373	1.23356e-08
chr2	17	6	243199373	2.46711e-08
chr2	18	3	243199373	1.23356e-08
chr2	19	6	243199373	2.46711e-08
chr2	20	9	243199373	3.70067e-08
chr2	21	11	243199373	4.52304e-08
chr3	0	195673210	198022430	0.988137
chr3	1	2334928	198022430	0.0117912
chr3	2	14072	198022430	7.10627e-05
chr3	3	103	198022430	5.20143e-07
chr3	4	1	198022430	5.04993e-09
chr3	5	4	198022430	2.01997e-08
chr3	6	7	198022430	3.53495e-08
chr3	7	7	198022430	3.53495e-08
chr3	8	2	198022430	1.00999e-08
chr3	9	3	198022430	1.51498e-08
chr3	10	2	198022430	1.00999e-08
chr3	11	3	198022430	1.51498e-08
chr3	12	4	198022430	2.01997e-08
chr3	13	3	198022430	1.51498e-08
chr3	14	3	198022430	1.51498e-08
chr3	15	4	198022430	2.01997e-08
chr3	16	1	198022430	5.04993e-09
chr3	17	4	198022430	2.01997e-08
chr3	18	9	198022430	4.54494e-08
chr3	19	2	198022430	1.00999e-08
chr3	20	3	198022430	1.51498e-08
chr3	21	4	198022430	2.01997e-08
chr3	22	2	198022430	1.00999e-08
chr3	23	4	198022430	2.01997e-08
chr3	24	4	198022430	2.01997e-08
chr3	25	6	198022430	3.02996e-08
chr3	26	6	198022430	3.02996e-08
chr3	27	2	198022430	1.00999e-08
chr3	28	4	198022430	2.01997e-08
chr3	29	11	198022430	5.55493e-08
chr3	30	6	198022430	3.02996e-08
chr3	31	4	198022430	2.01997e-08
chr3	32	2	198022430	1.00999e-08
chr4	0	189738527	191154276	0.992594
chr4	1	1401290	191154276	0.00733068
chr4	2	9781	191154276	5.11681e-05
chr4	3	2369	191154276	1.23931e-05
chr4	4	898	191154276	4.69778e-06
chr4	5	713	191154276	3.72997e-06
chr4	6	357	191154276	1.8676e-06
chr4	7	173	191154276	9.05028e-07
chr4	8	51	191154276	2.668e-07
chr4	9	54	191154276	2.82494e-07
chr4	10	10	191154276	5.23138e-08
chr4	11	20	191154276	1.04628e-07
chr4	12	16	191154276	8.3702e-08
chr4	13	13	191154276	6.80079e-08
chr4	14	4	191154276	2.09255e-08
chr5	0	179254702	180915260	0.990821
chr5	1	1651234	180915260	0.00912711
chr5	2	9114	180915260	5.03772e-05
chr5	3	52	180915260	2.87427e-07
chr5	4	158	180915260	8.73337e-07
chr6	0	167670334	171115067	0.979869
chr6	1	3314697	171115067	0.0193712
chr6	2	116370	171115067	0.000680069
chr6	3	9099	171115067	5.31747e-05
chr6	4	1037	171115067	6.06025e-06
chr6	5	241	171115067	1.40841e-06
chr6	6	261	171115067	1.52529e-06
chr6	7	256	171115067	1.49607e-06
chr6	8	277	171115067	1.61879e-06
chr6	9	260	171115067	1.51945e-06
chr6	10	212	171115067	1.23893e-06
chr6	11	213	171115067	1.24478e-06
chr6	12	276	171115067	1.61295e-06
chr6	13	330	171115067	1.92853e-06
chr6	14	322	171115067	1.88177e-06
chr6	15	262	171115067	1.53113e-06
chr6	16	183	171115067	1.06946e-06
chr6	17	158	171115067	9.23355e-07
chr6	18	135	171115067	7.88943e-07
chr6	19	76	171115067	4.44146e-07
chr6	20	39	171115067	2.27917e-07
chr6	21	16	171115067	9.35043e-08
chr6	22	8	171115067	4.67522e-08
chr6	23	4	171115067	2.33761e-08
chr6	24	1	171115067	5.84402e-09
chr7	0	156653910	159138663	0.984386
chr7	1	2461139	159138663	0.0154654
chr7	2	20017	159138663	0.000125783
chr7	3	950	159138663	5.96964e-06
chr7	4	546	159138663	3.43097e-06
chr7	5	272	159138663	1.7092e-06
chr7	6	288	159138663	1.80974e-06
chr7	7	194	159138663	1.21906e-06
chr7	8	124	159138663	7.79195e-07
chr7	9	87	159138663	5.46693e-07
chr7	10	153	159138663	9.61426e-07
chr7	11	122	159138663	7.66627e-07
chr7	12	88	159138663	5.52977e-07
chr7	13	106	159138663	6.66086e-07
chr7	14	98	159138663	6.15815e-07
chr7	15	71	159138663	4.46152e-07
chr7	16	52	159138663	3.26759e-07
chr7	17	87	159138663	5.46693e-07
chr7	18	54	159138663	3.39327e-07
chr7	19	40	159138663	2.51353e-07
chr7	20	36	159138663	2.26218e-07
chr7	21	42	159138663	2.63921e-07
chr7	22	30	159138663	1.88515e-07
chr7	23	39	159138663	2.45069e-07
chr7	24	30	159138663	1.88515e-07
chr7	25	19	159138663	1.19393e-07
chr7	26	17	159138663	1.06825e-07
chr7	27	30	159138663	1.88515e-07
chr7	28	13	159138663	8.16898e-08
chr7	29	5	159138663	3.14191e-08
chr7	30	3	159138663	1.88515e-08
chr7	31	1	159138663	6.28383e-09
chr8	0	143425360	146364022	0.979922
chr8	1	2875798	146364022	0.0196483
chr8	2	47061	146364022	0.000321534
chr8	3	4512	146364022	3.08273e-05
chr8	4	3011	146364022	2.0572e-05
chr8	5	2273	146364022	1.55298e-05
chr8	6	1710	146364022	1.16832e-05
chr8	7	1301	146364022	8.8888e-06
chr8	8	947	146364022	6.47017e-06
chr8	9	609	146364022	4.16086e-06
chr8	10	415	146364022	2.8354e-06
chr8	11	339	146364022	2.31614e-06
chr8	12	220	146364022	1.5031e-06
chr8	13	130	146364022	8.88196e-07
chr8	14	90	146364022	6.14905e-07
chr8	15	62	146364022	4.23601e-07
chr8	16	47	146364022	3.21117e-07
chr8	17	29	146364022	1.98136e-07
chr8	18	40	146364022	2.73291e-07
chr8	19	14	146364022	9.56519e-08
chr8	20	28	146364022	1.91304e-07
chr8	21	14	146364022	9.56519e-08
chr8	22	3	146364022	2.04968e-08
chr8	23	5	146364022	3.41614e-08
chr8	24	4	146364022	2.73291e-08
chr9	0	139185630	141213431	0.98564
chr9	1	2004526	141213431	0.014195
chr9	2	22305	141213431	0.000157952
chr9	3	535	141213431	3.78859e-06
chr9	4	175	141213431	1.23926e-06
chr9	5	90	141213431	6.37333e-07
chr9	6	33	141213431	2.33689e-07
chr9	7	13	141213431	9.20592e-08
chr9	8	57	141213431	4.03644e-07
chr9	9	14	141213431	9.91407e-08
chr9	10	15	141213431	1.06222e-07
chr9	11	18	141213431	1.27467e-07
chr9	12	20	141213431	1.4163e-07
chr10	0	133704681	135534747	0.986497
chr10	1	1801373	135534747	0.0132909
chr10	2	16285	135534747	0.000120154
chr10	3	2545	135534747	1.87775e-05
chr10	4	1644	135534747	1.21297e-05
chr10	5	1259	135534747	9.28913e-06
chr10	6	929	135534747	6.85433e-06
chr10	7	1047	135534747	7.72496e-06
chr10	8	647	135534747	4.77368e-06
chr10	9	505	135534747	3.72598e-06
chr10	10	451	135534747	3.32756e-06
chr10	11	412	135534747	3.03981e-06
chr10	12	335	135534747	2.47169e-06
chr10	13	247	135534747	1.82241e-06
chr10	14	256	135534747	1.88881e-06
chr10	15	231	135534747	1.70436e-06
chr10	16	210	135534747	1.54942e-06
chr10	17	170	135534747	1.25429e-06
chr10	18	239	135534747	1.76339e-06
chr10	19	188	135534747	1.3871e-06
chr10	20	178	135534747	1.31332e-06
chr10	21	132	135534747	9.7392e-07
chr10	22	103	135534747	7.59953e-07
chr10	23	114	135534747	8.41113e-07
chr10	24	80	135534747	5.90255e-07
chr10	25	76	135534747	5.60742e-07
chr10	26	79	135534747	5.82876e-07
chr10	27	48	135534747	3.54153e-07
chr10	28	41	135534747	3.02505e-07
chr10	29	48	135534747	3.54153e-07
chr10	30	50	135534747	3.68909e-07
chr10	31	27	135534747	1.99211e-07
chr10	32	21	135534747	1.54942e-07
chr10	33	33	135534747	2.4348e-07
chr10	34	18	135534747	1.32807e-07
chr10	35	14	135534747	1.03295e-07
chr10	36	12	135534747	8.85382e-08
chr10	37	9	135534747	6.64036e-08
chr10	38	4	135534747	2.95127e-08
chr10	39	6	135534747	4.42691e-08
chr11	0	132796505	135006516	0.98363
chr11	1	2186588	135006516	0.0161962
chr11	2	21551	135006516	0.000159629
chr11	3	644	135006516	4.77014e-06
chr11	4	445	135006516	3.29614e-06
chr11	5	127	135006516	9.40695e-07
chr11	6	260	135006516	1.92583e-06
chr11	7	80	135006516	5.92564e-07
chr11	8	111	135006516	8.22183e-07
chr11	9	55	135006516	4.07388e-07
chr11	10	39	135006516	2.88875e-07
chr11	11	39	135006516	2.88875e-07
chr11	12	35	135006516	2.59247e-07
chr11	13	2	135006516	1.48141e-08
chr11	14	6	135006516	4.44423e-08
chr11	15	7	135006516	5.18494e-08
chr11	16	18	135006516	1.33327e-07
chr11	17	4	135006516	2.96282e-08
chr12	0	132453366	133851895	0.989552
chr12	1	1391131	133851895	0.0103931
chr12	2	7166	133851895	5.35368e-05
chr12	3	141	133851895	1.0534e-06
chr12	4	91	133851895	6.79856e-07
chr13	0	114016387	115169878	0.989984
chr13	1	1147284	115169878	0.00996167
chr13	2	6155	115169878	5.34428e-05
chr13	3	52	115169878	4.51507e-07
chr14	0	106252887	107349540	0.989784
chr14	1	1088591	107349540	0.0101406
chr14	2	7877	107349540	7.33771e-05
chr14	3	185	107349540	1.72334e-06
chr15	0	101793594	102531392	0.992804
chr15	1	732985	102531392	0.00714888
chr15	2	4774	102531392	4.65613e-05
chr15	3	39	102531392	3.80371e-07
chr16	0	89361061	90354753	0.989002
chr16	1	954712	90354753	0.0105663
chr16	2	13083	90354753	0.000144796
chr16	3	5089	90354753	5.63224e-05
chr16	4	4516	90354753	4.99808e-05
chr16	5	4263	90354753	4.71807e-05
chr16	6	3315	90354753	3.66887e-05
chr16	7	2792	90354753	3.09004e-05
chr16	8	1918	90354753	2.12274e-05
chr16	9	1375	90354753	1.52178e-05
chr16	10	920	90354753	1.01821e-05
chr16	11	601	90354753	6.65156e-06
chr16	12	395	90354753	4.37166e-06
chr16	13	313	90354753	3.46412e-06
chr16	14	165	90354753	1.82614e-06
chr16	15	88	90354753	9.73939e-07
chr16	16	49	90354753	5.42307e-07
chr16	17	40	90354753	4.42699e-07
chr16	18	16	90354753	1.7708e-07
chr16	19	27	90354753	2.98822e-07
chr16	20	11	90354753	1.21742e-07
chr16	21	1	90354753	1.10675e-08
chr16	22	2	90354753	2.2135e-08
chr16	23	1	90354753	1.10675e-08
chr17	0	80141604	81195210	0.987024
chr17	1	1041348	81195210	0.0128252
chr17	2	10024	81195210	0.000123456
chr17	3	1353	81195210	1.66635e-05
chr17	4	453	81195210	5.57915e-06
chr17	5	239	81195210	2.94352e-06
chr17	6	40	81195210	4.9264e-07
chr17	7	59	81195210	7.26644e-07
chr17	8	20	81195210	2.4632e-07
chr17	9	32	81195210	3.94112e-07
chr17	10	14	81195210	1.72424e-07
chr17	11	7	81195210	8.6212e-08
chr17	12	8	81195210	9.8528e-08
chr17	13	2	81195210	2.4632e-08
chr17	14	7	81195210	8.6212e-08
chr18	0	77194175	78077248	0.98869
chr18	1	874849	78077248	0.0112049
chr18	2	6859	78077248	8.78489e-05
chr18	3	423	78077248	5.41771e-06
chr18	4	167	78077248	2.13891e-06
chr18	5	198	78077248	2.53595e-06
chr18	6	87	78077248	1.11428e-06
chr18	7	72	78077248	9.22164e-07
chr18	8	98	78077248	1.25517e-06
chr18	9	53	78077248	6.78815e-07
chr18	10	55	78077248	7.04431e-07
chr18	11	56	78077248	7.17238e-07
chr18	12	20	78077248	2.56157e-07
chr18	13	51	78077248	6.53199e-07
chr18	14	30	78077248	3.84235e-07
chr18	15	12	78077248	1.53694e-07
chr18	16	6	78077248	7.6847e-08
chr18	17	4	78077248	5.12313e-08
chr18	18	3	78077248	3.84235e-08
chr18	19	3	78077248	3.84235e-08
chr18	20	2	78077248	2.56157e-08
chr18	21	4	78077248	5.12313e-08
chr18	22	4	78077248	5.12313e-08
chr18	23	4	78077248	5.12313e-08
chr18	24	4	78077248	5.12313e-08
chr18	25	9	78077248	1.1527e-07
chr19	0	58554191	59128983	0.990279
chr19	1	568398	59128983	0.00961285
chr19	2	3762	59128983	6.36236e-05
chr19	3	564	59128983	9.53847e-06
chr19	4	447	59128983	7.55974e-06
chr19	5	221	59128983	3.73759e-06
chr19	6	238	59128983	4.0251e-06
chr19	7	233	59128983	3.94054e-06
chr19	8	109	59128983	1.84343e-06
chr19	9	117	59128983	1.97873e-06
chr19	10	60	59128983	1.01473e-06
chr19	11	115	59128983	1.9449e-06
chr19	12	67	59128983	1.13312e-06
chr19	13	50	59128983	8.45609e-07
chr19	14	70	59128983	1.18385e-06
chr19	15	39	59128983	6.59575e-07
chr19	16	46	59128983	7.7796e-07
chr19	17	23	59128983	3.8898e-07
chr19	18	23	59128983	3.8898e-07
chr19	19	13	59128983	2.19858e-07
chr19	20	27	59128983	4.56629e-07
chr19	21	22	59128983	3.72068e-07
chr19	22	22	59128983	3.72068e-07
chr19	23	17	59128983	2.87507e-07
chr19	24	7	59128983	1.18385e-07
chr19	25	22	59128983	3.72068e-07
chr19	26	4	59128983	6.76487e-08
chr19	27	1	59128983	1.69122e-08
chr19	28	11	59128983	1.86034e-07
chr19	29	2	59128983	3.38244e-08
chr19	30	10	59128983	1.69122e-07
chr19	31	10	59128983	1.69122e-07
chr19	32	20	59128983	3.38244e-07
chr19	33	10	59128983	1.69122e-07
chr19	34	6	59128983	1.01473e-07
chr19	35	5	59128983	8.45609e-08
chr19	36	1	59128983	1.69122e-08
chr20	0	62019224	63025520	0.984034
chr20	1	996984	63025520	0.0158187
chr20	2	9107	63025520	0.000144497
chr20	3	139	63025520	2.20546e-06
chr20	4	19	63025520	3.01465e-07
chr20	5	5	63025520	7.93329e-08
chr20	6	10	63025520	1.58666e-07
chr20	7	32	63025520	5.07731e-07
chr21	0	47398382	48129895	0.984801
chr21	1	721429	48129895	0.0149892
chr21	2	9258	48129895	0.000192354
chr21	3	592	48129895	1.23e-05
chr21	4	114	48129895	2.36859e-06
chr21	5	19	48129895	3.94765e-07
chr21	6	5	48129895	1.03886e-07
chr21	7	10	48129895	2.07771e-07
chr21	8	10	48129895	2.07771e-07
chr21	9	23	48129895	4.77873e-07
chr21	10	22	48129895	4.57096e-07
chr21	11	1	48129895	2.07771e-08
chr21	12	30	48129895	6.23313e-07
chr22	0	50834968	51304566	0.990847
chr22	1	466164	51304566	0.00908621
chr22	2	3338	51304566	6.50624e-05
chr22	3	41	51304566	7.99149e-07
chr22	4	3	51304566	5.84743e-08
chr22	5	2	51304566	3.89829e-08
chr22	6	2	51304566	3.89829e-08
chr22	7	3	51304566	5.84743e-08
chr22	8	1	51304566	1.94914e-08
chr22	9	2	51304566	3.89829e-08
chr22	10	6	51304566	1.16949e-07
chr22	11	36	51304566	7.01692e-07
chrX	0	154096876	155270560	0.992441
chrX	1	1166090	155270560	0.00751005
chrX	2	6930	155270560	4.46318e-05
chrX	3	465	155270560	2.99477e-06
chrX	4	120	155270560	7.72844e-07
chrX	5	30	155270560	1.93211e-07
chrX	6	2	155270560	1.28807e-08
chrX	7	13	155270560	8.37248e-08
chrX	8	8	155270560	5.1523e-08
chrX	9	2	155270560	1.28807e-08
chrX	10	24	155270560	1.54569e-07
chrY	0	59312635	59373566	0.998974
chrY	1	56909	59373566	0.00095849
chrY	2	2198	59373566	3.70198e-05
chrY	3	1057	59373566	1.78025e-05
chrY	4	258	59373566	4.34537e-06
chrY	5	277	59373566	4.66538e-06
chrY	6	109	59373566	1.83583e-06
chrY	7	45	59373566	7.57913e-07
chrY	8	48	59373566	8.08441e-07
chrY	9	7	59373566	1.17898e-07
chrY	10	12	59373566	2.0211e-07
chrY	11	11	59373566	1.85268e-07
chr1_gl000191_random	0	106183	106433	0.997651
chr1_gl000191_random	1	250	106433	0.0023489
chr1_gl000192_random	0	532986	547496	0.973498
chr1_gl000192_random	1	14320	547496	0.0261554
chr1_gl000192_random	2	190	547496	0.000347035
chr4_ctg9_hap1	0	588103	590426	0.996066
chr4_ctg9_hap1	1	2296	590426	0.00388872
chr4_ctg9_hap1	2	27	590426	4.57297e-05
chr4_gl000193_random	0	186089	189789	0.980505
chr4_gl000193_random	1	3650	189789	0.0192319
chr4_gl000193_random	2	50	189789	0.00026345
chr4_gl000194_random	0	186800	191469	0.975615
chr4_gl000194_random	1	4588	191469	0.0239621
chr4_gl000194_random	2	81	191469	0.000423045
chr6_apd_hap1	0	4616890	4622290	0.998832
chr6_apd_hap1	1	5400	4622290	0.00116825
chr6_cox_hap2	0	4782471	4795371	0.99731
chr6_cox_hap2	1	12900	4795371	0.00269009
chr6_dbb_hap3	0	4600086	4610396	0.997764
chr6_dbb_hap3	1	10270	4610396	0.00222757
chr6_dbb_hap3	2	40	4610396	8.67604e-06
chr6_mann_hap4	0	4673463	4683263	0.997907
chr6_mann_hap4	1	9800	4683263	0.00209256
chr6_mcf_hap5	0	4823698	4833398	0.997993
chr6_mcf_hap5	1	9700	4833398	0.00200687
chr6_qbl_hap6	0	4602234	4611984	0.997886
chr6_qbl_hap6	1	9750	4611984	0.00211406
chr6_ssto_hap7	0	4918754	4928567	0.998009
chr6_ssto_hap7	1	9776	4928567	0.00198354
chr6_ssto_hap7	2	37	4928567	7.50725e-06
chr7_gl000195_random	0	175148	182896	0.957637
chr7_gl000195_random	1	7496	182896	0.040985
chr7_gl000195_random	2	252	182896	0.00137783
chr8_gl000196_random	0	38264	38914	0.983297
chr8_gl000196_random	1	650	38914	0.0167035
chr8_gl000197_random	0	37075	37175	0.99731
chr8_gl000197_random	1	100	37175	0.00268998
chr9_gl000198_random	0	87974	90085	0.976567
chr9_gl000198_random	1	2022	90085	0.0224455
chr9_gl000198_random	2	89	90085	0.000987956
chr9_gl000199_random	0	142167	169874	0.836897
chr9_gl000199_random	1	21873	169874	0.12876
chr9_gl000199_random	2	4244	169874	0.0249832
chr9_gl000199_random	3	922	169874	0.00542755
chr9_gl000199_random	4	320	169874	0.00188375
chr9_gl000199_random	5	99	169874	0.000582785
chr9_gl000199_random	6	51	169874	0.000300223
chr9_gl000199_random	7	35	169874	0.000206035
chr9_gl000199_random	8	42	169874	0.000247242
chr9_gl000199_random	9	53	169874	0.000311996
chr9_gl000199_random	10	24	169874	0.000141281
chr9_gl000199_random	11	16	169874	9.41875e-05
chr9_gl000199_random	12	10	169874	5.88672e-05
chr9_gl000199_random	13	11	169874	6.47539e-05
chr9_gl000199_random	14	1	169874	5.88672e-06
chr9_gl000199_random	15	5	169874	2.94336e-05
chr9_gl000199_random	16	1	169874	5.88672e-06
chr9_gl000200_random	0	185727	187035	0.993007
chr9_gl000200_random	1	1266	187035	0.00676879
chr9_gl000200_random	2	42	187035	0.000224557
chr9_gl000201_random	0	36048	36148	0.997234
chr9_gl000201_random	1	100	36148	0.0027664
chr11_gl000202_random	0	39953	40103	0.99626
chr11_gl000202_random	1	150	40103	0.00374037
chr17_ctg5_hap1	0	1674237	1680828	0.996079
chr17_ctg5_hap1	1	6582	1680828	0.00391593
chr17_ctg5_hap1	2	9	1680828	5.3545e-06
chr17_gl000203_random	0	36948	37498	0.985333
chr17_gl000203_random	1	550	37498	0.0146674
chr17_gl000204_random	0	80810	81310	0.993851
chr17_gl000204_random	1	500	81310	0.00614931
chr17_gl000205_random	0	166037	174588	0.951022
chr17_gl000205_random	1	8238	174588	0.0471854
chr17_gl000205_random	2	277	174588	0.00158659
chr17_gl000205_random	3	36	174588	0.0002062
chr17_gl000206_random	0	40851	41001	0.996342
chr17_gl000206_random	1	150	41001	0.00365845
chr18_gl000207_random	0	4162	4262	0.976537
chr18_gl000207_random	1	100	4262	0.0234632
chr19_gl000208_random	0	88577	92689	0.955637
chr19_gl000208_random	1	3924	92689	0.0423351
chr19_gl000208_random	2	188	92689	0.00202829
chr19_gl000209_random	0	158669	159169	0.996859
chr19_gl000209_random	1	500	159169	0.00314132
chr21_gl000210_random	0	27232	27682	0.983744
chr21_gl000210_random	1	450	27682	0.0162561
chrUn_gl000211	0	162473	166566	0.975427
chrUn_gl000211	1	3986	166566	0.0239305
chrUn_gl000211	2	107	166566	0.000642388
chrUn_gl000212	0	183752	186858	0.983378
chrUn_gl000212	1	3062	186858	0.0163868
chrUn_gl000212	2	44	186858	0.000235473
chrUn_gl000213	0	161989	164239	0.9863
chrUn_gl000213	1	2250	164239	0.0136995
chrUn_gl000214	0	125116	137718	0.908494
chrUn_gl000214	1	9736	137718	0.0706952
chrUn_gl000214	2	2153	137718	0.0156334
chrUn_gl000214	3	536	137718	0.00389201
chrUn_gl000214	4	82	137718	0.00059542
chrUn_gl000214	5	29	137718	0.000210575
chrUn_gl000214	6	35	137718	0.000254143
chrUn_gl000214	7	31	137718	0.000225098
chrUn_gl000215	0	171295	172545	0.992756
chrUn_gl000215	1	1250	172545	0.00724449
chrUn_gl000216	0	159022	172294	0.922969
chrUn_gl000216	1	11007	172294	0.063885
chrUn_gl000216	2	1406	172294	0.00816047
chrUn_gl000216	3	429	172294	0.00248993
chrUn_gl000216	4	213	172294	0.00123626
chrUn_gl000216	5	105	172294	0.000609423
chrUn_gl000216	6	36	172294	0.000208945
chrUn_gl000216	7	36	172294	0.000208945
chrUn_gl000216	8	2	172294	1.16081e-05
chrUn_gl000216	9	2	172294	1.16081e-05
chrUn_gl000216	10	6	172294	3.48242e-05
chrUn_gl000216	11	5	172294	2.90202e-05
chrUn_gl000216	12	25	172294	0.000145101
chrUn_gl000217	0	167558	172149	0.973331
chrUn_gl000217	1	4582	172149	0.0266165
chrUn_gl000217	2	9	172149	5.22803e-05
chrUn_gl000218	0	157304	161147	0.976152
chrUn_gl000218	1	3786	161147	0.0234941
chrUn_gl000218	2	57	161147	0.000353714
chrUn_gl000219	0	172418	179198	0.962165
chrUn_gl000219	1	6597	179198	0.036814
chrUn_gl000219	2	146	179198	0.000814741
chrUn_gl000219	3	37	179198	0.000206476
chrUn_gl000220	0	107069	161802	0.661729
chrUn_gl000220	1	18741	161802	0.115827
chrUn_gl000220	2	10140	161802	0.0626692
chrUn_gl000220	3	8090	161802	0.0499994
chrUn_gl000220	4	6247	161802	0.0386089
chrUn_gl000220	5	4330	161802	0.0267611
chrUn_gl000220	6	3068	161802	0.0189614
chrUn_gl000220	7	2012	161802	0.012435
chrUn_gl000220	8	1107	161802	0.0068417
chrUn_gl000220	9	569	161802	0.00351664
chrUn_gl000220	10	221	161802	0.00136587
chrUn_gl000220	11	172	161802	0.00106303
chrUn_gl000220	12	20	161802	0.000123608
chrUn_gl000220	13	14	161802	8.65255e-05
chrUn_gl000220	14	2	161802	1.23608e-05
chrUn_gl000221	0	150927	155397	0.971235
chrUn_gl000221	1	4390	155397	0.0282502
chrUn_gl000221	2	80	155397	0.00051481
chrUn_gl000222	0	184811	186861	0.989029
chrUn_gl000222	1	2050	186861	0.0109707
chrUn_gl000223	0	179605	180455	0.99529
chrUn_gl000223	1	850	180455	0.00471032
chrUn_gl000224	0	168037	179693	0.935134
chrUn_gl000224	1	9962	179693	0.055439
chrUn_gl000224	2	1222	179693	0.00680049
chrUn_gl000224	3	444	179693	0.00247088
chrUn_gl000224	4	28	179693	0.000155821
chrUn_gl000225	0	190455	211173	0.901891
chrUn_gl000225	1	17267	211173	0.0817671
chrUn_gl000225	2	2419	211173	0.0114551
chrUn_gl000225	3	666	211173	0.00315381
chrUn_gl000225	4	202	211173	0.000956562
chrUn_gl000225	5	48	211173	0.000227302
chrUn_gl000225	6	68	211173	0.000322011
chrUn_gl000225	7	10	211173	4.73545e-05
chrUn_gl000225	8	8	211173	3.78836e-05
chrUn_gl000225	9	8	211173	3.78836e-05
chrUn_gl000225	10	7	211173	3.31482e-05
chrUn_gl000225	11	15	211173	7.10318e-05
chrUn_gl000226	0	1315	15008	0.0876199
chrUn_gl000226	1	1313	15008	0.0874867
chrUn_gl000226	2	1449	15008	0.0965485
chrUn_gl000226	3	1712	15008	0.114072
chrUn_gl000226	4	1844	15008	0.122868
chrUn_gl000226	5	1793	15008	0.11947
chrUn_gl000226	6	1471	15008	0.0980144
chrUn_gl000226	7	1281	15008	0.0853545
chrUn_gl000226	8	1009	15008	0.0672308
chrUn_gl000226	9	676	15008	0.0450426
chrUn_gl000226	10	396	15008	0.0263859
chrUn_gl000226	11	343	15008	0.0228545
chrUn_gl000226	12	183	15008	0.0121935
chrUn_gl000226	13	126	15008	0.00839552
chrUn_gl000226	14	41	15008	0.00273188
chrUn_gl000226	15	30	15008	0.00199893
chrUn_gl000226	16	3	15008	0.000199893
chrUn_gl000226	17	4	15008	0.000266525
chrUn_gl000226	18	9	15008	0.00059968
chrUn_gl000226	19	6	15008	0.000399787
chrUn_gl000226	20	4	15008	0.000266525
chrUn_gl000227	0	127124	128374	0.990263
chrUn_gl000227	1	1250	128374	0.00973717
chrUn_gl000228	0	126473	129120	0.9795
chrUn_gl000228	1	2294	129120	0.0177664
chrUn_gl000228	2	253	129120	0.00195942
chrUn_gl000228	3	100	129120	0.000774473
chrUn_gl000229	0	19413	19913	0.974891
chrUn_gl000229	1	500	19913	0.0251092
chrUn_gl000230	0	42329	43691	0.968827
chrUn_gl000230	1	1274	43691	0.0291593
chrUn_gl000230	2	88	43691	0.00201414
chrUn_gl000231	0	26436	27386	0.965311
chrUn_gl000231	1	950	27386	0.0346893
chrUn_gl000232	0	38677	40652	0.951417
chrUn_gl000232	1	1950	40652	0.0479681
chrUn_gl000232	2	25	40652	0.000614976
chrUn_gl000233	0	44841	45941	0.976056
chrUn_gl000233	1	1100	45941	0.0239438
chrUn_gl000234	0	39462	40531	0.973625
chrUn_gl000234	1	1038	40531	0.02561
chrUn_gl000234	2	31	40531	0.000764847
chrUn_gl000235	0	33024	34474	0.957939
chrUn_gl000235	1	1450	34474	0.0420607
chrUn_gl000236	0	41384	41934	0.986884
chrUn_gl000236	1	550	41934	0.0131158
chrUn_gl000237	0	44392	45867	0.967842
chrUn_gl000237	1	1450	45867	0.0316131
chrUn_gl000237	2	25	45867	0.000545054
chrUn_gl000238	0	39689	39939	0.99374
chrUn_gl000238	1	250	39939	0.00625955
chrUn_gl000239	0	32866	33824	0.971677
chrUn_gl000239	1	916	33824	0.0270814
chrUn_gl000239	2	42	33824	0.00124172
chrUn_gl000240	0	40711	41933	0.970858
chrUn_gl000240	1	1194	41933	0.028474
chrUn_gl000240	2	28	41933	0.000667732
chrUn_gl000241	0	39927	42152	0.947215
chrUn_gl000241	1	2050	42152	0.0486335
chrUn_gl000241	2	175	42152	0.00415164
chrUn_gl000242	0	43023	43523	0.988512
chrUn_gl000242	1	500	43523	0.0114882
chrUn_gl000243	0	41806	43341	0.964583
chrUn_gl000243	1	1420	43341	0.0327634
chrUn_gl000243	2	115	43341	0.00265338
chrUn_gl000244	0	39329	39929	0.984973
chrUn_gl000244	1	600	39929	0.0150267
chrUn_gl000245	0	35805	36651	0.976917
chrUn_gl000245	1	792	36651	0.0216092
chrUn_gl000245	2	54	36651	0.00147336
chrUn_gl000246	0	37726	38154	0.988782
chrUn_gl000246	1	378	38154	0.00990722
chrUn_gl000246	2	28	38154	0.000733868
chrUn_gl000246	3	22	38154	0.000576611
chrUn_gl000247	0	35572	36422	0.976662
chrUn_gl000247	1	850	36422	0.0233375
chrUn_gl000248	0	39386	39786	0.989946
chrUn_gl000248	1	400	39786	0.0100538
chrUn_gl000249	0	38202	38502	0.992208
chrUn_gl000249	1	300	38502	0.0077918
genome	0	3098300512	3137161264	0.987613
genome	1	38253529	3137161264	0.0121937
genome	2	466447	3137161264	0.000148684
genome	3	48124	3137161264	1.534e-05
genome	4	24742	3137161264	7.88675e-06
genome	5	17569	3137161264	5.60029e-06
genome	6	12948	3137161264	4.1273e-06
genome	7	10127	3137161264	3.22808e-06
genome	8	6811	3137161264	2.17107e-06
genome	9	4616	3137161264	1.47139e-06
genome	10	3165	3137161264	1.00887e-06
genome	11	2605	3137161264	8.30369e-07
genome	12	1830	3137161264	5.8333e-07
genome	13	1481	3137161264	4.72083e-07
genome	14	1174	3137161264	3.74224e-07
genome	15	864	3137161264	2.75408e-07
genome	16	644	3137161264	2.05281e-07
genome	17	588	3137161264	1.87431e-07
genome	18	574	3137161264	1.82968e-07
genome	19	431	3137161264	1.37385e-07
genome	20	383	3137161264	1.22085e-07
genome	21	287	3137161264	9.1484e-08
genome	22	209	3137161264	6.66207e-08
genome	23	213	3137161264	6.78958e-08
genome	24	155	3137161264	4.94077e-08
genome	25	170	3137161264	5.41891e-08
genome	26	144	3137161264	4.59014e-08
genome	27	103	3137161264	3.28322e-08
genome	28	84	3137161264	2.67758e-08
genome	29	87	3137161264	2.77321e-08
genome	30	88	3137161264	2.80508e-08
genome	31	64	3137161264	2.04006e-08
genome	32	66	3137161264	2.10381e-08
genome	33	75	3137161264	2.3907e-08
genome	34	37	3137161264	1.17941e-08
genome	35	37	3137161264	1.17941e-08
genome	36	25	3137161264	7.96899e-09
genome	37	15	3137161264	4.78139e-09
genome	38	9	3137161264	2.86884e-09
genome	39	9	3137161264	2.86884e-09
genome	40	3	3137161264	9.56279e-10
genome	41	4	3137161264	1.27504e-09
genome	42	3	3137161264	9.56279e-10
genome	43	6	3137161264	1.91256e-09
genome	44	6	3137161264	1.91256e-09
genome	45	4	3137161264	1.27504e-09
genome	46	5	3137161264	1.5938e-09
genome	47	5	3137161264	1.5938e-09
genome	48	11	3137161264	3.50635e-09
genome	49	13	3137161264	4.14387e-09
genome	50	18	3137161264	5.73767e-09
genome	51	24	3137161264	7.65023e-09
genome	52	30	3137161264	9.56279e-09
genome	53	10	3137161264	3.1876e-09
genome	54	15	3137161264	4.78139e-09
genome	55	10	3137161264	3.1876e-09
genome	56	6	3137161264	1.91256e-09
genome	57	11	3137161264	3.50635e-09
genome	58	9	3137161264	2.86884e-09
genome	59	20	3137161264	6.37519e-09
genome	60	9	3137161264	2.86884e-09
genome	61	1	3137161264	3.1876e-10
