chrM	0	40	16571	0.00241386
chrM	1	168	16571	0.0101382
chrM	2	460	16571	0.0277593
chrM	3	871	16571	0.0525617
chrM	4	1258	16571	0.0759158
chrM	5	1824	16571	0.110072
chrM	6	1983	16571	0.119667
chrM	7	2187	16571	0.131978
chrM	8	1960	16571	0.118279
chrM	9	1772	16571	0.106934
chrM	10	1321	16571	0.0797176
chrM	11	850	16571	0.0512944
chrM	12	703	16571	0.0424235
chrM	13	418	16571	0.0252248
chrM	14	309	16571	0.018647
chrM	15	162	16571	0.00977611
chrM	16	92	16571	0.00555187
chrM	17	39	16571	0.00235351
chrM	18	59	16571	0.00356044
chrM	19	41	16571	0.0024742
chrM	20	14	16571	0.000844849
chrM	21	22	16571	0.00132762
chrM	22	10	16571	0.000603464
chrM	23	4	16571	0.000241386
chrM	24	4	16571	0.000241386
chr1	0	245535245	249250621	0.985094
chr1	1	3537527	249250621	0.0141927
chr1	2	171802	249250621	0.000689274
chr1	3	3852	249250621	1.54543e-05
chr1	4	464	249250621	1.86158e-06
chr1	5	228	249250621	9.14742e-07
chr1	6	163	249250621	6.5396e-07
chr1	7	54	249250621	2.16649e-07
chr1	8	39	249250621	1.56469e-07
chr1	9	59	249250621	2.3671e-07
chr1	10	34	249250621	1.36409e-07
chr1	11	20	249250621	8.02405e-08
chr1	12	7	249250621	2.80842e-08
chr1	13	11	249250621	4.41323e-08
chr1	14	13	249250621	5.21563e-08
chr1	15	4	249250621	1.60481e-08
chr1	16	17	249250621	6.82044e-08
chr1	17	15	249250621	6.01804e-08
chr1	18	19	249250621	7.62285e-08
chr1	19	6	249250621	2.40722e-08
chr1	20	3	249250621	1.20361e-08
chr1	22	2	249250621	8.02405e-09
chr1	23	2	249250621	8.02405e-09
chr1	24	18	249250621	7.22165e-08
chr1	25	1	249250621	4.01203e-09
chr1	26	9	249250621	3.61082e-08
chr1	27	5	249250621	2.00601e-08
chr1	28	13	249250621	5.21563e-08
chr1	29	20	249250621	8.02405e-08
chr1	30	8	249250621	3.20962e-08
chr1	31	11	249250621	4.41323e-08
chr1	32	9	249250621	3.61082e-08
chr1	33	12	249250621	4.81443e-08
chr1	34	7	249250621	2.80842e-08
chr1	35	3	249250621	1.20361e-08
chr1	36	12	249250621	4.81443e-08
chr1	37	16	249250621	6.41924e-08
chr1	38	23	249250621	9.22766e-08
chr1	39	18	249250621	7.22165e-08
chr1	40	17	249250621	6.82044e-08
chr1	41	22	249250621	8.82646e-08
chr1	42	8	249250621	3.20962e-08
chr1	43	15	249250621	6.01804e-08
chr1	44	19	249250621	7.62285e-08
chr1	45	23	249250621	9.22766e-08
chr1	46	14	249250621	5.61684e-08
chr1	47	20	249250621	8.02405e-08
chr1	48	20	249250621	8.02405e-08
chr1	49	20	249250621	8.02405e-08
chr1	50	14	249250621	5.61684e-08
chr1	51	30	249250621	1.20361e-07
chr1	52	29	249250621	1.16349e-07
chr1	53	26	249250621	1.04313e-07
chr1	54	25	249250621	1.00301e-07
chr1	55	19	249250621	7.62285e-08
chr1	56	9	249250621	3.61082e-08
chr1	57	10	249250621	4.01203e-08
chr1	58	12	249250621	4.81443e-08
chr1	59	8	249250621	3.20962e-08
chr1	60	3	249250621	1.20361e-08
chr1	61	13	249250621	5.21563e-08
chr1	62	16	249250621	6.41924e-08
chr1	63	17	249250621	6.82044e-08
chr1	64	21	249250621	8.42525e-08
chr1	65	23	249250621	9.22766e-08
chr1	66	13	249250621	5.21563e-08
chr1	67	7	249250621	2.80842e-08
chr1	68	16	249250621	6.41924e-08
chr1	69	4	249250621	1.60481e-08
chr1	70	4	249250621	1.60481e-08
chr1	71	1	249250621	4.01203e-09
chr1	72	1	249250621	4.01203e-09
chr1	73	5	249250621	2.00601e-08
chr1	74	2	249250621	8.02405e-09
chr1	75	1	249250621	4.01203e-09
chr1	76	1	249250621	4.01203e-09
chr1	77	3	249250621	1.20361e-08
chr1	78	5	249250621	2.00601e-08
chr1	79	3	249250621	1.20361e-08
chr1	80	5	249250621	2.00601e-08
chr1	81	4	249250621	1.60481e-08
chr1	82	2	249250621	8.02405e-09
chr1	83	3	249250621	1.20361e-08
chr1	84	1	249250621	4.01203e-09
chr1	85	1	249250621	4.01203e-09
chr1	86	2	249250621	8.02405e-09
chr1	92	1	249250621	4.01203e-09
chr1	95	2	249250621	8.02405e-09
chr1	97	2	249250621	8.02405e-09
chr1	101	1	249250621	4.01203e-09
chr1	102	2	249250621	8.02405e-09
chr1	104	1	249250621	4.01203e-09
chr1	105	1	249250621	4.01203e-09
chr1	106	1	249250621	4.01203e-09
chr1	110	1	249250621	4.01203e-09
chr1	114	1	249250621	4.01203e-09
chr1	118	1	249250621	4.01203e-09
chr1	119	1	249250621	4.01203e-09
chr1	120	2	249250621	8.02405e-09
chr1	122	1	249250621	4.01203e-09
chr1	124	2	249250621	8.02405e-09
chr1	125	2	249250621	8.02405e-09
chr1	127	2	249250621	8.02405e-09
chr1	128	2	249250621	8.02405e-09
chr1	129	3	249250621	1.20361e-08
chr1	130	1	249250621	4.01203e-09
chr1	131	2	249250621	8.02405e-09
chr1	133	1	249250621	4.01203e-09
chr1	135	2	249250621	8.02405e-09
chr1	137	2	249250621	8.02405e-09
chr1	138	1	249250621	4.01203e-09
chr1	139	1	249250621	4.01203e-09
chr1	140	1	249250621	4.01203e-09
chr1	143	1	249250621	4.01203e-09
chr1	144	6	249250621	2.40722e-08
chr1	145	5	249250621	2.00601e-08
chr1	146	1	249250621	4.01203e-09
chr1	147	2	249250621	8.02405e-09
chr1	148	3	249250621	1.20361e-08
chr1	149	2	249250621	8.02405e-09
chr1	150	4	249250621	1.60481e-08
chr1	151	3	249250621	1.20361e-08
chr1	152	7	249250621	2.80842e-08
chr1	153	6	249250621	2.40722e-08
chr1	154	1	249250621	4.01203e-09
chr1	156	1	249250621	4.01203e-09
chr1	157	1	249250621	4.01203e-09
chr1	158	4	249250621	1.60481e-08
chr1	159	4	249250621	1.60481e-08
chr1	160	3	249250621	1.20361e-08
chr1	161	4	249250621	1.60481e-08
chr1	162	5	249250621	2.00601e-08
chr1	163	9	249250621	3.61082e-08
chr1	164	5	249250621	2.00601e-08
chr1	165	2	249250621	8.02405e-09
chr1	166	3	249250621	1.20361e-08
chr1	167	3	249250621	1.20361e-08
chr1	168	3	249250621	1.20361e-08
chr1	169	3	249250621	1.20361e-08
chr1	170	3	249250621	1.20361e-08
chr1	171	3	249250621	1.20361e-08
chr1	172	2	249250621	8.02405e-09
chr1	173	2	249250621	8.02405e-09
chr1	174	1	249250621	4.01203e-09
chr1	175	6	249250621	2.40722e-08
chr1	176	2	249250621	8.02405e-09
chr1	177	2	249250621	8.02405e-09
chr1	178	2	249250621	8.02405e-09
chr1	179	5	249250621	2.00601e-08
chr1	180	2	249250621	8.02405e-09
chr1	181	9	249250621	3.61082e-08
chr1	182	5	249250621	2.00601e-08
chr1	183	5	249250621	2.00601e-08
chr1	184	6	249250621	2.40722e-08
chr1	185	1	249250621	4.01203e-09
chr1	186	2	249250621	8.02405e-09
chr1	187	3	249250621	1.20361e-08
chr1	188	4	249250621	1.60481e-08
chr1	189	3	249250621	1.20361e-08
chr1	190	3	249250621	1.20361e-08
chr1	191	7	249250621	2.80842e-08
chr1	192	3	249250621	1.20361e-08
chr1	193	5	249250621	2.00601e-08
chr1	194	11	249250621	4.41323e-08
chr1	195	3	249250621	1.20361e-08
chr1	196	4	249250621	1.60481e-08
chr1	197	1	249250621	4.01203e-09
chr1	198	1	249250621	4.01203e-09
chr1	199	1	249250621	4.01203e-09
chr1	201	2	249250621	8.02405e-09
chr1	202	7	249250621	2.80842e-08
chr1	203	2	249250621	8.02405e-09
chr1	204	4	249250621	1.60481e-08
chr1	205	2	249250621	8.02405e-09
chr1	206	2	249250621	8.02405e-09
chr1	207	3	249250621	1.20361e-08
chr1	208	4	249250621	1.60481e-08
chr1	210	4	249250621	1.60481e-08
chr1	211	3	249250621	1.20361e-08
chr1	212	4	249250621	1.60481e-08
chr1	214	1	249250621	4.01203e-09
chr1	215	1	249250621	4.01203e-09
chr1	216	2	249250621	8.02405e-09
chr1	218	1	249250621	4.01203e-09
chr1	219	4	249250621	1.60481e-08
chr1	220	2	249250621	8.02405e-09
chr1	221	1	249250621	4.01203e-09
chr1	222	2	249250621	8.02405e-09
chr1	223	1	249250621	4.01203e-09
chr1	224	1	249250621	4.01203e-09
chr1	226	4	249250621	1.60481e-08
chr1	227	1	249250621	4.01203e-09
chr1	231	1	249250621	4.01203e-09
chr1	232	1	249250621	4.01203e-09
chr1	234	1	249250621	4.01203e-09
chr1	236	1	249250621	4.01203e-09
chr1	238	1	249250621	4.01203e-09
chr1	240	1	249250621	4.01203e-09
chr1	241	5	249250621	2.00601e-08
chr1	242	2	249250621	8.02405e-09
chr1	252	1	249250621	4.01203e-09
chr1	254	1	249250621	4.01203e-09
chr1	255	1	249250621	4.01203e-09
chr1	256	1	249250621	4.01203e-09
chr2	0	240147042	243199373	0.987449
chr2	1	2905366	243199373	0.0119464
chr2	2	139343	243199373	0.000572958
chr2	3	4367	243199373	1.79565e-05
chr2	4	1269	243199373	5.21794e-06
chr2	5	661	243199373	2.71793e-06
chr2	6	430	243199373	1.7681e-06
chr2	7	274	243199373	1.12665e-06
chr2	8	247	243199373	1.01563e-06
chr2	9	139	243199373	5.71548e-07
chr2	10	94	243199373	3.86514e-07
chr2	11	20	243199373	8.22371e-08
chr2	12	24	243199373	9.86845e-08
chr2	13	28	243199373	1.15132e-07
chr2	14	19	243199373	7.81252e-08
chr2	15	13	243199373	5.34541e-08
chr2	16	3	243199373	1.23356e-08
chr2	17	3	243199373	1.23356e-08
chr2	18	21	243199373	8.63489e-08
chr2	19	9	243199373	3.70067e-08
chr2	20	1	243199373	4.11185e-09
chr3	0	195300870	198022430	0.986256
chr3	1	2604772	198022430	0.0131539
chr3	2	114863	198022430	0.00058005
chr3	3	1715	198022430	8.66064e-06
chr3	4	61	198022430	3.08046e-07
chr3	5	20	198022430	1.00999e-07
chr3	6	2	198022430	1.00999e-08
chr3	7	10	198022430	5.04993e-08
chr3	8	2	198022430	1.00999e-08
chr3	9	11	198022430	5.55493e-08
chr3	10	4	198022430	2.01997e-08
chr3	11	2	198022430	1.00999e-08
chr3	12	2	198022430	1.00999e-08
chr3	13	2	198022430	1.00999e-08
chr3	14	6	198022430	3.02996e-08
chr3	15	5	198022430	2.52497e-08
chr3	16	10	198022430	5.04993e-08
chr3	17	7	198022430	3.53495e-08
chr3	18	11	198022430	5.55493e-08
chr3	19	5	198022430	2.52497e-08
chr3	20	3	198022430	1.51498e-08
chr3	21	13	198022430	6.56491e-08
chr3	22	1	198022430	5.04993e-09
chr3	23	8	198022430	4.03995e-08
chr3	24	7	198022430	3.53495e-08
chr3	25	5	198022430	2.52497e-08
chr3	26	10	198022430	5.04993e-08
chr3	27	3	198022430	1.51498e-08
chr4	0	189362295	191154276	0.990625
chr4	1	1718597	191154276	0.00899063
chr4	2	71193	191154276	0.000372437
chr4	3	1787	191154276	9.34847e-06
chr4	4	220	191154276	1.1509e-06
chr4	5	83	191154276	4.34204e-07
chr4	6	60	191154276	3.13883e-07
chr4	7	27	191154276	1.41247e-07
chr4	8	14	191154276	7.32393e-08
chr5	0	179236871	180915260	0.990723
chr5	1	1604829	180915260	0.00887061
chr5	2	72120	180915260	0.00039864
chr5	3	1302	180915260	7.19674e-06
chr5	4	115	180915260	6.35657e-07
chr5	5	23	180915260	1.27131e-07
chr6	0	167565210	171115067	0.979255
chr6	1	3376297	171115067	0.0197311
chr6	2	166065	171115067	0.000970487
chr6	3	4145	171115067	2.42235e-05
chr6	4	222	171115067	1.29737e-06
chr6	5	99	171115067	5.78558e-07
chr6	6	78	171115067	4.55834e-07
chr6	7	126	171115067	7.36347e-07
chr6	8	221	171115067	1.29153e-06
chr6	9	232	171115067	1.35581e-06
chr6	10	261	171115067	1.52529e-06
chr6	11	348	171115067	2.03372e-06
chr6	12	321	171115067	1.87593e-06
chr6	13	377	171115067	2.2032e-06
chr6	14	333	171115067	1.94606e-06
chr6	15	321	171115067	1.87593e-06
chr6	16	205	171115067	1.19802e-06
chr6	17	89	171115067	5.20118e-07
chr6	18	40	171115067	2.33761e-07
chr6	19	24	171115067	1.40256e-07
chr6	20	20	171115067	1.1688e-07
chr6	21	16	171115067	9.35043e-08
chr6	22	15	171115067	8.76603e-08
chr6	23	2	171115067	1.1688e-08
chr7	0	157290037	159138663	0.988384
chr7	1	1765826	159138663	0.0110961
chr7	2	79843	159138663	0.00050172
chr7	3	1070	159138663	6.7237e-06
chr7	4	160	159138663	1.00541e-06
chr7	5	91	159138663	5.71828e-07
chr7	6	152	159138663	9.55142e-07
chr7	7	67	159138663	4.21016e-07
chr7	8	83	159138663	5.21558e-07
chr7	9	33	159138663	2.07366e-07
chr7	10	45	159138663	2.82772e-07
chr7	11	23	159138663	1.44528e-07
chr7	12	26	159138663	1.6338e-07
chr7	13	29	159138663	1.82231e-07
chr7	14	34	159138663	2.1365e-07
chr7	15	39	159138663	2.45069e-07
chr7	16	41	159138663	2.57637e-07
chr7	17	46	159138663	2.89056e-07
chr7	18	19	159138663	1.19393e-07
chr7	19	39	159138663	2.45069e-07
chr7	20	36	159138663	2.26218e-07
chr7	21	28	159138663	1.75947e-07
chr7	22	42	159138663	2.63921e-07
chr7	23	33	159138663	2.07366e-07
chr7	24	35	159138663	2.19934e-07
chr7	25	42	159138663	2.63921e-07
chr7	26	22	159138663	1.38244e-07
chr7	27	29	159138663	1.82231e-07
chr7	28	32	159138663	2.01083e-07
chr7	29	35	159138663	2.19934e-07
chr7	30	20	159138663	1.25677e-07
chr7	31	20	159138663	1.25677e-07
chr7	32	31	159138663	1.94799e-07
chr7	33	28	159138663	1.75947e-07
chr7	34	17	159138663	1.06825e-07
chr7	35	21	159138663	1.3196e-07
chr7	36	22	159138663	1.38244e-07
chr7	37	27	159138663	1.69663e-07
chr7	38	34	159138663	2.1365e-07
chr7	39	36	159138663	2.26218e-07
chr7	40	37	159138663	2.32502e-07
chr7	41	59	159138663	3.70746e-07
chr7	42	35	159138663	2.19934e-07
chr7	43	22	159138663	1.38244e-07
chr7	44	21	159138663	1.3196e-07
chr7	45	34	159138663	2.1365e-07
chr7	46	19	159138663	1.19393e-07
chr7	47	20	159138663	1.25677e-07
chr7	48	15	159138663	9.42574e-08
chr7	49	18	159138663	1.13109e-07
chr7	50	12	159138663	7.54059e-08
chr7	51	11	159138663	6.91221e-08
chr7	52	6	159138663	3.7703e-08
chr7	54	4	159138663	2.51353e-08
chr7	55	5	159138663	3.14191e-08
chr7	56	1	159138663	6.28383e-09
chr7	57	1	159138663	6.28383e-09
chr7	58	1	159138663	6.28383e-09
chr7	59	1	159138663	6.28383e-09
chr7	60	1	159138663	6.28383e-09
chr7	61	1	159138663	6.28383e-09
chr7	63	1	159138663	6.28383e-09
chr7	64	2	159138663	1.25677e-08
chr7	65	5	159138663	3.14191e-08
chr7	66	4	159138663	2.51353e-08
chr7	67	11	159138663	6.91221e-08
chr7	68	4	159138663	2.51353e-08
chr7	69	6	159138663	3.7703e-08
chr7	70	2	159138663	1.25677e-08
chr7	71	5	159138663	3.14191e-08
chr7	72	3	159138663	1.88515e-08
chr7	73	2	159138663	1.25677e-08
chr7	74	1	159138663	6.28383e-09
chr8	0	144373100	146364022	0.986398
chr8	1	1888560	146364022	0.0129032
chr8	2	97595	146364022	0.000666796
chr8	3	3397	146364022	2.32093e-05
chr8	4	715	146364022	4.88508e-06
chr8	5	230	146364022	1.57142e-06
chr8	6	193	146364022	1.31863e-06
chr8	7	116	146364022	7.92545e-07
chr8	8	83	146364022	5.67079e-07
chr8	9	17	146364022	1.16149e-07
chr8	10	14	146364022	9.56519e-08
chr8	11	2	146364022	1.36646e-08
chr9	0	139615518	141213431	0.988684
chr9	1	1523190	141213431	0.0107864
chr9	2	73315	141213431	0.000519179
chr9	3	1255	141213431	8.88726e-06
chr9	4	87	141213431	6.16089e-07
chr9	5	29	141213431	2.05363e-07
chr9	6	37	141213431	2.62015e-07
chr10	0	133941057	135534747	0.988241
chr10	1	1508066	135534747	0.0111268
chr10	2	72818	135534747	0.000537264
chr10	3	2899	135534747	2.13893e-05
chr10	4	1461	135534747	1.07795e-05
chr10	5	1072	135534747	7.90941e-06
chr10	6	803	135534747	5.92468e-06
chr10	7	765	135534747	5.64431e-06
chr10	8	600	135534747	4.42691e-06
chr10	9	490	135534747	3.61531e-06
chr10	10	427	135534747	3.15048e-06
chr10	11	395	135534747	2.91438e-06
chr10	12	345	135534747	2.54547e-06
chr10	13	327	135534747	2.41267e-06
chr10	14	239	135534747	1.76339e-06
chr10	15	220	135534747	1.6232e-06
chr10	16	224	135534747	1.65271e-06
chr10	17	199	135534747	1.46826e-06
chr10	18	171	135534747	1.26167e-06
chr10	19	129	135534747	9.51785e-07
chr10	20	164	135534747	1.21002e-06
chr10	21	106	135534747	7.82087e-07
chr10	22	114	135534747	8.41113e-07
chr10	23	121	135534747	8.9276e-07
chr10	24	107	135534747	7.89465e-07
chr10	25	98	135534747	7.23062e-07
chr10	26	97	135534747	7.15684e-07
chr10	27	103	135534747	7.59953e-07
chr10	28	94	135534747	6.93549e-07
chr10	29	85	135534747	6.27145e-07
chr10	30	72	135534747	5.31229e-07
chr10	31	54	135534747	3.98422e-07
chr10	32	53	135534747	3.91044e-07
chr10	33	30	135534747	2.21345e-07
chr10	34	26	135534747	1.91833e-07
chr10	35	26	135534747	1.91833e-07
chr10	36	36	135534747	2.65615e-07
chr10	37	30	135534747	2.21345e-07
chr10	38	35	135534747	2.58236e-07
chr10	39	49	135534747	3.61531e-07
chr10	40	34	135534747	2.50858e-07
chr10	41	35	135534747	2.58236e-07
chr10	42	27	135534747	1.99211e-07
chr10	43	39	135534747	2.87749e-07
chr10	44	30	135534747	2.21345e-07
chr10	45	33	135534747	2.4348e-07
chr10	46	23	135534747	1.69698e-07
chr10	47	29	135534747	2.13967e-07
chr10	48	25	135534747	1.84455e-07
chr10	49	27	135534747	1.99211e-07
chr10	50	17	135534747	1.25429e-07
chr10	51	24	135534747	1.77076e-07
chr10	52	17	135534747	1.25429e-07
chr10	53	10	135534747	7.37818e-08
chr10	54	8	135534747	5.90255e-08
chr10	55	11	135534747	8.116e-08
chr10	56	9	135534747	6.64036e-08
chr10	57	12	135534747	8.85382e-08
chr10	58	6	135534747	4.42691e-08
chr10	59	4	135534747	2.95127e-08
chr10	60	1	135534747	7.37818e-09
chr10	62	2	135534747	1.47564e-08
chr10	63	5	135534747	3.68909e-08
chr10	64	6	135534747	4.42691e-08
chr10	65	13	135534747	9.59164e-08
chr10	66	7	135534747	5.16473e-08
chr10	67	8	135534747	5.90255e-08
chr10	68	2	135534747	1.47564e-08
chr10	69	4	135534747	2.95127e-08
chr10	70	4	135534747	2.95127e-08
chr10	71	1	135534747	7.37818e-09
chr10	72	3	135534747	2.21345e-08
chr10	73	5	135534747	3.68909e-08
chr10	74	2	135534747	1.47564e-08
chr10	75	2	135534747	1.47564e-08
chr10	76	4	135534747	2.95127e-08
chr10	77	2	135534747	1.47564e-08
chr10	80	6	135534747	4.42691e-08
chr10	81	3	135534747	2.21345e-08
chr10	82	6	135534747	4.42691e-08
chr10	83	6	135534747	4.42691e-08
chr10	84	4	135534747	2.95127e-08
chr10	85	2	135534747	1.47564e-08
chr10	87	1	135534747	7.37818e-09
chr10	89	2	135534747	1.47564e-08
chr10	90	5	135534747	3.68909e-08
chr10	91	1	135534747	7.37818e-09
chr10	92	1	135534747	7.37818e-09
chr10	93	4	135534747	2.95127e-08
chr10	95	2	135534747	1.47564e-08
chr10	96	1	135534747	7.37818e-09
chr10	97	3	135534747	2.21345e-08
chr10	98	2	135534747	1.47564e-08
chr11	0	133359759	135006516	0.987802
chr11	1	1568928	135006516	0.0116211
chr11	2	74845	135006516	0.000554381
chr11	3	1586	135006516	1.17476e-05
chr11	4	386	135006516	2.85912e-06
chr11	5	287	135006516	2.12582e-06
chr11	6	191	135006516	1.41475e-06
chr11	7	97	135006516	7.18484e-07
chr11	8	107	135006516	7.92554e-07
chr11	9	24	135006516	1.77769e-07
chr11	10	38	135006516	2.81468e-07
chr11	11	39	135006516	2.88875e-07
chr11	12	25	135006516	1.85176e-07
chr11	13	42	135006516	3.11096e-07
chr11	14	22	135006516	1.62955e-07
chr11	15	28	135006516	2.07397e-07
chr11	16	39	135006516	2.88875e-07
chr11	17	38	135006516	2.81468e-07
chr11	18	26	135006516	1.92583e-07
chr11	19	3	135006516	2.22212e-08
chr11	20	6	135006516	4.44423e-08
chr12	0	132216405	133851895	0.987781
chr12	1	1565890	133851895	0.0116987
chr12	2	68435	133851895	0.000511274
chr12	3	1120	133851895	8.36746e-06
chr12	4	45	133851895	3.36192e-07
chr13	0	114214640	115169878	0.991706
chr13	1	915870	115169878	0.00795234
chr13	2	39027	115169878	0.000338865
chr13	3	338	115169878	2.9348e-06
chr13	4	3	115169878	2.60485e-08
chr14	0	106491172	107349540	0.992004
chr14	1	818274	107349540	0.00762252
chr14	2	39560	107349540	0.000368516
chr14	3	480	107349540	4.47137e-06
chr14	4	54	107349540	5.0303e-07
chr15	0	101287601	102531392	0.987869
chr15	1	1184554	102531392	0.0115531
chr15	2	58003	102531392	0.00056571
chr15	3	1196	102531392	1.16647e-05
chr15	4	38	102531392	3.70618e-07
chr16	0	88979100	90354753	0.984775
chr16	1	1282863	90354753	0.0141981
chr16	2	75300	90354753	0.000833382
chr16	3	5591	90354753	6.18783e-05
chr16	4	2880	90354753	3.18744e-05
chr16	5	2329	90354753	2.57762e-05
chr16	6	1864	90354753	2.06298e-05
chr16	7	1224	90354753	1.35466e-05
chr16	8	966	90354753	1.06912e-05
chr16	9	788	90354753	8.72118e-06
chr16	10	508	90354753	5.62228e-06
chr16	11	415	90354753	4.59301e-06
chr16	12	264	90354753	2.92182e-06
chr16	13	194	90354753	2.14709e-06
chr16	14	110	90354753	1.21742e-06
chr16	15	126	90354753	1.3945e-06
chr16	16	127	90354753	1.40557e-06
chr16	17	45	90354753	4.98037e-07
chr16	18	33	90354753	3.65227e-07
chr16	19	13	90354753	1.43877e-07
chr16	20	8	90354753	8.85399e-08
chr16	21	1	90354753	1.10675e-08
chr16	23	3	90354753	3.32025e-08
chr16	24	1	90354753	1.10675e-08
chr17	0	80132103	81195210	0.986907
chr17	1	1006391	81195210	0.0123947
chr17	2	55091	81195210	0.000678501
chr17	3	1007	81195210	1.24022e-05
chr17	4	255	81195210	3.14058e-06
chr17	5	161	81195210	1.98288e-06
chr17	6	25	81195210	3.079e-07
chr17	7	22	81195210	2.70952e-07
chr17	8	62	81195210	7.63592e-07
chr17	9	13	81195210	1.60108e-07
chr17	10	11	81195210	1.35476e-07
chr17	11	15	81195210	1.8474e-07
chr17	12	8	81195210	9.8528e-08
chr17	13	5	81195210	6.158e-08
chr17	14	9	81195210	1.10844e-07
chr17	15	14	81195210	1.72424e-07
chr17	16	14	81195210	1.72424e-07
chr17	17	4	81195210	4.9264e-08
chr18	0	76777374	78077248	0.983351
chr18	1	1236313	78077248	0.0158345
chr18	2	59559	78077248	0.000762821
chr18	3	2355	78077248	3.01624e-05
chr18	4	490	78077248	6.27584e-06
chr18	5	311	78077248	3.98323e-06
chr18	6	254	78077248	3.25319e-06
chr18	7	155	78077248	1.98521e-06
chr18	8	75	78077248	9.60587e-07
chr18	9	118	78077248	1.51132e-06
chr18	10	61	78077248	7.81278e-07
chr18	11	43	78077248	5.50737e-07
chr18	12	45	78077248	5.76352e-07
chr18	13	11	78077248	1.40886e-07
chr18	14	22	78077248	2.81772e-07
chr18	15	12	78077248	1.53694e-07
chr18	16	2	78077248	2.56157e-08
chr18	17	8	78077248	1.02463e-07
chr18	18	12	78077248	1.53694e-07
chr18	19	1	78077248	1.28078e-08
chr18	20	15	78077248	1.92117e-07
chr18	21	7	78077248	8.96548e-08
chr18	22	1	78077248	1.28078e-08
chr18	23	4	78077248	5.12313e-08
chr19	0	58222175	59128983	0.984664
chr19	1	854149	59128983	0.0144455
chr19	2	49614	59128983	0.000839081
chr19	3	1129	59128983	1.90939e-05
chr19	4	364	59128983	6.15603e-06
chr19	5	198	59128983	3.34861e-06
chr19	6	135	59128983	2.28314e-06
chr19	7	146	59128983	2.46918e-06
chr19	8	102	59128983	1.72504e-06
chr19	9	83	59128983	1.40371e-06
chr19	10	63	59128983	1.06547e-06
chr19	11	61	59128983	1.03164e-06
chr19	12	73	59128983	1.23459e-06
chr19	13	62	59128983	1.04856e-06
chr19	14	55	59128983	9.3017e-07
chr19	15	38	59128983	6.42663e-07
chr19	16	33	59128983	5.58102e-07
chr19	17	18	59128983	3.04419e-07
chr19	18	32	59128983	5.4119e-07
chr19	19	43	59128983	7.27224e-07
chr19	20	44	59128983	7.44136e-07
chr19	21	29	59128983	4.90453e-07
chr19	22	21	59128983	3.55156e-07
chr19	23	26	59128983	4.39717e-07
chr19	24	30	59128983	5.07365e-07
chr19	25	17	59128983	2.87507e-07
chr19	26	19	59128983	3.21331e-07
chr19	27	9	59128983	1.5221e-07
chr19	28	6	59128983	1.01473e-07
chr19	29	5	59128983	8.45609e-08
chr19	30	11	59128983	1.86034e-07
chr19	31	6	59128983	1.01473e-07
chr19	32	8	59128983	1.35297e-07
chr19	33	4	59128983	6.76487e-08
chr19	34	7	59128983	1.18385e-07
chr19	35	3	59128983	5.07365e-08
chr19	36	4	59128983	6.76487e-08
chr19	39	1	59128983	1.69122e-08
chr19	41	10	59128983	1.69122e-07
chr19	42	4	59128983	6.76487e-08
chr19	43	7	59128983	1.18385e-07
chr19	44	1	59128983	1.69122e-08
chr19	45	3	59128983	5.07365e-08
chr19	46	9	59128983	1.5221e-07
chr19	47	11	59128983	1.86034e-07
chr19	48	21	59128983	3.55156e-07
chr19	49	6	59128983	1.01473e-07
chr19	50	5	59128983	8.45609e-08
chr19	51	4	59128983	6.76487e-08
chr19	52	7	59128983	1.18385e-07
chr19	53	3	59128983	5.07365e-08
chr19	55	3	59128983	5.07365e-08
chr19	56	3	59128983	5.07365e-08
chr19	58	2	59128983	3.38244e-08
chr19	59	2	59128983	3.38244e-08
chr19	60	1	59128983	1.69122e-08
chr19	62	1	59128983	1.69122e-08
chr19	64	1	59128983	1.69122e-08
chr19	66	1	59128983	1.69122e-08
chr19	67	1	59128983	1.69122e-08
chr19	68	1	59128983	1.69122e-08
chr19	69	2	59128983	3.38244e-08
chr19	72	3	59128983	5.07365e-08
chr19	74	1	59128983	1.69122e-08
chr19	76	1	59128983	1.69122e-08
chr19	77	4	59128983	6.76487e-08
chr19	78	9	59128983	1.5221e-07
chr19	79	3	59128983	5.07365e-08
chr19	80	1	59128983	1.69122e-08
chr19	81	2	59128983	3.38244e-08
chr19	82	1	59128983	1.69122e-08
chr19	84	3	59128983	5.07365e-08
chr19	85	2	59128983	3.38244e-08
chr19	86	4	59128983	6.76487e-08
chr19	88	1	59128983	1.69122e-08
chr19	93	2	59128983	3.38244e-08
chr19	94	3	59128983	5.07365e-08
chr19	95	1	59128983	1.69122e-08
chr19	98	1	59128983	1.69122e-08
chr19	99	3	59128983	5.07365e-08
chr19	101	2	59128983	3.38244e-08
chr19	102	3	59128983	5.07365e-08
chr19	104	1	59128983	1.69122e-08
chr20	0	62430808	63025520	0.990564
chr20	1	565474	63025520	0.00897214
chr20	2	28789	63025520	0.000456783
chr20	3	448	63025520	7.10823e-06
chr20	4	1	63025520	1.58666e-08
chr21	0	47687596	48129895	0.99081
chr21	1	421920	48129895	0.00876628
chr21	2	19777	48129895	0.000410909
chr21	3	420	48129895	8.72639e-06
chr21	4	135	48129895	2.80491e-06
chr21	5	18	48129895	3.73988e-07
chr21	6	17	48129895	3.53211e-07
chr21	7	12	48129895	2.49325e-07
chr22	0	50747851	51304566	0.989149
chr22	1	524809	51304566	0.0102293
chr22	2	31481	51304566	0.00061361
chr22	3	371	51304566	7.23133e-06
chr22	4	54	51304566	1.05254e-06
chrX	0	154261296	155270560	0.9935
chrX	1	964945	155270560	0.0062146
chrX	2	42318	155270560	0.000272544
chrX	3	1531	155270560	9.86021e-06
chrX	4	380	155270560	2.44734e-06
chrX	5	84	155270560	5.40991e-07
chrX	6	6	155270560	3.86422e-08
chrY	0	59335995	59373566	0.999367
chrY	1	33832	59373566	0.000569816
chrY	2	3005	59373566	5.06117e-05
chrY	3	353	59373566	5.94541e-06
chrY	4	147	59373566	2.47585e-06
chrY	5	92	59373566	1.54951e-06
chrY	6	43	59373566	7.24228e-07
chrY	7	35	59373566	5.89488e-07
chrY	8	16	59373566	2.6948e-07
chrY	9	16	59373566	2.6948e-07
chrY	10	26	59373566	4.37905e-07
chrY	11	6	59373566	1.01055e-07
chr1_gl000191_random	0	105373	106433	0.990041
chr1_gl000191_random	1	920	106433	0.00864394
chr1_gl000191_random	2	140	106433	0.00131538
chr1_gl000192_random	0	538059	547496	0.982763
chr1_gl000192_random	1	8874	547496	0.0162083
chr1_gl000192_random	2	563	547496	0.00102832
chr4_ctg9_hap1	0	588834	590426	0.997304
chr4_ctg9_hap1	1	1534	590426	0.00259812
chr4_ctg9_hap1	2	58	590426	9.82342e-05
chr4_gl000193_random	0	183973	189789	0.969355
chr4_gl000193_random	1	5499	189789	0.0289743
chr4_gl000193_random	2	300	189789	0.0015807
chr4_gl000193_random	3	17	189789	8.95732e-05
chr4_gl000194_random	0	186994	191469	0.976628
chr4_gl000194_random	1	4400	191469	0.0229802
chr4_gl000194_random	2	75	191469	0.000391708
chr6_apd_hap1	0	4616228	4622290	0.998689
chr6_apd_hap1	1	5724	4622290	0.00123835
chr6_apd_hap1	2	338	4622290	7.31239e-05
chr6_cox_hap2	0	4776756	4795371	0.996118
chr6_cox_hap2	1	17580	4795371	0.00366604
chr6_cox_hap2	2	1035	4795371	0.000215833
chr6_dbb_hap3	0	4591742	4610396	0.995954
chr6_dbb_hap3	1	17858	4610396	0.00387342
chr6_dbb_hap3	2	796	4610396	0.000172653
chr6_mann_hap4	0	4669617	4683263	0.997086
chr6_mann_hap4	1	13042	4683263	0.00278481
chr6_mann_hap4	2	604	4683263	0.00012897
chr6_mcf_hap5	0	4816903	4833398	0.996587
chr6_mcf_hap5	1	15740	4833398	0.00325651
chr6_mcf_hap5	2	755	4833398	0.000156205
chr6_qbl_hap6	0	4593891	4611984	0.996077
chr6_qbl_hap6	1	17186	4611984	0.00372638
chr6_qbl_hap6	2	907	4611984	0.000196662
chr6_ssto_hap7	0	4912851	4928567	0.996811
chr6_ssto_hap7	1	14917	4928567	0.00302664
chr6_ssto_hap7	2	764	4928567	0.000155015
chr6_ssto_hap7	3	35	4928567	7.10146e-06
chr7_gl000195_random	0	175346	182896	0.95872
chr7_gl000195_random	1	7099	182896	0.0388144
chr7_gl000195_random	2	402	182896	0.00219797
chr7_gl000195_random	3	49	182896	0.000267912
chr8_gl000196_random	0	38814	38914	0.99743
chr8_gl000196_random	1	100	38914	0.00256977
chr8_gl000197_random	0	37025	37175	0.995965
chr8_gl000197_random	1	150	37175	0.00403497
chr9_gl000198_random	0	87334	90085	0.969462
chr9_gl000198_random	1	2602	90085	0.0288838
chr9_gl000198_random	2	149	90085	0.00165399
chr9_gl000199_random	0	138883	169874	0.817565
chr9_gl000199_random	1	21394	169874	0.12594
chr9_gl000199_random	2	6150	169874	0.0362033
chr9_gl000199_random	3	2016	169874	0.0118676
chr9_gl000199_random	4	624	169874	0.00367331
chr9_gl000199_random	5	407	169874	0.00239589
chr9_gl000199_random	6	98	169874	0.000576898
chr9_gl000199_random	7	102	169874	0.000600445
chr9_gl000199_random	8	93	169874	0.000547465
chr9_gl000199_random	9	46	169874	0.000270789
chr9_gl000199_random	10	23	169874	0.000135394
chr9_gl000199_random	11	20	169874	0.000117734
chr9_gl000199_random	12	17	169874	0.000100074
chr9_gl000199_random	13	1	169874	5.88672e-06
chr9_gl000200_random	0	185926	187035	0.994071
chr9_gl000200_random	1	1068	187035	0.00571016
chr9_gl000200_random	2	41	187035	0.00021921
chr9_gl000201_random	0	35648	36148	0.986168
chr9_gl000201_random	1	500	36148	0.013832
chr11_gl000202_random	0	39600	40103	0.987457
chr11_gl000202_random	1	361	40103	0.00900182
chr11_gl000202_random	2	137	40103	0.0034162
chr11_gl000202_random	3	5	40103	0.000124679
chr17_ctg5_hap1	0	1670428	1680828	0.993813
chr17_ctg5_hap1	1	9772	1680828	0.0058138
chr17_ctg5_hap1	2	606	1680828	0.000360537
chr17_ctg5_hap1	3	22	1680828	1.30888e-05
chr17_gl000203_random	0	37198	37498	0.992
chr17_gl000203_random	1	300	37498	0.00800043
chr17_gl000204_random	0	79807	81310	0.981515
chr17_gl000204_random	1	1392	81310	0.0171197
chr17_gl000204_random	2	75	81310	0.000922396
chr17_gl000204_random	3	36	81310	0.00044275
chr17_gl000205_random	0	166326	174588	0.952677
chr17_gl000205_random	1	7775	174588	0.0445334
chr17_gl000205_random	2	436	174588	0.00249731
chr17_gl000205_random	3	51	174588	0.000292116
chr17_gl000206_random	0	40801	41001	0.995122
chr17_gl000206_random	1	200	41001	0.00487793
chr18_gl000207_random	0	4212	4262	0.988268
chr18_gl000207_random	1	50	4262	0.0117316
chr19_gl000208_random	0	88357	92689	0.953263
chr19_gl000208_random	1	3904	92689	0.0421193
chr19_gl000208_random	2	338	92689	0.0036466
chr19_gl000208_random	3	90	92689	0.000970989
chr19_gl000209_random	0	158869	159169	0.998115
chr19_gl000209_random	1	300	159169	0.00188479
chr21_gl000210_random	0	27582	27682	0.996388
chr21_gl000210_random	1	100	27682	0.00361246
chrUn_gl000211	0	163883	166566	0.983892
chrUn_gl000211	1	2616	166566	0.0157055
chrUn_gl000211	2	67	166566	0.000402243
chrUn_gl000212	0	182368	186858	0.975971
chrUn_gl000212	1	4067	186858	0.0217652
chrUn_gl000212	2	325	186858	0.00173929
chrUn_gl000212	3	22	186858	0.000117736
chrUn_gl000212	4	63	186858	0.000337154
chrUn_gl000212	5	13	186858	6.95715e-05
chrUn_gl000213	0	162935	164239	0.99206
chrUn_gl000213	1	1208	164239	0.00735513
chrUn_gl000213	2	96	164239	0.000584514
chrUn_gl000214	0	122585	137718	0.890116
chrUn_gl000214	1	10332	137718	0.0750229
chrUn_gl000214	2	3191	137718	0.0231705
chrUn_gl000214	3	910	137718	0.00660771
chrUn_gl000214	4	376	137718	0.00273022
chrUn_gl000214	5	181	137718	0.00131428
chrUn_gl000214	6	48	137718	0.000348538
chrUn_gl000214	7	50	137718	0.000363061
chrUn_gl000214	8	16	137718	0.000116179
chrUn_gl000214	9	9	137718	6.53509e-05
chrUn_gl000214	10	20	137718	0.000145224
chrUn_gl000215	0	171032	172545	0.991231
chrUn_gl000215	1	1376	172545	0.00797473
chrUn_gl000215	2	137	172545	0.000793996
chrUn_gl000216	0	163220	172294	0.947334
chrUn_gl000216	1	6671	172294	0.0387187
chrUn_gl000216	2	1328	172294	0.00770776
chrUn_gl000216	3	392	172294	0.00227518
chrUn_gl000216	4	226	172294	0.00131171
chrUn_gl000216	5	144	172294	0.000835781
chrUn_gl000216	6	52	172294	0.00030181
chrUn_gl000216	7	74	172294	0.000429498
chrUn_gl000216	8	48	172294	0.000278594
chrUn_gl000216	9	20	172294	0.000116081
chrUn_gl000216	10	15	172294	8.70605e-05
chrUn_gl000216	11	21	172294	0.000121885
chrUn_gl000216	12	6	172294	3.48242e-05
chrUn_gl000216	13	6	172294	3.48242e-05
chrUn_gl000216	14	5	172294	2.90202e-05
chrUn_gl000216	15	4	172294	2.32161e-05
chrUn_gl000216	16	5	172294	2.90202e-05
chrUn_gl000216	17	9	172294	5.22363e-05
chrUn_gl000216	18	7	172294	4.06282e-05
chrUn_gl000216	19	8	172294	4.64323e-05
chrUn_gl000216	20	1	172294	5.80403e-06
chrUn_gl000216	21	9	172294	5.22363e-05
chrUn_gl000216	22	12	172294	6.96484e-05
chrUn_gl000216	23	1	172294	5.80403e-06
chrUn_gl000216	24	1	172294	5.80403e-06
chrUn_gl000216	25	3	172294	1.74121e-05
chrUn_gl000216	26	1	172294	5.80403e-06
chrUn_gl000216	27	4	172294	2.32161e-05
chrUn_gl000216	28	1	172294	5.80403e-06
chrUn_gl000217	0	169271	172149	0.983282
chrUn_gl000217	1	2756	172149	0.0160094
chrUn_gl000217	2	122	172149	0.000708688
chrUn_gl000218	0	157063	161147	0.974657
chrUn_gl000218	1	3868	161147	0.0240029
chrUn_gl000218	2	216	161147	0.00134039
chrUn_gl000219	0	174031	179198	0.971166
chrUn_gl000219	1	4812	179198	0.026853
chrUn_gl000219	2	327	179198	0.0018248
chrUn_gl000219	3	28	179198	0.000156252
chrUn_gl000220	0	130614	161802	0.807246
chrUn_gl000220	1	18619	161802	0.115073
chrUn_gl000220	2	7578	161802	0.046835
chrUn_gl000220	3	3050	161802	0.0188502
chrUn_gl000220	4	1230	161802	0.00760188
chrUn_gl000220	5	392	161802	0.00242271
chrUn_gl000220	6	152	161802	0.00093942
chrUn_gl000220	7	119	161802	0.000735467
chrUn_gl000220	8	32	161802	0.000197773
chrUn_gl000220	9	16	161802	9.88863e-05
chrUn_gl000221	0	152644	155397	0.982284
chrUn_gl000221	1	2622	155397	0.0168729
chrUn_gl000221	2	115	155397	0.00074004
chrUn_gl000221	3	16	155397	0.000102962
chrUn_gl000222	0	184974	186861	0.989902
chrUn_gl000222	1	1758	186861	0.00940806
chrUn_gl000222	2	95	186861	0.000508399
chrUn_gl000222	3	34	186861	0.000181953
chrUn_gl000223	0	178340	180455	0.98828
chrUn_gl000223	1	2030	180455	0.0112493
chrUn_gl000223	2	85	180455	0.000471032
chrUn_gl000224	0	169872	179693	0.945346
chrUn_gl000224	1	6963	179693	0.0387494
chrUn_gl000224	2	1782	179693	0.00991691
chrUn_gl000224	3	625	179693	0.00347815
chrUn_gl000224	4	260	179693	0.00144691
chrUn_gl000224	5	102	179693	0.000567635
chrUn_gl000224	6	26	179693	0.000144691
chrUn_gl000224	7	62	179693	0.000345033
chrUn_gl000224	8	1	179693	5.56505e-06
chrUn_gl000225	0	191644	211173	0.907521
chrUn_gl000225	1	13796	211173	0.0653303
chrUn_gl000225	2	3322	211173	0.0157312
chrUn_gl000225	3	1063	211173	0.00503379
chrUn_gl000225	4	458	211173	0.00216884
chrUn_gl000225	5	284	211173	0.00134487
chrUn_gl000225	6	146	211173	0.000691376
chrUn_gl000225	7	108	211173	0.000511429
chrUn_gl000225	8	59	211173	0.000279392
chrUn_gl000225	9	79	211173	0.000374101
chrUn_gl000225	10	72	211173	0.000340953
chrUn_gl000225	11	31	211173	0.000146799
chrUn_gl000225	12	14	211173	6.62964e-05
chrUn_gl000225	13	38	211173	0.000179947
chrUn_gl000225	14	11	211173	5.209e-05
chrUn_gl000225	15	3	211173	1.42064e-05
chrUn_gl000225	16	5	211173	2.36773e-05
chrUn_gl000225	17	8	211173	3.78836e-05
chrUn_gl000225	18	6	211173	2.84127e-05
chrUn_gl000225	19	2	211173	9.47091e-06
chrUn_gl000225	20	4	211173	1.89418e-05
chrUn_gl000225	21	4	211173	1.89418e-05
chrUn_gl000225	22	12	211173	5.68254e-05
chrUn_gl000225	23	4	211173	1.89418e-05
chrUn_gl000226	0	2603	15008	0.173441
chrUn_gl000226	1	2440	15008	0.16258
chrUn_gl000226	2	2530	15008	0.168577
chrUn_gl000226	3	1565	15008	0.104278
chrUn_gl000226	4	1271	15008	0.0846882
chrUn_gl000226	5	1155	15008	0.076959
chrUn_gl000226	6	1132	15008	0.0754264
chrUn_gl000226	7	757	15008	0.0504398
chrUn_gl000226	8	550	15008	0.0366471
chrUn_gl000226	9	408	15008	0.0271855
chrUn_gl000226	10	220	15008	0.0146588
chrUn_gl000226	11	117	15008	0.00779584
chrUn_gl000226	12	59	15008	0.00393124
chrUn_gl000226	13	75	15008	0.00499733
chrUn_gl000226	14	61	15008	0.0040645
chrUn_gl000226	15	26	15008	0.00173241
chrUn_gl000226	16	23	15008	0.00153252
chrUn_gl000226	17	6	15008	0.000399787
chrUn_gl000226	19	4	15008	0.000266525
chrUn_gl000226	20	3	15008	0.000199893
chrUn_gl000226	21	3	15008	0.000199893
chrUn_gl000227	0	126870	128374	0.988284
chrUn_gl000227	1	1358	128374	0.0105785
chrUn_gl000227	2	146	128374	0.0011373
chrUn_gl000228	0	125560	129120	0.972429
chrUn_gl000228	1	2161	129120	0.0167364
chrUn_gl000228	2	625	129120	0.00484046
chrUn_gl000228	3	182	129120	0.00140954
chrUn_gl000228	4	121	129120	0.000937113
chrUn_gl000228	5	50	129120	0.000387237
chrUn_gl000228	6	53	129120	0.000410471
chrUn_gl000228	7	89	129120	0.000689281
chrUn_gl000228	8	38	129120	0.0002943
chrUn_gl000228	9	58	129120	0.000449195
chrUn_gl000228	10	51	129120	0.000394981
chrUn_gl000228	11	33	129120	0.000255576
chrUn_gl000228	12	13	129120	0.000100682
chrUn_gl000228	13	7	129120	5.42131e-05
chrUn_gl000228	14	10	129120	7.74473e-05
chrUn_gl000228	15	19	129120	0.00014715
chrUn_gl000228	16	8	129120	6.19579e-05
chrUn_gl000228	17	14	129120	0.000108426
chrUn_gl000228	18	8	129120	6.19579e-05
chrUn_gl000228	19	5	129120	3.87237e-05
chrUn_gl000228	21	3	129120	2.32342e-05
chrUn_gl000228	22	4	129120	3.09789e-05
chrUn_gl000228	23	1	129120	7.74473e-06
chrUn_gl000228	24	7	129120	5.42131e-05
chrUn_gl000229	0	19463	19913	0.977402
chrUn_gl000229	1	450	19913	0.0225983
chrUn_gl000230	0	42818	43691	0.980019
chrUn_gl000230	1	846	43691	0.0193633
chrUn_gl000230	2	27	43691	0.000617976
chrUn_gl000231	0	26484	27386	0.967063
chrUn_gl000231	1	854	27386	0.0311838
chrUn_gl000231	2	48	27386	0.00175272
chrUn_gl000232	0	38678	40652	0.951442
chrUn_gl000232	1	1798	40652	0.0442291
chrUn_gl000232	2	176	40652	0.00432943
chrUn_gl000233	0	45366	45941	0.987484
chrUn_gl000233	1	550	45941	0.0119719
chrUn_gl000233	2	25	45941	0.000544176
chrUn_gl000234	0	39331	40531	0.970393
chrUn_gl000234	1	1200	40531	0.029607
chrUn_gl000235	0	33521	34474	0.972356
chrUn_gl000235	1	825	34474	0.0239311
chrUn_gl000235	2	109	34474	0.0031618
chrUn_gl000235	3	19	34474	0.00055114
chrUn_gl000236	0	41534	41934	0.990461
chrUn_gl000236	1	400	41934	0.0095388
chrUn_gl000237	0	44306	45867	0.965967
chrUn_gl000237	1	1472	45867	0.0320928
chrUn_gl000237	2	89	45867	0.00194039
chrUn_gl000238	0	39606	39939	0.991662
chrUn_gl000238	1	316	39939	0.00791207
chrUn_gl000238	2	17	39939	0.000425649
chrUn_gl000239	0	32674	33824	0.966
chrUn_gl000239	1	1150	33824	0.0339995
chrUn_gl000240	0	41363	41933	0.986407
chrUn_gl000240	1	540	41933	0.0128777
chrUn_gl000240	2	30	41933	0.000715427
chrUn_gl000241	0	40074	42152	0.950702
chrUn_gl000241	1	1849	42152	0.0438651
chrUn_gl000241	2	186	42152	0.0044126
chrUn_gl000241	3	43	42152	0.00102012
chrUn_gl000242	0	43223	43523	0.993107
chrUn_gl000242	1	300	43523	0.00689291
chrUn_gl000243	0	41924	43341	0.967306
chrUn_gl000243	1	1150	43341	0.0265338
chrUn_gl000243	2	251	43341	0.00579128
chrUn_gl000243	3	16	43341	0.000369165
chrUn_gl000244	0	39472	39929	0.988555
chrUn_gl000244	1	414	39929	0.0103684
chrUn_gl000244	2	43	39929	0.00107691
chrUn_gl000245	0	35916	36651	0.979946
chrUn_gl000245	1	720	36651	0.0196448
chrUn_gl000245	2	15	36651	0.000409266
chrUn_gl000246	0	37954	38154	0.994758
chrUn_gl000246	1	200	38154	0.00524191
chrUn_gl000247	0	35819	36422	0.983444
chrUn_gl000247	1	528	36422	0.0144967
chrUn_gl000247	2	53	36422	0.00145516
chrUn_gl000247	3	22	36422	0.000604031
chrUn_gl000248	0	39486	39786	0.99246
chrUn_gl000248	1	300	39786	0.00754034
chrUn_gl000249	0	37755	38502	0.980598
chrUn_gl000249	1	744	38502	0.0193237
chrUn_gl000249	2	3	38502	7.7918e-05
genome	0	3099630813	3137161264	0.988037
genome	1	35663810	3137161264	0.0113682
genome	2	1742049	3137161264	0.000555295
genome	3	54893	3137161264	1.74977e-05
genome	4	15893	3137161264	5.06605e-06
genome	5	10568	3137161264	3.36865e-06
genome	6	8143	3137161264	2.59566e-06
genome	7	6678	3137161264	2.12868e-06
genome	8	5414	3137161264	1.72576e-06
genome	9	4431	3137161264	1.41242e-06
genome	10	3308	3137161264	1.05446e-06
genome	11	2461	3137161264	7.84467e-07
genome	12	1952	3137161264	6.22219e-07
genome	13	1633	3137161264	5.20534e-07
genome	14	1258	3137161264	4.00999e-07
genome	15	1034	3137161264	3.29597e-07
genome	16	848	3137161264	2.70308e-07
genome	17	548	3137161264	1.7468e-07
genome	18	464	3137161264	1.47904e-07
genome	19	332	3137161264	1.05828e-07
genome	20	322	3137161264	1.02641e-07
genome	21	241	3137161264	7.6821e-08
genome	22	234	3137161264	7.45897e-08
genome	23	209	3137161264	6.66207e-08
genome	24	210	3137161264	6.69395e-08
genome	25	166	3137161264	5.29141e-08
genome	26	158	3137161264	5.0364e-08
genome	27	153	3137161264	4.87702e-08
genome	28	146	3137161264	4.65389e-08
genome	29	145	3137161264	4.62201e-08
genome	30	111	3137161264	3.53823e-08
genome	31	91	3137161264	2.90071e-08
genome	32	101	3137161264	3.21947e-08
genome	33	74	3137161264	2.35882e-08
genome	34	57	3137161264	1.81693e-08
genome	35	53	3137161264	1.68943e-08
genome	36	74	3137161264	2.35882e-08
genome	37	73	3137161264	2.32694e-08
genome	38	92	3137161264	2.93259e-08
genome	39	104	3137161264	3.3151e-08
genome	40	88	3137161264	2.80508e-08
genome	41	126	3137161264	4.01637e-08
genome	42	74	3137161264	2.35882e-08
genome	43	83	3137161264	2.6457e-08
genome	44	71	3137161264	2.26319e-08
genome	45	93	3137161264	2.96446e-08
genome	46	65	3137161264	2.07194e-08
genome	47	80	3137161264	2.55008e-08
genome	48	81	3137161264	2.58195e-08
genome	49	71	3137161264	2.26319e-08
genome	50	48	3137161264	1.53005e-08
genome	51	69	3137161264	2.19944e-08
genome	52	59	3137161264	1.88068e-08
genome	53	39	3137161264	1.24316e-08
genome	54	37	3137161264	1.17941e-08
genome	55	38	3137161264	1.21129e-08
genome	56	22	3137161264	7.01271e-09
genome	57	23	3137161264	7.33147e-09
genome	58	21	3137161264	6.69395e-09
genome	59	15	3137161264	4.78139e-09
genome	60	6	3137161264	1.91256e-09
genome	61	14	3137161264	4.46263e-09
genome	62	19	3137161264	6.05643e-09
genome	63	23	3137161264	7.33147e-09
genome	64	30	3137161264	9.56279e-09
genome	65	41	3137161264	1.30691e-08
genome	66	25	3137161264	7.96899e-09
genome	67	27	3137161264	8.60651e-09
genome	68	23	3137161264	7.33147e-09
genome	69	16	3137161264	5.10015e-09
genome	70	10	3137161264	3.1876e-09
genome	71	7	3137161264	2.23132e-09
genome	72	10	3137161264	3.1876e-09
genome	73	12	3137161264	3.82511e-09
genome	74	6	3137161264	1.91256e-09
genome	75	3	3137161264	9.56279e-10
genome	76	6	3137161264	1.91256e-09
genome	77	9	3137161264	2.86884e-09
genome	78	14	3137161264	4.46263e-09
genome	79	6	3137161264	1.91256e-09
genome	80	12	3137161264	3.82511e-09
genome	81	9	3137161264	2.86884e-09
genome	82	9	3137161264	2.86884e-09
genome	83	9	3137161264	2.86884e-09
genome	84	8	3137161264	2.55008e-09
genome	85	5	3137161264	1.5938e-09
genome	86	6	3137161264	1.91256e-09
genome	87	1	3137161264	3.1876e-10
genome	88	1	3137161264	3.1876e-10
genome	89	2	3137161264	6.37519e-10
genome	90	5	3137161264	1.5938e-09
genome	91	1	3137161264	3.1876e-10
genome	92	2	3137161264	6.37519e-10
genome	93	6	3137161264	1.91256e-09
genome	94	3	3137161264	9.56279e-10
genome	95	5	3137161264	1.5938e-09
genome	96	1	3137161264	3.1876e-10
genome	97	5	3137161264	1.5938e-09
genome	98	3	3137161264	9.56279e-10
genome	99	3	3137161264	9.56279e-10
genome	101	3	3137161264	9.56279e-10
genome	102	5	3137161264	1.5938e-09
genome	104	2	3137161264	6.37519e-10
genome	105	1	3137161264	3.1876e-10
genome	106	1	3137161264	3.1876e-10
genome	110	1	3137161264	3.1876e-10
genome	114	1	3137161264	3.1876e-10
genome	118	1	3137161264	3.1876e-10
genome	119	1	3137161264	3.1876e-10
genome	120	2	3137161264	6.37519e-10
genome	122	1	3137161264	3.1876e-10
genome	124	2	3137161264	6.37519e-10
genome	125	2	3137161264	6.37519e-10
genome	127	2	3137161264	6.37519e-10
genome	128	2	3137161264	6.37519e-10
genome	129	3	3137161264	9.56279e-10
genome	130	1	3137161264	3.1876e-10
genome	131	2	3137161264	6.37519e-10
genome	133	1	3137161264	3.1876e-10
genome	135	2	3137161264	6.37519e-10
genome	137	2	3137161264	6.37519e-10
genome	138	1	3137161264	3.1876e-10
genome	139	1	3137161264	3.1876e-10
genome	140	1	3137161264	3.1876e-10
genome	143	1	3137161264	3.1876e-10
genome	144	6	3137161264	1.91256e-09
genome	145	5	3137161264	1.5938e-09
genome	146	1	3137161264	3.1876e-10
genome	147	2	3137161264	6.37519e-10
genome	148	3	3137161264	9.56279e-10
genome	149	2	3137161264	6.37519e-10
genome	150	4	3137161264	1.27504e-09
genome	151	3	3137161264	9.56279e-10
genome	152	7	3137161264	2.23132e-09
genome	153	6	3137161264	1.91256e-09
genome	154	1	3137161264	3.1876e-10
genome	156	1	3137161264	3.1876e-10
genome	157	1	3137161264	3.1876e-10
genome	158	4	3137161264	1.27504e-09
genome	159	4	3137161264	1.27504e-09
genome	160	3	3137161264	9.56279e-10
genome	161	4	3137161264	1.27504e-09
genome	162	5	3137161264	1.5938e-09
genome	163	9	3137161264	2.86884e-09
genome	164	5	3137161264	1.5938e-09
genome	165	2	3137161264	6.37519e-10
genome	166	3	3137161264	9.56279e-10
genome	167	3	3137161264	9.56279e-10
genome	168	3	3137161264	9.56279e-10
genome	169	3	3137161264	9.56279e-10
genome	170	3	3137161264	9.56279e-10
genome	171	3	3137161264	9.56279e-10
genome	172	2	3137161264	6.37519e-10
genome	173	2	3137161264	6.37519e-10
genome	174	1	3137161264	3.1876e-10
genome	175	6	3137161264	1.91256e-09
genome	176	2	3137161264	6.37519e-10
genome	177	2	3137161264	6.37519e-10
genome	178	2	3137161264	6.37519e-10
genome	179	5	3137161264	1.5938e-09
genome	180	2	3137161264	6.37519e-10
genome	181	9	3137161264	2.86884e-09
genome	182	5	3137161264	1.5938e-09
genome	183	5	3137161264	1.5938e-09
genome	184	6	3137161264	1.91256e-09
genome	185	1	3137161264	3.1876e-10
genome	186	2	3137161264	6.37519e-10
genome	187	3	3137161264	9.56279e-10
genome	188	4	3137161264	1.27504e-09
genome	189	3	3137161264	9.56279e-10
genome	190	3	3137161264	9.56279e-10
genome	191	7	3137161264	2.23132e-09
genome	192	3	3137161264	9.56279e-10
genome	193	5	3137161264	1.5938e-09
genome	194	11	3137161264	3.50635e-09
genome	195	3	3137161264	9.56279e-10
genome	196	4	3137161264	1.27504e-09
genome	197	1	3137161264	3.1876e-10
genome	198	1	3137161264	3.1876e-10
genome	199	1	3137161264	3.1876e-10
genome	201	2	3137161264	6.37519e-10
genome	202	7	3137161264	2.23132e-09
genome	203	2	3137161264	6.37519e-10
genome	204	4	3137161264	1.27504e-09
genome	205	2	3137161264	6.37519e-10
genome	206	2	3137161264	6.37519e-10
genome	207	3	3137161264	9.56279e-10
genome	208	4	3137161264	1.27504e-09
genome	210	4	3137161264	1.27504e-09
genome	211	3	3137161264	9.56279e-10
genome	212	4	3137161264	1.27504e-09
genome	214	1	3137161264	3.1876e-10
genome	215	1	3137161264	3.1876e-10
genome	216	2	3137161264	6.37519e-10
genome	218	1	3137161264	3.1876e-10
genome	219	4	3137161264	1.27504e-09
genome	220	2	3137161264	6.37519e-10
genome	221	1	3137161264	3.1876e-10
genome	222	2	3137161264	6.37519e-10
genome	223	1	3137161264	3.1876e-10
genome	224	1	3137161264	3.1876e-10
genome	226	4	3137161264	1.27504e-09
genome	227	1	3137161264	3.1876e-10
genome	231	1	3137161264	3.1876e-10
genome	232	1	3137161264	3.1876e-10
genome	234	1	3137161264	3.1876e-10
genome	236	1	3137161264	3.1876e-10
genome	238	1	3137161264	3.1876e-10
genome	240	1	3137161264	3.1876e-10
genome	241	5	3137161264	1.5938e-09
genome	242	2	3137161264	6.37519e-10
genome	252	1	3137161264	3.1876e-10
genome	254	1	3137161264	3.1876e-10
genome	255	1	3137161264	3.1876e-10
genome	256	1	3137161264	3.1876e-10
