chrM	0	25	16571	0.00150866
chrM	1	118	16571	0.00712087
chrM	2	320	16571	0.0193108
chrM	3	489	16571	0.0295094
chrM	4	902	16571	0.0544324
chrM	5	1408	16571	0.0849677
chrM	6	1716	16571	0.103554
chrM	7	1957	16571	0.118098
chrM	8	2070	16571	0.124917
chrM	9	1857	16571	0.112063
chrM	10	1537	16571	0.0927524
chrM	11	1220	16571	0.0736226
chrM	12	955	16571	0.0576308
chrM	13	589	16571	0.035544
chrM	14	524	16571	0.0316215
chrM	15	348	16571	0.0210005
chrM	16	250	16571	0.0150866
chrM	17	113	16571	0.00681914
chrM	18	62	16571	0.00374148
chrM	19	54	16571	0.0032587
chrM	20	31	16571	0.00187074
chrM	21	12	16571	0.000724157
chrM	22	11	16571	0.00066381
chrM	23	3	16571	0.000181039
chr1	0	245597056	249250621	0.985342
chr1	1	3539330	249250621	0.0141999
chr1	2	108881	249250621	0.000436833
chr1	3	3229	249250621	1.29548e-05
chr1	4	448	249250621	1.79739e-06
chr1	5	207	249250621	8.30489e-07
chr1	6	98	249250621	3.93179e-07
chr1	7	62	249250621	2.48746e-07
chr1	8	56	249250621	2.24673e-07
chr1	9	48	249250621	1.92577e-07
chr1	10	11	249250621	4.41323e-08
chr1	11	19	249250621	7.62285e-08
chr1	12	17	249250621	6.82044e-08
chr1	13	13	249250621	5.21563e-08
chr1	14	16	249250621	6.41924e-08
chr1	15	10	249250621	4.01203e-08
chr1	16	10	249250621	4.01203e-08
chr1	17	10	249250621	4.01203e-08
chr1	18	5	249250621	2.00601e-08
chr1	19	20	249250621	8.02405e-08
chr1	20	6	249250621	2.40722e-08
chr1	21	17	249250621	6.82044e-08
chr1	22	25	249250621	1.00301e-07
chr1	23	9	249250621	3.61082e-08
chr1	24	13	249250621	5.21563e-08
chr1	25	13	249250621	5.21563e-08
chr1	26	27	249250621	1.08325e-07
chr1	27	25	249250621	1.00301e-07
chr1	28	39	249250621	1.56469e-07
chr1	29	23	249250621	9.22766e-08
chr1	30	16	249250621	6.41924e-08
chr1	31	26	249250621	1.04313e-07
chr1	32	17	249250621	6.82044e-08
chr1	33	22	249250621	8.82646e-08
chr1	34	21	249250621	8.42525e-08
chr1	35	16	249250621	6.41924e-08
chr1	36	17	249250621	6.82044e-08
chr1	37	17	249250621	6.82044e-08
chr1	38	22	249250621	8.82646e-08
chr1	39	22	249250621	8.82646e-08
chr1	40	21	249250621	8.42525e-08
chr1	41	13	249250621	5.21563e-08
chr1	42	19	249250621	7.62285e-08
chr1	43	19	249250621	7.62285e-08
chr1	44	22	249250621	8.82646e-08
chr1	45	19	249250621	7.62285e-08
chr1	46	14	249250621	5.61684e-08
chr1	47	14	249250621	5.61684e-08
chr1	48	10	249250621	4.01203e-08
chr1	49	20	249250621	8.02405e-08
chr1	50	20	249250621	8.02405e-08
chr1	51	19	249250621	7.62285e-08
chr1	52	15	249250621	6.01804e-08
chr1	53	11	249250621	4.41323e-08
chr1	54	20	249250621	8.02405e-08
chr1	55	11	249250621	4.41323e-08
chr1	56	6	249250621	2.40722e-08
chr1	57	7	249250621	2.80842e-08
chr1	58	4	249250621	1.60481e-08
chr1	59	6	249250621	2.40722e-08
chr1	60	4	249250621	1.60481e-08
chr1	63	2	249250621	8.02405e-09
chr1	64	3	249250621	1.20361e-08
chr1	66	2	249250621	8.02405e-09
chr1	67	1	249250621	4.01203e-09
chr1	70	2	249250621	8.02405e-09
chr1	74	1	249250621	4.01203e-09
chr1	78	1	249250621	4.01203e-09
chr1	79	2	249250621	8.02405e-09
chr1	80	3	249250621	1.20361e-08
chr1	81	6	249250621	2.40722e-08
chr1	82	1	249250621	4.01203e-09
chr1	83	8	249250621	3.20962e-08
chr1	84	8	249250621	3.20962e-08
chr1	85	2	249250621	8.02405e-09
chr1	86	6	249250621	2.40722e-08
chr1	87	6	249250621	2.40722e-08
chr1	88	2	249250621	8.02405e-09
chr1	89	3	249250621	1.20361e-08
chr1	91	3	249250621	1.20361e-08
chr1	93	3	249250621	1.20361e-08
chr1	95	2	249250621	8.02405e-09
chr1	97	4	249250621	1.60481e-08
chr1	98	4	249250621	1.60481e-08
chr1	99	1	249250621	4.01203e-09
chr1	100	1	249250621	4.01203e-09
chr1	101	2	249250621	8.02405e-09
chr1	102	4	249250621	1.60481e-08
chr1	103	1	249250621	4.01203e-09
chr1	104	2	249250621	8.02405e-09
chr1	105	1	249250621	4.01203e-09
chr1	107	2	249250621	8.02405e-09
chr1	108	5	249250621	2.00601e-08
chr1	109	3	249250621	1.20361e-08
chr1	110	3	249250621	1.20361e-08
chr1	111	2	249250621	8.02405e-09
chr1	112	6	249250621	2.40722e-08
chr1	113	3	249250621	1.20361e-08
chr1	114	1	249250621	4.01203e-09
chr1	115	2	249250621	8.02405e-09
chr1	117	5	249250621	2.00601e-08
chr1	119	5	249250621	2.00601e-08
chr1	120	3	249250621	1.20361e-08
chr1	121	5	249250621	2.00601e-08
chr1	122	4	249250621	1.60481e-08
chr1	123	6	249250621	2.40722e-08
chr1	124	8	249250621	3.20962e-08
chr1	125	3	249250621	1.20361e-08
chr1	126	6	249250621	2.40722e-08
chr1	127	7	249250621	2.80842e-08
chr1	128	5	249250621	2.00601e-08
chr1	129	4	249250621	1.60481e-08
chr1	130	6	249250621	2.40722e-08
chr1	131	1	249250621	4.01203e-09
chr1	132	3	249250621	1.20361e-08
chr1	133	3	249250621	1.20361e-08
chr1	134	7	249250621	2.80842e-08
chr1	135	3	249250621	1.20361e-08
chr1	136	3	249250621	1.20361e-08
chr1	137	4	249250621	1.60481e-08
chr1	139	1	249250621	4.01203e-09
chr1	140	8	249250621	3.20962e-08
chr1	141	15	249250621	6.01804e-08
chr1	142	11	249250621	4.41323e-08
chr1	143	10	249250621	4.01203e-08
chr1	144	7	249250621	2.80842e-08
chr1	145	7	249250621	2.80842e-08
chr1	146	5	249250621	2.00601e-08
chr1	147	10	249250621	4.01203e-08
chr1	148	4	249250621	1.60481e-08
chr1	149	6	249250621	2.40722e-08
chr1	150	9	249250621	3.61082e-08
chr1	151	8	249250621	3.20962e-08
chr1	152	3	249250621	1.20361e-08
chr1	153	1	249250621	4.01203e-09
chr1	154	4	249250621	1.60481e-08
chr1	155	3	249250621	1.20361e-08
chr1	156	6	249250621	2.40722e-08
chr1	157	3	249250621	1.20361e-08
chr1	158	3	249250621	1.20361e-08
chr1	160	1	249250621	4.01203e-09
chr1	161	2	249250621	8.02405e-09
chr1	162	2	249250621	8.02405e-09
chr1	163	3	249250621	1.20361e-08
chr1	164	3	249250621	1.20361e-08
chr1	166	4	249250621	1.60481e-08
chr1	167	4	249250621	1.60481e-08
chr1	168	2	249250621	8.02405e-09
chr1	169	3	249250621	1.20361e-08
chr1	170	4	249250621	1.60481e-08
chr1	171	1	249250621	4.01203e-09
chr1	172	2	249250621	8.02405e-09
chr1	174	4	249250621	1.60481e-08
chr1	175	3	249250621	1.20361e-08
chr1	176	3	249250621	1.20361e-08
chr1	177	1	249250621	4.01203e-09
chr1	179	1	249250621	4.01203e-09
chr1	181	1	249250621	4.01203e-09
chr1	183	2	249250621	8.02405e-09
chr1	184	2	249250621	8.02405e-09
chr1	185	2	249250621	8.02405e-09
chr1	186	2	249250621	8.02405e-09
chr1	187	2	249250621	8.02405e-09
chr1	189	1	249250621	4.01203e-09
chr1	193	2	249250621	8.02405e-09
chr1	194	1	249250621	4.01203e-09
chr1	196	1	249250621	4.01203e-09
chr2	0	240063415	243199373	0.987105
chr2	1	3036631	243199373	0.0124862
chr2	2	91728	243199373	0.000377172
chr2	3	4267	243199373	1.75453e-05
chr2	4	1350	243199373	5.551e-06
chr2	5	685	243199373	2.81662e-06
chr2	6	418	243199373	1.71875e-06
chr2	7	266	243199373	1.09375e-06
chr2	8	106	243199373	4.35856e-07
chr2	9	130	243199373	5.34541e-07
chr2	10	82	243199373	3.37172e-07
chr2	11	87	243199373	3.57731e-07
chr2	12	50	243199373	2.05593e-07
chr2	13	48	243199373	1.97369e-07
chr2	14	21	243199373	8.63489e-08
chr2	15	40	243199373	1.64474e-07
chr2	16	37	243199373	1.52139e-07
chr2	17	5	243199373	2.05593e-08
chr2	18	6	243199373	2.46711e-08
chr2	19	1	243199373	4.11185e-09
chr3	0	195232696	198022430	0.985912
chr3	1	2712909	198022430	0.0137
chr3	2	75094	198022430	0.00037922
chr3	3	1532	198022430	7.7365e-06
chr3	4	67	198022430	3.38346e-07
chr3	5	11	198022430	5.55493e-08
chr3	6	11	198022430	5.55493e-08
chr3	7	18	198022430	9.08988e-08
chr3	8	23	198022430	1.16148e-07
chr3	9	23	198022430	1.16148e-07
chr3	10	2	198022430	1.00999e-08
chr3	12	19	198022430	9.59487e-08
chr3	13	7	198022430	3.53495e-08
chr3	14	11	198022430	5.55493e-08
chr3	15	4	198022430	2.01997e-08
chr3	16	3	198022430	1.51498e-08
chr4	0	189346112	191154276	0.990541
chr4	1	1764861	191154276	0.00923265
chr4	2	41672	191154276	0.000218002
chr4	3	1198	191154276	6.26719e-06
chr4	4	198	191154276	1.03581e-06
chr4	5	75	191154276	3.92353e-07
chr4	6	28	191154276	1.46479e-07
chr4	7	49	191154276	2.56337e-07
chr4	8	26	191154276	1.36016e-07
chr4	9	9	191154276	4.70824e-08
chr4	10	6	191154276	3.13883e-08
chr4	11	16	191154276	8.3702e-08
chr4	12	4	191154276	2.09255e-08
chr4	13	13	191154276	6.80079e-08
chr4	14	4	191154276	2.09255e-08
chr4	15	5	191154276	2.61569e-08
chr5	0	178911292	180915260	0.988923
chr5	1	1948410	180915260	0.0107697
chr5	2	54705	180915260	0.000302379
chr5	3	832	180915260	4.59884e-06
chr5	4	21	180915260	1.16076e-07
chr6	0	167646989	171115067	0.979732
chr6	1	3354660	171115067	0.0196047
chr6	2	107192	171115067	0.000626432
chr6	3	2940	171115067	1.71814e-05
chr6	4	169	171115067	9.8764e-07
chr6	5	143	171115067	8.35695e-07
chr6	6	152	171115067	8.88291e-07
chr6	7	174	171115067	1.01686e-06
chr6	8	209	171115067	1.2214e-06
chr6	9	322	171115067	1.88177e-06
chr6	10	269	171115067	1.57204e-06
chr6	11	396	171115067	2.31423e-06
chr6	12	280	171115067	1.63633e-06
chr6	13	254	171115067	1.48438e-06
chr6	14	210	171115067	1.22724e-06
chr6	15	159	171115067	9.29199e-07
chr6	16	114	171115067	6.66218e-07
chr6	17	107	171115067	6.2531e-07
chr6	18	87	171115067	5.0843e-07
chr6	19	79	171115067	4.61678e-07
chr6	20	55	171115067	3.21421e-07
chr6	21	50	171115067	2.92201e-07
chr6	22	27	171115067	1.57789e-07
chr6	23	19	171115067	1.11036e-07
chr6	24	6	171115067	3.50641e-08
chr6	25	3	171115067	1.75321e-08
chr6	26	2	171115067	1.1688e-08
chr7	0	157251248	159138663	0.98814
chr7	1	1832551	159138663	0.0115154
chr7	2	51905	159138663	0.000326162
chr7	3	1161	159138663	7.29552e-06
chr7	4	47	159138663	2.9534e-07
chr7	5	52	159138663	3.26759e-07
chr7	6	54	159138663	3.39327e-07
chr7	7	63	159138663	3.95881e-07
chr7	8	106	159138663	6.66086e-07
chr7	9	61	159138663	3.83314e-07
chr7	10	51	159138663	3.20475e-07
chr7	11	41	159138663	2.57637e-07
chr7	12	30	159138663	1.88515e-07
chr7	13	63	159138663	3.95881e-07
chr7	14	27	159138663	1.69663e-07
chr7	15	36	159138663	2.26218e-07
chr7	16	51	159138663	3.20475e-07
chr7	17	48	159138663	3.01624e-07
chr7	18	47	159138663	2.9534e-07
chr7	19	37	159138663	2.32502e-07
chr7	20	25	159138663	1.57096e-07
chr7	21	20	159138663	1.25677e-07
chr7	22	33	159138663	2.07366e-07
chr7	23	43	159138663	2.70205e-07
chr7	24	29	159138663	1.82231e-07
chr7	25	45	159138663	2.82772e-07
chr7	26	56	159138663	3.51894e-07
chr7	27	52	159138663	3.26759e-07
chr7	28	37	159138663	2.32502e-07
chr7	29	26	159138663	1.6338e-07
chr7	30	31	159138663	1.94799e-07
chr7	31	18	159138663	1.13109e-07
chr7	32	22	159138663	1.38244e-07
chr7	33	36	159138663	2.26218e-07
chr7	34	39	159138663	2.45069e-07
chr7	35	17	159138663	1.06825e-07
chr7	36	23	159138663	1.44528e-07
chr7	37	23	159138663	1.44528e-07
chr7	38	16	159138663	1.00541e-07
chr7	39	19	159138663	1.19393e-07
chr7	40	20	159138663	1.25677e-07
chr7	41	27	159138663	1.69663e-07
chr7	42	15	159138663	9.42574e-08
chr7	43	15	159138663	9.42574e-08
chr7	44	8	159138663	5.02706e-08
chr7	45	15	159138663	9.42574e-08
chr7	46	26	159138663	1.6338e-07
chr7	47	27	159138663	1.69663e-07
chr7	48	30	159138663	1.88515e-07
chr7	49	21	159138663	1.3196e-07
chr7	50	36	159138663	2.26218e-07
chr7	51	35	159138663	2.19934e-07
chr7	52	26	159138663	1.6338e-07
chr7	53	17	159138663	1.06825e-07
chr7	54	13	159138663	8.16898e-08
chr7	55	8	159138663	5.02706e-08
chr7	56	15	159138663	9.42574e-08
chr7	57	7	159138663	4.39868e-08
chr7	58	3	159138663	1.88515e-08
chr7	60	1	159138663	6.28383e-09
chr7	61	1	159138663	6.28383e-09
chr7	62	2	159138663	1.25677e-08
chr7	63	1	159138663	6.28383e-09
chr7	64	1	159138663	6.28383e-09
chr7	65	1	159138663	6.28383e-09
chr7	66	2	159138663	1.25677e-08
chr7	67	1	159138663	6.28383e-09
chr8	0	144243420	146364022	0.985512
chr8	1	2048710	146364022	0.0139974
chr8	2	67329	146364022	0.000460011
chr8	3	3562	146364022	2.43366e-05
chr8	4	642	146364022	4.38632e-06
chr8	5	199	146364022	1.35962e-06
chr8	6	107	146364022	7.31054e-07
chr8	7	33	146364022	2.25465e-07
chr8	8	20	146364022	1.36646e-07
chr9	0	139529614	141213431	0.988076
chr9	1	1634051	141213431	0.0115715
chr9	2	48363	141213431	0.000342482
chr9	3	1122	141213431	7.94542e-06
chr9	4	188	141213431	1.33132e-06
chr9	5	63	141213431	4.46133e-07
chr9	6	20	141213431	1.4163e-07
chr9	7	10	141213431	7.08148e-08
chr10	0	133828957	135534747	0.987414
chr10	1	1643358	135534747	0.012125
chr10	2	49877	135534747	0.000368002
chr10	3	2967	135534747	2.18911e-05
chr10	4	1363	135534747	1.00565e-05
chr10	5	911	135534747	6.72152e-06
chr10	6	818	135534747	6.03535e-06
chr10	7	764	135534747	5.63693e-06
chr10	8	597	135534747	4.40477e-06
chr10	9	496	135534747	3.65958e-06
chr10	10	478	135534747	3.52677e-06
chr10	11	363	135534747	2.67828e-06
chr10	12	341	135534747	2.51596e-06
chr10	13	310	135534747	2.28724e-06
chr10	14	286	135534747	2.11016e-06
chr10	15	238	135534747	1.75601e-06
chr10	16	225	135534747	1.66009e-06
chr10	17	215	135534747	1.58631e-06
chr10	18	236	135534747	1.74125e-06
chr10	19	180	135534747	1.32807e-06
chr10	20	119	135534747	8.78004e-07
chr10	21	124	135534747	9.14894e-07
chr10	22	153	135534747	1.12886e-06
chr10	23	127	135534747	9.37029e-07
chr10	24	123	135534747	9.07516e-07
chr10	25	94	135534747	6.93549e-07
chr10	26	80	135534747	5.90255e-07
chr10	27	57	135534747	4.20556e-07
chr10	28	50	135534747	3.68909e-07
chr10	29	33	135534747	2.4348e-07
chr10	30	37	135534747	2.72993e-07
chr10	31	32	135534747	2.36102e-07
chr10	32	22	135534747	1.6232e-07
chr10	33	30	135534747	2.21345e-07
chr10	34	36	135534747	2.65615e-07
chr10	35	42	135534747	3.09884e-07
chr10	36	44	135534747	3.2464e-07
chr10	37	39	135534747	2.87749e-07
chr10	38	32	135534747	2.36102e-07
chr10	39	30	135534747	2.21345e-07
chr10	40	25	135534747	1.84455e-07
chr10	41	24	135534747	1.77076e-07
chr10	42	22	135534747	1.6232e-07
chr10	43	24	135534747	1.77076e-07
chr10	44	16	135534747	1.18051e-07
chr10	45	15	135534747	1.10673e-07
chr10	46	17	135534747	1.25429e-07
chr10	47	18	135534747	1.32807e-07
chr10	48	21	135534747	1.54942e-07
chr10	49	24	135534747	1.77076e-07
chr10	50	21	135534747	1.54942e-07
chr10	51	21	135534747	1.54942e-07
chr10	52	20	135534747	1.47564e-07
chr10	53	23	135534747	1.69698e-07
chr10	54	14	135534747	1.03295e-07
chr10	55	7	135534747	5.16473e-08
chr10	56	13	135534747	9.59164e-08
chr10	57	5	135534747	3.68909e-08
chr10	58	12	135534747	8.85382e-08
chr10	59	4	135534747	2.95127e-08
chr10	60	10	135534747	7.37818e-08
chr10	61	5	135534747	3.68909e-08
chr10	63	2	135534747	1.47564e-08
chr10	64	2	135534747	1.47564e-08
chr10	65	1	135534747	7.37818e-09
chr10	66	4	135534747	2.95127e-08
chr10	67	2	135534747	1.47564e-08
chr10	68	5	135534747	3.68909e-08
chr10	69	2	135534747	1.47564e-08
chr10	70	1	135534747	7.37818e-09
chr10	71	2	135534747	1.47564e-08
chr10	72	1	135534747	7.37818e-09
chr10	73	2	135534747	1.47564e-08
chr10	74	1	135534747	7.37818e-09
chr10	75	5	135534747	3.68909e-08
chr10	76	1	135534747	7.37818e-09
chr10	77	6	135534747	4.42691e-08
chr10	78	4	135534747	2.95127e-08
chr10	79	5	135534747	3.68909e-08
chr10	80	14	135534747	1.03295e-07
chr10	81	6	135534747	4.42691e-08
chr10	82	8	135534747	5.90255e-08
chr10	83	4	135534747	2.95127e-08
chr10	84	9	135534747	6.64036e-08
chr10	85	4	135534747	2.95127e-08
chr10	86	3	135534747	2.21345e-08
chr10	88	1	135534747	7.37818e-09
chr10	89	3	135534747	2.21345e-08
chr10	90	1	135534747	7.37818e-09
chr10	91	1	135534747	7.37818e-09
chr10	92	1	135534747	7.37818e-09
chr10	93	1	135534747	7.37818e-09
chr11	0	133393868	135006516	0.988055
chr11	1	1567381	135006516	0.0116097
chr11	2	42873	135006516	0.000317562
chr11	3	1174	135006516	8.69588e-06
chr11	4	393	135006516	2.91097e-06
chr11	5	246	135006516	1.82213e-06
chr11	6	130	135006516	9.62916e-07
chr11	7	87	135006516	6.44413e-07
chr11	8	67	135006516	4.96272e-07
chr11	9	84	135006516	6.22192e-07
chr11	10	30	135006516	2.22211e-07
chr11	11	35	135006516	2.59247e-07
chr11	12	29	135006516	2.14804e-07
chr11	13	40	135006516	2.96282e-07
chr11	14	28	135006516	2.07397e-07
chr11	15	43	135006516	3.18503e-07
chr11	16	8	135006516	5.92564e-08
chr12	0	132215053	133851895	0.987771
chr12	1	1592802	133851895	0.0118997
chr12	2	43230	133851895	0.000322969
chr12	3	752	133851895	5.61815e-06
chr12	4	58	133851895	4.33315e-07
chr13	0	114233572	115169878	0.99187
chr13	1	912596	115169878	0.00792391
chr13	2	23264	115169878	0.000201997
chr13	3	393	115169878	3.41235e-06
chr13	4	21	115169878	1.82339e-07
chr13	5	29	115169878	2.51802e-07
chr13	6	3	115169878	2.60485e-08
chr14	0	106499217	107349540	0.992079
chr14	1	825098	107349540	0.00768609
chr14	2	24828	107349540	0.000231282
chr14	3	392	107349540	3.65162e-06
chr14	4	5	107349540	4.65768e-08
chr15	0	101296296	102531392	0.987954
chr15	1	1198411	102531392	0.0116882
chr15	2	36266	102531392	0.000353706
chr15	3	419	102531392	4.08655e-06
chr16	0	88945158	90354753	0.984399
chr16	1	1336189	90354753	0.0147883
chr16	2	53778	90354753	0.000595187
chr16	3	6448	90354753	7.13632e-05
chr16	4	3492	90354753	3.86477e-05
chr16	5	2531	90354753	2.80118e-05
chr16	6	1842	90354753	2.03863e-05
chr16	7	1337	90354753	1.47972e-05
chr16	8	989	90354753	1.09457e-05
chr16	9	669	90354753	7.40415e-06
chr16	10	620	90354753	6.86184e-06
chr16	11	504	90354753	5.57801e-06
chr16	12	371	90354753	4.10604e-06
chr16	13	277	90354753	3.06569e-06
chr16	14	157	90354753	1.7376e-06
chr16	15	115	90354753	1.27276e-06
chr16	16	81	90354753	8.96466e-07
chr16	17	53	90354753	5.86577e-07
chr16	18	50	90354753	5.53374e-07
chr16	19	46	90354753	5.09104e-07
chr16	20	29	90354753	3.20957e-07
chr16	21	6	90354753	6.64049e-08
chr16	22	6	90354753	6.64049e-08
chr16	23	5	90354753	5.53374e-08
chr17	0	80120637	81195210	0.986766
chr17	1	1035293	81195210	0.0127507
chr17	2	37557	81195210	0.000462552
chr17	3	1282	81195210	1.57891e-05
chr17	4	213	81195210	2.62331e-06
chr17	5	62	81195210	7.63592e-07
chr17	6	56	81195210	6.89696e-07
chr17	7	35	81195210	4.3106e-07
chr17	8	7	81195210	8.6212e-08
chr17	9	2	81195210	2.4632e-08
chr17	10	1	81195210	1.2316e-08
chr17	11	1	81195210	1.2316e-08
chr17	12	4	81195210	4.9264e-08
chr17	13	16	81195210	1.97056e-07
chr17	14	10	81195210	1.2316e-07
chr17	15	2	81195210	2.4632e-08
chr17	16	8	81195210	9.8528e-08
chr17	18	6	81195210	7.3896e-08
chr17	19	13	81195210	1.60108e-07
chr17	20	5	81195210	6.158e-08
chr18	0	76765689	78077248	0.983202
chr18	1	1263978	78077248	0.0161888
chr18	2	43947	78077248	0.000562866
chr18	3	1761	78077248	2.25546e-05
chr18	4	661	78077248	8.46598e-06
chr18	5	273	78077248	3.49654e-06
chr18	6	220	78077248	2.81772e-06
chr18	7	200	78077248	2.56157e-06
chr18	8	187	78077248	2.39506e-06
chr18	9	64	78077248	8.19701e-07
chr18	10	97	78077248	1.24236e-06
chr18	11	36	78077248	4.61082e-07
chr18	12	38	78077248	4.86698e-07
chr18	13	39	78077248	4.99505e-07
chr18	14	30	78077248	3.84235e-07
chr18	15	9	78077248	1.1527e-07
chr18	16	15	78077248	1.92117e-07
chr18	17	2	78077248	2.56157e-08
chr18	18	2	78077248	2.56157e-08
chr19	0	58298714	59128983	0.985958
chr19	1	799474	59128983	0.0135208
chr19	2	27943	59128983	0.000472577
chr19	3	974	59128983	1.64725e-05
chr19	4	312	59128983	5.2766e-06
chr19	5	229	59128983	3.87289e-06
chr19	6	118	59128983	1.99564e-06
chr19	7	106	59128983	1.79269e-06
chr19	8	129	59128983	2.18167e-06
chr19	9	111	59128983	1.87725e-06
chr19	10	94	59128983	1.58974e-06
chr19	11	69	59128983	1.16694e-06
chr19	12	61	59128983	1.03164e-06
chr19	13	41	59128983	6.93399e-07
chr19	14	58	59128983	9.80906e-07
chr19	15	56	59128983	9.47082e-07
chr19	16	26	59128983	4.39717e-07
chr19	17	20	59128983	3.38244e-07
chr19	18	45	59128983	7.61048e-07
chr19	19	35	59128983	5.91926e-07
chr19	20	49	59128983	8.28697e-07
chr19	21	39	59128983	6.59575e-07
chr19	22	21	59128983	3.55156e-07
chr19	23	4	59128983	6.76487e-08
chr19	24	8	59128983	1.35297e-07
chr19	25	9	59128983	1.5221e-07
chr19	26	10	59128983	1.69122e-07
chr19	27	5	59128983	8.45609e-08
chr19	28	15	59128983	2.53683e-07
chr19	29	8	59128983	1.35297e-07
chr19	30	5	59128983	8.45609e-08
chr19	31	9	59128983	1.5221e-07
chr19	32	15	59128983	2.53683e-07
chr19	33	2	59128983	3.38244e-08
chr19	34	12	59128983	2.02946e-07
chr19	35	3	59128983	5.07365e-08
chr19	37	8	59128983	1.35297e-07
chr19	38	3	59128983	5.07365e-08
chr19	39	1	59128983	1.69122e-08
chr19	40	2	59128983	3.38244e-08
chr19	41	1	59128983	1.69122e-08
chr19	42	6	59128983	1.01473e-07
chr19	43	6	59128983	1.01473e-07
chr19	44	3	59128983	5.07365e-08
chr19	45	13	59128983	2.19858e-07
chr19	46	7	59128983	1.18385e-07
chr19	47	5	59128983	8.45609e-08
chr19	48	1	59128983	1.69122e-08
chr19	49	3	59128983	5.07365e-08
chr19	50	2	59128983	3.38244e-08
chr19	51	1	59128983	1.69122e-08
chr19	52	4	59128983	6.76487e-08
chr19	53	6	59128983	1.01473e-07
chr19	54	4	59128983	6.76487e-08
chr19	55	2	59128983	3.38244e-08
chr19	56	5	59128983	8.45609e-08
chr19	57	7	59128983	1.18385e-07
chr19	58	4	59128983	6.76487e-08
chr19	59	3	59128983	5.07365e-08
chr19	60	4	59128983	6.76487e-08
chr19	61	1	59128983	1.69122e-08
chr19	62	3	59128983	5.07365e-08
chr19	63	2	59128983	3.38244e-08
chr19	64	3	59128983	5.07365e-08
chr19	65	2	59128983	3.38244e-08
chr19	66	2	59128983	3.38244e-08
chr19	67	1	59128983	1.69122e-08
chr19	68	7	59128983	1.18385e-07
chr19	69	2	59128983	3.38244e-08
chr19	70	2	59128983	3.38244e-08
chr19	71	1	59128983	1.69122e-08
chr19	72	2	59128983	3.38244e-08
chr19	73	2	59128983	3.38244e-08
chr19	74	2	59128983	3.38244e-08
chr19	75	7	59128983	1.18385e-07
chr19	77	2	59128983	3.38244e-08
chr19	78	2	59128983	3.38244e-08
chr19	83	1	59128983	1.69122e-08
chr19	85	2	59128983	3.38244e-08
chr19	86	2	59128983	3.38244e-08
chr19	88	2	59128983	3.38244e-08
chr19	89	1	59128983	1.69122e-08
chr19	90	2	59128983	3.38244e-08
chr20	0	62374259	63025520	0.989667
chr20	1	630927	63025520	0.0100107
chr20	2	20023	63025520	0.000317697
chr20	3	267	63025520	4.23638e-06
chr20	4	44	63025520	6.9813e-07
chr21	0	47691783	48129895	0.990897
chr21	1	425067	48129895	0.00883166
chr21	2	12648	48129895	0.000262789
chr21	3	329	48129895	6.83567e-06
chr21	4	41	48129895	8.51861e-07
chr21	5	26	48129895	5.40205e-07
chr21	6	1	48129895	2.07771e-08
chr22	0	50830100	51304566	0.990752
chr22	1	457982	51304566	0.00892673
chr22	2	16134	51304566	0.000314475
chr22	3	350	51304566	6.822e-06
chrX	0	154237616	155270560	0.993347
chrX	1	1005599	155270560	0.00647643
chrX	2	25416	155270560	0.000163688
chrX	3	1434	155270560	9.23549e-06
chrX	4	373	155270560	2.40226e-06
chrX	5	77	155270560	4.95909e-07
chrX	6	25	155270560	1.61009e-07
chrX	7	20	155270560	1.28807e-07
chrY	0	59336694	59373566	0.999379
chrY	1	32902	59373566	0.000554152
chrY	2	3156	59373566	5.3155e-05
chrY	3	464	59373566	7.81493e-06
chrY	4	197	59373566	3.31797e-06
chrY	5	65	59373566	1.09476e-06
chrY	6	40	59373566	6.737e-07
chrY	7	9	59373566	1.51583e-07
chrY	8	3	59373566	5.05275e-08
chrY	9	14	59373566	2.35795e-07
chrY	10	14	59373566	2.35795e-07
chrY	11	8	59373566	1.3474e-07
chr1_gl000191_random	0	105346	106433	0.989787
chr1_gl000191_random	1	1024	106433	0.00962108
chr1_gl000191_random	2	63	106433	0.000591922
chr1_gl000192_random	0	538881	547496	0.984265
chr1_gl000192_random	1	8330	547496	0.0152147
chr1_gl000192_random	2	285	547496	0.000520552
chr4_ctg9_hap1	0	588958	590426	0.997514
chr4_ctg9_hap1	1	1436	590426	0.00243214
chr4_ctg9_hap1	2	32	590426	5.41982e-05
chr4_gl000193_random	0	182258	189789	0.960319
chr4_gl000193_random	1	7129	189789	0.0375628
chr4_gl000193_random	2	385	189789	0.00202857
chr4_gl000193_random	3	17	189789	8.95732e-05
chr4_gl000194_random	0	186417	191469	0.973615
chr4_gl000194_random	1	4713	191469	0.024615
chr4_gl000194_random	2	330	191469	0.00172352
chr4_gl000194_random	3	9	191469	4.7005e-05
chr6_apd_hap1	0	4615276	4622290	0.998483
chr6_apd_hap1	1	6878	4622290	0.00148801
chr6_apd_hap1	2	136	4622290	2.94226e-05
chr6_cox_hap2	0	4777413	4795371	0.996255
chr6_cox_hap2	1	17366	4795371	0.00362141
chr6_cox_hap2	2	592	4795371	0.000123452
chr6_dbb_hap3	0	4593690	4610396	0.996376
chr6_dbb_hap3	1	16312	4610396	0.00353809
chr6_dbb_hap3	2	394	4610396	8.5459e-05
chr6_mann_hap4	0	4669005	4683263	0.996956
chr6_mann_hap4	1	13816	4683263	0.00295008
chr6_mann_hap4	2	442	4683263	9.43786e-05
chr6_mcf_hap5	0	4819750	4833398	0.997176
chr6_mcf_hap5	1	13196	4833398	0.00273017
chr6_mcf_hap5	2	452	4833398	9.3516e-05
chr6_qbl_hap6	0	4597878	4611984	0.996941
chr6_qbl_hap6	1	13612	4611984	0.00295144
chr6_qbl_hap6	2	494	4611984	0.000107112
chr6_ssto_hap7	0	4915490	4928567	0.997347
chr6_ssto_hap7	1	12471	4928567	0.00253035
chr6_ssto_hap7	2	589	4928567	0.000119507
chr6_ssto_hap7	3	17	4928567	3.44928e-06
chr7_gl000195_random	0	175105	182896	0.957402
chr7_gl000195_random	1	7191	182896	0.0393174
chr7_gl000195_random	2	591	182896	0.00323134
chr7_gl000195_random	3	9	182896	4.92083e-05
chr8_gl000196_random	0	38814	38914	0.99743
chr8_gl000196_random	1	100	38914	0.00256977
chr8_gl000197_random	0	36775	37175	0.98924
chr8_gl000197_random	1	400	37175	0.0107599
chr9_gl000198_random	0	87384	90085	0.970017
chr9_gl000198_random	1	2502	90085	0.0277738
chr9_gl000198_random	2	199	90085	0.00220902
chr9_gl000199_random	0	142056	169874	0.836243
chr9_gl000199_random	1	19381	169874	0.11409
chr9_gl000199_random	2	5013	169874	0.0295101
chr9_gl000199_random	3	1766	169874	0.0103959
chr9_gl000199_random	4	757	169874	0.00445624
chr9_gl000199_random	5	484	169874	0.00284917
chr9_gl000199_random	6	262	169874	0.00154232
chr9_gl000199_random	7	98	169874	0.000576898
chr9_gl000199_random	8	35	169874	0.000206035
chr9_gl000199_random	9	12	169874	7.06406e-05
chr9_gl000199_random	10	9	169874	5.29804e-05
chr9_gl000199_random	11	1	169874	5.88672e-06
chr9_gl000200_random	0	186064	187035	0.994808
chr9_gl000200_random	1	892	187035	0.00476916
chr9_gl000200_random	2	79	187035	0.000422381
chr9_gl000201_random	0	35796	36148	0.990262
chr9_gl000201_random	1	304	36148	0.00840987
chr9_gl000201_random	2	48	36148	0.00132787
chr11_gl000202_random	0	39303	40103	0.980051
chr11_gl000202_random	1	800	40103	0.0199486
chr17_ctg5_hap1	0	1672883	1680828	0.995273
chr17_ctg5_hap1	1	7603	1680828	0.00452337
chr17_ctg5_hap1	2	329	1680828	0.000195737
chr17_ctg5_hap1	3	13	1680828	7.73428e-06
chr17_gl000203_random	0	37348	37498	0.996
chr17_gl000203_random	1	150	37498	0.00400021
chr17_gl000204_random	0	79275	81310	0.974972
chr17_gl000204_random	1	2020	81310	0.0248432
chr17_gl000204_random	2	15	81310	0.000184479
chr17_gl000205_random	0	168400	174588	0.964557
chr17_gl000205_random	1	5863	174588	0.0335819
chr17_gl000205_random	2	288	174588	0.0016496
chr17_gl000205_random	3	37	174588	0.000211928
chr17_gl000206_random	0	40251	41001	0.981708
chr17_gl000206_random	1	750	41001	0.0182922
chr18_gl000207_random	0	4162	4262	0.976537
chr18_gl000207_random	1	100	4262	0.0234632
chr19_gl000208_random	0	88159	92689	0.951127
chr19_gl000208_random	1	3550	92689	0.0383001
chr19_gl000208_random	2	761	92689	0.00821025
chr19_gl000208_random	3	163	92689	0.00175857
chr19_gl000208_random	4	41	92689	0.000442339
chr19_gl000208_random	5	15	92689	0.000161832
chr19_gl000209_random	0	158319	159169	0.99466
chr19_gl000209_random	1	850	159169	0.00534024
chr21_gl000210_random	0	27582	27682	0.996388
chr21_gl000210_random	1	100	27682	0.00361246
chrUn_gl000211	0	164522	166566	0.987729
chrUn_gl000211	1	1888	166566	0.0113348
chrUn_gl000211	2	156	166566	0.000936566
chrUn_gl000212	0	181637	186858	0.972059
chrUn_gl000212	1	4792	186858	0.0256451
chrUn_gl000212	2	429	186858	0.00229586
chrUn_gl000213	0	162665	164239	0.990416
chrUn_gl000213	1	1498	164239	0.00912085
chrUn_gl000213	2	76	164239	0.00046274
chrUn_gl000214	0	121656	137718	0.88337
chrUn_gl000214	1	11543	137718	0.0838162
chrUn_gl000214	2	2960	137718	0.0214932
chrUn_gl000214	3	1122	137718	0.00814708
chrUn_gl000214	4	305	137718	0.00221467
chrUn_gl000214	5	97	137718	0.000704338
chrUn_gl000214	6	29	137718	0.000210575
chrUn_gl000214	7	6	137718	4.35673e-05
chrUn_gl000215	0	171083	172545	0.991527
chrUn_gl000215	1	1374	172545	0.00796314
chrUn_gl000215	2	88	172545	0.000510012
chrUn_gl000216	0	161539	172294	0.937578
chrUn_gl000216	1	8514	172294	0.0494155
chrUn_gl000216	2	1208	172294	0.00701127
chrUn_gl000216	3	437	172294	0.00253636
chrUn_gl000216	4	292	172294	0.00169478
chrUn_gl000216	5	90	172294	0.000522363
chrUn_gl000216	6	92	172294	0.000533971
chrUn_gl000216	7	35	172294	0.000203141
chrUn_gl000216	8	52	172294	0.00030181
chrUn_gl000216	9	22	172294	0.000127689
chrUn_gl000216	10	13	172294	7.54524e-05
chrUn_gl000217	0	170286	172149	0.989178
chrUn_gl000217	1	1776	172149	0.0103166
chrUn_gl000217	2	87	172149	0.000505376
chrUn_gl000218	0	156854	161147	0.97336
chrUn_gl000218	1	4236	161147	0.0262866
chrUn_gl000218	2	57	161147	0.000353714
chrUn_gl000219	0	173529	179198	0.968365
chrUn_gl000219	1	5438	179198	0.0303463
chrUn_gl000219	2	231	179198	0.00128908
chrUn_gl000220	0	131448	161802	0.8124
chrUn_gl000220	1	17943	161802	0.110895
chrUn_gl000220	2	7151	161802	0.044196
chrUn_gl000220	3	3166	161802	0.0195671
chrUn_gl000220	4	1187	161802	0.00733613
chrUn_gl000220	5	617	161802	0.0038133
chrUn_gl000220	6	227	161802	0.00140295
chrUn_gl000220	7	42	161802	0.000259577
chrUn_gl000220	8	21	161802	0.000129788
chrUn_gl000221	0	152098	155397	0.97877
chrUn_gl000221	1	3198	155397	0.0205795
chrUn_gl000221	2	101	155397	0.000649948
chrUn_gl000222	0	184847	186861	0.989222
chrUn_gl000222	1	1928	186861	0.0103178
chrUn_gl000222	2	86	186861	0.000460235
chrUn_gl000223	0	178891	180455	0.991333
chrUn_gl000223	1	1528	180455	0.00846749
chrUn_gl000223	2	36	180455	0.000199496
chrUn_gl000224	0	166955	179693	0.929112
chrUn_gl000224	1	9105	179693	0.0506698
chrUn_gl000224	2	2475	179693	0.0137735
chrUn_gl000224	3	842	179693	0.00468577
chrUn_gl000224	4	262	179693	0.00145804
chrUn_gl000224	5	53	179693	0.000294948
chrUn_gl000224	6	1	179693	5.56505e-06
chrUn_gl000225	0	191931	211173	0.90888
chrUn_gl000225	1	14279	211173	0.0676175
chrUn_gl000225	2	2650	211173	0.012549
chrUn_gl000225	3	988	211173	0.00467863
chrUn_gl000225	4	449	211173	0.00212622
chrUn_gl000225	5	190	211173	0.000899736
chrUn_gl000225	6	310	211173	0.00146799
chrUn_gl000225	7	101	211173	0.000478281
chrUn_gl000225	8	79	211173	0.000374101
chrUn_gl000225	9	53	211173	0.000250979
chrUn_gl000225	10	43	211173	0.000203625
chrUn_gl000225	11	45	211173	0.000213095
chrUn_gl000225	12	14	211173	6.62964e-05
chrUn_gl000225	13	4	211173	1.89418e-05
chrUn_gl000225	14	5	211173	2.36773e-05
chrUn_gl000225	15	7	211173	3.31482e-05
chrUn_gl000225	16	10	211173	4.73545e-05
chrUn_gl000225	17	15	211173	7.10318e-05
chrUn_gl000226	0	2563	15008	0.170776
chrUn_gl000226	1	2260	15008	0.150586
chrUn_gl000226	2	2439	15008	0.162513
chrUn_gl000226	3	1571	15008	0.104678
chrUn_gl000226	4	1567	15008	0.104411
chrUn_gl000226	5	1194	15008	0.0795576
chrUn_gl000226	6	757	15008	0.0504398
chrUn_gl000226	7	705	15008	0.0469749
chrUn_gl000226	8	578	15008	0.0385128
chrUn_gl000226	9	426	15008	0.0283849
chrUn_gl000226	10	336	15008	0.0223881
chrUn_gl000226	11	158	15008	0.0105277
chrUn_gl000226	12	119	15008	0.0079291
chrUn_gl000226	13	103	15008	0.00686301
chrUn_gl000226	14	123	15008	0.00819563
chrUn_gl000226	15	68	15008	0.00453092
chrUn_gl000226	16	29	15008	0.0019323
chrUn_gl000226	17	11	15008	0.000732942
chrUn_gl000226	18	1	15008	6.66311e-05
chrUn_gl000227	0	127128	128374	0.990294
chrUn_gl000227	1	1242	128374	0.00967486
chrUn_gl000227	2	4	128374	3.1159e-05
chrUn_gl000228	0	126470	129120	0.979476
chrUn_gl000228	1	1580	129120	0.0122367
chrUn_gl000228	2	367	129120	0.00284232
chrUn_gl000228	3	137	129120	0.00106103
chrUn_gl000228	4	129	129120	0.000999071
chrUn_gl000228	5	58	129120	0.000449195
chrUn_gl000228	6	93	129120	0.00072026
chrUn_gl000228	7	105	129120	0.000813197
chrUn_gl000228	8	36	129120	0.00027881
chrUn_gl000228	9	22	129120	0.000170384
chrUn_gl000228	10	38	129120	0.0002943
chrUn_gl000228	13	2	129120	1.54895e-05
chrUn_gl000228	14	4	129120	3.09789e-05
chrUn_gl000228	15	21	129120	0.000162639
chrUn_gl000228	16	16	129120	0.000123916
chrUn_gl000228	17	14	129120	0.000108426
chrUn_gl000228	18	8	129120	6.19579e-05
chrUn_gl000228	19	3	129120	2.32342e-05
chrUn_gl000228	20	4	129120	3.09789e-05
chrUn_gl000228	21	4	129120	3.09789e-05
chrUn_gl000228	22	3	129120	2.32342e-05
chrUn_gl000228	23	6	129120	4.64684e-05
chrUn_gl000229	0	18963	19913	0.952293
chrUn_gl000229	1	900	19913	0.0451966
chrUn_gl000229	2	50	19913	0.00251092
chrUn_gl000230	0	42712	43691	0.977593
chrUn_gl000230	1	958	43691	0.0219267
chrUn_gl000230	2	21	43691	0.000480648
chrUn_gl000231	0	26335	27386	0.961623
chrUn_gl000231	1	1002	27386	0.036588
chrUn_gl000231	2	49	27386	0.00178924
chrUn_gl000232	0	37876	40652	0.931713
chrUn_gl000232	1	2552	40652	0.0627767
chrUn_gl000232	2	224	40652	0.00551018
chrUn_gl000233	0	45014	45941	0.979822
chrUn_gl000233	1	904	45941	0.0196774
chrUn_gl000233	2	23	45941	0.000500642
chrUn_gl000234	0	38171	40531	0.941773
chrUn_gl000234	1	2220	40531	0.0547729
chrUn_gl000234	2	140	40531	0.00345415
chrUn_gl000235	0	33111	34474	0.960463
chrUn_gl000235	1	1326	34474	0.0384638
chrUn_gl000235	2	37	34474	0.00107327
chrUn_gl000236	0	41284	41934	0.984499
chrUn_gl000236	1	650	41934	0.0155005
chrUn_gl000237	0	44132	45867	0.962173
chrUn_gl000237	1	1620	45867	0.0353195
chrUn_gl000237	2	115	45867	0.00250725
chrUn_gl000238	0	39789	39939	0.996244
chrUn_gl000238	1	150	39939	0.00375573
chrUn_gl000239	0	32068	33824	0.948084
chrUn_gl000239	1	1662	33824	0.0491367
chrUn_gl000239	2	94	33824	0.00277909
chrUn_gl000240	0	41015	41933	0.978108
chrUn_gl000240	1	836	41933	0.0199366
chrUn_gl000240	2	82	41933	0.0019555
chrUn_gl000241	0	39852	42152	0.945436
chrUn_gl000241	1	2250	42152	0.0533783
chrUn_gl000241	2	50	42152	0.00118618
chrUn_gl000242	0	42873	43523	0.985065
chrUn_gl000242	1	650	43523	0.0149346
chrUn_gl000243	0	42250	43341	0.974828
chrUn_gl000243	1	982	43341	0.0226575
chrUn_gl000243	2	109	43341	0.00251494
chrUn_gl000244	0	39679	39929	0.993739
chrUn_gl000244	1	250	39929	0.00626111
chrUn_gl000245	0	35860	36651	0.978418
chrUn_gl000245	1	782	36651	0.0213364
chrUn_gl000245	2	9	36651	0.000245559
chrUn_gl000246	0	37954	38154	0.994758
chrUn_gl000246	1	200	38154	0.00524191
chrUn_gl000247	0	36084	36422	0.99072
chrUn_gl000247	1	326	36422	0.00895063
chrUn_gl000247	2	12	36422	0.000329471
chrUn_gl000248	0	39220	39786	0.985774
chrUn_gl000248	1	532	39786	0.0133715
chrUn_gl000248	2	34	39786	0.000854572
chrUn_gl000249	0	38202	38502	0.992208
chrUn_gl000249	1	300	38502	0.0077918
genome	0	3099016064	3137161264	0.987841
genome	1	36883301	3137161264	0.0117569
genome	2	1141296	3137161264	0.000363799
genome	3	50032	3137161264	1.59482e-05
genome	4	16194	3137161264	5.16199e-06
genome	5	10090	3137161264	3.21628e-06
genome	6	7628	3137161264	2.4315e-06
genome	7	6282	3137161264	2.00245e-06
genome	8	5396	3137161264	1.72003e-06
genome	9	4425	3137161264	1.41051e-06
genome	10	3731	3137161264	1.18929e-06
genome	11	2999	3137161264	9.5596e-07
genome	12	2332	3137161264	7.43347e-07
genome	13	1819	3137161264	5.79824e-07
genome	14	1514	3137161264	4.82602e-07
genome	15	1161	3137161264	3.7008e-07
genome	16	883	3137161264	2.81465e-07
genome	17	613	3137161264	1.954e-07
genome	18	555	3137161264	1.76912e-07
genome	19	468	3137161264	1.49179e-07
genome	20	323	3137161264	1.02959e-07
genome	21	272	3137161264	8.67026e-08
genome	22	279	3137161264	8.89339e-08
genome	23	216	3137161264	6.88521e-08
genome	24	179	3137161264	5.7058e-08
genome	25	164	3137161264	5.22766e-08
genome	26	175	3137161264	5.57829e-08
genome	27	139	3137161264	4.43076e-08
genome	28	141	3137161264	4.49451e-08
genome	29	90	3137161264	2.86884e-08
genome	30	89	3137161264	2.83696e-08
genome	31	85	3137161264	2.70946e-08
genome	32	76	3137161264	2.42257e-08
genome	33	90	3137161264	2.86884e-08
genome	34	108	3137161264	3.4426e-08
genome	35	78	3137161264	2.48632e-08
genome	36	84	3137161264	2.67758e-08
genome	37	87	3137161264	2.77321e-08
genome	38	73	3137161264	2.32694e-08
genome	39	72	3137161264	2.29507e-08
genome	40	68	3137161264	2.16756e-08
genome	41	65	3137161264	2.07194e-08
genome	42	62	3137161264	1.97631e-08
genome	43	64	3137161264	2.04006e-08
genome	44	49	3137161264	1.56192e-08
genome	45	62	3137161264	1.97631e-08
genome	46	64	3137161264	2.04006e-08
genome	47	64	3137161264	2.04006e-08
genome	48	62	3137161264	1.97631e-08
genome	49	68	3137161264	2.16756e-08
genome	50	79	3137161264	2.5182e-08
genome	51	76	3137161264	2.42257e-08
genome	52	65	3137161264	2.07194e-08
genome	53	57	3137161264	1.81693e-08
genome	54	51	3137161264	1.62567e-08
genome	55	28	3137161264	8.92527e-09
genome	56	39	3137161264	1.24316e-08
genome	57	26	3137161264	8.28775e-09
genome	58	23	3137161264	7.33147e-09
genome	59	13	3137161264	4.14387e-09
genome	60	19	3137161264	6.05643e-09
genome	61	7	3137161264	2.23132e-09
genome	62	5	3137161264	1.5938e-09
genome	63	7	3137161264	2.23132e-09
genome	64	9	3137161264	2.86884e-09
genome	65	4	3137161264	1.27504e-09
genome	66	10	3137161264	3.1876e-09
genome	67	5	3137161264	1.5938e-09
genome	68	12	3137161264	3.82511e-09
genome	69	4	3137161264	1.27504e-09
genome	70	5	3137161264	1.5938e-09
genome	71	3	3137161264	9.56279e-10
genome	72	3	3137161264	9.56279e-10
genome	73	4	3137161264	1.27504e-09
genome	74	4	3137161264	1.27504e-09
genome	75	12	3137161264	3.82511e-09
genome	76	1	3137161264	3.1876e-10
genome	77	8	3137161264	2.55008e-09
genome	78	7	3137161264	2.23132e-09
genome	79	7	3137161264	2.23132e-09
genome	80	17	3137161264	5.41891e-09
genome	81	12	3137161264	3.82511e-09
genome	82	9	3137161264	2.86884e-09
genome	83	13	3137161264	4.14387e-09
genome	84	17	3137161264	5.41891e-09
genome	85	8	3137161264	2.55008e-09
genome	86	11	3137161264	3.50635e-09
genome	87	6	3137161264	1.91256e-09
genome	88	5	3137161264	1.5938e-09
genome	89	7	3137161264	2.23132e-09
genome	90	3	3137161264	9.56279e-10
genome	91	4	3137161264	1.27504e-09
genome	92	1	3137161264	3.1876e-10
genome	93	4	3137161264	1.27504e-09
genome	95	2	3137161264	6.37519e-10
genome	97	4	3137161264	1.27504e-09
genome	98	4	3137161264	1.27504e-09
genome	99	1	3137161264	3.1876e-10
genome	100	1	3137161264	3.1876e-10
genome	101	2	3137161264	6.37519e-10
genome	102	4	3137161264	1.27504e-09
genome	103	1	3137161264	3.1876e-10
genome	104	2	3137161264	6.37519e-10
genome	105	1	3137161264	3.1876e-10
genome	107	2	3137161264	6.37519e-10
genome	108	5	3137161264	1.5938e-09
genome	109	3	3137161264	9.56279e-10
genome	110	3	3137161264	9.56279e-10
genome	111	2	3137161264	6.37519e-10
genome	112	6	3137161264	1.91256e-09
genome	113	3	3137161264	9.56279e-10
genome	114	1	3137161264	3.1876e-10
genome	115	2	3137161264	6.37519e-10
genome	117	5	3137161264	1.5938e-09
genome	119	5	3137161264	1.5938e-09
genome	120	3	3137161264	9.56279e-10
genome	121	5	3137161264	1.5938e-09
genome	122	4	3137161264	1.27504e-09
genome	123	6	3137161264	1.91256e-09
genome	124	8	3137161264	2.55008e-09
genome	125	3	3137161264	9.56279e-10
genome	126	6	3137161264	1.91256e-09
genome	127	7	3137161264	2.23132e-09
genome	128	5	3137161264	1.5938e-09
genome	129	4	3137161264	1.27504e-09
genome	130	6	3137161264	1.91256e-09
genome	131	1	3137161264	3.1876e-10
genome	132	3	3137161264	9.56279e-10
genome	133	3	3137161264	9.56279e-10
genome	134	7	3137161264	2.23132e-09
genome	135	3	3137161264	9.56279e-10
genome	136	3	3137161264	9.56279e-10
genome	137	4	3137161264	1.27504e-09
genome	139	1	3137161264	3.1876e-10
genome	140	8	3137161264	2.55008e-09
genome	141	15	3137161264	4.78139e-09
genome	142	11	3137161264	3.50635e-09
genome	143	10	3137161264	3.1876e-09
genome	144	7	3137161264	2.23132e-09
genome	145	7	3137161264	2.23132e-09
genome	146	5	3137161264	1.5938e-09
genome	147	10	3137161264	3.1876e-09
genome	148	4	3137161264	1.27504e-09
genome	149	6	3137161264	1.91256e-09
genome	150	9	3137161264	2.86884e-09
genome	151	8	3137161264	2.55008e-09
genome	152	3	3137161264	9.56279e-10
genome	153	1	3137161264	3.1876e-10
genome	154	4	3137161264	1.27504e-09
genome	155	3	3137161264	9.56279e-10
genome	156	6	3137161264	1.91256e-09
genome	157	3	3137161264	9.56279e-10
genome	158	3	3137161264	9.56279e-10
genome	160	1	3137161264	3.1876e-10
genome	161	2	3137161264	6.37519e-10
genome	162	2	3137161264	6.37519e-10
genome	163	3	3137161264	9.56279e-10
genome	164	3	3137161264	9.56279e-10
genome	166	4	3137161264	1.27504e-09
genome	167	4	3137161264	1.27504e-09
genome	168	2	3137161264	6.37519e-10
genome	169	3	3137161264	9.56279e-10
genome	170	4	3137161264	1.27504e-09
genome	171	1	3137161264	3.1876e-10
genome	172	2	3137161264	6.37519e-10
genome	174	4	3137161264	1.27504e-09
genome	175	3	3137161264	9.56279e-10
genome	176	3	3137161264	9.56279e-10
genome	177	1	3137161264	3.1876e-10
genome	179	1	3137161264	3.1876e-10
genome	181	1	3137161264	3.1876e-10
genome	183	2	3137161264	6.37519e-10
genome	184	2	3137161264	6.37519e-10
genome	185	2	3137161264	6.37519e-10
genome	186	2	3137161264	6.37519e-10
genome	187	2	3137161264	6.37519e-10
genome	189	1	3137161264	3.1876e-10
genome	193	2	3137161264	6.37519e-10
genome	194	1	3137161264	3.1876e-10
genome	196	1	3137161264	3.1876e-10
