chrM	1	8	16571	0.000482771
chrM	2	33	16571	0.00199143
chrM	3	145	16571	0.00875023
chrM	4	164	16571	0.00989681
chrM	5	314	16571	0.0189488
chrM	6	476	16571	0.0287249
chrM	7	544	16571	0.0328284
chrM	8	679	16571	0.0409752
chrM	9	939	16571	0.0566653
chrM	10	1122	16571	0.0677086
chrM	11	1190	16571	0.0718122
chrM	12	1379	16571	0.0832177
chrM	13	1522	16571	0.0918472
chrM	14	1292	16571	0.0779675
chrM	15	1124	16571	0.0678293
chrM	16	1301	16571	0.0785106
chrM	17	927	16571	0.0559411
chrM	18	722	16571	0.0435701
chrM	19	639	16571	0.0385613
chrM	20	571	16571	0.0344578
chrM	21	440	16571	0.0265524
chrM	22	340	16571	0.0205178
chrM	23	196	16571	0.0118279
chrM	24	185	16571	0.0111641
chrM	25	125	16571	0.0075433
chrM	26	73	16571	0.00440529
chrM	27	51	16571	0.00307767
chrM	28	15	16571	0.000905196
chrM	29	13	16571	0.000784503
chrM	30	12	16571	0.000724157
chrM	31	9	16571	0.000543118
chrM	32	7	16571	0.000422425
chrM	33	10	16571	0.000603464
chrM	34	4	16571	0.000241386
chr1	0	245527001	249250621	0.985061
chr1	1	3616923	249250621	0.0145112
chr1	2	101702	249250621	0.000408031
chr1	3	2749	249250621	1.10291e-05
chr1	4	489	249250621	1.96188e-06
chr1	5	207	249250621	8.30489e-07
chr1	6	85	249250621	3.41022e-07
chr1	7	51	249250621	2.04613e-07
chr1	8	46	249250621	1.84553e-07
chr1	9	23	249250621	9.22766e-08
chr1	10	35	249250621	1.40421e-07
chr1	11	26	249250621	1.04313e-07
chr1	12	40	249250621	1.60481e-07
chr1	13	21	249250621	8.42525e-08
chr1	14	23	249250621	9.22766e-08
chr1	15	38	249250621	1.52457e-07
chr1	16	16	249250621	6.41924e-08
chr1	17	25	249250621	1.00301e-07
chr1	18	15	249250621	6.01804e-08
chr1	19	17	249250621	6.82044e-08
chr1	20	10	249250621	4.01203e-08
chr1	21	20	249250621	8.02405e-08
chr1	22	18	249250621	7.22165e-08
chr1	23	14	249250621	5.61684e-08
chr1	24	5	249250621	2.00601e-08
chr1	25	8	249250621	3.20962e-08
chr1	26	3	249250621	1.20361e-08
chr1	27	6	249250621	2.40722e-08
chr1	28	17	249250621	6.82044e-08
chr1	29	6	249250621	2.40722e-08
chr1	30	9	249250621	3.61082e-08
chr1	31	15	249250621	6.01804e-08
chr1	32	32	249250621	1.28385e-07
chr1	33	29	249250621	1.16349e-07
chr1	34	38	249250621	1.52457e-07
chr1	35	25	249250621	1.00301e-07
chr1	36	16	249250621	6.41924e-08
chr1	37	20	249250621	8.02405e-08
chr1	38	23	249250621	9.22766e-08
chr1	39	13	249250621	5.21563e-08
chr1	40	21	249250621	8.42525e-08
chr1	41	15	249250621	6.01804e-08
chr1	42	15	249250621	6.01804e-08
chr1	43	12	249250621	4.81443e-08
chr1	44	19	249250621	7.62285e-08
chr1	45	26	249250621	1.04313e-07
chr1	46	21	249250621	8.42525e-08
chr1	47	15	249250621	6.01804e-08
chr1	48	24	249250621	9.62886e-08
chr1	49	28	249250621	1.12337e-07
chr1	50	25	249250621	1.00301e-07
chr1	51	20	249250621	8.02405e-08
chr1	52	24	249250621	9.62886e-08
chr1	53	10	249250621	4.01203e-08
chr1	54	16	249250621	6.41924e-08
chr1	55	6	249250621	2.40722e-08
chr1	56	7	249250621	2.80842e-08
chr1	57	4	249250621	1.60481e-08
chr1	58	6	249250621	2.40722e-08
chr1	59	7	249250621	2.80842e-08
chr1	60	3	249250621	1.20361e-08
chr1	61	6	249250621	2.40722e-08
chr1	62	7	249250621	2.80842e-08
chr1	63	2	249250621	8.02405e-09
chr1	64	9	249250621	3.61082e-08
chr1	65	10	249250621	4.01203e-08
chr1	66	4	249250621	1.60481e-08
chr1	67	2	249250621	8.02405e-09
chr1	68	4	249250621	1.60481e-08
chr1	69	3	249250621	1.20361e-08
chr1	71	3	249250621	1.20361e-08
chr1	72	1	249250621	4.01203e-09
chr1	73	5	249250621	2.00601e-08
chr1	74	2	249250621	8.02405e-09
chr1	75	2	249250621	8.02405e-09
chr1	76	3	249250621	1.20361e-08
chr1	77	4	249250621	1.60481e-08
chr1	78	7	249250621	2.80842e-08
chr1	79	5	249250621	2.00601e-08
chr1	80	2	249250621	8.02405e-09
chr1	81	4	249250621	1.60481e-08
chr1	82	11	249250621	4.41323e-08
chr1	83	7	249250621	2.80842e-08
chr1	84	6	249250621	2.40722e-08
chr1	85	1	249250621	4.01203e-09
chr1	86	2	249250621	8.02405e-09
chr1	87	4	249250621	1.60481e-08
chr1	88	1	249250621	4.01203e-09
chr1	89	3	249250621	1.20361e-08
chr1	90	2	249250621	8.02405e-09
chr1	91	1	249250621	4.01203e-09
chr1	94	3	249250621	1.20361e-08
chr1	98	1	249250621	4.01203e-09
chr1	99	3	249250621	1.20361e-08
chr1	100	1	249250621	4.01203e-09
chr1	103	1	249250621	4.01203e-09
chr1	105	2	249250621	8.02405e-09
chr1	110	2	249250621	8.02405e-09
chr1	111	1	249250621	4.01203e-09
chr1	113	2	249250621	8.02405e-09
chr1	114	1	249250621	4.01203e-09
chr1	115	2	249250621	8.02405e-09
chr1	116	5	249250621	2.00601e-08
chr1	117	3	249250621	1.20361e-08
chr1	118	5	249250621	2.00601e-08
chr1	119	8	249250621	3.20962e-08
chr1	120	6	249250621	2.40722e-08
chr1	121	5	249250621	2.00601e-08
chr1	122	4	249250621	1.60481e-08
chr1	123	1	249250621	4.01203e-09
chr1	124	1	249250621	4.01203e-09
chr1	125	2	249250621	8.02405e-09
chr1	126	4	249250621	1.60481e-08
chr1	127	3	249250621	1.20361e-08
chr1	129	3	249250621	1.20361e-08
chr1	130	4	249250621	1.60481e-08
chr1	131	4	249250621	1.60481e-08
chr1	132	3	249250621	1.20361e-08
chr1	133	1	249250621	4.01203e-09
chr1	134	1	249250621	4.01203e-09
chr1	135	1	249250621	4.01203e-09
chr1	136	4	249250621	1.60481e-08
chr1	137	3	249250621	1.20361e-08
chr1	138	3	249250621	1.20361e-08
chr1	139	2	249250621	8.02405e-09
chr1	140	6	249250621	2.40722e-08
chr1	142	3	249250621	1.20361e-08
chr1	143	4	249250621	1.60481e-08
chr1	144	2	249250621	8.02405e-09
chr1	145	6	249250621	2.40722e-08
chr1	146	3	249250621	1.20361e-08
chr1	147	2	249250621	8.02405e-09
chr1	148	4	249250621	1.60481e-08
chr1	149	5	249250621	2.00601e-08
chr1	150	2	249250621	8.02405e-09
chr1	151	3	249250621	1.20361e-08
chr1	152	4	249250621	1.60481e-08
chr1	153	2	249250621	8.02405e-09
chr1	154	7	249250621	2.80842e-08
chr1	155	8	249250621	3.20962e-08
chr1	156	3	249250621	1.20361e-08
chr1	157	5	249250621	2.00601e-08
chr1	158	1	249250621	4.01203e-09
chr1	159	2	249250621	8.02405e-09
chr1	160	7	249250621	2.80842e-08
chr1	161	3	249250621	1.20361e-08
chr1	162	1	249250621	4.01203e-09
chr1	163	4	249250621	1.60481e-08
chr1	164	3	249250621	1.20361e-08
chr1	165	5	249250621	2.00601e-08
chr1	166	3	249250621	1.20361e-08
chr1	167	2	249250621	8.02405e-09
chr1	168	4	249250621	1.60481e-08
chr1	169	1	249250621	4.01203e-09
chr1	170	2	249250621	8.02405e-09
chr1	171	3	249250621	1.20361e-08
chr1	172	4	249250621	1.60481e-08
chr1	173	6	249250621	2.40722e-08
chr1	174	2	249250621	8.02405e-09
chr1	175	5	249250621	2.00601e-08
chr1	176	5	249250621	2.00601e-08
chr1	177	5	249250621	2.00601e-08
chr1	178	2	249250621	8.02405e-09
chr1	179	6	249250621	2.40722e-08
chr1	180	2	249250621	8.02405e-09
chr1	181	2	249250621	8.02405e-09
chr1	182	3	249250621	1.20361e-08
chr1	183	1	249250621	4.01203e-09
chr1	184	5	249250621	2.00601e-08
chr1	185	6	249250621	2.40722e-08
chr1	186	3	249250621	1.20361e-08
chr1	187	3	249250621	1.20361e-08
chr1	188	5	249250621	2.00601e-08
chr1	189	2	249250621	8.02405e-09
chr1	190	2	249250621	8.02405e-09
chr1	191	3	249250621	1.20361e-08
chr1	192	2	249250621	8.02405e-09
chr1	193	5	249250621	2.00601e-08
chr1	194	5	249250621	2.00601e-08
chr1	195	2	249250621	8.02405e-09
chr1	196	2	249250621	8.02405e-09
chr1	197	5	249250621	2.00601e-08
chr1	198	6	249250621	2.40722e-08
chr1	201	5	249250621	2.00601e-08
chr1	202	1	249250621	4.01203e-09
chr1	204	1	249250621	4.01203e-09
chr1	205	2	249250621	8.02405e-09
chr1	206	1	249250621	4.01203e-09
chr1	209	1	249250621	4.01203e-09
chr2	0	240092056	243199373	0.987223
chr2	1	3017833	243199373	0.0124089
chr2	2	82508	243199373	0.000339261
chr2	3	3713	243199373	1.52673e-05
chr2	4	1188	243199373	4.88488e-06
chr2	5	898	243199373	3.69244e-06
chr2	6	466	243199373	1.91612e-06
chr2	7	161	243199373	6.62008e-07
chr2	8	127	243199373	5.22205e-07
chr2	9	109	243199373	4.48192e-07
chr2	10	52	243199373	2.13816e-07
chr2	11	70	243199373	2.8783e-07
chr2	12	58	243199373	2.38487e-07
chr2	13	35	243199373	1.43915e-07
chr2	14	31	243199373	1.27467e-07
chr2	15	18	243199373	7.40134e-08
chr2	16	17	243199373	6.99015e-08
chr2	17	20	243199373	8.22371e-08
chr2	18	4	243199373	1.64474e-08
chr2	19	9	243199373	3.70067e-08
chr3	0	195198763	198022430	0.985741
chr3	1	2750679	198022430	0.0138907
chr3	2	71339	198022430	0.000360257
chr3	3	1504	198022430	7.5951e-06
chr3	4	4	198022430	2.01997e-08
chr3	5	1	198022430	5.04993e-09
chr3	6	6	198022430	3.02996e-08
chr3	7	1	198022430	5.04993e-09
chr3	8	8	198022430	4.03995e-08
chr3	9	13	198022430	6.56491e-08
chr3	10	32	198022430	1.61598e-07
chr3	11	1	198022430	5.04993e-09
chr3	12	12	198022430	6.05992e-08
chr3	13	8	198022430	4.03995e-08
chr3	14	3	198022430	1.51498e-08
chr3	15	2	198022430	1.00999e-08
chr3	16	7	198022430	3.53495e-08
chr3	17	3	198022430	1.51498e-08
chr3	18	8	198022430	4.03995e-08
chr3	20	5	198022430	2.52497e-08
chr3	21	9	198022430	4.54494e-08
chr3	22	17	198022430	8.58489e-08
chr3	23	5	198022430	2.52497e-08
chr4	0	189368508	191154276	0.990658
chr4	1	1743431	191154276	0.00912054
chr4	2	40833	191154276	0.000213613
chr4	3	1111	191154276	5.81206e-06
chr4	4	96	191154276	5.02212e-07
chr4	5	136	191154276	7.11467e-07
chr4	6	82	191154276	4.28973e-07
chr4	7	36	191154276	1.8833e-07
chr4	8	25	191154276	1.30784e-07
chr4	9	18	191154276	9.41648e-08
chr5	0	179205228	180915260	0.990548
chr5	1	1668749	180915260	0.00922393
chr5	2	40303	180915260	0.000222773
chr5	3	879	180915260	4.85863e-06
chr5	4	97	180915260	5.36163e-07
chr5	5	4	180915260	2.21098e-08
chr6	0	167690541	171115067	0.979987
chr6	1	3318583	171115067	0.0193939
chr6	2	100216	171115067	0.000585664
chr6	3	2541	171115067	1.48497e-05
chr6	4	135	171115067	7.88943e-07
chr6	5	128	171115067	7.48035e-07
chr6	6	180	171115067	1.05192e-06
chr6	7	214	171115067	1.25062e-06
chr6	8	278	171115067	1.62464e-06
chr6	9	226	171115067	1.32075e-06
chr6	10	286	171115067	1.67139e-06
chr6	11	359	171115067	2.098e-06
chr6	12	334	171115067	1.9519e-06
chr6	13	251	171115067	1.46685e-06
chr6	14	253	171115067	1.47854e-06
chr6	15	177	171115067	1.03439e-06
chr6	16	96	171115067	5.61026e-07
chr6	17	85	171115067	4.96742e-07
chr6	18	85	171115067	4.96742e-07
chr6	19	38	171115067	2.22073e-07
chr6	20	27	171115067	1.57789e-07
chr6	21	12	171115067	7.01282e-08
chr6	22	13	171115067	7.59723e-08
chr6	23	8	171115067	4.67522e-08
chr6	24	1	171115067	5.84402e-09
chr7	0	157280031	159138663	0.988321
chr7	1	1810529	159138663	0.0113771
chr7	2	45447	159138663	0.000285581
chr7	3	796	159138663	5.00193e-06
chr7	4	98	159138663	6.15815e-07
chr7	5	103	159138663	6.47234e-07
chr7	6	103	159138663	6.47234e-07
chr7	7	105	159138663	6.59802e-07
chr7	8	48	159138663	3.01624e-07
chr7	9	47	159138663	2.9534e-07
chr7	10	65	159138663	4.08449e-07
chr7	11	58	159138663	3.64462e-07
chr7	12	36	159138663	2.26218e-07
chr7	13	46	159138663	2.89056e-07
chr7	14	29	159138663	1.82231e-07
chr7	15	45	159138663	2.82772e-07
chr7	16	26	159138663	1.6338e-07
chr7	17	34	159138663	2.1365e-07
chr7	18	31	159138663	1.94799e-07
chr7	19	23	159138663	1.44528e-07
chr7	20	56	159138663	3.51894e-07
chr7	21	50	159138663	3.14191e-07
chr7	22	34	159138663	2.1365e-07
chr7	23	34	159138663	2.1365e-07
chr7	24	45	159138663	2.82772e-07
chr7	25	39	159138663	2.45069e-07
chr7	26	46	159138663	2.89056e-07
chr7	27	37	159138663	2.32502e-07
chr7	28	7	159138663	4.39868e-08
chr7	29	49	159138663	3.07908e-07
chr7	30	51	159138663	3.20475e-07
chr7	31	24	159138663	1.50812e-07
chr7	32	17	159138663	1.06825e-07
chr7	33	8	159138663	5.02706e-08
chr7	34	15	159138663	9.42574e-08
chr7	35	19	159138663	1.19393e-07
chr7	36	31	159138663	1.94799e-07
chr7	37	27	159138663	1.69663e-07
chr7	38	26	159138663	1.6338e-07
chr7	39	17	159138663	1.06825e-07
chr7	40	20	159138663	1.25677e-07
chr7	41	27	159138663	1.69663e-07
chr7	42	20	159138663	1.25677e-07
chr7	43	17	159138663	1.06825e-07
chr7	44	15	159138663	9.42574e-08
chr7	45	11	159138663	6.91221e-08
chr7	46	11	159138663	6.91221e-08
chr7	47	16	159138663	1.00541e-07
chr7	48	6	159138663	3.7703e-08
chr7	49	10	159138663	6.28383e-08
chr7	50	10	159138663	6.28383e-08
chr7	51	16	159138663	1.00541e-07
chr7	52	5	159138663	3.14191e-08
chr7	53	8	159138663	5.02706e-08
chr7	54	11	159138663	6.91221e-08
chr7	55	5	159138663	3.14191e-08
chr7	56	14	159138663	8.79736e-08
chr7	57	11	159138663	6.91221e-08
chr7	58	17	159138663	1.06825e-07
chr7	59	14	159138663	8.79736e-08
chr7	60	11	159138663	6.91221e-08
chr7	61	10	159138663	6.28383e-08
chr7	62	14	159138663	8.79736e-08
chr7	63	10	159138663	6.28383e-08
chr7	64	5	159138663	3.14191e-08
chr7	65	3	159138663	1.88515e-08
chr7	66	2	159138663	1.25677e-08
chr7	67	4	159138663	2.51353e-08
chr7	68	3	159138663	1.88515e-08
chr7	69	4	159138663	2.51353e-08
chr7	70	1	159138663	6.28383e-09
chr8	0	144270368	146364022	0.985696
chr8	1	2026327	146364022	0.0138444
chr8	2	62872	146364022	0.000429559
chr8	3	3029	146364022	2.0695e-05
chr8	4	717	146364022	4.89874e-06
chr8	5	343	146364022	2.34347e-06
chr8	6	217	146364022	1.4826e-06
chr8	7	98	146364022	6.69563e-07
chr8	8	38	146364022	2.59627e-07
chr8	9	13	146364022	8.88196e-08
chr9	0	139539857	141213431	0.988149
chr9	1	1630059	141213431	0.0115432
chr9	2	42476	141213431	0.000300793
chr9	3	873	141213431	6.18213e-06
chr9	4	94	141213431	6.65659e-07
chr9	5	38	141213431	2.69096e-07
chr9	6	34	141213431	2.4077e-07
chr10	0	133832823	135534747	0.987443
chr10	1	1641103	135534747	0.0121084
chr10	2	47370	135534747	0.000349504
chr10	3	3368	135534747	2.48497e-05
chr10	4	1503	135534747	1.10894e-05
chr10	5	1072	135534747	7.90941e-06
chr10	6	920	135534747	6.78793e-06
chr10	7	690	135534747	5.09095e-06
chr10	8	625	135534747	4.61136e-06
chr10	9	529	135534747	3.90306e-06
chr10	10	472	135534747	3.4825e-06
chr10	11	442	135534747	3.26116e-06
chr10	12	354	135534747	2.61188e-06
chr10	13	305	135534747	2.25035e-06
chr10	14	300	135534747	2.21345e-06
chr10	15	245	135534747	1.80765e-06
chr10	16	232	135534747	1.71174e-06
chr10	17	237	135534747	1.74863e-06
chr10	18	206	135534747	1.51991e-06
chr10	19	206	135534747	1.51991e-06
chr10	20	178	135534747	1.31332e-06
chr10	21	127	135534747	9.37029e-07
chr10	22	100	135534747	7.37818e-07
chr10	23	70	135534747	5.16473e-07
chr10	24	79	135534747	5.82876e-07
chr10	25	114	135534747	8.41113e-07
chr10	26	90	135534747	6.64036e-07
chr10	27	63	135534747	4.64825e-07
chr10	28	52	135534747	3.83665e-07
chr10	29	67	135534747	4.94338e-07
chr10	30	40	135534747	2.95127e-07
chr10	31	40	135534747	2.95127e-07
chr10	32	48	135534747	3.54153e-07
chr10	33	56	135534747	4.13178e-07
chr10	34	52	135534747	3.83665e-07
chr10	35	31	135534747	2.28724e-07
chr10	36	24	135534747	1.77076e-07
chr10	37	32	135534747	2.36102e-07
chr10	38	26	135534747	1.91833e-07
chr10	39	9	135534747	6.64036e-08
chr10	40	23	135534747	1.69698e-07
chr10	41	25	135534747	1.84455e-07
chr10	42	26	135534747	1.91833e-07
chr10	43	26	135534747	1.91833e-07
chr10	44	30	135534747	2.21345e-07
chr10	45	34	135534747	2.50858e-07
chr10	46	33	135534747	2.4348e-07
chr10	47	19	135534747	1.40185e-07
chr10	48	19	135534747	1.40185e-07
chr10	49	12	135534747	8.85382e-08
chr10	50	3	135534747	2.21345e-08
chr10	51	15	135534747	1.10673e-07
chr10	52	5	135534747	3.68909e-08
chr10	53	5	135534747	3.68909e-08
chr10	54	5	135534747	3.68909e-08
chr10	55	2	135534747	1.47564e-08
chr10	56	7	135534747	5.16473e-08
chr10	57	2	135534747	1.47564e-08
chr10	58	3	135534747	2.21345e-08
chr10	59	1	135534747	7.37818e-09
chr10	60	8	135534747	5.90255e-08
chr10	61	12	135534747	8.85382e-08
chr10	62	10	135534747	7.37818e-08
chr10	63	15	135534747	1.10673e-07
chr10	64	8	135534747	5.90255e-08
chr10	65	5	135534747	3.68909e-08
chr10	66	6	135534747	4.42691e-08
chr10	67	3	135534747	2.21345e-08
chr10	68	3	135534747	2.21345e-08
chr10	69	2	135534747	1.47564e-08
chr10	70	2	135534747	1.47564e-08
chr10	71	2	135534747	1.47564e-08
chr10	72	2	135534747	1.47564e-08
chr10	73	4	135534747	2.95127e-08
chr10	74	3	135534747	2.21345e-08
chr10	75	6	135534747	4.42691e-08
chr10	76	3	135534747	2.21345e-08
chr10	77	3	135534747	2.21345e-08
chr10	78	1	135534747	7.37818e-09
chr10	79	1	135534747	7.37818e-09
chr10	80	1	135534747	7.37818e-09
chr10	81	3	135534747	2.21345e-08
chr10	82	2	135534747	1.47564e-08
chr10	83	4	135534747	2.95127e-08
chr10	84	4	135534747	2.95127e-08
chr10	85	4	135534747	2.95127e-08
chr10	86	4	135534747	2.95127e-08
chr10	87	9	135534747	6.64036e-08
chr10	88	3	135534747	2.21345e-08
chr10	89	8	135534747	5.90255e-08
chr10	90	5	135534747	3.68909e-08
chr10	91	1	135534747	7.37818e-09
chr10	92	1	135534747	7.37818e-09
chr10	94	2	135534747	1.47564e-08
chr10	98	1	135534747	7.37818e-09
chr10	99	1	135534747	7.37818e-09
chr11	0	133352523	135006516	0.987749
chr11	1	1609454	135006516	0.0119213
chr11	2	41945	135006516	0.000310689
chr11	3	1345	135006516	9.96248e-06
chr11	4	345	135006516	2.55543e-06
chr11	5	206	135006516	1.52585e-06
chr11	6	140	135006516	1.03699e-06
chr11	7	115	135006516	8.51811e-07
chr11	8	109	135006516	8.07368e-07
chr11	9	121	135006516	8.96253e-07
chr11	10	112	135006516	8.2959e-07
chr11	11	40	135006516	2.96282e-07
chr11	12	51	135006516	3.7776e-07
chr11	13	7	135006516	5.18494e-08
chr11	14	3	135006516	2.22212e-08
chr12	0	132214758	133851895	0.987769
chr12	1	1598023	133851895	0.0119387
chr12	2	38593	133851895	0.000288326
chr12	3	493	133851895	3.68318e-06
chr12	4	28	133851895	2.09186e-07
chr13	0	114258913	115169878	0.99209
chr13	1	890764	115169878	0.00773435
chr13	2	19838	115169878	0.00017225
chr13	3	261	115169878	2.26622e-06
chr13	4	19	115169878	1.64974e-07
chr13	5	54	115169878	4.68873e-07
chr13	6	22	115169878	1.91022e-07
chr13	7	7	115169878	6.07798e-08
chr14	0	106509092	107349540	0.992171
chr14	1	816434	107349540	0.00760538
chr14	2	23476	107349540	0.000218687
chr14	3	538	107349540	5.01167e-06
chr15	0	101288525	102531392	0.987878
chr15	1	1209983	102531392	0.0118011
chr15	2	32261	102531392	0.000314645
chr15	3	597	102531392	5.82261e-06
chr15	4	26	102531392	2.53581e-07
chr16	0	88865880	90354753	0.983522
chr16	1	1417473	90354753	0.0156879
chr16	2	53489	90354753	0.000591989
chr16	3	5208	90354753	5.76395e-05
chr16	4	3325	90354753	3.67994e-05
chr16	5	2638	90354753	2.9196e-05
chr16	6	1879	90354753	2.07958e-05
chr16	7	1281	90354753	1.41774e-05
chr16	8	865	90354753	9.57338e-06
chr16	9	760	90354753	8.41129e-06
chr16	10	423	90354753	4.68155e-06
chr16	11	313	90354753	3.46412e-06
chr16	12	329	90354753	3.6412e-06
chr16	13	248	90354753	2.74474e-06
chr16	14	178	90354753	1.97001e-06
chr16	15	106	90354753	1.17315e-06
chr16	16	65	90354753	7.19387e-07
chr16	17	65	90354753	7.19387e-07
chr16	18	75	90354753	8.30061e-07
chr16	19	44	90354753	4.86969e-07
chr16	20	37	90354753	4.09497e-07
chr16	21	21	90354753	2.32417e-07
chr16	22	15	90354753	1.66012e-07
chr16	23	18	90354753	1.99215e-07
chr16	24	6	90354753	6.64049e-08
chr16	25	6	90354753	6.64049e-08
chr16	26	5	90354753	5.53374e-08
chr16	27	1	90354753	1.10675e-08
chr17	0	80083098	81195210	0.986303
chr17	1	1076959	81195210	0.0132638
chr17	2	33413	81195210	0.000411514
chr17	3	1085	81195210	1.33629e-05
chr17	4	253	81195210	3.11595e-06
chr17	5	166	81195210	2.04446e-06
chr17	6	61	81195210	7.51276e-07
chr17	7	49	81195210	6.03484e-07
chr17	8	10	81195210	1.2316e-07
chr17	9	12	81195210	1.47792e-07
chr17	10	22	81195210	2.70952e-07
chr17	11	5	81195210	6.158e-08
chr17	12	9	81195210	1.10844e-07
chr17	13	19	81195210	2.34004e-07
chr17	14	5	81195210	6.158e-08
chr17	15	10	81195210	1.2316e-07
chr17	16	19	81195210	2.34004e-07
chr17	17	7	81195210	8.6212e-08
chr17	18	4	81195210	4.9264e-08
chr17	19	4	81195210	4.9264e-08
chr18	0	76742845	78077248	0.982909
chr18	1	1289393	78077248	0.0165143
chr18	2	41163	78077248	0.000527209
chr18	3	2075	78077248	2.65762e-05
chr18	4	471	78077248	6.03249e-06
chr18	5	306	78077248	3.9192e-06
chr18	6	230	78077248	2.9458e-06
chr18	7	190	78077248	2.43349e-06
chr18	8	122	78077248	1.56256e-06
chr18	9	106	78077248	1.35763e-06
chr18	10	92	78077248	1.17832e-06
chr18	11	89	78077248	1.1399e-06
chr18	12	51	78077248	6.53199e-07
chr18	13	26	78077248	3.33004e-07
chr18	14	21	78077248	2.68964e-07
chr18	15	18	78077248	2.30541e-07
chr18	16	20	78077248	2.56157e-07
chr18	17	21	78077248	2.68964e-07
chr18	18	9	78077248	1.1527e-07
chr19	0	58246380	59128983	0.985073
chr19	1	851849	59128983	0.0144066
chr19	2	27807	59128983	0.000470277
chr19	3	861	59128983	1.45614e-05
chr19	4	364	59128983	6.15603e-06
chr19	5	245	59128983	4.14348e-06
chr19	6	250	59128983	4.22804e-06
chr19	7	173	59128983	2.92581e-06
chr19	8	142	59128983	2.40153e-06
chr19	9	134	59128983	2.26623e-06
chr19	10	82	59128983	1.3868e-06
chr19	11	58	59128983	9.80906e-07
chr19	12	45	59128983	7.61048e-07
chr19	13	28	59128983	4.73541e-07
chr19	14	20	59128983	3.38244e-07
chr19	15	25	59128983	4.22805e-07
chr19	16	17	59128983	2.87507e-07
chr19	17	12	59128983	2.02946e-07
chr19	18	19	59128983	3.21331e-07
chr19	19	23	59128983	3.8898e-07
chr19	20	28	59128983	4.73541e-07
chr19	21	20	59128983	3.38244e-07
chr19	22	24	59128983	4.05892e-07
chr19	23	20	59128983	3.38244e-07
chr19	24	27	59128983	4.56629e-07
chr19	25	32	59128983	5.4119e-07
chr19	26	29	59128983	4.90453e-07
chr19	27	33	59128983	5.58102e-07
chr19	28	13	59128983	2.19858e-07
chr19	29	15	59128983	2.53683e-07
chr19	30	10	59128983	1.69122e-07
chr19	31	1	59128983	1.69122e-08
chr19	32	8	59128983	1.35297e-07
chr19	33	14	59128983	2.36771e-07
chr19	34	7	59128983	1.18385e-07
chr19	35	6	59128983	1.01473e-07
chr19	36	13	59128983	2.19858e-07
chr19	37	8	59128983	1.35297e-07
chr19	38	2	59128983	3.38244e-08
chr19	39	5	59128983	8.45609e-08
chr19	40	6	59128983	1.01473e-07
chr19	41	1	59128983	1.69122e-08
chr19	42	3	59128983	5.07365e-08
chr19	43	1	59128983	1.69122e-08
chr19	44	3	59128983	5.07365e-08
chr19	45	5	59128983	8.45609e-08
chr19	46	3	59128983	5.07365e-08
chr19	47	16	59128983	2.70595e-07
chr19	48	10	59128983	1.69122e-07
chr19	49	6	59128983	1.01473e-07
chr19	50	4	59128983	6.76487e-08
chr19	51	4	59128983	6.76487e-08
chr19	52	5	59128983	8.45609e-08
chr19	53	5	59128983	8.45609e-08
chr19	54	12	59128983	2.02946e-07
chr19	55	5	59128983	8.45609e-08
chr19	56	4	59128983	6.76487e-08
chr19	57	1	59128983	1.69122e-08
chr19	59	7	59128983	1.18385e-07
chr19	60	2	59128983	3.38244e-08
chr19	61	3	59128983	5.07365e-08
chr19	62	7	59128983	1.18385e-07
chr19	63	3	59128983	5.07365e-08
chr19	64	5	59128983	8.45609e-08
chr19	66	1	59128983	1.69122e-08
chr19	67	1	59128983	1.69122e-08
chr19	68	6	59128983	1.01473e-07
chr19	70	3	59128983	5.07365e-08
chr19	71	2	59128983	3.38244e-08
chr20	0	62371010	63025520	0.989615
chr20	1	635382	63025520	0.0100813
chr20	2	18625	63025520	0.000295515
chr20	3	494	63025520	7.83809e-06
chr20	4	9	63025520	1.42799e-07
chr21	0	47691755	48129895	0.990897
chr21	1	425210	48129895	0.00883463
chr21	2	12498	48129895	0.000259672
chr21	3	339	48129895	7.04344e-06
chr21	4	36	48129895	7.47976e-07
chr21	5	13	48129895	2.70102e-07
chr21	6	9	48129895	1.86994e-07
chr21	7	17	48129895	3.53211e-07
chr21	8	17	48129895	3.53211e-07
chr21	9	1	48129895	2.07771e-08
chr22	0	50727619	51304566	0.988754
chr22	1	558866	51304566	0.0108931
chr22	2	17711	51304566	0.000345213
chr22	3	368	51304566	7.17285e-06
chr22	4	2	51304566	3.89829e-08
chrX	0	154185627	155270560	0.993013
chrX	1	1055331	155270560	0.00679672
chrX	2	26708	155270560	0.000172009
chrX	3	1905	155270560	1.22689e-05
chrX	4	636	155270560	4.09608e-06
chrX	5	225	155270560	1.44908e-06
chrX	6	77	155270560	4.95909e-07
chrX	7	51	155270560	3.28459e-07
chrY	0	59340676	59373566	0.999446
chrY	1	30049	59373566	0.000506101
chrY	2	1985	59373566	3.34324e-05
chrY	3	484	59373566	8.15178e-06
chrY	4	222	59373566	3.73904e-06
chrY	5	71	59373566	1.19582e-06
chrY	6	20	59373566	3.3685e-07
chrY	7	19	59373566	3.20008e-07
chrY	8	6	59373566	1.01055e-07
chrY	9	12	59373566	2.0211e-07
chrY	10	15	59373566	2.52638e-07
chrY	11	7	59373566	1.17898e-07
chr1_gl000191_random	0	105224	106433	0.988641
chr1_gl000191_random	1	1168	106433	0.010974
chr1_gl000191_random	2	41	106433	0.000385219
chr1_gl000192_random	0	540272	547496	0.986805
chr1_gl000192_random	1	6877	547496	0.0125608
chr1_gl000192_random	2	318	547496	0.000580826
chr1_gl000192_random	3	29	547496	5.29684e-05
chr4_ctg9_hap1	0	588143	590426	0.996133
chr4_ctg9_hap1	1	2216	590426	0.00375322
chr4_ctg9_hap1	2	67	590426	0.000113477
chr4_gl000193_random	0	183546	189789	0.967106
chr4_gl000193_random	1	5712	189789	0.0300966
chr4_gl000193_random	2	433	189789	0.00228148
chr4_gl000193_random	3	70	189789	0.000368831
chr4_gl000193_random	4	28	189789	0.000147532
chr4_gl000194_random	0	185959	191469	0.971223
chr4_gl000194_random	1	5330	191469	0.0278374
chr4_gl000194_random	2	170	191469	0.000887872
chr4_gl000194_random	3	10	191469	5.22278e-05
chr6_apd_hap1	0	4614122	4622290	0.998233
chr6_apd_hap1	1	7986	4622290	0.00172772
chr6_apd_hap1	2	182	4622290	3.93744e-05
chr6_cox_hap2	0	4777445	4795371	0.996262
chr6_cox_hap2	1	17702	4795371	0.00369148
chr6_cox_hap2	2	224	4795371	4.67117e-05
chr6_dbb_hap3	0	4593541	4610396	0.996344
chr6_dbb_hap3	1	16560	4610396	0.00359188
chr6_dbb_hap3	2	295	4610396	6.39858e-05
chr6_mann_hap4	0	4669467	4683263	0.997054
chr6_mann_hap4	1	13592	4683263	0.00290225
chr6_mann_hap4	2	204	4683263	4.35594e-05
chr6_mcf_hap5	0	4817929	4833398	0.9968
chr6_mcf_hap5	1	15088	4833398	0.00312161
chr6_mcf_hap5	2	381	4833398	7.88265e-05
chr6_qbl_hap6	0	4596771	4611984	0.996701
chr6_qbl_hap6	1	14676	4611984	0.00318214
chr6_qbl_hap6	2	537	4611984	0.000116436
chr6_ssto_hap7	0	4915645	4928567	0.997378
chr6_ssto_hap7	1	12594	4928567	0.00255531
chr6_ssto_hap7	2	328	4928567	6.65508e-05
chr7_gl000195_random	0	175174	182896	0.957779
chr7_gl000195_random	1	7544	182896	0.0412475
chr7_gl000195_random	2	178	182896	0.000973231
chr8_gl000196_random	0	38864	38914	0.998715
chr8_gl000196_random	1	50	38914	0.00128488
chr8_gl000197_random	0	37075	37175	0.99731
chr8_gl000197_random	1	100	37175	0.00268998
chr9_gl000198_random	0	87367	90085	0.969828
chr9_gl000198_random	1	2636	90085	0.0292613
chr9_gl000198_random	2	82	90085	0.000910251
chr9_gl000199_random	0	144822	169874	0.852526
chr9_gl000199_random	1	17879	169874	0.105249
chr9_gl000199_random	2	4555	169874	0.026814
chr9_gl000199_random	3	1430	169874	0.008418
chr9_gl000199_random	4	508	169874	0.00299045
chr9_gl000199_random	5	349	169874	0.00205446
chr9_gl000199_random	6	141	169874	0.000830027
chr9_gl000199_random	7	106	169874	0.000623992
chr9_gl000199_random	8	48	169874	0.000282562
chr9_gl000199_random	9	13	169874	7.65273e-05
chr9_gl000199_random	11	21	169874	0.000123621
chr9_gl000199_random	12	2	169874	1.17734e-05
chr9_gl000200_random	0	185981	187035	0.994365
chr9_gl000200_random	1	1008	187035	0.00538937
chr9_gl000200_random	2	46	187035	0.000245943
chr9_gl000201_random	0	35998	36148	0.99585
chr9_gl000201_random	1	150	36148	0.00414961
chr11_gl000202_random	0	39603	40103	0.987532
chr11_gl000202_random	1	500	40103	0.0124679
chr17_ctg5_hap1	0	1671318	1680828	0.994342
chr17_ctg5_hap1	1	9170	1680828	0.00545564
chr17_ctg5_hap1	2	340	1680828	0.000202281
chr17_gl000203_random	0	37158	37498	0.990933
chr17_gl000203_random	1	330	37498	0.00880047
chr17_gl000203_random	2	10	37498	0.000266681
chr17_gl000204_random	0	79467	81310	0.977334
chr17_gl000204_random	1	1686	81310	0.0207355
chr17_gl000204_random	2	157	81310	0.00193088
chr17_gl000205_random	0	168064	174588	0.962632
chr17_gl000205_random	1	6156	174588	0.0352602
chr17_gl000205_random	2	360	174588	0.002062
chr17_gl000205_random	3	8	174588	4.58222e-05
chr17_gl000206_random	0	40551	41001	0.989025
chr17_gl000206_random	1	450	41001	0.0109753
chr18_gl000207_random	0	4212	4262	0.988268
chr18_gl000207_random	1	50	4262	0.0117316
chr19_gl000208_random	0	89438	92689	0.964926
chr19_gl000208_random	1	2629	92689	0.0283637
chr19_gl000208_random	2	498	92689	0.00537281
chr19_gl000208_random	3	87	92689	0.000938623
chr19_gl000208_random	4	21	92689	0.000226564
chr19_gl000208_random	5	16	92689	0.00017262
chr19_gl000209_random	0	158219	159169	0.994031
chr19_gl000209_random	1	900	159169	0.00565437
chr19_gl000209_random	2	50	159169	0.000314132
chr21_gl000210_random	0	27500	27682	0.993425
chr21_gl000210_random	1	164	27682	0.00592443
chr21_gl000210_random	2	18	27682	0.000650242
chrUn_gl000211	0	164116	166566	0.985291
chrUn_gl000211	1	2450	166566	0.0147089
chrUn_gl000212	0	182666	186858	0.977566
chrUn_gl000212	1	3859	186858	0.020652
chrUn_gl000212	2	308	186858	0.00164831
chrUn_gl000212	3	25	186858	0.000133791
chrUn_gl000213	0	163233	164239	0.993875
chrUn_gl000213	1	962	164239	0.00585732
chrUn_gl000213	2	44	164239	0.000267902
chrUn_gl000214	0	122106	137718	0.886638
chrUn_gl000214	1	10635	137718	0.077223
chrUn_gl000214	2	3246	137718	0.0235699
chrUn_gl000214	3	1028	137718	0.00746453
chrUn_gl000214	4	429	137718	0.00311506
chrUn_gl000214	5	188	137718	0.00136511
chrUn_gl000214	6	69	137718	0.000501024
chrUn_gl000214	7	17	137718	0.000123441
chrUn_gl000215	0	171495	172545	0.993915
chrUn_gl000215	1	1050	172545	0.00608537
chrUn_gl000216	0	162560	172294	0.943504
chrUn_gl000216	1	7358	172294	0.0427061
chrUn_gl000216	2	1392	172294	0.00807921
chrUn_gl000216	3	444	172294	0.00257699
chrUn_gl000216	4	173	172294	0.0010041
chrUn_gl000216	5	167	172294	0.000969273
chrUn_gl000216	6	49	172294	0.000284398
chrUn_gl000216	7	39	172294	0.000226357
chrUn_gl000216	8	13	172294	7.54524e-05
chrUn_gl000216	9	4	172294	2.32161e-05
chrUn_gl000216	10	9	172294	5.22363e-05
chrUn_gl000216	11	20	172294	0.000116081
chrUn_gl000216	12	39	172294	0.000226357
chrUn_gl000216	13	14	172294	8.12565e-05
chrUn_gl000216	14	13	172294	7.54524e-05
chrUn_gl000217	0	169839	172149	0.986581
chrUn_gl000217	1	2270	172149	0.0131863
chrUn_gl000217	2	40	172149	0.000232357
chrUn_gl000218	0	156942	161147	0.973906
chrUn_gl000218	1	3987	161147	0.0247414
chrUn_gl000218	2	191	161147	0.00118525
chrUn_gl000218	3	27	161147	0.000167549
chrUn_gl000219	0	174235	179198	0.972304
chrUn_gl000219	1	4802	179198	0.0267972
chrUn_gl000219	2	135	179198	0.000753357
chrUn_gl000219	3	26	179198	0.000145091
chrUn_gl000220	0	131152	161802	0.810571
chrUn_gl000220	1	18718	161802	0.115685
chrUn_gl000220	2	7171	161802	0.0443196
chrUn_gl000220	3	2987	161802	0.0184608
chrUn_gl000220	4	1189	161802	0.00734849
chrUn_gl000220	5	453	161802	0.00279972
chrUn_gl000220	6	91	161802	0.000562416
chrUn_gl000220	7	16	161802	9.88863e-05
chrUn_gl000220	8	25	161802	0.00015451
chrUn_gl000221	0	151918	155397	0.977612
chrUn_gl000221	1	3308	155397	0.0212874
chrUn_gl000221	2	171	155397	0.00110041
chrUn_gl000222	0	184989	186861	0.989982
chrUn_gl000222	1	1744	186861	0.00933314
chrUn_gl000222	2	128	186861	0.000685001
chrUn_gl000223	0	178992	180455	0.991893
chrUn_gl000223	1	1426	180455	0.00790225
chrUn_gl000223	2	37	180455	0.000205037
chrUn_gl000224	0	168224	179693	0.936174
chrUn_gl000224	1	8394	179693	0.046713
chrUn_gl000224	2	2004	179693	0.0111524
chrUn_gl000224	3	719	179693	0.00400127
chrUn_gl000224	4	251	179693	0.00139683
chrUn_gl000224	5	78	179693	0.000434074
chrUn_gl000224	6	15	179693	8.34757e-05
chrUn_gl000224	7	7	179693	3.89553e-05
chrUn_gl000224	8	1	179693	5.56505e-06
chrUn_gl000225	0	191716	211173	0.907862
chrUn_gl000225	1	14198	211173	0.067234
chrUn_gl000225	2	3012	211173	0.0142632
chrUn_gl000225	3	918	211173	0.00434715
chrUn_gl000225	4	607	211173	0.00287442
chrUn_gl000225	5	287	211173	0.00135908
chrUn_gl000225	6	184	211173	0.000871324
chrUn_gl000225	7	65	211173	0.000307804
chrUn_gl000225	8	54	211173	0.000255715
chrUn_gl000225	9	58	211173	0.000274656
chrUn_gl000225	10	31	211173	0.000146799
chrUn_gl000225	11	34	211173	0.000161005
chrUn_gl000225	12	3	211173	1.42064e-05
chrUn_gl000225	13	6	211173	2.84127e-05
chrUn_gl000226	0	2371	15008	0.157982
chrUn_gl000226	1	2815	15008	0.187567
chrUn_gl000226	2	2546	15008	0.169643
chrUn_gl000226	3	1736	15008	0.115672
chrUn_gl000226	4	1101	15008	0.0733609
chrUn_gl000226	5	899	15008	0.0599014
chrUn_gl000226	6	887	15008	0.0591018
chrUn_gl000226	7	656	15008	0.04371
chrUn_gl000226	8	538	15008	0.0358475
chrUn_gl000226	9	435	15008	0.0289845
chrUn_gl000226	10	269	15008	0.0179238
chrUn_gl000226	11	257	15008	0.0171242
chrUn_gl000226	12	195	15008	0.0129931
chrUn_gl000226	13	133	15008	0.00886194
chrUn_gl000226	14	84	15008	0.00559701
chrUn_gl000226	15	22	15008	0.00146588
chrUn_gl000226	16	27	15008	0.00179904
chrUn_gl000226	17	8	15008	0.000533049
chrUn_gl000226	18	12	15008	0.000799574
chrUn_gl000226	19	13	15008	0.000866205
chrUn_gl000226	20	4	15008	0.000266525
chrUn_gl000227	0	127074	128374	0.989873
chrUn_gl000227	1	1300	128374	0.0101267
chrUn_gl000228	0	125889	129120	0.974977
chrUn_gl000228	1	1973	129120	0.0152804
chrUn_gl000228	2	418	129120	0.0032373
chrUn_gl000228	3	184	129120	0.00142503
chrUn_gl000228	4	160	129120	0.00123916
chrUn_gl000228	5	145	129120	0.00112299
chrUn_gl000228	6	52	129120	0.000402726
chrUn_gl000228	7	56	129120	0.000433705
chrUn_gl000228	8	103	129120	0.000797708
chrUn_gl000228	9	19	129120	0.00014715
chrUn_gl000228	10	32	129120	0.000247831
chrUn_gl000228	11	30	129120	0.000232342
chrUn_gl000228	12	6	129120	4.64684e-05
chrUn_gl000228	13	3	129120	2.32342e-05
chrUn_gl000228	14	1	129120	7.74473e-06
chrUn_gl000228	15	1	129120	7.74473e-06
chrUn_gl000228	16	1	129120	7.74473e-06
chrUn_gl000228	17	16	129120	0.000123916
chrUn_gl000228	18	14	129120	0.000108426
chrUn_gl000228	19	3	129120	2.32342e-05
chrUn_gl000228	20	7	129120	5.42131e-05
chrUn_gl000228	21	6	129120	4.64684e-05
chrUn_gl000228	22	1	129120	7.74473e-06
chrUn_gl000229	0	19302	19913	0.969317
chrUn_gl000229	1	572	19913	0.028725
chrUn_gl000229	2	39	19913	0.00195852
chrUn_gl000230	0	42591	43691	0.974823
chrUn_gl000230	1	1100	43691	0.0251768
chrUn_gl000231	0	26218	27386	0.95735
chrUn_gl000231	1	1136	27386	0.041481
chrUn_gl000231	2	32	27386	0.00116848
chrUn_gl000232	0	38378	40652	0.944062
chrUn_gl000232	1	2148	40652	0.0528387
chrUn_gl000232	2	126	40652	0.00309948
chrUn_gl000233	0	45421	45941	0.988681
chrUn_gl000233	1	490	45941	0.0106659
chrUn_gl000233	2	30	45941	0.000653011
chrUn_gl000234	0	37836	40531	0.933508
chrUn_gl000234	1	2540	40531	0.0626681
chrUn_gl000234	2	155	40531	0.00382423
chrUn_gl000235	0	33633	34474	0.975605
chrUn_gl000235	1	832	34474	0.0241341
chrUn_gl000235	2	9	34474	0.000261066
chrUn_gl000236	0	41484	41934	0.989269
chrUn_gl000236	1	450	41934	0.0107311
chrUn_gl000237	0	44321	45867	0.966294
chrUn_gl000237	1	1542	45867	0.0336189
chrUn_gl000237	2	4	45867	8.72087e-05
chrUn_gl000238	0	39589	39939	0.991237
chrUn_gl000238	1	350	39939	0.00876336
chrUn_gl000239	0	32465	33824	0.959821
chrUn_gl000239	1	1318	33824	0.0389664
chrUn_gl000239	2	41	33824	0.00121216
chrUn_gl000240	0	41333	41933	0.985691
chrUn_gl000240	1	600	41933	0.0143085
chrUn_gl000241	0	40251	42152	0.954901
chrUn_gl000241	1	1852	42152	0.0439362
chrUn_gl000241	2	49	42152	0.00116246
chrUn_gl000242	0	43168	43523	0.991843
chrUn_gl000242	1	310	43523	0.00712267
chrUn_gl000242	2	45	43523	0.00103394
chrUn_gl000243	0	42219	43341	0.974112
chrUn_gl000243	1	1094	43341	0.0252417
chrUn_gl000243	2	28	43341	0.00064604
chrUn_gl000244	0	39546	39929	0.990408
chrUn_gl000244	1	366	39929	0.00916627
chrUn_gl000244	2	17	39929	0.000425756
chrUn_gl000245	0	35176	36651	0.959756
chrUn_gl000245	1	1450	36651	0.0395624
chrUn_gl000245	2	25	36651	0.00068211
chrUn_gl000246	0	37854	38154	0.992137
chrUn_gl000246	1	300	38154	0.00786287
chrUn_gl000247	0	35822	36422	0.983526
chrUn_gl000247	1	600	36422	0.0164736
chrUn_gl000248	0	39736	39786	0.998743
chrUn_gl000248	1	50	39786	0.00125672
chrUn_gl000249	0	37802	38502	0.981819
chrUn_gl000249	1	700	38502	0.0181809
genome	0	3099016414	3137161264	0.987841
genome	1	36971346	3137161264	0.011785
genome	2	1055528	3137161264	0.00033646
genome	3	46489	3137161264	1.48188e-05
genome	4	14788	3137161264	4.71382e-06
genome	5	9750	3137161264	3.10791e-06
genome	6	6745	3137161264	2.15003e-06
genome	7	4764	3137161264	1.51857e-06
genome	8	3927	3137161264	1.25177e-06
genome	9	3592	3137161264	1.14498e-06
genome	10	3151	3137161264	1.00441e-06
genome	11	3020	3137161264	9.62654e-07
genome	12	2943	3137161264	9.38109e-07
genome	13	2672	3137161264	8.51725e-07
genome	14	2256	3137161264	7.19121e-07
genome	15	1831	3137161264	5.83649e-07
genome	16	1844	3137161264	5.87793e-07
genome	17	1460	3137161264	4.65389e-07
genome	18	1204	3137161264	3.83786e-07
genome	19	1019	3137161264	3.24816e-07
genome	20	923	3137161264	2.94215e-07
genome	21	705	3137161264	2.24725e-07
genome	22	562	3137161264	1.79143e-07
genome	23	365	3137161264	1.16347e-07
genome	24	348	3137161264	1.10928e-07
genome	25	324	3137161264	1.03278e-07
genome	26	246	3137161264	7.84148e-08
genome	27	191	3137161264	6.08831e-08
genome	28	104	3137161264	3.3151e-08
genome	29	150	3137161264	4.78139e-08
genome	30	122	3137161264	3.88887e-08
genome	31	89	3137161264	2.83696e-08
genome	32	112	3137161264	3.57011e-08
genome	33	117	3137161264	3.72949e-08
genome	34	116	3137161264	3.69761e-08
genome	35	81	3137161264	2.58195e-08
genome	36	84	3137161264	2.67758e-08
genome	37	87	3137161264	2.77321e-08
genome	38	77	3137161264	2.45445e-08
genome	39	44	3137161264	1.40254e-08
genome	40	70	3137161264	2.23132e-08
genome	41	68	3137161264	2.16756e-08
genome	42	64	3137161264	2.04006e-08
genome	43	56	3137161264	1.78505e-08
genome	44	67	3137161264	2.13569e-08
genome	45	76	3137161264	2.42257e-08
genome	46	68	3137161264	2.16756e-08
genome	47	66	3137161264	2.10381e-08
genome	48	59	3137161264	1.88068e-08
genome	49	56	3137161264	1.78505e-08
genome	50	42	3137161264	1.33879e-08
genome	51	55	3137161264	1.75318e-08
genome	52	39	3137161264	1.24316e-08
genome	53	28	3137161264	8.92527e-09
genome	54	44	3137161264	1.40254e-08
genome	55	18	3137161264	5.73767e-09
genome	56	32	3137161264	1.02003e-08
genome	57	18	3137161264	5.73767e-09
genome	58	26	3137161264	8.28775e-09
genome	59	29	3137161264	9.24403e-09
genome	60	24	3137161264	7.65023e-09
genome	61	31	3137161264	9.88155e-09
genome	62	38	3137161264	1.21129e-08
genome	63	30	3137161264	9.56279e-09
genome	64	27	3137161264	8.60651e-09
genome	65	18	3137161264	5.73767e-09
genome	66	13	3137161264	4.14387e-09
genome	67	10	3137161264	3.1876e-09
genome	68	16	3137161264	5.10015e-09
genome	69	9	3137161264	2.86884e-09
genome	70	6	3137161264	1.91256e-09
genome	71	7	3137161264	2.23132e-09
genome	72	3	3137161264	9.56279e-10
genome	73	9	3137161264	2.86884e-09
genome	74	5	3137161264	1.5938e-09
genome	75	8	3137161264	2.55008e-09
genome	76	6	3137161264	1.91256e-09
genome	77	7	3137161264	2.23132e-09
genome	78	8	3137161264	2.55008e-09
genome	79	6	3137161264	1.91256e-09
genome	80	3	3137161264	9.56279e-10
genome	81	7	3137161264	2.23132e-09
genome	82	13	3137161264	4.14387e-09
genome	83	11	3137161264	3.50635e-09
genome	84	10	3137161264	3.1876e-09
genome	85	5	3137161264	1.5938e-09
genome	86	6	3137161264	1.91256e-09
genome	87	13	3137161264	4.14387e-09
genome	88	4	3137161264	1.27504e-09
genome	89	11	3137161264	3.50635e-09
genome	90	7	3137161264	2.23132e-09
genome	91	2	3137161264	6.37519e-10
genome	92	1	3137161264	3.1876e-10
genome	94	5	3137161264	1.5938e-09
genome	98	2	3137161264	6.37519e-10
genome	99	4	3137161264	1.27504e-09
genome	100	1	3137161264	3.1876e-10
genome	103	1	3137161264	3.1876e-10
genome	105	2	3137161264	6.37519e-10
genome	110	2	3137161264	6.37519e-10
genome	111	1	3137161264	3.1876e-10
genome	113	2	3137161264	6.37519e-10
genome	114	1	3137161264	3.1876e-10
genome	115	2	3137161264	6.37519e-10
genome	116	5	3137161264	1.5938e-09
genome	117	3	3137161264	9.56279e-10
genome	118	5	3137161264	1.5938e-09
genome	119	8	3137161264	2.55008e-09
genome	120	6	3137161264	1.91256e-09
genome	121	5	3137161264	1.5938e-09
genome	122	4	3137161264	1.27504e-09
genome	123	1	3137161264	3.1876e-10
genome	124	1	3137161264	3.1876e-10
genome	125	2	3137161264	6.37519e-10
genome	126	4	3137161264	1.27504e-09
genome	127	3	3137161264	9.56279e-10
genome	129	3	3137161264	9.56279e-10
genome	130	4	3137161264	1.27504e-09
genome	131	4	3137161264	1.27504e-09
genome	132	3	3137161264	9.56279e-10
genome	133	1	3137161264	3.1876e-10
genome	134	1	3137161264	3.1876e-10
genome	135	1	3137161264	3.1876e-10
genome	136	4	3137161264	1.27504e-09
genome	137	3	3137161264	9.56279e-10
genome	138	3	3137161264	9.56279e-10
genome	139	2	3137161264	6.37519e-10
genome	140	6	3137161264	1.91256e-09
genome	142	3	3137161264	9.56279e-10
genome	143	4	3137161264	1.27504e-09
genome	144	2	3137161264	6.37519e-10
genome	145	6	3137161264	1.91256e-09
genome	146	3	3137161264	9.56279e-10
genome	147	2	3137161264	6.37519e-10
genome	148	4	3137161264	1.27504e-09
genome	149	5	3137161264	1.5938e-09
genome	150	2	3137161264	6.37519e-10
genome	151	3	3137161264	9.56279e-10
genome	152	4	3137161264	1.27504e-09
genome	153	2	3137161264	6.37519e-10
genome	154	7	3137161264	2.23132e-09
genome	155	8	3137161264	2.55008e-09
genome	156	3	3137161264	9.56279e-10
genome	157	5	3137161264	1.5938e-09
genome	158	1	3137161264	3.1876e-10
genome	159	2	3137161264	6.37519e-10
genome	160	7	3137161264	2.23132e-09
genome	161	3	3137161264	9.56279e-10
genome	162	1	3137161264	3.1876e-10
genome	163	4	3137161264	1.27504e-09
genome	164	3	3137161264	9.56279e-10
genome	165	5	3137161264	1.5938e-09
genome	166	3	3137161264	9.56279e-10
genome	167	2	3137161264	6.37519e-10
genome	168	4	3137161264	1.27504e-09
genome	169	1	3137161264	3.1876e-10
genome	170	2	3137161264	6.37519e-10
genome	171	3	3137161264	9.56279e-10
genome	172	4	3137161264	1.27504e-09
genome	173	6	3137161264	1.91256e-09
genome	174	2	3137161264	6.37519e-10
genome	175	5	3137161264	1.5938e-09
genome	176	5	3137161264	1.5938e-09
genome	177	5	3137161264	1.5938e-09
genome	178	2	3137161264	6.37519e-10
genome	179	6	3137161264	1.91256e-09
genome	180	2	3137161264	6.37519e-10
genome	181	2	3137161264	6.37519e-10
genome	182	3	3137161264	9.56279e-10
genome	183	1	3137161264	3.1876e-10
genome	184	5	3137161264	1.5938e-09
genome	185	6	3137161264	1.91256e-09
genome	186	3	3137161264	9.56279e-10
genome	187	3	3137161264	9.56279e-10
genome	188	5	3137161264	1.5938e-09
genome	189	2	3137161264	6.37519e-10
genome	190	2	3137161264	6.37519e-10
genome	191	3	3137161264	9.56279e-10
genome	192	2	3137161264	6.37519e-10
genome	193	5	3137161264	1.5938e-09
genome	194	5	3137161264	1.5938e-09
genome	195	2	3137161264	6.37519e-10
genome	196	2	3137161264	6.37519e-10
genome	197	5	3137161264	1.5938e-09
genome	198	6	3137161264	1.91256e-09
genome	201	5	3137161264	1.5938e-09
genome	202	1	3137161264	3.1876e-10
genome	204	1	3137161264	3.1876e-10
genome	205	2	3137161264	6.37519e-10
genome	206	1	3137161264	3.1876e-10
genome	209	1	3137161264	3.1876e-10
