chrM	0	18	16571	0.00108624
chrM	2	23	16571	0.00138797
chrM	3	50	16571	0.00301732
chrM	4	115	16571	0.00693983
chrM	5	230	16571	0.0138797
chrM	6	322	16571	0.0194315
chrM	7	610	16571	0.0368113
chrM	8	728	16571	0.0439322
chrM	9	975	16571	0.0588377
chrM	10	1055	16571	0.0636654
chrM	11	1138	16571	0.0686742
chrM	12	1224	16571	0.073864
chrM	13	1322	16571	0.0797779
chrM	14	1314	16571	0.0792952
chrM	15	1322	16571	0.0797779
chrM	16	1195	16571	0.0721139
chrM	17	1108	16571	0.0668638
chrM	18	823	16571	0.0496651
chrM	19	667	16571	0.040251
chrM	20	445	16571	0.0268541
chrM	21	436	16571	0.026311
chrM	22	329	16571	0.019854
chrM	23	281	16571	0.0169573
chrM	24	207	16571	0.0124917
chrM	25	174	16571	0.0105003
chrM	26	131	16571	0.00790538
chrM	27	108	16571	0.00651741
chrM	28	54	16571	0.0032587
chrM	29	51	16571	0.00307767
chrM	30	30	16571	0.00181039
chrM	31	25	16571	0.00150866
chrM	32	31	16571	0.00187074
chrM	33	15	16571	0.000905196
chrM	34	2	16571	0.000120693
chrM	35	6	16571	0.000362078
chrM	36	5	16571	0.000301732
chrM	37	2	16571	0.000120693
chr1	0	245544679	249250621	0.985132
chr1	1	3595971	249250621	0.0144271
chr1	2	104263	249250621	0.000418306
chr1	3	2944	249250621	1.18114e-05
chr1	4	663	249250621	2.65997e-06
chr1	5	422	249250621	1.69307e-06
chr1	6	162	249250621	6.49948e-07
chr1	7	182	249250621	7.30189e-07
chr1	8	78	249250621	3.12938e-07
chr1	9	57	249250621	2.28685e-07
chr1	10	61	249250621	2.44734e-07
chr1	11	5	249250621	2.00601e-08
chr1	12	7	249250621	2.80842e-08
chr1	13	9	249250621	3.61082e-08
chr1	14	9	249250621	3.61082e-08
chr1	15	6	249250621	2.40722e-08
chr1	16	3	249250621	1.20361e-08
chr1	17	3	249250621	1.20361e-08
chr1	18	19	249250621	7.62285e-08
chr1	19	3	249250621	1.20361e-08
chr1	20	7	249250621	2.80842e-08
chr1	22	5	249250621	2.00601e-08
chr1	23	7	249250621	2.80842e-08
chr1	24	4	249250621	1.60481e-08
chr1	25	2	249250621	8.02405e-09
chr1	26	5	249250621	2.00601e-08
chr1	27	1	249250621	4.01203e-09
chr1	28	2	249250621	8.02405e-09
chr1	29	24	249250621	9.62886e-08
chr1	30	22	249250621	8.82646e-08
chr1	31	11	249250621	4.41323e-08
chr1	32	28	249250621	1.12337e-07
chr1	33	21	249250621	8.42525e-08
chr1	34	12	249250621	4.81443e-08
chr1	35	30	249250621	1.20361e-07
chr1	36	24	249250621	9.62886e-08
chr1	37	14	249250621	5.61684e-08
chr1	38	18	249250621	7.22165e-08
chr1	39	22	249250621	8.82646e-08
chr1	40	16	249250621	6.41924e-08
chr1	41	32	249250621	1.28385e-07
chr1	42	37	249250621	1.48445e-07
chr1	43	40	249250621	1.60481e-07
chr1	44	54	249250621	2.16649e-07
chr1	45	27	249250621	1.08325e-07
chr1	46	17	249250621	6.82044e-08
chr1	47	26	249250621	1.04313e-07
chr1	48	10	249250621	4.01203e-08
chr1	49	16	249250621	6.41924e-08
chr1	50	5	249250621	2.00601e-08
chr1	51	3	249250621	1.20361e-08
chr1	52	13	249250621	5.21563e-08
chr1	53	7	249250621	2.80842e-08
chr1	54	17	249250621	6.82044e-08
chr1	55	8	249250621	3.20962e-08
chr1	56	13	249250621	5.21563e-08
chr1	57	14	249250621	5.61684e-08
chr1	58	13	249250621	5.21563e-08
chr1	59	8	249250621	3.20962e-08
chr1	60	10	249250621	4.01203e-08
chr1	61	11	249250621	4.41323e-08
chr1	62	8	249250621	3.20962e-08
chr1	63	5	249250621	2.00601e-08
chr1	64	7	249250621	2.80842e-08
chr1	65	7	249250621	2.80842e-08
chr1	66	9	249250621	3.61082e-08
chr1	67	11	249250621	4.41323e-08
chr1	68	3	249250621	1.20361e-08
chr1	69	7	249250621	2.80842e-08
chr1	70	11	249250621	4.41323e-08
chr1	71	5	249250621	2.00601e-08
chr1	72	4	249250621	1.60481e-08
chr1	73	4	249250621	1.60481e-08
chr1	74	5	249250621	2.00601e-08
chr1	75	3	249250621	1.20361e-08
chr1	76	2	249250621	8.02405e-09
chr1	77	8	249250621	3.20962e-08
chr1	78	3	249250621	1.20361e-08
chr1	79	3	249250621	1.20361e-08
chr1	81	2	249250621	8.02405e-09
chr1	82	5	249250621	2.00601e-08
chr1	83	1	249250621	4.01203e-09
chr1	85	2	249250621	8.02405e-09
chr1	86	2	249250621	8.02405e-09
chr1	87	1	249250621	4.01203e-09
chr1	88	1	249250621	4.01203e-09
chr1	89	1	249250621	4.01203e-09
chr1	90	2	249250621	8.02405e-09
chr1	92	1	249250621	4.01203e-09
chr1	93	1	249250621	4.01203e-09
chr1	94	4	249250621	1.60481e-08
chr1	95	2	249250621	8.02405e-09
chr1	98	2	249250621	8.02405e-09
chr1	100	2	249250621	8.02405e-09
chr1	101	2	249250621	8.02405e-09
chr1	102	2	249250621	8.02405e-09
chr1	104	1	249250621	4.01203e-09
chr1	105	2	249250621	8.02405e-09
chr1	106	2	249250621	8.02405e-09
chr1	107	2	249250621	8.02405e-09
chr1	108	5	249250621	2.00601e-08
chr1	109	4	249250621	1.60481e-08
chr1	110	1	249250621	4.01203e-09
chr1	111	1	249250621	4.01203e-09
chr1	112	3	249250621	1.20361e-08
chr1	113	5	249250621	2.00601e-08
chr1	114	3	249250621	1.20361e-08
chr1	115	2	249250621	8.02405e-09
chr1	117	3	249250621	1.20361e-08
chr1	118	5	249250621	2.00601e-08
chr1	120	1	249250621	4.01203e-09
chr1	121	3	249250621	1.20361e-08
chr1	123	6	249250621	2.40722e-08
chr1	124	1	249250621	4.01203e-09
chr1	125	5	249250621	2.00601e-08
chr1	126	1	249250621	4.01203e-09
chr1	127	7	249250621	2.80842e-08
chr1	128	4	249250621	1.60481e-08
chr1	129	5	249250621	2.00601e-08
chr1	130	4	249250621	1.60481e-08
chr1	131	2	249250621	8.02405e-09
chr1	132	3	249250621	1.20361e-08
chr1	133	4	249250621	1.60481e-08
chr1	134	3	249250621	1.20361e-08
chr1	135	2	249250621	8.02405e-09
chr1	136	5	249250621	2.00601e-08
chr1	137	4	249250621	1.60481e-08
chr1	138	3	249250621	1.20361e-08
chr1	139	8	249250621	3.20962e-08
chr1	140	6	249250621	2.40722e-08
chr1	141	6	249250621	2.40722e-08
chr1	142	3	249250621	1.20361e-08
chr1	143	1	249250621	4.01203e-09
chr1	144	4	249250621	1.60481e-08
chr1	145	2	249250621	8.02405e-09
chr1	146	2	249250621	8.02405e-09
chr1	147	2	249250621	8.02405e-09
chr1	148	3	249250621	1.20361e-08
chr1	149	7	249250621	2.80842e-08
chr1	150	3	249250621	1.20361e-08
chr1	151	4	249250621	1.60481e-08
chr1	152	6	249250621	2.40722e-08
chr1	153	1	249250621	4.01203e-09
chr1	154	7	249250621	2.80842e-08
chr1	155	2	249250621	8.02405e-09
chr1	156	8	249250621	3.20962e-08
chr1	157	7	249250621	2.80842e-08
chr1	158	4	249250621	1.60481e-08
chr1	159	4	249250621	1.60481e-08
chr1	160	5	249250621	2.00601e-08
chr1	161	6	249250621	2.40722e-08
chr1	162	2	249250621	8.02405e-09
chr1	163	1	249250621	4.01203e-09
chr1	164	3	249250621	1.20361e-08
chr1	165	3	249250621	1.20361e-08
chr1	166	2	249250621	8.02405e-09
chr1	167	2	249250621	8.02405e-09
chr1	168	2	249250621	8.02405e-09
chr1	169	2	249250621	8.02405e-09
chr1	170	3	249250621	1.20361e-08
chr1	171	1	249250621	4.01203e-09
chr1	173	1	249250621	4.01203e-09
chr1	174	3	249250621	1.20361e-08
chr1	175	4	249250621	1.60481e-08
chr1	176	3	249250621	1.20361e-08
chr1	177	5	249250621	2.00601e-08
chr1	181	2	249250621	8.02405e-09
chr1	184	2	249250621	8.02405e-09
chr1	185	2	249250621	8.02405e-09
chr1	186	1	249250621	4.01203e-09
chr1	187	2	249250621	8.02405e-09
chr1	188	2	249250621	8.02405e-09
chr1	189	2	249250621	8.02405e-09
chr1	190	2	249250621	8.02405e-09
chr1	191	3	249250621	1.20361e-08
chr1	192	2	249250621	8.02405e-09
chr1	193	4	249250621	1.60481e-08
chr1	194	1	249250621	4.01203e-09
chr1	195	2	249250621	8.02405e-09
chr1	197	1	249250621	4.01203e-09
chr1	199	1	249250621	4.01203e-09
chr1	203	2	249250621	8.02405e-09
chr1	205	2	249250621	8.02405e-09
chr1	207	1	249250621	4.01203e-09
chr1	208	1	249250621	4.01203e-09
chr1	209	2	249250621	8.02405e-09
chr1	214	1	249250621	4.01203e-09
chr1	215	2	249250621	8.02405e-09
chr1	217	1	249250621	4.01203e-09
chr2	0	240114077	243199373	0.987314
chr2	1	2995586	243199373	0.0123174
chr2	2	83110	243199373	0.000341736
chr2	3	3506	243199373	1.44162e-05
chr2	4	1185	243199373	4.87255e-06
chr2	5	610	243199373	2.50823e-06
chr2	6	460	243199373	1.89145e-06
chr2	7	236	243199373	9.70397e-07
chr2	8	179	243199373	7.36022e-07
chr2	9	160	243199373	6.57896e-07
chr2	10	105	243199373	4.31745e-07
chr2	11	64	243199373	2.63159e-07
chr2	12	20	243199373	8.22371e-08
chr2	13	14	243199373	5.75659e-08
chr2	14	25	243199373	1.02796e-07
chr2	15	19	243199373	7.81252e-08
chr2	16	6	243199373	2.46711e-08
chr2	17	3	243199373	1.23356e-08
chr2	18	8	243199373	3.28948e-08
chr3	0	195488949	198022430	0.987206
chr3	1	2466650	198022430	0.0124564
chr3	2	65760	198022430	0.000332084
chr3	3	791	198022430	3.9945e-06
chr3	4	143	198022430	7.2214e-07
chr3	5	5	198022430	2.52497e-08
chr3	6	11	198022430	5.55493e-08
chr3	7	3	198022430	1.51498e-08
chr3	8	12	198022430	6.05992e-08
chr3	9	12	198022430	6.05992e-08
chr3	10	11	198022430	5.55493e-08
chr3	11	10	198022430	5.04993e-08
chr3	12	3	198022430	1.51498e-08
chr3	13	7	198022430	3.53495e-08
chr3	14	7	198022430	3.53495e-08
chr3	15	5	198022430	2.52497e-08
chr3	16	1	198022430	5.04993e-09
chr3	17	1	198022430	5.04993e-09
chr3	18	7	198022430	3.53495e-08
chr3	19	8	198022430	4.03995e-08
chr3	20	8	198022430	4.03995e-08
chr3	21	11	198022430	5.55493e-08
chr3	22	4	198022430	2.01997e-08
chr3	23	5	198022430	2.52497e-08
chr3	24	6	198022430	3.02996e-08
chr4	0	189363361	191154276	0.990631
chr4	1	1744912	191154276	0.00912829
chr4	2	44603	191154276	0.000233335
chr4	3	997	191154276	5.21568e-06
chr4	4	111	191154276	5.80683e-07
chr4	5	91	191154276	4.76055e-07
chr4	6	56	191154276	2.92957e-07
chr4	7	61	191154276	3.19114e-07
chr4	8	15	191154276	7.84706e-08
chr4	9	15	191154276	7.84706e-08
chr4	10	12	191154276	6.27765e-08
chr4	11	6	191154276	3.13883e-08
chr4	12	30	191154276	1.56941e-07
chr4	13	6	191154276	3.13883e-08
chr5	0	179160782	180915260	0.990302
chr5	1	1710190	180915260	0.00945299
chr5	2	43013	180915260	0.000237752
chr5	3	1027	180915260	5.67669e-06
chr5	4	173	180915260	9.56249e-07
chr5	5	47	180915260	2.5979e-07
chr5	6	20	180915260	1.10549e-07
chr5	7	8	180915260	4.42196e-08
chr6	0	167266232	171115067	0.977507
chr6	1	3712995	171115067	0.0216988
chr6	2	128652	171115067	0.000751845
chr6	3	3979	171115067	2.32534e-05
chr6	4	314	171115067	1.83502e-06
chr6	5	189	171115067	1.10452e-06
chr6	6	252	171115067	1.47269e-06
chr6	7	303	171115067	1.77074e-06
chr6	8	355	171115067	2.07463e-06
chr6	9	396	171115067	2.31423e-06
chr6	10	272	171115067	1.58957e-06
chr6	11	262	171115067	1.53113e-06
chr6	12	245	171115067	1.43178e-06
chr6	13	153	171115067	8.94135e-07
chr6	14	123	171115067	7.18815e-07
chr6	15	106	171115067	6.19466e-07
chr6	16	67	171115067	3.91549e-07
chr6	17	79	171115067	4.61678e-07
chr6	18	41	171115067	2.39605e-07
chr6	19	23	171115067	1.34412e-07
chr6	20	16	171115067	9.35043e-08
chr6	21	13	171115067	7.59723e-08
chr7	0	157334235	159138663	0.988661
chr7	1	1756681	159138663	0.0110387
chr7	2	45043	159138663	0.000283042
chr7	3	1005	159138663	6.31525e-06
chr7	4	114	159138663	7.16356e-07
chr7	5	106	159138663	6.66086e-07
chr7	6	38	159138663	2.38785e-07
chr7	7	48	159138663	3.01624e-07
chr7	8	37	159138663	2.32502e-07
chr7	9	67	159138663	4.21016e-07
chr7	10	55	159138663	3.45611e-07
chr7	11	19	159138663	1.19393e-07
chr7	12	23	159138663	1.44528e-07
chr7	13	43	159138663	2.70205e-07
chr7	14	18	159138663	1.13109e-07
chr7	15	31	159138663	1.94799e-07
chr7	16	26	159138663	1.6338e-07
chr7	17	27	159138663	1.69663e-07
chr7	18	38	159138663	2.38785e-07
chr7	19	30	159138663	1.88515e-07
chr7	20	37	159138663	2.32502e-07
chr7	21	35	159138663	2.19934e-07
chr7	22	52	159138663	3.26759e-07
chr7	23	60	159138663	3.7703e-07
chr7	24	42	159138663	2.63921e-07
chr7	25	22	159138663	1.38244e-07
chr7	26	32	159138663	2.01083e-07
chr7	27	25	159138663	1.57096e-07
chr7	28	42	159138663	2.63921e-07
chr7	29	42	159138663	2.63921e-07
chr7	30	30	159138663	1.88515e-07
chr7	31	32	159138663	2.01083e-07
chr7	32	26	159138663	1.6338e-07
chr7	33	23	159138663	1.44528e-07
chr7	34	23	159138663	1.44528e-07
chr7	35	33	159138663	2.07366e-07
chr7	36	36	159138663	2.26218e-07
chr7	37	39	159138663	2.45069e-07
chr7	38	26	159138663	1.6338e-07
chr7	39	39	159138663	2.45069e-07
chr7	40	36	159138663	2.26218e-07
chr7	41	23	159138663	1.44528e-07
chr7	42	33	159138663	2.07366e-07
chr7	43	36	159138663	2.26218e-07
chr7	44	20	159138663	1.25677e-07
chr7	45	24	159138663	1.50812e-07
chr7	46	19	159138663	1.19393e-07
chr7	47	16	159138663	1.00541e-07
chr7	48	23	159138663	1.44528e-07
chr7	49	16	159138663	1.00541e-07
chr7	50	13	159138663	8.16898e-08
chr7	51	10	159138663	6.28383e-08
chr7	52	5	159138663	3.14191e-08
chr7	54	4	159138663	2.51353e-08
chr7	55	4	159138663	2.51353e-08
chr7	56	1	159138663	6.28383e-09
chr8	0	144248166	146364022	0.985544
chr8	1	2041066	146364022	0.0139451
chr8	2	70462	146364022	0.000481416
chr8	3	3397	146364022	2.32093e-05
chr8	4	693	146364022	4.73477e-06
chr8	5	142	146364022	9.70184e-07
chr8	6	54	146364022	3.68943e-07
chr8	7	24	146364022	1.63975e-07
chr8	8	17	146364022	1.16149e-07
chr8	9	1	146364022	6.83228e-09
chr9	0	139611333	141213431	0.988655
chr9	1	1555509	141213431	0.0110153
chr9	2	45408	141213431	0.000321556
chr9	3	934	141213431	6.6141e-06
chr9	4	114	141213431	8.07289e-07
chr9	5	56	141213431	3.96563e-07
chr9	6	32	141213431	2.26607e-07
chr9	7	17	141213431	1.20385e-07
chr9	8	26	141213431	1.84118e-07
chr9	9	2	141213431	1.4163e-08
chr10	0	133857196	135534747	0.987623
chr10	1	1617284	135534747	0.0119326
chr10	2	47981	135534747	0.000354013
chr10	3	2882	135534747	2.12639e-05
chr10	4	1321	135534747	9.74658e-06
chr10	5	1160	135534747	8.55869e-06
chr10	6	897	135534747	6.61823e-06
chr10	7	784	135534747	5.78449e-06
chr10	8	509	135534747	3.75549e-06
chr10	9	472	135534747	3.4825e-06
chr10	10	316	135534747	2.33151e-06
chr10	11	296	135534747	2.18394e-06
chr10	12	282	135534747	2.08065e-06
chr10	13	315	135534747	2.32413e-06
chr10	14	317	135534747	2.33888e-06
chr10	15	260	135534747	1.91833e-06
chr10	16	187	135534747	1.37972e-06
chr10	17	143	135534747	1.05508e-06
chr10	18	127	135534747	9.37029e-07
chr10	19	196	135534747	1.44612e-06
chr10	20	138	135534747	1.01819e-06
chr10	21	156	135534747	1.151e-06
chr10	22	98	135534747	7.23062e-07
chr10	23	112	135534747	8.26356e-07
chr10	24	110	135534747	8.116e-07
chr10	25	105	135534747	7.74709e-07
chr10	26	93	135534747	6.86171e-07
chr10	27	85	135534747	6.27145e-07
chr10	28	100	135534747	7.37818e-07
chr10	29	64	135534747	4.72204e-07
chr10	30	64	135534747	4.72204e-07
chr10	31	64	135534747	4.72204e-07
chr10	32	26	135534747	1.91833e-07
chr10	33	44	135534747	3.2464e-07
chr10	34	20	135534747	1.47564e-07
chr10	35	35	135534747	2.58236e-07
chr10	36	52	135534747	3.83665e-07
chr10	37	27	135534747	1.99211e-07
chr10	38	22	135534747	1.6232e-07
chr10	39	29	135534747	2.13967e-07
chr10	40	26	135534747	1.91833e-07
chr10	41	18	135534747	1.32807e-07
chr10	42	21	135534747	1.54942e-07
chr10	43	16	135534747	1.18051e-07
chr10	44	14	135534747	1.03295e-07
chr10	45	9	135534747	6.64036e-08
chr10	46	15	135534747	1.10673e-07
chr10	47	10	135534747	7.37818e-08
chr10	48	9	135534747	6.64036e-08
chr10	49	7	135534747	5.16473e-08
chr10	50	5	135534747	3.68909e-08
chr10	51	13	135534747	9.59164e-08
chr10	52	6	135534747	4.42691e-08
chr10	53	9	135534747	6.64036e-08
chr10	54	9	135534747	6.64036e-08
chr10	55	9	135534747	6.64036e-08
chr10	56	13	135534747	9.59164e-08
chr10	57	19	135534747	1.40185e-07
chr10	58	17	135534747	1.25429e-07
chr10	59	17	135534747	1.25429e-07
chr10	60	9	135534747	6.64036e-08
chr10	61	11	135534747	8.116e-08
chr10	62	8	135534747	5.90255e-08
chr10	63	15	135534747	1.10673e-07
chr10	64	11	135534747	8.116e-08
chr10	65	12	135534747	8.85382e-08
chr10	66	15	135534747	1.10673e-07
chr10	67	8	135534747	5.90255e-08
chr10	68	9	135534747	6.64036e-08
chr10	69	4	135534747	2.95127e-08
chr10	70	5	135534747	3.68909e-08
chr10	71	5	135534747	3.68909e-08
chr10	72	1	135534747	7.37818e-09
chr10	73	1	135534747	7.37818e-09
chr10	74	2	135534747	1.47564e-08
chr11	0	133393493	135006516	0.988052
chr11	1	1566961	135006516	0.0116066
chr11	2	43423	135006516	0.000321636
chr11	3	1395	135006516	1.03328e-05
chr11	4	234	135006516	1.73325e-06
chr11	5	222	135006516	1.64437e-06
chr11	6	212	135006516	1.57029e-06
chr11	7	111	135006516	8.22183e-07
chr11	8	107	135006516	7.92554e-07
chr11	9	98	135006516	7.25891e-07
chr11	10	95	135006516	7.0367e-07
chr11	11	80	135006516	5.92564e-07
chr11	12	31	135006516	2.29619e-07
chr11	13	11	135006516	8.14776e-08
chr11	14	19	135006516	1.40734e-07
chr11	15	20	135006516	1.48141e-07
chr11	16	4	135006516	2.96282e-08
chr12	0	132278690	133851895	0.988247
chr12	1	1529629	133851895	0.0114278
chr12	2	42704	133851895	0.000319039
chr12	3	786	133851895	5.87216e-06
chr12	4	43	133851895	3.21251e-07
chr12	5	30	133851895	2.24128e-07
chr12	6	8	133851895	5.97676e-08
chr12	7	5	133851895	3.73547e-08
chr13	0	114209791	115169878	0.991664
chr13	1	937636	115169878	0.00814133
chr13	2	22125	115169878	0.000192108
chr13	3	246	115169878	2.13598e-06
chr13	4	45	115169878	3.90727e-07
chr13	5	14	115169878	1.2156e-07
chr13	6	21	115169878	1.82339e-07
chr14	0	106477145	107349540	0.991873
chr14	1	848191	107349540	0.00790121
chr14	2	23515	107349540	0.000219051
chr14	3	677	107349540	6.3065e-06
chr14	4	12	107349540	1.11784e-07
chr15	0	101287268	102531392	0.987866
chr15	1	1208075	102531392	0.0117825
chr15	2	35422	102531392	0.000345475
chr15	3	627	102531392	6.1152e-06
chr16	0	88920173	90354753	0.984123
chr16	1	1362137	90354753	0.0150754
chr16	2	55753	90354753	0.000617046
chr16	3	5649	90354753	6.25202e-05
chr16	4	2879	90354753	3.18633e-05
chr16	5	2337	90354753	2.58647e-05
chr16	6	1564	90354753	1.73095e-05
chr16	7	1257	90354753	1.39118e-05
chr16	8	968	90354753	1.07133e-05
chr16	9	572	90354753	6.3306e-06
chr16	10	323	90354753	3.5748e-06
chr16	11	284	90354753	3.14317e-06
chr16	12	255	90354753	2.82221e-06
chr16	13	234	90354753	2.58979e-06
chr16	14	105	90354753	1.16209e-06
chr16	15	70	90354753	7.74724e-07
chr16	16	47	90354753	5.20172e-07
chr16	17	41	90354753	4.53767e-07
chr16	18	31	90354753	3.43092e-07
chr16	19	28	90354753	3.0989e-07
chr16	20	15	90354753	1.66012e-07
chr16	21	16	90354753	1.7708e-07
chr16	22	12	90354753	1.3281e-07
chr16	23	3	90354753	3.32025e-08
chr17	0	80032554	81195210	0.985681
chr17	1	1122136	81195210	0.0138202
chr17	2	38617	81195210	0.000475607
chr17	3	1294	81195210	1.59369e-05
chr17	4	312	81195210	3.84259e-06
chr17	5	121	81195210	1.49024e-06
chr17	6	60	81195210	7.3896e-07
chr17	7	7	81195210	8.6212e-08
chr17	8	20	81195210	2.4632e-07
chr17	9	6	81195210	7.3896e-08
chr17	10	46	81195210	5.66536e-07
chr17	11	32	81195210	3.94112e-07
chr17	12	5	81195210	6.158e-08
chr18	0	76843809	78077248	0.984202
chr18	1	1195973	78077248	0.0153178
chr18	2	34577	78077248	0.000442856
chr18	3	1329	78077248	1.70216e-05
chr18	4	333	78077248	4.26501e-06
chr18	5	282	78077248	3.61181e-06
chr18	6	195	78077248	2.49753e-06
chr18	7	170	78077248	2.17733e-06
chr18	8	141	78077248	1.8059e-06
chr18	9	77	78077248	9.86203e-07
chr18	10	88	78077248	1.12709e-06
chr18	11	58	78077248	7.42854e-07
chr18	12	42	78077248	5.37929e-07
chr18	13	16	78077248	2.04925e-07
chr18	14	19	78077248	2.43349e-07
chr18	15	47	78077248	6.01968e-07
chr18	16	35	78077248	4.48274e-07
chr18	17	10	78077248	1.28078e-07
chr18	18	24	78077248	3.07388e-07
chr18	19	12	78077248	1.53694e-07
chr18	20	9	78077248	1.1527e-07
chr18	21	2	78077248	2.56157e-08
chr19	0	58168399	59128983	0.983754
chr19	1	925730	59128983	0.0156561
chr19	2	31822	59128983	0.000538179
chr19	3	1153	59128983	1.94997e-05
chr19	4	240	59128983	4.05892e-06
chr19	5	210	59128983	3.55156e-06
chr19	6	94	59128983	1.58974e-06
chr19	7	132	59128983	2.23241e-06
chr19	8	115	59128983	1.9449e-06
chr19	9	87	59128983	1.47136e-06
chr19	10	64	59128983	1.08238e-06
chr19	11	71	59128983	1.20076e-06
chr19	12	78	59128983	1.31915e-06
chr19	13	56	59128983	9.47082e-07
chr19	14	40	59128983	6.76487e-07
chr19	15	41	59128983	6.93399e-07
chr19	16	53	59128983	8.96346e-07
chr19	17	44	59128983	7.44136e-07
chr19	18	45	59128983	7.61048e-07
chr19	19	33	59128983	5.58102e-07
chr19	20	35	59128983	5.91926e-07
chr19	21	14	59128983	2.36771e-07
chr19	22	23	59128983	3.8898e-07
chr19	23	41	59128983	6.93399e-07
chr19	24	28	59128983	4.73541e-07
chr19	25	26	59128983	4.39717e-07
chr19	26	26	59128983	4.39717e-07
chr19	27	19	59128983	3.21331e-07
chr19	28	21	59128983	3.55156e-07
chr19	29	24	59128983	4.05892e-07
chr19	30	11	59128983	1.86034e-07
chr19	31	14	59128983	2.36771e-07
chr19	32	11	59128983	1.86034e-07
chr19	33	13	59128983	2.19858e-07
chr19	34	17	59128983	2.87507e-07
chr19	35	6	59128983	1.01473e-07
chr19	36	3	59128983	5.07365e-08
chr19	37	1	59128983	1.69122e-08
chr19	38	1	59128983	1.69122e-08
chr19	39	2	59128983	3.38244e-08
chr19	40	4	59128983	6.76487e-08
chr19	41	8	59128983	1.35297e-07
chr19	42	5	59128983	8.45609e-08
chr19	43	4	59128983	6.76487e-08
chr19	44	5	59128983	8.45609e-08
chr19	45	10	59128983	1.69122e-07
chr19	47	10	59128983	1.69122e-07
chr19	48	5	59128983	8.45609e-08
chr19	49	3	59128983	5.07365e-08
chr19	50	8	59128983	1.35297e-07
chr19	51	7	59128983	1.18385e-07
chr19	52	5	59128983	8.45609e-08
chr19	53	12	59128983	2.02946e-07
chr19	54	10	59128983	1.69122e-07
chr19	55	2	59128983	3.38244e-08
chr19	56	9	59128983	1.5221e-07
chr19	57	3	59128983	5.07365e-08
chr19	58	3	59128983	5.07365e-08
chr19	59	4	59128983	6.76487e-08
chr19	60	3	59128983	5.07365e-08
chr19	62	1	59128983	1.69122e-08
chr19	63	2	59128983	3.38244e-08
chr19	65	1	59128983	1.69122e-08
chr19	68	3	59128983	5.07365e-08
chr19	69	4	59128983	6.76487e-08
chr19	70	2	59128983	3.38244e-08
chr19	71	3	59128983	5.07365e-08
chr19	72	2	59128983	3.38244e-08
chr19	73	2	59128983	3.38244e-08
chr20	0	62366598	63025520	0.989545
chr20	1	640138	63025520	0.0101568
chr20	2	18475	63025520	0.000293135
chr20	3	274	63025520	4.34745e-06
chr20	4	35	63025520	5.55331e-07
chr21	0	47661197	48129895	0.990262
chr21	1	455811	48129895	0.00947043
chr21	2	12433	48129895	0.000258322
chr21	3	359	48129895	7.45898e-06
chr21	4	38	48129895	7.8953e-07
chr21	5	19	48129895	3.94765e-07
chr21	6	17	48129895	3.53211e-07
chr21	7	21	48129895	4.36319e-07
chr22	0	50731188	51304566	0.988824
chr22	1	553990	51304566	0.0107981
chr22	2	19054	51304566	0.00037139
chr22	3	334	51304566	6.51014e-06
chrX	0	154217799	155270560	0.99322
chrX	1	1023818	155270560	0.00659377
chrX	2	26649	155270560	0.000171629
chrX	3	1761	155270560	1.13415e-05
chrX	4	350	155270560	2.25413e-06
chrX	5	149	155270560	9.59615e-07
chrX	6	32	155270560	2.06092e-07
chrX	7	2	155270560	1.28807e-08
chrY	0	59340821	59373566	0.999448
chrY	1	30303	59373566	0.000510379
chrY	2	1785	59373566	3.00639e-05
chrY	3	260	59373566	4.37905e-06
chrY	4	198	59373566	3.33482e-06
chrY	5	50	59373566	8.42126e-07
chrY	6	54	59373566	9.09496e-07
chrY	7	16	59373566	2.6948e-07
chrY	8	50	59373566	8.42126e-07
chrY	9	21	59373566	3.53693e-07
chrY	10	8	59373566	1.3474e-07
chr1_gl000191_random	0	105383	106433	0.990135
chr1_gl000191_random	1	1050	106433	0.00986536
chr1_gl000192_random	0	539243	547496	0.984926
chr1_gl000192_random	1	8056	547496	0.0147143
chr1_gl000192_random	2	197	547496	0.00035982
chr4_ctg9_hap1	0	588576	590426	0.996867
chr4_ctg9_hap1	1	1850	590426	0.00313333
chr4_gl000193_random	0	181187	189789	0.954676
chr4_gl000193_random	1	7724	189789	0.0406978
chr4_gl000193_random	2	809	189789	0.00426263
chr4_gl000193_random	3	68	189789	0.000358293
chr4_gl000193_random	4	1	189789	5.26901e-06
chr4_gl000194_random	0	187269	191469	0.978064
chr4_gl000194_random	1	4150	191469	0.0216745
chr4_gl000194_random	2	50	191469	0.000261139
chr6_apd_hap1	0	4614642	4622290	0.998345
chr6_apd_hap1	1	7346	4622290	0.00158926
chr6_apd_hap1	2	302	4622290	6.53356e-05
chr6_cox_hap2	0	4777613	4795371	0.996297
chr6_cox_hap2	1	17266	4795371	0.00360056
chr6_cox_hap2	2	492	4795371	0.000102599
chr6_dbb_hap3	0	4594203	4610396	0.996488
chr6_dbb_hap3	1	15936	4610396	0.00345654
chr6_dbb_hap3	2	257	4610396	5.57436e-05
chr6_mann_hap4	0	4669466	4683263	0.997054
chr6_mann_hap4	1	13294	4683263	0.00283862
chr6_mann_hap4	2	503	4683263	0.000107404
chr6_mcf_hap5	0	4819497	4833398	0.997124
chr6_mcf_hap5	1	13402	4833398	0.00277279
chr6_mcf_hap5	2	499	4833398	0.00010324
chr6_qbl_hap6	0	4596665	4611984	0.996678
chr6_qbl_hap6	1	14838	4611984	0.00321727
chr6_qbl_hap6	2	481	4611984	0.000104294
chr6_ssto_hap7	0	4912003	4928567	0.996639
chr6_ssto_hap7	1	16128	4928567	0.00327235
chr6_ssto_hap7	2	436	4928567	8.84639e-05
chr7_gl000195_random	0	174960	182896	0.956609
chr7_gl000195_random	1	7587	182896	0.0414826
chr7_gl000195_random	2	334	182896	0.00182617
chr7_gl000195_random	3	15	182896	8.20138e-05
chr8_gl000196_random	0	38714	38914	0.99486
chr8_gl000196_random	1	200	38914	0.00513954
chr8_gl000197_random	0	36962	37175	0.99427
chr8_gl000197_random	1	176	37175	0.00473436
chr8_gl000197_random	2	37	37175	0.000995293
chr9_gl000198_random	0	87780	90085	0.974413
chr9_gl000198_random	1	2110	90085	0.0234223
chr9_gl000198_random	2	195	90085	0.00216462
chr9_gl000199_random	0	146754	169874	0.863899
chr9_gl000199_random	1	16700	169874	0.0983082
chr9_gl000199_random	2	3987	169874	0.0234703
chr9_gl000199_random	3	1262	169874	0.00742904
chr9_gl000199_random	4	627	169874	0.00369097
chr9_gl000199_random	5	347	169874	0.00204269
chr9_gl000199_random	6	148	169874	0.000871234
chr9_gl000199_random	7	36	169874	0.000211922
chr9_gl000199_random	8	10	169874	5.88672e-05
chr9_gl000199_random	9	3	169874	1.76601e-05
chr9_gl000200_random	0	185727	187035	0.993007
chr9_gl000200_random	1	1266	187035	0.00676879
chr9_gl000200_random	2	42	187035	0.000224557
chr9_gl000201_random	0	35598	36148	0.984785
chr9_gl000201_random	1	550	36148	0.0152152
chr11_gl000202_random	0	39703	40103	0.990026
chr11_gl000202_random	1	400	40103	0.00997432
chr17_ctg5_hap1	0	1672272	1680828	0.99491
chr17_ctg5_hap1	1	8215	1680828	0.00488747
chr17_ctg5_hap1	2	338	1680828	0.000201091
chr17_ctg5_hap1	3	3	1680828	1.78483e-06
chr17_gl000203_random	0	37198	37498	0.992
chr17_gl000203_random	1	300	37498	0.00800043
chr17_gl000204_random	0	80040	81310	0.984381
chr17_gl000204_random	1	1190	81310	0.0146353
chr17_gl000204_random	2	80	81310	0.000983889
chr17_gl000205_random	0	167287	174588	0.958182
chr17_gl000205_random	1	7021	174588	0.0402147
chr17_gl000205_random	2	261	174588	0.00149495
chr17_gl000205_random	3	19	174588	0.000108828
chr17_gl000206_random	0	40704	41001	0.992756
chr17_gl000206_random	1	294	41001	0.00717056
chr17_gl000206_random	2	3	41001	7.3169e-05
chr18_gl000207_random	0	4212	4262	0.988268
chr18_gl000207_random	1	50	4262	0.0117316
chr19_gl000208_random	0	89181	92689	0.962153
chr19_gl000208_random	1	3017	92689	0.0325497
chr19_gl000208_random	2	440	92689	0.00474706
chr19_gl000208_random	3	51	92689	0.000550227
chr19_gl000209_random	0	158182	159169	0.993799
chr19_gl000209_random	1	974	159169	0.00611928
chr19_gl000209_random	2	13	159169	8.16742e-05
chr21_gl000210_random	0	27582	27682	0.996388
chr21_gl000210_random	1	100	27682	0.00361246
chrUn_gl000211	0	164084	166566	0.985099
chrUn_gl000211	1	2364	166566	0.0141926
chrUn_gl000211	2	118	166566	0.000708428
chrUn_gl000212	0	182826	186858	0.978422
chrUn_gl000212	1	3719	186858	0.0199028
chrUn_gl000212	2	210	186858	0.00112385
chrUn_gl000212	3	65	186858	0.000347858
chrUn_gl000212	4	24	186858	0.00012844
chrUn_gl000212	5	14	186858	7.49232e-05
chrUn_gl000213	0	162989	164239	0.992389
chrUn_gl000213	1	1250	164239	0.00761086
chrUn_gl000214	0	122637	137718	0.890494
chrUn_gl000214	1	11117	137718	0.0807229
chrUn_gl000214	2	2521	137718	0.0183055
chrUn_gl000214	3	823	137718	0.00597598
chrUn_gl000214	4	346	137718	0.00251238
chrUn_gl000214	5	172	137718	0.00124893
chrUn_gl000214	6	86	137718	0.000624464
chrUn_gl000214	7	16	137718	0.000116179
chrUn_gl000215	0	171047	172545	0.991318
chrUn_gl000215	1	1496	172545	0.0086702
chrUn_gl000215	2	2	172545	1.15912e-05
chrUn_gl000216	0	162850	172294	0.945187
chrUn_gl000216	1	7184	172294	0.0416962
chrUn_gl000216	2	1282	172294	0.00744077
chrUn_gl000216	3	434	172294	0.00251895
chrUn_gl000216	4	200	172294	0.00116081
chrUn_gl000216	5	164	172294	0.000951861
chrUn_gl000216	6	49	172294	0.000284398
chrUn_gl000216	7	26	172294	0.000150905
chrUn_gl000216	8	6	172294	3.48242e-05
chrUn_gl000216	9	1	172294	5.80403e-06
chrUn_gl000216	10	7	172294	4.06282e-05
chrUn_gl000216	12	10	172294	5.80403e-05
chrUn_gl000216	13	3	172294	1.74121e-05
chrUn_gl000216	14	14	172294	8.12565e-05
chrUn_gl000216	15	3	172294	1.74121e-05
chrUn_gl000216	16	7	172294	4.06282e-05
chrUn_gl000216	17	4	172294	2.32161e-05
chrUn_gl000216	19	7	172294	4.06282e-05
chrUn_gl000216	20	8	172294	4.64323e-05
chrUn_gl000216	21	4	172294	2.32161e-05
chrUn_gl000216	22	7	172294	4.06282e-05
chrUn_gl000216	23	1	172294	5.80403e-06
chrUn_gl000216	24	7	172294	4.06282e-05
chrUn_gl000216	26	9	172294	5.22363e-05
chrUn_gl000216	27	5	172294	2.90202e-05
chrUn_gl000216	28	2	172294	1.16081e-05
chrUn_gl000217	0	169313	172149	0.983526
chrUn_gl000217	1	2747	172149	0.0159571
chrUn_gl000217	2	64	172149	0.000371771
chrUn_gl000217	3	25	172149	0.000145223
chrUn_gl000218	0	155408	161147	0.964387
chrUn_gl000218	1	5578	161147	0.0346144
chrUn_gl000218	2	161	161147	0.000999088
chrUn_gl000219	0	174512	179198	0.97385
chrUn_gl000219	1	4622	179198	0.0257927
chrUn_gl000219	2	64	179198	0.000357147
chrUn_gl000220	0	131944	161802	0.815466
chrUn_gl000220	1	17845	161802	0.110289
chrUn_gl000220	2	6942	161802	0.0429043
chrUn_gl000220	3	3214	161802	0.0198638
chrUn_gl000220	4	1247	161802	0.00770695
chrUn_gl000220	5	444	161802	0.00274409
chrUn_gl000220	6	141	161802	0.000871435
chrUn_gl000220	7	25	161802	0.00015451
chrUn_gl000221	0	151633	155397	0.975778
chrUn_gl000221	1	3578	155397	0.0230249
chrUn_gl000221	2	186	155397	0.00119693
chrUn_gl000222	0	185156	186861	0.990876
chrUn_gl000222	1	1660	186861	0.00888361
chrUn_gl000222	2	45	186861	0.000240821
chrUn_gl000223	0	178520	180455	0.989277
chrUn_gl000223	1	1920	180455	0.0106398
chrUn_gl000223	2	15	180455	8.31232e-05
chrUn_gl000224	0	167893	179693	0.934332
chrUn_gl000224	1	8709	179693	0.048466
chrUn_gl000224	2	2292	179693	0.0127551
chrUn_gl000224	3	620	179693	0.00345033
chrUn_gl000224	4	148	179693	0.000823627
chrUn_gl000224	5	31	179693	0.000172516
chrUn_gl000225	0	192959	211173	0.913748
chrUn_gl000225	1	13154	211173	0.0622902
chrUn_gl000225	2	3188	211173	0.0150966
chrUn_gl000225	3	813	211173	0.00384992
chrUn_gl000225	4	331	211173	0.00156744
chrUn_gl000225	5	276	211173	0.00130699
chrUn_gl000225	6	101	211173	0.000478281
chrUn_gl000225	7	70	211173	0.000331482
chrUn_gl000225	8	67	211173	0.000317275
chrUn_gl000225	9	47	211173	0.000222566
chrUn_gl000225	10	18	211173	8.52382e-05
chrUn_gl000225	11	35	211173	0.000165741
chrUn_gl000225	12	38	211173	0.000179947
chrUn_gl000225	13	27	211173	0.000127857
chrUn_gl000225	14	16	211173	7.57673e-05
chrUn_gl000225	15	10	211173	4.73545e-05
chrUn_gl000225	16	4	211173	1.89418e-05
chrUn_gl000225	17	2	211173	9.47091e-06
chrUn_gl000225	18	3	211173	1.42064e-05
chrUn_gl000225	19	6	211173	2.84127e-05
chrUn_gl000225	20	8	211173	3.78836e-05
chrUn_gl000226	0	2466	15008	0.164312
chrUn_gl000226	1	2812	15008	0.187367
chrUn_gl000226	2	2225	15008	0.148254
chrUn_gl000226	3	1543	15008	0.102812
chrUn_gl000226	4	1384	15008	0.0922175
chrUn_gl000226	5	1197	15008	0.0797575
chrUn_gl000226	6	910	15008	0.0606343
chrUn_gl000226	7	712	15008	0.0474414
chrUn_gl000226	8	571	15008	0.0380464
chrUn_gl000226	9	453	15008	0.0301839
chrUn_gl000226	10	286	15008	0.0190565
chrUn_gl000226	11	173	15008	0.0115272
chrUn_gl000226	12	126	15008	0.00839552
chrUn_gl000226	13	90	15008	0.0059968
chrUn_gl000226	14	46	15008	0.00306503
chrUn_gl000226	15	14	15008	0.000932836
chrUn_gl000227	0	127212	128374	0.990948
chrUn_gl000227	1	1074	128374	0.00836618
chrUn_gl000227	2	88	128374	0.000685497
chrUn_gl000228	0	126143	129120	0.976944
chrUn_gl000228	1	1881	129120	0.0145678
chrUn_gl000228	2	237	129120	0.0018355
chrUn_gl000228	3	213	129120	0.00164963
chrUn_gl000228	4	153	129120	0.00118494
chrUn_gl000228	5	92	129120	0.000712515
chrUn_gl000228	6	74	129120	0.00057311
chrUn_gl000228	7	60	129120	0.000464684
chrUn_gl000228	8	72	129120	0.000557621
chrUn_gl000228	9	54	129120	0.000418216
chrUn_gl000228	10	32	129120	0.000247831
chrUn_gl000228	11	38	129120	0.0002943
chrUn_gl000228	12	16	129120	0.000123916
chrUn_gl000228	13	4	129120	3.09789e-05
chrUn_gl000228	14	5	129120	3.87237e-05
chrUn_gl000228	15	12	129120	9.29368e-05
chrUn_gl000228	16	7	129120	5.42131e-05
chrUn_gl000228	17	1	129120	7.74473e-06
chrUn_gl000228	18	10	129120	7.74473e-05
chrUn_gl000228	19	5	129120	3.87237e-05
chrUn_gl000228	20	9	129120	6.97026e-05
chrUn_gl000228	21	2	129120	1.54895e-05
chrUn_gl000229	0	19415	19913	0.974991
chrUn_gl000229	1	496	19913	0.0249084
chrUn_gl000229	2	2	19913	0.000100437
chrUn_gl000230	0	43164	43691	0.987938
chrUn_gl000230	1	504	43691	0.0115356
chrUn_gl000230	2	23	43691	0.000526424
chrUn_gl000231	0	26136	27386	0.954356
chrUn_gl000231	1	1250	27386	0.0456438
chrUn_gl000232	0	37712	40652	0.927679
chrUn_gl000232	1	2880	40652	0.0708452
chrUn_gl000232	2	60	40652	0.00147594
chrUn_gl000233	0	44952	45941	0.978472
chrUn_gl000233	1	928	45941	0.0201998
chrUn_gl000233	2	61	45941	0.00132779
chrUn_gl000234	0	38336	40531	0.945844
chrUn_gl000234	1	2040	40531	0.0503318
chrUn_gl000234	2	155	40531	0.00382423
chrUn_gl000235	0	33633	34474	0.975605
chrUn_gl000235	1	832	34474	0.0241341
chrUn_gl000235	2	9	34474	0.000261066
chrUn_gl000236	0	41355	41934	0.986193
chrUn_gl000236	1	558	41934	0.0133066
chrUn_gl000236	2	21	41934	0.000500787
chrUn_gl000237	0	43994	45867	0.959165
chrUn_gl000237	1	1846	45867	0.0402468
chrUn_gl000237	2	27	45867	0.000588658
chrUn_gl000238	0	39631	39939	0.992288
chrUn_gl000238	1	266	39939	0.00666016
chrUn_gl000238	2	42	39939	0.0010516
chrUn_gl000239	0	33074	33824	0.977826
chrUn_gl000239	1	750	33824	0.0221736
chrUn_gl000240	0	41205	41933	0.982639
chrUn_gl000240	1	706	41933	0.0168364
chrUn_gl000240	2	22	41933	0.000524646
chrUn_gl000241	0	40118	42152	0.951746
chrUn_gl000241	1	1968	42152	0.0466882
chrUn_gl000241	2	66	42152	0.00156576
chrUn_gl000242	0	43063	43523	0.989431
chrUn_gl000242	1	420	43523	0.00965007
chrUn_gl000242	2	40	43523	0.000919054
chrUn_gl000243	0	41901	43341	0.966775
chrUn_gl000243	1	1330	43341	0.0306869
chrUn_gl000243	2	110	43341	0.00253801
chrUn_gl000244	0	39729	39929	0.994991
chrUn_gl000244	1	200	39929	0.00500889
chrUn_gl000245	0	36001	36651	0.982265
chrUn_gl000245	1	650	36651	0.0177348
chrUn_gl000246	0	37954	38154	0.994758
chrUn_gl000246	1	200	38154	0.00524191
chrUn_gl000247	0	36122	36422	0.991763
chrUn_gl000247	1	300	36422	0.00823678
chrUn_gl000248	0	39388	39786	0.989996
chrUn_gl000248	1	396	39786	0.00995325
chrUn_gl000248	2	2	39786	5.02689e-05
chrUn_gl000249	0	38352	38502	0.996104
chrUn_gl000249	1	150	38502	0.0038959
genome	0	3099051383	3137161264	0.987852
genome	1	36879942	3137161264	0.0117558
genome	2	1114708	3137161264	0.000355324
genome	3	46824	3137161264	1.49256e-05
genome	4	14126	3137161264	4.5028e-06
genome	5	9229	3137161264	2.94183e-06
genome	6	6070	3137161264	1.93487e-06
genome	7	4942	3137161264	1.57531e-06
genome	8	4083	3137161264	1.3015e-06
genome	9	3576	3137161264	1.13988e-06
genome	10	2854	3137161264	9.0974e-07
genome	11	2571	3137161264	8.19531e-07
genome	12	2435	3137161264	7.76179e-07
genome	13	2310	3137161264	7.36334e-07
genome	14	2077	3137161264	6.62064e-07
genome	15	1966	3137161264	6.26681e-07
genome	16	1642	3137161264	5.23403e-07
genome	17	1466	3137161264	4.67301e-07
genome	18	1176	3137161264	3.74861e-07
genome	19	1018	3137161264	3.24497e-07
genome	20	735	3137161264	2.34288e-07
genome	21	689	3137161264	2.19625e-07
genome	22	530	3137161264	1.68943e-07
genome	23	510	3137161264	1.62567e-07
genome	24	404	3137161264	1.28779e-07
genome	25	329	3137161264	1.04872e-07
genome	26	296	3137161264	9.43528e-08
genome	27	243	3137161264	7.74586e-08
genome	28	221	3137161264	7.04459e-08
genome	29	205	3137161264	6.53457e-08
genome	30	157	3137161264	5.00452e-08
genome	31	146	3137161264	4.65389e-08
genome	32	122	3137161264	3.88887e-08
genome	33	116	3137161264	3.69761e-08
genome	34	74	3137161264	2.35882e-08
genome	35	110	3137161264	3.50635e-08
genome	36	120	3137161264	3.82511e-08
genome	37	83	3137161264	2.6457e-08
genome	38	67	3137161264	2.13569e-08
genome	39	92	3137161264	2.93259e-08
genome	40	82	3137161264	2.61383e-08
genome	41	81	3137161264	2.58195e-08
genome	42	96	3137161264	3.06009e-08
genome	43	96	3137161264	3.06009e-08
genome	44	93	3137161264	2.96446e-08
genome	45	70	3137161264	2.23132e-08
genome	46	51	3137161264	1.62567e-08
genome	47	62	3137161264	1.97631e-08
genome	48	47	3137161264	1.49817e-08
genome	49	42	3137161264	1.33879e-08
genome	50	31	3137161264	9.88155e-09
genome	51	33	3137161264	1.05191e-08
genome	52	29	3137161264	9.24403e-09
genome	53	28	3137161264	8.92527e-09
genome	54	40	3137161264	1.27504e-08
genome	55	23	3137161264	7.33147e-09
genome	56	36	3137161264	1.14753e-08
genome	57	36	3137161264	1.14753e-08
genome	58	33	3137161264	1.05191e-08
genome	59	29	3137161264	9.24403e-09
genome	60	22	3137161264	7.01271e-09
genome	61	22	3137161264	7.01271e-09
genome	62	17	3137161264	5.41891e-09
genome	63	22	3137161264	7.01271e-09
genome	64	18	3137161264	5.73767e-09
genome	65	20	3137161264	6.37519e-09
genome	66	24	3137161264	7.65023e-09
genome	67	19	3137161264	6.05643e-09
genome	68	15	3137161264	4.78139e-09
genome	69	15	3137161264	4.78139e-09
genome	70	18	3137161264	5.73767e-09
genome	71	13	3137161264	4.14387e-09
genome	72	7	3137161264	2.23132e-09
genome	73	7	3137161264	2.23132e-09
genome	74	7	3137161264	2.23132e-09
genome	75	3	3137161264	9.56279e-10
genome	76	2	3137161264	6.37519e-10
genome	77	8	3137161264	2.55008e-09
genome	78	3	3137161264	9.56279e-10
genome	79	3	3137161264	9.56279e-10
genome	81	2	3137161264	6.37519e-10
genome	82	5	3137161264	1.5938e-09
genome	83	1	3137161264	3.1876e-10
genome	85	2	3137161264	6.37519e-10
genome	86	2	3137161264	6.37519e-10
genome	87	1	3137161264	3.1876e-10
genome	88	1	3137161264	3.1876e-10
genome	89	1	3137161264	3.1876e-10
genome	90	2	3137161264	6.37519e-10
genome	92	1	3137161264	3.1876e-10
genome	93	1	3137161264	3.1876e-10
genome	94	4	3137161264	1.27504e-09
genome	95	2	3137161264	6.37519e-10
genome	98	2	3137161264	6.37519e-10
genome	100	2	3137161264	6.37519e-10
genome	101	2	3137161264	6.37519e-10
genome	102	2	3137161264	6.37519e-10
genome	104	1	3137161264	3.1876e-10
genome	105	2	3137161264	6.37519e-10
genome	106	2	3137161264	6.37519e-10
genome	107	2	3137161264	6.37519e-10
genome	108	5	3137161264	1.5938e-09
genome	109	4	3137161264	1.27504e-09
genome	110	1	3137161264	3.1876e-10
genome	111	1	3137161264	3.1876e-10
genome	112	3	3137161264	9.56279e-10
genome	113	5	3137161264	1.5938e-09
genome	114	3	3137161264	9.56279e-10
genome	115	2	3137161264	6.37519e-10
genome	117	3	3137161264	9.56279e-10
genome	118	5	3137161264	1.5938e-09
genome	120	1	3137161264	3.1876e-10
genome	121	3	3137161264	9.56279e-10
genome	123	6	3137161264	1.91256e-09
genome	124	1	3137161264	3.1876e-10
genome	125	5	3137161264	1.5938e-09
genome	126	1	3137161264	3.1876e-10
genome	127	7	3137161264	2.23132e-09
genome	128	4	3137161264	1.27504e-09
genome	129	5	3137161264	1.5938e-09
genome	130	4	3137161264	1.27504e-09
genome	131	2	3137161264	6.37519e-10
genome	132	3	3137161264	9.56279e-10
genome	133	4	3137161264	1.27504e-09
genome	134	3	3137161264	9.56279e-10
genome	135	2	3137161264	6.37519e-10
genome	136	5	3137161264	1.5938e-09
genome	137	4	3137161264	1.27504e-09
genome	138	3	3137161264	9.56279e-10
genome	139	8	3137161264	2.55008e-09
genome	140	6	3137161264	1.91256e-09
genome	141	6	3137161264	1.91256e-09
genome	142	3	3137161264	9.56279e-10
genome	143	1	3137161264	3.1876e-10
genome	144	4	3137161264	1.27504e-09
genome	145	2	3137161264	6.37519e-10
genome	146	2	3137161264	6.37519e-10
genome	147	2	3137161264	6.37519e-10
genome	148	3	3137161264	9.56279e-10
genome	149	7	3137161264	2.23132e-09
genome	150	3	3137161264	9.56279e-10
genome	151	4	3137161264	1.27504e-09
genome	152	6	3137161264	1.91256e-09
genome	153	1	3137161264	3.1876e-10
genome	154	7	3137161264	2.23132e-09
genome	155	2	3137161264	6.37519e-10
genome	156	8	3137161264	2.55008e-09
genome	157	7	3137161264	2.23132e-09
genome	158	4	3137161264	1.27504e-09
genome	159	4	3137161264	1.27504e-09
genome	160	5	3137161264	1.5938e-09
genome	161	6	3137161264	1.91256e-09
genome	162	2	3137161264	6.37519e-10
genome	163	1	3137161264	3.1876e-10
genome	164	3	3137161264	9.56279e-10
genome	165	3	3137161264	9.56279e-10
genome	166	2	3137161264	6.37519e-10
genome	167	2	3137161264	6.37519e-10
genome	168	2	3137161264	6.37519e-10
genome	169	2	3137161264	6.37519e-10
genome	170	3	3137161264	9.56279e-10
genome	171	1	3137161264	3.1876e-10
genome	173	1	3137161264	3.1876e-10
genome	174	3	3137161264	9.56279e-10
genome	175	4	3137161264	1.27504e-09
genome	176	3	3137161264	9.56279e-10
genome	177	5	3137161264	1.5938e-09
genome	181	2	3137161264	6.37519e-10
genome	184	2	3137161264	6.37519e-10
genome	185	2	3137161264	6.37519e-10
genome	186	1	3137161264	3.1876e-10
genome	187	2	3137161264	6.37519e-10
genome	188	2	3137161264	6.37519e-10
genome	189	2	3137161264	6.37519e-10
genome	190	2	3137161264	6.37519e-10
genome	191	3	3137161264	9.56279e-10
genome	192	2	3137161264	6.37519e-10
genome	193	4	3137161264	1.27504e-09
genome	194	1	3137161264	3.1876e-10
genome	195	2	3137161264	6.37519e-10
genome	197	1	3137161264	3.1876e-10
genome	199	1	3137161264	3.1876e-10
genome	203	2	3137161264	6.37519e-10
genome	205	2	3137161264	6.37519e-10
genome	207	1	3137161264	3.1876e-10
genome	208	1	3137161264	3.1876e-10
genome	209	2	3137161264	6.37519e-10
genome	214	1	3137161264	3.1876e-10
genome	215	2	3137161264	6.37519e-10
genome	217	1	3137161264	3.1876e-10
