chrM	0	1	16571	6.03464e-05
chrM	1	11	16571	0.00066381
chrM	2	3	16571	0.000181039
chrM	3	51	16571	0.00307767
chrM	4	91	16571	0.00549152
chrM	5	160	16571	0.00965542
chrM	6	305	16571	0.0184056
chrM	7	378	16571	0.0228109
chrM	8	504	16571	0.0304146
chrM	9	667	16571	0.040251
chrM	10	929	16571	0.0560618
chrM	11	1047	16571	0.0631827
chrM	12	1199	16571	0.0723553
chrM	13	1239	16571	0.0747692
chrM	14	1395	16571	0.0841832
chrM	15	1319	16571	0.0795969
chrM	16	1278	16571	0.0771227
chrM	17	1044	16571	0.0630016
chrM	18	880	16571	0.0531048
chrM	19	821	16571	0.0495444
chrM	20	643	16571	0.0388027
chrM	21	600	16571	0.0362078
chrM	22	485	16571	0.029268
chrM	23	433	16571	0.02613
chrM	24	317	16571	0.0191298
chrM	25	177	16571	0.0106813
chrM	26	162	16571	0.00977611
chrM	27	120	16571	0.00724157
chrM	28	87	16571	0.00525014
chrM	29	62	16571	0.00374148
chrM	30	52	16571	0.00313801
chrM	31	32	16571	0.00193108
chrM	32	31	16571	0.00187074
chrM	33	32	16571	0.00193108
chrM	34	15	16571	0.000905196
chrM	35	1	16571	6.03464e-05
chr1	0	245566003	249250621	0.985217
chr1	1	3555506	249250621	0.0142648
chr1	2	122825	249250621	0.000492777
chr1	3	3387	249250621	1.35887e-05
chr1	4	941	249250621	3.77532e-06
chr1	5	255	249250621	1.02307e-06
chr1	6	223	249250621	8.94682e-07
chr1	7	111	249250621	4.45335e-07
chr1	8	53	249250621	2.12637e-07
chr1	9	70	249250621	2.80842e-07
chr1	10	66	249250621	2.64794e-07
chr1	11	29	249250621	1.16349e-07
chr1	12	15	249250621	6.01804e-08
chr1	13	14	249250621	5.61684e-08
chr1	14	19	249250621	7.62285e-08
chr1	15	24	249250621	9.62886e-08
chr1	17	14	249250621	5.61684e-08
chr1	18	2	249250621	8.02405e-09
chr1	19	3	249250621	1.20361e-08
chr1	20	3	249250621	1.20361e-08
chr1	21	2	249250621	8.02405e-09
chr1	22	6	249250621	2.40722e-08
chr1	23	19	249250621	7.62285e-08
chr1	24	23	249250621	9.22766e-08
chr1	25	39	249250621	1.56469e-07
chr1	26	15	249250621	6.01804e-08
chr1	27	13	249250621	5.21563e-08
chr1	28	12	249250621	4.81443e-08
chr1	29	4	249250621	1.60481e-08
chr1	30	17	249250621	6.82044e-08
chr1	31	13	249250621	5.21563e-08
chr1	32	12	249250621	4.81443e-08
chr1	33	12	249250621	4.81443e-08
chr1	34	14	249250621	5.61684e-08
chr1	35	10	249250621	4.01203e-08
chr1	36	18	249250621	7.22165e-08
chr1	37	11	249250621	4.41323e-08
chr1	38	12	249250621	4.81443e-08
chr1	39	23	249250621	9.22766e-08
chr1	40	28	249250621	1.12337e-07
chr1	41	34	249250621	1.36409e-07
chr1	42	21	249250621	8.42525e-08
chr1	43	22	249250621	8.82646e-08
chr1	44	16	249250621	6.41924e-08
chr1	45	13	249250621	5.21563e-08
chr1	46	17	249250621	6.82044e-08
chr1	47	24	249250621	9.62886e-08
chr1	48	15	249250621	6.01804e-08
chr1	49	22	249250621	8.82646e-08
chr1	50	30	249250621	1.20361e-07
chr1	51	17	249250621	6.82044e-08
chr1	52	19	249250621	7.62285e-08
chr1	53	12	249250621	4.81443e-08
chr1	54	9	249250621	3.61082e-08
chr1	55	10	249250621	4.01203e-08
chr1	56	12	249250621	4.81443e-08
chr1	57	4	249250621	1.60481e-08
chr1	58	5	249250621	2.00601e-08
chr1	59	1	249250621	4.01203e-09
chr1	60	2	249250621	8.02405e-09
chr1	61	7	249250621	2.80842e-08
chr1	62	2	249250621	8.02405e-09
chr1	63	6	249250621	2.40722e-08
chr1	64	4	249250621	1.60481e-08
chr1	65	7	249250621	2.80842e-08
chr1	66	4	249250621	1.60481e-08
chr1	67	3	249250621	1.20361e-08
chr1	68	5	249250621	2.00601e-08
chr1	69	2	249250621	8.02405e-09
chr1	70	4	249250621	1.60481e-08
chr1	71	5	249250621	2.00601e-08
chr1	72	4	249250621	1.60481e-08
chr1	73	8	249250621	3.20962e-08
chr1	74	5	249250621	2.00601e-08
chr1	75	6	249250621	2.40722e-08
chr1	76	11	249250621	4.41323e-08
chr1	77	6	249250621	2.40722e-08
chr1	78	4	249250621	1.60481e-08
chr1	79	4	249250621	1.60481e-08
chr1	80	6	249250621	2.40722e-08
chr1	81	4	249250621	1.60481e-08
chr1	82	2	249250621	8.02405e-09
chr1	83	5	249250621	2.00601e-08
chr1	86	1	249250621	4.01203e-09
chr1	87	1	249250621	4.01203e-09
chr1	88	2	249250621	8.02405e-09
chr1	91	5	249250621	2.00601e-08
chr1	92	1	249250621	4.01203e-09
chr1	93	3	249250621	1.20361e-08
chr1	94	3	249250621	1.20361e-08
chr1	95	3	249250621	1.20361e-08
chr1	96	3	249250621	1.20361e-08
chr1	97	1	249250621	4.01203e-09
chr1	98	3	249250621	1.20361e-08
chr1	99	1	249250621	4.01203e-09
chr1	100	5	249250621	2.00601e-08
chr1	101	2	249250621	8.02405e-09
chr1	103	1	249250621	4.01203e-09
chr1	104	3	249250621	1.20361e-08
chr1	105	2	249250621	8.02405e-09
chr1	106	3	249250621	1.20361e-08
chr1	107	1	249250621	4.01203e-09
chr1	108	4	249250621	1.60481e-08
chr1	109	4	249250621	1.60481e-08
chr1	114	1	249250621	4.01203e-09
chr1	116	3	249250621	1.20361e-08
chr1	117	2	249250621	8.02405e-09
chr1	118	2	249250621	8.02405e-09
chr1	119	7	249250621	2.80842e-08
chr1	120	11	249250621	4.41323e-08
chr1	121	7	249250621	2.80842e-08
chr1	122	6	249250621	2.40722e-08
chr1	123	3	249250621	1.20361e-08
chr1	124	6	249250621	2.40722e-08
chr1	125	3	249250621	1.20361e-08
chr1	126	8	249250621	3.20962e-08
chr1	127	5	249250621	2.00601e-08
chr1	128	8	249250621	3.20962e-08
chr1	129	5	249250621	2.00601e-08
chr1	130	8	249250621	3.20962e-08
chr1	131	6	249250621	2.40722e-08
chr1	132	6	249250621	2.40722e-08
chr1	133	8	249250621	3.20962e-08
chr1	135	1	249250621	4.01203e-09
chr1	136	10	249250621	4.01203e-08
chr1	137	10	249250621	4.01203e-08
chr1	138	1	249250621	4.01203e-09
chr1	139	2	249250621	8.02405e-09
chr1	140	3	249250621	1.20361e-08
chr1	141	5	249250621	2.00601e-08
chr1	142	5	249250621	2.00601e-08
chr1	143	1	249250621	4.01203e-09
chr1	144	6	249250621	2.40722e-08
chr1	145	5	249250621	2.00601e-08
chr1	146	4	249250621	1.60481e-08
chr1	147	2	249250621	8.02405e-09
chr1	148	3	249250621	1.20361e-08
chr1	149	4	249250621	1.60481e-08
chr1	150	2	249250621	8.02405e-09
chr1	152	3	249250621	1.20361e-08
chr1	153	5	249250621	2.00601e-08
chr1	155	2	249250621	8.02405e-09
chr1	156	6	249250621	2.40722e-08
chr1	157	3	249250621	1.20361e-08
chr1	158	3	249250621	1.20361e-08
chr1	159	5	249250621	2.00601e-08
chr1	160	2	249250621	8.02405e-09
chr1	161	2	249250621	8.02405e-09
chr1	162	3	249250621	1.20361e-08
chr1	163	1	249250621	4.01203e-09
chr1	164	6	249250621	2.40722e-08
chr1	165	1	249250621	4.01203e-09
chr1	166	2	249250621	8.02405e-09
chr1	167	1	249250621	4.01203e-09
chr1	168	4	249250621	1.60481e-08
chr1	169	2	249250621	8.02405e-09
chr1	170	3	249250621	1.20361e-08
chr1	171	2	249250621	8.02405e-09
chr1	172	1	249250621	4.01203e-09
chr1	173	4	249250621	1.60481e-08
chr1	174	2	249250621	8.02405e-09
chr1	176	1	249250621	4.01203e-09
chr1	177	1	249250621	4.01203e-09
chr1	179	1	249250621	4.01203e-09
chr1	181	1	249250621	4.01203e-09
chr1	182	1	249250621	4.01203e-09
chr1	184	1	249250621	4.01203e-09
chr1	185	2	249250621	8.02405e-09
chr1	187	3	249250621	1.20361e-08
chr1	190	2	249250621	8.02405e-09
chr1	191	4	249250621	1.60481e-08
chr1	194	1	249250621	4.01203e-09
chr1	195	1	249250621	4.01203e-09
chr1	196	1	249250621	4.01203e-09
chr1	197	1	249250621	4.01203e-09
chr1	199	1	249250621	4.01203e-09
chr1	200	2	249250621	8.02405e-09
chr1	201	1	249250621	4.01203e-09
chr1	202	3	249250621	1.20361e-08
chr1	203	3	249250621	1.20361e-08
chr1	205	1	249250621	4.01203e-09
chr1	207	2	249250621	8.02405e-09
chr1	210	1	249250621	4.01203e-09
chr1	211	1	249250621	4.01203e-09
chr1	217	1	249250621	4.01203e-09
chr1	218	1	249250621	4.01203e-09
chr1	219	1	249250621	4.01203e-09
chr1	220	1	249250621	4.01203e-09
chr1	221	2	249250621	8.02405e-09
chr1	222	1	249250621	4.01203e-09
chr1	223	1	249250621	4.01203e-09
chr1	225	1	249250621	4.01203e-09
chr1	226	2	249250621	8.02405e-09
chr1	227	1	249250621	4.01203e-09
chr1	231	1	249250621	4.01203e-09
chr1	232	3	249250621	1.20361e-08
chr2	0	240134988	243199373	0.9874
chr2	1	2961323	243199373	0.0121765
chr2	2	95276	243199373	0.000391761
chr2	3	3833	243199373	1.57607e-05
chr2	4	1500	243199373	6.16778e-06
chr2	5	922	243199373	3.79113e-06
chr2	6	598	243199373	2.45889e-06
chr2	7	290	243199373	1.19244e-06
chr2	8	211	243199373	8.67601e-07
chr2	9	145	243199373	5.96219e-07
chr2	10	65	243199373	2.6727e-07
chr2	11	55	243199373	2.26152e-07
chr2	12	53	243199373	2.17928e-07
chr2	13	40	243199373	1.64474e-07
chr2	14	17	243199373	6.99015e-08
chr2	15	29	243199373	1.19244e-07
chr2	16	8	243199373	3.28948e-08
chr2	17	17	243199373	6.99015e-08
chr2	18	3	243199373	1.23356e-08
chr3	0	195239225	198022430	0.985945
chr3	1	2694784	198022430	0.0136085
chr3	2	86682	198022430	0.000437738
chr3	3	1590	198022430	8.02939e-06
chr3	4	3	198022430	1.51498e-08
chr3	5	1	198022430	5.04993e-09
chr3	6	5	198022430	2.52497e-08
chr3	7	1	198022430	5.04993e-09
chr3	8	6	198022430	3.02996e-08
chr3	9	9	198022430	4.54494e-08
chr3	10	2	198022430	1.00999e-08
chr3	11	5	198022430	2.52497e-08
chr3	12	2	198022430	1.00999e-08
chr3	13	1	198022430	5.04993e-09
chr3	14	5	198022430	2.52497e-08
chr3	15	11	198022430	5.55493e-08
chr3	16	3	198022430	1.51498e-08
chr3	17	6	198022430	3.02996e-08
chr3	18	5	198022430	2.52497e-08
chr3	19	5	198022430	2.52497e-08
chr3	20	11	198022430	5.55493e-08
chr3	21	11	198022430	5.55493e-08
chr3	22	2	198022430	1.00999e-08
chr3	23	4	198022430	2.01997e-08
chr3	24	6	198022430	3.02996e-08
chr3	25	8	198022430	4.03995e-08
chr3	26	8	198022430	4.03995e-08
chr3	27	9	198022430	4.54494e-08
chr3	28	8	198022430	4.03995e-08
chr3	29	4	198022430	2.01997e-08
chr3	30	4	198022430	2.01997e-08
chr3	31	3	198022430	1.51498e-08
chr3	32	1	198022430	5.04993e-09
chr4	0	189397891	191154276	0.990812
chr4	1	1707640	191154276	0.00893331
chr4	2	47167	191154276	0.000246748
chr4	3	1060	191154276	5.54526e-06
chr4	4	205	191154276	1.07243e-06
chr4	5	133	191154276	6.95773e-07
chr4	6	44	191154276	2.30181e-07
chr4	7	64	191154276	3.34808e-07
chr4	8	37	191154276	1.93561e-07
chr4	10	32	191154276	1.67404e-07
chr4	11	3	191154276	1.56941e-08
chr5	0	179248882	180915260	0.990789
chr5	1	1616044	180915260	0.0089326
chr5	2	48196	180915260	0.000266401
chr5	3	1324	180915260	7.31834e-06
chr5	4	418	180915260	2.31047e-06
chr5	5	252	180915260	1.39292e-06
chr5	6	99	180915260	5.47217e-07
chr5	7	44	180915260	2.43208e-07
chr5	8	1	180915260	5.52745e-09
chr6	0	167768305	171115067	0.980441
chr6	1	3227405	171115067	0.018861
chr6	2	112476	171115067	0.000657312
chr6	3	3618	171115067	2.11437e-05
chr6	4	184	171115067	1.0753e-06
chr6	5	190	171115067	1.11036e-06
chr6	6	254	171115067	1.48438e-06
chr6	7	262	171115067	1.53113e-06
chr6	8	323	171115067	1.88762e-06
chr6	9	335	171115067	1.95775e-06
chr6	10	288	171115067	1.68308e-06
chr6	11	319	171115067	1.86424e-06
chr6	12	326	171115067	1.90515e-06
chr6	13	232	171115067	1.35581e-06
chr6	14	160	171115067	9.35043e-07
chr6	15	120	171115067	7.01282e-07
chr6	16	108	171115067	6.31154e-07
chr6	17	48	171115067	2.80513e-07
chr6	18	38	171115067	2.22073e-07
chr6	19	23	171115067	1.34412e-07
chr6	20	16	171115067	9.35043e-08
chr6	21	15	171115067	8.76603e-08
chr6	22	19	171115067	1.11036e-07
chr6	23	1	171115067	5.84402e-09
chr6	24	2	171115067	1.1688e-08
chr7	0	157245097	159138663	0.988101
chr7	1	1829527	159138663	0.0114964
chr7	2	61088	159138663	0.000383867
chr7	3	1127	159138663	7.08187e-06
chr7	4	93	159138663	5.84396e-07
chr7	5	104	159138663	6.53518e-07
chr7	6	96	159138663	6.03248e-07
chr7	7	42	159138663	2.63921e-07
chr7	8	63	159138663	3.95881e-07
chr7	9	42	159138663	2.63921e-07
chr7	10	67	159138663	4.21016e-07
chr7	11	81	159138663	5.0899e-07
chr7	12	44	159138663	2.76488e-07
chr7	13	35	159138663	2.19934e-07
chr7	14	28	159138663	1.75947e-07
chr7	15	22	159138663	1.38244e-07
chr7	16	25	159138663	1.57096e-07
chr7	17	32	159138663	2.01083e-07
chr7	18	35	159138663	2.19934e-07
chr7	19	34	159138663	2.1365e-07
chr7	20	31	159138663	1.94799e-07
chr7	21	38	159138663	2.38785e-07
chr7	22	40	159138663	2.51353e-07
chr7	23	27	159138663	1.69663e-07
chr7	24	26	159138663	1.6338e-07
chr7	25	17	159138663	1.06825e-07
chr7	26	18	159138663	1.13109e-07
chr7	27	37	159138663	2.32502e-07
chr7	28	36	159138663	2.26218e-07
chr7	29	27	159138663	1.69663e-07
chr7	30	41	159138663	2.57637e-07
chr7	31	33	159138663	2.07366e-07
chr7	32	39	159138663	2.45069e-07
chr7	33	23	159138663	1.44528e-07
chr7	34	23	159138663	1.44528e-07
chr7	35	30	159138663	1.88515e-07
chr7	36	43	159138663	2.70205e-07
chr7	37	38	159138663	2.38785e-07
chr7	38	41	159138663	2.57637e-07
chr7	39	33	159138663	2.07366e-07
chr7	40	24	159138663	1.50812e-07
chr7	41	34	159138663	2.1365e-07
chr7	42	30	159138663	1.88515e-07
chr7	43	30	159138663	1.88515e-07
chr7	44	30	159138663	1.88515e-07
chr7	45	19	159138663	1.19393e-07
chr7	46	20	159138663	1.25677e-07
chr7	47	27	159138663	1.69663e-07
chr7	48	20	159138663	1.25677e-07
chr7	49	24	159138663	1.50812e-07
chr7	50	25	159138663	1.57096e-07
chr7	51	24	159138663	1.50812e-07
chr7	52	13	159138663	8.16898e-08
chr7	53	16	159138663	1.00541e-07
chr7	54	3	159138663	1.88515e-08
chr7	55	1	159138663	6.28383e-09
chr8	0	144330805	146364022	0.986108
chr8	1	1957934	146364022	0.0133772
chr8	2	70716	146364022	0.000483152
chr8	3	3220	146364022	2.19999e-05
chr8	4	827	146364022	5.6503e-06
chr8	5	266	146364022	1.81739e-06
chr8	6	138	146364022	9.42855e-07
chr8	7	54	146364022	3.68943e-07
chr8	8	40	146364022	2.73291e-07
chr8	9	12	146364022	8.19874e-08
chr8	10	8	146364022	5.46582e-08
chr8	11	2	146364022	1.36646e-08
chr9	0	139528050	141213431	0.988065
chr9	1	1631379	141213431	0.0115526
chr9	2	52692	141213431	0.000373137
chr9	3	1067	141213431	7.55594e-06
chr9	4	157	141213431	1.11179e-06
chr9	5	71	141213431	5.02785e-07
chr9	6	2	141213431	1.4163e-08
chr9	7	13	141213431	9.20592e-08
chr10	0	133826060	135534747	0.987393
chr10	1	1639792	135534747	0.0120987
chr10	2	56662	135534747	0.000418063
chr10	3	2878	135534747	2.12344e-05
chr10	4	1488	135534747	1.09787e-05
chr10	5	1155	135534747	8.5218e-06
chr10	6	890	135534747	6.56658e-06
chr10	7	593	135534747	4.37526e-06
chr10	8	504	135534747	3.7186e-06
chr10	9	397	135534747	2.92914e-06
chr10	10	354	135534747	2.61188e-06
chr10	11	345	135534747	2.54547e-06
chr10	12	304	135534747	2.24297e-06
chr10	13	347	135534747	2.56023e-06
chr10	14	316	135534747	2.33151e-06
chr10	15	241	135534747	1.77814e-06
chr10	16	284	135534747	2.0954e-06
chr10	17	193	135534747	1.42399e-06
chr10	18	172	135534747	1.26905e-06
chr10	19	134	135534747	9.88676e-07
chr10	20	116	135534747	8.55869e-07
chr10	21	66	135534747	4.8696e-07
chr10	22	83	135534747	6.12389e-07
chr10	23	88	135534747	6.4928e-07
chr10	24	108	135534747	7.96844e-07
chr10	25	92	135534747	6.78793e-07
chr10	26	88	135534747	6.4928e-07
chr10	27	86	135534747	6.34524e-07
chr10	28	68	135534747	5.01716e-07
chr10	29	79	135534747	5.82876e-07
chr10	30	56	135534747	4.13178e-07
chr10	31	48	135534747	3.54153e-07
chr10	32	35	135534747	2.58236e-07
chr10	33	31	135534747	2.28724e-07
chr10	34	30	135534747	2.21345e-07
chr10	35	33	135534747	2.4348e-07
chr10	36	36	135534747	2.65615e-07
chr10	37	29	135534747	2.13967e-07
chr10	38	53	135534747	3.91044e-07
chr10	39	28	135534747	2.06589e-07
chr10	40	37	135534747	2.72993e-07
chr10	41	23	135534747	1.69698e-07
chr10	42	21	135534747	1.54942e-07
chr10	43	28	135534747	2.06589e-07
chr10	44	24	135534747	1.77076e-07
chr10	45	20	135534747	1.47564e-07
chr10	46	17	135534747	1.25429e-07
chr10	47	13	135534747	9.59164e-08
chr10	48	23	135534747	1.69698e-07
chr10	49	17	135534747	1.25429e-07
chr10	50	19	135534747	1.40185e-07
chr10	51	13	135534747	9.59164e-08
chr10	52	9	135534747	6.64036e-08
chr10	53	9	135534747	6.64036e-08
chr10	54	14	135534747	1.03295e-07
chr10	55	3	135534747	2.21345e-08
chr10	56	3	135534747	2.21345e-08
chr10	57	5	135534747	3.68909e-08
chr10	58	5	135534747	3.68909e-08
chr10	59	5	135534747	3.68909e-08
chr10	60	3	135534747	2.21345e-08
chr10	61	1	135534747	7.37818e-09
chr10	62	1	135534747	7.37818e-09
chr10	63	5	135534747	3.68909e-08
chr10	64	1	135534747	7.37818e-09
chr10	65	4	135534747	2.95127e-08
chr10	66	10	135534747	7.37818e-08
chr10	67	7	135534747	5.16473e-08
chr10	68	10	135534747	7.37818e-08
chr10	69	5	135534747	3.68909e-08
chr10	70	8	135534747	5.90255e-08
chr10	71	8	135534747	5.90255e-08
chr10	72	4	135534747	2.95127e-08
chr10	73	6	135534747	4.42691e-08
chr10	74	2	135534747	1.47564e-08
chr10	76	1	135534747	7.37818e-09
chr10	77	1	135534747	7.37818e-09
chr11	0	133336327	135006516	0.987629
chr11	1	1613720	135006516	0.0119529
chr11	2	53389	135006516	0.000395455
chr11	3	1605	135006516	1.18883e-05
chr11	4	506	135006516	3.74797e-06
chr11	5	337	135006516	2.49618e-06
chr11	6	234	135006516	1.73325e-06
chr11	7	126	135006516	9.33288e-07
chr11	8	74	135006516	5.48122e-07
chr11	9	74	135006516	5.48122e-07
chr11	10	57	135006516	4.22202e-07
chr11	11	47	135006516	3.48131e-07
chr11	12	13	135006516	9.62917e-08
chr11	13	7	135006516	5.18494e-08
chr12	0	132194158	133851895	0.987615
chr12	1	1607015	133851895	0.0120059
chr12	2	49509	133851895	0.000369879
chr12	3	1100	133851895	8.21804e-06
chr12	4	99	133851895	7.39623e-07
chr12	5	13	133851895	9.71223e-08
chr12	6	1	133851895	7.47094e-09
chr13	0	114227969	115169878	0.991822
chr13	1	914874	115169878	0.00794369
chr13	2	26555	115169878	0.000230572
chr13	3	389	115169878	3.37762e-06
chr13	4	30	115169878	2.60485e-07
chr13	5	37	115169878	3.21265e-07
chr13	6	24	115169878	2.08388e-07
chr14	0	106495683	107349540	0.992046
chr14	1	825573	107349540	0.00769051
chr14	2	27439	107349540	0.000255604
chr14	3	831	107349540	7.74107e-06
chr14	4	14	107349540	1.30415e-07
chr15	0	101246813	102531392	0.987471
chr15	1	1240852	102531392	0.0121022
chr15	2	43033	102531392	0.000419706
chr15	3	694	102531392	6.76866e-06
chr16	0	88951067	90354753	0.984465
chr16	1	1328606	90354753	0.0147043
chr16	2	58217	90354753	0.000644316
chr16	3	5567	90354753	6.16127e-05
chr16	4	3520	90354753	3.89576e-05
chr16	5	2113	90354753	2.33856e-05
chr16	6	1767	90354753	1.95562e-05
chr16	7	1306	90354753	1.44541e-05
chr16	8	798	90354753	8.83185e-06
chr16	9	436	90354753	4.82542e-06
chr16	10	331	90354753	3.66334e-06
chr16	11	327	90354753	3.61907e-06
chr16	12	133	90354753	1.47198e-06
chr16	13	142	90354753	1.57158e-06
chr16	14	111	90354753	1.22849e-06
chr16	15	99	90354753	1.09568e-06
chr16	16	88	90354753	9.73939e-07
chr16	17	62	90354753	6.86184e-07
chr16	18	36	90354753	3.9843e-07
chr16	19	7	90354753	7.74724e-08
chr16	20	6	90354753	6.64049e-08
chr16	21	3	90354753	3.32025e-08
chr16	22	6	90354753	6.64049e-08
chr16	23	4	90354753	4.42699e-08
chr16	24	1	90354753	1.10675e-08
chr17	0	80041143	81195210	0.985787
chr17	1	1109199	81195210	0.0136609
chr17	2	42691	81195210	0.000525782
chr17	3	1371	81195210	1.68852e-05
chr17	4	297	81195210	3.65785e-06
chr17	5	176	81195210	2.16762e-06
chr17	6	140	81195210	1.72424e-06
chr17	7	67	81195210	8.25172e-07
chr17	8	66	81195210	8.12856e-07
chr17	9	32	81195210	3.94112e-07
chr17	10	10	81195210	1.2316e-07
chr17	11	7	81195210	8.6212e-08
chr17	12	7	81195210	8.6212e-08
chr17	13	4	81195210	4.9264e-08
chr18	0	76759103	78077248	0.983117
chr18	1	1267368	78077248	0.0162322
chr18	2	46942	78077248	0.000601225
chr18	3	2310	78077248	2.95861e-05
chr18	4	653	78077248	8.36351e-06
chr18	5	204	78077248	2.6128e-06
chr18	6	229	78077248	2.93299e-06
chr18	7	134	78077248	1.71625e-06
chr18	8	82	78077248	1.05024e-06
chr18	9	79	78077248	1.01182e-06
chr18	10	30	78077248	3.84235e-07
chr18	11	24	78077248	3.07388e-07
chr18	12	11	78077248	1.40886e-07
chr18	13	9	78077248	1.1527e-07
chr18	14	33	78077248	4.22658e-07
chr18	15	18	78077248	2.30541e-07
chr18	16	14	78077248	1.7931e-07
chr18	17	2	78077248	2.56157e-08
chr18	18	3	78077248	3.84235e-08
chr19	0	58184230	59128983	0.984022
chr19	1	906199	59128983	0.0153258
chr19	2	35181	59128983	0.000594987
chr19	3	1435	59128983	2.4269e-05
chr19	4	377	59128983	6.37589e-06
chr19	5	234	59128983	3.95745e-06
chr19	6	138	59128983	2.33388e-06
chr19	7	151	59128983	2.55374e-06
chr19	8	95	59128983	1.60666e-06
chr19	9	87	59128983	1.47136e-06
chr19	10	85	59128983	1.43754e-06
chr19	11	73	59128983	1.23459e-06
chr19	12	83	59128983	1.40371e-06
chr19	13	52	59128983	8.79433e-07
chr19	14	12	59128983	2.02946e-07
chr19	15	24	59128983	4.05892e-07
chr19	16	20	59128983	3.38244e-07
chr19	17	40	59128983	6.76487e-07
chr19	18	33	59128983	5.58102e-07
chr19	19	50	59128983	8.45609e-07
chr19	20	32	59128983	5.4119e-07
chr19	21	36	59128983	6.08838e-07
chr19	22	36	59128983	6.08838e-07
chr19	23	28	59128983	4.73541e-07
chr19	24	17	59128983	2.87507e-07
chr19	25	13	59128983	2.19858e-07
chr19	26	6	59128983	1.01473e-07
chr19	27	2	59128983	3.38244e-08
chr19	28	3	59128983	5.07365e-08
chr19	29	8	59128983	1.35297e-07
chr19	30	14	59128983	2.36771e-07
chr19	31	8	59128983	1.35297e-07
chr19	32	3	59128983	5.07365e-08
chr19	34	2	59128983	3.38244e-08
chr19	35	1	59128983	1.69122e-08
chr19	36	8	59128983	1.35297e-07
chr19	37	7	59128983	1.18385e-07
chr19	38	5	59128983	8.45609e-08
chr19	39	6	59128983	1.01473e-07
chr19	40	3	59128983	5.07365e-08
chr19	41	11	59128983	1.86034e-07
chr19	42	19	59128983	3.21331e-07
chr19	43	16	59128983	2.70595e-07
chr19	44	14	59128983	2.36771e-07
chr19	45	3	59128983	5.07365e-08
chr19	46	2	59128983	3.38244e-08
chr19	47	4	59128983	6.76487e-08
chr19	48	2	59128983	3.38244e-08
chr19	49	5	59128983	8.45609e-08
chr19	50	2	59128983	3.38244e-08
chr19	51	4	59128983	6.76487e-08
chr19	54	3	59128983	5.07365e-08
chr19	56	4	59128983	6.76487e-08
chr19	58	1	59128983	1.69122e-08
chr19	59	1	59128983	1.69122e-08
chr19	60	1	59128983	1.69122e-08
chr19	61	4	59128983	6.76487e-08
chr19	62	3	59128983	5.07365e-08
chr19	63	1	59128983	1.69122e-08
chr19	64	3	59128983	5.07365e-08
chr19	65	2	59128983	3.38244e-08
chr19	66	3	59128983	5.07365e-08
chr19	67	5	59128983	8.45609e-08
chr19	68	3	59128983	5.07365e-08
chr19	69	4	59128983	6.76487e-08
chr19	71	4	59128983	6.76487e-08
chr19	72	7	59128983	1.18385e-07
chr19	73	1	59128983	1.69122e-08
chr19	74	2	59128983	3.38244e-08
chr19	79	3	59128983	5.07365e-08
chr19	80	4	59128983	6.76487e-08
chr19	81	1	59128983	1.69122e-08
chr19	82	1	59128983	1.69122e-08
chr19	83	3	59128983	5.07365e-08
chr20	0	62397426	63025520	0.990034
chr20	1	606017	63025520	0.00961542
chr20	2	21898	63025520	0.000347447
chr20	3	179	63025520	2.84012e-06
chr21	0	47703240	48129895	0.991135
chr21	1	412385	48129895	0.00856817
chr21	2	13922	48129895	0.000289259
chr21	3	277	48129895	5.75526e-06
chr21	4	65	48129895	1.35051e-06
chr21	5	6	48129895	1.24663e-07
chr22	0	50704893	51304566	0.988311
chr22	1	574830	51304566	0.0112043
chr22	2	24070	51304566	0.000469159
chr22	3	737	51304566	1.43652e-05
chr22	4	11	51304566	2.14406e-07
chr22	5	25	51304566	4.87286e-07
chrX	0	154261004	155270560	0.993498
chrX	1	978622	155270560	0.00630269
chrX	2	29041	155270560	0.000187035
chrX	3	1387	155270560	8.93279e-06
chrX	4	293	155270560	1.88703e-06
chrX	5	170	155270560	1.09486e-06
chrX	6	38	155270560	2.44734e-07
chrX	7	5	155270560	3.22019e-08
chrY	0	59334283	59373566	0.999338
chrY	1	35511	59373566	0.000598094
chrY	2	2917	59373566	4.91296e-05
chrY	3	415	59373566	6.98964e-06
chrY	4	236	59373566	3.97483e-06
chrY	5	120	59373566	2.0211e-06
chrY	6	36	59373566	6.0633e-07
chrY	7	2	59373566	3.3685e-08
chrY	8	1	59373566	1.68425e-08
chrY	9	23	59373566	3.87378e-07
chrY	10	21	59373566	3.53693e-07
chrY	11	1	59373566	1.68425e-08
chr1_gl000191_random	0	105037	106433	0.986884
chr1_gl000191_random	1	1392	106433	0.0130787
chr1_gl000191_random	2	4	106433	3.75823e-05
chr1_gl000192_random	0	539968	547496	0.98625
chr1_gl000192_random	1	7206	547496	0.0131617
chr1_gl000192_random	2	322	547496	0.000588132
chr4_ctg9_hap1	0	588516	590426	0.996765
chr4_ctg9_hap1	1	1820	590426	0.00308252
chr4_ctg9_hap1	2	90	590426	0.000152432
chr4_gl000193_random	0	180636	189789	0.951773
chr4_gl000193_random	1	8210	189789	0.0432586
chr4_gl000193_random	2	839	189789	0.0044207
chr4_gl000193_random	3	104	189789	0.000547977
chr4_gl000194_random	0	186763	191469	0.975422
chr4_gl000194_random	1	4512	191469	0.0235652
chr4_gl000194_random	2	194	191469	0.00101322
chr6_apd_hap1	0	4615293	4622290	0.998486
chr6_apd_hap1	1	6644	4622290	0.00143738
chr6_apd_hap1	2	353	4622290	7.63691e-05
chr6_cox_hap2	0	4776568	4795371	0.996079
chr6_cox_hap2	1	18406	4795371	0.00383828
chr6_cox_hap2	2	397	4795371	8.27882e-05
chr6_dbb_hap3	0	4594646	4610396	0.996584
chr6_dbb_hap3	1	15400	4610396	0.00334028
chr6_dbb_hap3	2	350	4610396	7.59154e-05
chr6_mann_hap4	0	4668223	4683263	0.996789
chr6_mann_hap4	1	14580	4683263	0.00311321
chr6_mann_hap4	2	460	4683263	9.82221e-05
chr6_mcf_hap5	0	4818119	4833398	0.996839
chr6_mcf_hap5	1	15058	4833398	0.00311541
chr6_mcf_hap5	2	221	4833398	4.57235e-05
chr6_qbl_hap6	0	4595283	4611984	0.996379
chr6_qbl_hap6	1	16052	4611984	0.0034805
chr6_qbl_hap6	2	649	4611984	0.00014072
chr6_ssto_hap7	0	4912991	4928567	0.99684
chr6_ssto_hap7	1	15052	4928567	0.00305403
chr6_ssto_hap7	2	524	4928567	0.000106319
chr7_gl000195_random	0	173932	182896	0.950989
chr7_gl000195_random	1	8528	182896	0.0466276
chr7_gl000195_random	2	436	182896	0.00238387
chr8_gl000196_random	0	38864	38914	0.998715
chr8_gl000196_random	1	50	38914	0.00128488
chr8_gl000197_random	0	37125	37175	0.998655
chr8_gl000197_random	1	50	37175	0.00134499
chr9_gl000198_random	0	87312	90085	0.969218
chr9_gl000198_random	1	2578	90085	0.0286174
chr9_gl000198_random	2	146	90085	0.00162069
chr9_gl000198_random	3	16	90085	0.00017761
chr9_gl000198_random	4	33	90085	0.000366321
chr9_gl000199_random	0	139779	169874	0.822839
chr9_gl000199_random	1	20661	169874	0.121625
chr9_gl000199_random	2	5553	169874	0.0326889
chr9_gl000199_random	3	1896	169874	0.0111612
chr9_gl000199_random	4	844	169874	0.00496839
chr9_gl000199_random	5	570	169874	0.00335543
chr9_gl000199_random	6	243	169874	0.00143047
chr9_gl000199_random	7	115	169874	0.000676972
chr9_gl000199_random	8	96	169874	0.000565125
chr9_gl000199_random	9	89	169874	0.000523918
chr9_gl000199_random	10	21	169874	0.000123621
chr9_gl000199_random	11	7	169874	4.1207e-05
chr9_gl000200_random	0	186185	187035	0.995455
chr9_gl000200_random	1	850	187035	0.0045446
chr9_gl000201_random	0	36048	36148	0.997234
chr9_gl000201_random	1	100	36148	0.0027664
chr11_gl000202_random	0	39603	40103	0.987532
chr11_gl000202_random	1	500	40103	0.0124679
chr17_ctg5_hap1	0	1670535	1680828	0.993876
chr17_ctg5_hap1	1	9736	1680828	0.00579238
chr17_ctg5_hap1	2	557	1680828	0.000331384
chr17_gl000203_random	0	37075	37498	0.988719
chr17_gl000203_random	1	396	37498	0.0105606
chr17_gl000203_random	2	27	37498	0.000720038
chr17_gl000204_random	0	79540	81310	0.978231
chr17_gl000204_random	1	1690	81310	0.0207847
chr17_gl000204_random	2	80	81310	0.000983889
chr17_gl000205_random	0	167568	174588	0.959791
chr17_gl000205_random	1	6640	174588	0.0380324
chr17_gl000205_random	2	380	174588	0.00217655
chr17_gl000206_random	0	40751	41001	0.993903
chr17_gl000206_random	1	250	41001	0.00609741
chr18_gl000207_random	0	4094	4262	0.960582
chr18_gl000207_random	1	136	4262	0.0319099
chr18_gl000207_random	2	32	4262	0.00750821
chr19_gl000208_random	0	88593	92689	0.955809
chr19_gl000208_random	1	3446	92689	0.0371781
chr19_gl000208_random	2	433	92689	0.00467154
chr19_gl000208_random	3	158	92689	0.00170463
chr19_gl000208_random	4	31	92689	0.000334452
chr19_gl000208_random	5	28	92689	0.000302085
chr19_gl000209_random	0	158525	159169	0.995954
chr19_gl000209_random	1	538	159169	0.00338006
chr19_gl000209_random	2	106	159169	0.000665959
chrUn_gl000211	0	164385	166566	0.986906
chrUn_gl000211	1	2062	166566	0.0123795
chrUn_gl000211	2	119	166566	0.000714432
chrUn_gl000212	0	181151	186858	0.969458
chrUn_gl000212	1	5349	186858	0.028626
chrUn_gl000212	2	323	186858	0.00172859
chrUn_gl000212	3	35	186858	0.000187308
chrUn_gl000213	0	163189	164239	0.993607
chrUn_gl000213	1	1050	164239	0.00639312
chrUn_gl000214	0	122503	137718	0.889521
chrUn_gl000214	1	10864	137718	0.0788858
chrUn_gl000214	2	2804	137718	0.0203604
chrUn_gl000214	3	862	137718	0.00625917
chrUn_gl000214	4	367	137718	0.00266487
chrUn_gl000214	5	127	137718	0.000922174
chrUn_gl000214	6	88	137718	0.000638987
chrUn_gl000214	7	44	137718	0.000319493
chrUn_gl000214	8	10	137718	7.26122e-05
chrUn_gl000214	9	10	137718	7.26122e-05
chrUn_gl000214	10	12	137718	8.71346e-05
chrUn_gl000214	11	11	137718	7.98734e-05
chrUn_gl000214	12	16	137718	0.000116179
chrUn_gl000215	0	171689	172545	0.995039
chrUn_gl000215	1	812	172545	0.00470602
chrUn_gl000215	2	44	172545	0.000255006
chrUn_gl000216	0	162406	172294	0.94261
chrUn_gl000216	1	7783	172294	0.0451728
chrUn_gl000216	2	1110	172294	0.00644248
chrUn_gl000216	3	406	172294	0.00235644
chrUn_gl000216	4	265	172294	0.00153807
chrUn_gl000216	5	111	172294	0.000644248
chrUn_gl000216	6	57	172294	0.00033083
chrUn_gl000216	7	59	172294	0.000342438
chrUn_gl000216	8	31	172294	0.000179925
chrUn_gl000216	9	5	172294	2.90202e-05
chrUn_gl000216	10	3	172294	1.74121e-05
chrUn_gl000216	11	4	172294	2.32161e-05
chrUn_gl000216	12	4	172294	2.32161e-05
chrUn_gl000216	13	4	172294	2.32161e-05
chrUn_gl000216	14	4	172294	2.32161e-05
chrUn_gl000216	15	4	172294	2.32161e-05
chrUn_gl000216	16	6	172294	3.48242e-05
chrUn_gl000216	17	8	172294	4.64323e-05
chrUn_gl000216	18	13	172294	7.54524e-05
chrUn_gl000216	19	10	172294	5.80403e-05
chrUn_gl000216	20	1	172294	5.80403e-06
chrUn_gl000217	0	169908	172149	0.986982
chrUn_gl000217	1	2132	172149	0.0123846
chrUn_gl000217	2	109	172149	0.000633172
chrUn_gl000218	0	158073	161147	0.980924
chrUn_gl000218	1	2848	161147	0.0176733
chrUn_gl000218	2	226	161147	0.00140245
chrUn_gl000219	0	173996	179198	0.970971
chrUn_gl000219	1	4804	179198	0.0268083
chrUn_gl000219	2	398	179198	0.00222101
chrUn_gl000220	0	127347	161802	0.787055
chrUn_gl000220	1	19771	161802	0.122193
chrUn_gl000220	2	7916	161802	0.048924
chrUn_gl000220	3	4080	161802	0.025216
chrUn_gl000220	4	1681	161802	0.0103892
chrUn_gl000220	5	735	161802	0.00454259
chrUn_gl000220	6	216	161802	0.00133496
chrUn_gl000220	7	36	161802	0.000222494
chrUn_gl000220	8	20	161802	0.000123608
chrUn_gl000221	0	151082	155397	0.972232
chrUn_gl000221	1	4230	155397	0.0272206
chrUn_gl000221	2	85	155397	0.000546986
chrUn_gl000222	0	185046	186861	0.990287
chrUn_gl000222	1	1638	186861	0.00876587
chrUn_gl000222	2	169	186861	0.000904416
chrUn_gl000222	3	8	186861	4.28126e-05
chrUn_gl000223	0	178196	180455	0.987482
chrUn_gl000223	1	2218	180455	0.0122912
chrUn_gl000223	2	41	180455	0.000227203
chrUn_gl000224	0	167286	179693	0.930954
chrUn_gl000224	1	9859	179693	0.0548658
chrUn_gl000224	2	1804	179693	0.0100393
chrUn_gl000224	3	593	179693	0.00330007
chrUn_gl000224	4	70	179693	0.000389553
chrUn_gl000224	5	62	179693	0.000345033
chrUn_gl000224	6	19	179693	0.000105736
chrUn_gl000225	0	193018	211173	0.914028
chrUn_gl000225	1	13331	211173	0.0631283
chrUn_gl000225	2	2604	211173	0.0123311
chrUn_gl000225	3	1042	211173	0.00493434
chrUn_gl000225	4	322	211173	0.00152482
chrUn_gl000225	5	249	211173	0.00117913
chrUn_gl000225	6	133	211173	0.000629815
chrUn_gl000225	7	149	211173	0.000705583
chrUn_gl000225	8	151	211173	0.000715054
chrUn_gl000225	9	67	211173	0.000317275
chrUn_gl000225	10	38	211173	0.000179947
chrUn_gl000225	11	19	211173	8.99736e-05
chrUn_gl000225	12	1	211173	4.73545e-06
chrUn_gl000225	13	18	211173	8.52382e-05
chrUn_gl000225	14	4	211173	1.89418e-05
chrUn_gl000225	16	8	211173	3.78836e-05
chrUn_gl000225	17	11	211173	5.209e-05
chrUn_gl000225	18	8	211173	3.78836e-05
chrUn_gl000226	0	2606	15008	0.173641
chrUn_gl000226	1	2821	15008	0.187966
chrUn_gl000226	2	2307	15008	0.153718
chrUn_gl000226	3	1945	15008	0.129598
chrUn_gl000226	4	1528	15008	0.101812
chrUn_gl000226	5	1065	15008	0.0709622
chrUn_gl000226	6	817	15008	0.0544376
chrUn_gl000226	7	515	15008	0.034315
chrUn_gl000226	8	445	15008	0.0296509
chrUn_gl000226	9	351	15008	0.0233875
chrUn_gl000226	10	211	15008	0.0140592
chrUn_gl000226	11	174	15008	0.0115938
chrUn_gl000226	12	92	15008	0.00613006
chrUn_gl000226	13	67	15008	0.00446429
chrUn_gl000226	14	44	15008	0.00293177
chrUn_gl000226	15	18	15008	0.00119936
chrUn_gl000226	16	2	15008	0.000133262
chrUn_gl000227	0	126821	128374	0.987903
chrUn_gl000227	1	1456	128374	0.0113419
chrUn_gl000227	2	97	128374	0.000755605
chrUn_gl000228	0	125186	129120	0.969532
chrUn_gl000228	1	2640	129120	0.0204461
chrUn_gl000228	2	495	129120	0.00383364
chrUn_gl000228	3	203	129120	0.00157218
chrUn_gl000228	4	152	129120	0.0011772
chrUn_gl000228	5	74	129120	0.00057311
chrUn_gl000228	6	64	129120	0.000495663
chrUn_gl000228	7	84	129120	0.000650558
chrUn_gl000228	8	55	129120	0.00042596
chrUn_gl000228	9	38	129120	0.0002943
chrUn_gl000228	10	12	129120	9.29368e-05
chrUn_gl000228	11	13	129120	0.000100682
chrUn_gl000228	12	7	129120	5.42131e-05
chrUn_gl000228	13	9	129120	6.97026e-05
chrUn_gl000228	14	8	129120	6.19579e-05
chrUn_gl000228	15	12	129120	9.29368e-05
chrUn_gl000228	16	18	129120	0.000139405
chrUn_gl000228	17	27	129120	0.000209108
chrUn_gl000228	18	11	129120	8.51921e-05
chrUn_gl000228	19	12	129120	9.29368e-05
chrUn_gl000229	0	19169	19913	0.962637
chrUn_gl000229	1	738	19913	0.0370612
chrUn_gl000229	2	6	19913	0.000301311
chrUn_gl000230	0	43041	43691	0.985123
chrUn_gl000230	1	650	43691	0.0148772
chrUn_gl000231	0	26494	27386	0.967429
chrUn_gl000231	1	834	27386	0.0304535
chrUn_gl000231	2	58	27386	0.00211787
chrUn_gl000232	0	37719	40652	0.927851
chrUn_gl000232	1	2650	40652	0.0651874
chrUn_gl000232	2	249	40652	0.00612516
chrUn_gl000232	3	34	40652	0.000836367
chrUn_gl000233	0	45341	45941	0.98694
chrUn_gl000233	1	600	45941	0.0130602
chrUn_gl000234	0	38766	40531	0.956453
chrUn_gl000234	1	1680	40531	0.0414498
chrUn_gl000234	2	85	40531	0.00209716
chrUn_gl000235	0	33380	34474	0.968266
chrUn_gl000235	1	1040	34474	0.0301677
chrUn_gl000235	2	52	34474	0.00150838
chrUn_gl000235	3	2	34474	5.80147e-05
chrUn_gl000236	0	41534	41934	0.990461
chrUn_gl000236	1	400	41934	0.0095388
chrUn_gl000237	0	43955	45867	0.958314
chrUn_gl000237	1	1774	45867	0.038677
chrUn_gl000237	2	138	45867	0.0030087
chrUn_gl000238	0	39689	39939	0.99374
chrUn_gl000238	1	250	39939	0.00625955
chrUn_gl000239	0	32235	33824	0.953022
chrUn_gl000239	1	1428	33824	0.0422185
chrUn_gl000239	2	161	33824	0.00475993
chrUn_gl000240	0	41481	41933	0.989221
chrUn_gl000240	1	404	41933	0.00963442
chrUn_gl000240	2	48	41933	0.00114468
chrUn_gl000241	0	40136	42152	0.952173
chrUn_gl000241	1	1982	42152	0.0470203
chrUn_gl000241	2	34	42152	0.000806605
chrUn_gl000242	0	43184	43523	0.992211
chrUn_gl000242	1	278	43523	0.00638743
chrUn_gl000242	2	61	43523	0.00140156
chrUn_gl000243	0	42302	43341	0.976027
chrUn_gl000243	1	978	43341	0.0225652
chrUn_gl000243	2	61	43341	0.00140744
chrUn_gl000244	0	39097	39929	0.979163
chrUn_gl000244	1	814	39929	0.0203862
chrUn_gl000244	2	18	39929	0.0004508
chrUn_gl000245	0	35726	36651	0.974762
chrUn_gl000245	1	900	36651	0.0245559
chrUn_gl000245	2	25	36651	0.00068211
chrUn_gl000246	0	37904	38154	0.993448
chrUn_gl000246	1	250	38154	0.00655239
chrUn_gl000247	0	36172	36422	0.993136
chrUn_gl000247	1	250	36422	0.00686398
chrUn_gl000248	0	39386	39786	0.989946
chrUn_gl000248	1	400	39786	0.0100538
chrUn_gl000249	0	38152	38502	0.99091
chrUn_gl000249	1	350	38502	0.00909044
chr21_gl000210_random	0	27682	27682	1
genome	0	3099236651	3137161264	0.987911
genome	1	36536915	3137161264	0.0116465
genome	2	1262387	3137161264	0.000402398
genome	3	52836	3137161264	1.6842e-05
genome	4	17301	3137161264	5.51486e-06
genome	5	9965	3137161264	3.17644e-06
genome	6	6898	3137161264	2.1988e-06
genome	7	4645	3137161264	1.48064e-06
genome	8	3666	3137161264	1.16857e-06
genome	9	2968	3137161264	9.46078e-07
genome	10	2642	3137161264	8.42163e-07
genome	11	2593	3137161264	8.26543e-07
genome	12	2310	3137161264	7.36334e-07
genome	13	2220	3137161264	7.07646e-07
genome	14	2156	3137161264	6.87246e-07
genome	15	1941	3137161264	6.18712e-07
genome	16	1862	3137161264	5.9353e-07
genome	17	1504	3137161264	4.79414e-07
genome	18	1239	3137161264	3.94943e-07
genome	19	1099	3137161264	3.50317e-07
genome	20	859	3137161264	2.73814e-07
genome	21	771	3137161264	2.45764e-07
genome	22	677	3137161264	2.158e-07
genome	23	604	3137161264	1.92531e-07
genome	24	500	3137161264	1.5938e-07
genome	25	346	3137161264	1.10291e-07
genome	26	297	3137161264	9.46716e-08
genome	27	267	3137161264	8.51088e-08
genome	28	214	3137161264	6.82145e-08
genome	29	184	3137161264	5.86518e-08
genome	30	184	3137161264	5.86518e-08
genome	31	137	3137161264	4.36701e-08
genome	32	121	3137161264	3.85699e-08
genome	33	98	3137161264	3.12384e-08
genome	34	84	3137161264	2.67758e-08
genome	35	75	3137161264	2.3907e-08
genome	36	105	3137161264	3.34697e-08
genome	37	85	3137161264	2.70946e-08
genome	38	111	3137161264	3.53823e-08
genome	39	90	3137161264	2.86884e-08
genome	40	92	3137161264	2.93259e-08
genome	41	102	3137161264	3.25135e-08
genome	42	91	3137161264	2.90071e-08
genome	43	96	3137161264	3.06009e-08
genome	44	84	3137161264	2.67758e-08
genome	45	55	3137161264	1.75318e-08
genome	46	56	3137161264	1.78505e-08
genome	47	68	3137161264	2.16756e-08
genome	48	60	3137161264	1.91256e-08
genome	49	68	3137161264	2.16756e-08
genome	50	76	3137161264	2.42257e-08
genome	51	58	3137161264	1.84881e-08
genome	52	41	3137161264	1.30691e-08
genome	53	37	3137161264	1.17941e-08
genome	54	29	3137161264	9.24403e-09
genome	55	14	3137161264	4.46263e-09
genome	56	19	3137161264	6.05643e-09
genome	57	9	3137161264	2.86884e-09
genome	58	11	3137161264	3.50635e-09
genome	59	7	3137161264	2.23132e-09
genome	60	6	3137161264	1.91256e-09
genome	61	12	3137161264	3.82511e-09
genome	62	6	3137161264	1.91256e-09
genome	63	12	3137161264	3.82511e-09
genome	64	8	3137161264	2.55008e-09
genome	65	13	3137161264	4.14387e-09
genome	66	17	3137161264	5.41891e-09
genome	67	15	3137161264	4.78139e-09
genome	68	18	3137161264	5.73767e-09
genome	69	11	3137161264	3.50635e-09
genome	70	12	3137161264	3.82511e-09
genome	71	17	3137161264	5.41891e-09
genome	72	15	3137161264	4.78139e-09
genome	73	15	3137161264	4.78139e-09
genome	74	9	3137161264	2.86884e-09
genome	75	6	3137161264	1.91256e-09
genome	76	12	3137161264	3.82511e-09
genome	77	7	3137161264	2.23132e-09
genome	78	4	3137161264	1.27504e-09
genome	79	7	3137161264	2.23132e-09
genome	80	10	3137161264	3.1876e-09
genome	81	5	3137161264	1.5938e-09
genome	82	3	3137161264	9.56279e-10
genome	83	8	3137161264	2.55008e-09
genome	86	1	3137161264	3.1876e-10
genome	87	1	3137161264	3.1876e-10
genome	88	2	3137161264	6.37519e-10
genome	91	5	3137161264	1.5938e-09
genome	92	1	3137161264	3.1876e-10
genome	93	3	3137161264	9.56279e-10
genome	94	3	3137161264	9.56279e-10
genome	95	3	3137161264	9.56279e-10
genome	96	3	3137161264	9.56279e-10
genome	97	1	3137161264	3.1876e-10
genome	98	3	3137161264	9.56279e-10
genome	99	1	3137161264	3.1876e-10
genome	100	5	3137161264	1.5938e-09
genome	101	2	3137161264	6.37519e-10
genome	103	1	3137161264	3.1876e-10
genome	104	3	3137161264	9.56279e-10
genome	105	2	3137161264	6.37519e-10
genome	106	3	3137161264	9.56279e-10
genome	107	1	3137161264	3.1876e-10
genome	108	4	3137161264	1.27504e-09
genome	109	4	3137161264	1.27504e-09
genome	114	1	3137161264	3.1876e-10
genome	116	3	3137161264	9.56279e-10
genome	117	2	3137161264	6.37519e-10
genome	118	2	3137161264	6.37519e-10
genome	119	7	3137161264	2.23132e-09
genome	120	11	3137161264	3.50635e-09
genome	121	7	3137161264	2.23132e-09
genome	122	6	3137161264	1.91256e-09
genome	123	3	3137161264	9.56279e-10
genome	124	6	3137161264	1.91256e-09
genome	125	3	3137161264	9.56279e-10
genome	126	8	3137161264	2.55008e-09
genome	127	5	3137161264	1.5938e-09
genome	128	8	3137161264	2.55008e-09
genome	129	5	3137161264	1.5938e-09
genome	130	8	3137161264	2.55008e-09
genome	131	6	3137161264	1.91256e-09
genome	132	6	3137161264	1.91256e-09
genome	133	8	3137161264	2.55008e-09
genome	135	1	3137161264	3.1876e-10
genome	136	10	3137161264	3.1876e-09
genome	137	10	3137161264	3.1876e-09
genome	138	1	3137161264	3.1876e-10
genome	139	2	3137161264	6.37519e-10
genome	140	3	3137161264	9.56279e-10
genome	141	5	3137161264	1.5938e-09
genome	142	5	3137161264	1.5938e-09
genome	143	1	3137161264	3.1876e-10
genome	144	6	3137161264	1.91256e-09
genome	145	5	3137161264	1.5938e-09
genome	146	4	3137161264	1.27504e-09
genome	147	2	3137161264	6.37519e-10
genome	148	3	3137161264	9.56279e-10
genome	149	4	3137161264	1.27504e-09
genome	150	2	3137161264	6.37519e-10
genome	152	3	3137161264	9.56279e-10
genome	153	5	3137161264	1.5938e-09
genome	155	2	3137161264	6.37519e-10
genome	156	6	3137161264	1.91256e-09
genome	157	3	3137161264	9.56279e-10
genome	158	3	3137161264	9.56279e-10
genome	159	5	3137161264	1.5938e-09
genome	160	2	3137161264	6.37519e-10
genome	161	2	3137161264	6.37519e-10
genome	162	3	3137161264	9.56279e-10
genome	163	1	3137161264	3.1876e-10
genome	164	6	3137161264	1.91256e-09
genome	165	1	3137161264	3.1876e-10
genome	166	2	3137161264	6.37519e-10
genome	167	1	3137161264	3.1876e-10
genome	168	4	3137161264	1.27504e-09
genome	169	2	3137161264	6.37519e-10
genome	170	3	3137161264	9.56279e-10
genome	171	2	3137161264	6.37519e-10
genome	172	1	3137161264	3.1876e-10
genome	173	4	3137161264	1.27504e-09
genome	174	2	3137161264	6.37519e-10
genome	176	1	3137161264	3.1876e-10
genome	177	1	3137161264	3.1876e-10
genome	179	1	3137161264	3.1876e-10
genome	181	1	3137161264	3.1876e-10
genome	182	1	3137161264	3.1876e-10
genome	184	1	3137161264	3.1876e-10
genome	185	2	3137161264	6.37519e-10
genome	187	3	3137161264	9.56279e-10
genome	190	2	3137161264	6.37519e-10
genome	191	4	3137161264	1.27504e-09
genome	194	1	3137161264	3.1876e-10
genome	195	1	3137161264	3.1876e-10
genome	196	1	3137161264	3.1876e-10
genome	197	1	3137161264	3.1876e-10
genome	199	1	3137161264	3.1876e-10
genome	200	2	3137161264	6.37519e-10
genome	201	1	3137161264	3.1876e-10
genome	202	3	3137161264	9.56279e-10
genome	203	3	3137161264	9.56279e-10
genome	205	1	3137161264	3.1876e-10
genome	207	2	3137161264	6.37519e-10
genome	210	1	3137161264	3.1876e-10
genome	211	1	3137161264	3.1876e-10
genome	217	1	3137161264	3.1876e-10
genome	218	1	3137161264	3.1876e-10
genome	219	1	3137161264	3.1876e-10
genome	220	1	3137161264	3.1876e-10
genome	221	2	3137161264	6.37519e-10
genome	222	1	3137161264	3.1876e-10
genome	223	1	3137161264	3.1876e-10
genome	225	1	3137161264	3.1876e-10
genome	226	2	3137161264	6.37519e-10
genome	227	1	3137161264	3.1876e-10
genome	231	1	3137161264	3.1876e-10
genome	232	3	3137161264	9.56279e-10
