chrM	0	1	16571	6.03464e-05
chrM	1	6	16571	0.000362078
chrM	2	45	16571	0.00271559
chrM	3	89	16571	0.00537083
chrM	4	141	16571	0.00850884
chrM	5	286	16571	0.0172591
chrM	6	384	16571	0.023173
chrM	7	600	16571	0.0362078
chrM	8	720	16571	0.0434494
chrM	9	1010	16571	0.0609499
chrM	10	1390	16571	0.0838815
chrM	11	1684	16571	0.101623
chrM	12	1557	16571	0.0939593
chrM	13	1429	16571	0.086235
chrM	14	1321	16571	0.0797176
chrM	15	1254	16571	0.0756744
chrM	16	916	16571	0.0552773
chrM	17	834	16571	0.0503289
chrM	18	592	16571	0.0357251
chrM	19	626	16571	0.0377768
chrM	20	512	16571	0.0308974
chrM	21	347	16571	0.0209402
chrM	22	203	16571	0.0122503
chrM	23	161	16571	0.00971577
chrM	24	144	16571	0.00868988
chrM	25	91	16571	0.00549152
chrM	26	45	16571	0.00271559
chrM	27	62	16571	0.00374148
chrM	28	50	16571	0.00301732
chrM	29	32	16571	0.00193108
chrM	30	12	16571	0.000724157
chrM	31	7	16571	0.000422425
chrM	32	5	16571	0.000301732
chrM	33	6	16571	0.000362078
chrM	34	1	16571	6.03464e-05
chrM	36	2	16571	0.000120693
chrM	37	4	16571	0.000241386
chrM	39	2	16571	0.000120693
chr1	0	245495724	249250621	0.984935
chr1	1	3615797	249250621	0.0145067
chr1	2	132417	249250621	0.00053126
chr1	3	4197	249250621	1.68385e-05
chr1	4	531	249250621	2.13039e-06
chr1	5	228	249250621	9.14742e-07
chr1	6	150	249250621	6.01804e-07
chr1	7	124	249250621	4.97491e-07
chr1	8	89	249250621	3.5707e-07
chr1	9	90	249250621	3.61082e-07
chr1	10	30	249250621	1.20361e-07
chr1	11	33	249250621	1.32397e-07
chr1	12	21	249250621	8.42525e-08
chr1	13	27	249250621	1.08325e-07
chr1	14	12	249250621	4.81443e-08
chr1	15	18	249250621	7.22165e-08
chr1	16	17	249250621	6.82044e-08
chr1	17	9	249250621	3.61082e-08
chr1	18	5	249250621	2.00601e-08
chr1	19	12	249250621	4.81443e-08
chr1	20	4	249250621	1.60481e-08
chr1	21	7	249250621	2.80842e-08
chr1	22	6	249250621	2.40722e-08
chr1	23	12	249250621	4.81443e-08
chr1	24	19	249250621	7.62285e-08
chr1	25	23	249250621	9.22766e-08
chr1	26	27	249250621	1.08325e-07
chr1	27	16	249250621	6.41924e-08
chr1	28	18	249250621	7.22165e-08
chr1	29	14	249250621	5.61684e-08
chr1	30	21	249250621	8.42525e-08
chr1	31	18	249250621	7.22165e-08
chr1	32	20	249250621	8.02405e-08
chr1	33	31	249250621	1.24373e-07
chr1	34	43	249250621	1.72517e-07
chr1	35	53	249250621	2.12637e-07
chr1	36	33	249250621	1.32397e-07
chr1	37	42	249250621	1.68505e-07
chr1	38	29	249250621	1.16349e-07
chr1	39	21	249250621	8.42525e-08
chr1	40	16	249250621	6.41924e-08
chr1	41	21	249250621	8.42525e-08
chr1	42	18	249250621	7.22165e-08
chr1	43	16	249250621	6.41924e-08
chr1	44	11	249250621	4.41323e-08
chr1	45	15	249250621	6.01804e-08
chr1	46	20	249250621	8.02405e-08
chr1	47	9	249250621	3.61082e-08
chr1	48	24	249250621	9.62886e-08
chr1	49	17	249250621	6.82044e-08
chr1	50	25	249250621	1.00301e-07
chr1	51	11	249250621	4.41323e-08
chr1	52	7	249250621	2.80842e-08
chr1	53	1	249250621	4.01203e-09
chr1	54	6	249250621	2.40722e-08
chr1	55	8	249250621	3.20962e-08
chr1	56	11	249250621	4.41323e-08
chr1	57	1	249250621	4.01203e-09
chr1	58	6	249250621	2.40722e-08
chr1	59	4	249250621	1.60481e-08
chr1	60	2	249250621	8.02405e-09
chr1	61	1	249250621	4.01203e-09
chr1	62	2	249250621	8.02405e-09
chr1	63	1	249250621	4.01203e-09
chr1	64	2	249250621	8.02405e-09
chr1	65	2	249250621	8.02405e-09
chr1	66	1	249250621	4.01203e-09
chr1	67	2	249250621	8.02405e-09
chr1	69	1	249250621	4.01203e-09
chr1	70	1	249250621	4.01203e-09
chr1	71	4	249250621	1.60481e-08
chr1	72	2	249250621	8.02405e-09
chr1	73	1	249250621	4.01203e-09
chr1	74	1	249250621	4.01203e-09
chr1	75	8	249250621	3.20962e-08
chr1	76	7	249250621	2.80842e-08
chr1	77	13	249250621	5.21563e-08
chr1	78	6	249250621	2.40722e-08
chr1	79	3	249250621	1.20361e-08
chr1	80	4	249250621	1.60481e-08
chr1	81	5	249250621	2.00601e-08
chr1	82	3	249250621	1.20361e-08
chr1	84	1	249250621	4.01203e-09
chr1	85	3	249250621	1.20361e-08
chr1	86	3	249250621	1.20361e-08
chr1	88	1	249250621	4.01203e-09
chr1	89	2	249250621	8.02405e-09
chr1	90	3	249250621	1.20361e-08
chr1	93	1	249250621	4.01203e-09
chr1	94	4	249250621	1.60481e-08
chr1	95	1	249250621	4.01203e-09
chr1	96	6	249250621	2.40722e-08
chr1	97	4	249250621	1.60481e-08
chr1	98	1	249250621	4.01203e-09
chr1	103	1	249250621	4.01203e-09
chr1	107	1	249250621	4.01203e-09
chr1	111	1	249250621	4.01203e-09
chr1	113	3	249250621	1.20361e-08
chr1	114	2	249250621	8.02405e-09
chr1	115	4	249250621	1.60481e-08
chr1	116	4	249250621	1.60481e-08
chr1	117	1	249250621	4.01203e-09
chr1	118	4	249250621	1.60481e-08
chr1	120	7	249250621	2.80842e-08
chr1	121	3	249250621	1.20361e-08
chr1	122	5	249250621	2.00601e-08
chr1	123	2	249250621	8.02405e-09
chr1	124	6	249250621	2.40722e-08
chr1	125	3	249250621	1.20361e-08
chr1	127	2	249250621	8.02405e-09
chr1	129	3	249250621	1.20361e-08
chr1	130	1	249250621	4.01203e-09
chr1	131	1	249250621	4.01203e-09
chr1	132	3	249250621	1.20361e-08
chr1	133	2	249250621	8.02405e-09
chr1	135	7	249250621	2.80842e-08
chr1	136	1	249250621	4.01203e-09
chr1	137	6	249250621	2.40722e-08
chr1	138	1	249250621	4.01203e-09
chr1	140	4	249250621	1.60481e-08
chr1	141	2	249250621	8.02405e-09
chr1	142	5	249250621	2.00601e-08
chr1	143	7	249250621	2.80842e-08
chr1	144	3	249250621	1.20361e-08
chr1	145	5	249250621	2.00601e-08
chr1	146	8	249250621	3.20962e-08
chr1	147	7	249250621	2.80842e-08
chr1	148	9	249250621	3.61082e-08
chr1	149	10	249250621	4.01203e-08
chr1	150	11	249250621	4.41323e-08
chr1	151	1	249250621	4.01203e-09
chr1	152	2	249250621	8.02405e-09
chr1	153	7	249250621	2.80842e-08
chr1	154	4	249250621	1.60481e-08
chr1	155	3	249250621	1.20361e-08
chr1	156	1	249250621	4.01203e-09
chr1	157	1	249250621	4.01203e-09
chr1	158	2	249250621	8.02405e-09
chr1	159	1	249250621	4.01203e-09
chr1	160	6	249250621	2.40722e-08
chr1	161	3	249250621	1.20361e-08
chr1	162	1	249250621	4.01203e-09
chr1	163	4	249250621	1.60481e-08
chr1	164	5	249250621	2.00601e-08
chr1	165	3	249250621	1.20361e-08
chr1	166	3	249250621	1.20361e-08
chr1	167	2	249250621	8.02405e-09
chr1	168	2	249250621	8.02405e-09
chr1	169	2	249250621	8.02405e-09
chr1	170	5	249250621	2.00601e-08
chr1	171	2	249250621	8.02405e-09
chr1	173	7	249250621	2.80842e-08
chr1	174	8	249250621	3.20962e-08
chr1	175	4	249250621	1.60481e-08
chr1	177	3	249250621	1.20361e-08
chr1	178	1	249250621	4.01203e-09
chr1	179	2	249250621	8.02405e-09
chr1	180	2	249250621	8.02405e-09
chr1	181	3	249250621	1.20361e-08
chr1	182	1	249250621	4.01203e-09
chr1	183	1	249250621	4.01203e-09
chr1	184	3	249250621	1.20361e-08
chr1	185	1	249250621	4.01203e-09
chr1	186	4	249250621	1.60481e-08
chr1	187	2	249250621	8.02405e-09
chr1	189	1	249250621	4.01203e-09
chr1	190	1	249250621	4.01203e-09
chr1	192	3	249250621	1.20361e-08
chr1	193	3	249250621	1.20361e-08
chr1	194	2	249250621	8.02405e-09
chr1	195	1	249250621	4.01203e-09
chr1	197	4	249250621	1.60481e-08
chr1	200	1	249250621	4.01203e-09
chr1	205	1	249250621	4.01203e-09
chr1	206	1	249250621	4.01203e-09
chr1	207	1	249250621	4.01203e-09
chr1	209	1	249250621	4.01203e-09
chr1	211	2	249250621	8.02405e-09
chr1	212	2	249250621	8.02405e-09
chr1	213	1	249250621	4.01203e-09
chr1	214	1	249250621	4.01203e-09
chr1	217	2	249250621	8.02405e-09
chr1	219	1	249250621	4.01203e-09
chr1	220	4	249250621	1.60481e-08
chr1	221	2	249250621	8.02405e-09
chr1	223	2	249250621	8.02405e-09
chr2	0	240217757	243199373	0.98774
chr2	1	2871983	243199373	0.0118092
chr2	2	101864	243199373	0.00041885
chr2	3	4182	243199373	1.71958e-05
chr2	4	1287	243199373	5.29195e-06
chr2	5	824	243199373	3.38817e-06
chr2	6	450	243199373	1.85033e-06
chr2	7	312	243199373	1.2829e-06
chr2	8	211	243199373	8.67601e-07
chr2	9	150	243199373	6.16778e-07
chr2	10	109	243199373	4.48192e-07
chr2	11	100	243199373	4.11185e-07
chr2	12	52	243199373	2.13816e-07
chr2	13	31	243199373	1.27467e-07
chr2	14	16	243199373	6.57896e-08
chr2	15	22	243199373	9.04608e-08
chr2	16	10	243199373	4.11185e-08
chr2	17	12	243199373	4.93422e-08
chr2	18	1	243199373	4.11185e-09
chr3	0	195269664	198022430	0.986099
chr3	1	2661473	198022430	0.0134403
chr3	2	89218	198022430	0.000450545
chr3	3	1895	198022430	9.56962e-06
chr3	4	47	198022430	2.37347e-07
chr3	5	3	198022430	1.51498e-08
chr3	6	7	198022430	3.53495e-08
chr3	7	7	198022430	3.53495e-08
chr3	9	5	198022430	2.52497e-08
chr3	10	2	198022430	1.00999e-08
chr3	11	2	198022430	1.00999e-08
chr3	12	1	198022430	5.04993e-09
chr3	13	3	198022430	1.51498e-08
chr3	14	6	198022430	3.02996e-08
chr3	15	5	198022430	2.52497e-08
chr3	16	10	198022430	5.04993e-08
chr3	17	1	198022430	5.04993e-09
chr3	18	3	198022430	1.51498e-08
chr3	19	4	198022430	2.01997e-08
chr3	20	6	198022430	3.02996e-08
chr3	21	9	198022430	4.54494e-08
chr3	22	14	198022430	7.06991e-08
chr3	23	11	198022430	5.55493e-08
chr3	24	4	198022430	2.01997e-08
chr3	25	7	198022430	3.53495e-08
chr3	26	9	198022430	4.54494e-08
chr3	27	9	198022430	4.54494e-08
chr3	28	5	198022430	2.52497e-08
chr4	0	189443096	191154276	0.991048
chr4	1	1656194	191154276	0.00866417
chr4	2	52928	191154276	0.000276886
chr4	3	1508	191154276	7.88892e-06
chr4	4	321	191154276	1.67927e-06
chr4	5	127	191154276	6.64385e-07
chr4	6	45	191154276	2.35412e-07
chr4	7	33	191154276	1.72635e-07
chr4	8	10	191154276	5.23138e-08
chr4	9	14	191154276	7.32393e-08
chr5	0	179224261	180915260	0.990653
chr5	1	1635407	180915260	0.00903963
chr5	2	54783	180915260	0.00030281
chr5	3	809	180915260	4.47171e-06
chr6	0	168040223	171115067	0.982031
chr6	1	2961841	171115067	0.0173091
chr6	2	107032	171115067	0.000625497
chr6	3	2632	171115067	1.53815e-05
chr6	4	75	171115067	4.38302e-07
chr6	5	101	171115067	5.90246e-07
chr6	6	116	171115067	6.77906e-07
chr6	7	132	171115067	7.71411e-07
chr6	8	212	171115067	1.23893e-06
chr6	9	253	171115067	1.47854e-06
chr6	10	254	171115067	1.48438e-06
chr6	11	322	171115067	1.88177e-06
chr6	12	314	171115067	1.83502e-06
chr6	13	288	171115067	1.68308e-06
chr6	14	327	171115067	1.91099e-06
chr6	15	308	171115067	1.79996e-06
chr6	16	254	171115067	1.48438e-06
chr6	17	179	171115067	1.04608e-06
chr6	18	88	171115067	5.14274e-07
chr6	19	65	171115067	3.79861e-07
chr6	20	39	171115067	2.27917e-07
chr6	21	11	171115067	6.42842e-08
chr6	22	1	171115067	5.84402e-09
chr7	0	157130229	159138663	0.987379
chr7	1	1938660	159138663	0.0121822
chr7	2	66442	159138663	0.00041751
chr7	3	1479	159138663	9.29378e-06
chr7	4	175	159138663	1.09967e-06
chr7	5	144	159138663	9.04871e-07
chr7	6	99	159138663	6.22099e-07
chr7	7	55	159138663	3.45611e-07
chr7	8	27	159138663	1.69663e-07
chr7	9	51	159138663	3.20475e-07
chr7	10	61	159138663	3.83314e-07
chr7	11	29	159138663	1.82231e-07
chr7	12	23	159138663	1.44528e-07
chr7	13	44	159138663	2.76488e-07
chr7	14	41	159138663	2.57637e-07
chr7	15	43	159138663	2.70205e-07
chr7	16	24	159138663	1.50812e-07
chr7	17	38	159138663	2.38785e-07
chr7	18	26	159138663	1.6338e-07
chr7	19	19	159138663	1.19393e-07
chr7	20	20	159138663	1.25677e-07
chr7	21	24	159138663	1.50812e-07
chr7	22	19	159138663	1.19393e-07
chr7	23	12	159138663	7.54059e-08
chr7	24	18	159138663	1.13109e-07
chr7	25	14	159138663	8.79736e-08
chr7	26	5	159138663	3.14191e-08
chr7	27	19	159138663	1.19393e-07
chr7	28	23	159138663	1.44528e-07
chr7	29	20	159138663	1.25677e-07
chr7	30	29	159138663	1.82231e-07
chr7	31	33	159138663	2.07366e-07
chr7	32	22	159138663	1.38244e-07
chr7	33	25	159138663	1.57096e-07
chr7	34	27	159138663	1.69663e-07
chr7	35	27	159138663	1.69663e-07
chr7	36	28	159138663	1.75947e-07
chr7	37	30	159138663	1.88515e-07
chr7	38	27	159138663	1.69663e-07
chr7	39	28	159138663	1.75947e-07
chr7	40	39	159138663	2.45069e-07
chr7	41	26	159138663	1.6338e-07
chr7	42	42	159138663	2.63921e-07
chr7	43	37	159138663	2.32502e-07
chr7	44	27	159138663	1.69663e-07
chr7	45	23	159138663	1.44528e-07
chr7	46	23	159138663	1.44528e-07
chr7	47	28	159138663	1.75947e-07
chr7	48	29	159138663	1.82231e-07
chr7	49	46	159138663	2.89056e-07
chr7	50	31	159138663	1.94799e-07
chr7	51	27	159138663	1.69663e-07
chr7	52	24	159138663	1.50812e-07
chr7	53	22	159138663	1.38244e-07
chr7	54	18	159138663	1.13109e-07
chr7	55	10	159138663	6.28383e-08
chr7	56	9	159138663	5.65545e-08
chr7	57	15	159138663	9.42574e-08
chr7	58	4	159138663	2.51353e-08
chr7	59	7	159138663	4.39868e-08
chr7	60	12	159138663	7.54059e-08
chr7	61	2	159138663	1.25677e-08
chr7	62	1	159138663	6.28383e-09
chr7	63	1	159138663	6.28383e-09
chr7	64	1	159138663	6.28383e-09
chr8	0	144362635	146364022	0.986326
chr8	1	1921060	146364022	0.0131252
chr8	2	75008	146364022	0.000512476
chr8	3	3782	146364022	2.58397e-05
chr8	4	925	146364022	6.31986e-06
chr8	5	383	146364022	2.61676e-06
chr8	6	106	146364022	7.24222e-07
chr8	7	82	146364022	5.60247e-07
chr8	8	22	146364022	1.5031e-07
chr8	9	13	146364022	8.88196e-08
chr8	10	6	146364022	4.09937e-08
chr9	0	139571352	141213431	0.988372
chr9	1	1584836	141213431	0.011223
chr9	2	55625	141213431	0.000393907
chr9	3	1327	141213431	9.39712e-06
chr9	4	96	141213431	6.79822e-07
chr9	5	62	141213431	4.39052e-07
chr9	6	62	141213431	4.39052e-07
chr9	7	53	141213431	3.75318e-07
chr9	8	16	141213431	1.13304e-07
chr9	9	2	141213431	1.4163e-08
chr10	0	133867806	135534747	0.987701
chr10	1	1594680	135534747	0.0117658
chr10	2	59402	135534747	0.000438279
chr10	3	2689	135534747	1.98399e-05
chr10	4	1562	135534747	1.15247e-05
chr10	5	1158	135534747	8.54393e-06
chr10	6	940	135534747	6.93549e-06
chr10	7	836	135534747	6.16816e-06
chr10	8	696	135534747	5.13521e-06
chr10	9	550	135534747	4.058e-06
chr10	10	434	135534747	3.20213e-06
chr10	11	287	135534747	2.11754e-06
chr10	12	267	135534747	1.96997e-06
chr10	13	265	135534747	1.95522e-06
chr10	14	208	135534747	1.53466e-06
chr10	15	221	135534747	1.63058e-06
chr10	16	205	135534747	1.51253e-06
chr10	17	201	135534747	1.48301e-06
chr10	18	208	135534747	1.53466e-06
chr10	19	180	135534747	1.32807e-06
chr10	20	153	135534747	1.12886e-06
chr10	21	129	135534747	9.51785e-07
chr10	22	131	135534747	9.66542e-07
chr10	23	134	135534747	9.88676e-07
chr10	24	104	135534747	7.67331e-07
chr10	25	107	135534747	7.89465e-07
chr10	26	76	135534747	5.60742e-07
chr10	27	67	135534747	4.94338e-07
chr10	28	78	135534747	5.75498e-07
chr10	29	83	135534747	6.12389e-07
chr10	30	57	135534747	4.20556e-07
chr10	31	58	135534747	4.27935e-07
chr10	32	43	135534747	3.17262e-07
chr10	33	38	135534747	2.80371e-07
chr10	34	38	135534747	2.80371e-07
chr10	35	30	135534747	2.21345e-07
chr10	36	28	135534747	2.06589e-07
chr10	37	41	135534747	3.02505e-07
chr10	38	24	135534747	1.77076e-07
chr10	39	32	135534747	2.36102e-07
chr10	40	26	135534747	1.91833e-07
chr10	41	23	135534747	1.69698e-07
chr10	42	22	135534747	1.6232e-07
chr10	43	19	135534747	1.40185e-07
chr10	44	16	135534747	1.18051e-07
chr10	45	19	135534747	1.40185e-07
chr10	46	29	135534747	2.13967e-07
chr10	47	19	135534747	1.40185e-07
chr10	48	19	135534747	1.40185e-07
chr10	49	10	135534747	7.37818e-08
chr10	50	11	135534747	8.116e-08
chr10	51	20	135534747	1.47564e-07
chr10	52	17	135534747	1.25429e-07
chr10	53	26	135534747	1.91833e-07
chr10	54	23	135534747	1.69698e-07
chr10	55	8	135534747	5.90255e-08
chr10	56	18	135534747	1.32807e-07
chr10	57	11	135534747	8.116e-08
chr10	58	11	135534747	8.116e-08
chr10	59	9	135534747	6.64036e-08
chr10	60	9	135534747	6.64036e-08
chr10	61	4	135534747	2.95127e-08
chr10	62	8	135534747	5.90255e-08
chr10	63	7	135534747	5.16473e-08
chr10	64	3	135534747	2.21345e-08
chr10	65	7	135534747	5.16473e-08
chr10	66	4	135534747	2.95127e-08
chr10	67	4	135534747	2.95127e-08
chr10	68	3	135534747	2.21345e-08
chr10	69	4	135534747	2.95127e-08
chr10	70	2	135534747	1.47564e-08
chr10	71	5	135534747	3.68909e-08
chr10	72	4	135534747	2.95127e-08
chr10	73	10	135534747	7.37818e-08
chr10	74	14	135534747	1.03295e-07
chr10	75	8	135534747	5.90255e-08
chr10	76	8	135534747	5.90255e-08
chr10	77	8	135534747	5.90255e-08
chr10	78	11	135534747	8.116e-08
chr10	79	6	135534747	4.42691e-08
chr10	80	6	135534747	4.42691e-08
chr10	81	2	135534747	1.47564e-08
chr10	82	3	135534747	2.21345e-08
chr10	83	3	135534747	2.21345e-08
chr10	84	1	135534747	7.37818e-09
chr10	86	1	135534747	7.37818e-09
chr11	0	133316660	135006516	0.987483
chr11	1	1631057	135006516	0.0120813
chr11	2	56231	135006516	0.000416506
chr11	3	1285	135006516	9.51806e-06
chr11	4	322	135006516	2.38507e-06
chr11	5	309	135006516	2.28878e-06
chr11	6	131	135006516	9.70324e-07
chr11	7	105	135006516	7.7774e-07
chr11	8	105	135006516	7.7774e-07
chr11	9	121	135006516	8.96253e-07
chr11	10	45	135006516	3.33317e-07
chr11	11	35	135006516	2.59247e-07
chr11	12	18	135006516	1.33327e-07
chr11	13	5	135006516	3.70352e-08
chr11	14	16	135006516	1.18513e-07
chr11	15	5	135006516	3.70352e-08
chr11	16	27	135006516	1.9999e-07
chr11	17	21	135006516	1.55548e-07
chr11	18	5	135006516	3.70352e-08
chr11	19	11	135006516	8.14776e-08
chr11	20	2	135006516	1.48141e-08
chr12	0	132159641	133851895	0.987357
chr12	1	1636063	133851895	0.0122229
chr12	2	55103	133851895	0.000411671
chr12	3	1021	133851895	7.62783e-06
chr12	4	67	133851895	5.00553e-07
chr13	0	114234243	115169878	0.991876
chr13	1	907837	115169878	0.00788259
chr13	2	27319	115169878	0.000237206
chr13	3	424	115169878	3.68152e-06
chr13	4	6	115169878	5.2097e-08
chr13	5	11	115169878	9.55111e-08
chr13	6	1	115169878	8.68283e-09
chr13	7	28	115169878	2.43119e-07
chr13	8	9	115169878	7.81454e-08
chr14	0	106625265	107349540	0.993253
chr14	1	698179	107349540	0.00650379
chr14	2	25876	107349540	0.000241044
chr14	3	211	107349540	1.96554e-06
chr14	4	9	107349540	8.38383e-08
chr15	0	101544747	102531392	0.990377
chr15	1	953333	102531392	0.00929796
chr15	2	32810	102531392	0.00032
chr15	3	461	102531392	4.49618e-06
chr15	4	41	102531392	3.99878e-07
chr16	0	88948572	90354753	0.984437
chr16	1	1322568	90354753	0.0146375
chr16	2	64672	90354753	0.000715756
chr16	3	5230	90354753	5.7883e-05
chr16	4	3514	90354753	3.88911e-05
chr16	5	2659	90354753	2.94284e-05
chr16	6	2203	90354753	2.43817e-05
chr16	7	1472	90354753	1.62913e-05
chr16	8	1083	90354753	1.19861e-05
chr16	9	835	90354753	9.24135e-06
chr16	10	601	90354753	6.65156e-06
chr16	11	356	90354753	3.94003e-06
chr16	12	326	90354753	3.608e-06
chr16	13	211	90354753	2.33524e-06
chr16	14	148	90354753	1.63799e-06
chr16	15	56	90354753	6.19779e-07
chr16	16	29	90354753	3.20957e-07
chr16	17	29	90354753	3.20957e-07
chr16	18	40	90354753	4.42699e-07
chr16	19	47	90354753	5.20172e-07
chr16	20	36	90354753	3.9843e-07
chr16	21	18	90354753	1.99215e-07
chr16	22	31	90354753	3.43092e-07
chr16	23	7	90354753	7.74724e-08
chr16	24	8	90354753	8.85399e-08
chr16	25	2	90354753	2.2135e-08
chr17	0	80066287	81195210	0.986096
chr17	1	1081547	81195210	0.0133203
chr17	2	45376	81195210	0.000558851
chr17	3	1344	81195210	1.65527e-05
chr17	4	227	81195210	2.79573e-06
chr17	5	186	81195210	2.29078e-06
chr17	6	107	81195210	1.31781e-06
chr17	7	78	81195210	9.60648e-07
chr17	8	8	81195210	9.8528e-08
chr17	9	3	81195210	3.6948e-08
chr17	10	6	81195210	7.3896e-08
chr17	11	13	81195210	1.60108e-07
chr17	12	15	81195210	1.8474e-07
chr17	13	13	81195210	1.60108e-07
chr18	0	77068630	78077248	0.987082
chr18	1	968517	78077248	0.0124046
chr18	2	36483	78077248	0.000467268
chr18	3	1642	78077248	2.10305e-05
chr18	4	598	78077248	7.65908e-06
chr18	5	408	78077248	5.22559e-06
chr18	6	249	78077248	3.18915e-06
chr18	7	221	78077248	2.83053e-06
chr18	8	164	78077248	2.10048e-06
chr18	9	89	78077248	1.1399e-06
chr18	10	62	78077248	7.94085e-07
chr18	11	26	78077248	3.33004e-07
chr18	12	34	78077248	4.35466e-07
chr18	13	61	78077248	7.81278e-07
chr18	14	4	78077248	5.12313e-08
chr18	15	19	78077248	2.43349e-07
chr18	16	14	78077248	1.7931e-07
chr18	17	14	78077248	1.7931e-07
chr18	18	6	78077248	7.6847e-08
chr18	19	3	78077248	3.84235e-08
chr18	20	4	78077248	5.12313e-08
chr19	0	58128330	59128983	0.983077
chr19	1	956999	59128983	0.0161849
chr19	2	40725	59128983	0.000688748
chr19	3	1157	59128983	1.95674e-05
chr19	4	257	59128983	4.34643e-06
chr19	5	162	59128983	2.73977e-06
chr19	6	155	59128983	2.62139e-06
chr19	7	91	59128983	1.53901e-06
chr19	8	91	59128983	1.53901e-06
chr19	9	120	59128983	2.02946e-06
chr19	10	110	59128983	1.86034e-06
chr19	11	108	59128983	1.82652e-06
chr19	12	85	59128983	1.43754e-06
chr19	13	68	59128983	1.15003e-06
chr19	14	58	59128983	9.80906e-07
chr19	15	46	59128983	7.7796e-07
chr19	16	20	59128983	3.38244e-07
chr19	17	34	59128983	5.75014e-07
chr19	18	26	59128983	4.39717e-07
chr19	19	32	59128983	5.4119e-07
chr19	20	14	59128983	2.36771e-07
chr19	21	22	59128983	3.72068e-07
chr19	22	19	59128983	3.21331e-07
chr19	23	7	59128983	1.18385e-07
chr19	24	17	59128983	2.87507e-07
chr19	25	7	59128983	1.18385e-07
chr19	26	9	59128983	1.5221e-07
chr19	27	17	59128983	2.87507e-07
chr19	28	8	59128983	1.35297e-07
chr19	29	4	59128983	6.76487e-08
chr19	30	3	59128983	5.07365e-08
chr19	31	7	59128983	1.18385e-07
chr19	32	5	59128983	8.45609e-08
chr19	33	2	59128983	3.38244e-08
chr19	34	2	59128983	3.38244e-08
chr19	35	6	59128983	1.01473e-07
chr19	36	7	59128983	1.18385e-07
chr19	39	1	59128983	1.69122e-08
chr19	40	2	59128983	3.38244e-08
chr19	41	1	59128983	1.69122e-08
chr19	42	1	59128983	1.69122e-08
chr19	43	4	59128983	6.76487e-08
chr19	45	1	59128983	1.69122e-08
chr19	46	2	59128983	3.38244e-08
chr19	47	8	59128983	1.35297e-07
chr19	48	8	59128983	1.35297e-07
chr19	49	5	59128983	8.45609e-08
chr19	50	3	59128983	5.07365e-08
chr19	51	5	59128983	8.45609e-08
chr19	52	5	59128983	8.45609e-08
chr19	53	7	59128983	1.18385e-07
chr19	54	3	59128983	5.07365e-08
chr19	55	10	59128983	1.69122e-07
chr19	56	12	59128983	2.02946e-07
chr19	57	5	59128983	8.45609e-08
chr19	58	4	59128983	6.76487e-08
chr19	59	9	59128983	1.5221e-07
chr19	60	7	59128983	1.18385e-07
chr19	61	3	59128983	5.07365e-08
chr19	62	6	59128983	1.01473e-07
chr19	63	6	59128983	1.01473e-07
chr19	64	5	59128983	8.45609e-08
chr19	65	3	59128983	5.07365e-08
chr19	66	4	59128983	6.76487e-08
chr19	67	1	59128983	1.69122e-08
chr19	68	5	59128983	8.45609e-08
chr19	69	1	59128983	1.69122e-08
chr19	70	2	59128983	3.38244e-08
chr19	72	3	59128983	5.07365e-08
chr19	74	2	59128983	3.38244e-08
chr19	76	2	59128983	3.38244e-08
chr19	77	2	59128983	3.38244e-08
chr19	78	1	59128983	1.69122e-08
chr19	79	1	59128983	1.69122e-08
chr19	80	3	59128983	5.07365e-08
chr20	0	62389469	63025520	0.989908
chr20	1	612769	63025520	0.00972255
chr20	2	22965	63025520	0.000364376
chr20	3	317	63025520	5.02971e-06
chr21	0	47677265	48129895	0.990596
chr21	1	438211	48129895	0.00910476
chr21	2	14111	48129895	0.000293186
chr21	3	225	48129895	4.67485e-06
chr21	4	44	48129895	9.14193e-07
chr21	5	19	48129895	3.94765e-07
chr21	6	19	48129895	3.94765e-07
chr21	7	1	48129895	2.07771e-08
chr22	0	50711467	51304566	0.98844
chr22	1	568669	51304566	0.0110842
chr22	2	23952	51304566	0.000466859
chr22	3	435	51304566	8.47878e-06
chr22	4	43	51304566	8.38132e-07
chrX	0	153404029	155270560	0.987979
chrX	1	1799392	155270560	0.0115888
chrX	2	62519	155270560	0.000402646
chrX	3	3153	155270560	2.03065e-05
chrX	4	891	155270560	5.73837e-06
chrX	5	317	155270560	2.0416e-06
chrX	6	119	155270560	7.66404e-07
chrX	7	66	155270560	4.25064e-07
chrX	8	51	155270560	3.28459e-07
chrX	9	8	155270560	5.1523e-08
chrX	10	9	155270560	5.79633e-08
chrX	11	6	155270560	3.86422e-08
chrY	0	59323205	59373566	0.999152
chrY	1	45858	59373566	0.000772364
chrY	2	3645	59373566	6.1391e-05
chrY	3	476	59373566	8.01704e-06
chrY	4	115	59373566	1.93689e-06
chrY	5	95	59373566	1.60004e-06
chrY	6	44	59373566	7.4107e-07
chrY	7	39	59373566	6.56858e-07
chrY	8	28	59373566	4.7159e-07
chrY	9	12	59373566	2.0211e-07
chrY	10	25	59373566	4.21063e-07
chrY	11	18	59373566	3.03165e-07
chrY	12	6	59373566	1.01055e-07
chr1_gl000191_random	0	105518	106433	0.991403
chr1_gl000191_random	1	880	106433	0.00826811
chr1_gl000191_random	2	35	106433	0.000328845
chr1_gl000192_random	0	539420	547496	0.985249
chr1_gl000192_random	1	7802	547496	0.0142503
chr1_gl000192_random	2	274	547496	0.00050046
chr4_ctg9_hap1	0	588876	590426	0.997375
chr4_ctg9_hap1	1	1550	590426	0.00262522
chr4_gl000193_random	0	183343	189789	0.966036
chr4_gl000193_random	1	5680	189789	0.029928
chr4_gl000193_random	2	648	189789	0.00341432
chr4_gl000193_random	3	98	189789	0.000516363
chr4_gl000193_random	4	20	189789	0.00010538
chr4_gl000194_random	0	186443	191469	0.97375
chr4_gl000194_random	1	4952	191469	0.0258632
chr4_gl000194_random	2	74	191469	0.000386486
chr6_apd_hap1	0	4614208	4622290	0.998251
chr6_apd_hap1	1	7814	4622290	0.0016905
chr6_apd_hap1	2	268	4622290	5.79799e-05
chr6_cox_hap2	0	4772568	4795371	0.995245
chr6_cox_hap2	1	22106	4795371	0.00460986
chr6_cox_hap2	2	697	4795371	0.000145349
chr6_dbb_hap3	0	4593589	4610396	0.996355
chr6_dbb_hap3	1	16314	4610396	0.00353852
chr6_dbb_hap3	2	493	4610396	0.000106932
chr6_mann_hap4	0	4668174	4683263	0.996778
chr6_mann_hap4	1	14678	4683263	0.00313414
chr6_mann_hap4	2	411	4683263	8.77593e-05
chr6_mcf_hap5	0	4817345	4833398	0.996679
chr6_mcf_hap5	1	15456	4833398	0.00319775
chr6_mcf_hap5	2	597	4833398	0.000123516
chr6_qbl_hap6	0	4594755	4611984	0.996264
chr6_qbl_hap6	1	16658	4611984	0.00361189
chr6_qbl_hap6	2	571	4611984	0.000123808
chr6_ssto_hap7	0	4912254	4928567	0.99669
chr6_ssto_hap7	1	15726	4928567	0.00319079
chr6_ssto_hap7	2	587	4928567	0.000119102
chr7_gl000195_random	0	175364	182896	0.958818
chr7_gl000195_random	1	7064	182896	0.038623
chr7_gl000195_random	2	468	182896	0.00255883
chr8_gl000196_random	0	38536	38914	0.990286
chr8_gl000196_random	1	356	38914	0.00914838
chr8_gl000196_random	2	22	38914	0.000565349
chr8_gl000197_random	0	37125	37175	0.998655
chr8_gl000197_random	1	50	37175	0.00134499
chr9_gl000198_random	0	86309	90085	0.958084
chr9_gl000198_random	1	3552	90085	0.0394294
chr9_gl000198_random	2	224	90085	0.00248654
chr9_gl000199_random	0	142190	169874	0.837032
chr9_gl000199_random	1	20209	169874	0.118965
chr9_gl000199_random	2	4756	169874	0.0279972
chr9_gl000199_random	3	1421	169874	0.00836502
chr9_gl000199_random	4	638	169874	0.00375572
chr9_gl000199_random	5	281	169874	0.00165417
chr9_gl000199_random	6	144	169874	0.000847687
chr9_gl000199_random	7	97	169874	0.000571011
chr9_gl000199_random	8	43	169874	0.000253129
chr9_gl000199_random	9	45	169874	0.000264902
chr9_gl000199_random	10	33	169874	0.000194262
chr9_gl000199_random	11	17	169874	0.000100074
chr9_gl000200_random	0	185815	187035	0.993477
chr9_gl000200_random	1	1190	187035	0.00636245
chr9_gl000200_random	2	30	187035	0.000160398
chr9_gl000201_random	0	35667	36148	0.986694
chr9_gl000201_random	1	462	36148	0.0127808
chr9_gl000201_random	2	19	36148	0.000525617
chr11_gl000202_random	0	39348	40103	0.981173
chr11_gl000202_random	1	710	40103	0.0177044
chr11_gl000202_random	2	45	40103	0.00112211
chr17_ctg5_hap1	0	1671218	1680828	0.994283
chr17_ctg5_hap1	1	9320	1680828	0.00554489
chr17_ctg5_hap1	2	290	1680828	0.000172534
chr17_gl000203_random	0	37098	37498	0.989333
chr17_gl000203_random	1	400	37498	0.0106672
chr17_gl000204_random	0	80078	81310	0.984848
chr17_gl000204_random	1	1164	81310	0.0143156
chr17_gl000204_random	2	68	81310	0.000836305
chr17_gl000205_random	0	165341	174588	0.947035
chr17_gl000205_random	1	8794	174588	0.05037
chr17_gl000205_random	2	453	174588	0.00259468
chr17_gl000206_random	0	40500	41001	0.987781
chr17_gl000206_random	1	452	41001	0.0110241
chr17_gl000206_random	2	49	41001	0.00119509
chr19_gl000208_random	0	89383	92689	0.964332
chr19_gl000208_random	1	2697	92689	0.0290973
chr19_gl000208_random	2	491	92689	0.00529728
chr19_gl000208_random	3	71	92689	0.000766002
chr19_gl000208_random	4	27	92689	0.000291297
chr19_gl000208_random	5	20	92689	0.000215775
chr19_gl000209_random	0	158169	159169	0.993717
chr19_gl000209_random	1	1000	159169	0.00628263
chr21_gl000210_random	0	27632	27682	0.998194
chr21_gl000210_random	1	50	27682	0.00180623
chrUn_gl000211	0	164434	166566	0.9872
chrUn_gl000211	1	2014	166566	0.0120913
chrUn_gl000211	2	118	166566	0.000708428
chrUn_gl000212	0	183052	186858	0.979632
chrUn_gl000212	1	3662	186858	0.0195978
chrUn_gl000212	2	144	186858	0.000770639
chrUn_gl000213	0	162336	164239	0.988413
chrUn_gl000213	1	1856	164239	0.0113006
chrUn_gl000213	2	47	164239	0.000286168
chrUn_gl000214	0	123581	137718	0.897348
chrUn_gl000214	1	9724	137718	0.0706081
chrUn_gl000214	2	2620	137718	0.0190244
chrUn_gl000214	3	929	137718	0.00674567
chrUn_gl000214	4	508	137718	0.0036887
chrUn_gl000214	5	169	137718	0.00122715
chrUn_gl000214	6	150	137718	0.00108918
chrUn_gl000214	7	28	137718	0.000203314
chrUn_gl000214	8	5	137718	3.63061e-05
chrUn_gl000214	9	4	137718	2.90449e-05
chrUn_gl000215	0	171473	172545	0.993787
chrUn_gl000215	1	1044	172545	0.0060506
chrUn_gl000215	2	28	172545	0.000162277
chrUn_gl000216	0	161562	172294	0.937711
chrUn_gl000216	1	8160	172294	0.0473609
chrUn_gl000216	2	1282	172294	0.00744077
chrUn_gl000216	3	495	172294	0.002873
chrUn_gl000216	4	312	172294	0.00181086
chrUn_gl000216	5	165	172294	0.000957665
chrUn_gl000216	6	59	172294	0.000342438
chrUn_gl000216	7	84	172294	0.000487539
chrUn_gl000216	8	88	172294	0.000510755
chrUn_gl000216	9	37	172294	0.000214749
chrUn_gl000216	10	36	172294	0.000208945
chrUn_gl000216	11	1	172294	5.80403e-06
chrUn_gl000216	12	1	172294	5.80403e-06
chrUn_gl000216	13	12	172294	6.96484e-05
chrUn_gl000217	0	170261	172149	0.989033
chrUn_gl000217	1	1726	172149	0.0100262
chrUn_gl000217	2	162	172149	0.000941045
chrUn_gl000218	0	157860	161147	0.979602
chrUn_gl000218	1	3174	161147	0.0196963
chrUn_gl000218	2	113	161147	0.000701223
chrUn_gl000219	0	173608	179198	0.968805
chrUn_gl000219	1	5232	179198	0.0291968
chrUn_gl000219	2	356	179198	0.00198663
chrUn_gl000219	3	2	179198	1.11608e-05
chrUn_gl000220	0	127645	161802	0.788896
chrUn_gl000220	1	19410	161802	0.119961
chrUn_gl000220	2	8598	161802	0.053139
chrUn_gl000220	3	3748	161802	0.0231641
chrUn_gl000220	4	1570	161802	0.00970322
chrUn_gl000220	5	590	161802	0.00364643
chrUn_gl000220	6	177	161802	0.00109393
chrUn_gl000220	7	54	161802	0.000333741
chrUn_gl000220	8	10	161802	6.18039e-05
chrUn_gl000221	0	150967	155397	0.971492
chrUn_gl000221	1	4210	155397	0.0270919
chrUn_gl000221	2	220	155397	0.00141573
chrUn_gl000222	0	185177	186861	0.990988
chrUn_gl000222	1	1563	186861	0.00836451
chrUn_gl000222	2	77	186861	0.000412071
chrUn_gl000222	3	43	186861	0.000230118
chrUn_gl000222	4	1	186861	5.35157e-06
chrUn_gl000223	0	178195	180455	0.987476
chrUn_gl000223	1	2120	180455	0.0117481
chrUn_gl000223	2	140	180455	0.000775817
chrUn_gl000224	0	167767	179693	0.933631
chrUn_gl000224	1	8680	179693	0.0483046
chrUn_gl000224	2	2312	179693	0.0128664
chrUn_gl000224	3	726	179693	0.00404022
chrUn_gl000224	4	172	179693	0.000957188
chrUn_gl000224	5	36	179693	0.000200342
chrUn_gl000225	0	190577	211173	0.902469
chrUn_gl000225	1	14812	211173	0.0701415
chrUn_gl000225	2	3339	211173	0.0158117
chrUn_gl000225	3	1045	211173	0.00494855
chrUn_gl000225	4	418	211173	0.00197942
chrUn_gl000225	5	321	211173	0.00152008
chrUn_gl000225	6	316	211173	0.0014964
chrUn_gl000225	7	160	211173	0.000757673
chrUn_gl000225	8	93	211173	0.000440397
chrUn_gl000225	9	28	211173	0.000132593
chrUn_gl000225	10	36	211173	0.000170476
chrUn_gl000225	11	11	211173	5.209e-05
chrUn_gl000225	12	16	211173	7.57673e-05
chrUn_gl000225	13	1	211173	4.73545e-06
chrUn_gl000226	0	2623	15008	0.174773
chrUn_gl000226	1	2660	15008	0.177239
chrUn_gl000226	2	2001	15008	0.133329
chrUn_gl000226	3	1539	15008	0.102545
chrUn_gl000226	4	1345	15008	0.0896189
chrUn_gl000226	5	1199	15008	0.0798907
chrUn_gl000226	6	1014	15008	0.067564
chrUn_gl000226	7	661	15008	0.0440432
chrUn_gl000226	8	568	15008	0.0378465
chrUn_gl000226	9	384	15008	0.0255864
chrUn_gl000226	10	328	15008	0.021855
chrUn_gl000226	11	227	15008	0.0151253
chrUn_gl000226	12	209	15008	0.0139259
chrUn_gl000226	13	143	15008	0.00952825
chrUn_gl000226	14	74	15008	0.0049307
chrUn_gl000226	15	24	15008	0.00159915
chrUn_gl000226	16	8	15008	0.000533049
chrUn_gl000226	17	1	15008	6.66311e-05
chrUn_gl000227	0	127524	128374	0.993379
chrUn_gl000227	1	850	128374	0.00662128
chrUn_gl000228	0	126152	129120	0.977014
chrUn_gl000228	1	1705	129120	0.0132048
chrUn_gl000228	2	477	129120	0.00369424
chrUn_gl000228	3	126	129120	0.000975836
chrUn_gl000228	4	138	129120	0.00106877
chrUn_gl000228	5	104	129120	0.000805452
chrUn_gl000228	6	86	129120	0.000666047
chrUn_gl000228	7	80	129120	0.000619579
chrUn_gl000228	8	53	129120	0.000410471
chrUn_gl000228	9	53	129120	0.000410471
chrUn_gl000228	10	15	129120	0.000116171
chrUn_gl000228	11	33	129120	0.000255576
chrUn_gl000228	12	30	129120	0.000232342
chrUn_gl000228	13	15	129120	0.000116171
chrUn_gl000228	14	3	129120	2.32342e-05
chrUn_gl000228	19	12	129120	9.29368e-05
chrUn_gl000228	20	7	129120	5.42131e-05
chrUn_gl000228	21	7	129120	5.42131e-05
chrUn_gl000228	22	14	129120	0.000108426
chrUn_gl000228	23	9	129120	6.97026e-05
chrUn_gl000228	24	1	129120	7.74473e-06
chrUn_gl000229	0	18833	19913	0.945764
chrUn_gl000229	1	1060	19913	0.0532316
chrUn_gl000229	2	20	19913	0.00100437
chrUn_gl000230	0	43041	43691	0.985123
chrUn_gl000230	1	650	43691	0.0148772
chrUn_gl000231	0	26247	27386	0.958409
chrUn_gl000231	1	1078	27386	0.0393632
chrUn_gl000231	2	61	27386	0.00222742
chrUn_gl000232	0	37910	40652	0.932549
chrUn_gl000232	1	2684	40652	0.0660238
chrUn_gl000232	2	58	40652	0.00142674
chrUn_gl000233	0	45286	45941	0.985743
chrUn_gl000233	1	610	45941	0.0132779
chrUn_gl000233	2	45	45941	0.000979517
chrUn_gl000234	0	37725	40531	0.930769
chrUn_gl000234	1	2762	40531	0.0681454
chrUn_gl000234	2	44	40531	0.00108559
chrUn_gl000235	0	33670	34474	0.976678
chrUn_gl000235	1	758	34474	0.0219876
chrUn_gl000235	2	46	34474	0.00133434
chrUn_gl000236	0	41484	41934	0.989269
chrUn_gl000236	1	450	41934	0.0107311
chrUn_gl000237	0	43631	45867	0.95125
chrUn_gl000237	1	2172	45867	0.0473543
chrUn_gl000237	2	64	45867	0.00139534
chrUn_gl000238	0	39351	39939	0.985278
chrUn_gl000238	1	576	39939	0.014422
chrUn_gl000238	2	12	39939	0.000300458
chrUn_gl000239	0	32352	33824	0.956481
chrUn_gl000239	1	1394	33824	0.0412133
chrUn_gl000239	2	78	33824	0.00230605
chrUn_gl000240	0	41283	41933	0.984499
chrUn_gl000240	1	600	41933	0.0143085
chrUn_gl000240	2	50	41933	0.00119238
chrUn_gl000241	0	40589	42152	0.96292
chrUn_gl000241	1	1476	42152	0.0350161
chrUn_gl000241	2	87	42152	0.00206396
chrUn_gl000242	0	43180	43523	0.992119
chrUn_gl000242	1	336	43523	0.00772006
chrUn_gl000242	2	7	43523	0.000160835
chrUn_gl000243	0	41840	43341	0.965368
chrUn_gl000243	1	1304	43341	0.030087
chrUn_gl000243	2	151	43341	0.003484
chrUn_gl000243	3	40	43341	0.000922914
chrUn_gl000243	4	6	43341	0.000138437
chrUn_gl000244	0	39679	39929	0.993739
chrUn_gl000244	1	250	39929	0.00626111
chrUn_gl000245	0	35799	36651	0.976754
chrUn_gl000245	1	804	36651	0.0219366
chrUn_gl000245	2	48	36651	0.00130965
chrUn_gl000246	0	37654	38154	0.986895
chrUn_gl000246	1	500	38154	0.0131048
chrUn_gl000247	0	35986	36422	0.988029
chrUn_gl000247	1	422	36422	0.0115864
chrUn_gl000247	2	14	36422	0.000384383
chrUn_gl000248	0	39386	39786	0.989946
chrUn_gl000248	1	400	39786	0.0100538
chrUn_gl000249	0	38213	38502	0.992494
chrUn_gl000249	1	278	38502	0.0072204
chrUn_gl000249	2	11	38502	0.000285699
chr18_gl000207_random	0	4262	4262	1
genome	0	3099329019	3137161264	0.987941
genome	1	36363188	3137161264	0.0115911
genome	2	1340951	3137161264	0.000427441
genome	3	52253	3137161264	1.66561e-05
genome	4	16449	3137161264	5.24328e-06
genome	5	10367	3137161264	3.30458e-06
genome	6	7333	3137161264	2.33746e-06
genome	7	5499	3137161264	1.75286e-06
genome	8	4402	3137161264	1.40318e-06
genome	9	3877	3137161264	1.23583e-06
genome	10	3592	3137161264	1.14498e-06
genome	11	3308	3137161264	1.05446e-06
genome	12	2975	3137161264	9.4831e-07
genome	13	2616	3137161264	8.33875e-07
genome	14	2234	3137161264	7.12109e-07
genome	15	2021	3137161264	6.44213e-07
genome	16	1534	3137161264	4.88977e-07
genome	17	1373	3137161264	4.37657e-07
genome	18	1000	3137161264	3.1876e-07
genome	19	1011	3137161264	3.22266e-07
genome	20	797	3137161264	2.54051e-07
genome	21	574	3137161264	1.82968e-07
genome	22	438	3137161264	1.39617e-07
genome	23	353	3137161264	1.12522e-07
genome	24	315	3137161264	1.00409e-07
genome	25	251	3137161264	8.00086e-08
genome	26	171	3137161264	5.45079e-08
genome	27	190	3137161264	6.05643e-08
genome	28	182	3137161264	5.80142e-08
genome	29	153	3137161264	4.87702e-08
genome	30	122	3137161264	3.88887e-08
genome	31	123	3137161264	3.92074e-08
genome	32	95	3137161264	3.02822e-08
genome	33	102	3137161264	3.25135e-08
genome	34	111	3137161264	3.53823e-08
genome	35	116	3137161264	3.69761e-08
genome	36	98	3137161264	3.12384e-08
genome	37	117	3137161264	3.72949e-08
genome	38	80	3137161264	2.55008e-08
genome	39	84	3137161264	2.67758e-08
genome	40	83	3137161264	2.6457e-08
genome	41	71	3137161264	2.26319e-08
genome	42	83	3137161264	2.6457e-08
genome	43	76	3137161264	2.42257e-08
genome	44	54	3137161264	1.7213e-08
genome	45	58	3137161264	1.84881e-08
genome	46	74	3137161264	2.35882e-08
genome	47	64	3137161264	2.04006e-08
genome	48	80	3137161264	2.55008e-08
genome	49	78	3137161264	2.48632e-08
genome	50	70	3137161264	2.23132e-08
genome	51	63	3137161264	2.00818e-08
genome	52	53	3137161264	1.68943e-08
genome	53	56	3137161264	1.78505e-08
genome	54	50	3137161264	1.5938e-08
genome	55	36	3137161264	1.14753e-08
genome	56	50	3137161264	1.5938e-08
genome	57	32	3137161264	1.02003e-08
genome	58	25	3137161264	7.96899e-09
genome	59	29	3137161264	9.24403e-09
genome	60	30	3137161264	9.56279e-09
genome	61	10	3137161264	3.1876e-09
genome	62	17	3137161264	5.41891e-09
genome	63	15	3137161264	4.78139e-09
genome	64	11	3137161264	3.50635e-09
genome	65	12	3137161264	3.82511e-09
genome	66	9	3137161264	2.86884e-09
genome	67	7	3137161264	2.23132e-09
genome	68	8	3137161264	2.55008e-09
genome	69	6	3137161264	1.91256e-09
genome	70	5	3137161264	1.5938e-09
genome	71	9	3137161264	2.86884e-09
genome	72	9	3137161264	2.86884e-09
genome	73	11	3137161264	3.50635e-09
genome	74	17	3137161264	5.41891e-09
genome	75	16	3137161264	5.10015e-09
genome	76	17	3137161264	5.41891e-09
genome	77	23	3137161264	7.33147e-09
genome	78	18	3137161264	5.73767e-09
genome	79	10	3137161264	3.1876e-09
genome	80	13	3137161264	4.14387e-09
genome	81	7	3137161264	2.23132e-09
genome	82	6	3137161264	1.91256e-09
genome	83	3	3137161264	9.56279e-10
genome	84	2	3137161264	6.37519e-10
genome	85	3	3137161264	9.56279e-10
genome	86	4	3137161264	1.27504e-09
genome	88	1	3137161264	3.1876e-10
genome	89	2	3137161264	6.37519e-10
genome	90	3	3137161264	9.56279e-10
genome	93	1	3137161264	3.1876e-10
genome	94	4	3137161264	1.27504e-09
genome	95	1	3137161264	3.1876e-10
genome	96	6	3137161264	1.91256e-09
genome	97	4	3137161264	1.27504e-09
genome	98	1	3137161264	3.1876e-10
genome	103	1	3137161264	3.1876e-10
genome	107	1	3137161264	3.1876e-10
genome	111	1	3137161264	3.1876e-10
genome	113	3	3137161264	9.56279e-10
genome	114	2	3137161264	6.37519e-10
genome	115	4	3137161264	1.27504e-09
genome	116	4	3137161264	1.27504e-09
genome	117	1	3137161264	3.1876e-10
genome	118	4	3137161264	1.27504e-09
genome	120	7	3137161264	2.23132e-09
genome	121	3	3137161264	9.56279e-10
genome	122	5	3137161264	1.5938e-09
genome	123	2	3137161264	6.37519e-10
genome	124	6	3137161264	1.91256e-09
genome	125	3	3137161264	9.56279e-10
genome	127	2	3137161264	6.37519e-10
genome	129	3	3137161264	9.56279e-10
genome	130	1	3137161264	3.1876e-10
genome	131	1	3137161264	3.1876e-10
genome	132	3	3137161264	9.56279e-10
genome	133	2	3137161264	6.37519e-10
genome	135	7	3137161264	2.23132e-09
genome	136	1	3137161264	3.1876e-10
genome	137	6	3137161264	1.91256e-09
genome	138	1	3137161264	3.1876e-10
genome	140	4	3137161264	1.27504e-09
genome	141	2	3137161264	6.37519e-10
genome	142	5	3137161264	1.5938e-09
genome	143	7	3137161264	2.23132e-09
genome	144	3	3137161264	9.56279e-10
genome	145	5	3137161264	1.5938e-09
genome	146	8	3137161264	2.55008e-09
genome	147	7	3137161264	2.23132e-09
genome	148	9	3137161264	2.86884e-09
genome	149	10	3137161264	3.1876e-09
genome	150	11	3137161264	3.50635e-09
genome	151	1	3137161264	3.1876e-10
genome	152	2	3137161264	6.37519e-10
genome	153	7	3137161264	2.23132e-09
genome	154	4	3137161264	1.27504e-09
genome	155	3	3137161264	9.56279e-10
genome	156	1	3137161264	3.1876e-10
genome	157	1	3137161264	3.1876e-10
genome	158	2	3137161264	6.37519e-10
genome	159	1	3137161264	3.1876e-10
genome	160	6	3137161264	1.91256e-09
genome	161	3	3137161264	9.56279e-10
genome	162	1	3137161264	3.1876e-10
genome	163	4	3137161264	1.27504e-09
genome	164	5	3137161264	1.5938e-09
genome	165	3	3137161264	9.56279e-10
genome	166	3	3137161264	9.56279e-10
genome	167	2	3137161264	6.37519e-10
genome	168	2	3137161264	6.37519e-10
genome	169	2	3137161264	6.37519e-10
genome	170	5	3137161264	1.5938e-09
genome	171	2	3137161264	6.37519e-10
genome	173	7	3137161264	2.23132e-09
genome	174	8	3137161264	2.55008e-09
genome	175	4	3137161264	1.27504e-09
genome	177	3	3137161264	9.56279e-10
genome	178	1	3137161264	3.1876e-10
genome	179	2	3137161264	6.37519e-10
genome	180	2	3137161264	6.37519e-10
genome	181	3	3137161264	9.56279e-10
genome	182	1	3137161264	3.1876e-10
genome	183	1	3137161264	3.1876e-10
genome	184	3	3137161264	9.56279e-10
genome	185	1	3137161264	3.1876e-10
genome	186	4	3137161264	1.27504e-09
genome	187	2	3137161264	6.37519e-10
genome	189	1	3137161264	3.1876e-10
genome	190	1	3137161264	3.1876e-10
genome	192	3	3137161264	9.56279e-10
genome	193	3	3137161264	9.56279e-10
genome	194	2	3137161264	6.37519e-10
genome	195	1	3137161264	3.1876e-10
genome	197	4	3137161264	1.27504e-09
genome	200	1	3137161264	3.1876e-10
genome	205	1	3137161264	3.1876e-10
genome	206	1	3137161264	3.1876e-10
genome	207	1	3137161264	3.1876e-10
genome	209	1	3137161264	3.1876e-10
genome	211	2	3137161264	6.37519e-10
genome	212	2	3137161264	6.37519e-10
genome	213	1	3137161264	3.1876e-10
genome	214	1	3137161264	3.1876e-10
genome	217	2	3137161264	6.37519e-10
genome	219	1	3137161264	3.1876e-10
genome	220	4	3137161264	1.27504e-09
genome	221	2	3137161264	6.37519e-10
genome	223	2	3137161264	6.37519e-10
