chrM	0	18	16571	0.00108624
chrM	1	33	16571	0.00199143
chrM	2	76	16571	0.00458633
chrM	3	242	16571	0.0146038
chrM	4	435	16571	0.0262507
chrM	5	763	16571	0.0460443
chrM	6	1175	16571	0.070907
chrM	7	1313	16571	0.0792348
chrM	8	1609	16571	0.0970973
chrM	9	1757	16571	0.106029
chrM	10	1702	16571	0.10271
chrM	11	1503	16571	0.0907006
chrM	12	1228	16571	0.0741054
chrM	13	1093	16571	0.0659586
chrM	14	946	16571	0.0570877
chrM	15	814	16571	0.049122
chrM	16	571	16571	0.0344578
chrM	17	472	16571	0.0284835
chrM	18	320	16571	0.0193108
chrM	19	199	16571	0.0120089
chrM	20	110	16571	0.0066381
chrM	21	75	16571	0.00452598
chrM	22	43	16571	0.00259489
chrM	23	26	16571	0.00156901
chrM	24	22	16571	0.00132762
chrM	25	18	16571	0.00108624
chrM	26	8	16571	0.000482771
chr1	0	245612619	249250621	0.985404
chr1	1	3520424	249250621	0.014124
chr1	2	112075	249250621	0.000449648
chr1	3	3153	249250621	1.26499e-05
chr1	4	640	249250621	2.5677e-06
chr1	5	189	249250621	7.58273e-07
chr1	6	144	249250621	5.77732e-07
chr1	7	96	249250621	3.85154e-07
chr1	8	66	249250621	2.64794e-07
chr1	9	29	249250621	1.16349e-07
chr1	10	16	249250621	6.41924e-08
chr1	11	5	249250621	2.00601e-08
chr1	12	3	249250621	1.20361e-08
chr1	13	7	249250621	2.80842e-08
chr1	14	11	249250621	4.41323e-08
chr1	15	12	249250621	4.81443e-08
chr1	16	15	249250621	6.01804e-08
chr1	17	7	249250621	2.80842e-08
chr1	18	25	249250621	1.00301e-07
chr1	19	17	249250621	6.82044e-08
chr1	20	10	249250621	4.01203e-08
chr1	21	27	249250621	1.08325e-07
chr1	22	10	249250621	4.01203e-08
chr1	23	8	249250621	3.20962e-08
chr1	24	5	249250621	2.00601e-08
chr1	25	8	249250621	3.20962e-08
chr1	26	11	249250621	4.41323e-08
chr1	27	12	249250621	4.81443e-08
chr1	28	13	249250621	5.21563e-08
chr1	29	13	249250621	5.21563e-08
chr1	30	24	249250621	9.62886e-08
chr1	31	22	249250621	8.82646e-08
chr1	32	16	249250621	6.41924e-08
chr1	33	15	249250621	6.01804e-08
chr1	34	8	249250621	3.20962e-08
chr1	35	25	249250621	1.00301e-07
chr1	36	11	249250621	4.41323e-08
chr1	37	21	249250621	8.42525e-08
chr1	38	29	249250621	1.16349e-07
chr1	39	29	249250621	1.16349e-07
chr1	40	6	249250621	2.40722e-08
chr1	41	27	249250621	1.08325e-07
chr1	42	10	249250621	4.01203e-08
chr1	43	30	249250621	1.20361e-07
chr1	44	19	249250621	7.62285e-08
chr1	45	32	249250621	1.28385e-07
chr1	46	25	249250621	1.00301e-07
chr1	47	23	249250621	9.22766e-08
chr1	48	36	249250621	1.44433e-07
chr1	49	21	249250621	8.42525e-08
chr1	50	19	249250621	7.62285e-08
chr1	51	12	249250621	4.81443e-08
chr1	52	2	249250621	8.02405e-09
chr1	53	2	249250621	8.02405e-09
chr1	54	7	249250621	2.80842e-08
chr1	55	10	249250621	4.01203e-08
chr1	56	12	249250621	4.81443e-08
chr1	57	9	249250621	3.61082e-08
chr1	58	5	249250621	2.00601e-08
chr1	59	7	249250621	2.80842e-08
chr1	60	9	249250621	3.61082e-08
chr1	61	6	249250621	2.40722e-08
chr1	62	5	249250621	2.00601e-08
chr1	63	7	249250621	2.80842e-08
chr1	64	3	249250621	1.20361e-08
chr1	65	3	249250621	1.20361e-08
chr1	66	8	249250621	3.20962e-08
chr1	67	7	249250621	2.80842e-08
chr1	68	6	249250621	2.40722e-08
chr1	69	1	249250621	4.01203e-09
chr1	70	1	249250621	4.01203e-09
chr1	71	3	249250621	1.20361e-08
chr1	72	1	249250621	4.01203e-09
chr1	74	1	249250621	4.01203e-09
chr1	75	2	249250621	8.02405e-09
chr1	76	7	249250621	2.80842e-08
chr1	77	5	249250621	2.00601e-08
chr1	78	4	249250621	1.60481e-08
chr1	79	1	249250621	4.01203e-09
chr1	80	9	249250621	3.61082e-08
chr1	81	5	249250621	2.00601e-08
chr1	82	3	249250621	1.20361e-08
chr1	83	3	249250621	1.20361e-08
chr1	84	3	249250621	1.20361e-08
chr1	86	3	249250621	1.20361e-08
chr1	87	3	249250621	1.20361e-08
chr1	88	1	249250621	4.01203e-09
chr1	89	1	249250621	4.01203e-09
chr1	90	3	249250621	1.20361e-08
chr1	91	3	249250621	1.20361e-08
chr1	92	3	249250621	1.20361e-08
chr1	93	2	249250621	8.02405e-09
chr1	94	1	249250621	4.01203e-09
chr1	95	3	249250621	1.20361e-08
chr1	96	1	249250621	4.01203e-09
chr1	97	3	249250621	1.20361e-08
chr1	98	7	249250621	2.80842e-08
chr1	99	3	249250621	1.20361e-08
chr1	100	4	249250621	1.60481e-08
chr1	102	3	249250621	1.20361e-08
chr1	103	4	249250621	1.60481e-08
chr1	104	2	249250621	8.02405e-09
chr1	106	1	249250621	4.01203e-09
chr1	107	1	249250621	4.01203e-09
chr1	109	1	249250621	4.01203e-09
chr1	111	5	249250621	2.00601e-08
chr1	112	4	249250621	1.60481e-08
chr1	113	4	249250621	1.60481e-08
chr1	114	3	249250621	1.20361e-08
chr1	115	2	249250621	8.02405e-09
chr1	116	3	249250621	1.20361e-08
chr1	117	2	249250621	8.02405e-09
chr1	118	2	249250621	8.02405e-09
chr1	119	2	249250621	8.02405e-09
chr1	120	1	249250621	4.01203e-09
chr1	121	1	249250621	4.01203e-09
chr1	122	1	249250621	4.01203e-09
chr1	123	3	249250621	1.20361e-08
chr1	125	4	249250621	1.60481e-08
chr1	126	5	249250621	2.00601e-08
chr1	127	1	249250621	4.01203e-09
chr1	128	2	249250621	8.02405e-09
chr1	129	2	249250621	8.02405e-09
chr1	130	4	249250621	1.60481e-08
chr1	131	3	249250621	1.20361e-08
chr1	132	2	249250621	8.02405e-09
chr1	133	1	249250621	4.01203e-09
chr1	136	5	249250621	2.00601e-08
chr1	139	6	249250621	2.40722e-08
chr1	140	2	249250621	8.02405e-09
chr1	141	6	249250621	2.40722e-08
chr1	142	6	249250621	2.40722e-08
chr1	144	6	249250621	2.40722e-08
chr1	145	4	249250621	1.60481e-08
chr1	146	3	249250621	1.20361e-08
chr1	147	6	249250621	2.40722e-08
chr1	148	3	249250621	1.20361e-08
chr1	149	7	249250621	2.80842e-08
chr1	150	5	249250621	2.00601e-08
chr1	151	4	249250621	1.60481e-08
chr1	152	5	249250621	2.00601e-08
chr1	153	3	249250621	1.20361e-08
chr1	154	6	249250621	2.40722e-08
chr1	155	6	249250621	2.40722e-08
chr1	156	3	249250621	1.20361e-08
chr1	157	1	249250621	4.01203e-09
chr1	158	3	249250621	1.20361e-08
chr1	159	3	249250621	1.20361e-08
chr1	161	4	249250621	1.60481e-08
chr1	162	5	249250621	2.00601e-08
chr1	163	8	249250621	3.20962e-08
chr1	164	7	249250621	2.80842e-08
chr1	165	10	249250621	4.01203e-08
chr1	166	4	249250621	1.60481e-08
chr1	167	4	249250621	1.60481e-08
chr1	168	3	249250621	1.20361e-08
chr1	169	2	249250621	8.02405e-09
chr1	170	8	249250621	3.20962e-08
chr1	171	8	249250621	3.20962e-08
chr1	172	5	249250621	2.00601e-08
chr1	173	4	249250621	1.60481e-08
chr1	174	4	249250621	1.60481e-08
chr1	175	3	249250621	1.20361e-08
chr1	176	2	249250621	8.02405e-09
chr1	177	4	249250621	1.60481e-08
chr1	180	1	249250621	4.01203e-09
chr1	181	1	249250621	4.01203e-09
chr1	182	3	249250621	1.20361e-08
chr1	183	3	249250621	1.20361e-08
chr1	184	3	249250621	1.20361e-08
chr1	185	2	249250621	8.02405e-09
chr1	186	3	249250621	1.20361e-08
chr1	187	2	249250621	8.02405e-09
chr1	188	1	249250621	4.01203e-09
chr1	189	3	249250621	1.20361e-08
chr1	190	2	249250621	8.02405e-09
chr1	195	1	249250621	4.01203e-09
chr1	196	3	249250621	1.20361e-08
chr1	197	1	249250621	4.01203e-09
chr1	198	3	249250621	1.20361e-08
chr1	199	1	249250621	4.01203e-09
chr1	200	1	249250621	4.01203e-09
chr1	201	1	249250621	4.01203e-09
chr1	202	3	249250621	1.20361e-08
chr1	203	1	249250621	4.01203e-09
chr1	206	1	249250621	4.01203e-09
chr1	207	1	249250621	4.01203e-09
chr1	208	1	249250621	4.01203e-09
chr1	213	1	249250621	4.01203e-09
chr1	214	1	249250621	4.01203e-09
chr1	215	1	249250621	4.01203e-09
chr1	217	1	249250621	4.01203e-09
chr2	0	239993190	243199373	0.986817
chr2	1	3103867	243199373	0.0127626
chr2	2	94969	243199373	0.000390499
chr2	3	3518	243199373	1.44655e-05
chr2	4	1365	243199373	5.61268e-06
chr2	5	844	243199373	3.4704e-06
chr2	6	493	243199373	2.02714e-06
chr2	7	391	243199373	1.60773e-06
chr2	8	250	243199373	1.02796e-06
chr2	9	116	243199373	4.76975e-07
chr2	10	68	243199373	2.79606e-07
chr2	11	66	243199373	2.71382e-07
chr2	12	75	243199373	3.08389e-07
chr2	13	22	243199373	9.04608e-08
chr2	14	25	243199373	1.02796e-07
chr2	15	25	243199373	1.02796e-07
chr2	16	42	243199373	1.72698e-07
chr2	17	16	243199373	6.57896e-08
chr2	18	5	243199373	2.05593e-08
chr2	19	4	243199373	1.64474e-08
chr2	20	17	243199373	6.99015e-08
chr2	21	5	243199373	2.05593e-08
chr3	0	195209784	198022430	0.985796
chr3	1	2730854	198022430	0.0137906
chr3	2	80058	198022430	0.000404288
chr3	3	1547	198022430	7.81225e-06
chr3	4	60	198022430	3.02996e-07
chr3	5	1	198022430	5.04993e-09
chr3	6	1	198022430	5.04993e-09
chr3	7	25	198022430	1.26248e-07
chr3	8	6	198022430	3.02996e-08
chr3	9	4	198022430	2.01997e-08
chr3	10	1	198022430	5.04993e-09
chr3	11	2	198022430	1.00999e-08
chr3	12	3	198022430	1.51498e-08
chr3	13	8	198022430	4.03995e-08
chr3	15	9	198022430	4.54494e-08
chr3	16	7	198022430	3.53495e-08
chr3	17	2	198022430	1.00999e-08
chr3	18	7	198022430	3.53495e-08
chr3	19	7	198022430	3.53495e-08
chr3	20	9	198022430	4.54494e-08
chr3	21	2	198022430	1.00999e-08
chr3	22	11	198022430	5.55493e-08
chr3	24	2	198022430	1.00999e-08
chr3	25	2	198022430	1.00999e-08
chr3	27	10	198022430	5.04993e-08
chr3	28	3	198022430	1.51498e-08
chr3	29	2	198022430	1.00999e-08
chr3	31	3	198022430	1.51498e-08
chr4	0	189324124	191154276	0.990426
chr4	1	1781533	191154276	0.00931987
chr4	2	46855	191154276	0.000245116
chr4	3	1310	191154276	6.8531e-06
chr4	4	242	191154276	1.26599e-06
chr4	5	122	191154276	6.38228e-07
chr4	6	53	191154276	2.77263e-07
chr4	7	21	191154276	1.09859e-07
chr4	8	10	191154276	5.23138e-08
chr4	9	6	191154276	3.13883e-08
chr5	0	179273659	180915260	0.990926
chr5	1	1597465	180915260	0.00882991
chr5	2	43153	180915260	0.000238526
chr5	3	953	180915260	5.26766e-06
chr5	4	30	180915260	1.65823e-07
chr6	0	167610701	171115067	0.97952
chr6	1	3389277	171115067	0.019807
chr6	2	108700	171115067	0.000635245
chr6	3	3089	171115067	1.80522e-05
chr6	4	207	171115067	1.20971e-06
chr6	5	146	171115067	8.53227e-07
chr6	6	147	171115067	8.59071e-07
chr6	7	211	171115067	1.23309e-06
chr6	8	281	171115067	1.64217e-06
chr6	9	248	171115067	1.44932e-06
chr6	10	370	171115067	2.16229e-06
chr6	11	400	171115067	2.33761e-06
chr6	12	329	171115067	1.92268e-06
chr6	13	246	171115067	1.43763e-06
chr6	14	184	171115067	1.0753e-06
chr6	15	168	171115067	9.81795e-07
chr6	16	140	171115067	8.18163e-07
chr6	17	90	171115067	5.25962e-07
chr6	18	56	171115067	3.27265e-07
chr6	19	22	171115067	1.28568e-07
chr6	20	39	171115067	2.27917e-07
chr6	21	12	171115067	7.01282e-08
chr6	22	3	171115067	1.75321e-08
chr6	23	1	171115067	5.84402e-09
chr7	0	157215396	159138663	0.987915
chr7	1	1865074	159138663	0.0117198
chr7	2	54771	159138663	0.000344172
chr7	3	1415	159138663	8.89162e-06
chr7	4	234	159138663	1.47042e-06
chr7	5	92	159138663	5.78112e-07
chr7	6	112	159138663	7.03789e-07
chr7	7	60	159138663	3.7703e-07
chr7	8	76	159138663	4.77571e-07
chr7	9	45	159138663	2.82772e-07
chr7	10	77	159138663	4.83855e-07
chr7	11	69	159138663	4.33584e-07
chr7	12	46	159138663	2.89056e-07
chr7	13	26	159138663	1.6338e-07
chr7	14	40	159138663	2.51353e-07
chr7	15	46	159138663	2.89056e-07
chr7	16	51	159138663	3.20475e-07
chr7	17	43	159138663	2.70205e-07
chr7	18	47	159138663	2.9534e-07
chr7	19	30	159138663	1.88515e-07
chr7	20	26	159138663	1.6338e-07
chr7	21	18	159138663	1.13109e-07
chr7	22	14	159138663	8.79736e-08
chr7	23	24	159138663	1.50812e-07
chr7	24	10	159138663	6.28383e-08
chr7	25	15	159138663	9.42574e-08
chr7	26	6	159138663	3.7703e-08
chr7	27	19	159138663	1.19393e-07
chr7	28	22	159138663	1.38244e-07
chr7	29	15	159138663	9.42574e-08
chr7	30	22	159138663	1.38244e-07
chr7	31	30	159138663	1.88515e-07
chr7	32	47	159138663	2.9534e-07
chr7	33	41	159138663	2.57637e-07
chr7	34	37	159138663	2.32502e-07
chr7	35	50	159138663	3.14191e-07
chr7	36	45	159138663	2.82772e-07
chr7	37	54	159138663	3.39327e-07
chr7	38	30	159138663	1.88515e-07
chr7	39	29	159138663	1.82231e-07
chr7	40	28	159138663	1.75947e-07
chr7	41	22	159138663	1.38244e-07
chr7	42	34	159138663	2.1365e-07
chr7	43	24	159138663	1.50812e-07
chr7	44	30	159138663	1.88515e-07
chr7	45	19	159138663	1.19393e-07
chr7	46	31	159138663	1.94799e-07
chr7	47	17	159138663	1.06825e-07
chr7	48	19	159138663	1.19393e-07
chr7	49	14	159138663	8.79736e-08
chr7	50	17	159138663	1.06825e-07
chr7	51	23	159138663	1.44528e-07
chr7	52	21	159138663	1.3196e-07
chr7	53	29	159138663	1.82231e-07
chr7	54	7	159138663	4.39868e-08
chr7	55	8	159138663	5.02706e-08
chr7	56	4	159138663	2.51353e-08
chr7	57	5	159138663	3.14191e-08
chr7	58	4	159138663	2.51353e-08
chr7	59	2	159138663	1.25677e-08
chr7	60	1	159138663	6.28383e-09
chr8	0	144281898	146364022	0.985774
chr8	1	2010528	146364022	0.0137365
chr8	2	67189	146364022	0.000459054
chr8	3	2922	146364022	1.99639e-05
chr8	4	810	146364022	5.53415e-06
chr8	5	383	146364022	2.61676e-06
chr8	6	171	146364022	1.16832e-06
chr8	7	75	146364022	5.12421e-07
chr8	8	42	146364022	2.86956e-07
chr8	9	4	146364022	2.73291e-08
chr9	0	139629462	141213431	0.988783
chr9	1	1540653	141213431	0.0109101
chr9	2	42112	141213431	0.000298215
chr9	3	1103	141213431	7.81087e-06
chr9	4	51	141213431	3.61155e-07
chr9	5	2	141213431	1.4163e-08
chr9	6	7	141213431	4.95704e-08
chr9	7	20	141213431	1.4163e-07
chr9	8	21	141213431	1.48711e-07
chr10	0	133787269	135534747	0.987107
chr10	1	1679773	135534747	0.0123937
chr10	2	54879	135534747	0.000404907
chr10	3	3089	135534747	2.27912e-05
chr10	4	1360	135534747	1.00343e-05
chr10	5	1053	135534747	7.76922e-06
chr10	6	898	135534747	6.62561e-06
chr10	7	778	135534747	5.74023e-06
chr10	8	518	135534747	3.8219e-06
chr10	9	473	135534747	3.48988e-06
chr10	10	410	135534747	3.02505e-06
chr10	11	353	135534747	2.6045e-06
chr10	12	356	135534747	2.62663e-06
chr10	13	277	135534747	2.04376e-06
chr10	14	308	135534747	2.27248e-06
chr10	15	164	135534747	1.21002e-06
chr10	16	182	135534747	1.34283e-06
chr10	17	260	135534747	1.91833e-06
chr10	18	208	135534747	1.53466e-06
chr10	19	196	135534747	1.44612e-06
chr10	20	149	135534747	1.09935e-06
chr10	21	159	135534747	1.17313e-06
chr10	22	109	135534747	8.04222e-07
chr10	23	116	135534747	8.55869e-07
chr10	24	84	135534747	6.19767e-07
chr10	25	81	135534747	5.97633e-07
chr10	26	58	135534747	4.27935e-07
chr10	27	56	135534747	4.13178e-07
chr10	28	64	135534747	4.72204e-07
chr10	29	65	135534747	4.79582e-07
chr10	30	62	135534747	4.57447e-07
chr10	31	57	135534747	4.20556e-07
chr10	32	78	135534747	5.75498e-07
chr10	33	67	135534747	4.94338e-07
chr10	34	40	135534747	2.95127e-07
chr10	35	52	135534747	3.83665e-07
chr10	36	46	135534747	3.39396e-07
chr10	37	35	135534747	2.58236e-07
chr10	38	24	135534747	1.77076e-07
chr10	39	26	135534747	1.91833e-07
chr10	40	22	135534747	1.6232e-07
chr10	41	16	135534747	1.18051e-07
chr10	42	29	135534747	2.13967e-07
chr10	43	31	135534747	2.28724e-07
chr10	44	31	135534747	2.28724e-07
chr10	45	29	135534747	2.13967e-07
chr10	46	30	135534747	2.21345e-07
chr10	47	28	135534747	2.06589e-07
chr10	48	27	135534747	1.99211e-07
chr10	49	23	135534747	1.69698e-07
chr10	50	26	135534747	1.91833e-07
chr10	51	26	135534747	1.91833e-07
chr10	52	20	135534747	1.47564e-07
chr10	53	20	135534747	1.47564e-07
chr10	54	10	135534747	7.37818e-08
chr10	55	11	135534747	8.116e-08
chr10	56	4	135534747	2.95127e-08
chr10	57	3	135534747	2.21345e-08
chr10	58	5	135534747	3.68909e-08
chr10	59	8	135534747	5.90255e-08
chr10	60	2	135534747	1.47564e-08
chr10	61	3	135534747	2.21345e-08
chr10	62	2	135534747	1.47564e-08
chr10	63	4	135534747	2.95127e-08
chr10	64	3	135534747	2.21345e-08
chr10	65	4	135534747	2.95127e-08
chr10	66	1	135534747	7.37818e-09
chr10	67	4	135534747	2.95127e-08
chr10	68	4	135534747	2.95127e-08
chr10	69	3	135534747	2.21345e-08
chr10	70	6	135534747	4.42691e-08
chr10	71	5	135534747	3.68909e-08
chr10	72	8	135534747	5.90255e-08
chr10	73	4	135534747	2.95127e-08
chr10	74	3	135534747	2.21345e-08
chr10	75	10	135534747	7.37818e-08
chr10	76	7	135534747	5.16473e-08
chr10	77	6	135534747	4.42691e-08
chr10	78	5	135534747	3.68909e-08
chr10	79	4	135534747	2.95127e-08
chr10	80	9	135534747	6.64036e-08
chr10	81	1	135534747	7.37818e-09
chr10	82	6	135534747	4.42691e-08
chr10	83	5	135534747	3.68909e-08
chr10	84	1	135534747	7.37818e-09
chr10	85	2	135534747	1.47564e-08
chr10	86	3	135534747	2.21345e-08
chr10	88	1	135534747	7.37818e-09
chr11	0	133354336	135006516	0.987762
chr11	1	1604032	135006516	0.0118811
chr11	2	45741	135006516	0.000338806
chr11	3	1182	135006516	8.75513e-06
chr11	4	246	135006516	1.82213e-06
chr11	5	219	135006516	1.62214e-06
chr11	6	98	135006516	7.25891e-07
chr11	7	114	135006516	8.44404e-07
chr11	8	145	135006516	1.07402e-06
chr11	9	122	135006516	9.0366e-07
chr11	10	107	135006516	7.92554e-07
chr11	11	45	135006516	3.33317e-07
chr11	12	36	135006516	2.66654e-07
chr11	13	34	135006516	2.5184e-07
chr11	14	19	135006516	1.40734e-07
chr11	15	19	135006516	1.40734e-07
chr11	16	5	135006516	3.70352e-08
chr11	17	2	135006516	1.48141e-08
chr11	18	6	135006516	4.44423e-08
chr11	19	5	135006516	3.70352e-08
chr11	20	3	135006516	2.22212e-08
chr12	0	132313448	133851895	0.988506
chr12	1	1500277	133851895	0.0112085
chr12	2	37397	133851895	0.000279391
chr12	3	721	133851895	5.38655e-06
chr12	4	44	133851895	3.28722e-07
chr12	5	8	133851895	5.97676e-08
chr13	0	114256613	115169878	0.99207
chr13	1	890274	115169878	0.00773009
chr13	2	22474	115169878	0.000195138
chr13	3	467	115169878	4.05488e-06
chr13	6	10	115169878	8.68283e-08
chr13	7	10	115169878	8.68283e-08
chr13	8	23	115169878	1.99705e-07
chr13	9	7	115169878	6.07798e-08
chr14	0	106507592	107349540	0.992157
chr14	1	816168	107349540	0.0076029
chr14	2	25031	107349540	0.000233173
chr14	3	676	107349540	6.29719e-06
chr14	4	73	107349540	6.80022e-07
chr15	0	101291329	102531392	0.987906
chr15	1	1200829	102531392	0.0117118
chr15	2	38553	102531392	0.000376012
chr15	3	659	102531392	6.4273e-06
chr15	4	22	102531392	2.14568e-07
chr16	0	88912512	90354753	0.984038
chr16	1	1367689	90354753	0.0151369
chr16	2	55920	90354753	0.000618894
chr16	3	5968	90354753	6.60508e-05
chr16	4	3192	90354753	3.53274e-05
chr16	5	2420	90354753	2.67833e-05
chr16	6	1689	90354753	1.8693e-05
chr16	7	1380	90354753	1.52731e-05
chr16	8	1180	90354753	1.30596e-05
chr16	9	787	90354753	8.71011e-06
chr16	10	496	90354753	5.48947e-06
chr16	11	474	90354753	5.24599e-06
chr16	12	289	90354753	3.1985e-06
chr16	13	225	90354753	2.49018e-06
chr16	14	134	90354753	1.48304e-06
chr16	15	126	90354753	1.3945e-06
chr16	16	102	90354753	1.12888e-06
chr16	17	61	90354753	6.75117e-07
chr16	18	42	90354753	4.64834e-07
chr16	19	32	90354753	3.5416e-07
chr16	20	22	90354753	2.43485e-07
chr16	21	10	90354753	1.10675e-07
chr16	22	3	90354753	3.32025e-08
chr17	0	80025273	81195210	0.985591
chr17	1	1130164	81195210	0.0139191
chr17	2	38200	81195210	0.000470471
chr17	3	1055	81195210	1.29934e-05
chr17	4	149	81195210	1.83508e-06
chr17	5	119	81195210	1.4656e-06
chr17	6	68	81195210	8.37488e-07
chr17	7	49	81195210	6.03484e-07
chr17	8	31	81195210	3.81796e-07
chr17	9	27	81195210	3.32532e-07
chr17	10	7	81195210	8.6212e-08
chr17	11	5	81195210	6.158e-08
chr17	12	1	81195210	1.2316e-08
chr17	13	10	81195210	1.2316e-07
chr17	14	8	81195210	9.8528e-08
chr17	15	2	81195210	2.4632e-08
chr17	16	8	81195210	9.8528e-08
chr17	17	2	81195210	2.4632e-08
chr17	18	3	81195210	3.6948e-08
chr17	19	2	81195210	2.4632e-08
chr17	20	7	81195210	8.6212e-08
chr17	21	10	81195210	1.2316e-07
chr17	22	5	81195210	6.158e-08
chr17	23	5	81195210	6.158e-08
chr18	0	76749857	78077248	0.982999
chr18	1	1281326	78077248	0.016411
chr18	2	42700	78077248	0.000546894
chr18	3	1678	78077248	2.14915e-05
chr18	4	711	78077248	9.10637e-06
chr18	5	382	78077248	4.89259e-06
chr18	6	202	78077248	2.58718e-06
chr18	7	134	78077248	1.71625e-06
chr18	8	83	78077248	1.06305e-06
chr18	9	74	78077248	9.47779e-07
chr18	10	31	78077248	3.97043e-07
chr18	11	19	78077248	2.43349e-07
chr18	12	12	78077248	1.53694e-07
chr18	13	8	78077248	1.02463e-07
chr18	14	8	78077248	1.02463e-07
chr18	15	9	78077248	1.1527e-07
chr18	16	4	78077248	5.12313e-08
chr18	17	2	78077248	2.56157e-08
chr18	18	8	78077248	1.02463e-07
chr19	0	58219682	59128983	0.984622
chr19	1	872736	59128983	0.0147599
chr19	2	33793	59128983	0.000571513
chr19	3	920	59128983	1.55592e-05
chr19	4	229	59128983	3.87289e-06
chr19	5	254	59128983	4.29569e-06
chr19	6	185	59128983	3.12875e-06
chr19	7	114	59128983	1.92799e-06
chr19	8	149	59128983	2.51991e-06
chr19	9	87	59128983	1.47136e-06
chr19	10	52	59128983	8.79433e-07
chr19	11	56	59128983	9.47082e-07
chr19	12	84	59128983	1.42062e-06
chr19	13	28	59128983	4.73541e-07
chr19	14	34	59128983	5.75014e-07
chr19	15	35	59128983	5.91926e-07
chr19	16	25	59128983	4.22805e-07
chr19	17	38	59128983	6.42663e-07
chr19	18	29	59128983	4.90453e-07
chr19	19	28	59128983	4.73541e-07
chr19	20	12	59128983	2.02946e-07
chr19	21	20	59128983	3.38244e-07
chr19	22	26	59128983	4.39717e-07
chr19	23	23	59128983	3.8898e-07
chr19	24	29	59128983	4.90453e-07
chr19	25	25	59128983	4.22805e-07
chr19	26	32	59128983	5.4119e-07
chr19	27	19	59128983	3.21331e-07
chr19	28	12	59128983	2.02946e-07
chr19	29	10	59128983	1.69122e-07
chr19	30	6	59128983	1.01473e-07
chr19	31	3	59128983	5.07365e-08
chr19	32	8	59128983	1.35297e-07
chr19	33	12	59128983	2.02946e-07
chr19	34	12	59128983	2.02946e-07
chr19	35	5	59128983	8.45609e-08
chr19	36	7	59128983	1.18385e-07
chr19	37	4	59128983	6.76487e-08
chr19	38	8	59128983	1.35297e-07
chr19	39	9	59128983	1.5221e-07
chr19	40	3	59128983	5.07365e-08
chr19	41	3	59128983	5.07365e-08
chr19	42	3	59128983	5.07365e-08
chr19	43	3	59128983	5.07365e-08
chr19	44	2	59128983	3.38244e-08
chr19	45	8	59128983	1.35297e-07
chr19	46	4	59128983	6.76487e-08
chr19	47	2	59128983	3.38244e-08
chr19	48	4	59128983	6.76487e-08
chr19	49	11	59128983	1.86034e-07
chr19	50	5	59128983	8.45609e-08
chr19	52	2	59128983	3.38244e-08
chr19	53	4	59128983	6.76487e-08
chr19	54	3	59128983	5.07365e-08
chr19	55	4	59128983	6.76487e-08
chr19	56	1	59128983	1.69122e-08
chr19	57	4	59128983	6.76487e-08
chr19	58	4	59128983	6.76487e-08
chr19	60	8	59128983	1.35297e-07
chr19	61	8	59128983	1.35297e-07
chr19	62	4	59128983	6.76487e-08
chr19	63	3	59128983	5.07365e-08
chr19	64	4	59128983	6.76487e-08
chr19	65	9	59128983	1.5221e-07
chr19	66	9	59128983	1.5221e-07
chr19	67	5	59128983	8.45609e-08
chr19	68	4	59128983	6.76487e-08
chr19	69	3	59128983	5.07365e-08
chr19	70	3	59128983	5.07365e-08
chr19	71	1	59128983	1.69122e-08
chr19	77	2	59128983	3.38244e-08
chr19	80	2	59128983	3.38244e-08
chr19	81	3	59128983	5.07365e-08
chr19	82	2	59128983	3.38244e-08
chr19	83	3	59128983	5.07365e-08
chr20	0	62379543	63025520	0.989751
chr20	1	626327	63025520	0.00993767
chr20	2	19427	63025520	0.00030824
chr20	3	223	63025520	3.53825e-06
chr21	0	47718508	48129895	0.991453
chr21	1	398439	48129895	0.00827841
chr21	2	12699	48129895	0.000263848
chr21	3	233	48129895	4.84107e-06
chr21	4	16	48129895	3.32434e-07
chr22	0	50745846	51304566	0.98911
chr22	1	539117	51304566	0.0105082
chr22	2	19435	51304566	0.000378816
chr22	3	159	51304566	3.09914e-06
chr22	4	9	51304566	1.75423e-07
chrX	0	154194512	155270560	0.99307
chrX	1	1045179	155270560	0.00673134
chrX	2	29065	155270560	0.000187189
chrX	3	1196	155270560	7.70268e-06
chrX	4	405	155270560	2.60835e-06
chrX	5	146	155270560	9.40294e-07
chrX	6	46	155270560	2.96257e-07
chrX	7	11	155270560	7.08441e-08
chrY	0	59338490	59373566	0.999409
chrY	1	32348	59373566	0.000544822
chrY	2	1975	59373566	3.3264e-05
chrY	3	232	59373566	3.90746e-06
chrY	4	272	59373566	4.58116e-06
chrY	5	119	59373566	2.00426e-06
chrY	6	23	59373566	3.87378e-07
chrY	7	38	59373566	6.40015e-07
chrY	8	29	59373566	4.88433e-07
chrY	9	11	59373566	1.85268e-07
chrY	10	2	59373566	3.3685e-08
chrY	11	9	59373566	1.51583e-07
chrY	12	15	59373566	2.52638e-07
chrY	13	3	59373566	5.05275e-08
chr1_gl000191_random	0	105510	106433	0.991328
chr1_gl000191_random	1	896	106433	0.00841844
chr1_gl000191_random	2	27	106433	0.000253681
chr1_gl000192_random	0	539001	547496	0.984484
chr1_gl000192_random	1	8240	547496	0.0150503
chr1_gl000192_random	2	255	547496	0.000465757
chr4_ctg9_hap1	0	588726	590426	0.997121
chr4_ctg9_hap1	1	1650	590426	0.00279459
chr4_ctg9_hap1	2	50	590426	8.46846e-05
chr4_gl000193_random	0	182056	189789	0.959255
chr4_gl000193_random	1	6826	189789	0.0359663
chr4_gl000193_random	2	847	189789	0.00446285
chr4_gl000193_random	3	60	189789	0.000316141
chr4_gl000194_random	0	187378	191469	0.978634
chr4_gl000194_random	1	3932	191469	0.020536
chr4_gl000194_random	2	159	191469	0.000830422
chr6_apd_hap1	0	4614509	4622290	0.998317
chr6_apd_hap1	1	7562	4622290	0.00163599
chr6_apd_hap1	2	219	4622290	4.73791e-05
chr6_cox_hap2	0	4774474	4795371	0.995642
chr6_cox_hap2	1	20494	4795371	0.0042737
chr6_cox_hap2	2	403	4795371	8.40394e-05
chr6_dbb_hap3	0	4592350	4610396	0.996086
chr6_dbb_hap3	1	17592	4610396	0.00381572
chr6_dbb_hap3	2	454	4610396	9.84731e-05
chr6_mann_hap4	0	4667962	4683263	0.996733
chr6_mann_hap4	1	14902	4683263	0.00318197
chr6_mann_hap4	2	399	4683263	8.5197e-05
chr6_mcf_hap5	0	4818098	4833398	0.996835
chr6_mcf_hap5	1	15000	4833398	0.00310341
chr6_mcf_hap5	2	300	4833398	6.20681e-05
chr6_qbl_hap6	0	4595831	4611984	0.996498
chr6_qbl_hap6	1	15706	4611984	0.00340548
chr6_qbl_hap6	2	447	4611984	9.69214e-05
chr6_ssto_hap7	0	4910733	4928567	0.996382
chr6_ssto_hap7	1	17118	4928567	0.00347322
chr6_ssto_hap7	2	716	4928567	0.000145275
chr7_gl000195_random	0	174810	182896	0.955789
chr7_gl000195_random	1	7872	182896	0.0430409
chr7_gl000195_random	2	214	182896	0.00117006
chr8_gl000196_random	0	38764	38914	0.996145
chr8_gl000196_random	1	150	38914	0.00385465
chr8_gl000197_random	0	36975	37175	0.99462
chr8_gl000197_random	1	200	37175	0.00537996
chr9_gl000198_random	0	87676	90085	0.973259
chr9_gl000198_random	1	2269	90085	0.0251873
chr9_gl000198_random	2	139	90085	0.00154299
chr9_gl000198_random	3	1	90085	1.11006e-05
chr9_gl000199_random	0	143546	169874	0.845015
chr9_gl000199_random	1	19129	169874	0.112607
chr9_gl000199_random	2	4485	169874	0.0264019
chr9_gl000199_random	3	1342	169874	0.00789997
chr9_gl000199_random	4	750	169874	0.00441504
chr9_gl000199_random	5	351	169874	0.00206624
chr9_gl000199_random	6	93	169874	0.000547465
chr9_gl000199_random	7	96	169874	0.000565125
chr9_gl000199_random	8	27	169874	0.000158941
chr9_gl000199_random	9	22	169874	0.000129508
chr9_gl000199_random	10	9	169874	5.29804e-05
chr9_gl000199_random	11	2	169874	1.17734e-05
chr9_gl000199_random	12	22	169874	0.000129508
chr9_gl000200_random	0	185635	187035	0.992515
chr9_gl000200_random	1	1400	187035	0.00748523
chr9_gl000201_random	0	35798	36148	0.990318
chr9_gl000201_random	1	350	36148	0.00968242
chr11_gl000202_random	0	39403	40103	0.982545
chr11_gl000202_random	1	700	40103	0.0174551
chr17_ctg5_hap1	0	1669494	1680828	0.993257
chr17_ctg5_hap1	1	10968	1680828	0.00652536
chr17_ctg5_hap1	2	366	1680828	0.00021775
chr17_gl000203_random	0	37034	37498	0.987626
chr17_gl000203_random	1	428	37498	0.0114139
chr17_gl000203_random	2	36	37498	0.000960051
chr17_gl000204_random	0	80042	81310	0.984405
chr17_gl000204_random	1	1186	81310	0.0145862
chr17_gl000204_random	2	82	81310	0.00100849
chr17_gl000205_random	0	167014	174588	0.956618
chr17_gl000205_random	1	7298	174588	0.0418013
chr17_gl000205_random	2	276	174588	0.00158086
chr17_gl000206_random	0	40700	41001	0.992659
chr17_gl000206_random	1	252	41001	0.00614619
chr17_gl000206_random	2	49	41001	0.00119509
chr18_gl000207_random	0	4062	4262	0.953074
chr18_gl000207_random	1	200	4262	0.0469263
chr19_gl000208_random	0	88822	92689	0.95828
chr19_gl000208_random	1	3299	92689	0.0355921
chr19_gl000208_random	2	526	92689	0.00567489
chr19_gl000208_random	3	19	92689	0.000204987
chr19_gl000208_random	4	23	92689	0.000248142
chr19_gl000209_random	0	158635	159169	0.996645
chr19_gl000209_random	1	468	159169	0.00294027
chr19_gl000209_random	2	66	159169	0.000414654
chr21_gl000210_random	0	27482	27682	0.992775
chr21_gl000210_random	1	200	27682	0.00722491
chrUn_gl000211	0	164408	166566	0.987044
chrUn_gl000211	1	2116	166566	0.0127037
chrUn_gl000211	2	42	166566	0.000252152
chrUn_gl000212	0	183140	186858	0.980103
chrUn_gl000212	1	3359	186858	0.0179762
chrUn_gl000212	2	286	186858	0.00153057
chrUn_gl000212	3	73	186858	0.000390671
chrUn_gl000213	0	163155	164239	0.9934
chrUn_gl000213	1	1018	164239	0.00619828
chrUn_gl000213	2	66	164239	0.000401853
chrUn_gl000214	0	123849	137718	0.899294
chrUn_gl000214	1	10285	137718	0.0746816
chrUn_gl000214	2	2248	137718	0.0163232
chrUn_gl000214	3	668	137718	0.00485049
chrUn_gl000214	4	356	137718	0.00258499
chrUn_gl000214	5	150	137718	0.00108918
chrUn_gl000214	6	86	137718	0.000624464
chrUn_gl000214	7	49	137718	0.0003558
chrUn_gl000214	8	11	137718	7.98734e-05
chrUn_gl000214	9	16	137718	0.000116179
chrUn_gl000215	0	171545	172545	0.994204
chrUn_gl000215	1	1000	172545	0.00579559
chrUn_gl000216	0	162944	172294	0.945732
chrUn_gl000216	1	7217	172294	0.0418877
chrUn_gl000216	2	1279	172294	0.00742336
chrUn_gl000216	3	345	172294	0.00200239
chrUn_gl000216	4	209	172294	0.00121304
chrUn_gl000216	5	112	172294	0.000650052
chrUn_gl000216	6	73	172294	0.000423694
chrUn_gl000216	7	46	172294	0.000266986
chrUn_gl000216	8	16	172294	9.28645e-05
chrUn_gl000216	9	3	172294	1.74121e-05
chrUn_gl000216	10	3	172294	1.74121e-05
chrUn_gl000216	11	18	172294	0.000104473
chrUn_gl000216	12	5	172294	2.90202e-05
chrUn_gl000216	13	6	172294	3.48242e-05
chrUn_gl000216	14	7	172294	4.06282e-05
chrUn_gl000216	15	11	172294	6.38444e-05
chrUn_gl000217	0	169729	172149	0.985942
chrUn_gl000217	1	2390	172149	0.0138833
chrUn_gl000217	2	30	172149	0.000174268
chrUn_gl000218	0	157319	161147	0.976245
chrUn_gl000218	1	3706	161147	0.0229976
chrUn_gl000218	2	122	161147	0.000757073
chrUn_gl000219	0	174172	179198	0.971953
chrUn_gl000219	1	4852	179198	0.0270762
chrUn_gl000219	2	174	179198	0.000970993
chrUn_gl000220	0	129546	161802	0.800645
chrUn_gl000220	1	17295	161802	0.10689
chrUn_gl000220	2	8078	161802	0.0499252
chrUn_gl000220	3	4350	161802	0.0268847
chrUn_gl000220	4	1584	161802	0.00978974
chrUn_gl000220	5	651	161802	0.00402344
chrUn_gl000220	6	249	161802	0.00153892
chrUn_gl000220	7	35	161802	0.000216314
chrUn_gl000220	8	7	161802	4.32628e-05
chrUn_gl000220	9	7	161802	4.32628e-05
chrUn_gl000221	0	151810	155397	0.976917
chrUn_gl000221	1	3474	155397	0.0223556
chrUn_gl000221	2	113	155397	0.00072717
chrUn_gl000222	0	184402	186861	0.98684
chrUn_gl000222	1	2268	186861	0.0121374
chrUn_gl000222	2	191	186861	0.00102215
chrUn_gl000223	0	178584	180455	0.989632
chrUn_gl000223	1	1842	180455	0.0102075
chrUn_gl000223	2	29	180455	0.000160705
chrUn_gl000224	0	169069	179693	0.940877
chrUn_gl000224	1	8629	179693	0.0480208
chrUn_gl000224	2	1697	179693	0.00944388
chrUn_gl000224	3	228	179693	0.00126883
chrUn_gl000224	4	57	179693	0.000317208
chrUn_gl000224	5	13	179693	7.23456e-05
chrUn_gl000225	0	193760	211173	0.917542
chrUn_gl000225	1	12359	211173	0.0585255
chrUn_gl000225	2	2709	211173	0.0128283
chrUn_gl000225	3	1051	211173	0.00497696
chrUn_gl000225	4	412	211173	0.00195101
chrUn_gl000225	5	316	211173	0.0014964
chrUn_gl000225	6	203	211173	0.000961297
chrUn_gl000225	7	121	211173	0.00057299
chrUn_gl000225	8	55	211173	0.00026045
chrUn_gl000225	9	68	211173	0.000322011
chrUn_gl000225	10	35	211173	0.000165741
chrUn_gl000225	11	28	211173	0.000132593
chrUn_gl000225	12	17	211173	8.05027e-05
chrUn_gl000225	13	13	211173	6.15609e-05
chrUn_gl000225	14	6	211173	2.84127e-05
chrUn_gl000225	15	10	211173	4.73545e-05
chrUn_gl000225	16	10	211173	4.73545e-05
chrUn_gl000226	0	2656	15008	0.176972
chrUn_gl000226	1	2497	15008	0.166378
chrUn_gl000226	2	2264	15008	0.150853
chrUn_gl000226	3	1855	15008	0.123601
chrUn_gl000226	4	1591	15008	0.10601
chrUn_gl000226	5	1400	15008	0.0932836
chrUn_gl000226	6	819	15008	0.0545709
chrUn_gl000226	7	541	15008	0.0360474
chrUn_gl000226	8	415	15008	0.0276519
chrUn_gl000226	9	308	15008	0.0205224
chrUn_gl000226	10	205	15008	0.0136594
chrUn_gl000226	11	180	15008	0.0119936
chrUn_gl000226	12	97	15008	0.00646322
chrUn_gl000226	13	80	15008	0.00533049
chrUn_gl000226	14	48	15008	0.00319829
chrUn_gl000226	15	36	15008	0.00239872
chrUn_gl000226	16	15	15008	0.000999467
chrUn_gl000226	17	1	15008	6.66311e-05
chrUn_gl000227	0	127021	128374	0.98946
chrUn_gl000227	1	1306	128374	0.0101734
chrUn_gl000227	2	47	128374	0.000366118
chrUn_gl000228	0	126413	129120	0.979035
chrUn_gl000228	1	1501	129120	0.0116248
chrUn_gl000228	2	480	129120	0.00371747
chrUn_gl000228	3	212	129120	0.00164188
chrUn_gl000228	4	100	129120	0.000774473
chrUn_gl000228	5	79	129120	0.000611834
chrUn_gl000228	6	75	129120	0.000580855
chrUn_gl000228	7	33	129120	0.000255576
chrUn_gl000228	8	49	129120	0.000379492
chrUn_gl000228	9	86	129120	0.000666047
chrUn_gl000228	10	32	129120	0.000247831
chrUn_gl000228	11	22	129120	0.000170384
chrUn_gl000228	12	20	129120	0.000154895
chrUn_gl000228	13	1	129120	7.74473e-06
chrUn_gl000228	14	11	129120	8.51921e-05
chrUn_gl000228	15	4	129120	3.09789e-05
chrUn_gl000228	16	2	129120	1.54895e-05
chrUn_gl000229	0	19170	19913	0.962688
chrUn_gl000229	1	660	19913	0.0331442
chrUn_gl000229	2	59	19913	0.00296289
chrUn_gl000229	3	24	19913	0.00120524
chrUn_gl000230	0	43296	43691	0.990959
chrUn_gl000230	1	390	43691	0.00892632
chrUn_gl000230	2	5	43691	0.00011444
chrUn_gl000231	0	26490	27386	0.967283
chrUn_gl000231	1	842	27386	0.0307456
chrUn_gl000231	2	54	27386	0.00197181
chrUn_gl000232	0	38236	40652	0.940569
chrUn_gl000232	1	2332	40652	0.057365
chrUn_gl000232	2	84	40652	0.00206632
chrUn_gl000233	0	45091	45941	0.981498
chrUn_gl000233	1	850	45941	0.018502
chrUn_gl000234	0	38760	40531	0.956305
chrUn_gl000234	1	1642	40531	0.0405122
chrUn_gl000234	2	129	40531	0.00318275
chrUn_gl000235	0	33602	34474	0.974706
chrUn_gl000235	1	844	34474	0.0244822
chrUn_gl000235	2	28	34474	0.000812206
chrUn_gl000236	0	41584	41934	0.991654
chrUn_gl000236	1	350	41934	0.00834645
chrUn_gl000237	0	44106	45867	0.961606
chrUn_gl000237	1	1646	45867	0.0358864
chrUn_gl000237	2	91	45867	0.001984
chrUn_gl000237	3	24	45867	0.000523252
chrUn_gl000238	0	39689	39939	0.99374
chrUn_gl000238	1	250	39939	0.00625955
chrUn_gl000239	0	32244	33824	0.953288
chrUn_gl000239	1	1510	33824	0.0446429
chrUn_gl000239	2	70	33824	0.00206954
chrUn_gl000240	0	41583	41933	0.991653
chrUn_gl000240	1	350	41933	0.00834665
chrUn_gl000241	0	40258	42152	0.955067
chrUn_gl000241	1	1788	42152	0.0424179
chrUn_gl000241	2	106	42152	0.00251471
chrUn_gl000242	0	43473	43523	0.998851
chrUn_gl000242	1	50	43523	0.00114882
chrUn_gl000243	0	42106	43341	0.971505
chrUn_gl000243	1	1170	43341	0.0269952
chrUn_gl000243	2	65	43341	0.00149973
chrUn_gl000244	0	39379	39929	0.986226
chrUn_gl000244	1	550	39929	0.0137744
chrUn_gl000245	0	35582	36651	0.970833
chrUn_gl000245	1	949	36651	0.0258929
chrUn_gl000245	2	59	36651	0.00160978
chrUn_gl000245	3	61	36651	0.00166435
chrUn_gl000247	0	35536	36422	0.975674
chrUn_gl000247	1	822	36422	0.0225688
chrUn_gl000247	2	64	36422	0.00175718
chrUn_gl000248	0	39286	39786	0.987433
chrUn_gl000248	1	500	39786	0.0125672
chrUn_gl000249	0	38133	38502	0.990416
chrUn_gl000249	1	338	38502	0.00877876
chrUn_gl000249	2	31	38502	0.000805153
chrUn_gl000246	0	38154	38154	1
genome	0	3099067461	3137161264	0.987857
genome	1	36815620	3137161264	0.0117353
genome	2	1158462	3137161264	0.000369271
genome	3	48023	3137161264	1.53078e-05
genome	4	15884	3137161264	5.06318e-06
genome	5	10334	3137161264	3.29406e-06
genome	6	7120	3137161264	2.26957e-06
genome	7	5761	3137161264	1.83637e-06
genome	8	5099	3137161264	1.62535e-06
genome	9	4307	3137161264	1.3729e-06
genome	10	3623	3137161264	1.15487e-06
genome	11	3256	3137161264	1.03788e-06
genome	12	2638	3137161264	8.40888e-07
genome	13	2087	3137161264	6.65251e-07
genome	14	1789	3137161264	5.70261e-07
genome	15	1490	3137161264	4.74952e-07
genome	16	1179	3137161264	3.75817e-07
genome	17	996	3137161264	3.17484e-07
genome	18	756	3137161264	2.40982e-07
genome	19	542	3137161264	1.72768e-07
genome	20	404	3137161264	1.28779e-07
genome	21	338	3137161264	1.07741e-07
genome	22	224	3137161264	7.14021e-08
genome	23	203	3137161264	6.47082e-08
genome	24	152	3137161264	4.84514e-08
genome	25	149	3137161264	4.74952e-08
genome	26	115	3137161264	3.66573e-08
genome	27	116	3137161264	3.69761e-08
genome	28	114	3137161264	3.63386e-08
genome	29	105	3137161264	3.34697e-08
genome	30	114	3137161264	3.63386e-08
genome	31	115	3137161264	3.66573e-08
genome	32	149	3137161264	4.74952e-08
genome	33	135	3137161264	4.30325e-08
genome	34	97	3137161264	3.09197e-08
genome	35	132	3137161264	4.20763e-08
genome	36	109	3137161264	3.47448e-08
genome	37	114	3137161264	3.63386e-08
genome	38	91	3137161264	2.90071e-08
genome	39	93	3137161264	2.96446e-08
genome	40	59	3137161264	1.88068e-08
genome	41	68	3137161264	2.16756e-08
genome	42	76	3137161264	2.42257e-08
genome	43	88	3137161264	2.80508e-08
genome	44	82	3137161264	2.61383e-08
genome	45	88	3137161264	2.80508e-08
genome	46	90	3137161264	2.86884e-08
genome	47	70	3137161264	2.23132e-08
genome	48	86	3137161264	2.74133e-08
genome	49	69	3137161264	2.19944e-08
genome	50	67	3137161264	2.13569e-08
genome	51	61	3137161264	1.94443e-08
genome	52	45	3137161264	1.43442e-08
genome	53	55	3137161264	1.75318e-08
genome	54	27	3137161264	8.60651e-09
genome	55	33	3137161264	1.05191e-08
genome	56	21	3137161264	6.69395e-09
genome	57	21	3137161264	6.69395e-09
genome	58	18	3137161264	5.73767e-09
genome	59	17	3137161264	5.41891e-09
genome	60	20	3137161264	6.37519e-09
genome	61	17	3137161264	5.41891e-09
genome	62	11	3137161264	3.50635e-09
genome	63	14	3137161264	4.46263e-09
genome	64	10	3137161264	3.1876e-09
genome	65	16	3137161264	5.10015e-09
genome	66	18	3137161264	5.73767e-09
genome	67	16	3137161264	5.10015e-09
genome	68	14	3137161264	4.46263e-09
genome	69	7	3137161264	2.23132e-09
genome	70	10	3137161264	3.1876e-09
genome	71	9	3137161264	2.86884e-09
genome	72	9	3137161264	2.86884e-09
genome	73	4	3137161264	1.27504e-09
genome	74	4	3137161264	1.27504e-09
genome	75	12	3137161264	3.82511e-09
genome	76	14	3137161264	4.46263e-09
genome	77	13	3137161264	4.14387e-09
genome	78	9	3137161264	2.86884e-09
genome	79	5	3137161264	1.5938e-09
genome	80	20	3137161264	6.37519e-09
genome	81	9	3137161264	2.86884e-09
genome	82	11	3137161264	3.50635e-09
genome	83	11	3137161264	3.50635e-09
genome	84	4	3137161264	1.27504e-09
genome	85	2	3137161264	6.37519e-10
genome	86	6	3137161264	1.91256e-09
genome	87	3	3137161264	9.56279e-10
genome	88	2	3137161264	6.37519e-10
genome	89	1	3137161264	3.1876e-10
genome	90	3	3137161264	9.56279e-10
genome	91	3	3137161264	9.56279e-10
genome	92	3	3137161264	9.56279e-10
genome	93	2	3137161264	6.37519e-10
genome	94	1	3137161264	3.1876e-10
genome	95	3	3137161264	9.56279e-10
genome	96	1	3137161264	3.1876e-10
genome	97	3	3137161264	9.56279e-10
genome	98	7	3137161264	2.23132e-09
genome	99	3	3137161264	9.56279e-10
genome	100	4	3137161264	1.27504e-09
genome	102	3	3137161264	9.56279e-10
genome	103	4	3137161264	1.27504e-09
genome	104	2	3137161264	6.37519e-10
genome	106	1	3137161264	3.1876e-10
genome	107	1	3137161264	3.1876e-10
genome	109	1	3137161264	3.1876e-10
genome	111	5	3137161264	1.5938e-09
genome	112	4	3137161264	1.27504e-09
genome	113	4	3137161264	1.27504e-09
genome	114	3	3137161264	9.56279e-10
genome	115	2	3137161264	6.37519e-10
genome	116	3	3137161264	9.56279e-10
genome	117	2	3137161264	6.37519e-10
genome	118	2	3137161264	6.37519e-10
genome	119	2	3137161264	6.37519e-10
genome	120	1	3137161264	3.1876e-10
genome	121	1	3137161264	3.1876e-10
genome	122	1	3137161264	3.1876e-10
genome	123	3	3137161264	9.56279e-10
genome	125	4	3137161264	1.27504e-09
genome	126	5	3137161264	1.5938e-09
genome	127	1	3137161264	3.1876e-10
genome	128	2	3137161264	6.37519e-10
genome	129	2	3137161264	6.37519e-10
genome	130	4	3137161264	1.27504e-09
genome	131	3	3137161264	9.56279e-10
genome	132	2	3137161264	6.37519e-10
genome	133	1	3137161264	3.1876e-10
genome	136	5	3137161264	1.5938e-09
genome	139	6	3137161264	1.91256e-09
genome	140	2	3137161264	6.37519e-10
genome	141	6	3137161264	1.91256e-09
genome	142	6	3137161264	1.91256e-09
genome	144	6	3137161264	1.91256e-09
genome	145	4	3137161264	1.27504e-09
genome	146	3	3137161264	9.56279e-10
genome	147	6	3137161264	1.91256e-09
genome	148	3	3137161264	9.56279e-10
genome	149	7	3137161264	2.23132e-09
genome	150	5	3137161264	1.5938e-09
genome	151	4	3137161264	1.27504e-09
genome	152	5	3137161264	1.5938e-09
genome	153	3	3137161264	9.56279e-10
genome	154	6	3137161264	1.91256e-09
genome	155	6	3137161264	1.91256e-09
genome	156	3	3137161264	9.56279e-10
genome	157	1	3137161264	3.1876e-10
genome	158	3	3137161264	9.56279e-10
genome	159	3	3137161264	9.56279e-10
genome	161	4	3137161264	1.27504e-09
genome	162	5	3137161264	1.5938e-09
genome	163	8	3137161264	2.55008e-09
genome	164	7	3137161264	2.23132e-09
genome	165	10	3137161264	3.1876e-09
genome	166	4	3137161264	1.27504e-09
genome	167	4	3137161264	1.27504e-09
genome	168	3	3137161264	9.56279e-10
genome	169	2	3137161264	6.37519e-10
genome	170	8	3137161264	2.55008e-09
genome	171	8	3137161264	2.55008e-09
genome	172	5	3137161264	1.5938e-09
genome	173	4	3137161264	1.27504e-09
genome	174	4	3137161264	1.27504e-09
genome	175	3	3137161264	9.56279e-10
genome	176	2	3137161264	6.37519e-10
genome	177	4	3137161264	1.27504e-09
genome	180	1	3137161264	3.1876e-10
genome	181	1	3137161264	3.1876e-10
genome	182	3	3137161264	9.56279e-10
genome	183	3	3137161264	9.56279e-10
genome	184	3	3137161264	9.56279e-10
genome	185	2	3137161264	6.37519e-10
genome	186	3	3137161264	9.56279e-10
genome	187	2	3137161264	6.37519e-10
genome	188	1	3137161264	3.1876e-10
genome	189	3	3137161264	9.56279e-10
genome	190	2	3137161264	6.37519e-10
genome	195	1	3137161264	3.1876e-10
genome	196	3	3137161264	9.56279e-10
genome	197	1	3137161264	3.1876e-10
genome	198	3	3137161264	9.56279e-10
genome	199	1	3137161264	3.1876e-10
genome	200	1	3137161264	3.1876e-10
genome	201	1	3137161264	3.1876e-10
genome	202	3	3137161264	9.56279e-10
genome	203	1	3137161264	3.1876e-10
genome	206	1	3137161264	3.1876e-10
genome	207	1	3137161264	3.1876e-10
genome	208	1	3137161264	3.1876e-10
genome	213	1	3137161264	3.1876e-10
genome	214	1	3137161264	3.1876e-10
genome	215	1	3137161264	3.1876e-10
genome	217	1	3137161264	3.1876e-10
