chrM	1	1	16571	6.03464e-05
chrM	2	12	16571	0.000724157
chrM	3	69	16571	0.0041639
chrM	4	56	16571	0.0033794
chrM	5	139	16571	0.00838815
chrM	6	230	16571	0.0138797
chrM	7	318	16571	0.0191902
chrM	8	419	16571	0.0252851
chrM	9	487	16571	0.0293887
chrM	10	629	16571	0.0379579
chrM	11	724	16571	0.0436908
chrM	12	851	16571	0.0513548
chrM	13	880	16571	0.0531048
chrM	14	938	16571	0.0566049
chrM	15	1053	16571	0.0635448
chrM	16	1187	16571	0.0716312
chrM	17	1276	16571	0.077002
chrM	18	1162	16571	0.0701225
chrM	19	1045	16571	0.063062
chrM	20	949	16571	0.0572687
chrM	21	829	16571	0.0500272
chrM	22	767	16571	0.0462857
chrM	23	607	16571	0.0366303
chrM	24	449	16571	0.0270955
chrM	25	342	16571	0.0206385
chrM	26	260	16571	0.0156901
chrM	27	197	16571	0.0118882
chrM	28	184	16571	0.0111037
chrM	29	157	16571	0.00947438
chrM	30	106	16571	0.00639672
chrM	31	74	16571	0.00446563
chrM	32	61	16571	0.00368113
chrM	33	47	16571	0.00283628
chrM	34	19	16571	0.00114658
chrM	35	12	16571	0.000724157
chrM	36	13	16571	0.000784503
chrM	37	12	16571	0.000724157
chrM	38	9	16571	0.000543118
chrM	39	1	16571	6.03464e-05
chr1	0	245886238	249250621	0.986502
chr1	1	3241690	249250621	0.0130057
chr1	2	116383	249250621	0.000466932
chr1	3	3497	249250621	1.40301e-05
chr1	4	698	249250621	2.80039e-06
chr1	5	343	249250621	1.37612e-06
chr1	6	282	249250621	1.13139e-06
chr1	7	112	249250621	4.49347e-07
chr1	8	44	249250621	1.76529e-07
chr1	9	55	249250621	2.20661e-07
chr1	10	29	249250621	1.16349e-07
chr1	11	22	249250621	8.82646e-08
chr1	12	28	249250621	1.12337e-07
chr1	13	17	249250621	6.82044e-08
chr1	14	48	249250621	1.92577e-07
chr1	15	22	249250621	8.82646e-08
chr1	16	14	249250621	5.61684e-08
chr1	17	19	249250621	7.62285e-08
chr1	18	20	249250621	8.02405e-08
chr1	19	6	249250621	2.40722e-08
chr1	20	14	249250621	5.61684e-08
chr1	21	8	249250621	3.20962e-08
chr1	22	7	249250621	2.80842e-08
chr1	23	8	249250621	3.20962e-08
chr1	24	1	249250621	4.01203e-09
chr1	25	7	249250621	2.80842e-08
chr1	26	1	249250621	4.01203e-09
chr1	27	14	249250621	5.61684e-08
chr1	28	15	249250621	6.01804e-08
chr1	29	13	249250621	5.21563e-08
chr1	30	19	249250621	7.62285e-08
chr1	31	26	249250621	1.04313e-07
chr1	32	12	249250621	4.81443e-08
chr1	33	18	249250621	7.22165e-08
chr1	34	15	249250621	6.01804e-08
chr1	35	20	249250621	8.02405e-08
chr1	36	20	249250621	8.02405e-08
chr1	37	33	249250621	1.32397e-07
chr1	38	30	249250621	1.20361e-07
chr1	39	24	249250621	9.62886e-08
chr1	40	23	249250621	9.22766e-08
chr1	41	14	249250621	5.61684e-08
chr1	42	24	249250621	9.62886e-08
chr1	43	15	249250621	6.01804e-08
chr1	44	18	249250621	7.22165e-08
chr1	45	21	249250621	8.42525e-08
chr1	46	19	249250621	7.62285e-08
chr1	47	21	249250621	8.42525e-08
chr1	48	14	249250621	5.61684e-08
chr1	49	13	249250621	5.21563e-08
chr1	50	12	249250621	4.81443e-08
chr1	51	13	249250621	5.21563e-08
chr1	52	12	249250621	4.81443e-08
chr1	53	10	249250621	4.01203e-08
chr1	54	13	249250621	5.21563e-08
chr1	55	11	249250621	4.41323e-08
chr1	56	9	249250621	3.61082e-08
chr1	57	11	249250621	4.41323e-08
chr1	58	13	249250621	5.21563e-08
chr1	59	15	249250621	6.01804e-08
chr1	60	16	249250621	6.41924e-08
chr1	61	11	249250621	4.41323e-08
chr1	62	11	249250621	4.41323e-08
chr1	63	11	249250621	4.41323e-08
chr1	64	14	249250621	5.61684e-08
chr1	65	6	249250621	2.40722e-08
chr1	66	4	249250621	1.60481e-08
chr1	67	1	249250621	4.01203e-09
chr1	68	4	249250621	1.60481e-08
chr1	69	3	249250621	1.20361e-08
chr1	70	5	249250621	2.00601e-08
chr1	71	4	249250621	1.60481e-08
chr1	73	3	249250621	1.20361e-08
chr1	74	3	249250621	1.20361e-08
chr1	75	3	249250621	1.20361e-08
chr1	76	3	249250621	1.20361e-08
chr1	77	1	249250621	4.01203e-09
chr1	78	4	249250621	1.60481e-08
chr1	79	4	249250621	1.60481e-08
chr1	80	1	249250621	4.01203e-09
chr1	82	2	249250621	8.02405e-09
chr1	84	2	249250621	8.02405e-09
chr1	85	3	249250621	1.20361e-08
chr1	86	4	249250621	1.60481e-08
chr1	87	5	249250621	2.00601e-08
chr1	88	1	249250621	4.01203e-09
chr1	89	2	249250621	8.02405e-09
chr1	93	1	249250621	4.01203e-09
chr1	95	1	249250621	4.01203e-09
chr1	96	1	249250621	4.01203e-09
chr1	98	1	249250621	4.01203e-09
chr1	102	1	249250621	4.01203e-09
chr1	105	1	249250621	4.01203e-09
chr1	114	2	249250621	8.02405e-09
chr1	115	1	249250621	4.01203e-09
chr1	116	1	249250621	4.01203e-09
chr1	117	1	249250621	4.01203e-09
chr1	118	2	249250621	8.02405e-09
chr1	121	1	249250621	4.01203e-09
chr1	123	2	249250621	8.02405e-09
chr1	126	1	249250621	4.01203e-09
chr1	127	1	249250621	4.01203e-09
chr1	128	1	249250621	4.01203e-09
chr1	130	1	249250621	4.01203e-09
chr1	131	6	249250621	2.40722e-08
chr1	132	2	249250621	8.02405e-09
chr1	133	1	249250621	4.01203e-09
chr1	134	6	249250621	2.40722e-08
chr1	135	6	249250621	2.40722e-08
chr1	136	3	249250621	1.20361e-08
chr1	137	4	249250621	1.60481e-08
chr1	138	5	249250621	2.00601e-08
chr1	139	4	249250621	1.60481e-08
chr1	140	4	249250621	1.60481e-08
chr1	141	1	249250621	4.01203e-09
chr1	142	4	249250621	1.60481e-08
chr1	143	3	249250621	1.20361e-08
chr1	144	2	249250621	8.02405e-09
chr1	145	4	249250621	1.60481e-08
chr1	146	1	249250621	4.01203e-09
chr1	147	1	249250621	4.01203e-09
chr1	148	4	249250621	1.60481e-08
chr1	149	3	249250621	1.20361e-08
chr1	150	3	249250621	1.20361e-08
chr1	151	5	249250621	2.00601e-08
chr1	152	1	249250621	4.01203e-09
chr1	153	2	249250621	8.02405e-09
chr1	155	3	249250621	1.20361e-08
chr1	157	2	249250621	8.02405e-09
chr1	158	4	249250621	1.60481e-08
chr1	159	3	249250621	1.20361e-08
chr1	160	3	249250621	1.20361e-08
chr1	162	1	249250621	4.01203e-09
chr1	163	3	249250621	1.20361e-08
chr1	164	4	249250621	1.60481e-08
chr1	165	3	249250621	1.20361e-08
chr1	166	4	249250621	1.60481e-08
chr1	167	3	249250621	1.20361e-08
chr1	168	5	249250621	2.00601e-08
chr1	169	3	249250621	1.20361e-08
chr1	170	5	249250621	2.00601e-08
chr1	171	7	249250621	2.80842e-08
chr1	172	6	249250621	2.40722e-08
chr1	173	5	249250621	2.00601e-08
chr1	174	10	249250621	4.01203e-08
chr1	175	6	249250621	2.40722e-08
chr1	176	9	249250621	3.61082e-08
chr1	177	5	249250621	2.00601e-08
chr1	178	6	249250621	2.40722e-08
chr1	179	6	249250621	2.40722e-08
chr1	180	4	249250621	1.60481e-08
chr1	181	3	249250621	1.20361e-08
chr1	182	9	249250621	3.61082e-08
chr1	183	12	249250621	4.81443e-08
chr1	184	5	249250621	2.00601e-08
chr1	185	9	249250621	3.61082e-08
chr1	186	3	249250621	1.20361e-08
chr1	187	5	249250621	2.00601e-08
chr1	188	4	249250621	1.60481e-08
chr1	189	2	249250621	8.02405e-09
chr1	190	5	249250621	2.00601e-08
chr1	191	4	249250621	1.60481e-08
chr1	192	5	249250621	2.00601e-08
chr1	193	6	249250621	2.40722e-08
chr1	194	4	249250621	1.60481e-08
chr1	195	3	249250621	1.20361e-08
chr1	196	4	249250621	1.60481e-08
chr1	197	3	249250621	1.20361e-08
chr1	198	6	249250621	2.40722e-08
chr1	199	3	249250621	1.20361e-08
chr1	200	2	249250621	8.02405e-09
chr1	201	2	249250621	8.02405e-09
chr1	202	2	249250621	8.02405e-09
chr1	204	1	249250621	4.01203e-09
chr1	205	3	249250621	1.20361e-08
chr1	206	1	249250621	4.01203e-09
chr1	212	1	249250621	4.01203e-09
chr1	213	1	249250621	4.01203e-09
chr1	216	1	249250621	4.01203e-09
chr1	217	2	249250621	8.02405e-09
chr1	219	1	249250621	4.01203e-09
chr2	0	240075021	243199373	0.987153
chr2	1	3014648	243199373	0.0123958
chr2	2	100889	243199373	0.000414841
chr2	3	4158	243199373	1.70971e-05
chr2	4	1478	243199373	6.07732e-06
chr2	5	1082	243199373	4.44902e-06
chr2	6	704	243199373	2.89474e-06
chr2	7	462	243199373	1.89968e-06
chr2	8	316	243199373	1.29935e-06
chr2	9	208	243199373	8.55265e-07
chr2	10	155	243199373	6.37337e-07
chr2	11	70	243199373	2.8783e-07
chr2	12	58	243199373	2.38487e-07
chr2	13	36	243199373	1.48027e-07
chr2	14	12	243199373	4.93422e-08
chr2	15	14	243199373	5.75659e-08
chr2	16	17	243199373	6.99015e-08
chr2	17	15	243199373	6.16778e-08
chr2	18	6	243199373	2.46711e-08
chr2	19	12	243199373	4.93422e-08
chr2	20	7	243199373	2.8783e-08
chr2	21	5	243199373	2.05593e-08
chr3	0	195112835	198022430	0.985307
chr3	1	2812090	198022430	0.0142009
chr3	2	95243	198022430	0.000480971
chr3	3	2022	198022430	1.0211e-05
chr3	4	90	198022430	4.54494e-07
chr3	5	4	198022430	2.01997e-08
chr3	6	4	198022430	2.01997e-08
chr3	7	2	198022430	1.00999e-08
chr3	9	15	198022430	7.5749e-08
chr3	10	4	198022430	2.01997e-08
chr3	12	1	198022430	5.04993e-09
chr3	13	7	198022430	3.53495e-08
chr3	14	5	198022430	2.52497e-08
chr3	15	5	198022430	2.52497e-08
chr3	16	7	198022430	3.53495e-08
chr3	17	10	198022430	5.04993e-08
chr3	18	8	198022430	4.03995e-08
chr3	19	4	198022430	2.01997e-08
chr3	20	13	198022430	6.56491e-08
chr3	21	1	198022430	5.04993e-09
chr3	22	4	198022430	2.01997e-08
chr3	23	5	198022430	2.52497e-08
chr3	24	1	198022430	5.04993e-09
chr3	25	2	198022430	1.00999e-08
chr3	26	3	198022430	1.51498e-08
chr3	27	3	198022430	1.51498e-08
chr3	28	5	198022430	2.52497e-08
chr3	29	2	198022430	1.00999e-08
chr3	30	2	198022430	1.00999e-08
chr3	31	1	198022430	5.04993e-09
chr3	32	4	198022430	2.01997e-08
chr3	33	6	198022430	3.02996e-08
chr3	34	6	198022430	3.02996e-08
chr3	35	5	198022430	2.52497e-08
chr3	36	5	198022430	2.52497e-08
chr3	37	4	198022430	2.01997e-08
chr3	38	2	198022430	1.00999e-08
chr4	0	189270120	191154276	0.990143
chr4	1	1827064	191154276	0.00955806
chr4	2	55115	191154276	0.000288327
chr4	3	1573	191154276	8.22896e-06
chr4	4	173	191154276	9.05028e-07
chr4	5	70	191154276	3.66196e-07
chr4	6	89	191154276	4.65593e-07
chr4	7	41	191154276	2.14486e-07
chr4	8	5	191154276	2.61569e-08
chr4	9	26	191154276	1.36016e-07
chr5	0	179153604	180915260	0.990263
chr5	1	1707431	180915260	0.00943774
chr5	2	53230	180915260	0.000294226
chr5	3	946	180915260	5.22897e-06
chr5	4	24	180915260	1.32659e-07
chr5	5	25	180915260	1.38186e-07
chr6	0	167947287	171115067	0.981487
chr6	1	3053016	171115067	0.0178419
chr6	2	108505	171115067	0.000634105
chr6	3	2795	171115067	1.6334e-05
chr6	4	169	171115067	9.8764e-07
chr6	5	125	171115067	7.30503e-07
chr6	6	111	171115067	6.48686e-07
chr6	7	84	171115067	4.90898e-07
chr6	8	180	171115067	1.05192e-06
chr6	9	200	171115067	1.1688e-06
chr6	10	277	171115067	1.61879e-06
chr6	11	339	171115067	1.98112e-06
chr6	12	383	171115067	2.23826e-06
chr6	13	319	171115067	1.86424e-06
chr6	14	280	171115067	1.63633e-06
chr6	15	271	171115067	1.58373e-06
chr6	16	149	171115067	8.70759e-07
chr6	17	105	171115067	6.13622e-07
chr6	18	109	171115067	6.36998e-07
chr6	19	101	171115067	5.90246e-07
chr6	20	103	171115067	6.01934e-07
chr6	21	73	171115067	4.26613e-07
chr6	22	39	171115067	2.27917e-07
chr6	23	26	171115067	1.51945e-07
chr6	24	11	171115067	6.42842e-08
chr6	25	7	171115067	4.09081e-08
chr6	26	2	171115067	1.1688e-08
chr6	27	1	171115067	5.84402e-09
chr7	0	157175196	159138663	0.987662
chr7	1	1896077	159138663	0.0119146
chr7	2	64035	159138663	0.000402385
chr7	3	1390	159138663	8.73452e-06
chr7	4	218	159138663	1.36987e-06
chr7	5	88	159138663	5.52977e-07
chr7	6	86	159138663	5.40409e-07
chr7	7	79	159138663	4.96422e-07
chr7	8	37	159138663	2.32502e-07
chr7	9	71	159138663	4.46152e-07
chr7	10	66	159138663	4.14733e-07
chr7	11	49	159138663	3.07908e-07
chr7	12	67	159138663	4.21016e-07
chr7	13	47	159138663	2.9534e-07
chr7	14	20	159138663	1.25677e-07
chr7	15	14	159138663	8.79736e-08
chr7	16	13	159138663	8.16898e-08
chr7	17	19	159138663	1.19393e-07
chr7	18	17	159138663	1.06825e-07
chr7	19	27	159138663	1.69663e-07
chr7	20	47	159138663	2.9534e-07
chr7	21	20	159138663	1.25677e-07
chr7	22	9	159138663	5.65545e-08
chr7	23	20	159138663	1.25677e-07
chr7	24	23	159138663	1.44528e-07
chr7	25	19	159138663	1.19393e-07
chr7	26	35	159138663	2.19934e-07
chr7	27	25	159138663	1.57096e-07
chr7	28	30	159138663	1.88515e-07
chr7	29	47	159138663	2.9534e-07
chr7	30	32	159138663	2.01083e-07
chr7	31	19	159138663	1.19393e-07
chr7	32	26	159138663	1.6338e-07
chr7	33	33	159138663	2.07366e-07
chr7	34	28	159138663	1.75947e-07
chr7	35	29	159138663	1.82231e-07
chr7	36	20	159138663	1.25677e-07
chr7	37	33	159138663	2.07366e-07
chr7	38	33	159138663	2.07366e-07
chr7	39	34	159138663	2.1365e-07
chr7	40	23	159138663	1.44528e-07
chr7	41	54	159138663	3.39327e-07
chr7	42	19	159138663	1.19393e-07
chr7	43	15	159138663	9.42574e-08
chr7	44	17	159138663	1.06825e-07
chr7	45	16	159138663	1.00541e-07
chr7	46	15	159138663	9.42574e-08
chr7	47	25	159138663	1.57096e-07
chr7	48	21	159138663	1.3196e-07
chr7	49	7	159138663	4.39868e-08
chr7	50	27	159138663	1.69663e-07
chr7	51	13	159138663	8.16898e-08
chr7	52	28	159138663	1.75947e-07
chr7	53	29	159138663	1.82231e-07
chr7	54	22	159138663	1.38244e-07
chr7	55	22	159138663	1.38244e-07
chr7	56	15	159138663	9.42574e-08
chr7	57	14	159138663	8.79736e-08
chr7	58	4	159138663	2.51353e-08
chr7	59	13	159138663	8.16898e-08
chr7	60	1	159138663	6.28383e-09
chr7	61	6	159138663	3.7703e-08
chr7	62	4	159138663	2.51353e-08
chr7	63	8	159138663	5.02706e-08
chr7	64	3	159138663	1.88515e-08
chr7	65	6	159138663	3.7703e-08
chr7	66	6	159138663	3.7703e-08
chr7	67	11	159138663	6.91221e-08
chr7	68	6	159138663	3.7703e-08
chr7	69	10	159138663	6.28383e-08
chr7	70	5	159138663	3.14191e-08
chr7	71	4	159138663	2.51353e-08
chr7	72	2	159138663	1.25677e-08
chr7	73	1	159138663	6.28383e-09
chr7	74	5	159138663	3.14191e-08
chr7	75	3	159138663	1.88515e-08
chr7	76	3	159138663	1.88515e-08
chr7	77	1	159138663	6.28383e-09
chr7	78	1	159138663	6.28383e-09
chr8	0	144324765	146364022	0.986067
chr8	1	1955267	146364022	0.0133589
chr8	2	79594	146364022	0.000543809
chr8	3	3056	146364022	2.08794e-05
chr8	4	790	146364022	5.3975e-06
chr8	5	383	146364022	2.61676e-06
chr8	6	119	146364022	8.13041e-07
chr8	7	46	146364022	3.14285e-07
chr8	8	2	146364022	1.36646e-08
chr9	0	139539085	141213431	0.988143
chr9	1	1618444	141213431	0.011461
chr9	2	54133	141213431	0.000383342
chr9	3	1412	141213431	9.99905e-06
chr9	4	179	141213431	1.26758e-06
chr9	5	39	141213431	2.76178e-07
chr9	6	27	141213431	1.912e-07
chr9	7	49	141213431	3.46992e-07
chr9	8	39	141213431	2.76178e-07
chr9	9	14	141213431	9.91407e-08
chr9	10	10	141213431	7.08148e-08
chr10	0	133824669	135534747	0.987383
chr10	1	1635960	135534747	0.0120704
chr10	2	60018	135534747	0.000442824
chr10	3	3529	135534747	2.60376e-05
chr10	4	1611	135534747	1.18863e-05
chr10	5	1213	135534747	8.94973e-06
chr10	6	940	135534747	6.93549e-06
chr10	7	731	135534747	5.39345e-06
chr10	8	548	135534747	4.04324e-06
chr10	9	458	135534747	3.37921e-06
chr10	10	448	135534747	3.30543e-06
chr10	11	400	135534747	2.95127e-06
chr10	12	311	135534747	2.29461e-06
chr10	13	233	135534747	1.71912e-06
chr10	14	285	135534747	2.10278e-06
chr10	15	253	135534747	1.86668e-06
chr10	16	199	135534747	1.46826e-06
chr10	17	255	135534747	1.88144e-06
chr10	18	196	135534747	1.44612e-06
chr10	19	234	135534747	1.72649e-06
chr10	20	181	135534747	1.33545e-06
chr10	21	205	135534747	1.51253e-06
chr10	22	181	135534747	1.33545e-06
chr10	23	125	135534747	9.22273e-07
chr10	24	93	135534747	6.86171e-07
chr10	25	73	135534747	5.38607e-07
chr10	26	90	135534747	6.64036e-07
chr10	27	55	135534747	4.058e-07
chr10	28	74	135534747	5.45985e-07
chr10	29	82	135534747	6.05011e-07
chr10	30	62	135534747	4.57447e-07
chr10	31	75	135534747	5.53364e-07
chr10	32	44	135534747	3.2464e-07
chr10	33	66	135534747	4.8696e-07
chr10	34	67	135534747	4.94338e-07
chr10	35	54	135534747	3.98422e-07
chr10	36	46	135534747	3.39396e-07
chr10	37	21	135534747	1.54942e-07
chr10	38	33	135534747	2.4348e-07
chr10	39	35	135534747	2.58236e-07
chr10	40	35	135534747	2.58236e-07
chr10	41	25	135534747	1.84455e-07
chr10	42	30	135534747	2.21345e-07
chr10	43	24	135534747	1.77076e-07
chr10	44	24	135534747	1.77076e-07
chr10	45	8	135534747	5.90255e-08
chr10	46	24	135534747	1.77076e-07
chr10	47	15	135534747	1.10673e-07
chr10	48	30	135534747	2.21345e-07
chr10	49	14	135534747	1.03295e-07
chr10	50	18	135534747	1.32807e-07
chr10	51	14	135534747	1.03295e-07
chr10	52	20	135534747	1.47564e-07
chr10	53	20	135534747	1.47564e-07
chr10	54	15	135534747	1.10673e-07
chr10	55	13	135534747	9.59164e-08
chr10	56	11	135534747	8.116e-08
chr10	57	12	135534747	8.85382e-08
chr10	58	13	135534747	9.59164e-08
chr10	59	19	135534747	1.40185e-07
chr10	60	4	135534747	2.95127e-08
chr10	61	13	135534747	9.59164e-08
chr10	62	19	135534747	1.40185e-07
chr10	63	9	135534747	6.64036e-08
chr10	64	7	135534747	5.16473e-08
chr10	65	7	135534747	5.16473e-08
chr10	66	11	135534747	8.116e-08
chr10	67	12	135534747	8.85382e-08
chr10	68	8	135534747	5.90255e-08
chr10	69	17	135534747	1.25429e-07
chr10	70	11	135534747	8.116e-08
chr10	71	6	135534747	4.42691e-08
chr10	72	5	135534747	3.68909e-08
chr10	73	6	135534747	4.42691e-08
chr10	74	7	135534747	5.16473e-08
chr10	75	7	135534747	5.16473e-08
chr10	76	9	135534747	6.64036e-08
chr10	77	7	135534747	5.16473e-08
chr10	78	8	135534747	5.90255e-08
chr10	79	10	135534747	7.37818e-08
chr10	80	3	135534747	2.21345e-08
chr10	81	6	135534747	4.42691e-08
chr10	82	5	135534747	3.68909e-08
chr10	83	2	135534747	1.47564e-08
chr10	84	5	135534747	3.68909e-08
chr10	85	3	135534747	2.21345e-08
chr10	86	2	135534747	1.47564e-08
chr10	88	1	135534747	7.37818e-09
chr11	0	133435483	135006516	0.988363
chr11	1	1516839	135006516	0.0112353
chr11	2	51051	135006516	0.000378137
chr11	3	1266	135006516	9.37733e-06
chr11	4	466	135006516	3.45169e-06
chr11	5	328	135006516	2.42951e-06
chr11	6	262	135006516	1.94065e-06
chr11	7	259	135006516	1.91843e-06
chr11	8	92	135006516	6.81449e-07
chr11	9	93	135006516	6.88856e-07
chr11	10	60	135006516	4.44423e-07
chr11	11	41	135006516	3.03689e-07
chr11	12	47	135006516	3.48131e-07
chr11	13	67	135006516	4.96272e-07
chr11	14	49	135006516	3.62945e-07
chr11	15	22	135006516	1.62955e-07
chr11	16	27	135006516	1.9999e-07
chr11	17	36	135006516	2.66654e-07
chr11	18	7	135006516	5.18494e-08
chr11	19	4	135006516	2.96282e-08
chr11	20	7	135006516	5.18494e-08
chr11	21	9	135006516	6.66635e-08
chr11	22	1	135006516	7.40705e-09
chr12	0	132212105	133851895	0.987749
chr12	1	1586005	133851895	0.011849
chr12	2	52810	133851895	0.000394541
chr12	3	975	133851895	7.28417e-06
chr13	0	114203888	115169878	0.991612
chr13	1	936881	115169878	0.00813477
chr13	2	28453	115169878	0.000247052
chr13	3	582	115169878	5.0534e-06
chr13	4	33	115169878	2.86533e-07
chr13	5	15	115169878	1.30242e-07
chr13	6	22	115169878	1.91022e-07
chr13	7	4	115169878	3.47313e-08
chr14	0	106613039	107349540	0.993139
chr14	1	710186	107349540	0.00661564
chr14	2	25900	107349540	0.000241268
chr14	3	396	107349540	3.68888e-06
chr14	4	19	107349540	1.76992e-07
chr15	0	101568950	102531392	0.990613
chr15	1	927969	102531392	0.00905058
chr15	2	33988	102531392	0.000331489
chr15	3	485	102531392	4.73026e-06
chr16	0	88967761	90354753	0.984649
chr16	1	1305970	90354753	0.0144538
chr16	2	60276	90354753	0.000667104
chr16	3	5655	90354753	6.25866e-05
chr16	4	3520	90354753	3.89576e-05
chr16	5	2731	90354753	3.02253e-05
chr16	6	2079	90354753	2.30093e-05
chr16	7	1659	90354753	1.8361e-05
chr16	8	1338	90354753	1.48083e-05
chr16	9	1069	90354753	1.18311e-05
chr16	10	692	90354753	7.6587e-06
chr16	11	565	90354753	6.25313e-06
chr16	12	338	90354753	3.74081e-06
chr16	13	317	90354753	3.50839e-06
chr16	14	174	90354753	1.92574e-06
chr16	15	101	90354753	1.11782e-06
chr16	16	144	90354753	1.59372e-06
chr16	17	106	90354753	1.17315e-06
chr16	18	94	90354753	1.04034e-06
chr16	19	43	90354753	4.75902e-07
chr16	20	21	90354753	2.32417e-07
chr16	21	51	90354753	5.64442e-07
chr16	22	31	90354753	3.43092e-07
chr16	23	17	90354753	1.88147e-07
chr16	24	1	90354753	1.10675e-08
chr17	0	80153427	81195210	0.987169
chr17	1	999277	81195210	0.0123071
chr17	2	40259	81195210	0.00049583
chr17	3	1496	81195210	1.84247e-05
chr17	4	388	81195210	4.77861e-06
chr17	5	124	81195210	1.52718e-06
chr17	6	95	81195210	1.17002e-06
chr17	7	58	81195210	7.14328e-07
chr17	8	31	81195210	3.81796e-07
chr17	9	12	81195210	1.47792e-07
chr17	10	20	81195210	2.4632e-07
chr17	11	17	81195210	2.09372e-07
chr17	12	2	81195210	2.4632e-08
chr17	13	4	81195210	4.9264e-08
chr18	0	77060410	78077248	0.986977
chr18	1	977421	78077248	0.0125186
chr18	2	36036	78077248	0.000461543
chr18	3	1433	78077248	1.83536e-05
chr18	4	565	78077248	7.23642e-06
chr18	5	454	78077248	5.81475e-06
chr18	6	322	78077248	4.12412e-06
chr18	7	192	78077248	2.4591e-06
chr18	8	172	78077248	2.20295e-06
chr18	9	103	78077248	1.31921e-06
chr18	10	53	78077248	6.78815e-07
chr18	11	48	78077248	6.14776e-07
chr18	12	25	78077248	3.20196e-07
chr18	13	5	78077248	6.40391e-08
chr18	14	9	78077248	1.1527e-07
chr19	0	58352467	59128983	0.986867
chr19	1	739004	59128983	0.0124982
chr19	2	34466	59128983	0.000582895
chr19	3	991	59128983	1.676e-05
chr19	4	312	59128983	5.2766e-06
chr19	5	176	59128983	2.97654e-06
chr19	6	295	59128983	4.98909e-06
chr19	7	195	59128983	3.29788e-06
chr19	8	133	59128983	2.24932e-06
chr19	9	100	59128983	1.69122e-06
chr19	10	94	59128983	1.58974e-06
chr19	11	57	59128983	9.63994e-07
chr19	12	58	59128983	9.80906e-07
chr19	13	45	59128983	7.61048e-07
chr19	14	14	59128983	2.36771e-07
chr19	15	38	59128983	6.42663e-07
chr19	16	36	59128983	6.08838e-07
chr19	17	37	59128983	6.25751e-07
chr19	18	25	59128983	4.22805e-07
chr19	19	18	59128983	3.04419e-07
chr19	20	21	59128983	3.55156e-07
chr19	21	16	59128983	2.70595e-07
chr19	22	12	59128983	2.02946e-07
chr19	23	16	59128983	2.70595e-07
chr19	24	45	59128983	7.61048e-07
chr19	25	28	59128983	4.73541e-07
chr19	26	15	59128983	2.53683e-07
chr19	27	20	59128983	3.38244e-07
chr19	28	8	59128983	1.35297e-07
chr19	29	12	59128983	2.02946e-07
chr19	30	14	59128983	2.36771e-07
chr19	31	8	59128983	1.35297e-07
chr19	32	7	59128983	1.18385e-07
chr19	33	19	59128983	3.21331e-07
chr19	34	8	59128983	1.35297e-07
chr19	35	10	59128983	1.69122e-07
chr19	36	13	59128983	2.19858e-07
chr19	37	5	59128983	8.45609e-08
chr19	39	4	59128983	6.76487e-08
chr19	40	6	59128983	1.01473e-07
chr19	41	1	59128983	1.69122e-08
chr19	42	3	59128983	5.07365e-08
chr19	43	9	59128983	1.5221e-07
chr19	45	4	59128983	6.76487e-08
chr19	46	5	59128983	8.45609e-08
chr19	47	1	59128983	1.69122e-08
chr19	48	3	59128983	5.07365e-08
chr19	49	4	59128983	6.76487e-08
chr19	50	3	59128983	5.07365e-08
chr19	52	2	59128983	3.38244e-08
chr19	53	3	59128983	5.07365e-08
chr19	54	2	59128983	3.38244e-08
chr19	55	2	59128983	3.38244e-08
chr19	56	3	59128983	5.07365e-08
chr19	57	6	59128983	1.01473e-07
chr19	58	4	59128983	6.76487e-08
chr19	59	1	59128983	1.69122e-08
chr19	60	2	59128983	3.38244e-08
chr19	61	3	59128983	5.07365e-08
chr19	62	2	59128983	3.38244e-08
chr19	63	4	59128983	6.76487e-08
chr19	64	5	59128983	8.45609e-08
chr19	65	11	59128983	1.86034e-07
chr19	66	8	59128983	1.35297e-07
chr19	67	8	59128983	1.35297e-07
chr19	68	3	59128983	5.07365e-08
chr19	69	3	59128983	5.07365e-08
chr19	70	8	59128983	1.35297e-07
chr19	71	1	59128983	1.69122e-08
chr19	72	2	59128983	3.38244e-08
chr19	73	5	59128983	8.45609e-08
chr19	74	2	59128983	3.38244e-08
chr19	79	2	59128983	3.38244e-08
chr19	81	3	59128983	5.07365e-08
chr19	82	1	59128983	1.69122e-08
chr19	83	4	59128983	6.76487e-08
chr19	84	2	59128983	3.38244e-08
chr20	0	62417450	63025520	0.990352
chr20	1	586218	63025520	0.00930128
chr20	2	21193	63025520	0.000336261
chr20	3	590	63025520	9.36129e-06
chr20	4	69	63025520	1.09479e-06
chr21	0	47680903	48129895	0.990671
chr21	1	433697	48129895	0.00901097
chr21	2	14898	48129895	0.000309537
chr21	3	359	48129895	7.45898e-06
chr21	4	10	48129895	2.07771e-07
chr21	5	28	48129895	5.81759e-07
chr22	0	50793660	51304566	0.990042
chr22	1	489281	51304566	0.00953679
chr22	2	21475	51304566	0.000418579
chr22	3	131	51304566	2.55338e-06
chr22	4	19	51304566	3.70337e-07
chrX	0	153191622	155270560	0.986611
chrX	1	2004745	155270560	0.0129113
chrX	2	67732	155270560	0.000436219
chrX	3	4317	155270560	2.78031e-05
chrX	4	1164	155270560	7.49659e-06
chrX	5	499	155270560	3.21375e-06
chrX	6	276	155270560	1.77754e-06
chrX	7	122	155270560	7.85725e-07
chrX	8	40	155270560	2.57615e-07
chrX	9	24	155270560	1.54569e-07
chrX	10	16	155270560	1.03046e-07
chrX	11	3	155270560	1.93211e-08
chrY	0	59324941	59373566	0.999181
chrY	1	44674	59373566	0.000752422
chrY	2	2995	59373566	5.04433e-05
chrY	3	390	59373566	6.56858e-06
chrY	4	262	59373566	4.41274e-06
chrY	5	84	59373566	1.41477e-06
chrY	6	101	59373566	1.70109e-06
chrY	7	51	59373566	8.58968e-07
chrY	8	30	59373566	5.05275e-07
chrY	9	13	59373566	2.18953e-07
chrY	10	9	59373566	1.51583e-07
chrY	11	7	59373566	1.17898e-07
chrY	12	6	59373566	1.01055e-07
chrY	13	3	59373566	5.05275e-08
chr1_gl000191_random	0	105713	106433	0.993235
chr1_gl000191_random	1	640	106433	0.00601317
chr1_gl000191_random	2	80	106433	0.000751647
chr1_gl000192_random	0	539640	547496	0.985651
chr1_gl000192_random	1	7353	547496	0.0134302
chr1_gl000192_random	2	462	547496	0.000843842
chr1_gl000192_random	3	41	547496	7.48864e-05
chr4_ctg9_hap1	0	588130	590426	0.996111
chr4_ctg9_hap1	1	2192	590426	0.00371257
chr4_ctg9_hap1	2	104	590426	0.000176144
chr4_gl000193_random	0	183404	189789	0.966357
chr4_gl000193_random	1	5938	189789	0.0312874
chr4_gl000193_random	2	429	189789	0.0022604
chr4_gl000193_random	3	18	189789	9.48422e-05
chr4_gl000194_random	0	187788	191469	0.980775
chr4_gl000194_random	1	3562	191469	0.0186035
chr4_gl000194_random	2	119	191469	0.000621511
chr6_apd_hap1	0	4616308	4622290	0.998706
chr6_apd_hap1	1	5814	4622290	0.00125782
chr6_apd_hap1	2	168	4622290	3.63456e-05
chr6_cox_hap2	0	4778876	4795371	0.99656
chr6_cox_hap2	1	15790	4795371	0.00329276
chr6_cox_hap2	2	705	4795371	0.000147017
chr6_dbb_hap3	0	4593173	4610396	0.996264
chr6_dbb_hap3	1	16546	4610396	0.00358885
chr6_dbb_hap3	2	677	4610396	0.000146842
chr6_mann_hap4	0	4670480	4683263	0.99727
chr6_mann_hap4	1	12516	4683263	0.0026725
chr6_mann_hap4	2	267	4683263	5.70115e-05
chr6_mcf_hap5	0	4820305	4833398	0.997291
chr6_mcf_hap5	1	12586	4833398	0.00260397
chr6_mcf_hap5	2	507	4833398	0.000104895
chr6_qbl_hap6	0	4597192	4611984	0.996793
chr6_qbl_hap6	1	14134	4611984	0.00306462
chr6_qbl_hap6	2	658	4611984	0.000142672
chr6_ssto_hap7	0	4913552	4928567	0.996953
chr6_ssto_hap7	1	14330	4928567	0.00290754
chr6_ssto_hap7	2	685	4928567	0.000138986
chr7_gl000195_random	0	177208	182896	0.9689
chr7_gl000195_random	1	5526	182896	0.0302139
chr7_gl000195_random	2	162	182896	0.000885749
chr8_gl000196_random	0	38764	38914	0.996145
chr8_gl000196_random	1	150	38914	0.00385465
chr8_gl000197_random	0	36891	37175	0.99236
chr8_gl000197_random	1	218	37175	0.00586416
chr8_gl000197_random	2	66	37175	0.00177539
chr9_gl000198_random	0	87148	90085	0.967397
chr9_gl000198_random	1	2824	90085	0.0313482
chr9_gl000198_random	2	113	90085	0.00125437
chr9_gl000199_random	0	138448	169874	0.815004
chr9_gl000199_random	1	21042	169874	0.123868
chr9_gl000199_random	2	5890	169874	0.0346728
chr9_gl000199_random	3	2190	169874	0.0128919
chr9_gl000199_random	4	1093	169874	0.00643418
chr9_gl000199_random	5	508	169874	0.00299045
chr9_gl000199_random	6	305	169874	0.00179545
chr9_gl000199_random	7	194	169874	0.00114202
chr9_gl000199_random	8	128	169874	0.0007535
chr9_gl000199_random	9	30	169874	0.000176601
chr9_gl000199_random	10	42	169874	0.000247242
chr9_gl000199_random	11	4	169874	2.35469e-05
chr9_gl000200_random	0	185498	187035	0.991782
chr9_gl000200_random	1	1524	187035	0.00814821
chr9_gl000200_random	2	13	187035	6.95057e-05
chr9_gl000201_random	0	35998	36148	0.99585
chr9_gl000201_random	1	150	36148	0.00414961
chr17_ctg5_hap1	0	1672419	1680828	0.994997
chr17_ctg5_hap1	1	7918	1680828	0.00471077
chr17_ctg5_hap1	2	491	1680828	0.000292118
chr17_gl000203_random	0	37097	37498	0.989306
chr17_gl000203_random	1	352	37498	0.00938717
chr17_gl000203_random	2	49	37498	0.00130674
chr17_gl000204_random	0	80510	81310	0.990161
chr17_gl000204_random	1	800	81310	0.00983889
chr17_gl000205_random	0	168647	174588	0.965971
chr17_gl000205_random	1	5536	174588	0.0317089
chr17_gl000205_random	2	401	174588	0.00229684
chr17_gl000205_random	3	4	174588	2.29111e-05
chr17_gl000206_random	0	40801	41001	0.995122
chr17_gl000206_random	1	200	41001	0.00487793
chr18_gl000207_random	0	4212	4262	0.988268
chr18_gl000207_random	1	50	4262	0.0117316
chr19_gl000208_random	0	89210	92689	0.962466
chr19_gl000208_random	1	2762	92689	0.0297986
chr19_gl000208_random	2	488	92689	0.00526492
chr19_gl000208_random	3	179	92689	0.00193119
chr19_gl000208_random	4	25	92689	0.000269719
chr19_gl000208_random	5	25	92689	0.000269719
chr19_gl000209_random	0	158769	159169	0.997487
chr19_gl000209_random	1	400	159169	0.00251305
chrUn_gl000211	0	163738	166566	0.983022
chrUn_gl000211	1	2634	166566	0.0158136
chrUn_gl000211	2	166	166566	0.000996602
chrUn_gl000211	3	28	166566	0.000168102
chrUn_gl000212	0	183409	186858	0.981542
chrUn_gl000212	1	3315	186858	0.0177407
chrUn_gl000212	2	75	186858	0.000401374
chrUn_gl000212	3	15	186858	8.02749e-05
chrUn_gl000212	4	30	186858	0.00016055
chrUn_gl000212	5	14	186858	7.49232e-05
chrUn_gl000213	0	163194	164239	0.993637
chrUn_gl000213	1	990	164239	0.0060278
chrUn_gl000213	2	55	164239	0.000334878
chrUn_gl000214	0	123019	137718	0.893267
chrUn_gl000214	1	10904	137718	0.0791763
chrUn_gl000214	2	2229	137718	0.0161852
chrUn_gl000214	3	1030	137718	0.00747905
chrUn_gl000214	4	248	137718	0.00180078
chrUn_gl000214	5	130	137718	0.000943958
chrUn_gl000214	6	105	137718	0.000762428
chrUn_gl000214	7	24	137718	0.000174269
chrUn_gl000214	8	15	137718	0.000108918
chrUn_gl000214	9	2	137718	1.45224e-05
chrUn_gl000214	10	12	137718	8.71346e-05
chrUn_gl000215	0	171187	172545	0.99213
chrUn_gl000215	1	1316	172545	0.007627
chrUn_gl000215	2	42	172545	0.000243415
chrUn_gl000216	0	162267	172294	0.941803
chrUn_gl000216	1	8119	172294	0.0471229
chrUn_gl000216	2	1008	172294	0.00585047
chrUn_gl000216	3	284	172294	0.00164835
chrUn_gl000216	4	210	172294	0.00121885
chrUn_gl000216	5	163	172294	0.000946057
chrUn_gl000216	6	73	172294	0.000423694
chrUn_gl000216	7	51	172294	0.000296006
chrUn_gl000216	8	44	172294	0.000255377
chrUn_gl000216	9	11	172294	6.38444e-05
chrUn_gl000216	10	3	172294	1.74121e-05
chrUn_gl000216	11	12	172294	6.96484e-05
chrUn_gl000216	12	10	172294	5.80403e-05
chrUn_gl000216	13	3	172294	1.74121e-05
chrUn_gl000216	14	9	172294	5.22363e-05
chrUn_gl000216	15	18	172294	0.000104473
chrUn_gl000216	16	8	172294	4.64323e-05
chrUn_gl000216	17	1	172294	5.80403e-06
chrUn_gl000217	0	170305	172149	0.989288
chrUn_gl000217	1	1697	172149	0.00985774
chrUn_gl000217	2	138	172149	0.000801631
chrUn_gl000217	3	9	172149	5.22803e-05
chrUn_gl000218	0	157431	161147	0.97694
chrUn_gl000218	1	3632	161147	0.0225384
chrUn_gl000218	2	84	161147	0.000521263
chrUn_gl000219	0	173762	179198	0.969665
chrUn_gl000219	1	5222	179198	0.029141
chrUn_gl000219	2	214	179198	0.00119421
chrUn_gl000220	0	131909	161802	0.81525
chrUn_gl000220	1	18280	161802	0.112978
chrUn_gl000220	2	6934	161802	0.0428548
chrUn_gl000220	3	2863	161802	0.0176945
chrUn_gl000220	4	1183	161802	0.00731141
chrUn_gl000220	5	428	161802	0.00264521
chrUn_gl000220	6	157	161802	0.000970322
chrUn_gl000220	7	35	161802	0.000216314
chrUn_gl000220	8	13	161802	8.03451e-05
chrUn_gl000221	0	150855	155397	0.970772
chrUn_gl000221	1	4434	155397	0.0285334
chrUn_gl000221	2	108	155397	0.000694994
chrUn_gl000222	0	185045	186861	0.990282
chrUn_gl000222	1	1596	186861	0.00854111
chrUn_gl000222	2	206	186861	0.00110242
chrUn_gl000222	3	14	186861	7.4922e-05
chrUn_gl000223	0	178992	180455	0.991893
chrUn_gl000223	1	1426	180455	0.00790225
chrUn_gl000223	2	37	180455	0.000205037
chrUn_gl000224	0	167074	179693	0.929775
chrUn_gl000224	1	9507	179693	0.0529069
chrUn_gl000224	2	2460	179693	0.01369
chrUn_gl000224	3	585	179693	0.00325555
chrUn_gl000224	4	67	179693	0.000372858
chrUn_gl000225	0	192536	211173	0.911745
chrUn_gl000225	1	13240	211173	0.0626974
chrUn_gl000225	2	2913	211173	0.0137944
chrUn_gl000225	3	917	211173	0.00434241
chrUn_gl000225	4	428	211173	0.00202677
chrUn_gl000225	5	414	211173	0.00196048
chrUn_gl000225	6	330	211173	0.0015627
chrUn_gl000225	7	238	211173	0.00112704
chrUn_gl000225	8	83	211173	0.000393043
chrUn_gl000225	9	49	211173	0.000232037
chrUn_gl000225	10	25	211173	0.000118386
chrUn_gl000226	0	2319	15008	0.154518
chrUn_gl000226	1	2195	15008	0.146255
chrUn_gl000226	2	1878	15008	0.125133
chrUn_gl000226	3	1805	15008	0.120269
chrUn_gl000226	4	1443	15008	0.0961487
chrUn_gl000226	5	1107	15008	0.0737607
chrUn_gl000226	6	1109	15008	0.0738939
chrUn_gl000226	7	850	15008	0.0566365
chrUn_gl000226	8	734	15008	0.0489073
chrUn_gl000226	9	500	15008	0.0333156
chrUn_gl000226	10	412	15008	0.027452
chrUn_gl000226	11	279	15008	0.0185901
chrUn_gl000226	12	156	15008	0.0103945
chrUn_gl000226	13	81	15008	0.00539712
chrUn_gl000226	14	42	15008	0.00279851
chrUn_gl000226	15	36	15008	0.00239872
chrUn_gl000226	16	24	15008	0.00159915
chrUn_gl000226	17	11	15008	0.000732942
chrUn_gl000226	18	25	15008	0.00166578
chrUn_gl000226	19	2	15008	0.000133262
chrUn_gl000227	0	127452	128374	0.992818
chrUn_gl000227	1	894	128374	0.00696403
chrUn_gl000227	2	28	128374	0.000218113
chrUn_gl000228	0	126154	129120	0.977029
chrUn_gl000228	1	1771	129120	0.0137159
chrUn_gl000228	2	498	129120	0.00385688
chrUn_gl000228	3	177	129120	0.00137082
chrUn_gl000228	4	108	129120	0.000836431
chrUn_gl000228	5	85	129120	0.000658302
chrUn_gl000228	6	93	129120	0.00072026
chrUn_gl000228	7	67	129120	0.000518897
chrUn_gl000228	8	53	129120	0.000410471
chrUn_gl000228	9	36	129120	0.00027881
chrUn_gl000228	10	14	129120	0.000108426
chrUn_gl000228	11	11	129120	8.51921e-05
chrUn_gl000228	12	3	129120	2.32342e-05
chrUn_gl000228	13	10	129120	7.74473e-05
chrUn_gl000228	14	1	129120	7.74473e-06
chrUn_gl000228	15	9	129120	6.97026e-05
chrUn_gl000228	16	20	129120	0.000154895
chrUn_gl000228	17	6	129120	4.64684e-05
chrUn_gl000228	18	4	129120	3.09789e-05
chrUn_gl000229	0	19167	19913	0.962537
chrUn_gl000229	1	692	19913	0.0347512
chrUn_gl000229	2	54	19913	0.0027118
chrUn_gl000230	0	43207	43691	0.988922
chrUn_gl000230	1	468	43691	0.0107116
chrUn_gl000230	2	16	43691	0.000366208
chrUn_gl000231	0	26636	27386	0.972614
chrUn_gl000231	1	750	27386	0.0273863
chrUn_gl000232	0	37542	40652	0.923497
chrUn_gl000232	1	2920	40652	0.0718292
chrUn_gl000232	2	190	40652	0.00467382
chrUn_gl000233	0	45391	45941	0.988028
chrUn_gl000233	1	550	45941	0.0119719
chrUn_gl000234	0	38482	40531	0.949446
chrUn_gl000234	1	1898	40531	0.0468284
chrUn_gl000234	2	151	40531	0.00372554
chrUn_gl000235	0	33597	34474	0.974561
chrUn_gl000235	1	854	34474	0.0247723
chrUn_gl000235	2	23	34474	0.000667169
chrUn_gl000236	0	41510	41934	0.989889
chrUn_gl000236	1	348	41934	0.00829876
chrUn_gl000236	2	76	41934	0.00181237
chrUn_gl000237	0	43775	45867	0.95439
chrUn_gl000237	1	1934	45867	0.0421654
chrUn_gl000237	2	158	45867	0.00344474
chrUn_gl000238	0	39389	39939	0.986229
chrUn_gl000238	1	550	39939	0.013771
chrUn_gl000239	0	32334	33824	0.955948
chrUn_gl000239	1	1380	33824	0.0407994
chrUn_gl000239	2	110	33824	0.00325213
chrUn_gl000240	0	41433	41933	0.988076
chrUn_gl000240	1	500	41933	0.0119238
chrUn_gl000241	0	39837	42152	0.94508
chrUn_gl000241	1	2280	42152	0.05409
chrUn_gl000241	2	35	42152	0.000830328
chrUn_gl000242	0	43115	43523	0.990626
chrUn_gl000242	1	366	43523	0.00840935
chrUn_gl000242	2	42	43523	0.000965007
chrUn_gl000243	0	41768	43341	0.963706
chrUn_gl000243	1	1413	43341	0.0326019
chrUn_gl000243	2	143	43341	0.00329942
chrUn_gl000243	3	17	43341	0.000392238
chrUn_gl000244	0	39629	39929	0.992487
chrUn_gl000244	1	300	39929	0.00751334
chrUn_gl000245	0	34897	36651	0.952143
chrUn_gl000245	1	1708	36651	0.0466017
chrUn_gl000245	2	46	36651	0.00125508
chrUn_gl000246	0	37858	38154	0.992242
chrUn_gl000246	1	292	38154	0.00765319
chrUn_gl000246	2	4	38154	0.000104838
chrUn_gl000247	0	35527	36422	0.975427
chrUn_gl000247	1	840	36422	0.023063
chrUn_gl000247	2	55	36422	0.00151008
chrUn_gl000248	0	39348	39786	0.988991
chrUn_gl000248	1	426	39786	0.0107073
chrUn_gl000248	2	12	39786	0.000301614
chrUn_gl000249	0	38202	38502	0.992208
chrUn_gl000249	1	300	38502	0.0077918
chr11_gl000202_random	0	40103	40103	1
chr21_gl000210_random	0	27682	27682	1
genome	0	3099422184	3137161264	0.98797
genome	1	36292649	3137161264	0.0115686
genome	2	1311411	3137161264	0.000418025
genome	3	53689	3137161264	1.71139e-05
genome	4	17148	3137161264	5.46609e-06
genome	5	10824	3137161264	3.45025e-06
genome	6	8216	3137161264	2.61893e-06
genome	7	5923	3137161264	1.88801e-06
genome	8	4496	3137161264	1.43314e-06
genome	9	3576	3137161264	1.13988e-06
genome	10	3070	3137161264	9.78592e-07
genome	11	2648	3137161264	8.44075e-07
genome	12	2344	3137161264	7.47172e-07
genome	13	2074	3137161264	6.61107e-07
genome	14	1886	3137161264	6.0118e-07
genome	15	1856	3137161264	5.91618e-07
genome	16	1845	3137161264	5.88111e-07
genome	17	1896	3137161264	6.04368e-07
genome	18	1673	3137161264	5.33285e-07
genome	19	1496	3137161264	4.76864e-07
genome	20	1363	3137161264	4.34469e-07
genome	21	1217	3137161264	3.8793e-07
genome	22	1051	3137161264	3.35016e-07
genome	23	824	3137161264	2.62658e-07
genome	24	624	3137161264	1.98906e-07
genome	25	478	3137161264	1.52367e-07
genome	26	406	3137161264	1.29416e-07
genome	27	315	3137161264	1.00409e-07
genome	28	316	3137161264	1.00728e-07
genome	29	313	3137161264	9.97717e-08
genome	30	235	3137161264	7.49085e-08
genome	31	203	3137161264	6.47082e-08
genome	32	154	3137161264	4.9089e-08
genome	33	189	3137161264	6.02455e-08
genome	34	143	3137161264	4.55826e-08
genome	35	130	3137161264	4.14387e-08
genome	36	117	3137161264	3.72949e-08
genome	37	108	3137161264	3.4426e-08
genome	38	107	3137161264	3.41073e-08
genome	39	98	3137161264	3.12384e-08
genome	40	87	3137161264	2.77321e-08
genome	41	94	3137161264	2.99634e-08
genome	42	76	3137161264	2.42257e-08
genome	43	63	3137161264	2.00818e-08
genome	44	59	3137161264	1.88068e-08
genome	45	49	3137161264	1.56192e-08
genome	46	63	3137161264	2.00818e-08
genome	47	62	3137161264	1.97631e-08
genome	48	68	3137161264	2.16756e-08
genome	49	38	3137161264	1.21129e-08
genome	50	60	3137161264	1.91256e-08
genome	51	40	3137161264	1.27504e-08
genome	52	62	3137161264	1.97631e-08
genome	53	62	3137161264	1.97631e-08
genome	54	52	3137161264	1.65755e-08
genome	55	48	3137161264	1.53005e-08
genome	56	38	3137161264	1.21129e-08
genome	57	43	3137161264	1.37067e-08
genome	58	34	3137161264	1.08378e-08
genome	59	48	3137161264	1.53005e-08
genome	60	23	3137161264	7.33147e-09
genome	61	33	3137161264	1.05191e-08
genome	62	36	3137161264	1.14753e-08
genome	63	32	3137161264	1.02003e-08
genome	64	29	3137161264	9.24403e-09
genome	65	30	3137161264	9.56279e-09
genome	66	29	3137161264	9.24403e-09
genome	67	32	3137161264	1.02003e-08
genome	68	21	3137161264	6.69395e-09
genome	69	33	3137161264	1.05191e-08
genome	70	29	3137161264	9.24403e-09
genome	71	15	3137161264	4.78139e-09
genome	72	9	3137161264	2.86884e-09
genome	73	15	3137161264	4.78139e-09
genome	74	17	3137161264	5.41891e-09
genome	75	13	3137161264	4.14387e-09
genome	76	15	3137161264	4.78139e-09
genome	77	9	3137161264	2.86884e-09
genome	78	13	3137161264	4.14387e-09
genome	79	16	3137161264	5.10015e-09
genome	80	4	3137161264	1.27504e-09
genome	81	9	3137161264	2.86884e-09
genome	82	8	3137161264	2.55008e-09
genome	83	6	3137161264	1.91256e-09
genome	84	9	3137161264	2.86884e-09
genome	85	6	3137161264	1.91256e-09
genome	86	6	3137161264	1.91256e-09
genome	87	5	3137161264	1.5938e-09
genome	88	2	3137161264	6.37519e-10
genome	89	2	3137161264	6.37519e-10
genome	93	1	3137161264	3.1876e-10
genome	95	1	3137161264	3.1876e-10
genome	96	1	3137161264	3.1876e-10
genome	98	1	3137161264	3.1876e-10
genome	102	1	3137161264	3.1876e-10
genome	105	1	3137161264	3.1876e-10
genome	114	2	3137161264	6.37519e-10
genome	115	1	3137161264	3.1876e-10
genome	116	1	3137161264	3.1876e-10
genome	117	1	3137161264	3.1876e-10
genome	118	2	3137161264	6.37519e-10
genome	121	1	3137161264	3.1876e-10
genome	123	2	3137161264	6.37519e-10
genome	126	1	3137161264	3.1876e-10
genome	127	1	3137161264	3.1876e-10
genome	128	1	3137161264	3.1876e-10
genome	130	1	3137161264	3.1876e-10
genome	131	6	3137161264	1.91256e-09
genome	132	2	3137161264	6.37519e-10
genome	133	1	3137161264	3.1876e-10
genome	134	6	3137161264	1.91256e-09
genome	135	6	3137161264	1.91256e-09
genome	136	3	3137161264	9.56279e-10
genome	137	4	3137161264	1.27504e-09
genome	138	5	3137161264	1.5938e-09
genome	139	4	3137161264	1.27504e-09
genome	140	4	3137161264	1.27504e-09
genome	141	1	3137161264	3.1876e-10
genome	142	4	3137161264	1.27504e-09
genome	143	3	3137161264	9.56279e-10
genome	144	2	3137161264	6.37519e-10
genome	145	4	3137161264	1.27504e-09
genome	146	1	3137161264	3.1876e-10
genome	147	1	3137161264	3.1876e-10
genome	148	4	3137161264	1.27504e-09
genome	149	3	3137161264	9.56279e-10
genome	150	3	3137161264	9.56279e-10
genome	151	5	3137161264	1.5938e-09
genome	152	1	3137161264	3.1876e-10
genome	153	2	3137161264	6.37519e-10
genome	155	3	3137161264	9.56279e-10
genome	157	2	3137161264	6.37519e-10
genome	158	4	3137161264	1.27504e-09
genome	159	3	3137161264	9.56279e-10
genome	160	3	3137161264	9.56279e-10
genome	162	1	3137161264	3.1876e-10
genome	163	3	3137161264	9.56279e-10
genome	164	4	3137161264	1.27504e-09
genome	165	3	3137161264	9.56279e-10
genome	166	4	3137161264	1.27504e-09
genome	167	3	3137161264	9.56279e-10
genome	168	5	3137161264	1.5938e-09
genome	169	3	3137161264	9.56279e-10
genome	170	5	3137161264	1.5938e-09
genome	171	7	3137161264	2.23132e-09
genome	172	6	3137161264	1.91256e-09
genome	173	5	3137161264	1.5938e-09
genome	174	10	3137161264	3.1876e-09
genome	175	6	3137161264	1.91256e-09
genome	176	9	3137161264	2.86884e-09
genome	177	5	3137161264	1.5938e-09
genome	178	6	3137161264	1.91256e-09
genome	179	6	3137161264	1.91256e-09
genome	180	4	3137161264	1.27504e-09
genome	181	3	3137161264	9.56279e-10
genome	182	9	3137161264	2.86884e-09
genome	183	12	3137161264	3.82511e-09
genome	184	5	3137161264	1.5938e-09
genome	185	9	3137161264	2.86884e-09
genome	186	3	3137161264	9.56279e-10
genome	187	5	3137161264	1.5938e-09
genome	188	4	3137161264	1.27504e-09
genome	189	2	3137161264	6.37519e-10
genome	190	5	3137161264	1.5938e-09
genome	191	4	3137161264	1.27504e-09
genome	192	5	3137161264	1.5938e-09
genome	193	6	3137161264	1.91256e-09
genome	194	4	3137161264	1.27504e-09
genome	195	3	3137161264	9.56279e-10
genome	196	4	3137161264	1.27504e-09
genome	197	3	3137161264	9.56279e-10
genome	198	6	3137161264	1.91256e-09
genome	199	3	3137161264	9.56279e-10
genome	200	2	3137161264	6.37519e-10
genome	201	2	3137161264	6.37519e-10
genome	202	2	3137161264	6.37519e-10
genome	204	1	3137161264	3.1876e-10
genome	205	3	3137161264	9.56279e-10
genome	206	1	3137161264	3.1876e-10
genome	212	1	3137161264	3.1876e-10
genome	213	1	3137161264	3.1876e-10
genome	216	1	3137161264	3.1876e-10
genome	217	2	3137161264	6.37519e-10
genome	219	1	3137161264	3.1876e-10
