chrM	0	12860	16571	0.776055
chrM	1	2997	16571	0.180858
chrM	2	547	16571	0.0330095
chrM	3	159	16571	0.00959508
chrM	4	8	16571	0.000482771
chr1	0	245396315	249250621	0.984536
chr1	1	3585964	249250621	0.014387
chr1	2	243285	249250621	0.000976066
chr1	3	21447	249250621	8.60459e-05
chr1	4	2166	249250621	8.69005e-06
chr1	5	242	249250621	9.7091e-07
chr1	6	55	249250621	2.20661e-07
chr1	7	68	249250621	2.72818e-07
chr1	8	20	249250621	8.02405e-08
chr1	9	24	249250621	9.62886e-08
chr1	10	22	249250621	8.82646e-08
chr1	11	14	249250621	5.61684e-08
chr1	12	17	249250621	6.82044e-08
chr1	13	27	249250621	1.08325e-07
chr1	14	34	249250621	1.36409e-07
chr1	15	57	249250621	2.28685e-07
chr1	16	62	249250621	2.48746e-07
chr1	17	86	249250621	3.45034e-07
chr1	18	85	249250621	3.41022e-07
chr1	19	33	249250621	1.32397e-07
chr1	20	24	249250621	9.62886e-08
chr1	21	37	249250621	1.48445e-07
chr1	22	38	249250621	1.52457e-07
chr1	23	43	249250621	1.72517e-07
chr1	24	46	249250621	1.84553e-07
chr1	25	30	249250621	1.20361e-07
chr1	26	18	249250621	7.22165e-08
chr1	27	12	249250621	4.81443e-08
chr1	28	14	249250621	5.61684e-08
chr1	29	20	249250621	8.02405e-08
chr1	30	25	249250621	1.00301e-07
chr1	31	9	249250621	3.61082e-08
chr1	32	14	249250621	5.61684e-08
chr1	33	17	249250621	6.82044e-08
chr1	34	7	249250621	2.80842e-08
chr1	35	9	249250621	3.61082e-08
chr1	36	6	249250621	2.40722e-08
chr1	37	7	249250621	2.80842e-08
chr1	38	3	249250621	1.20361e-08
chr1	39	6	249250621	2.40722e-08
chr1	40	3	249250621	1.20361e-08
chr1	41	6	249250621	2.40722e-08
chr1	42	6	249250621	2.40722e-08
chr1	43	5	249250621	2.00601e-08
chr1	44	11	249250621	4.41323e-08
chr1	45	10	249250621	4.01203e-08
chr1	46	4	249250621	1.60481e-08
chr1	47	5	249250621	2.00601e-08
chr1	48	5	249250621	2.00601e-08
chr1	49	6	249250621	2.40722e-08
chr1	50	8	249250621	3.20962e-08
chr1	51	12	249250621	4.81443e-08
chr1	52	10	249250621	4.01203e-08
chr1	53	10	249250621	4.01203e-08
chr1	54	12	249250621	4.81443e-08
chr1	55	6	249250621	2.40722e-08
chr1	56	8	249250621	3.20962e-08
chr1	57	13	249250621	5.21563e-08
chr1	58	15	249250621	6.01804e-08
chr1	59	17	249250621	6.82044e-08
chr1	60	17	249250621	6.82044e-08
chr1	61	9	249250621	3.61082e-08
chr1	62	8	249250621	3.20962e-08
chr1	63	2	249250621	8.02405e-09
chr1	64	4	249250621	1.60481e-08
chr1	65	1	249250621	4.01203e-09
chr2	0	240923602	243199373	0.990642
chr2	1	2124550	243199373	0.00873584
chr2	2	135849	243199373	0.000558591
chr2	3	12364	243199373	5.08389e-05
chr2	4	1458	243199373	5.99508e-06
chr2	5	522	243199373	2.14639e-06
chr2	6	252	243199373	1.03619e-06
chr2	7	168	243199373	6.90791e-07
chr2	8	116	243199373	4.76975e-07
chr2	9	107	243199373	4.39968e-07
chr2	10	68	243199373	2.79606e-07
chr2	11	82	243199373	3.37172e-07
chr2	12	78	243199373	3.20724e-07
chr2	13	38	243199373	1.5625e-07
chr2	14	36	243199373	1.48027e-07
chr2	15	57	243199373	2.34376e-07
chr2	16	24	243199373	9.86845e-08
chr2	17	2	243199373	8.22371e-09
chr3	0	195376368	198022430	0.986638
chr3	1	2464122	198022430	0.0124437
chr3	2	165860	198022430	0.000837582
chr3	3	13738	198022430	6.9376e-05
chr3	4	1942	198022430	9.80697e-06
chr3	5	301	198022430	1.52003e-06
chr3	6	36	198022430	1.81798e-07
chr3	7	6	198022430	3.02996e-08
chr3	8	2	198022430	1.00999e-08
chr3	9	10	198022430	5.04993e-08
chr3	10	2	198022430	1.00999e-08
chr3	11	6	198022430	3.02996e-08
chr3	12	6	198022430	3.02996e-08
chr3	13	7	198022430	3.53495e-08
chr3	14	8	198022430	4.03995e-08
chr3	15	10	198022430	5.04993e-08
chr3	16	6	198022430	3.02996e-08
chr4	0	189531985	191154276	0.991513
chr4	1	1519347	191154276	0.00794828
chr4	2	94718	191154276	0.000495506
chr4	3	7252	191154276	3.79379e-05
chr4	4	836	191154276	4.37343e-06
chr4	5	113	191154276	5.91146e-07
chr4	6	23	191154276	1.20322e-07
chr4	7	2	191154276	1.04628e-08
chr5	0	178989349	180915260	0.989355
chr5	1	1797816	180915260	0.00993734
chr5	2	118289	180915260	0.000653836
chr5	3	8820	180915260	4.87521e-05
chr5	4	847	180915260	4.68175e-06
chr5	5	103	180915260	5.69327e-07
chr5	6	17	180915260	9.39666e-08
chr5	7	11	180915260	6.08019e-08
chr5	8	8	180915260	4.42196e-08
chr6	0	168417528	171115067	0.984236
chr6	1	2504552	171115067	0.0146367
chr6	2	173904	171115067	0.0010163
chr6	3	15374	171115067	8.9846e-05
chr6	4	1973	171115067	1.15303e-05
chr6	5	488	171115067	2.85188e-06
chr6	6	296	171115067	1.72983e-06
chr6	7	265	171115067	1.54867e-06
chr6	8	207	171115067	1.20971e-06
chr6	9	143	171115067	8.35695e-07
chr6	10	66	171115067	3.85705e-07
chr6	11	41	171115067	2.39605e-07
chr6	12	54	171115067	3.15577e-07
chr6	13	53	171115067	3.09733e-07
chr6	14	29	171115067	1.69477e-07
chr6	15	15	171115067	8.76603e-08
chr6	16	17	171115067	9.93483e-08
chr6	17	11	171115067	6.42842e-08
chr6	18	9	171115067	5.25962e-08
chr6	19	8	171115067	4.67522e-08
chr6	20	15	171115067	8.76603e-08
chr6	21	11	171115067	6.42842e-08
chr6	22	5	171115067	2.92201e-08
chr6	23	3	171115067	1.75321e-08
chr7	0	156782298	159138663	0.985193
chr7	1	2192405	159138663	0.0137767
chr7	2	148749	159138663	0.000934713
chr7	3	12143	159138663	7.63045e-05
chr7	4	1452	159138663	9.12412e-06
chr7	5	132	159138663	8.29465e-07
chr7	6	97	159138663	6.09531e-07
chr7	7	56	159138663	3.51894e-07
chr7	8	65	159138663	4.08449e-07
chr7	9	88	159138663	5.52977e-07
chr7	10	105	159138663	6.59802e-07
chr7	11	68	159138663	4.273e-07
chr7	12	68	159138663	4.273e-07
chr7	13	58	159138663	3.64462e-07
chr7	14	62	159138663	3.89597e-07
chr7	15	87	159138663	5.46693e-07
chr7	16	88	159138663	5.52977e-07
chr7	17	89	159138663	5.59261e-07
chr7	18	75	159138663	4.71287e-07
chr7	19	76	159138663	4.77571e-07
chr7	20	62	159138663	3.89597e-07
chr7	21	36	159138663	2.26218e-07
chr7	22	26	159138663	1.6338e-07
chr7	23	32	159138663	2.01083e-07
chr7	24	37	159138663	2.32502e-07
chr7	25	30	159138663	1.88515e-07
chr7	26	25	159138663	1.57096e-07
chr7	27	16	159138663	1.00541e-07
chr7	28	21	159138663	1.3196e-07
chr7	29	21	159138663	1.3196e-07
chr7	30	20	159138663	1.25677e-07
chr7	31	9	159138663	5.65545e-08
chr7	32	10	159138663	6.28383e-08
chr7	33	1	159138663	6.28383e-09
chr7	34	3	159138663	1.88515e-08
chr7	35	3	159138663	1.88515e-08
chr7	36	8	159138663	5.02706e-08
chr7	37	1	159138663	6.28383e-09
chr7	38	4	159138663	2.51353e-08
chr7	39	3	159138663	1.88515e-08
chr7	40	8	159138663	5.02706e-08
chr7	41	12	159138663	7.54059e-08
chr7	42	11	159138663	6.91221e-08
chr7	43	2	159138663	1.25677e-08
chr7	44	1	159138663	6.28383e-09
chr8	0	143902265	146364022	0.983181
chr8	1	2277919	146364022	0.0155634
chr8	2	163520	146364022	0.00111721
chr8	3	15228	146364022	0.000104042
chr8	4	2927	146364022	1.99981e-05
chr8	5	943	146364022	6.44284e-06
chr8	6	444	146364022	3.03353e-06
chr8	7	202	146364022	1.38012e-06
chr8	8	122	146364022	8.33538e-07
chr8	9	177	146364022	1.20931e-06
chr8	10	105	146364022	7.17389e-07
chr8	11	50	146364022	3.41614e-07
chr8	12	32	146364022	2.18633e-07
chr8	13	21	146364022	1.43478e-07
chr8	14	12	146364022	8.19874e-08
chr8	15	18	146364022	1.22981e-07
chr8	16	11	146364022	7.51551e-08
chr8	17	8	146364022	5.46582e-08
chr8	18	13	146364022	8.88196e-08
chr8	19	4	146364022	2.73291e-08
chr8	20	1	146364022	6.83228e-09
chr9	0	140250437	141213431	0.993181
chr9	1	903364	141213431	0.00639715
chr9	2	55527	141213431	0.000393213
chr9	3	3489	141213431	2.47073e-05
chr9	4	434	141213431	3.07336e-06
chr9	5	89	141213431	6.30252e-07
chr9	6	53	141213431	3.75318e-07
chr9	7	38	141213431	2.69096e-07
chr10	0	134351623	135534747	0.991271
chr10	1	1103706	135534747	0.00814334
chr10	2	69515	135534747	0.000512894
chr10	3	5829	135534747	4.30074e-05
chr10	4	1391	135534747	1.02631e-05
chr10	5	549	135534747	4.05062e-06
chr10	6	389	135534747	2.87011e-06
chr10	7	264	135534747	1.94784e-06
chr10	8	215	135534747	1.58631e-06
chr10	9	210	135534747	1.54942e-06
chr10	10	171	135534747	1.26167e-06
chr10	11	178	135534747	1.31332e-06
chr10	12	88	135534747	6.4928e-07
chr10	13	103	135534747	7.59953e-07
chr10	14	98	135534747	7.23062e-07
chr10	15	108	135534747	7.96844e-07
chr10	16	69	135534747	5.09095e-07
chr10	17	69	135534747	5.09095e-07
chr10	18	38	135534747	2.80371e-07
chr10	19	10	135534747	7.37818e-08
chr10	20	26	135534747	1.91833e-07
chr10	21	25	135534747	1.84455e-07
chr10	22	21	135534747	1.54942e-07
chr10	23	9	135534747	6.64036e-08
chr10	24	11	135534747	8.116e-08
chr10	25	11	135534747	8.116e-08
chr10	26	9	135534747	6.64036e-08
chr10	27	5	135534747	3.68909e-08
chr10	28	5	135534747	3.68909e-08
chr10	29	2	135534747	1.47564e-08
chr11	0	132782632	135006516	0.983528
chr11	1	2063699	135006516	0.0152859
chr11	2	144888	135006516	0.00107319
chr11	3	12191	135006516	9.02993e-05
chr11	4	1709	135006516	1.26586e-05
chr11	5	582	135006516	4.3109e-06
chr11	6	233	135006516	1.72584e-06
chr11	7	232	135006516	1.71844e-06
chr11	8	146	135006516	1.08143e-06
chr11	9	82	135006516	6.07378e-07
chr11	10	18	135006516	1.33327e-07
chr11	11	4	135006516	2.96282e-08
chr11	12	3	135006516	2.22212e-08
chr11	13	3	135006516	2.22212e-08
chr11	14	3	135006516	2.22212e-08
chr11	15	3	135006516	2.22212e-08
chr11	17	2	135006516	1.48141e-08
chr11	18	2	135006516	1.48141e-08
chr11	19	1	135006516	7.40705e-09
chr11	20	3	135006516	2.22212e-08
chr11	21	1	135006516	7.40705e-09
chr11	22	3	135006516	2.22212e-08
chr11	23	8	135006516	5.92564e-08
chr11	24	2	135006516	1.48141e-08
chr11	25	1	135006516	7.40705e-09
chr11	26	3	135006516	2.22212e-08
chr11	27	1	135006516	7.40705e-09
chr11	28	1	135006516	7.40705e-09
chr11	29	2	135006516	1.48141e-08
chr11	30	1	135006516	7.40705e-09
chr11	31	2	135006516	1.48141e-08
chr11	32	1	135006516	7.40705e-09
chr11	33	2	135006516	1.48141e-08
chr11	34	2	135006516	1.48141e-08
chr11	36	2	135006516	1.48141e-08
chr11	37	2	135006516	1.48141e-08
chr11	38	1	135006516	7.40705e-09
chr11	39	2	135006516	1.48141e-08
chr11	40	1	135006516	7.40705e-09
chr11	41	2	135006516	1.48141e-08
chr11	42	1	135006516	7.40705e-09
chr11	43	2	135006516	1.48141e-08
chr11	44	3	135006516	2.22212e-08
chr11	45	5	135006516	3.70352e-08
chr11	46	8	135006516	5.92564e-08
chr11	47	3	135006516	2.22212e-08
chr11	48	10	135006516	7.40705e-08
chr11	49	8	135006516	5.92564e-08
chr12	0	132663633	133851895	0.991123
chr12	1	1114197	133851895	0.0083241
chr12	2	68485	133851895	0.000511648
chr12	3	4895	133851895	3.65703e-05
chr12	4	578	133851895	4.31821e-06
chr12	5	106	133851895	7.9192e-07
chr12	6	1	133851895	7.47094e-09
chr13	0	113782765	115169878	0.987956
chr13	1	1288935	115169878	0.0111916
chr13	2	89897	115169878	0.00078056
chr13	3	7378	115169878	6.40619e-05
chr13	4	795	115169878	6.90285e-06
chr13	5	91	115169878	7.90137e-07
chr13	6	17	115169878	1.47608e-07
chr14	0	105875929	107349540	0.986273
chr14	1	1368123	107349540	0.0127446
chr14	2	97592	107349540	0.000909105
chr14	3	7043	107349540	6.56081e-05
chr14	4	676	107349540	6.29719e-06
chr14	5	157	107349540	1.46251e-06
chr14	6	15	107349540	1.3973e-07
chr14	7	5	107349540	4.65768e-08
chr15	0	101867010	102531392	0.99352
chr15	1	623742	102531392	0.00608342
chr15	2	37224	102531392	0.00036305
chr15	3	2880	102531392	2.8089e-05
chr15	4	463	102531392	4.51569e-06
chr15	5	70	102531392	6.82718e-07
chr15	6	3	102531392	2.92593e-08
chr16	0	89169540	90354753	0.986883
chr16	1	1107935	90354753	0.0122621
chr16	2	70922	90354753	0.000784928
chr16	3	5784	90354753	6.40143e-05
chr16	4	470	90354753	5.20172e-06
chr16	5	81	90354753	8.96466e-07
chr16	6	13	90354753	1.43877e-07
chr16	7	8	90354753	8.85399e-08
chr17	0	80678207	81195210	0.993633
chr17	1	485654	81195210	0.00598131
chr17	2	29076	81195210	0.0003581
chr17	3	1913	81195210	2.35605e-05
chr17	4	236	81195210	2.90658e-06
chr17	5	71	81195210	8.74436e-07
chr17	6	23	81195210	2.83268e-07
chr17	7	23	81195210	2.83268e-07
chr17	8	6	81195210	7.3896e-08
chr17	9	1	81195210	1.2316e-08
chr18	0	77179332	78077248	0.9885
chr18	1	834318	78077248	0.0106858
chr18	2	57236	78077248	0.000733069
chr18	3	5157	78077248	6.605e-05
chr18	4	701	78077248	8.97829e-06
chr18	5	228	78077248	2.92018e-06
chr18	6	123	78077248	1.57536e-06
chr18	7	65	78077248	8.32509e-07
chr18	8	40	78077248	5.12313e-07
chr18	9	16	78077248	2.04925e-07
chr18	10	19	78077248	2.43349e-07
chr18	11	8	78077248	1.02463e-07
chr18	12	5	78077248	6.40391e-08
chr19	0	58398273	59128983	0.987642
chr19	1	680060	59128983	0.0115013
chr19	2	45573	59128983	0.000770739
chr19	3	3601	59128983	6.09008e-05
chr19	4	502	59128983	8.48991e-06
chr19	5	216	59128983	3.65303e-06
chr19	6	128	59128983	2.16476e-06
chr19	7	91	59128983	1.53901e-06
chr19	8	86	59128983	1.45445e-06
chr19	9	96	59128983	1.62357e-06
chr19	10	39	59128983	6.59575e-07
chr19	11	57	59128983	9.63994e-07
chr19	12	31	59128983	5.24278e-07
chr19	13	31	59128983	5.24278e-07
chr19	14	24	59128983	4.05892e-07
chr19	15	27	59128983	4.56629e-07
chr19	16	41	59128983	6.93399e-07
chr19	17	24	59128983	4.05892e-07
chr19	18	10	59128983	1.69122e-07
chr19	19	7	59128983	1.18385e-07
chr19	20	5	59128983	8.45609e-08
chr19	21	10	59128983	1.69122e-07
chr19	22	18	59128983	3.04419e-07
chr19	23	6	59128983	1.01473e-07
chr19	24	4	59128983	6.76487e-08
chr19	25	10	59128983	1.69122e-07
chr19	26	7	59128983	1.18385e-07
chr19	27	4	59128983	6.76487e-08
chr19	28	2	59128983	3.38244e-08
chr20	0	62038545	63025520	0.98434
chr20	1	917476	63025520	0.0145572
chr20	2	63072	63025520	0.00100074
chr20	3	5876	63025520	9.32321e-05
chr20	4	481	63025520	7.63183e-06
chr20	5	30	63025520	4.75998e-07
chr20	6	5	63025520	7.93329e-08
chr20	7	32	63025520	5.07731e-07
chr20	8	3	63025520	4.75998e-08
chr21	0	47547587	48129895	0.987901
chr21	1	541925	48129895	0.0112596
chr21	2	36712	48129895	0.000762769
chr21	3	3442	48129895	7.15148e-05
chr21	4	186	48129895	3.86454e-06
chr21	5	27	48129895	5.60982e-07
chr21	6	16	48129895	3.32434e-07
chr22	0	51059240	51304566	0.995218
chr22	1	230775	51304566	0.00449814
chr22	2	13583	51304566	0.000264752
chr22	3	863	51304566	1.68211e-05
chr22	4	105	51304566	2.0466e-06
chrX	0	152667949	155270560	0.983238
chrX	1	2408050	155270560	0.0155087
chrX	2	174571	155270560	0.0011243
chrX	3	17181	155270560	0.000110652
chrX	4	2091	155270560	1.34668e-05
chrX	5	457	155270560	2.94325e-06
chrX	6	108	155270560	6.9556e-07
chrX	7	53	155270560	3.4134e-07
chrX	8	32	155270560	2.06092e-07
chrX	9	14	155270560	9.01652e-08
chrX	10	16	155270560	1.03046e-07
chrX	11	2	155270560	1.28807e-08
chrX	12	7	155270560	4.50826e-08
chrX	13	9	155270560	5.79633e-08
chrX	14	18	155270560	1.15927e-07
chrX	15	2	155270560	1.28807e-08
chrY	0	59315570	59373566	0.999023
chrY	1	55467	59373566	0.000934204
chrY	2	2094	59373566	3.52682e-05
chrY	3	276	59373566	4.64853e-06
chrY	4	57	59373566	9.60023e-07
chrY	5	28	59373566	4.7159e-07
chrY	6	26	59373566	4.37905e-07
chrY	7	6	59373566	1.01055e-07
chrY	8	2	59373566	3.3685e-08
chrY	9	4	59373566	6.737e-08
chrY	10	6	59373566	1.01055e-07
chrY	11	21	59373566	3.53693e-07
chrY	12	9	59373566	1.51583e-07
chr1_gl000191_random	0	105933	106433	0.995302
chr1_gl000191_random	1	500	106433	0.00469779
chr1_gl000192_random	0	537227	547496	0.981244
chr1_gl000192_random	1	9744	547496	0.0177974
chr1_gl000192_random	2	469	547496	0.000856627
chr1_gl000192_random	3	56	547496	0.000102284
chr4_ctg9_hap1	0	587624	590426	0.995254
chr4_ctg9_hap1	1	2704	590426	0.00457974
chr4_ctg9_hap1	2	98	590426	0.000165982
chr4_gl000193_random	0	184124	189789	0.970151
chr4_gl000193_random	1	5016	189789	0.0264294
chr4_gl000193_random	2	613	189789	0.0032299
chr4_gl000193_random	3	36	189789	0.000189684
chr4_gl000194_random	0	185660	191469	0.969661
chr4_gl000194_random	1	5568	191469	0.0290804
chr4_gl000194_random	2	241	191469	0.00125869
chr6_apd_hap1	0	4617244	4622290	0.998908
chr6_apd_hap1	1	4842	4622290	0.00104753
chr6_apd_hap1	2	204	4622290	4.4134e-05
chr6_cox_hap2	0	4783050	4795371	0.997431
chr6_cox_hap2	1	11969	4795371	0.00249595
chr6_cox_hap2	2	325	4795371	6.77737e-05
chr6_cox_hap2	3	27	4795371	5.63043e-06
chr6_dbb_hap3	0	4599710	4610396	0.997682
chr6_dbb_hap3	1	10580	4610396	0.00229481
chr6_dbb_hap3	2	98	4610396	2.12563e-05
chr6_dbb_hap3	3	8	4610396	1.73521e-06
chr6_mann_hap4	0	4667483	4683263	0.996631
chr6_mann_hap4	1	15480	4683263	0.00330539
chr6_mann_hap4	2	280	4683263	5.97874e-05
chr6_mann_hap4	3	20	4683263	4.27053e-06
chr6_mcf_hap5	0	4824944	4833398	0.998251
chr6_mcf_hap5	1	8334	4833398	0.00172425
chr6_mcf_hap5	2	94	4833398	1.9448e-05
chr6_mcf_hap5	3	26	4833398	5.37924e-06
chr6_qbl_hap6	0	4602447	4611984	0.997932
chr6_qbl_hap6	1	9424	4611984	0.00204337
chr6_qbl_hap6	2	113	4611984	2.45014e-05
chr6_ssto_hap7	0	4917321	4928567	0.997718
chr6_ssto_hap7	1	10992	4928567	0.00223026
chr6_ssto_hap7	2	254	4928567	5.15363e-05
chr7_gl000195_random	0	174951	182896	0.95656
chr7_gl000195_random	1	7047	182896	0.0385301
chr7_gl000195_random	2	795	182896	0.00434673
chr7_gl000195_random	3	99	182896	0.000541291
chr7_gl000195_random	4	4	182896	2.18704e-05
chr8_gl000196_random	0	38664	38914	0.993576
chr8_gl000196_random	1	250	38914	0.00642442
chr8_gl000197_random	0	36975	37175	0.99462
chr8_gl000197_random	1	200	37175	0.00537996
chr9_gl000198_random	0	85657	90085	0.950846
chr9_gl000198_random	1	4056	90085	0.0450241
chr9_gl000198_random	2	372	90085	0.00412943
chr9_gl000199_random	0	150134	169874	0.883796
chr9_gl000199_random	1	15895	169874	0.0935694
chr9_gl000199_random	2	2533	169874	0.0149111
chr9_gl000199_random	3	562	169874	0.00330833
chr9_gl000199_random	4	355	169874	0.00208978
chr9_gl000199_random	5	200	169874	0.00117734
chr9_gl000199_random	6	63	169874	0.000370863
chr9_gl000199_random	7	45	169874	0.000264902
chr9_gl000199_random	8	20	169874	0.000117734
chr9_gl000199_random	9	13	169874	7.65273e-05
chr9_gl000199_random	10	4	169874	2.35469e-05
chr9_gl000199_random	11	4	169874	2.35469e-05
chr9_gl000199_random	12	5	169874	2.94336e-05
chr9_gl000199_random	13	8	169874	4.70937e-05
chr9_gl000199_random	14	4	169874	2.35469e-05
chr9_gl000199_random	15	3	169874	1.76601e-05
chr9_gl000199_random	16	1	169874	5.88672e-06
chr9_gl000199_random	17	10	169874	5.88672e-05
chr9_gl000199_random	18	7	169874	4.1207e-05
chr9_gl000199_random	19	8	169874	4.70937e-05
chr9_gl000200_random	0	186585	187035	0.997594
chr9_gl000200_random	1	450	187035	0.00240597
chr9_gl000201_random	0	36098	36148	0.998617
chr9_gl000201_random	1	50	36148	0.0013832
chr11_gl000202_random	0	39953	40103	0.99626
chr11_gl000202_random	1	150	40103	0.00374037
chr17_ctg5_hap1	0	1676087	1680828	0.997179
chr17_ctg5_hap1	1	4732	1680828	0.00281528
chr17_ctg5_hap1	2	9	1680828	5.3545e-06
chr17_gl000203_random	0	37248	37498	0.993333
chr17_gl000203_random	1	250	37498	0.00666702
chr17_gl000204_random	0	81210	81310	0.99877
chr17_gl000204_random	1	100	81310	0.00122986
chr17_gl000205_random	0	167840	174588	0.961349
chr17_gl000205_random	1	6177	174588	0.0353804
chr17_gl000205_random	2	540	174588	0.003093
chr17_gl000205_random	3	31	174588	0.000177561
chr17_gl000206_random	0	40880	41001	0.997049
chr17_gl000206_random	1	92	41001	0.00224385
chr17_gl000206_random	2	29	41001	0.0007073
chr19_gl000208_random	0	87768	92689	0.946908
chr19_gl000208_random	1	4204	92689	0.045356
chr19_gl000208_random	2	622	92689	0.00671061
chr19_gl000208_random	3	78	92689	0.000841524
chr19_gl000208_random	4	17	92689	0.000183409
chr19_gl000209_random	0	158183	159169	0.993805
chr19_gl000209_random	1	922	159169	0.00579259
chr19_gl000209_random	2	64	159169	0.000402088
chr21_gl000210_random	0	27482	27682	0.992775
chr21_gl000210_random	1	200	27682	0.00722491
chrUn_gl000211	0	164117	166566	0.985297
chrUn_gl000211	1	2398	166566	0.0143967
chrUn_gl000211	2	51	166566	0.000306185
chrUn_gl000212	0	182462	186858	0.976474
chrUn_gl000212	1	4098	186858	0.0219311
chrUn_gl000212	2	292	186858	0.00156268
chrUn_gl000212	3	6	186858	3.21099e-05
chrUn_gl000213	0	162938	164239	0.992079
chrUn_gl000213	1	1252	164239	0.00762304
chrUn_gl000213	2	49	164239	0.000298346
chrUn_gl000214	0	130956	137718	0.9509
chrUn_gl000214	1	6205	137718	0.0450558
chrUn_gl000214	2	526	137718	0.0038194
chrUn_gl000214	3	31	137718	0.000225098
chrUn_gl000215	0	171842	172545	0.995926
chrUn_gl000215	1	656	172545	0.00380191
chrUn_gl000215	2	47	172545	0.000272393
chrUn_gl000216	0	166534	172294	0.966569
chrUn_gl000216	1	5370	172294	0.0311677
chrUn_gl000216	2	317	172294	0.00183988
chrUn_gl000216	3	46	172294	0.000266986
chrUn_gl000216	4	27	172294	0.000156709
chrUn_gl000217	0	169129	172149	0.982457
chrUn_gl000217	1	2990	172149	0.0173687
chrUn_gl000217	2	30	172149	0.000174268
chrUn_gl000218	0	154950	161147	0.961544
chrUn_gl000218	1	5916	161147	0.0367118
chrUn_gl000218	2	259	161147	0.00160723
chrUn_gl000218	3	22	161147	0.000136521
chrUn_gl000219	0	173214	179198	0.966607
chrUn_gl000219	1	5368	179198	0.0299557
chrUn_gl000219	2	616	179198	0.00343754
chrUn_gl000220	0	138765	161802	0.857622
chrUn_gl000220	1	13612	161802	0.0841275
chrUn_gl000220	2	4954	161802	0.0306177
chrUn_gl000220	3	1973	161802	0.0121939
chrUn_gl000220	4	1338	161802	0.00826937
chrUn_gl000220	5	562	161802	0.00347338
chrUn_gl000220	6	269	161802	0.00166253
chrUn_gl000220	7	127	161802	0.00078491
chrUn_gl000220	8	65	161802	0.000401726
chrUn_gl000220	9	45	161802	0.000278118
chrUn_gl000220	10	26	161802	0.00016069
chrUn_gl000220	11	41	161802	0.000253396
chrUn_gl000220	12	19	161802	0.000117427
chrUn_gl000220	13	2	161802	1.23608e-05
chrUn_gl000220	14	4	161802	2.47216e-05
chrUn_gl000221	0	151215	155397	0.973088
chrUn_gl000221	1	4064	155397	0.0261524
chrUn_gl000221	2	118	155397	0.000759345
chrUn_gl000222	0	184282	186861	0.986198
chrUn_gl000222	1	2508	186861	0.0134217
chrUn_gl000222	2	71	186861	0.000379962
chrUn_gl000223	0	179934	180455	0.997113
chrUn_gl000223	1	492	180455	0.00272644
chrUn_gl000223	2	29	180455	0.000160705
chrUn_gl000224	0	172715	179693	0.961167
chrUn_gl000224	1	6272	179693	0.034904
chrUn_gl000224	2	640	179693	0.00356163
chrUn_gl000224	3	66	179693	0.000367293
chrUn_gl000225	0	205181	211173	0.971625
chrUn_gl000225	1	5689	211173	0.02694
chrUn_gl000225	2	248	211173	0.00117439
chrUn_gl000225	3	55	211173	0.00026045
chrUn_gl000226	0	1667	15008	0.111074
chrUn_gl000226	1	1654	15008	0.110208
chrUn_gl000226	2	2033	15008	0.135461
chrUn_gl000226	3	1869	15008	0.124534
chrUn_gl000226	4	1850	15008	0.123268
chrUn_gl000226	5	1213	15008	0.0808236
chrUn_gl000226	6	968	15008	0.0644989
chrUn_gl000226	7	937	15008	0.0624334
chrUn_gl000226	8	658	15008	0.0438433
chrUn_gl000226	9	637	15008	0.042444
chrUn_gl000226	10	378	15008	0.0251866
chrUn_gl000226	11	332	15008	0.0221215
chrUn_gl000226	12	206	15008	0.013726
chrUn_gl000226	13	169	15008	0.0112607
chrUn_gl000226	14	141	15008	0.00939499
chrUn_gl000226	15	90	15008	0.0059968
chrUn_gl000226	16	78	15008	0.00519723
chrUn_gl000226	17	37	15008	0.00246535
chrUn_gl000226	18	38	15008	0.00253198
chrUn_gl000226	19	24	15008	0.00159915
chrUn_gl000226	20	9	15008	0.00059968
chrUn_gl000226	21	18	15008	0.00119936
chrUn_gl000226	22	2	15008	0.000133262
chrUn_gl000227	0	126940	128374	0.988829
chrUn_gl000227	1	1418	128374	0.0110459
chrUn_gl000227	2	16	128374	0.000124636
chrUn_gl000228	0	127572	129120	0.988011
chrUn_gl000228	1	1546	129120	0.0119734
chrUn_gl000228	2	2	129120	1.54895e-05
chrUn_gl000229	0	19363	19913	0.97238
chrUn_gl000229	1	550	19913	0.0276201
chrUn_gl000230	0	42474	43691	0.972145
chrUn_gl000230	1	1119	43691	0.0256117
chrUn_gl000230	2	63	43691	0.00144194
chrUn_gl000230	3	35	43691	0.00080108
chrUn_gl000231	0	26686	27386	0.97444
chrUn_gl000231	1	700	27386	0.0255605
chrUn_gl000232	0	36846	40652	0.906376
chrUn_gl000232	1	3273	40652	0.0805126
chrUn_gl000232	2	472	40652	0.0116107
chrUn_gl000232	3	61	40652	0.00150054
chrUn_gl000233	0	44674	45941	0.972421
chrUn_gl000233	1	1164	45941	0.0253368
chrUn_gl000233	2	73	45941	0.00158899
chrUn_gl000233	3	30	45941	0.000653011
chrUn_gl000234	0	38488	40531	0.949594
chrUn_gl000234	1	1936	40531	0.0477659
chrUn_gl000234	2	107	40531	0.00263995
chrUn_gl000235	0	32922	34474	0.954981
chrUn_gl000235	1	1504	34474	0.0436271
chrUn_gl000235	2	48	34474	0.00139235
chrUn_gl000236	0	41534	41934	0.990461
chrUn_gl000236	1	400	41934	0.0095388
chrUn_gl000237	0	44107	45867	0.961628
chrUn_gl000237	1	1624	45867	0.0354067
chrUn_gl000237	2	89	45867	0.00194039
chrUn_gl000237	3	40	45867	0.000872087
chrUn_gl000237	4	7	45867	0.000152615
chrUn_gl000238	0	39789	39939	0.996244
chrUn_gl000238	1	150	39939	0.00375573
chrUn_gl000239	0	32232	33824	0.952933
chrUn_gl000239	1	1466	33824	0.043342
chrUn_gl000239	2	94	33824	0.00277909
chrUn_gl000239	3	32	33824	0.000946074
chrUn_gl000240	0	40583	41933	0.967806
chrUn_gl000240	1	1231	41933	0.0293564
chrUn_gl000240	2	88	41933	0.00209859
chrUn_gl000240	3	31	41933	0.000739275
chrUn_gl000241	0	38854	42152	0.921759
chrUn_gl000241	1	2857	42152	0.0677785
chrUn_gl000241	2	357	42152	0.00846935
chrUn_gl000241	3	69	42152	0.00163693
chrUn_gl000241	4	3	42152	7.1171e-05
chrUn_gl000241	5	12	42152	0.000284684
chrUn_gl000242	0	43473	43523	0.998851
chrUn_gl000242	1	50	43523	0.00114882
chrUn_gl000243	0	42254	43341	0.97492
chrUn_gl000243	1	974	43341	0.0224729
chrUn_gl000243	2	113	43341	0.00260723
chrUn_gl000244	0	39679	39929	0.993739
chrUn_gl000244	1	250	39929	0.00626111
chrUn_gl000245	0	36001	36651	0.982265
chrUn_gl000245	1	650	36651	0.0177348
chrUn_gl000246	0	38004	38154	0.996069
chrUn_gl000246	1	150	38154	0.00393144
chrUn_gl000247	0	35418	36422	0.972434
chrUn_gl000247	1	919	36422	0.025232
chrUn_gl000247	2	74	36422	0.00203174
chrUn_gl000247	3	11	36422	0.000302015
chrUn_gl000248	0	39736	39786	0.998743
chrUn_gl000248	1	50	39786	0.00125672
chrUn_gl000249	0	38352	38502	0.996104
chrUn_gl000249	1	150	38502	0.0038959
chr18_gl000207_random	0	4262	4262	1
genome	0	3100159468	3137161264	0.988205
genome	1	34429701	3137161264	0.0109748
genome	2	2320317	3137161264	0.000739623
genome	3	199643	3137161264	6.36381e-05
genome	4	28085	3137161264	8.95236e-06
genome	5	7613	3137161264	2.42672e-06
genome	6	3673	3137161264	1.1708e-06
genome	7	2704	3137161264	8.61926e-07
genome	8	1813	3137161264	5.77911e-07
genome	9	1667	3137161264	5.31372e-07
genome	10	1045	3137161264	3.33104e-07
genome	11	908	3137161264	2.89434e-07
genome	12	628	3137161264	2.00181e-07
genome	13	529	3137161264	1.68624e-07
genome	14	473	3137161264	1.50773e-07
genome	15	477	3137161264	1.52048e-07
genome	16	397	3137161264	1.26548e-07
genome	17	338	3137161264	1.07741e-07
genome	18	277	3137161264	8.82964e-08
genome	19	171	3137161264	5.45079e-08
genome	20	145	3137161264	4.62201e-08
genome	21	138	3137161264	4.39888e-08
genome	22	113	3137161264	3.60198e-08
genome	23	101	3137161264	3.21947e-08
genome	24	100	3137161264	3.1876e-08
genome	25	82	3137161264	2.61383e-08
genome	26	62	3137161264	1.97631e-08
genome	27	38	3137161264	1.21129e-08
genome	28	43	3137161264	1.37067e-08
genome	29	45	3137161264	1.43442e-08
genome	30	46	3137161264	1.46629e-08
genome	31	20	3137161264	6.37519e-09
genome	32	25	3137161264	7.96899e-09
genome	33	20	3137161264	6.37519e-09
genome	34	12	3137161264	3.82511e-09
genome	35	12	3137161264	3.82511e-09
genome	36	16	3137161264	5.10015e-09
genome	37	10	3137161264	3.1876e-09
genome	38	8	3137161264	2.55008e-09
genome	39	11	3137161264	3.50635e-09
genome	40	12	3137161264	3.82511e-09
genome	41	20	3137161264	6.37519e-09
genome	42	18	3137161264	5.73767e-09
genome	43	9	3137161264	2.86884e-09
genome	44	15	3137161264	4.78139e-09
genome	45	15	3137161264	4.78139e-09
genome	46	12	3137161264	3.82511e-09
genome	47	8	3137161264	2.55008e-09
genome	48	15	3137161264	4.78139e-09
genome	49	14	3137161264	4.46263e-09
genome	50	8	3137161264	2.55008e-09
genome	51	12	3137161264	3.82511e-09
genome	52	10	3137161264	3.1876e-09
genome	53	10	3137161264	3.1876e-09
genome	54	12	3137161264	3.82511e-09
genome	55	6	3137161264	1.91256e-09
genome	56	8	3137161264	2.55008e-09
genome	57	13	3137161264	4.14387e-09
genome	58	15	3137161264	4.78139e-09
genome	59	17	3137161264	5.41891e-09
genome	60	17	3137161264	5.41891e-09
genome	61	9	3137161264	2.86884e-09
genome	62	8	3137161264	2.55008e-09
genome	63	2	3137161264	6.37519e-10
genome	64	4	3137161264	1.27504e-09
genome	65	1	3137161264	3.1876e-10
