chrM	0	7582	16571	0.457546
chrM	1	5114	16571	0.308611
chrM	2	2192	16571	0.132279
chrM	3	1019	16571	0.061493
chrM	4	450	16571	0.0271559
chrM	5	149	16571	0.00899161
chrM	6	9	16571	0.000543118
chrM	7	17	16571	0.00102589
chrM	8	24	16571	0.00144831
chrM	9	15	16571	0.000905196
chr1	0	245019792	249250621	0.983026
chr1	1	3997420	249250621	0.0160378
chr1	2	216755	249250621	0.000869627
chr1	3	13831	249250621	5.54903e-05
chr1	4	1462	249250621	5.86558e-06
chr1	5	196	249250621	7.86357e-07
chr1	6	49	249250621	1.96589e-07
chr1	7	30	249250621	1.20361e-07
chr1	8	16	249250621	6.41924e-08
chr1	9	10	249250621	4.01203e-08
chr1	10	21	249250621	8.42525e-08
chr1	11	20	249250621	8.02405e-08
chr1	12	25	249250621	1.00301e-07
chr1	13	16	249250621	6.41924e-08
chr1	14	30	249250621	1.20361e-07
chr1	15	21	249250621	8.42525e-08
chr1	16	22	249250621	8.82646e-08
chr1	17	26	249250621	1.04313e-07
chr1	18	30	249250621	1.20361e-07
chr1	19	48	249250621	1.92577e-07
chr1	20	54	249250621	2.16649e-07
chr1	21	45	249250621	1.80541e-07
chr1	22	27	249250621	1.08325e-07
chr1	23	26	249250621	1.04313e-07
chr1	24	27	249250621	1.08325e-07
chr1	25	18	249250621	7.22165e-08
chr1	26	33	249250621	1.32397e-07
chr1	27	17	249250621	6.82044e-08
chr1	28	21	249250621	8.42525e-08
chr1	29	15	249250621	6.01804e-08
chr1	30	22	249250621	8.82646e-08
chr1	31	33	249250621	1.32397e-07
chr1	32	34	249250621	1.36409e-07
chr1	33	24	249250621	9.62886e-08
chr1	34	15	249250621	6.01804e-08
chr1	35	16	249250621	6.41924e-08
chr1	36	14	249250621	5.61684e-08
chr1	37	12	249250621	4.81443e-08
chr1	38	13	249250621	5.21563e-08
chr1	39	17	249250621	6.82044e-08
chr1	40	12	249250621	4.81443e-08
chr1	41	21	249250621	8.42525e-08
chr1	42	19	249250621	7.62285e-08
chr1	43	15	249250621	6.01804e-08
chr1	44	19	249250621	7.62285e-08
chr1	45	10	249250621	4.01203e-08
chr1	46	6	249250621	2.40722e-08
chr1	47	9	249250621	3.61082e-08
chr1	48	8	249250621	3.20962e-08
chr1	49	8	249250621	3.20962e-08
chr1	50	5	249250621	2.00601e-08
chr1	51	5	249250621	2.00601e-08
chr1	52	7	249250621	2.80842e-08
chr1	53	7	249250621	2.80842e-08
chr1	54	9	249250621	3.61082e-08
chr1	55	10	249250621	4.01203e-08
chr1	56	7	249250621	2.80842e-08
chr1	57	8	249250621	3.20962e-08
chr1	58	4	249250621	1.60481e-08
chr1	59	3	249250621	1.20361e-08
chr1	60	7	249250621	2.80842e-08
chr1	61	7	249250621	2.80842e-08
chr1	62	17	249250621	6.82044e-08
chr1	63	10	249250621	4.01203e-08
chr1	64	9	249250621	3.61082e-08
chr1	65	8	249250621	3.20962e-08
chr1	66	12	249250621	4.81443e-08
chr1	67	9	249250621	3.61082e-08
chr1	68	6	249250621	2.40722e-08
chr1	69	9	249250621	3.61082e-08
chr1	70	7	249250621	2.80842e-08
chr1	71	11	249250621	4.41323e-08
chr1	72	9	249250621	3.61082e-08
chr1	73	3	249250621	1.20361e-08
chr1	74	2	249250621	8.02405e-09
chr2	0	240864321	243199373	0.990399
chr2	1	2218671	243199373	0.00912285
chr2	2	105668	243199373	0.000434491
chr2	3	7164	243199373	2.94573e-05
chr2	4	1481	243199373	6.08965e-06
chr2	5	668	243199373	2.74672e-06
chr2	6	354	243199373	1.4556e-06
chr2	7	327	243199373	1.34458e-06
chr2	8	198	243199373	8.14147e-07
chr2	9	75	243199373	3.08389e-07
chr2	10	119	243199373	4.8931e-07
chr2	11	110	243199373	4.52304e-07
chr2	12	66	243199373	2.71382e-07
chr2	13	38	243199373	1.5625e-07
chr2	14	47	243199373	1.93257e-07
chr2	15	24	243199373	9.86845e-08
chr2	16	2	243199373	8.22371e-09
chr2	17	4	243199373	1.64474e-08
chr2	18	5	243199373	2.05593e-08
chr2	19	13	243199373	5.34541e-08
chr2	20	7	243199373	2.8783e-08
chr2	21	8	243199373	3.28948e-08
chr2	22	3	243199373	1.23356e-08
chr3	0	195474292	198022430	0.987132
chr3	1	2416910	198022430	0.0122052
chr3	2	122868	198022430	0.000620475
chr3	3	7499	198022430	3.78694e-05
chr3	4	703	198022430	3.5501e-06
chr3	5	65	198022430	3.28246e-07
chr3	6	7	198022430	3.53495e-08
chr3	7	9	198022430	4.54494e-08
chr3	8	13	198022430	6.56491e-08
chr3	9	6	198022430	3.02996e-08
chr3	10	2	198022430	1.00999e-08
chr3	11	3	198022430	1.51498e-08
chr3	12	3	198022430	1.51498e-08
chr3	14	3	198022430	1.51498e-08
chr3	15	3	198022430	1.51498e-08
chr3	16	10	198022430	5.04993e-08
chr3	17	12	198022430	6.05992e-08
chr3	18	8	198022430	4.03995e-08
chr3	19	8	198022430	4.03995e-08
chr3	20	5	198022430	2.52497e-08
chr3	21	1	198022430	5.04993e-09
chr4	0	189829091	191154276	0.993067
chr4	1	1266092	191154276	0.0066234
chr4	2	55922	191154276	0.000292549
chr4	3	2743	191154276	1.43497e-05
chr4	4	337	191154276	1.76297e-06
chr4	5	63	191154276	3.29577e-07
chr4	6	24	191154276	1.25553e-07
chr4	7	4	191154276	2.09255e-08
chr5	0	178646410	180915260	0.987459
chr5	1	2160046	180915260	0.0119395
chr5	2	102090	180915260	0.000564297
chr5	3	6280	180915260	3.47124e-05
chr5	4	401	180915260	2.21651e-06
chr5	5	18	180915260	9.94941e-08
chr5	6	15	180915260	8.29117e-08
chr6	0	168346608	171115067	0.983821
chr6	1	2623601	171115067	0.0153324
chr6	2	133253	171115067	0.000778733
chr6	3	7742	171115067	4.52444e-05
chr6	4	955	171115067	5.58104e-06
chr6	5	289	171115067	1.68892e-06
chr6	6	276	171115067	1.61295e-06
chr6	7	318	171115067	1.8584e-06
chr6	8	291	171115067	1.70061e-06
chr6	9	311	171115067	1.81749e-06
chr6	10	225	171115067	1.3149e-06
chr6	11	180	171115067	1.05192e-06
chr6	12	175	171115067	1.0227e-06
chr6	13	145	171115067	8.47383e-07
chr6	14	98	171115067	5.72714e-07
chr6	15	82	171115067	4.7921e-07
chr6	16	102	171115067	5.9609e-07
chr6	17	92	171115067	5.3765e-07
chr6	18	66	171115067	3.85705e-07
chr6	19	41	171115067	2.39605e-07
chr6	20	33	171115067	1.92853e-07
chr6	21	55	171115067	3.21421e-07
chr6	22	56	171115067	3.27265e-07
chr6	23	37	171115067	2.16229e-07
chr6	24	11	171115067	6.42842e-08
chr6	25	9	171115067	5.25962e-08
chr6	26	6	171115067	3.50641e-08
chr6	27	10	171115067	5.84402e-08
chr7	0	156474471	159138663	0.983259
chr7	1	2524009	159138663	0.0158604
chr7	2	129367	159138663	0.00081292
chr7	3	7912	159138663	4.97177e-05
chr7	4	784	159138663	4.92652e-06
chr7	5	213	159138663	1.33846e-06
chr7	6	62	159138663	3.89597e-07
chr7	7	91	159138663	5.71828e-07
chr7	8	60	159138663	3.7703e-07
chr7	9	106	159138663	6.66086e-07
chr7	10	99	159138663	6.22099e-07
chr7	11	60	159138663	3.7703e-07
chr7	12	87	159138663	5.46693e-07
chr7	13	43	159138663	2.70205e-07
chr7	14	23	159138663	1.44528e-07
chr7	15	42	159138663	2.63921e-07
chr7	16	40	159138663	2.51353e-07
chr7	17	50	159138663	3.14191e-07
chr7	18	75	159138663	4.71287e-07
chr7	19	66	159138663	4.14733e-07
chr7	20	57	159138663	3.58178e-07
chr7	21	53	159138663	3.33043e-07
chr7	22	55	159138663	3.45611e-07
chr7	23	38	159138663	2.38785e-07
chr7	24	41	159138663	2.57637e-07
chr7	25	32	159138663	2.01083e-07
chr7	26	43	159138663	2.70205e-07
chr7	27	45	159138663	2.82772e-07
chr7	28	56	159138663	3.51894e-07
chr7	29	50	159138663	3.14191e-07
chr7	30	60	159138663	3.7703e-07
chr7	31	61	159138663	3.83314e-07
chr7	32	35	159138663	2.19934e-07
chr7	33	28	159138663	1.75947e-07
chr7	34	29	159138663	1.82231e-07
chr7	35	15	159138663	9.42574e-08
chr7	36	22	159138663	1.38244e-07
chr7	37	25	159138663	1.57096e-07
chr7	38	27	159138663	1.69663e-07
chr7	39	11	159138663	6.91221e-08
chr7	40	7	159138663	4.39868e-08
chr7	41	6	159138663	3.7703e-08
chr7	42	3	159138663	1.88515e-08
chr7	43	13	159138663	8.16898e-08
chr7	44	11	159138663	6.91221e-08
chr7	45	5	159138663	3.14191e-08
chr7	46	8	159138663	5.02706e-08
chr7	47	13	159138663	8.16898e-08
chr7	48	10	159138663	6.28383e-08
chr7	49	12	159138663	7.54059e-08
chr7	50	9	159138663	5.65545e-08
chr7	51	16	159138663	1.00541e-07
chr7	52	11	159138663	6.91221e-08
chr7	53	8	159138663	5.02706e-08
chr7	54	6	159138663	3.7703e-08
chr7	55	9	159138663	5.65545e-08
chr7	56	8	159138663	5.02706e-08
chr7	57	6	159138663	3.7703e-08
chr7	58	6	159138663	3.7703e-08
chr7	59	3	159138663	1.88515e-08
chr7	60	2	159138663	1.25677e-08
chr7	61	4	159138663	2.51353e-08
chr7	62	10	159138663	6.28383e-08
chr7	63	9	159138663	5.65545e-08
chr7	64	11	159138663	6.91221e-08
chr7	65	7	159138663	4.39868e-08
chr7	66	4	159138663	2.51353e-08
chr7	67	3	159138663	1.88515e-08
chr8	0	143842090	146364022	0.98277
chr8	1	2372717	146364022	0.0162111
chr8	2	133461	146364022	0.000911843
chr8	3	10796	146364022	7.37613e-05
chr8	4	1983	146364022	1.35484e-05
chr8	5	914	146364022	6.2447e-06
chr8	6	569	146364022	3.88757e-06
chr8	7	501	146364022	3.42297e-06
chr8	8	356	146364022	2.43229e-06
chr8	9	217	146364022	1.4826e-06
chr8	10	148	146364022	1.01118e-06
chr8	11	121	146364022	8.26706e-07
chr8	12	49	146364022	3.34782e-07
chr8	13	66	146364022	4.50931e-07
chr8	14	22	146364022	1.5031e-07
chr8	15	8	146364022	5.46582e-08
chr8	16	4	146364022	2.73291e-08
chr9	0	140163288	141213431	0.992564
chr9	1	1004800	141213431	0.00711547
chr9	2	42330	141213431	0.000299759
chr9	3	2536	141213431	1.79586e-05
chr9	4	272	141213431	1.92616e-06
chr9	5	56	141213431	3.96563e-07
chr9	6	64	141213431	4.53215e-07
chr9	7	30	141213431	2.12444e-07
chr9	8	17	141213431	1.20385e-07
chr9	9	11	141213431	7.78963e-08
chr9	10	17	141213431	1.20385e-07
chr9	11	5	141213431	3.54074e-08
chr9	12	5	141213431	3.54074e-08
chr10	0	134473851	135534747	0.992173
chr10	1	1009418	135534747	0.00744767
chr10	2	44558	135534747	0.000328757
chr10	3	3443	135534747	2.54031e-05
chr10	4	982	135534747	7.24537e-06
chr10	5	430	135534747	3.17262e-06
chr10	6	282	135534747	2.08065e-06
chr10	7	294	135534747	2.16919e-06
chr10	8	289	135534747	2.13229e-06
chr10	9	228	135534747	1.68223e-06
chr10	10	187	135534747	1.37972e-06
chr10	11	174	135534747	1.2838e-06
chr10	12	150	135534747	1.10673e-06
chr10	13	138	135534747	1.01819e-06
chr10	14	75	135534747	5.53364e-07
chr10	15	92	135534747	6.78793e-07
chr10	16	46	135534747	3.39396e-07
chr10	17	35	135534747	2.58236e-07
chr10	18	32	135534747	2.36102e-07
chr10	19	11	135534747	8.116e-08
chr10	20	10	135534747	7.37818e-08
chr10	21	14	135534747	1.03295e-07
chr10	22	7	135534747	5.16473e-08
chr10	23	1	135534747	7.37818e-09
chr11	0	132917456	135006516	0.984526
chr11	1	1976196	135006516	0.0146378
chr11	2	104600	135006516	0.000774777
chr11	3	6506	135006516	4.81903e-05
chr11	4	906	135006516	6.71079e-06
chr11	5	258	135006516	1.91102e-06
chr11	6	152	135006516	1.12587e-06
chr11	7	105	135006516	7.7774e-07
chr11	8	78	135006516	5.7775e-07
chr11	9	48	135006516	3.55538e-07
chr11	10	63	135006516	4.66644e-07
chr11	11	31	135006516	2.29619e-07
chr11	12	22	135006516	1.62955e-07
chr11	13	2	135006516	1.48141e-08
chr11	14	2	135006516	1.48141e-08
chr11	15	1	135006516	7.40705e-09
chr11	16	4	135006516	2.96282e-08
chr11	17	2	135006516	1.48141e-08
chr11	19	2	135006516	1.48141e-08
chr11	20	1	135006516	7.40705e-09
chr11	21	2	135006516	1.48141e-08
chr11	22	2	135006516	1.48141e-08
chr11	23	2	135006516	1.48141e-08
chr11	24	1	135006516	7.40705e-09
chr11	25	1	135006516	7.40705e-09
chr11	26	1	135006516	7.40705e-09
chr11	27	2	135006516	1.48141e-08
chr11	29	2	135006516	1.48141e-08
chr11	30	2	135006516	1.48141e-08
chr11	31	1	135006516	7.40705e-09
chr11	32	2	135006516	1.48141e-08
chr11	33	1	135006516	7.40705e-09
chr11	34	4	135006516	2.96282e-08
chr11	35	2	135006516	1.48141e-08
chr11	36	1	135006516	7.40705e-09
chr11	37	2	135006516	1.48141e-08
chr11	39	2	135006516	1.48141e-08
chr11	40	2	135006516	1.48141e-08
chr11	41	2	135006516	1.48141e-08
chr11	43	2	135006516	1.48141e-08
chr11	44	1	135006516	7.40705e-09
chr11	45	4	135006516	2.96282e-08
chr11	46	3	135006516	2.22212e-08
chr11	47	1	135006516	7.40705e-09
chr11	48	1	135006516	7.40705e-09
chr11	49	3	135006516	2.22212e-08
chr11	50	1	135006516	7.40705e-09
chr11	51	1	135006516	7.40705e-09
chr11	52	1	135006516	7.40705e-09
chr11	53	2	135006516	1.48141e-08
chr11	54	2	135006516	1.48141e-08
chr11	55	1	135006516	7.40705e-09
chr11	56	5	135006516	3.70352e-08
chr11	57	1	135006516	7.40705e-09
chr11	58	2	135006516	1.48141e-08
chr11	59	2	135006516	1.48141e-08
chr11	61	7	135006516	5.18494e-08
chr11	62	5	135006516	3.70352e-08
chr11	63	2	135006516	1.48141e-08
chr12	0	132807620	133851895	0.992198
chr12	1	997397	133851895	0.0074515
chr12	2	44291	133851895	0.000330896
chr12	3	2336	133851895	1.74521e-05
chr12	4	192	133851895	1.43442e-06
chr12	5	59	133851895	4.40786e-07
chr13	0	114080577	115169878	0.990542
chr13	1	1036892	115169878	0.00900315
chr13	2	49217	115169878	0.000427343
chr13	3	3061	115169878	2.65781e-05
chr13	4	114	115169878	9.89842e-07
chr13	5	17	115169878	1.47608e-07
chr14	0	105993103	107349540	0.987364
chr14	1	1287067	107349540	0.0119895
chr14	2	65435	107349540	0.000609551
chr14	3	3727	107349540	3.47184e-05
chr14	4	208	107349540	1.9376e-06
chr15	0	101825591	102531392	0.993116
chr15	1	676789	102531392	0.0066008
chr15	2	27278	102531392	0.000266045
chr15	3	1534	102531392	1.49613e-05
chr15	4	197	102531392	1.92136e-06
chr15	5	3	102531392	2.92593e-08
chr16	0	89102594	90354753	0.986142
chr16	1	1191906	90354753	0.0131914
chr16	2	56187	90354753	0.000621849
chr16	3	3503	90354753	3.87694e-05
chr16	4	478	90354753	5.29026e-06
chr16	5	61	90354753	6.75117e-07
chr16	6	24	90354753	2.6562e-07
chr17	0	80575244	81195210	0.992365
chr17	1	592794	81195210	0.00730085
chr17	2	25342	81195210	0.000312112
chr17	3	1491	81195210	1.83632e-05
chr17	4	153	81195210	1.88435e-06
chr17	5	42	81195210	5.17272e-07
chr17	6	32	81195210	3.94112e-07
chr17	7	17	81195210	2.09372e-07
chr17	8	36	81195210	4.43376e-07
chr17	9	23	81195210	2.83268e-07
chr17	10	25	81195210	3.079e-07
chr17	11	11	81195210	1.35476e-07
chr18	0	77207460	78077248	0.98886
chr18	1	824864	78077248	0.0105647
chr18	2	41413	78077248	0.000530411
chr18	3	2635	78077248	3.37486e-05
chr18	4	329	78077248	4.21378e-06
chr18	5	149	78077248	1.90837e-06
chr18	6	85	78077248	1.08867e-06
chr18	7	82	78077248	1.05024e-06
chr18	8	28	78077248	3.58619e-07
chr18	9	33	78077248	4.22658e-07
chr18	10	28	78077248	3.58619e-07
chr18	11	45	78077248	5.76352e-07
chr18	12	34	78077248	4.35466e-07
chr18	13	41	78077248	5.25121e-07
chr18	14	7	78077248	8.96548e-08
chr18	15	15	78077248	1.92117e-07
chr19	0	58293446	59128983	0.985869
chr19	1	788761	59128983	0.0133397
chr19	2	41900	59128983	0.00070862
chr19	3	3296	59128983	5.57425e-05
chr19	4	574	59128983	9.70759e-06
chr19	5	166	59128983	2.80742e-06
chr19	6	127	59128983	2.14785e-06
chr19	7	98	59128983	1.65739e-06
chr19	8	95	59128983	1.60666e-06
chr19	9	64	59128983	1.08238e-06
chr19	10	54	59128983	9.13258e-07
chr19	11	45	59128983	7.61048e-07
chr19	12	33	59128983	5.58102e-07
chr19	13	21	59128983	3.55156e-07
chr19	14	35	59128983	5.91926e-07
chr19	15	25	59128983	4.22805e-07
chr19	16	13	59128983	2.19858e-07
chr19	17	17	59128983	2.87507e-07
chr19	18	28	59128983	4.73541e-07
chr19	19	10	59128983	1.69122e-07
chr19	20	5	59128983	8.45609e-08
chr19	21	8	59128983	1.35297e-07
chr19	22	21	59128983	3.55156e-07
chr19	23	12	59128983	2.02946e-07
chr19	24	9	59128983	1.5221e-07
chr19	25	11	59128983	1.86034e-07
chr19	26	5	59128983	8.45609e-08
chr19	27	6	59128983	1.01473e-07
chr19	28	6	59128983	1.01473e-07
chr19	29	9	59128983	1.5221e-07
chr19	30	12	59128983	2.02946e-07
chr19	31	10	59128983	1.69122e-07
chr19	32	3	59128983	5.07365e-08
chr19	33	10	59128983	1.69122e-07
chr19	34	2	59128983	3.38244e-08
chr19	35	4	59128983	6.76487e-08
chr19	36	5	59128983	8.45609e-08
chr19	37	2	59128983	3.38244e-08
chr19	38	3	59128983	5.07365e-08
chr19	39	7	59128983	1.18385e-07
chr19	40	11	59128983	1.86034e-07
chr19	41	10	59128983	1.69122e-07
chr19	42	4	59128983	6.76487e-08
chr20	0	62106298	63025520	0.985415
chr20	1	869865	63025520	0.0138018
chr20	2	45825	63025520	0.000727086
chr20	3	3093	63025520	4.90754e-05
chr20	4	366	63025520	5.80717e-06
chr20	5	46	63025520	7.29863e-07
chr20	6	27	63025520	4.28398e-07
chr21	0	47531829	48129895	0.987574
chr21	1	566526	48129895	0.0117708
chr21	2	29360	48129895	0.000610016
chr21	3	1882	48129895	3.91025e-05
chr21	4	240	48129895	4.98651e-06
chr21	5	50	48129895	1.03886e-06
chr21	6	8	48129895	1.66217e-07
chr22	0	51050056	51304566	0.995039
chr22	1	245115	51304566	0.00477764
chr22	2	8805	51304566	0.000171622
chr22	3	535	51304566	1.04279e-05
chr22	4	55	51304566	1.07203e-06
chrX	0	152355011	155270560	0.981223
chrX	1	2742621	155270560	0.0176635
chrX	2	157422	155270560	0.00101386
chrX	3	12738	155270560	8.20374e-05
chrX	4	1719	155270560	1.1071e-05
chrX	5	555	155270560	3.57441e-06
chrX	6	231	155270560	1.48773e-06
chrX	7	85	155270560	5.47432e-07
chrX	8	27	155270560	1.7389e-07
chrX	9	25	155270560	1.61009e-07
chrX	10	24	155270560	1.54569e-07
chrX	11	44	155270560	2.83376e-07
chrX	12	20	155270560	1.28807e-07
chrX	13	17	155270560	1.09486e-07
chrX	14	7	155270560	4.50826e-08
chrX	15	9	155270560	5.79633e-08
chrX	16	5	155270560	3.22019e-08
chrY	0	59313563	59373566	0.998989
chrY	1	58216	59373566	0.000980504
chrY	2	1373	59373566	2.31248e-05
chrY	3	214	59373566	3.6043e-06
chrY	4	75	59373566	1.26319e-06
chrY	5	49	59373566	8.25283e-07
chrY	6	26	59373566	4.37905e-07
chrY	7	18	59373566	3.03165e-07
chrY	8	2	59373566	3.3685e-08
chrY	9	8	59373566	1.3474e-07
chrY	10	11	59373566	1.85268e-07
chrY	11	11	59373566	1.85268e-07
chr1_gl000191_random	0	105061	106433	0.987109
chr1_gl000191_random	1	1344	106433	0.0126277
chr1_gl000191_random	2	28	106433	0.000263076
chr1_gl000192_random	0	535689	547496	0.978435
chr1_gl000192_random	1	11319	547496	0.0206741
chr1_gl000192_random	2	483	547496	0.000882198
chr1_gl000192_random	3	5	547496	9.13249e-06
chr4_ctg9_hap1	0	588415	590426	0.996594
chr4_ctg9_hap1	1	1972	590426	0.00333996
chr4_ctg9_hap1	2	39	590426	6.6054e-05
chr4_gl000193_random	0	184370	189789	0.971447
chr4_gl000193_random	1	5204	189789	0.0274199
chr4_gl000193_random	2	165	189789	0.000869387
chr4_gl000193_random	3	15	189789	7.90351e-05
chr4_gl000193_random	4	4	189789	2.1076e-05
chr4_gl000193_random	5	31	189789	0.000163339
chr4_gl000194_random	0	186452	191469	0.973797
chr4_gl000194_random	1	4762	191469	0.0248709
chr4_gl000194_random	2	227	191469	0.00118557
chr4_gl000194_random	3	28	191469	0.000146238
chr6_apd_hap1	0	4618340	4622290	0.999145
chr6_apd_hap1	1	3950	4622290	0.000854555
chr6_cox_hap2	0	4785338	4795371	0.997908
chr6_cox_hap2	1	9816	4795371	0.00204697
chr6_cox_hap2	2	217	4795371	4.5252e-05
chr6_dbb_hap3	0	4601655	4610396	0.998104
chr6_dbb_hap3	1	8548	4610396	0.00185407
chr6_dbb_hap3	2	177	4610396	3.83915e-05
chr6_dbb_hap3	3	16	4610396	3.47042e-06
chr6_mann_hap4	0	4668293	4683263	0.996804
chr6_mann_hap4	1	14740	4683263	0.00314738
chr6_mann_hap4	2	230	4683263	4.91111e-05
chr6_mcf_hap5	0	4826536	4833398	0.99858
chr6_mcf_hap5	1	6774	4833398	0.0014015
chr6_mcf_hap5	2	88	4833398	1.82067e-05
chr6_qbl_hap6	0	4603141	4611984	0.998083
chr6_qbl_hap6	1	8786	4611984	0.00190504
chr6_qbl_hap6	2	57	4611984	1.23591e-05
chr6_ssto_hap7	0	4919537	4928567	0.998168
chr6_ssto_hap7	1	8960	4928567	0.00181797
chr6_ssto_hap7	2	70	4928567	1.42029e-05
chr7_gl000195_random	0	176100	182896	0.962842
chr7_gl000195_random	1	6407	182896	0.0350308
chr7_gl000195_random	2	324	182896	0.0017715
chr7_gl000195_random	3	65	182896	0.000355393
chr8_gl000196_random	0	38437	38914	0.987742
chr8_gl000196_random	1	454	38914	0.0116668
chr8_gl000196_random	2	23	38914	0.000591047
chr8_gl000197_random	0	37025	37175	0.995965
chr8_gl000197_random	1	150	37175	0.00403497
chr9_gl000198_random	0	86325	90085	0.958262
chr9_gl000198_random	1	3500	90085	0.0388522
chr9_gl000198_random	2	230	90085	0.00255314
chr9_gl000198_random	3	30	90085	0.000333019
chr9_gl000199_random	0	139409	169874	0.820661
chr9_gl000199_random	1	21605	169874	0.127182
chr9_gl000199_random	2	5590	169874	0.0329067
chr9_gl000199_random	3	1595	169874	0.00938931
chr9_gl000199_random	4	571	169874	0.00336131
chr9_gl000199_random	5	303	169874	0.00178367
chr9_gl000199_random	6	248	169874	0.00145991
chr9_gl000199_random	7	154	169874	0.000906554
chr9_gl000199_random	8	131	169874	0.00077116
chr9_gl000199_random	9	60	169874	0.000353203
chr9_gl000199_random	10	33	169874	0.000194262
chr9_gl000199_random	11	41	169874	0.000241355
chr9_gl000199_random	12	28	169874	0.000164828
chr9_gl000199_random	13	16	169874	9.41875e-05
chr9_gl000199_random	14	9	169874	5.29804e-05
chr9_gl000199_random	15	13	169874	7.65273e-05
chr9_gl000199_random	16	28	169874	0.000164828
chr9_gl000199_random	17	6	169874	3.53203e-05
chr9_gl000199_random	18	1	169874	5.88672e-06
chr9_gl000199_random	19	6	169874	3.53203e-05
chr9_gl000199_random	20	6	169874	3.53203e-05
chr9_gl000199_random	21	3	169874	1.76601e-05
chr9_gl000199_random	22	5	169874	2.94336e-05
chr9_gl000199_random	23	7	169874	4.1207e-05
chr9_gl000199_random	24	5	169874	2.94336e-05
chr9_gl000199_random	25	1	169874	5.88672e-06
chr9_gl000200_random	0	186435	187035	0.996792
chr9_gl000200_random	1	600	187035	0.00320796
chr9_gl000201_random	0	36098	36148	0.998617
chr9_gl000201_random	1	50	36148	0.0013832
chr11_gl000202_random	0	39953	40103	0.99626
chr11_gl000202_random	1	150	40103	0.00374037
chr17_ctg5_hap1	0	1675032	1680828	0.996552
chr17_ctg5_hap1	1	5792	1680828	0.00344592
chr17_ctg5_hap1	2	4	1680828	2.37978e-06
chr17_gl000203_random	0	37298	37498	0.994666
chr17_gl000203_random	1	200	37498	0.00533362
chr17_gl000204_random	0	81110	81310	0.99754
chr17_gl000204_random	1	200	81310	0.00245972
chr17_gl000205_random	0	169346	174588	0.969975
chr17_gl000205_random	1	5084	174588	0.02912
chr17_gl000205_random	2	158	174588	0.000904988
chr17_gl000206_random	0	40901	41001	0.997561
chr17_gl000206_random	1	100	41001	0.00243896
chr18_gl000207_random	0	4112	4262	0.964805
chr18_gl000207_random	1	150	4262	0.0351947
chr19_gl000208_random	0	87112	92689	0.939831
chr19_gl000208_random	1	3970	92689	0.0428314
chr19_gl000208_random	2	860	92689	0.00927834
chr19_gl000208_random	3	429	92689	0.00462838
chr19_gl000208_random	4	231	92689	0.00249221
chr19_gl000208_random	5	73	92689	0.00078758
chr19_gl000208_random	6	14	92689	0.000151043
chr19_gl000209_random	0	158292	159169	0.99449
chr19_gl000209_random	1	854	159169	0.00536537
chr19_gl000209_random	2	23	159169	0.000144501
chr21_gl000210_random	0	27383	27682	0.989199
chr21_gl000210_random	1	298	27682	0.0107651
chr21_gl000210_random	2	1	27682	3.61246e-05
chrUn_gl000211	0	164003	166566	0.984613
chrUn_gl000211	1	2391	166566	0.0143547
chrUn_gl000211	2	157	166566	0.000942569
chrUn_gl000211	3	15	166566	9.00544e-05
chrUn_gl000212	0	184197	186858	0.985759
chrUn_gl000212	1	2497	186858	0.0133631
chrUn_gl000212	2	139	186858	0.00074388
chrUn_gl000212	3	25	186858	0.000133791
chrUn_gl000213	0	163553	164239	0.995823
chrUn_gl000213	1	622	164239	0.00378716
chrUn_gl000213	2	64	164239	0.000389676
chrUn_gl000214	0	132967	137718	0.965502
chrUn_gl000214	1	4381	137718	0.0318114
chrUn_gl000214	2	341	137718	0.00247607
chrUn_gl000214	3	29	137718	0.000210575
chrUn_gl000215	0	171345	172545	0.993045
chrUn_gl000215	1	1200	172545	0.00695471
chrUn_gl000216	0	166523	172294	0.966505
chrUn_gl000216	1	5441	172294	0.0315797
chrUn_gl000216	2	281	172294	0.00163093
chrUn_gl000216	3	49	172294	0.000284398
chrUn_gl000217	0	168385	172149	0.978135
chrUn_gl000217	1	3663	172149	0.0212781
chrUn_gl000217	2	66	172149	0.000383389
chrUn_gl000217	3	35	172149	0.000203312
chrUn_gl000218	0	155960	161147	0.967812
chrUn_gl000218	1	4987	161147	0.0309469
chrUn_gl000218	2	187	161147	0.00116043
chrUn_gl000218	3	13	161147	8.06717e-05
chrUn_gl000219	0	174182	179198	0.972009
chrUn_gl000219	1	4796	179198	0.0267637
chrUn_gl000219	2	206	179198	0.00114957
chrUn_gl000219	3	14	179198	7.81259e-05
chrUn_gl000220	0	138844	161802	0.858111
chrUn_gl000220	1	14578	161802	0.0900978
chrUn_gl000220	2	4021	161802	0.0248514
chrUn_gl000220	3	2020	161802	0.0124844
chrUn_gl000220	4	937	161802	0.00579103
chrUn_gl000220	5	548	161802	0.00338686
chrUn_gl000220	6	397	161802	0.00245362
chrUn_gl000220	7	196	161802	0.00121136
chrUn_gl000220	8	127	161802	0.00078491
chrUn_gl000220	9	53	161802	0.000327561
chrUn_gl000220	10	30	161802	0.000185412
chrUn_gl000220	11	29	161802	0.000179231
chrUn_gl000220	12	20	161802	0.000123608
chrUn_gl000220	13	2	161802	1.23608e-05
chrUn_gl000221	0	150848	155397	0.970727
chrUn_gl000221	1	4398	155397	0.0283017
chrUn_gl000221	2	151	155397	0.000971705
chrUn_gl000222	0	185134	186861	0.990758
chrUn_gl000222	1	1662	186861	0.00889431
chrUn_gl000222	2	57	186861	0.00030504
chrUn_gl000222	3	8	186861	4.28126e-05
chrUn_gl000223	0	179713	180455	0.995888
chrUn_gl000223	1	734	180455	0.0040675
chrUn_gl000223	2	8	180455	4.43324e-05
chrUn_gl000224	0	175700	179693	0.977779
chrUn_gl000224	1	3774	179693	0.0210025
chrUn_gl000224	2	181	179693	0.00100727
chrUn_gl000224	3	38	179693	0.000211472
chrUn_gl000225	0	205993	211173	0.97547
chrUn_gl000225	1	4860	211173	0.0230143
chrUn_gl000225	2	320	211173	0.00151535
chrUn_gl000226	0	1600	15008	0.10661
chrUn_gl000226	1	2096	15008	0.139659
chrUn_gl000226	2	2178	15008	0.145123
chrUn_gl000226	3	2018	15008	0.134462
chrUn_gl000226	4	1906	15008	0.126999
chrUn_gl000226	5	1566	15008	0.104344
chrUn_gl000226	6	1198	15008	0.0798241
chrUn_gl000226	7	817	15008	0.0544376
chrUn_gl000226	8	529	15008	0.0352479
chrUn_gl000226	9	295	15008	0.0196562
chrUn_gl000226	10	214	15008	0.0142591
chrUn_gl000226	11	237	15008	0.0157916
chrUn_gl000226	12	130	15008	0.00866205
chrUn_gl000226	13	79	15008	0.00526386
chrUn_gl000226	14	31	15008	0.00206556
chrUn_gl000226	15	52	15008	0.00346482
chrUn_gl000226	16	24	15008	0.00159915
chrUn_gl000226	17	20	15008	0.00133262
chrUn_gl000226	18	18	15008	0.00119936
chrUn_gl000227	0	127124	128374	0.990263
chrUn_gl000227	1	1250	128374	0.00973717
chrUn_gl000228	0	127996	129120	0.991295
chrUn_gl000228	1	1048	129120	0.00811648
chrUn_gl000228	2	76	129120	0.0005886
chrUn_gl000229	0	19268	19913	0.967609
chrUn_gl000229	1	590	19913	0.0296289
chrUn_gl000229	2	55	19913	0.00276201
chrUn_gl000230	0	42641	43691	0.975968
chrUn_gl000230	1	1050	43691	0.0240324
chrUn_gl000231	0	26248	27386	0.958446
chrUn_gl000231	1	1126	27386	0.0411159
chrUn_gl000231	2	12	27386	0.00043818
chrUn_gl000232	0	37809	40652	0.930065
chrUn_gl000232	1	2447	40652	0.0601938
chrUn_gl000232	2	349	40652	0.00858506
chrUn_gl000232	3	33	40652	0.000811768
chrUn_gl000232	4	14	40652	0.000344386
chrUn_gl000233	0	45113	45941	0.981977
chrUn_gl000233	1	733	45941	0.0159552
chrUn_gl000233	2	68	45941	0.00148016
chrUn_gl000233	3	27	45941	0.00058771
chrUn_gl000234	0	39418	40531	0.97254
chrUn_gl000234	1	976	40531	0.0240803
chrUn_gl000234	2	137	40531	0.00338013
chrUn_gl000235	0	33365	34474	0.967831
chrUn_gl000235	1	991	34474	0.0287463
chrUn_gl000235	2	95	34474	0.0027557
chrUn_gl000235	3	23	34474	0.000667169
chrUn_gl000236	0	41499	41934	0.989627
chrUn_gl000236	1	420	41934	0.0100157
chrUn_gl000236	2	15	41934	0.000357705
chrUn_gl000237	0	44967	45867	0.980378
chrUn_gl000237	1	900	45867	0.0196219
chrUn_gl000238	0	39755	39939	0.995393
chrUn_gl000238	1	168	39939	0.00420641
chrUn_gl000238	2	16	39939	0.000400611
chrUn_gl000239	0	33068	33824	0.977649
chrUn_gl000239	1	712	33824	0.0210501
chrUn_gl000239	2	44	33824	0.00130085
chrUn_gl000240	0	41116	41933	0.980517
chrUn_gl000240	1	784	41933	0.0186965
chrUn_gl000240	2	33	41933	0.00078697
chrUn_gl000241	0	39667	42152	0.941047
chrUn_gl000241	1	2248	42152	0.0533308
chrUn_gl000241	2	209	42152	0.00495825
chrUn_gl000241	3	28	42152	0.000664263
chrUn_gl000242	0	43423	43523	0.997702
chrUn_gl000242	1	100	43523	0.00229764
chrUn_gl000243	0	42046	43341	0.970121
chrUn_gl000243	1	1237	43341	0.0285411
chrUn_gl000243	2	11	43341	0.000253801
chrUn_gl000243	3	47	43341	0.00108442
chrUn_gl000244	0	39543	39929	0.990333
chrUn_gl000244	1	372	39929	0.00931654
chrUn_gl000244	2	14	39929	0.000350622
chrUn_gl000245	0	35451	36651	0.967259
chrUn_gl000245	1	1200	36651	0.0327413
chrUn_gl000246	0	37742	38154	0.989202
chrUn_gl000246	1	374	38154	0.00980238
chrUn_gl000246	2	38	38154	0.000995964
chrUn_gl000247	0	35592	36422	0.977212
chrUn_gl000247	1	810	36422	0.0222393
chrUn_gl000247	2	20	36422	0.000549119
chrUn_gl000248	0	39536	39786	0.993716
chrUn_gl000248	1	250	39786	0.00628362
chrUn_gl000249	0	38452	38502	0.998701
chrUn_gl000249	1	50	38502	0.00129863
genome	0	3099514625	3137161264	0.988
genome	1	35671462	3137161264	0.0113706
genome	2	1805455	3137161264	0.000575506
genome	3	124121	3137161264	3.95648e-05
genome	4	19079	3137161264	6.08161e-06
genome	5	7037	3137161264	2.24311e-06
genome	6	4280	3137161264	1.36429e-06
genome	7	3193	3137161264	1.0178e-06
genome	8	2317	3137161264	7.38566e-07
genome	9	1588	3137161264	5.0619e-07
genome	10	1300	3137161264	4.14387e-07
genome	11	1167	3137161264	3.71992e-07
genome	12	847	3137161264	2.69989e-07
genome	13	624	3137161264	1.98906e-07
genome	14	389	3137161264	1.23997e-07
genome	15	387	3137161264	1.2336e-07
genome	16	300	3137161264	9.56279e-08
genome	17	264	3137161264	8.41525e-08
genome	18	263	3137161264	8.38338e-08
genome	19	205	3137161264	6.53457e-08
genome	20	178	3137161264	5.67392e-08
genome	21	189	3137161264	6.02455e-08
genome	22	176	3137161264	5.61017e-08
genome	23	123	3137161264	3.92074e-08
genome	24	94	3137161264	2.99634e-08
genome	25	72	3137161264	2.29507e-08
genome	26	88	3137161264	2.80508e-08
genome	27	80	3137161264	2.55008e-08
genome	28	83	3137161264	2.6457e-08
genome	29	76	3137161264	2.42257e-08
genome	30	96	3137161264	3.06009e-08
genome	31	105	3137161264	3.34697e-08
genome	32	74	3137161264	2.35882e-08
genome	33	63	3137161264	2.00818e-08
genome	34	50	3137161264	1.5938e-08
genome	35	37	3137161264	1.17941e-08
genome	36	42	3137161264	1.33879e-08
genome	37	41	3137161264	1.30691e-08
genome	38	43	3137161264	1.37067e-08
genome	39	37	3137161264	1.17941e-08
genome	40	32	3137161264	1.02003e-08
genome	41	39	3137161264	1.24316e-08
genome	42	26	3137161264	8.28775e-09
genome	43	30	3137161264	9.56279e-09
genome	44	31	3137161264	9.88155e-09
genome	45	19	3137161264	6.05643e-09
genome	46	17	3137161264	5.41891e-09
genome	47	23	3137161264	7.33147e-09
genome	48	19	3137161264	6.05643e-09
genome	49	23	3137161264	7.33147e-09
genome	50	15	3137161264	4.78139e-09
genome	51	22	3137161264	7.01271e-09
genome	52	19	3137161264	6.05643e-09
genome	53	17	3137161264	5.41891e-09
genome	54	17	3137161264	5.41891e-09
genome	55	20	3137161264	6.37519e-09
genome	56	20	3137161264	6.37519e-09
genome	57	15	3137161264	4.78139e-09
genome	58	12	3137161264	3.82511e-09
genome	59	8	3137161264	2.55008e-09
genome	60	9	3137161264	2.86884e-09
genome	61	18	3137161264	5.73767e-09
genome	62	32	3137161264	1.02003e-08
genome	63	21	3137161264	6.69395e-09
genome	64	20	3137161264	6.37519e-09
genome	65	15	3137161264	4.78139e-09
genome	66	16	3137161264	5.10015e-09
genome	67	12	3137161264	3.82511e-09
genome	68	6	3137161264	1.91256e-09
genome	69	9	3137161264	2.86884e-09
genome	70	7	3137161264	2.23132e-09
genome	71	11	3137161264	3.50635e-09
genome	72	9	3137161264	2.86884e-09
genome	73	3	3137161264	9.56279e-10
genome	74	2	3137161264	6.37519e-10
