chrM	0	10758	16571	0.649206
chrM	1	4623	16571	0.278981
chrM	2	948	16571	0.0572084
chrM	3	161	16571	0.00971577
chrM	4	57	16571	0.00343974
chrM	5	24	16571	0.00144831
chr1	0	245448619	249250621	0.984746
chr1	1	3652032	249250621	0.014652
chr1	2	140809	249250621	0.000564929
chr1	3	6964	249250621	2.79397e-05
chr1	4	713	249250621	2.86057e-06
chr1	5	251	249250621	1.00702e-06
chr1	6	73	249250621	2.92878e-07
chr1	7	34	249250621	1.36409e-07
chr1	8	23	249250621	9.22766e-08
chr1	9	10	249250621	4.01203e-08
chr1	10	8	249250621	3.20962e-08
chr1	11	13	249250621	5.21563e-08
chr1	12	22	249250621	8.82646e-08
chr1	13	12	249250621	4.81443e-08
chr1	14	18	249250621	7.22165e-08
chr1	15	25	249250621	1.00301e-07
chr1	16	19	249250621	7.62285e-08
chr1	17	31	249250621	1.24373e-07
chr1	18	18	249250621	7.22165e-08
chr1	19	16	249250621	6.41924e-08
chr1	20	19	249250621	7.62285e-08
chr1	21	31	249250621	1.24373e-07
chr1	22	29	249250621	1.16349e-07
chr1	23	34	249250621	1.36409e-07
chr1	24	27	249250621	1.08325e-07
chr1	25	49	249250621	1.96589e-07
chr1	26	29	249250621	1.16349e-07
chr1	27	36	249250621	1.44433e-07
chr1	28	33	249250621	1.32397e-07
chr1	29	19	249250621	7.62285e-08
chr1	30	16	249250621	6.41924e-08
chr1	31	12	249250621	4.81443e-08
chr1	32	18	249250621	7.22165e-08
chr1	33	15	249250621	6.01804e-08
chr1	34	30	249250621	1.20361e-07
chr1	35	24	249250621	9.62886e-08
chr1	36	26	249250621	1.04313e-07
chr1	37	26	249250621	1.04313e-07
chr1	38	22	249250621	8.82646e-08
chr1	39	21	249250621	8.42525e-08
chr1	40	17	249250621	6.82044e-08
chr1	41	14	249250621	5.61684e-08
chr1	42	19	249250621	7.62285e-08
chr1	43	5	249250621	2.00601e-08
chr1	44	11	249250621	4.41323e-08
chr1	45	12	249250621	4.81443e-08
chr1	46	31	249250621	1.24373e-07
chr1	47	29	249250621	1.16349e-07
chr1	48	11	249250621	4.41323e-08
chr1	49	6	249250621	2.40722e-08
chr1	50	6	249250621	2.40722e-08
chr1	51	4	249250621	1.60481e-08
chr1	52	9	249250621	3.61082e-08
chr1	53	2	249250621	8.02405e-09
chr1	54	4	249250621	1.60481e-08
chr1	55	7	249250621	2.80842e-08
chr1	56	2	249250621	8.02405e-09
chr1	57	4	249250621	1.60481e-08
chr1	58	4	249250621	1.60481e-08
chr1	59	6	249250621	2.40722e-08
chr1	60	5	249250621	2.00601e-08
chr1	61	4	249250621	1.60481e-08
chr1	62	4	249250621	1.60481e-08
chr1	63	5	249250621	2.00601e-08
chr1	64	10	249250621	4.01203e-08
chr1	65	5	249250621	2.00601e-08
chr1	66	12	249250621	4.81443e-08
chr1	67	5	249250621	2.00601e-08
chr1	68	9	249250621	3.61082e-08
chr1	69	5	249250621	2.00601e-08
chr1	70	5	249250621	2.00601e-08
chr1	71	9	249250621	3.61082e-08
chr1	72	7	249250621	2.80842e-08
chr1	73	15	249250621	6.01804e-08
chr1	74	5	249250621	2.00601e-08
chr1	75	9	249250621	3.61082e-08
chr1	76	4	249250621	1.60481e-08
chr1	77	4	249250621	1.60481e-08
chr1	78	4	249250621	1.60481e-08
chr1	79	12	249250621	4.81443e-08
chr1	80	13	249250621	5.21563e-08
chr1	81	5	249250621	2.00601e-08
chr1	82	4	249250621	1.60481e-08
chr1	83	2	249250621	8.02405e-09
chr1	84	8	249250621	3.20962e-08
chr1	85	14	249250621	5.61684e-08
chr1	86	4	249250621	1.60481e-08
chr1	87	4	249250621	1.60481e-08
chr2	0	240827249	243199373	0.990246
chr2	1	2285681	243199373	0.00939838
chr2	2	77210	243199373	0.000317476
chr2	3	4577	243199373	1.882e-05
chr2	4	1607	243199373	6.60775e-06
chr2	5	1006	243199373	4.13652e-06
chr2	6	680	243199373	2.79606e-06
chr2	7	353	243199373	1.45148e-06
chr2	8	197	243199373	8.10035e-07
chr2	9	152	243199373	6.25002e-07
chr2	10	93	243199373	3.82402e-07
chr2	11	64	243199373	2.63159e-07
chr2	12	62	243199373	2.54935e-07
chr2	13	90	243199373	3.70067e-07
chr2	14	93	243199373	3.82402e-07
chr2	15	61	243199373	2.50823e-07
chr2	16	27	243199373	1.1102e-07
chr2	17	16	243199373	6.57896e-08
chr2	18	16	243199373	6.57896e-08
chr2	19	13	243199373	5.34541e-08
chr2	20	11	243199373	4.52304e-08
chr2	21	8	243199373	3.28948e-08
chr2	22	19	243199373	7.81252e-08
chr2	23	18	243199373	7.40134e-08
chr2	24	18	243199373	7.40134e-08
chr2	25	18	243199373	7.40134e-08
chr2	26	8	243199373	3.28948e-08
chr2	27	4	243199373	1.64474e-08
chr2	28	5	243199373	2.05593e-08
chr2	29	8	243199373	3.28948e-08
chr2	30	8	243199373	3.28948e-08
chr2	31	1	243199373	4.11185e-09
chr3	0	195531693	198022430	0.987422
chr3	1	2400799	198022430	0.0121239
chr3	2	85840	198022430	0.000433486
chr3	3	3621	198022430	1.82858e-05
chr3	4	337	198022430	1.70183e-06
chr3	5	82	198022430	4.14095e-07
chr3	6	4	198022430	2.01997e-08
chr3	7	3	198022430	1.51498e-08
chr3	8	2	198022430	1.00999e-08
chr3	9	3	198022430	1.51498e-08
chr3	10	3	198022430	1.51498e-08
chr3	11	14	198022430	7.06991e-08
chr3	12	5	198022430	2.52497e-08
chr3	13	18	198022430	9.08988e-08
chr3	14	6	198022430	3.02996e-08
chr4	0	189549947	191154276	0.991607
chr4	1	1553661	191154276	0.00812779
chr4	2	47928	191154276	0.000250729
chr4	3	2496	191154276	1.30575e-05
chr4	4	182	191154276	9.52111e-07
chr4	5	24	191154276	1.25553e-07
chr4	6	9	191154276	4.70824e-08
chr4	7	7	191154276	3.66196e-08
chr4	8	4	191154276	2.09255e-08
chr4	9	18	191154276	9.41648e-08
chr5	0	178735153	180915260	0.98795
chr5	1	2108387	180915260	0.011654
chr5	2	68734	180915260	0.000379924
chr5	3	2577	180915260	1.42442e-05
chr5	4	309	180915260	1.70798e-06
chr5	5	72	180915260	3.97976e-07
chr5	6	28	180915260	1.54769e-07
chr6	0	168518690	171115067	0.984827
chr6	1	2498363	171115067	0.0146005
chr6	2	90021	171115067	0.000526085
chr6	3	4402	171115067	2.57254e-05
chr6	4	508	171115067	2.96876e-06
chr6	5	371	171115067	2.16813e-06
chr6	6	335	171115067	1.95775e-06
chr6	7	279	171115067	1.63048e-06
chr6	8	399	171115067	2.33176e-06
chr6	9	319	171115067	1.86424e-06
chr6	10	231	171115067	1.34997e-06
chr6	11	168	171115067	9.81795e-07
chr6	12	160	171115067	9.35043e-07
chr6	13	139	171115067	8.12319e-07
chr6	14	145	171115067	8.47383e-07
chr6	15	139	171115067	8.12319e-07
chr6	16	99	171115067	5.78558e-07
chr6	17	98	171115067	5.72714e-07
chr6	18	83	171115067	4.85054e-07
chr6	19	41	171115067	2.39605e-07
chr6	20	31	171115067	1.81165e-07
chr6	21	34	171115067	1.98697e-07
chr6	22	7	171115067	4.09081e-08
chr6	23	5	171115067	2.92201e-08
chr7	0	156819939	159138663	0.98543
chr7	1	2232250	159138663	0.0140271
chr7	2	80270	159138663	0.000504403
chr7	3	3601	159138663	2.26281e-05
chr7	4	452	159138663	2.84029e-06
chr7	5	174	159138663	1.09339e-06
chr7	6	110	159138663	6.91221e-07
chr7	7	79	159138663	4.96422e-07
chr7	8	108	159138663	6.78653e-07
chr7	9	81	159138663	5.0899e-07
chr7	10	71	159138663	4.46152e-07
chr7	11	86	159138663	5.40409e-07
chr7	12	42	159138663	2.63921e-07
chr7	13	60	159138663	3.7703e-07
chr7	14	68	159138663	4.273e-07
chr7	15	80	159138663	5.02706e-07
chr7	16	39	159138663	2.45069e-07
chr7	17	24	159138663	1.50812e-07
chr7	18	42	159138663	2.63921e-07
chr7	19	45	159138663	2.82772e-07
chr7	20	30	159138663	1.88515e-07
chr7	21	24	159138663	1.50812e-07
chr7	22	35	159138663	2.19934e-07
chr7	23	19	159138663	1.19393e-07
chr7	24	27	159138663	1.69663e-07
chr7	25	32	159138663	2.01083e-07
chr7	26	37	159138663	2.32502e-07
chr7	27	64	159138663	4.02165e-07
chr7	28	57	159138663	3.58178e-07
chr7	29	38	159138663	2.38785e-07
chr7	30	36	159138663	2.26218e-07
chr7	31	49	159138663	3.07908e-07
chr7	32	40	159138663	2.51353e-07
chr7	33	41	159138663	2.57637e-07
chr7	34	43	159138663	2.70205e-07
chr7	35	55	159138663	3.45611e-07
chr7	36	35	159138663	2.19934e-07
chr7	37	52	159138663	3.26759e-07
chr7	38	44	159138663	2.76488e-07
chr7	39	29	159138663	1.82231e-07
chr7	40	34	159138663	2.1365e-07
chr7	41	18	159138663	1.13109e-07
chr7	42	4	159138663	2.51353e-08
chr7	43	11	159138663	6.91221e-08
chr7	44	5	159138663	3.14191e-08
chr7	45	12	159138663	7.54059e-08
chr7	46	8	159138663	5.02706e-08
chr7	47	6	159138663	3.7703e-08
chr7	48	9	159138663	5.65545e-08
chr7	49	12	159138663	7.54059e-08
chr7	50	17	159138663	1.06825e-07
chr7	51	17	159138663	1.06825e-07
chr7	52	13	159138663	8.16898e-08
chr7	53	13	159138663	8.16898e-08
chr7	54	4	159138663	2.51353e-08
chr7	55	7	159138663	4.39868e-08
chr7	56	11	159138663	6.91221e-08
chr7	57	5	159138663	3.14191e-08
chr7	58	10	159138663	6.28383e-08
chr7	59	9	159138663	5.65545e-08
chr7	60	4	159138663	2.51353e-08
chr7	61	4	159138663	2.51353e-08
chr7	62	8	159138663	5.02706e-08
chr7	63	8	159138663	5.02706e-08
chr7	64	3	159138663	1.88515e-08
chr7	65	3	159138663	1.88515e-08
chr8	0	144122893	146364022	0.984688
chr8	1	2149075	146364022	0.0146831
chr8	2	81114	146364022	0.000554194
chr8	3	6102	146364022	4.16906e-05
chr8	4	1715	146364022	1.17174e-05
chr8	5	1166	146364022	7.96644e-06
chr8	6	631	146364022	4.31117e-06
chr8	7	313	146364022	2.1385e-06
chr8	8	247	146364022	1.68757e-06
chr8	9	241	146364022	1.64658e-06
chr8	10	136	146364022	9.2919e-07
chr8	11	112	146364022	7.65215e-07
chr8	12	71	146364022	4.85092e-07
chr8	13	59	146364022	4.03105e-07
chr8	14	37	146364022	2.52794e-07
chr8	15	49	146364022	3.34782e-07
chr8	16	36	146364022	2.45962e-07
chr8	17	16	146364022	1.09316e-07
chr8	18	4	146364022	2.73291e-08
chr8	19	5	146364022	3.41614e-08
chr9	0	140283761	141213431	0.993417
chr9	1	901398	141213431	0.00638323
chr9	2	26849	141213431	0.000190131
chr9	3	1012	141213431	7.16646e-06
chr9	4	182	141213431	1.28883e-06
chr9	5	98	141213431	6.93985e-07
chr9	6	21	141213431	1.48711e-07
chr9	7	40	141213431	2.83259e-07
chr9	8	7	141213431	4.95704e-08
chr9	9	17	141213431	1.20385e-07
chr9	10	9	141213431	6.37333e-08
chr9	11	15	141213431	1.06222e-07
chr9	12	7	141213431	4.95704e-08
chr9	13	14	141213431	9.91407e-08
chr9	14	1	141213431	7.08148e-09
chr10	0	134491495	135534747	0.992303
chr10	1	1005258	135534747	0.00741698
chr10	2	31373	135534747	0.000231476
chr10	3	2478	135534747	1.82831e-05
chr10	4	925	135534747	6.82482e-06
chr10	5	653	135534747	4.81795e-06
chr10	6	506	135534747	3.73336e-06
chr10	7	335	135534747	2.47169e-06
chr10	8	175	135534747	1.29118e-06
chr10	9	226	135534747	1.66747e-06
chr10	10	192	135534747	1.41661e-06
chr10	11	163	135534747	1.20264e-06
chr10	12	178	135534747	1.31332e-06
chr10	13	186	135534747	1.37234e-06
chr10	14	153	135534747	1.12886e-06
chr10	15	70	135534747	5.16473e-07
chr10	16	53	135534747	3.91044e-07
chr10	17	71	135534747	5.23851e-07
chr10	18	65	135534747	4.79582e-07
chr10	19	19	135534747	1.40185e-07
chr10	20	31	135534747	2.28724e-07
chr10	21	23	135534747	1.69698e-07
chr10	22	38	135534747	2.80371e-07
chr10	23	27	135534747	1.99211e-07
chr10	24	12	135534747	8.85382e-08
chr10	25	15	135534747	1.10673e-07
chr10	26	17	135534747	1.25429e-07
chr10	27	8	135534747	5.90255e-08
chr10	28	2	135534747	1.47564e-08
chr11	0	133002468	135006516	0.985156
chr11	1	1930124	135006516	0.0142965
chr11	2	69365	135006516	0.00051379
chr11	3	3083	135006516	2.28359e-05
chr11	4	468	135006516	3.4665e-06
chr11	5	252	135006516	1.86658e-06
chr11	6	265	135006516	1.96287e-06
chr11	7	106	135006516	7.85147e-07
chr11	8	90	135006516	6.66634e-07
chr11	9	65	135006516	4.81458e-07
chr11	10	23	135006516	1.70362e-07
chr11	11	20	135006516	1.48141e-07
chr11	12	23	135006516	1.70362e-07
chr11	13	28	135006516	2.07397e-07
chr11	14	28	135006516	2.07397e-07
chr11	15	16	135006516	1.18513e-07
chr11	16	3	135006516	2.22212e-08
chr11	18	3	135006516	2.22212e-08
chr11	19	2	135006516	1.48141e-08
chr11	20	2	135006516	1.48141e-08
chr11	21	3	135006516	2.22212e-08
chr11	22	4	135006516	2.96282e-08
chr11	23	2	135006516	1.48141e-08
chr11	24	2	135006516	1.48141e-08
chr11	25	1	135006516	7.40705e-09
chr11	26	2	135006516	1.48141e-08
chr11	27	1	135006516	7.40705e-09
chr11	28	2	135006516	1.48141e-08
chr11	30	3	135006516	2.22212e-08
chr11	31	1	135006516	7.40705e-09
chr11	32	1	135006516	7.40705e-09
chr11	33	1	135006516	7.40705e-09
chr11	34	2	135006516	1.48141e-08
chr11	35	1	135006516	7.40705e-09
chr11	36	3	135006516	2.22212e-08
chr11	38	2	135006516	1.48141e-08
chr11	39	2	135006516	1.48141e-08
chr11	40	2	135006516	1.48141e-08
chr11	42	3	135006516	2.22212e-08
chr11	43	2	135006516	1.48141e-08
chr11	44	1	135006516	7.40705e-09
chr11	45	2	135006516	1.48141e-08
chr11	46	2	135006516	1.48141e-08
chr11	47	2	135006516	1.48141e-08
chr11	48	1	135006516	7.40705e-09
chr11	49	2	135006516	1.48141e-08
chr11	50	2	135006516	1.48141e-08
chr11	51	8	135006516	5.92564e-08
chr11	52	13	135006516	9.62917e-08
chr11	53	8	135006516	5.92564e-08
chr11	54	1	135006516	7.40705e-09
chr12	0	132862264	133851895	0.992607
chr12	1	962272	133851895	0.00718908
chr12	2	26367	133851895	0.000196986
chr12	3	814	133851895	6.08135e-06
chr12	4	148	133851895	1.1057e-06
chr12	5	20	133851895	1.49419e-07
chr12	6	10	133851895	7.47094e-08
chr13	0	114039725	115169878	0.990187
chr13	1	1091909	115169878	0.00948086
chr13	2	36604	115169878	0.000317826
chr13	3	1527	115169878	1.32587e-05
chr13	4	113	115169878	9.81159e-07
chr14	0	105971056	107349540	0.987159
chr14	1	1327665	107349540	0.0123677
chr14	2	48048	107349540	0.000447585
chr14	3	2583	107349540	2.40616e-05
chr14	4	119	107349540	1.10853e-06
chr14	5	51	107349540	4.75084e-07
chr14	6	17	107349540	1.58361e-07
chr14	7	1	107349540	9.31536e-09
chr15	0	101885189	102531392	0.993698
chr15	1	627195	102531392	0.0061171
chr15	2	18280	102531392	0.000178287
chr15	3	717	102531392	6.99298e-06
chr15	4	11	102531392	1.07284e-07
chr16	0	89194915	90354753	0.987163
chr16	1	1115753	90354753	0.0123486
chr16	2	40880	90354753	0.000452439
chr16	3	2625	90354753	2.90522e-05
chr16	4	427	90354753	4.72582e-06
chr16	5	56	90354753	6.19779e-07
chr16	6	57	90354753	6.30847e-07
chr16	7	38	90354753	4.20564e-07
chr16	8	2	90354753	2.2135e-08
chr17	0	80644331	81195210	0.993215
chr17	1	533771	81195210	0.00657392
chr17	2	16249	81195210	0.000200123
chr17	3	527	81195210	6.49053e-06
chr17	4	92	81195210	1.13307e-06
chr17	5	74	81195210	9.11384e-07
chr17	6	49	81195210	6.03484e-07
chr17	7	27	81195210	3.32532e-07
chr17	8	13	81195210	1.60108e-07
chr17	9	17	81195210	2.09372e-07
chr17	10	24	81195210	2.95584e-07
chr17	11	11	81195210	1.35476e-07
chr17	12	14	81195210	1.72424e-07
chr17	13	11	81195210	1.35476e-07
chr18	0	77177981	78077248	0.988482
chr18	1	867646	78077248	0.0111127
chr18	2	29193	78077248	0.000373899
chr18	3	1385	78077248	1.77388e-05
chr18	4	394	78077248	5.04628e-06
chr18	5	151	78077248	1.93398e-06
chr18	6	192	78077248	2.4591e-06
chr18	7	86	78077248	1.10147e-06
chr18	8	75	78077248	9.60587e-07
chr18	9	50	78077248	6.40391e-07
chr18	10	29	78077248	3.71427e-07
chr18	11	11	78077248	1.40886e-07
chr18	12	34	78077248	4.35466e-07
chr18	13	9	78077248	1.1527e-07
chr18	14	2	78077248	2.56157e-08
chr18	15	3	78077248	3.84235e-08
chr18	16	2	78077248	2.56157e-08
chr18	17	3	78077248	3.84235e-08
chr18	18	2	78077248	2.56157e-08
chr19	0	58314385	59128983	0.986223
chr19	1	777688	59128983	0.0131524
chr19	2	32984	59128983	0.000557831
chr19	3	2376	59128983	4.01833e-05
chr19	4	397	59128983	6.71414e-06
chr19	5	180	59128983	3.04419e-06
chr19	6	115	59128983	1.9449e-06
chr19	7	102	59128983	1.72504e-06
chr19	8	115	59128983	1.9449e-06
chr19	9	72	59128983	1.21768e-06
chr19	10	35	59128983	5.91926e-07
chr19	11	70	59128983	1.18385e-06
chr19	12	76	59128983	1.28533e-06
chr19	13	73	59128983	1.23459e-06
chr19	14	41	59128983	6.93399e-07
chr19	15	31	59128983	5.24278e-07
chr19	16	28	59128983	4.73541e-07
chr19	17	9	59128983	1.5221e-07
chr19	18	16	59128983	2.70595e-07
chr19	19	20	59128983	3.38244e-07
chr19	20	10	59128983	1.69122e-07
chr19	21	7	59128983	1.18385e-07
chr19	22	3	59128983	5.07365e-08
chr19	23	4	59128983	6.76487e-08
chr19	24	5	59128983	8.45609e-08
chr19	25	4	59128983	6.76487e-08
chr19	26	9	59128983	1.5221e-07
chr19	27	9	59128983	1.5221e-07
chr19	28	4	59128983	6.76487e-08
chr19	29	12	59128983	2.02946e-07
chr19	30	6	59128983	1.01473e-07
chr19	31	11	59128983	1.86034e-07
chr19	32	10	59128983	1.69122e-07
chr19	33	8	59128983	1.35297e-07
chr19	34	10	59128983	1.69122e-07
chr19	35	15	59128983	2.53683e-07
chr19	36	17	59128983	2.87507e-07
chr19	37	17	59128983	2.87507e-07
chr19	38	7	59128983	1.18385e-07
chr19	39	2	59128983	3.38244e-08
chr20	0	62160054	63025520	0.986268
chr20	1	834227	63025520	0.0132363
chr20	2	29411	63025520	0.000466652
chr20	3	1618	63025520	2.56721e-05
chr20	4	157	63025520	2.49105e-06
chr20	5	49	63025520	7.77463e-07
chr20	6	4	63025520	6.34664e-08
chr21	0	47568228	48129895	0.98833
chr21	1	539547	48129895	0.0112102
chr21	2	21196	48129895	0.000440392
chr21	3	885	48129895	1.83877e-05
chr21	4	39	48129895	8.10307e-07
chr22	0	51093426	51304566	0.995884
chr22	1	204884	51304566	0.00399348
chr22	2	6045	51304566	0.000117826
chr22	3	171	51304566	3.33304e-06
chr22	4	37	51304566	7.21183e-07
chr22	5	3	51304566	5.84743e-08
chrX	0	152580088	155270560	0.982672
chrX	1	2574212	155270560	0.0165789
chrX	2	105724	155270560	0.000680902
chrX	3	7971	155270560	5.13362e-05
chrX	4	1397	155270560	8.9972e-06
chrX	5	533	155270560	3.43272e-06
chrX	6	250	155270560	1.61009e-06
chrX	7	147	155270560	9.46735e-07
chrX	8	71	155270560	4.57266e-07
chrX	9	62	155270560	3.99303e-07
chrX	10	27	155270560	1.7389e-07
chrX	11	34	155270560	2.18973e-07
chrX	12	9	155270560	5.79633e-08
chrX	13	4	155270560	2.57615e-08
chrX	14	10	155270560	6.44037e-08
chrX	15	12	155270560	7.72845e-08
chrX	16	8	155270560	5.1523e-08
chrX	17	1	155270560	6.44037e-09
chrY	0	59314285	59373566	0.999002
chrY	1	57827	59373566	0.000973952
chrY	2	1269	59373566	2.13731e-05
chrY	3	65	59373566	1.09476e-06
chrY	4	40	59373566	6.737e-07
chrY	5	1	59373566	1.68425e-08
chrY	6	2	59373566	3.3685e-08
chrY	7	11	59373566	1.85268e-07
chrY	8	29	59373566	4.88433e-07
chrY	9	14	59373566	2.35795e-07
chrY	10	4	59373566	6.737e-08
chrY	11	3	59373566	5.05275e-08
chrY	12	3	59373566	5.05275e-08
chrY	13	13	59373566	2.18953e-07
chr1_gl000191_random	0	105928	106433	0.995255
chr1_gl000191_random	1	460	106433	0.00432197
chr1_gl000191_random	2	45	106433	0.000422801
chr1_gl000192_random	0	536735	547496	0.980345
chr1_gl000192_random	1	10572	547496	0.0193097
chr1_gl000192_random	2	189	547496	0.000345208
chr4_ctg9_hap1	0	587976	590426	0.99585
chr4_ctg9_hap1	1	2450	590426	0.00414955
chr4_gl000193_random	0	184197	189789	0.970536
chr4_gl000193_random	1	5285	189789	0.0278467
chr4_gl000193_random	2	306	189789	0.00161232
chr4_gl000193_random	3	1	189789	5.26901e-06
chr4_gl000194_random	0	186233	191469	0.972654
chr4_gl000194_random	1	5122	191469	0.0267511
chr4_gl000194_random	2	114	191469	0.000595397
chr6_apd_hap1	0	4619006	4622290	0.99929
chr6_apd_hap1	1	3268	4622290	0.000707009
chr6_apd_hap1	2	16	4622290	3.46149e-06
chr6_cox_hap2	0	4784418	4795371	0.997716
chr6_cox_hap2	1	10806	4795371	0.00225342
chr6_cox_hap2	2	147	4795371	3.06546e-05
chr6_dbb_hap3	0	4601230	4610396	0.998012
chr6_dbb_hap3	1	9082	4610396	0.0019699
chr6_dbb_hap3	2	84	4610396	1.82197e-05
chr6_mann_hap4	0	4670087	4683263	0.997187
chr6_mann_hap4	1	12961	4683263	0.00276751
chr6_mann_hap4	2	206	4683263	4.39864e-05
chr6_mann_hap4	3	9	4683263	1.92174e-06
chr6_mcf_hap5	0	4825048	4833398	0.998272
chr6_mcf_hap5	1	8350	4833398	0.00172756
chr6_qbl_hap6	0	4603263	4611984	0.998109
chr6_qbl_hap6	1	8642	4611984	0.00187381
chr6_qbl_hap6	2	79	4611984	1.71293e-05
chr6_ssto_hap7	0	4918680	4928567	0.997994
chr6_ssto_hap7	1	9674	4928567	0.00196284
chr6_ssto_hap7	2	213	4928567	4.32174e-05
chr7_gl000195_random	0	176257	182896	0.963701
chr7_gl000195_random	1	6278	182896	0.0343255
chr7_gl000195_random	2	361	182896	0.0019738
chr8_gl000196_random	0	38264	38914	0.983297
chr8_gl000196_random	1	650	38914	0.0167035
chr8_gl000197_random	0	37125	37175	0.998655
chr8_gl000197_random	1	50	37175	0.00134499
chr9_gl000198_random	0	86646	90085	0.961825
chr9_gl000198_random	1	3252	90085	0.0360992
chr9_gl000198_random	2	163	90085	0.0018094
chr9_gl000198_random	3	24	90085	0.000266415
chr9_gl000199_random	0	136609	169874	0.804178
chr9_gl000199_random	1	23566	169874	0.138726
chr9_gl000199_random	2	6051	169874	0.0356205
chr9_gl000199_random	3	1706	169874	0.0100427
chr9_gl000199_random	4	635	169874	0.00373806
chr9_gl000199_random	5	324	169874	0.0019073
chr9_gl000199_random	6	343	169874	0.00201914
chr9_gl000199_random	7	196	169874	0.0011538
chr9_gl000199_random	8	133	169874	0.000782933
chr9_gl000199_random	9	103	169874	0.000606332
chr9_gl000199_random	10	62	169874	0.000364976
chr9_gl000199_random	11	22	169874	0.000129508
chr9_gl000199_random	12	12	169874	7.06406e-05
chr9_gl000199_random	13	22	169874	0.000129508
chr9_gl000199_random	14	16	169874	9.41875e-05
chr9_gl000199_random	15	21	169874	0.000123621
chr9_gl000199_random	16	11	169874	6.47539e-05
chr9_gl000199_random	17	1	169874	5.88672e-06
chr9_gl000199_random	18	2	169874	1.17734e-05
chr9_gl000199_random	19	7	169874	4.1207e-05
chr9_gl000199_random	20	4	169874	2.35469e-05
chr9_gl000199_random	21	7	169874	4.1207e-05
chr9_gl000199_random	22	2	169874	1.17734e-05
chr9_gl000199_random	23	2	169874	1.17734e-05
chr9_gl000199_random	24	6	169874	3.53203e-05
chr9_gl000199_random	25	7	169874	4.1207e-05
chr9_gl000199_random	26	4	169874	2.35469e-05
chr9_gl000200_random	0	186185	187035	0.995455
chr9_gl000200_random	1	850	187035	0.0045446
chr9_gl000201_random	0	36098	36148	0.998617
chr9_gl000201_random	1	50	36148	0.0013832
chr11_gl000202_random	0	40053	40103	0.998753
chr11_gl000202_random	1	50	40103	0.00124679
chr17_ctg5_hap1	0	1676228	1680828	0.997263
chr17_ctg5_hap1	1	4600	1680828	0.00273675
chr17_gl000203_random	0	37052	37498	0.988106
chr17_gl000203_random	1	442	37498	0.0117873
chr17_gl000203_random	2	4	37498	0.000106672
chr17_gl000204_random	0	81160	81310	0.998155
chr17_gl000204_random	1	150	81310	0.00184479
chr17_gl000205_random	0	169950	174588	0.973435
chr17_gl000205_random	1	4576	174588	0.0262103
chr17_gl000205_random	2	62	174588	0.000355122
chr17_gl000206_random	0	40901	41001	0.997561
chr17_gl000206_random	1	100	41001	0.00243896
chr19_gl000208_random	0	87104	92689	0.939745
chr19_gl000208_random	1	4159	92689	0.0448705
chr19_gl000208_random	2	779	92689	0.00840445
chr19_gl000208_random	3	388	92689	0.00418604
chr19_gl000208_random	4	128	92689	0.00138096
chr19_gl000208_random	5	88	92689	0.000949411
chr19_gl000208_random	6	34	92689	0.000366818
chr19_gl000208_random	7	9	92689	9.70989e-05
chr19_gl000209_random	0	158119	159169	0.993403
chr19_gl000209_random	1	1050	159169	0.00659676
chr21_gl000210_random	0	27582	27682	0.996388
chr21_gl000210_random	1	100	27682	0.00361246
chrUn_gl000211	0	164443	166566	0.987254
chrUn_gl000211	1	2096	166566	0.0125836
chrUn_gl000211	2	27	166566	0.000162098
chrUn_gl000212	0	184543	186858	0.987611
chrUn_gl000212	1	2135	186858	0.0114258
chrUn_gl000212	2	130	186858	0.000695715
chrUn_gl000212	3	45	186858	0.000240825
chrUn_gl000212	4	5	186858	2.67583e-05
chrUn_gl000213	0	163139	164239	0.993302
chrUn_gl000213	1	1100	164239	0.00669756
chrUn_gl000214	0	132769	137718	0.964064
chrUn_gl000214	1	4676	137718	0.0339534
chrUn_gl000214	2	245	137718	0.001779
chrUn_gl000214	3	28	137718	0.000203314
chrUn_gl000215	0	171145	172545	0.991886
chrUn_gl000215	1	1400	172545	0.00811383
chrUn_gl000216	0	166418	172294	0.965896
chrUn_gl000216	1	5473	172294	0.0317655
chrUn_gl000216	2	313	172294	0.00181666
chrUn_gl000216	3	40	172294	0.000232161
chrUn_gl000216	4	22	172294	0.000127689
chrUn_gl000216	5	25	172294	0.000145101
chrUn_gl000216	6	3	172294	1.74121e-05
chrUn_gl000217	0	169154	172149	0.982602
chrUn_gl000217	1	2990	172149	0.0173687
chrUn_gl000217	2	5	172149	2.90446e-05
chrUn_gl000218	0	156182	161147	0.96919
chrUn_gl000218	1	4751	161147	0.0294824
chrUn_gl000218	2	193	161147	0.00119766
chrUn_gl000218	3	21	161147	0.000130316
chrUn_gl000219	0	174749	179198	0.975173
chrUn_gl000219	1	4177	179198	0.0233094
chrUn_gl000219	2	243	179198	0.00135604
chrUn_gl000219	3	29	179198	0.000161832
chrUn_gl000220	0	139188	161802	0.860237
chrUn_gl000220	1	14121	161802	0.0872733
chrUn_gl000220	2	4703	161802	0.0290664
chrUn_gl000220	3	1893	161802	0.0116995
chrUn_gl000220	4	806	161802	0.0049814
chrUn_gl000220	5	383	161802	0.00236709
chrUn_gl000220	6	263	161802	0.00162544
chrUn_gl000220	7	157	161802	0.000970322
chrUn_gl000220	8	129	161802	0.000797271
chrUn_gl000220	9	42	161802	0.000259577
chrUn_gl000220	10	50	161802	0.00030902
chrUn_gl000220	11	34	161802	0.000210133
chrUn_gl000220	12	12	161802	7.41647e-05
chrUn_gl000220	13	2	161802	1.23608e-05
chrUn_gl000220	14	11	161802	6.79843e-05
chrUn_gl000220	15	8	161802	4.94431e-05
chrUn_gl000221	0	150298	155397	0.967187
chrUn_gl000221	1	4798	155397	0.0308758
chrUn_gl000221	2	301	155397	0.00193697
chrUn_gl000222	0	184526	186861	0.987504
chrUn_gl000222	1	2228	186861	0.0119233
chrUn_gl000222	2	99	186861	0.000529806
chrUn_gl000222	3	8	186861	4.28126e-05
chrUn_gl000223	0	179855	180455	0.996675
chrUn_gl000223	1	600	180455	0.00332493
chrUn_gl000224	0	174172	179693	0.969275
chrUn_gl000224	1	4868	179693	0.0270906
chrUn_gl000224	2	579	179693	0.00322216
chrUn_gl000224	3	72	179693	0.000400683
chrUn_gl000224	4	2	179693	1.11301e-05
chrUn_gl000225	0	205293	211173	0.972156
chrUn_gl000225	1	5460	211173	0.0258556
chrUn_gl000225	2	420	211173	0.00198889
chrUn_gl000226	0	1306	15008	0.0870203
chrUn_gl000226	1	1656	15008	0.110341
chrUn_gl000226	2	1638	15008	0.109142
chrUn_gl000226	3	1939	15008	0.129198
chrUn_gl000226	4	1671	15008	0.111341
chrUn_gl000226	5	1507	15008	0.100413
chrUn_gl000226	6	1231	15008	0.0820229
chrUn_gl000226	7	1068	15008	0.071162
chrUn_gl000226	8	865	15008	0.0576359
chrUn_gl000226	9	690	15008	0.0459755
chrUn_gl000226	10	397	15008	0.0264526
chrUn_gl000226	11	382	15008	0.0254531
chrUn_gl000226	12	222	15008	0.0147921
chrUn_gl000226	13	220	15008	0.0146588
chrUn_gl000226	14	123	15008	0.00819563
chrUn_gl000226	15	47	15008	0.00313166
chrUn_gl000226	16	16	15008	0.0010661
chrUn_gl000226	17	8	15008	0.000533049
chrUn_gl000226	18	4	15008	0.000266525
chrUn_gl000226	19	8	15008	0.000533049
chrUn_gl000226	20	9	15008	0.00059968
chrUn_gl000226	21	1	15008	6.66311e-05
chrUn_gl000227	0	127064	128374	0.989795
chrUn_gl000227	1	1220	128374	0.00950348
chrUn_gl000227	2	90	128374	0.000701077
chrUn_gl000228	0	128470	129120	0.994966
chrUn_gl000228	1	650	129120	0.00503408
chrUn_gl000229	0	19258	19913	0.967107
chrUn_gl000229	1	610	19913	0.0306333
chrUn_gl000229	2	45	19913	0.00225983
chrUn_gl000230	0	42973	43691	0.983566
chrUn_gl000230	1	636	43691	0.0145568
chrUn_gl000230	2	82	43691	0.00187682
chrUn_gl000231	0	26938	27386	0.983641
chrUn_gl000231	1	446	27386	0.0162857
chrUn_gl000231	2	2	27386	7.303e-05
chrUn_gl000232	0	38000	40652	0.934763
chrUn_gl000232	1	2504	40652	0.061596
chrUn_gl000232	2	148	40652	0.00364066
chrUn_gl000233	0	44911	45941	0.97758
chrUn_gl000233	1	931	45941	0.0202651
chrUn_gl000233	2	78	45941	0.00169783
chrUn_gl000233	3	21	45941	0.000457108
chrUn_gl000234	0	39278	40531	0.969085
chrUn_gl000234	1	1124	40531	0.0277319
chrUn_gl000234	2	111	40531	0.00273864
chrUn_gl000234	3	18	40531	0.000444105
chrUn_gl000235	0	33624	34474	0.975344
chrUn_gl000235	1	850	34474	0.0246563
chrUn_gl000236	0	41484	41934	0.989269
chrUn_gl000236	1	450	41934	0.0107311
chrUn_gl000237	0	44747	45867	0.975582
chrUn_gl000237	1	1040	45867	0.0226743
chrUn_gl000237	2	80	45867	0.00174417
chrUn_gl000238	0	39739	39939	0.994992
chrUn_gl000238	1	200	39939	0.00500764
chrUn_gl000239	0	32366	33824	0.956895
chrUn_gl000239	1	1366	33824	0.0403855
chrUn_gl000239	2	92	33824	0.00271996
chrUn_gl000240	0	41078	41933	0.97961
chrUn_gl000240	1	810	41933	0.0193165
chrUn_gl000240	2	45	41933	0.00107314
chrUn_gl000241	0	39892	42152	0.946384
chrUn_gl000241	1	2080	42152	0.0493452
chrUn_gl000241	2	121	42152	0.00287056
chrUn_gl000241	3	58	42152	0.00137597
chrUn_gl000241	4	1	42152	2.37237e-05
chrUn_gl000242	0	43273	43523	0.994256
chrUn_gl000242	1	250	43523	0.00574409
chrUn_gl000243	0	42296	43341	0.975889
chrUn_gl000243	1	925	43341	0.0213424
chrUn_gl000243	2	94	43341	0.00216885
chrUn_gl000243	3	17	43341	0.000392238
chrUn_gl000243	4	9	43341	0.000207656
chrUn_gl000244	0	39529	39929	0.989982
chrUn_gl000244	1	400	39929	0.0100178
chrUn_gl000245	0	35343	36651	0.964312
chrUn_gl000245	1	1266	36651	0.034542
chrUn_gl000245	2	42	36651	0.00114594
chrUn_gl000246	0	38004	38154	0.996069
chrUn_gl000246	1	150	38154	0.00393144
chrUn_gl000247	0	35750	36422	0.98155
chrUn_gl000247	1	622	36422	0.0170776
chrUn_gl000247	2	22	36422	0.000604031
chrUn_gl000247	3	28	36422	0.000768766
chrUn_gl000248	0	39636	39786	0.99623
chrUn_gl000248	1	150	39786	0.00377017
chrUn_gl000249	0	38402	38502	0.997403
chrUn_gl000249	1	100	38502	0.00259727
chr18_gl000207_random	0	4262	4262	1
genome	0	3101360223	3137161264	0.988588
genome	1	34454151	3137161264	0.0109826
genome	2	1231478	3137161264	0.000392545
genome	3	70683	3137161264	2.25309e-05
genome	4	14105	3137161264	4.4961e-06
genome	5	7618	3137161264	2.42831e-06
genome	6	5232	3137161264	1.66775e-06
genome	7	3391	3137161264	1.08091e-06
genome	8	2684	3137161264	8.55551e-07
genome	9	2182	3137161264	6.95533e-07
genome	10	1394	3137161264	4.44351e-07
genome	11	1222	3137161264	3.89524e-07
genome	12	952	3137161264	3.03459e-07
genome	13	960	3137161264	3.06009e-07
genome	14	752	3137161264	2.39707e-07
genome	15	562	3137161264	1.79143e-07
genome	16	341	3137161264	1.08697e-07
genome	17	278	3137161264	8.86151e-08
genome	18	255	3137161264	8.12837e-08
genome	19	176	3137161264	5.61017e-08
genome	20	147	3137161264	4.68577e-08
genome	21	138	3137161264	4.39888e-08
genome	22	137	3137161264	4.36701e-08
genome	23	111	3137161264	3.53823e-08
genome	24	97	3137161264	3.09197e-08
genome	25	126	3137161264	4.01637e-08
genome	26	106	3137161264	3.37885e-08
genome	27	122	3137161264	3.88887e-08
genome	28	103	3137161264	3.28322e-08
genome	29	77	3137161264	2.45445e-08
genome	30	69	3137161264	2.19944e-08
genome	31	74	3137161264	2.35882e-08
genome	32	69	3137161264	2.19944e-08
genome	33	65	3137161264	2.07194e-08
genome	34	85	3137161264	2.70946e-08
genome	35	95	3137161264	3.02822e-08
genome	36	81	3137161264	2.58195e-08
genome	37	95	3137161264	3.02822e-08
genome	38	75	3137161264	2.3907e-08
genome	39	54	3137161264	1.7213e-08
genome	40	53	3137161264	1.68943e-08
genome	41	32	3137161264	1.02003e-08
genome	42	26	3137161264	8.28775e-09
genome	43	18	3137161264	5.73767e-09
genome	44	17	3137161264	5.41891e-09
genome	45	26	3137161264	8.28775e-09
genome	46	41	3137161264	1.30691e-08
genome	47	37	3137161264	1.17941e-08
genome	48	21	3137161264	6.69395e-09
genome	49	20	3137161264	6.37519e-09
genome	50	25	3137161264	7.96899e-09
genome	51	29	3137161264	9.24403e-09
genome	52	35	3137161264	1.11566e-08
genome	53	23	3137161264	7.33147e-09
genome	54	9	3137161264	2.86884e-09
genome	55	14	3137161264	4.46263e-09
genome	56	13	3137161264	4.14387e-09
genome	57	9	3137161264	2.86884e-09
genome	58	14	3137161264	4.46263e-09
genome	59	15	3137161264	4.78139e-09
genome	60	9	3137161264	2.86884e-09
genome	61	8	3137161264	2.55008e-09
genome	62	12	3137161264	3.82511e-09
genome	63	13	3137161264	4.14387e-09
genome	64	13	3137161264	4.14387e-09
genome	65	8	3137161264	2.55008e-09
genome	66	12	3137161264	3.82511e-09
genome	67	5	3137161264	1.5938e-09
genome	68	9	3137161264	2.86884e-09
genome	69	5	3137161264	1.5938e-09
genome	70	5	3137161264	1.5938e-09
genome	71	9	3137161264	2.86884e-09
genome	72	7	3137161264	2.23132e-09
genome	73	15	3137161264	4.78139e-09
genome	74	5	3137161264	1.5938e-09
genome	75	9	3137161264	2.86884e-09
genome	76	4	3137161264	1.27504e-09
genome	77	4	3137161264	1.27504e-09
genome	78	4	3137161264	1.27504e-09
genome	79	12	3137161264	3.82511e-09
genome	80	13	3137161264	4.14387e-09
genome	81	5	3137161264	1.5938e-09
genome	82	4	3137161264	1.27504e-09
genome	83	2	3137161264	6.37519e-10
genome	84	8	3137161264	2.55008e-09
genome	85	14	3137161264	4.46263e-09
genome	86	4	3137161264	1.27504e-09
genome	87	4	3137161264	1.27504e-09
