chrM	0	6631	16571	0.400157
chrM	1	5612	16571	0.338664
chrM	2	2691	16571	0.162392
chrM	3	1110	16571	0.0669845
chrM	4	423	16571	0.0255265
chrM	5	90	16571	0.00543117
chrM	6	14	16571	0.000844849
chr1	0	245968401	249250621	0.986832
chr1	1	3002471	249250621	0.012046
chr1	2	250417	249250621	0.00100468
chr1	3	24793	249250621	9.94702e-05
chr1	4	2753	249250621	1.10451e-05
chr1	5	566	249250621	2.27081e-06
chr1	6	112	249250621	4.49347e-07
chr1	7	52	249250621	2.08625e-07
chr1	8	53	249250621	2.12637e-07
chr1	9	37	249250621	1.48445e-07
chr1	10	43	249250621	1.72517e-07
chr1	11	51	249250621	2.04613e-07
chr1	12	55	249250621	2.20661e-07
chr1	13	37	249250621	1.48445e-07
chr1	14	31	249250621	1.24373e-07
chr1	15	32	249250621	1.28385e-07
chr1	16	42	249250621	1.68505e-07
chr1	17	28	249250621	1.12337e-07
chr1	18	26	249250621	1.04313e-07
chr1	19	32	249250621	1.28385e-07
chr1	20	32	249250621	1.28385e-07
chr1	21	24	249250621	9.62886e-08
chr1	22	31	249250621	1.24373e-07
chr1	23	27	249250621	1.08325e-07
chr1	24	35	249250621	1.40421e-07
chr1	25	14	249250621	5.61684e-08
chr1	26	23	249250621	9.22766e-08
chr1	27	25	249250621	1.00301e-07
chr1	28	28	249250621	1.12337e-07
chr1	29	20	249250621	8.02405e-08
chr1	30	18	249250621	7.22165e-08
chr1	31	16	249250621	6.41924e-08
chr1	32	14	249250621	5.61684e-08
chr1	33	20	249250621	8.02405e-08
chr1	34	15	249250621	6.01804e-08
chr1	35	14	249250621	5.61684e-08
chr1	36	19	249250621	7.62285e-08
chr1	37	13	249250621	5.21563e-08
chr1	38	8	249250621	3.20962e-08
chr1	39	4	249250621	1.60481e-08
chr1	40	4	249250621	1.60481e-08
chr1	41	4	249250621	1.60481e-08
chr1	42	5	249250621	2.00601e-08
chr1	43	5	249250621	2.00601e-08
chr1	44	6	249250621	2.40722e-08
chr1	45	2	249250621	8.02405e-09
chr1	46	5	249250621	2.00601e-08
chr1	47	4	249250621	1.60481e-08
chr1	48	14	249250621	5.61684e-08
chr1	49	15	249250621	6.01804e-08
chr1	50	19	249250621	7.62285e-08
chr1	51	23	249250621	9.22766e-08
chr1	52	8	249250621	3.20962e-08
chr1	53	12	249250621	4.81443e-08
chr1	54	10	249250621	4.01203e-08
chr1	55	13	249250621	5.21563e-08
chr1	56	9	249250621	3.61082e-08
chr1	57	4	249250621	1.60481e-08
chr1	58	2	249250621	8.02405e-09
chr1	59	2	249250621	8.02405e-09
chr1	60	4	249250621	1.60481e-08
chr1	61	3	249250621	1.20361e-08
chr1	62	6	249250621	2.40722e-08
chr1	63	3	249250621	1.20361e-08
chr1	64	1	249250621	4.01203e-09
chr1	65	3	249250621	1.20361e-08
chr1	66	1	249250621	4.01203e-09
chr1	67	1	249250621	4.01203e-09
chr1	68	1	249250621	4.01203e-09
chr2	0	240462150	243199373	0.988745
chr2	1	2506066	243199373	0.0103046
chr2	2	204035	243199373	0.000838962
chr2	3	21347	243199373	8.77757e-05
chr2	4	3171	243199373	1.30387e-05
chr2	5	1156	243199373	4.7533e-06
chr2	6	512	243199373	2.10527e-06
chr2	7	301	243199373	1.23767e-06
chr2	8	137	243199373	5.63324e-07
chr2	9	75	243199373	3.08389e-07
chr2	10	69	243199373	2.83718e-07
chr2	11	72	243199373	2.96053e-07
chr2	12	55	243199373	2.26152e-07
chr2	13	59	243199373	2.42599e-07
chr2	14	40	243199373	1.64474e-07
chr2	15	28	243199373	1.15132e-07
chr2	16	29	243199373	1.19244e-07
chr2	17	22	243199373	9.04608e-08
chr2	18	23	243199373	9.45726e-08
chr2	19	11	243199373	4.52304e-08
chr2	20	7	243199373	2.8783e-08
chr2	21	7	243199373	2.8783e-08
chr2	22	1	243199373	4.11185e-09
chr3	0	195683635	198022430	0.988189
chr3	1	2139449	198022430	0.0108041
chr3	2	179609	198022430	0.000907013
chr3	3	17298	198022430	8.73537e-05
chr3	4	1921	198022430	9.70092e-06
chr3	5	395	198022430	1.99472e-06
chr3	6	65	198022430	3.28246e-07
chr3	7	25	198022430	1.26248e-07
chr3	8	32	198022430	1.61598e-07
chr3	9	1	198022430	5.04993e-09
chr4	0	189864737	191154276	0.993254
chr4	1	1190050	191154276	0.0062256
chr4	2	89538	191154276	0.000468407
chr4	3	8638	191154276	4.51886e-05
chr4	4	1105	191154276	5.78067e-06
chr4	5	208	191154276	1.08813e-06
chr5	0	178713894	180915260	0.987832
chr5	1	2019779	180915260	0.0111642
chr5	2	163611	180915260	0.000904352
chr5	3	16127	180915260	8.91412e-05
chr5	4	1665	180915260	9.2032e-06
chr5	5	148	180915260	8.18063e-07
chr5	6	34	180915260	1.87933e-07
chr5	7	2	180915260	1.10549e-08
chr6	0	168133898	171115067	0.982578
chr6	1	2714706	171115067	0.0158648
chr6	2	234722	171115067	0.00137172
chr6	3	25866	171115067	0.000151161
chr6	4	3148	171115067	1.8397e-05
chr6	5	945	171115067	5.5226e-06
chr6	6	439	171115067	2.56552e-06
chr6	7	276	171115067	1.61295e-06
chr6	8	242	171115067	1.41425e-06
chr6	9	224	171115067	1.30906e-06
chr6	10	150	171115067	8.76603e-07
chr6	11	110	171115067	6.42842e-07
chr6	12	93	171115067	5.43494e-07
chr6	13	87	171115067	5.0843e-07
chr6	14	62	171115067	3.62329e-07
chr6	15	38	171115067	2.22073e-07
chr6	16	26	171115067	1.51945e-07
chr6	17	25	171115067	1.46101e-07
chr6	18	9	171115067	5.25962e-08
chr6	19	1	171115067	5.84402e-09
chr7	0	156639427	159138663	0.984295
chr7	1	2278230	159138663	0.014316
chr7	2	195851	159138663	0.00123069
chr7	3	19733	159138663	0.000123999
chr7	4	3043	159138663	1.91217e-05
chr7	5	531	159138663	3.33671e-06
chr7	6	232	159138663	1.45785e-06
chr7	7	124	159138663	7.79195e-07
chr7	8	170	159138663	1.06825e-06
chr7	9	108	159138663	6.78653e-07
chr7	10	52	159138663	3.26759e-07
chr7	11	54	159138663	3.39327e-07
chr7	12	70	159138663	4.39868e-07
chr7	13	93	159138663	5.84396e-07
chr7	14	66	159138663	4.14733e-07
chr7	15	76	159138663	4.77571e-07
chr7	16	83	159138663	5.21558e-07
chr7	17	59	159138663	3.70746e-07
chr7	18	63	159138663	3.95881e-07
chr7	19	69	159138663	4.33584e-07
chr7	20	48	159138663	3.01624e-07
chr7	21	55	159138663	3.45611e-07
chr7	22	34	159138663	2.1365e-07
chr7	23	39	159138663	2.45069e-07
chr7	24	37	159138663	2.32502e-07
chr7	25	40	159138663	2.51353e-07
chr7	26	50	159138663	3.14191e-07
chr7	27	31	159138663	1.94799e-07
chr7	28	12	159138663	7.54059e-08
chr7	29	13	159138663	8.16898e-08
chr7	30	18	159138663	1.13109e-07
chr7	31	11	159138663	6.91221e-08
chr7	32	7	159138663	4.39868e-08
chr7	33	7	159138663	4.39868e-08
chr7	34	14	159138663	8.79736e-08
chr7	35	12	159138663	7.54059e-08
chr7	36	19	159138663	1.19393e-07
chr7	37	15	159138663	9.42574e-08
chr7	38	15	159138663	9.42574e-08
chr7	39	16	159138663	1.00541e-07
chr7	40	10	159138663	6.28383e-08
chr7	41	15	159138663	9.42574e-08
chr7	42	7	159138663	4.39868e-08
chr7	43	2	159138663	1.25677e-08
chr7	44	1	159138663	6.28383e-09
chr7	45	1	159138663	6.28383e-09
chr8	0	144031601	146364022	0.984064
chr8	1	2120020	146364022	0.0144846
chr8	2	186707	146364022	0.00127563
chr8	3	20873	146364022	0.00014261
chr8	4	3080	146364022	2.10434e-05
chr8	5	830	146364022	5.67079e-06
chr8	6	344	146364022	2.3503e-06
chr8	7	271	146364022	1.85155e-06
chr8	8	93	146364022	6.35402e-07
chr8	9	64	146364022	4.37266e-07
chr8	10	44	146364022	3.0062e-07
chr8	11	40	146364022	2.73291e-07
chr8	12	14	146364022	9.56519e-08
chr8	13	2	146364022	1.36646e-08
chr8	14	6	146364022	4.09937e-08
chr8	15	5	146364022	3.41614e-08
chr8	16	5	146364022	3.41614e-08
chr8	17	6	146364022	4.09937e-08
chr8	18	5	146364022	3.41614e-08
chr8	19	4	146364022	2.73291e-08
chr8	20	3	146364022	2.04968e-08
chr8	21	5	146364022	3.41614e-08
chr9	0	140152364	141213431	0.992486
chr9	1	981984	141213431	0.0069539
chr9	2	71494	141213431	0.000506283
chr9	3	6445	141213431	4.56401e-05
chr9	4	840	141213431	5.94844e-06
chr9	5	135	141213431	9.56e-07
chr9	6	20	141213431	1.4163e-07
chr9	7	32	141213431	2.26607e-07
chr9	8	27	141213431	1.912e-07
chr9	9	18	141213431	1.27467e-07
chr9	10	6	141213431	4.24889e-08
chr9	11	6	141213431	4.24889e-08
chr9	12	29	141213431	2.05363e-07
chr9	13	22	141213431	1.55793e-07
chr9	14	9	141213431	6.37333e-08
chr10	0	134505365	135534747	0.992405
chr10	1	943961	135534747	0.00696472
chr10	2	75241	135534747	0.000555142
chr10	3	7404	135534747	5.46281e-05
chr10	4	1160	135534747	8.55869e-06
chr10	5	535	135534747	3.94733e-06
chr10	6	290	135534747	2.13967e-06
chr10	7	201	135534747	1.48301e-06
chr10	8	139	135534747	1.02557e-06
chr10	9	127	135534747	9.37029e-07
chr10	10	53	135534747	3.91044e-07
chr10	11	79	135534747	5.82876e-07
chr10	12	52	135534747	3.83665e-07
chr10	13	29	135534747	2.13967e-07
chr10	14	29	135534747	2.13967e-07
chr10	15	28	135534747	2.06589e-07
chr10	16	20	135534747	1.47564e-07
chr10	17	10	135534747	7.37818e-08
chr10	18	6	135534747	4.42691e-08
chr10	19	6	135534747	4.42691e-08
chr10	20	12	135534747	8.85382e-08
chr11	0	133274690	135006516	0.987172
chr11	1	1582955	135006516	0.011725
chr11	2	134158	135006516	0.000993715
chr11	3	12849	135006516	9.51732e-05
chr11	4	1324	135006516	9.80693e-06
chr11	5	328	135006516	2.42951e-06
chr11	6	49	135006516	3.62945e-07
chr11	7	48	135006516	3.55538e-07
chr11	8	13	135006516	9.62917e-08
chr11	9	16	135006516	1.18513e-07
chr11	10	2	135006516	1.48141e-08
chr11	11	3	135006516	2.22212e-08
chr11	12	2	135006516	1.48141e-08
chr11	13	2	135006516	1.48141e-08
chr11	14	3	135006516	2.22212e-08
chr11	15	1	135006516	7.40705e-09
chr11	16	2	135006516	1.48141e-08
chr11	17	2	135006516	1.48141e-08
chr11	18	2	135006516	1.48141e-08
chr11	19	2	135006516	1.48141e-08
chr11	20	2	135006516	1.48141e-08
chr11	21	3	135006516	2.22212e-08
chr11	22	2	135006516	1.48141e-08
chr11	23	5	135006516	3.70352e-08
chr11	24	2	135006516	1.48141e-08
chr11	25	2	135006516	1.48141e-08
chr11	26	2	135006516	1.48141e-08
chr11	27	5	135006516	3.70352e-08
chr11	28	2	135006516	1.48141e-08
chr11	29	3	135006516	2.22212e-08
chr11	30	4	135006516	2.96282e-08
chr11	31	3	135006516	2.22212e-08
chr11	32	2	135006516	1.48141e-08
chr11	33	2	135006516	1.48141e-08
chr11	34	2	135006516	1.48141e-08
chr11	35	2	135006516	1.48141e-08
chr11	36	3	135006516	2.22212e-08
chr11	37	4	135006516	2.96282e-08
chr11	38	4	135006516	2.96282e-08
chr11	39	4	135006516	2.96282e-08
chr11	40	4	135006516	2.96282e-08
chr11	41	3	135006516	2.22212e-08
chr12	0	132706074	133851895	0.99144
chr12	1	1056464	133851895	0.00789278
chr12	2	80454	133851895	0.000601067
chr12	3	8068	133851895	6.02756e-05
chr12	4	778	133851895	5.81239e-06
chr12	5	30	133851895	2.24128e-07
chr12	6	27	133851895	2.01715e-07
chr13	0	114194866	115169878	0.991534
chr13	1	891680	115169878	0.0077423
chr13	2	74546	115169878	0.00064727
chr13	3	7849	115169878	6.81515e-05
chr13	4	806	115169878	6.99836e-06
chr13	5	84	115169878	7.29357e-07
chr13	6	42	115169878	3.64679e-07
chr13	7	5	115169878	4.34141e-08
chr14	0	106023715	107349540	0.987649
chr14	1	1212086	107349540	0.011291
chr14	2	102718	107349540	0.000956856
chr14	3	9550	107349540	8.89617e-05
chr14	4	1256	107349540	1.17001e-05
chr14	5	186	107349540	1.73266e-06
chr14	6	29	107349540	2.70146e-07
chr15	0	101809362	102531392	0.992958
chr15	1	664214	102531392	0.00647815
chr15	2	52566	102531392	0.000512682
chr15	3	4890	102531392	4.76927e-05
chr15	4	316	102531392	3.08198e-06
chr15	5	44	102531392	4.29137e-07
chr16	0	88933111	90354753	0.984266
chr16	1	1294453	90354753	0.0143263
chr16	2	113563	90354753	0.00125686
chr16	3	12154	90354753	0.000134514
chr16	4	1170	90354753	1.2949e-05
chr16	5	283	90354753	3.1321e-06
chr16	6	19	90354753	2.10282e-07
chr17	0	80493669	81195210	0.99136
chr17	1	643114	81195210	0.00792059
chr17	2	52299	81195210	0.000644114
chr17	3	5337	81195210	6.57305e-05
chr17	4	600	81195210	7.3896e-06
chr17	5	84	81195210	1.03454e-06
chr17	6	22	81195210	2.70952e-07
chr17	7	28	81195210	3.44848e-07
chr17	8	20	81195210	2.4632e-07
chr17	9	17	81195210	2.09372e-07
chr17	10	5	81195210	6.158e-08
chr17	11	14	81195210	1.72424e-07
chr17	12	1	81195210	1.2316e-08
chr18	0	77230038	78077248	0.989149
chr18	1	776876	78077248	0.00995009
chr18	2	62044	78077248	0.000794649
chr18	3	6813	78077248	8.72597e-05
chr18	4	927	78077248	1.18729e-05
chr18	5	283	78077248	3.62462e-06
chr18	6	95	78077248	1.21674e-06
chr18	7	70	78077248	8.96548e-07
chr18	8	59	78077248	7.55662e-07
chr18	9	4	78077248	5.12313e-08
chr18	10	6	78077248	7.6847e-08
chr18	11	7	78077248	8.96548e-08
chr18	12	19	78077248	2.43349e-07
chr18	13	7	78077248	8.96548e-08
chr19	0	58047523	59128983	0.98171
chr19	1	970855	59128983	0.0164193
chr19	2	96701	59128983	0.00163542
chr19	3	11012	59128983	0.000186237
chr19	4	1688	59128983	2.85478e-05
chr19	5	430	59128983	7.27224e-06
chr19	6	193	59128983	3.26405e-06
chr19	7	123	59128983	2.0802e-06
chr19	8	69	59128983	1.16694e-06
chr19	9	40	59128983	6.76487e-07
chr19	10	32	59128983	5.4119e-07
chr19	11	42	59128983	7.10312e-07
chr19	12	28	59128983	4.73541e-07
chr19	13	19	59128983	3.21331e-07
chr19	14	11	59128983	1.86034e-07
chr19	15	24	59128983	4.05892e-07
chr19	16	19	59128983	3.21331e-07
chr19	17	16	59128983	2.70595e-07
chr19	18	18	59128983	3.04419e-07
chr19	19	17	59128983	2.87507e-07
chr19	20	10	59128983	1.69122e-07
chr19	21	4	59128983	6.76487e-08
chr19	22	4	59128983	6.76487e-08
chr19	23	5	59128983	8.45609e-08
chr19	24	10	59128983	1.69122e-07
chr19	25	7	59128983	1.18385e-07
chr19	26	7	59128983	1.18385e-07
chr19	27	11	59128983	1.86034e-07
chr19	28	9	59128983	1.5221e-07
chr19	29	8	59128983	1.35297e-07
chr19	30	11	59128983	1.86034e-07
chr19	31	14	59128983	2.36771e-07
chr19	32	16	59128983	2.70595e-07
chr19	33	7	59128983	1.18385e-07
chr20	0	62125315	63025520	0.985717
chr20	1	819328	63025520	0.0129999
chr20	2	72469	63025520	0.00114984
chr20	3	7167	63025520	0.000113716
chr20	4	954	63025520	1.51367e-05
chr20	5	150	63025520	2.37999e-06
chr20	6	81	63025520	1.28519e-06
chr20	7	30	63025520	4.75998e-07
chr20	8	13	63025520	2.06266e-07
chr20	9	13	63025520	2.06266e-07
chr21	0	47517267	48129895	0.987271
chr21	1	557100	48129895	0.0115749
chr21	2	49654	48129895	0.00103167
chr21	3	5083	48129895	0.00010561
chr21	4	723	48129895	1.50218e-05
chr21	5	57	48129895	1.1843e-06
chr21	6	11	48129895	2.28548e-07
chr22	0	51035001	51304566	0.994746
chr22	1	249007	51304566	0.00485351
chr22	2	18480	51304566	0.000360202
chr22	3	1907	51304566	3.71702e-05
chr22	4	143	51304566	2.78728e-06
chr22	5	28	51304566	5.4576e-07
chrX	0	152781984	155270560	0.983973
chrX	1	2265783	155270560	0.0145925
chrX	2	197514	155270560	0.00127206
chrX	3	21347	155270560	0.000137483
chrX	4	3057	155270560	1.96882e-05
chrX	5	592	155270560	3.8127e-06
chrX	6	130	155270560	8.37248e-07
chrX	7	41	155270560	2.64055e-07
chrX	8	42	155270560	2.70496e-07
chrX	9	5	155270560	3.22019e-08
chrX	10	7	155270560	4.50826e-08
chrX	11	14	155270560	9.01652e-08
chrX	12	10	155270560	6.44037e-08
chrX	13	3	155270560	1.93211e-08
chrX	14	6	155270560	3.86422e-08
chrX	15	11	155270560	7.08441e-08
chrX	16	8	155270560	5.1523e-08
chrX	17	6	155270560	3.86422e-08
chrY	0	59313124	59373566	0.998982
chrY	1	57635	59373566	0.000970718
chrY	2	2354	59373566	3.96473e-05
chrY	3	337	59373566	5.67593e-06
chrY	4	84	59373566	1.41477e-06
chrY	5	32	59373566	5.3896e-07
chr1_gl000191_random	0	105502	106433	0.991253
chr1_gl000191_random	1	912	106433	0.00856877
chr1_gl000191_random	2	19	106433	0.000178516
chr1_gl000192_random	0	538315	547496	0.983231
chr1_gl000192_random	1	8536	547496	0.015591
chr1_gl000192_random	2	621	547496	0.00113425
chr1_gl000192_random	3	24	547496	4.38359e-05
chr4_ctg9_hap1	0	589545	590426	0.998508
chr4_ctg9_hap1	1	862	590426	0.00145996
chr4_ctg9_hap1	2	19	590426	3.21802e-05
chr4_gl000193_random	0	185711	189789	0.978513
chr4_gl000193_random	1	3753	189789	0.0197746
chr4_gl000193_random	2	278	189789	0.00146478
chr4_gl000193_random	3	47	189789	0.000247643
chr4_gl000194_random	0	187610	191469	0.979845
chr4_gl000194_random	1	3495	191469	0.0182536
chr4_gl000194_random	2	341	191469	0.00178097
chr4_gl000194_random	3	19	191469	9.92328e-05
chr4_gl000194_random	4	4	191469	2.08911e-05
chr6_apd_hap1	0	4616030	4622290	0.998646
chr6_apd_hap1	1	6170	4622290	0.00133484
chr6_apd_hap1	2	90	4622290	1.94709e-05
chr6_cox_hap2	0	4779754	4795371	0.996743
chr6_cox_hap2	1	15184	4795371	0.00316639
chr6_cox_hap2	2	433	4795371	9.02954e-05
chr6_dbb_hap3	0	4598191	4610396	0.997353
chr6_dbb_hap3	1	11922	4610396	0.00258589
chr6_dbb_hap3	2	271	4610396	5.87802e-05
chr6_dbb_hap3	3	12	4610396	2.60281e-06
chr6_mann_hap4	0	4664915	4683263	0.996082
chr6_mann_hap4	1	17615	4683263	0.00376127
chr6_mann_hap4	2	664	4683263	0.000141781
chr6_mann_hap4	3	69	4683263	1.47333e-05
chr6_mcf_hap5	0	4821693	4833398	0.997578
chr6_mcf_hap5	1	11511	4833398	0.00238155
chr6_mcf_hap5	2	193	4833398	3.99305e-05
chr6_mcf_hap5	3	1	4833398	2.06894e-07
chr6_qbl_hap6	0	4599327	4611984	0.997256
chr6_qbl_hap6	1	12364	4611984	0.00268084
chr6_qbl_hap6	2	293	4611984	6.35301e-05
chr6_ssto_hap7	0	4914428	4928567	0.997131
chr6_ssto_hap7	1	13896	4928567	0.00281948
chr6_ssto_hap7	2	225	4928567	4.56522e-05
chr6_ssto_hap7	3	18	4928567	3.65218e-06
chr7_gl000195_random	0	175688	182896	0.96059
chr7_gl000195_random	1	6459	182896	0.0353152
chr7_gl000195_random	2	706	182896	0.00386012
chr7_gl000195_random	3	43	182896	0.000235106
chr8_gl000196_random	0	38422	38914	0.987357
chr8_gl000196_random	1	484	38914	0.0124377
chr8_gl000196_random	2	8	38914	0.000205582
chr8_gl000197_random	0	37125	37175	0.998655
chr8_gl000197_random	1	50	37175	0.00134499
chr9_gl000198_random	0	85424	90085	0.94826
chr9_gl000198_random	1	4362	90085	0.0484209
chr9_gl000198_random	2	259	90085	0.00287506
chr9_gl000198_random	3	40	90085	0.000444025
chr9_gl000199_random	0	148837	169874	0.876161
chr9_gl000199_random	1	16208	169874	0.0954119
chr9_gl000199_random	2	3137	169874	0.0184666
chr9_gl000199_random	3	812	169874	0.00478001
chr9_gl000199_random	4	362	169874	0.00213099
chr9_gl000199_random	5	231	169874	0.00135983
chr9_gl000199_random	6	125	169874	0.000735839
chr9_gl000199_random	7	39	169874	0.000229582
chr9_gl000199_random	8	29	169874	0.000170715
chr9_gl000199_random	9	20	169874	0.000117734
chr9_gl000199_random	10	16	169874	9.41875e-05
chr9_gl000199_random	11	20	169874	0.000117734
chr9_gl000199_random	12	13	169874	7.65273e-05
chr9_gl000199_random	13	7	169874	4.1207e-05
chr9_gl000199_random	14	8	169874	4.70937e-05
chr9_gl000199_random	15	5	169874	2.94336e-05
chr9_gl000199_random	16	5	169874	2.94336e-05
chr9_gl000200_random	0	186749	187035	0.998471
chr9_gl000200_random	1	272	187035	0.00145427
chr9_gl000200_random	2	14	187035	7.48523e-05
chr9_gl000201_random	0	36098	36148	0.998617
chr9_gl000201_random	1	50	36148	0.0013832
chr11_gl000202_random	0	40003	40103	0.997506
chr11_gl000202_random	1	100	40103	0.00249358
chr17_ctg5_hap1	0	1675381	1680828	0.996759
chr17_ctg5_hap1	1	5344	1680828	0.00317939
chr17_ctg5_hap1	2	103	1680828	6.12793e-05
chr17_gl000203_random	0	37012	37498	0.987039
chr17_gl000203_random	1	472	37498	0.0125873
chr17_gl000203_random	2	14	37498	0.000373353
chr17_gl000204_random	0	80960	81310	0.995695
chr17_gl000204_random	1	350	81310	0.00430451
chr17_gl000205_random	0	168919	174588	0.967529
chr17_gl000205_random	1	4953	174588	0.0283696
chr17_gl000205_random	2	601	174588	0.00344239
chr17_gl000205_random	3	115	174588	0.000658694
chr19_gl000208_random	0	87838	92689	0.947664
chr19_gl000208_random	1	3921	92689	0.0423028
chr19_gl000208_random	2	589	92689	0.00635458
chr19_gl000208_random	3	204	92689	0.00220091
chr19_gl000208_random	4	108	92689	0.00116519
chr19_gl000208_random	5	17	92689	0.000183409
chr19_gl000208_random	6	12	92689	0.000129465
chr19_gl000209_random	0	157125	159169	0.987158
chr19_gl000209_random	1	1938	159169	0.0121757
chr19_gl000209_random	2	106	159169	0.000665959
chr21_gl000210_random	0	27482	27682	0.992775
chr21_gl000210_random	1	200	27682	0.00722491
chrUn_gl000211	0	165254	166566	0.992123
chrUn_gl000211	1	1236	166566	0.00742048
chrUn_gl000211	2	64	166566	0.000384232
chrUn_gl000211	3	12	166566	7.20435e-05
chrUn_gl000212	0	183519	186858	0.982131
chrUn_gl000212	1	3165	186858	0.016938
chrUn_gl000212	2	137	186858	0.000733177
chrUn_gl000212	3	37	186858	0.000198011
chrUn_gl000213	0	162602	164239	0.990033
chrUn_gl000213	1	1574	164239	0.00958359
chrUn_gl000213	2	63	164239	0.000383587
chrUn_gl000214	0	131449	137718	0.954479
chrUn_gl000214	1	5612	137718	0.0407499
chrUn_gl000214	2	554	137718	0.00402271
chrUn_gl000214	3	82	137718	0.00059542
chrUn_gl000214	4	21	137718	0.000152486
chrUn_gl000215	0	171362	172545	0.993144
chrUn_gl000215	1	1116	172545	0.00646788
chrUn_gl000215	2	67	172545	0.000388304
chrUn_gl000216	0	168074	172294	0.975507
chrUn_gl000216	1	3858	172294	0.022392
chrUn_gl000216	2	344	172294	0.00199659
chrUn_gl000216	3	18	172294	0.000104473
chrUn_gl000217	0	169422	172149	0.984159
chrUn_gl000217	1	2466	172149	0.0143248
chrUn_gl000217	2	249	172149	0.00144642
chrUn_gl000217	3	12	172149	6.97071e-05
chrUn_gl000218	0	156190	161147	0.969239
chrUn_gl000218	1	4525	161147	0.02808
chrUn_gl000218	2	371	161147	0.00230225
chrUn_gl000218	3	61	161147	0.000378536
chrUn_gl000219	0	174215	179198	0.972193
chrUn_gl000219	1	4609	179198	0.0257202
chrUn_gl000219	2	340	179198	0.00189734
chrUn_gl000219	3	25	179198	0.00013951
chrUn_gl000219	4	9	179198	5.02238e-05
chrUn_gl000220	0	137460	161802	0.849557
chrUn_gl000220	1	12177	161802	0.0752586
chrUn_gl000220	2	5221	161802	0.0322678
chrUn_gl000220	3	2819	161802	0.0174225
chrUn_gl000220	4	1569	161802	0.00969704
chrUn_gl000220	5	922	161802	0.00569832
chrUn_gl000220	6	453	161802	0.00279972
chrUn_gl000220	7	339	161802	0.00209515
chrUn_gl000220	8	271	161802	0.00167489
chrUn_gl000220	9	183	161802	0.00113101
chrUn_gl000220	10	114	161802	0.000704565
chrUn_gl000220	11	60	161802	0.000370824
chrUn_gl000220	12	61	161802	0.000377004
chrUn_gl000220	13	57	161802	0.000352282
chrUn_gl000220	14	57	161802	0.000352282
chrUn_gl000220	15	20	161802	0.000123608
chrUn_gl000220	16	12	161802	7.41647e-05
chrUn_gl000220	17	7	161802	4.32628e-05
chrUn_gl000221	0	150960	155397	0.971447
chrUn_gl000221	1	4064	155397	0.0261524
chrUn_gl000221	2	333	155397	0.0021429
chrUn_gl000221	3	40	155397	0.000257405
chrUn_gl000222	0	184153	186861	0.985508
chrUn_gl000222	1	2566	186861	0.0137321
chrUn_gl000222	2	142	186861	0.000759923
chrUn_gl000223	0	179780	180455	0.996259
chrUn_gl000223	1	600	180455	0.00332493
chrUn_gl000223	2	75	180455	0.000415616
chrUn_gl000224	0	173445	179693	0.96523
chrUn_gl000224	1	5034	179693	0.0280144
chrUn_gl000224	2	885	179693	0.00492507
chrUn_gl000224	3	252	179693	0.00140239
chrUn_gl000224	4	47	179693	0.000261557
chrUn_gl000224	5	28	179693	0.000155821
chrUn_gl000224	6	2	179693	1.11301e-05
chrUn_gl000225	0	206638	211173	0.978525
chrUn_gl000225	1	4270	211173	0.0202204
chrUn_gl000225	2	265	211173	0.0012549
chrUn_gl000226	0	2081	15008	0.138659
chrUn_gl000226	1	2090	15008	0.139259
chrUn_gl000226	2	2170	15008	0.14459
chrUn_gl000226	3	2075	15008	0.13826
chrUn_gl000226	4	1788	15008	0.119136
chrUn_gl000226	5	1443	15008	0.0961487
chrUn_gl000226	6	1228	15008	0.081823
chrUn_gl000226	7	878	15008	0.0585021
chrUn_gl000226	8	519	15008	0.0345816
chrUn_gl000226	9	310	15008	0.0206557
chrUn_gl000226	10	181	15008	0.0120602
chrUn_gl000226	11	77	15008	0.0051306
chrUn_gl000226	12	27	15008	0.00179904
chrUn_gl000226	13	66	15008	0.00439765
chrUn_gl000226	14	28	15008	0.00186567
chrUn_gl000226	15	21	15008	0.00139925
chrUn_gl000226	16	16	15008	0.0010661
chrUn_gl000226	17	10	15008	0.000666311
chrUn_gl000227	0	127092	128374	0.990014
chrUn_gl000227	1	1214	128374	0.00945674
chrUn_gl000227	2	68	128374	0.000529702
chrUn_gl000228	0	128520	129120	0.995353
chrUn_gl000228	1	600	129120	0.00464684
chrUn_gl000229	0	18693	19913	0.938734
chrUn_gl000229	1	997	19913	0.0500678
chrUn_gl000229	2	216	19913	0.0108472
chrUn_gl000229	3	7	19913	0.000351529
chrUn_gl000230	0	43341	43691	0.991989
chrUn_gl000230	1	350	43691	0.0080108
chrUn_gl000231	0	26536	27386	0.968962
chrUn_gl000231	1	850	27386	0.0310378
chrUn_gl000232	0	37571	40652	0.92421
chrUn_gl000232	1	2603	40652	0.0640313
chrUn_gl000232	2	437	40652	0.0107498
chrUn_gl000232	3	41	40652	0.00100856
chrUn_gl000233	0	45017	45941	0.979887
chrUn_gl000233	1	898	45941	0.0195468
chrUn_gl000233	2	26	45941	0.000565943
chrUn_gl000234	0	38523	40531	0.950458
chrUn_gl000234	1	1816	40531	0.0448052
chrUn_gl000234	2	192	40531	0.00473711
chrUn_gl000235	0	33155	34474	0.961739
chrUn_gl000235	1	1167	34474	0.0338516
chrUn_gl000235	2	123	34474	0.00356791
chrUn_gl000235	3	29	34474	0.000841214
chrUn_gl000236	0	41184	41934	0.982115
chrUn_gl000236	1	750	41934	0.0178852
chrUn_gl000237	0	43949	45867	0.958183
chrUn_gl000237	1	1652	45867	0.0360172
chrUn_gl000237	2	250	45867	0.00545054
chrUn_gl000237	3	16	45867	0.000348835
chrUn_gl000238	0	39789	39939	0.996244
chrUn_gl000238	1	150	39939	0.00375573
chrUn_gl000239	0	32578	33824	0.963162
chrUn_gl000239	1	1192	33824	0.0352412
chrUn_gl000239	2	54	33824	0.0015965
chrUn_gl000240	0	40835	41933	0.973815
chrUn_gl000240	1	996	41933	0.0237522
chrUn_gl000240	2	102	41933	0.00243245
chrUn_gl000241	0	39117	42152	0.927999
chrUn_gl000241	1	2589	42152	0.0614206
chrUn_gl000241	2	378	42152	0.00896755
chrUn_gl000241	3	67	42152	0.00158949
chrUn_gl000241	4	1	42152	2.37237e-05
chrUn_gl000243	0	42119	43341	0.971805
chrUn_gl000243	1	1061	43341	0.0244803
chrUn_gl000243	2	144	43341	0.00332249
chrUn_gl000243	3	17	43341	0.000392238
chrUn_gl000244	0	39729	39929	0.994991
chrUn_gl000244	1	200	39929	0.00500889
chrUn_gl000245	0	35205	36651	0.960547
chrUn_gl000245	1	1396	36651	0.038089
chrUn_gl000245	2	46	36651	0.00125508
chrUn_gl000245	3	4	36651	0.000109138
chrUn_gl000246	0	37954	38154	0.994758
chrUn_gl000246	1	200	38154	0.00524191
chrUn_gl000247	0	36022	36422	0.989018
chrUn_gl000247	1	400	36422	0.0109824
chrUn_gl000249	0	38402	38502	0.997403
chrUn_gl000249	1	100	38502	0.00259727
chr17_gl000206_random	0	41001	41001	1
chr18_gl000207_random	0	4262	4262	1
chrUn_gl000242	0	43523	43523	1
chrUn_gl000248	0	39786	39786	1
genome	0	3100842433	3137161264	0.988423
genome	1	33175404	3137161264	0.010575
genome	2	2785736	3137161264	0.00088798
genome	3	291015	3137161264	9.27638e-05
genome	4	40044	3137161264	1.27644e-05
genome	5	10791	3137161264	3.43973e-06
genome	6	4580	3137161264	1.45992e-06
genome	7	2885	3137161264	9.19621e-07
genome	8	1928	3137161264	6.14568e-07
genome	9	1262	3137161264	4.02275e-07
genome	10	780	3137161264	2.48632e-07
genome	11	649	3137161264	2.06875e-07
genome	12	529	3137161264	1.68624e-07
genome	13	490	3137161264	1.56192e-07
genome	14	356	3137161264	1.13478e-07
genome	15	289	3137161264	9.21215e-08
genome	16	267	3137161264	8.51088e-08
genome	17	191	3137161264	6.08831e-08
genome	18	152	3137161264	4.84514e-08
genome	19	142	3137161264	4.52639e-08
genome	20	114	3137161264	3.63386e-08
genome	21	98	3137161264	3.12384e-08
genome	22	72	3137161264	2.29507e-08
genome	23	76	3137161264	2.42257e-08
genome	24	84	3137161264	2.67758e-08
genome	25	63	3137161264	2.00818e-08
genome	26	82	3137161264	2.61383e-08
genome	27	72	3137161264	2.29507e-08
genome	28	51	3137161264	1.62567e-08
genome	29	44	3137161264	1.40254e-08
genome	30	51	3137161264	1.62567e-08
genome	31	44	3137161264	1.40254e-08
genome	32	39	3137161264	1.24316e-08
genome	33	36	3137161264	1.14753e-08
genome	34	31	3137161264	9.88155e-09
genome	35	28	3137161264	8.92527e-09
genome	36	41	3137161264	1.30691e-08
genome	37	32	3137161264	1.02003e-08
genome	38	27	3137161264	8.60651e-09
genome	39	24	3137161264	7.65023e-09
genome	40	18	3137161264	5.73767e-09
genome	41	22	3137161264	7.01271e-09
genome	42	12	3137161264	3.82511e-09
genome	43	7	3137161264	2.23132e-09
genome	44	7	3137161264	2.23132e-09
genome	45	3	3137161264	9.56279e-10
genome	46	5	3137161264	1.5938e-09
genome	47	4	3137161264	1.27504e-09
genome	48	14	3137161264	4.46263e-09
genome	49	15	3137161264	4.78139e-09
genome	50	19	3137161264	6.05643e-09
genome	51	23	3137161264	7.33147e-09
genome	52	8	3137161264	2.55008e-09
genome	53	12	3137161264	3.82511e-09
genome	54	10	3137161264	3.1876e-09
genome	55	13	3137161264	4.14387e-09
genome	56	9	3137161264	2.86884e-09
genome	57	4	3137161264	1.27504e-09
genome	58	2	3137161264	6.37519e-10
genome	59	2	3137161264	6.37519e-10
genome	60	4	3137161264	1.27504e-09
genome	61	3	3137161264	9.56279e-10
genome	62	6	3137161264	1.91256e-09
genome	63	3	3137161264	9.56279e-10
genome	64	1	3137161264	3.1876e-10
genome	65	3	3137161264	9.56279e-10
genome	66	1	3137161264	3.1876e-10
genome	67	1	3137161264	3.1876e-10
genome	68	1	3137161264	3.1876e-10
